1284
1284
1284
1284
1284
1284
1283
1283
1283
1283
1283
1283
1283
1283
1283
1283
1283
1283
1282
1282
1282
1282
1282
1282
1282
1282
1282
1282
1282
1281
1281
1281
1281
1281
1281
1281
1281
1281
1281
1281
1281
1280
1280
1280
1280
1280
1280
1280
1280
1280
1280
1280
1279
1279
1279
1279
1279
1279
1279
1279
1279
1279
1279
1278
1278
1278
1278
1278
1278
1278
1278
1278
1278
1277
1277
1277
1277
1277
1277
1277
1277
1277
1277
1277
1276
1276
1276
1276
1276
1276
1276
1276
1276
1276
1275
1275
1275
1275
1275
1275
1275
1275
1275
1275
1274
1274
1274
1274
1274
1274
1274
1274
1274
1274
1273
1273
1273
1273
1273
1273
1273
1273
1273
1273
1272
1272
1272
1272
1272
1272
1272
1272
1272
1272
1271
1271
1271
1271
1271
1271
1271
1271
1271
1271
1270
1270
1270
1270
1270
1270
1270
1270
1270
1269
1269
1269
1269
1269
1269
1269
1269
1269
1269
1268
1268
1268
1268
1268
1268
1268
1268
1268
1267
1267
1267
1267
1267
1267
1267
1267
1267
1266
1266
1266
1266
1266
1266
1266
1266
1266
1265
1265
1265
1265
1265
1265
1265
1265
1265
1264
1264
1264
1264
1264
1264
1264
1264
1264
1263
1263
1263
1263
1263
1263
1263
1263
1263
1262
1262
1262
1262
1262
1262
1262
1262
1261
1261
1261
1261
1261
1261
1261
1261
1261
1260
1260
1260
1260
1260
1260
1260
1260
1260
1259
1259
1259
1259
1259
1259
1259
1259
1258
1258
1258
1258
1258
1258
1258
1258
1257
1257
1257
1257
1257
1257
1257
1257
1257
1256
1256
1256
1256
1256
1256
1256
1256
1255
1255
1255
1255
1255
1255
1255
1255
1254
1254
1254
1254
1254
1254
1254
1254
1253
1253
1253
1253
1253
1253
1253
1253
1252
1252
1252
1252
1252
1252
1252
1252
1251
1251
1251
1251
1251
1251
1251
1251
1250
1250
1250
1250
1250
1250
1250
1250
1249
1249
1249
1249
1249
1249
1249
1249
1248
1248
1248
1248
1248
1248
1248
1248
1247
1247
1247
1247
1247
1247
1247
1246
1246
1246
1246
1246
1246
1246
1246
1245
1245
1245
1245
1245
1245
1245
1244
1244
1244
1244
1244
1244
1244
1244
1243
1243
1243
1243
1243
1243
1243
1243
1242
1242
1242
1242
1242
1242
1242
1241
1241
1241
1241
1241
1241
1241
1240
1240
1240
1240
1240
1240
1240
1240
1239
1239
1239
1239
1239
1239
1239
1238
1238
1238
1238
1238
1238
1238
1237
1237
1237
1237
1237
1237
1237
1237
1236
1236
1236
1236
1236
1236
1236
1235
1235
1235
1235
1235
1235
1235
1234
1234
1234
1234
1234
1234
1234
1233
1233
1233
1233
1233
1233
1233
1232
1232
1232
1232
1232
1232
1232
1231
1231
1231
1231
1231
1231
1231
1231
1230
1230
1230
1230
1230
1230
1230
1229
1229
1229
1229
1229
1229
1229
1228
1228
1228
1228
1228
1228
1228
1227
1227
1227
1227
1227
1227
1226
1226
1226
1226
1226
1226
1226
1225
1225
1225
1225
1225
1225
1225
1224
1224
1224
1224
1224
1224
1224
1223
1223
1223
1223
1223
1223
1223
1222
1222
1222
1222
1222
1222
1222
1221
1221
1221
1221
1221
1221
1220
1220
1220
1220
1220
1220
1220
1219
1219
1219
1219
1219
1219
1219
1218
1218
1218
1218
1218
1218
1218
1217
1217
1217
1217
1217
1217
1216
1216
1216
1216
1216
1216
1216
1215
1215
1215
1215
1215
1215
1214
1214
1214
1214
1214
1214
1214
1213
1213
1213
1213
1213
1213
1213
1212
1212
1212
1212
1212
1212
1211
1211
1211
1211
1211
1211
1211
1210
1210
1210
1210
1210
1210
1209
1209
1209
1209
1209
1209
1209
1208
1208
1208
1208
1208
1208
1207
1207
1207
1207
1207
1207
1207
1206
1206
1206
1206
1206
1206
1205
1205
1205
1205
1205
1205
1204
1204
1204
1204
1204
1204
1204
1203
1203
1203
1203
1203
1203
1202
1202
1202
1202
1202
1202
1202
1201
1201
1201
1201
1201
1201
1200
1200
1200
1200
1200
1200
1199
1199
1199
1199
1199
1199
1199
1198
1198
1198
1198
1198
1198
1197
1197
1197
1197
1197
1197
1196
1196
1196
1196
1196
1196
1195
1195
1195
1195
1195
1195
1195
1194
1194
1194
1194
1194
1194
1193
1193
1193
1193
1193
1193
1192
1192
1192
1192
1192
1192
1191
1191
1191
1191
1191
1191
1191
1190
1190
1190
1190
1190
1190
1189
1189
1189
1189
1189
1189
1188
1188
1188
1188
1188
1188
1187
1187
1187
1187
1187
1187
1186
1186
1186
1186
1186
1186
1185
1185
1185
1185
1185
1185
1184
1184
1184
1184
1184
1184
1184
1183
1183
1183
1183
1183
1183
1182
1182
1182
1182
1182
1182
1181
1181
1181
1181
1181
1181
1180
1180
1180
1180
1180
1180
1179
1179
1179
1179
1179
1179
1178
1178
1178
1178
1178
1178
1177
1177
1177
1177
1177
1177
1176
1176
1176
1176
1176
1176
1175
1175
1175
1175
1175
1175
1174
1174
1174
1174
1174
1174
1173
1173
1173
1173
1173
1173
1172
1172
1172
1172
1172
1172
1171
1171
1171
1171
1171
1171
1170
1170
1170
1170
1170
1170
1169
1169
1169
1169
1169
1169
1168
1168
1168
1168
1168
1168
1167
1167
1167
1167
1167
1167
1166
1166
1166
1166
1166
1166
1165
1165
1165
1165
1165
1165
1164
1164
1164
1164
1164
1164
1163
1163
1163
1163
1163
1162
1162
1162
1162
1162
1162
1161
1161
1161
1161
1161
1161
1160
1160
1160
1160
1160
1160
1159
1159
1159
1159
1159
1159
1158
1158
1158
1158
1158
1158
1157
1157
1157
1157
1157
1157
1156
1156
1156
1156
1156
1156
1155
1155
1155
1155
1155
1154
1154
1154
1154
1154
1154
1153
1153
1153
1153
1153
1153
1152
1152
1152
1152
1152
1152
1151
1151
1151
1151
1151
1151
1150
1150
1150
1150
1150
1150
1149
1149
1149
1149
1149
1148
1148
1148
1148
1148
1148
1147
1147
1147
1147
1147
1147
1146
1146
1146
1146
1146
1146
1145
1145
1145
1145
1145
1145
1144
1144
1144
1144
1144
1143
1143
1143
1143
1143
1143
1142
1142
1142
1142
1142
1142
1141
1141
1141
1141
1141
1141
1140
1140
1140
1140
1140
1140
1139
1139
1139
1139
1139
1138
1138
1138
1138
1138
1138
1137
1137
1137
1137
1137
1137
1136
1136
1136
1136
1136
1136
1135
1135
1135
1135
1135
1134
1134
1134
1134
1134
1134
1133
1133
1133
1133
1133
1133
1132
1132
1132
1132
1132
1132
1131
1131
1131
1131
1131
1130
1130
1130
1130
1130
1130
1129
1129
1129
1129
1129
1129
1128
1128
1128
1128
1128
1127
1127
1127
1127
1127
1127
1126
1126
1126
1126
1126
1126
1125
1125
1125
1125
1125
1125
1124
1124
1124
1124
1124
1123
1123
1123
1123
1123
1123
1122
1122
1122
1122
1122
1122
1121
1121
1121
1121
1121
1121
1120
1120
1120
1120
1120
1119
1119
1119
1119
1119
1119
1118
1118
1118
1118
1118
1118
1117
1117
1117
1117
1117
1116
1116
1116
1116
1116
1116
1115
1115
1115
1115
1115
1115
1114
1114
1114
1114
1114
1113
1113
1113
1113
1113
1113
1112
1112
1112
1112
1112
1112
1111
1111
1111
1111
1111
1111
1110
1110
1110
1110
1110
1109
1109
1109
1109
1109
1109
1108
1108
1108
1108
1108
1108
1107
1107
1107
1107
1107
1106
1106
1106
1106
1106
1106
1105
1105
1105
1105
1105
1105
1104
1104
1104
1104
1104
1103
1103
1103
1103
1103
1103
1102
1102
1102
1102
1102
1102
1101
1101
1101
1101
1101
1100
1100
1100
1100
1100
1100
1099
1099
1099
1099
1099
1099
1098
1098
1098
1098
1098
1098
1097
1097
1097
1097
1097
1096
1096
1096
1096
1096
1096
1095
1095
1095
1095
1095
1095
1094
1094
1094
1094
1094
1093
1093
1093
1093
1093
1093
1092
1092
1092
1092
1092
1092
1091
1091
1091
1091
1091
1090
1090
1090
1090
1090
1090
1089
1089
1089
1089
1089
1089
1088
1088
1088
1088
1088
1087
1087
1087
1087
1087
1087
1086
1086
1086
1086
1086
1086
1085
1085
1085
1085
1085
1085
1084
1084
1084
1084
1084
1083
1083
1083
1083
1083
1083
1082
1082
1082
1082
1082
1082
1081
1081
1081
1081
1081
1080
1080
1080
1080
1080
1080
1079
1079
1079
1079
1079
1079
1078
1078
1078
1078
1078
1077
1077
1077
1077
1077
1077
1076
1076
1076
1076
1076
1076
1075
1075
1075
1075
1075
1075
1074
1074
1074
1074
1074
1073
1073
1073
1073
1073
1073
1072
1072
1072
1072
1072
1072
1071
1071
1071
1071
1071
1070
1070
1070
1070
1070
1070
1069
1069
1069
1069
1069
1069
1068
1068
1068
1068
1068
1068
1067
1067
1067
1067
1067
1066
1066
1066
1066
1066
1066
1065
1065
1065
1065
1065
1065
1064
1064
1064
1064
1064
1064
1063
1063
1063
1063
1063
1062
1062
1062
1062
1062
1062
1061
1061
1061
1061
1061
1061
1060
1060
1060
1060
1060
1060
1059
1059
1059
1059
1059
1058
1058
1058
1058
1058
1058
1057
1057
1057
1057
1057
1057
1056
1056
1056
1056
1056
1056
1055
1055
1055
1055
1055
1054
1054
1054
1054
1054
1054
1053
1053
1053
1053
1053
1053
1052
1052
1052
1052
1052
1052
1051
1051
1051
1051
1051
1051
1050
1050
1050
1050
1050
1049
1049
1049
1049
1049
1049
1048
1048
1048
1048
1048
1048
1047
1047
1047
1047
1047
1047
1046
1046
1046
1046
1046
1046
1045
1045
1045
1045
1045
1044
1044
1044
1044
1044
1044
1043
1043
1043
1043
1043
1043
1042
1042
1042
1042
1042
1042
1041
1041
1041
1041
1041
1041
1040
1040
1040
1040
1040
1040
1039
1039
1039
1039
1039
1038
1038
1038
1038
1038
1038
1037
1037
1037
1037
1037
1037
1036
1036
1036
1036
1036
1036
1035
1035
1035
1035
1035
1035
1034
1034
1034
1034
1034
1034
1033
1033
1033
1033
1033
1033
1032
1032
1032
1032
1032
1031
1031
1031
1031
1031
1031
1030
1030
1030
1030
1030
1030
1029
1029
1029
1029
1029
1029
1028
1028
1028
1028
1028
1028
1027
1027
1027
1027
1027
1027
1026
1026
1026
1026
1026
1026
1025
1025
1025
1025
1025
1025
1024
1024
1024
1024
1024
1024
1023
1023
1023
1023
1023
1023
1022
1022
1022
1022
1022
1022
1021
1021
1021
1021
1021
1021
1020
1020
1020
1020
1020
1020
1019
1019
1019
1019
1019
1019
1018
1018
1018
1018
1018
1017
1017
1017
1017
1017
1017
1016
1016
1016
1016
1016
1016
1015
1015
1015
1015
1015
1015
1014
1014
1014
1014
1014
1014
1013
1013
1013
1013
1013
1013
1012
1012
1012
1012
1012
1012
1011
1011
1011
1011
1011
1011
1011
1010
1010
1010
1010
1010
1010
1009
1009
1009
1009
1009
1009
1008
1008
1008
1008
1008
1008
1007
1007
1007
1007
1007
1007
1006
1006
1006
1006
1006
1006
1005
1005
1005
1005
1005
1005
1004
1004
1004
1004
1004
1004
1003
1003
1003
1003
1003
1003
1002
1002
1002
1002
1002
1002
1001
1001
1001
1001
1001
1001
1000
1000
1000
1000
1000
1000
999
999
999
999
999
999
998
998
998
998
998
998
998
997
997
997
997
997
997
996
996
996
996
996
996
995
995
995
995
995
995
994
994
994
994
994
994
993
993
993
993
993
993
992
992
992
992
992
992
992
991
991
991
991
991
991
990
990
990
990
990
990
989
989
989
989
989
989
988
988
988
988
988
988
987
987
987
987
987
987
987
986
986
986
986
986
986
985
985
985
985
985
985
984
984
984
984
984
984
983
983
983
983
983
983
983
982
982
982
982
982
982
981
981
981
981
981
981
980
980
980
980
980
980
980
979
979
979
979
979
979
978
978
978
978
978
978
977
977
977
977
977
977
977
976
976
976
976
976
976
975
975
975
975
975
975
974
974
974
