688
688
688
688
688
688
688
688
688
688
688
688
688
689
689
689
689
689
689
689
689
689
689
689
689
689
689
690
690
690
690
690
690
690
690
690
690
690
690
690
690
691
691
691
691
691
691
691
691
691
691
691
691
691
691
691
692
692
692
692
692
692
692
692
692
692
692
692
692
692
692
693
693
693
693
693
693
693
693
693
693
693
693
693
693
693
693
694
694
694
694
694
694
694
694
694
694
694
694
694
694
694
694
695
695
695
695
695
695
695
695
695
695
695
695
695
695
695
695
695
696
696
696
696
696
696
696
696
696
696
696
696
696
696
696
696
696
697
697
697
697
697
697
697
697
697
697
697
697
697
697
697
697
697
697
698
698
698
698
698
698
698
698
698
698
698
698
698
698
698
698
698
698
699
699
699
699
699
699
699
699
699
699
699
699
699
699
699
699
699
699
699
700
700
700
700
700
700
700
700
700
700
700
700
700
700
700
700
700
700
700
700
701
701
701
701
701
701
701
701
701
701
701
701
701
701
701
701
701
701
701
701
701
702
702
702
702
702
702
702
702
702
702
702
702
702
702
702
702
702
702
702
702
702
702
703
703
703
703
703
703
703
703
703
703
703
703
703
703
703
703
703
703
703
703
703
703
703
704
704
704
704
704
704
704
704
704
704
704
704
704
704
704
704
704
704
704
704
704
704
704
704
704
705
705
705
705
705
705
705
705
705
705
705
705
705
705
705
705
705
705
705
705
705
705
705
705
705
705
706
706
706
706
706
706
706
706
706
706
706
706
706
706
706
706
706
706
706
706
706
706
706
706
706
706
706
706
706
706
707
707
707
707
707
707
707
707
707
707
707
707
707
707
707
707
707
707
707
707
707
707
707
707
707
707
707
707
707
707
707
707
708
708
708
708
708
708
708
708
708
708
708
708
708
708
708
708
708
708
708
708
708
708
708
708
708
708
708
708
708
708
708
708
708
708
708
708
708
709
709
709
709
709
709
709
709
709
709
709
709
709
709
709
709
709
709
709
709
709
709
709
709
709
709
709
709
709
709
709
709
709
709
709
709
709
709
709
709
709
709
709
709
709
710
710
710
710
710
710
710
710
710
710
710
710
710
710
710
710
710
710
710
710
710
710
710
710
710
710
710
710
710
710
710
710
710
710
710
710
710
710
710
710
710
710
710
710
710
710
710
710
710
710
710
710
710
710
710
710
710
710
710
710
710
711
711
711
711
711
711
711
711
711
711
711
711
711
711
711
711
711
711
711
711
711
711
711
711
711
711
711
711
711
711
711
711
711
711
711
711
711
711
711
711
711
711
711
711
711
711
711
711
711
711
711
711
711
711
711
711
711
711
711
711
711
711
711
711
711
711
711
711
711
711
711
711
711
711
711
711
711
711
711
711
711
711
711
711
711
711
711
711
711
711
711
711
711
711
711
711
711
711
711
711
711
711
711
711
711
711
711
711
711
711
711
711
711
711
711
711
711
711
711
711
711
711
711
711
711
711
711
711
711
711
711
711
711
711
711
711
711
711
711
711
711
711
711
711
711
711
711
711
711
711
711
711
711
711
711
711
711
711
711
711
711
711
711
711
711
711
711
711
711
711
711
711
711
711
711
711
711
711
711
711
711
711
711
711
711
711
711
711
711
711
711
711
711
711
711
711
711
711
711
711
711
711
711
711
711
711
711
711
711
711
711
711
711
711
711
711
711
711
711
711
711
711
711
711
711
711
711
711
711
711
711
711
711
711
711
711
710
710
710
710
710
710
710
710
710
710
710
710
710
710
710
710
710
710
710
710
710
710
710
710
710
710
710
710
710
710
710
710
710
710
710
710
710
710
710
710
710
710
710
710
710
710
710
710
710
710
710
710
710
710
710
710
710
710
710
710
710
710
709
709
709
709
709
709
709
709
709
709
709
709
709
709
709
709
709
709
709
709
709
709
709
709
709
709
709
709
709
709
709
709
709
709
709
709
709
709
709
709
709
709
709
709
709
709
709
708
708
708
708
708
708
708
708
708
708
708
708
708
708
708
708
708
708
708
708
708
708
708
708
708
708
708
708
708
708
708
708
708
708
708
708
708
708
707
707
707
707
707
707
707
707
707
707
707
707
707
707
707
707
707
707
707
707
707
707
707
707
707
707
707
707
707
707
707
707
707
707
706
706
706
706
706
706
706
706
706
706
706
706
706
706
706
706
706
706
706
706
706
706
706
706
706
706
706
706
706
706
706
705
705
705
705
705
705
705
705
705
705
705
705
705
705
705
705
705
705
705
705
705
705
705
705
705
705
705
705
704
704
704
704
704
704
704
704
704
704
704
704
704
704
704
704
704
704
704
704
704
704
704
704
704
704
703
703
703
703
703
703
703
703
703
703
703
703
703
703
703
703
703
703
703
703
703
703
703
703
703
702
702
702
702
702
702
702
702
702
702
702
702
702
702
702
702
702
702
702
702
702
702
702
702
701
701
701
701
701
701
701
701
701
701
701
701
701
701
701
701
701
701
701
701
701
701
700
700
700
700
700
700
700
700
700
700
700
700
700
700
700
700
700
700
700
700
700
699
699
699
699
699
699
699
699
699
699
699
699
699
699
699
699
699
699
699
699
699
698
698
698
698
698
698
698
698
698
698
698
698
698
698
698
698
698
698
698
698
697
697
697
697
697
697
697
697
697
697
697
697
697
697
697
697
697
697
697
696
696
696
696
696
696
696
696
696
696
696
696
696
696
696
696
696
696
696
695
695
695
695
695
695
695
695
695
695
695
695
695
695
695
695
695
695
694
694
694
694
694
694
694
694
694
694
694
694
694
694
694
694
694
693
693
693
693
693
693
693
693
693
693
693
693
693
693
693
693
693
693
692
692
692
692
692
692
692
692
692
692
692
692
692
692
692
692
691
691
691
691
691
691
691
691
691
691
691
691
691
691
691
691
691
690
690
690
690
690
690
690
690
690
690
690
690
690
690
690
690
689
689
689
689
689
689
689
689
689
689
689
689
689
689
689
689
688
688
688
688
688
688
688
688
688
688
688
688
688
688
688
687
687
687
687
687
687
687
687
687
687
687
687
687
687
687
687
686
686
686
686
686
686
686
686
686
686
686
686
686
686
686
685
685
685
685
685
685
685
685
685
685
685
685
685
685
684
684
684
684
684
684
684
684
684
684
684
684
684
684
684
683
683
683
683
683
683
683
683
683
683
683
683
683
683
682
682
682
682
682
682
682
682
682
682
682
682
682
682
681
681
681
681
681
681
681
681
681
681
681
681
681
681
680
680
680
680
680
680
680
680
680
680
680
680
680
680
679
679
679
679
679
679
679
679
679
679
679
679
679
679
678
678
678
678
678
678
678
678
678
678
678
678
678
677
677
677
677
677
677
677
677
677
677
677
677
677
676
676
676
676
676
676
676
676
676
676
676
676
676
676
675
675
675
675
675
675
675
675
675
675
675
675
675
674
674
674
674
674
674
674
674
674
674
674
674
673
673
673
673
673
673
673
673
673
673
673
673
673
672
672
672
672
672
672
672
672
672
672
672
672
672
671
671
671
671
671
671
671
671
671
671
671
671
670
670
670
670
670
670
670
670
670
670
670
670
670
669
669
669
669
669
669
669
669
669
669
669
669
668
668
668
668
668
668
668
668
668
668
668
668
667
667
667
667
667
667
667
667
667
667
667
667
666
666
666
666
666
666
666
666
666
666
666
666
665
665
665
665
665
665
665
665
665
665
665
665
664
664
664
664
664
664
664
664
664
664
664
664
663
663
663
663
663
663
663
663
663
663
663
662
662
662
662
662
662
662
662
662
662
662
662
661
661
661
661
661
661
661
661
661
661
661
661
660
660
660
660
660
660
660
660
660
660
660
659
659
659
659
659
659
659
659
659
659
659
658
658
658
658
658
658
658
658
658
658
658
658
657
657
657
657
657
657
657
657
657
657
657
656
656
656
656
656
656
656
656
656
656
656
655
655
655
655
655
655
655
655
655
655
655
654
654
654
654
654
654
654
654
654
654
654
653
653
653
653
653
653
653
653
653
653
653
652
652
652
652
652
652
652
652
652
652
652
651
651
651
651
651
651
651
651
651
651
651
650
650
650
650
650
650
650
650
650
650
650
649
649
649
649
649
649
649
649
649
649
649
648
648
648
648
648
648
648
648
648
648
648
647
647
647
647
647
647
647
647
647
647
647
646
646
646
646
646
646
646
646
646
646
645
645
645
645
645
645
645
645
645
645
645
644
644
644
644
644
644
644
644
644
644
643
643
643
643
643
643
643
643
643
643
643
642
642
642
642
642
642
642
642
642
642
641
641
641
641
641
641
641
641
641
641
641
640
640
640
640
640
640
640
640
640
640
639
639
639
639
639
639
639
639
639
639
639
638
638
638
638
638
638
638
638
638
638
637
637
637
637
637
637
637
637
637
637
636
636
636
636
636
636
636
636
636
636
636
635
635
635
635
635
635
635
635
635
635
634
634
634
634
634
634
634
634
634
634
633
633
633
633
633
633
633
633
633
633
632
632
632
632
632
632
632
