-73
-93
-109
-121
-128
-129
-125
-115
-100
-81
-59
-35
-11
11
33
51
64
73
77
76
71
62
50
37
24
12
2
-4
-9
-10
-8
-4
1
7
12
15
16
12
4
-7
-24
-44
-67
-91
-115
-138
-158
-173
-183
-186
-183
-173
-156
-134
-107
-77
-45
-13
16
42
63
79
87
89
85
76
62
45
27
9
-7
-20
-30
-35
-36
-32
-23
-9
6
25
45
65
84
102
118
131
141
149
153
154
154
151
146
140
133
126
118
110
102
94
88
81
75
70
64
58
51
44
35
24
12
-1
-17
-34
-51
-69
-87
-103
-119
-132
-143
-151
-156
-157
-154
-148
-138
-124
-106
-85
-62
-36
-9
18
45
72
96
118
136
150
160
164
164
159
149
135
117
96
73
49
24
0
-21
-42
-61
-77
-90
-99
-105
-108
-107
-104
-97
-88
-76
-63
-49
-35
-21
-8
1
9
13
14
11
4
-5
-18
-33
-51
-69
-87
-104
-120
-134
-144
-151
-155
-154
-149
-141
-128
-112
-93
-71
-47
-22
3
28
53
77
99
119
136
149
159
165
167
165
159
150
137
123
106
88
71
53
38
24
12
3
-2
-5
-5
-3
0
4
9
14
18
21
23
24
23
22
20
19
17
17
18
20
24
28
34
40
45
49
52
52
48
41
31
17
0
-19
-40
-62
-83
-104
-121
-136
-147
-154
-157
-155
-149
-139
-125
-109
-92
-73
-54
-36
-20
-6
3
10
14
13
9
2
-8
-20
-34
-48
-63
-77
-90
-102
-112
-121
-127
-132
-135
-137
-137
-137
-136
-135
-133
-130
-127
-122
-116
-109
-99
-86
-70
-52
-30
-6
20
49
79
110
141
171
200
225
248
266
280
289
293
291
284
271
255
234
211
185
159
132
106
81
59
38
21
6
-5
-15
-22
-27
-31
-34
-37
-39
-43
-47
-52
-58
-65
-72
-80
-88
-95
-101
-105
-107
-107
-104
-98
-89
-77
-63
-47
-29
-10
9
28
47
64
79
91
99
103
102
96
86
71
51
27
0
-30
-63
-96
-129
-160
-190
-216
-237
-254
-266
-272
-273
-268
-260
-247
-230
-211
-189
-164
-137
-109
-78
-45
-11
24
62
100
139
177
213
247
278
304
325
340
349
352
348
339
324
305
282
258
232
206
180
156
133
113
95
80
67
55
46
38
32
27
22
17
13
8
3
-1
-8
-15
-22
-31
-40
-49
-57
-66
-73
-79
-83
-84
-83
-79
-73
-64
-53
-41
-28
-16
-6
1
6
7
2
-6
-21
-40
-64
-91
-121
-151
-182
-210
-237
-259
-278
-291
-299
-301
-298
-291
-278
-262
-242
-219
-194
-166
-137
-106
-75
-42
-10
21
52
83
111
137
161
180
196
208
215
217
214
207
195
179
160
138
114
90
67
45
25
9
-3
-11
-15
-15
-11
-4
5
15
26
36
45
52
57
58
55
50
41
30
17
3
-11
-24
-36
-46
-53
-55
-54
-49
-41
-28
-14
2
21
39
56
72
85
95
100
102
99
93
82
68
52
34
16
-2
-20
-36
-50
-62
-71
-77
-80
-80
-77
-72
-66
-58
-49
-41
-34
-28
-24
-23
-24
-28
-35
-43
-52
-62
-70
-77
-81
-82
-80
-73
-62
-48
-31
-11
9
31
51
71
89
104
116
124
130
132
131
127
120
110
97
82
64
43
21
-1
-25
-48
-70
-91
-109
-124
-136
-144
-149
-150
-147
-142
-133
-123
-111
-97
-83
-68
-53
-38
-24
-9
4
17
31
44
57
70
84
97
110
123
134
145
154
160
164
166
164
159
152
141
129
116
102
88
76
65
56
51
48
47
49
53
58
63
68
72
74
74
71
65
57
46
34
20
6
-7
-20
-31
-40
-47
-51
-52
-52
-50
-47
-44
-42
-40
-39
-40
-42
-46
-51
-55
-60
-65
-68
-70
-70
-67
-62
-55
-46
-35
-23
-11
1
12
23
31
36
38
36
31
22
9
-5
-24
-44
-67
-91
-115
-139
-163
-185
-205
-221
-235
-244
-249
-249
-243
-233
-219
-200
-177
-153
-126
-98
-70
-44
-18
3
23
40
53
62
68
70
70
68
65
61
57
53
52
51
53
57
63
71
81
92
104
116
129
142
155
166
176
185
192
197
199
199
196
190
181
168
151
130
106
77
46
11
-26
-65
-106
-147
-187
-226
-263
-297
-327
-351
-370
-383
-389
-387
-378
-362
-338
-308
-273
-233
-189
-142
-95
-48
-2
40
80
115
146
171
190
204
213
216
214
209
201
190
178
164
150
136
121
107
93
80
67
54
43
31
21
11
2
-5
-11
-17
-21
-24
-26
-27
-27
-27
-26
-25
-25
-24
-24
-25
-26
-26
-27
-26
-25
-22
-17
-10
-1
10
24
40
58
76
95
112
129
143
154
162
165
165
162
154
143
130
114
97
79
61
44
27
12
-1
-13
-23
-31
-38
-42
-45
-47
-47
-46
-44
-41
-38
-34
-29
-24
-19
-14
-9
-5
-1
1
2
2
0
-2
-7
-13
-19
-27
-34
-41
-48
-54
-59
-62
-65
-67
-69
-69
-69
-69
-68
-67
-66
-64
-61
-58
-53
-48
-42
-34
-25
-15
-4
7
21
35
50
65
81
97
112
127
141
155
167
177
186
194
199
201
201
198
192
182
168
151
131
108
84
58
33
9
-12
-31
-45
-55
-60
-61
-57
-50
-39
-27
-13
0
12
22
31
37
40
40
38
34
29
23
17
11
5
1
0
-1
0
2
6
9
13
15
16
14
10
2
-9
-25
-43
-65
-90
-117
-145
-174
-203
-231
-258
-283
-305
-324
-339
-349
-355
-356
-353
-344
-331
-313
-291
-266
-239
-209
-179
-148
-117
-87
-59
-34
-10
10
28
44
59
72
85
98
112
127
143
160
178
196
214
231
246
257
264
267
264
255
242
224
202
177
150
123
97
72
50
30
15
2
-6
-12
-16
-19
-21
-23
-25
-28
-31
-35
-39
-42
-44
-44
-41
-35
-27
-15
-1
14
31
46
60
70
75
73
65
49
26
-2
-36
-74
-113
-153
-190
-224
-253
-275
-291
-298
-297
-289
-272
-248
-218
-183
-145
-104
-62
-20
18
55
87
115
138
154
166
171
172
167
159
146
131
113
94
74
54
34
15
-3
-20
-36
-51
-65
-79
-91
-103
-114
-125
-134
-141
-147
-150
-150
-146
-139
-128
-112
-92
-68
-40
-9
23
59
95
132
167
200
231
257
280
297
310
317
320
319
314
306
297
285
273
261
249
236
224
211
197
183
166
148
128
105
79
52
22
-7
-38
-69
-99
-127
-153
-176
-196
-213
-226
-235
-241
-242
-241
-236
-227
-216
-203
-187
-169
-151
-131
-111
-91
-72
-53
-36
-21
-7
3
12
19
23
25
26
24
21
17
12
6
0
-6
-14
-21
-29
-37
-45
-53
-60
-68
-75
-81
-87
-91
-94
-95
-94
-91
-84
-74
-61
-43
-22
1
28
56
86
116
144
171
195
216
232
244
250
252
249
242
230
215
198
178
158
137
117
97
79
61
45
28
12
-4
-21
-40
-59
-79
-99
-118
-137
-154
-169
-182
-191
-196
-198
-196
-190
-181
-168
-152
-135
-116
-96
-75
-55
-35
-16
0
16
30
42
53
62
69
75
79
83
85
86
87
86
85
84
82
80
78
77
75
74
72
70
68
65
62
57
52
45
37
28
18
8
-1
-10
-20
-28
-36
-43
-48
-54
-58
-63
-67
-72
-77
-82
-88
-93
-99
-104
-110
-115
-121
-126
-131
-135
-138
-141
-142
-143
-142
-140
-137
-133
-130
-127
-124
-123
-124
-127
-132
-138
-146
-154
-163
-171
-178
-182
-183
-180
-173
-161
-143
-120
-91
-57
-19
23
68
115
163
209
253
294
330
361
385
404
415
420
419
412
399
382
362
338
313
285
257
229
200
172
144
117
90
65
40
16
-6
-28
-48
-68
-86
-103
-119
-133
-145
-156
-165
-173
-178
-183
-186
-188
-189
-189
-189
-188
-187
-185
-183
-180
-176
-171
-165
-159
-152
-145
-137
-129
-121
-113
-104
-96
-87
-78
-69
-60
-50
-40
-30
-20
-11
-3
3
8
12
14
14
12
8
3
-2
-8
-14
-18
-21
-22
-19
-13
-4
8
24
42
62
83
104
123
141
157
169
177
181
181
176
168
156
142
125
108
91
76
62
51
43
40
40
44
52
64
78
95
112
130
148
164
177
187
193
195
192
184
171
155
135
112
88
64
39
15
-6
-25
-42
-56
-66
-74
-79
-80
-80
-78
-74
-70
-65
-60
-56
-52
-48
-45
-42
-39
-36
-33
-29
-24
-19
-14
-10
-6
-3
-1
-1
-2
-6
-12
-20
-30
-41
-54
-67
-82
-96
-109
-122
-133
-143
-149
-153
-154
-152
-147
-140
-131
-120
-109
-97
-86
-76
-66
-58
-51
-45
-39
-34
-29
-23
-16
-9
-1
7
16
27
37
47
57
67
75
83
90
96
101
106
111
116
120
125
130
134
138
141
142
141
138
133
124
114
101
86
70
54
38
24
11
1
-5
-10
-12
-12
-11
-8
-4
-1
0
1
0
-3
-9
-18
-29
-43
-58
-74
-90
-106
-121
-134
-144
-152
-156
-157
-153
-146
-136
-122
-106
-88
-69
-50
-31
-13
1
14
24
31
34
35
32
27
21
13
5
-2
-10
-16
-21
-25
-27
-27
-26
-22
-17
-11
-2
7
18
31
44
58
72
85
96
105
112
115
115
110
102
91
76
58
38
17
-4
-27
-49
-71
-92
-112
-130
-146
-161
-174
-185
-195
-202
-208
-213
-215
-215
-213
-210
-204
-197
-188
-177
-165
-151
-137
-121
-106
-91
-76
-63
-51
-41
-34
-28
-24
-22
-21
-20
-20
-18
-15
-10
-3
6
19
35
53
73
94
115
135
155
172
187
199
208
215
219
222
222
221
218
215
211
206
201
194
187
178
169
158
146
134
121
108
94
81
69
57
45
35
25
16
8
0
-6
-13
-20
-26
-33
-39
-46
-53
-60
-69
-79
-90
-102
-116
-130
-145
-161
-175
-189
-200
-209
-215
-217
-214
-208
-197
-182
-163
-141
-117
-92
-66
-40
-16
6
26
43
57
67
73
76
76
74
71
67
63
60
60
61
65
72
81
91
103
116
128
140
149
157
161
161
157
148
135
118
97
74
49
25
3
-13
-25
-31
-28
-17
0
26
58
94
132
171
207
239
266
286
298
301
295
281
259
230
195
154
111
65
19
-26
-71
-112
-151
-185
-214
-238
-256
-269
-276
-278
-274
-265
-252
-235
-216
-195
-174
-152
-132
-114
-98
-85
-74
-65
-58
-50
-43
-34
-24
-11
3
21
40
60
81
99
115
128
135
137
134
125
111
94
73
52
30
9
-8
-23
-35
-44
-49
-51
-51
-51
-50
-50
-52
-56
-61
-69
-79
-90
-102
-112
-121
-127
-130
-128
-122
-111
