240
224
206
184
160
133
104
73
42
10
-21
-51
-78
-102
-122
-137
-148
-153
-153
-149
-142
-133
-124
-114
-107
-102
-100
-102
-108
-118
-130
-145
-161
-178
-193
-206
-216
-222
-224
-221
-214
-202
-186
-166
-144
-121
-96
-72
-48
-26
-5
12
30
45
59
72
84
95
106
117
128
138
147
155
162
166
169
169
166
161
153
142
129
114
98
82
65
50
36
23
12
3
-3
-8
-12
-14
-16
-17
-17
-18
-18
-19
-20
-21
-21
-21
-21
-21
-20
-18
-17
-16
-15
-15
-16
-18
-22
-27
-34
-43
-53
-65
-77
-90
-103
-115
-127
-138
-147
-155
-161
-164
-165
-163
-159
-153
-144
-134
-122
-109
-95
-80
-65
-50
-36
-22
-9
1
11
18
24
28
29
30
29
27
25
24
24
26
29
35
43
54
67
83
101
121
143
165
186
207
226
242
254
263
266
265
259
249
234
215
192
166
138
106
73
38
3
-33
-69
-104
-137
-168
-195
-219
-237
-251
-258
-260
-255
-244
-227
-205
-178
-148
-114
-79
-42
-6
28
60
90
116
139
158
173
184
192
196
198
196
193
186
178
168
157
143
128
112
95
78
59
41
23
7
-8
-22
-35
-45
-54
-60
-66
-70
-73
-76
-79
-83
-87
-92
-99
-106
-115
-125
-136
-147
-159
-171
-183
-194
-205
-215
-225
-233
-240
-246
-251
-254
-256
-257
-256
-252
-247
-238
-226
-211
-192
-169
-142
-111
-76
-39
0
42
83
125
165
202
236
267
292
313
328
338
342
340
333
320
303
282
258
230
201
170
138
106
76
46
18
-6
-30
-50
-67
-82
-93
-101
-107
-110
-111
-109
-107
-102
-97
-91
-85
-79
-72
-66
-60
-53
-47
-41
-34
-27
-19
-12
-3
5
14
24
34
45
55
65
74
82
88
93
95
95
93
89
82
74
64
54
43
31
20
8
-2
-13
-25
-37
-50
-64
-79
-96
-113
-132
-150
-169
-186
-201
-214
-223
-227
-226
-219
-207
-189
-165
-135
-102
-66
-27
12
51
89
124
156
184
207
225
238
247
250
249
245
236
224
209
191
172
150
128
106
84
62
42
24
8
-5
-16
-25
-31
-35
-37
-38
-37
-36
-35
-33
-32
-30
-28
-26
-23
-19
-14
-8
-1
6
15
25
35
44
53
59
64
66
65
60
51
39
23
4
-17
-40
-63
-86
-108
-128
-145
-160
-170
-178
-181
-181
-178
-172
-162
-150
-136
-119
-102
-83
-65
-47
-29
-13
0
13
24
33
41
46
51
54
56
56
56
54
51
47
43
38
32
25
18
11
3
-4
-12
-19
-27
-34
-40
-45
-49
-52
-53
-54
-53
-53
-51
-50
-49
-49
-48
-48
-47
-45
-41
-36
-28
-17
-3
12
31
52
74
97
119
140
159
174
186
194
198
197
193
184
173
158
142
125
107
90
72
56
40
25
11
-1
-14
-26
-37
-47
-56
-64
-71
-76
-81
-84
-86
-88
-88
-88
-87
-86
-85
-83
-81
-79
-76
-72
-68
-62
-57
-50
-43
-36
-28
-21
-14
-8
-3
0
2
4
3
2
0
-2
-5
-9
-12
-16
-18
-20
-22
-22
-22
-21
-19
-17
-14
-12
-9
-7
-5
-4
-4
-5
-7
-9
-12
-15
-19
-22
-25
-27
-28
-29
-27
-24
-19
-12
-3
7
20
34
49
66
83
101
118
136
153
169
183
196
206
214
218
220
219
214
206
196
183
167
150
131
111
90
69
48
27
7
-10
-27
-42
-54
-63
-69
-72
-72
-70
-64
-57
-48
-38
-28
-18
-10
-5
-1
-1
-5
-11
-21
-33
-48
-63
-80
-96
-112
-126
-138
-147
-154
-157
-157
-153
-145
-135
-121
-105
-88
-69
-50
-31
-13
2
17
28
37
43
45
44
41
36
28
20
10
1
-7
-16
-23
-29
-35
-39
-42
-44
-45
-46
-46
-46
-45
-43
-41
-39
-35
-30
-24
-17
-9
0
8
18
28
36
45
51
56
60
60
59
56
51
44
36
28
20
13
7
2
0
0
0
2
4
8
11
14
16
16
15
12
7
1
-6
-15
-25
-35
-45
-54
-61
-66
-70
-71
-70
-68
-64
-60
-55
-51
-49
-47
-47
-48
-51
-54
-59
-63
-68
-73
-77
-80
-83
-86
-88
-91
-94
-97
-101
-105
-110
-116
-122
-127
-132
-135
-137
-136
-132
-124
-113
-98
-79
-57
-33
-7
20
47
73
98
120
140
156
169
179
185
189
190
190
187
182
175
167
157
145
131
116
99
81
61
41
22
2
-15
-32
-46
-59
-68
-75
-78
-79
-78
-75
-70
-64
-58
-52
-47
-43
-40
-38
-37
-37
-36
-36
-34
-30
-25
-16
-5
9
27
47
70
95
121
148
175
200
224
244
260
272
277
276
269
254
232
204
170
130
87
41
-5
-52
-97
-140
-178
-212
-239
-260
-273
-280
-279
-272
-258
-238
-213
-183
-151
-116
-80
-44
-8
26
59
90
118
143
164
181
195
203
206
204
197
183
164
138
107
71
31
-11
-55
-100
-143
-181
-214
-239
-255
-261
-256
-240
-214
-179
-136
-86
-33
20
74
126
173
214
248
274
292
301
303
297
286
270
251
229
206
182
159
136
115
96
78
61
46
33
21
10
0
-8
-17
-24
-31
-38
-44
-50
-56
-63
-71
-79
-90
-102
-115
-129
-145
-160
-175
-188
-199
-206
-209
-207
-200
-188
-170
-148
-122
-94
-65
-36
-8
16
37
54
65
71
72
67
59
47
33
17
1
-13
-26
-36
-43
-47
-46
-41
-32
-19
-2
17
39
62
85
108
128
145
159
167
170
167
158
145
126
104
79
52
25
0
-23
-44
-61
-75
-83
-87
-88
-84
-78
-69
-59
-48
-37
-27
-17
-9
-2
3
7
11
14
17
20
22
24
25
25
23
21
16
10
3
-5
-14
-24
-33
-42
-49
-54
-57
-57
-54
-48
-39
-29
-17
-3
9
22
34
44
52
57
59
58
54
47
36
23
6
-13
-36
-61
-90
-120
-151
-184
-216
-247
-275
-300
-320
-334
-341
-341
-332
-314
-288
-254
-212
-164
-112
-56
0
53
104
150
188
217
235
243
240
227
204
172
135
93
49
6
-34
-68
-96
-114
-123
-121
-109
-87
-57
-20
22
67
115
161
206
247
284
314
338
356
366
370
368
359
344
325
301
273
242
208
172
135
97
58
20
-15
-50
-81
-109
-133
-152
-166
-176
-180
-181
-179
-175
-171
-167
-164
-163
-165
-169
-176
-186
-196
-207
-218
-228
-236
-242
-245
-244
-240
-233
-222
-210
-196
-182
-169
-158
-150
-146
-149
-158
-175
-200
-233
-273
-319
-371
-425
-479
-532
-579
-619
-648
-664
-665
-650
-618
-568
-502
-421
-326
-220
-106
12
133
253
369
478
579
669
749
816
872
916
949
972
986
991
987
976
958
933
901
862
818
767
712
653
590
524
456
388
319
252
187
124
65
10
-41
-88
-131
-171
-208
-242
-275
-305
-334
-361
-387
-411
-433
-452
-468
-480
-489
-492
-491
-486
-476
-461
-443
-421
-395
-367
-337
-306
-273
-240
-207
-174
-141
-110
-80
-52
-26
-3
17
33
47
57
63
66
66
63
59
53
46
40
35
31
28
29
32
39
48
61
77
95
114
134
154
173
190
204
214
221
225
224
220
213
203
192
179
165
151
137
124
112
102
93
86
80
74
70
65
61
56
50
44
36
28
19
10
0
-8
-17
-24
-30
-35
-37
-38
-36
-32
-26
-18
-8
1
12
23
35
45
55
63
70
75
78
80
80
78
74
68
60
50
39
26
12
-2
-18
-35
-51
-68
-84
-98
-111
-123
-132
-138
-142
-143
-140
-135
-127
-117
-105
-91
-76
-61
-46
-33
-20
-10
-2
2
5
4
1
-4
-12
-21
-32
-42
-53
-64
-73
-81
-88
-94
-98
-101
-104
-106
-107
-109
-111
-112
-114
-115
-115
-115
-113
-109
-104
-97
-87
-76
-63
-49
-34
-18
-3
11
25
36
46
53
59
61
62
61
58
55
50
45
41
36
33
30
27
25
23
21
19
16
11
6
0
-8
-18
-28
-38
-49
-59
-67
-73
-77
-77
-73
-64
-51
-33
-11
15
44
75
108
141
172
201
226
246
261
270
273
269
260
245
226
204
178
151
122
93
64
36
9
-16
-39
-61
-80
-97
-112
-124
-134
-142
-149
-153
-156
-158
-159
-159
-157
-155
-152
-148
-143
-137
-131
-123
-115
-107
-98
-89
-80
-71
-63
-56
-50
-45
-41
-40
-39
-41
-43
-46
-49
-53
-55
-56
-55
-53
-48
-41
-32
-20
-7
6
22
38
54
69
83
96
106
113
118
119
117
113
106
97
87
76
64
53
43
34
28
23
22
24
29
38
49
63
79
97
116
136
156
176
194
212
228
241
252
261
266
268
267
261
252
238
220
199
173
144
111
75
37
-2
-44
-87
-129
-171
-211
-248
-282
-312
-338
-359
-377
-390
-399
-405
-409
-410
-411
-410
-409
-408
-406
-403
-398
-392
-383
-370
-353
-332
-307
-277
-244
-208
-170
-131
-93
-56
-23
6
30
51
66
76
83
86
87
87
86
87
89
93
100
111
124
140
159
179
200
221
241
259
275
288
297
303
305
303
298
289
277
263
248
231
215
200
185
173
163
155
150
147
147
147
149
151
151
151
147
141
131
118
100
79
55
27
-1
-31
-62
-91
-118
-141
-162
-178
-190
-197
-202
-203
-203
-201
-200
-200
-201
-204
-209
-217
-226
-236
-246
-256
-264
-269
-271
-270
-264
-254
-240
-222
-202
-179
-155
-129
-104
-80
-57
-35
-15
2
19
34
47
60
71
82
91
101
109
117
124
131
138
144
151
158
166
174
184
195
208
221
235
249
263
276
287
296
302
304
302
296
285
269
249
226
198
169
137
105
72
40
9
-19
-45
-69
-90
-106
-120
-129
-135
-137
-136
-131
-123
-112
-99
-84
-67
-49
-32
-15
0
13
23
32
37
40
41
40
38
35
33
32
32
33
36
41
47
55
64
74
84
93
101
106
108
106
99
87
69
47
19
-12
-47
-83
-120
-155
-187
-216
-240
-258
-270
-276
-276
-271
-261
-248
-231
-213
-193
-172
-152
-132
-113
-94
-77
-59
-42
-24
-5
13
32
53
74
95
115
134
151
165
176
182
185
182
175
163
146
126
102
76
47
18
-11
-40
-66
-91
-111
-128
-141
-149
-151
-150
-143
-133
-119
-102
-83
-64
-43
-23
-4
12
28
42
54
64
72
78
84
87
90
92
92
92
90
87
83
77
71
62
53
42
29
16
1
-12
-27
-41
-53
-64
-72
-78
-80
-78
-73
-64
-53
-40
-25
-9
5
19
32
41
47
50
49
44
35
24
10
-6
-23
-41
-59
-76
-92
-106
-118
-128
-136
-141
-145
-146
-145
-142
-137
-130
-122
-111
-99
-85
-70
