76
80
84
87
90
92
94
96
98
100
103
107
111
116
123
130
138
146
154
161
167
172
175
175
173
168
160
149
136
120
102
82
60
37
14
-9
-32
-54
-75
-95
-112
-127
-140
-151
-159
-165
-168
-170
-170
-169
-166
-162
-157
-152
-146
-140
-133
-125
-116
-106
-95
-84
-72
-59
-47
-35
-23
-13
-3
4
12
19
24
29
34
37
40
42
43
42
41
38
34
29
22
15
6
-2
-12
-21
-31
-39
-47
-52
-57
-59
-59
-58
-54
-50
-44
-39
-33
-27
-22
-19
-17
-16
-17
-19
-23
-28
-33
-39
-44
-49
-54
-57
-59
-59
-59
-57
-54
-50
-46
-41
-37
-32
-28
-24
-21
-18
-16
-15
-13
-12
-11
-9
-7
-5
-2
1
5
9
14
19
25
30
35
41
45
50
53
56
59
60
61
62
62
62
62
62
63
65
68
72
77
83
89
96
102
108
113
115
116
115
112
106
99
89
78
66
53
40
27
14
2
-9
-19
-27
-34
-40
-44
-47
-49
-51
-53
-54
-56
-59
-63
-67
-72
-78
-84
-91
-98
-105
-112
-117
-122
-125
-127
-127
-125
-121
-116
-109
-100
-89
-78
-65
-53
-40
-28
-16
-6
2
9
14
17
18
17
14
10
5
0
-6
-11
-15
-18
-20
-20
-18
-14
-8
-1
7
17
27
38
48
59
68
77
85
92
98
103
108
111
114
117
119
120
120
120
118
115
111
106
99
90
80
69
57
44
30
16
2
-11
-25
-37
-48
-57
-63
-66
-67
-65
-59
-51
-41
-28
-15
-1
13
26
39
50
58
64
67
67
65
60
53
44
35
25
15
6
-1
-9
-15
-19
-23
-25
-27
-28
-28
-27
-26
-24
-22
-20
-17
-14
-10
-7
-3
0
3
7
11
14
17
20
22
23
24
23
22
20
17
14
10
6
1
-2
-6
-9
-12
-14
-16
-17
-18
-18
-18
-18
-19
-21
-23
-26
-31
-36
-42
-48
-53
-59
-63
-66
-68
-68
-66
-63
-59
-53
-47
-40
-33
-27
-21
-15
-11
-9
-8
-9
-11
-15
-21
-27
-33
-39
-45
-50
-53
-55
-55
-53
-50
-45
-39
-31
-23
-14
-5
4
12
21
28
35
41
45
48
50
51
51
51
49
46
43
39
35
31
26
21
16
11
7
4
1
0
-2
-3
-4
-5
-5
-6
-7
-8
-10
-11
-13
-14
-14
-15
-14
-13
-12
-10
-7
-4
0
2
6
10
14
19
23
27
31
36
40
43
46
49
50
51
51
49
47
44
39
35
30
25
20
16
13
10
9
8
8
8
7
6
3
-1
-7
-17
-29
-45
-62
-82
-103
-124
-144
-162
-177
-188
-194
-195
-190
-181
-167
-149
-128
-105
-81
-57
-33
-11
9
27
43
57
67
76
82
87
90
93
94
96
97
99
100
101
102
103
103
103
102
101
98
95
92
87
83
78
73
68
64
60
56
53
50
47
45
43
41
38
35
32
27
22
16
9
0
-8
-18
-29
-41
-52
-63
-73
-82
-90
-95
-99
-100
-98
-94
-89
-81
-71
-61
-50
-38
-27
-15
-5
4
12
20
26
31
35
39
42
44
46
47
48
48
47
46
43
40
35
30
24
17
9
1
-5
-12
-18
-24
-28
-32
-34
-36
-36
-35
-34
-31
-28
-24
-19
-13
-8
-2
2
8
12
16
20
22
23
23
22
19
16
11
5
-1
-8
-16
-24
-31
-38
-43
-48
-51
-51
-50
-47
-42
-35
-26
-16
-5
5
16
26
36
45
52
58
63
67
70
72
73
73
72
69
65
59
51
41
29
15
0
-14
-30
-46
-61
-74
-86
-95
-101
-103
-102
-97
-90
-79
-65
-50
-35
-19
-4
9
19
27
30
30
25
17
5
-8
-24
-41
-58
-73
-87
-97
-104
-107
-105
-98
-87
-72
-53
-32
-8
16
40
64
85
104
118
129
134
135
130
121
107
90
69
47
24
1
-19
-38
-55
-67
-75
-79
-79
-75
-68
-58
-47
-34
-21
-9
2
11
19
26
31
35
38
40
43
47
51
57
63
70
77
83
89
93
94
93
87
78
64
46
24
0
-28
-58
-89
-118
-146
-170
-190
-204
-212
-214
-209
-197
-180
-159
-133
-105
-75
-44
-14
13
39
61
81
96
108
115
119
119
116
111
102
92
80
67
54
40
27
14
3
-4
-11
-14
-14
-10
-3
5
17
31
47
63
79
94
109
122
133
143
150
156
160
163
164
164
162
159
156
151
145
138
129
119
107
94
78
60
41
19
-3
-28
-54
-80
-107
-134
-160
-187
-212
-237
-260
-282
-302
-319
-332
-342
-347
-347
-341
-330
-312
-288
-259
-226
-188
-148
-107
-65
-25
13
48
78
104
125
141
152
159
162
163
162
160
159
158
159
161
166
173
181
192
203
215
227
238
247
254
257
257
253
245
231
213
189
160
127
89
48
3
-43
-91
-138
-184
-226
-264
-295
-319
-334
-341
-339
-328
-310
-284
-252
-216
-177
-137
-98
-60
-26
2
26
44
56
62
63
60
53
44
34
24
15
8
4
2
3
6
12
20
30
40
50
60
69
76
81
83
83
80
76
69
62
55
47
41
35
31
28
26
25
25
24
23
21
19
15
9
2
-5
-14
-25
-35
-45
-55
-63
-70
-74
-76
-75
-72
-66
-57
-47
-35
-21
-7
6
20
33
44
54
61
65
67
65
60
51
40
26
11
-6
-24
-43
-62
-79
-96
-110
-121
-130
-135
-136
-133
-126
-116
-102
-85
-65
-44
-23
-2
18
36
51
63
72
77
78
76
71
64
55
45
35
26
18
11
7
5
6
10
16
25
36
48
60
72
83
92
97
99
96
89
77
61
42
22
0
-20
-39
-55
-68
-77
-81
-82
-80
-75
-69
-62
-57
-52
-50
-50
-53
-59
-67
-76
-86
-96
-105
-111
-114
-114
-110
-102
-90
-76
-59
-41
-23
-4
13
30
45
58
70
80
88
95
101
105
108
111
112
113
113
113
111
109
106
101
95
88
79
70
59
47
34
22
9
-1
-12
-22
-30
-36
-40
-43
-44
-44
-42
-39
-35
-31
-27
-23
-20
-17
-15
-14
-14
-15
-18
-21
-25
-30
-35
-41
-46
-51
-56
-59
-61
-62
-61
-57
-52
-45
-35
-24
-12
1
15
29
43
56
68
78
86
92
96
99
100
99
97
95
91
88
83
79
75
70
65
60
55
50
44
38
31
24
17
10
3
-2
-8
-14
-18
-22
-23
-24
-23
-20
-16
-11
-4
2
9
16
22
26
29
29
27
21
12
1
-12
-27
-44
-60
-76
-90
-100
-108
-111
-111
-106
-98
-86
-72
-55
-37
-17
1
20
38
56
71
86
99
110
120
129
136
142
148
152
155
157
159
159
159
156
152
146
137
126
111
94
73
50
25
-2
-30
-59
-87
-114
-139
-161
-179
-194
-204
-210
-212
-210
-205
-197
-188
-177
-166
-154
-143
-132
-122
-112
-104
-96
-89
-82
-77
-72
-67
-64
-61
-59
-59
-59
-61
-64
-68
-74
-80
-87
-96
-104
-112
-120
-127
-133
-137
-139
-139
-136
-131
-123
-112
-99
-83
-66
-48
-28
-8
12
32
53
73
92
111
129
145
161
176
189
200
210
219
226
231
235
236
236
233
229
222
213
203
190
177
162
146
129
112
95
78
61
44
27
11
-3
-19
-34
-48
-62
-76
-88
-100
-111
-122
-130
-138
-144
-148
-150
-151
-149
-145
-139
-132
-123
-114
-104
-94
-85
-77
-69
-63
-59
-57
-56
-57
-59
-62
-66
-70
-74
-78
-81
-82
-82
-80
-75
-69
-59
-48
-34
-19
-2
14
31
48
64
78
90
101
108
114
116
117
115
112
107
100
93
86
78
70
63
56
51
48
46
46
48
51
56
62
68
74
80
85
89
91
91
89
86
80
73
66
57
49
42
35
30
27
25
25
25
27
28
29
29
29
28
25
22
18
13
9
4
0
-2
-5
-7
-9
-9
-9
-9
-9
-9
-10
-12
-14
-18
-22
-28
-33
-38
-43
-47
-49
-49
-47
-43
-37
-29
-20
-10
0
8
18
25
32
37
39
40
39
35
30
23
16
7
-1
-9
-17
-24
-31
-36
-40
-43
-45
-47
-48
-49
-49
-49
-49
-49
-49
-48
-47
-46
-44
-42
-39
-36
-32
-28
-24
-19
-14
-8
-3
1
7
12
17
22
26
31
35
38
41
42
43
42
41
38
35
30
26
20
15
10
5
0
-4
-8
-13
-19
-25
-33
-42
-51
-63
-75
-88
-102
-116
-129
-142
-153
-161
-168
-171
-171
-168
-162
-152
-139
-124
-105
-85
-63
-40
-16
6
30
51
71
89
105
117
127
134
137
138
137
134
130
124
119
113
108
103
99
96
93
91
88
85
81
75
69
61
52
42
31
19
7
-5
-18
-31
-44
-56
-68
-80
-90
-100
-107
-114
-118
-121
-121
-119
-116
-111
-104
-97
-89
-80
-71
-62
-53
-44
-35
-27
-19
-12
-6
-2
1
3
5
5
4
3
2
0
0
-2
-2
-2
-2
0
1
4
8
13
18
23
27
31
34
36
37
37
35
32
28
24
20
17
15
14
15
19
25
34
45
57
71
85
100
113
124
133
139
140
138
131
120
105
86
65
43
19
-3
-25
-45
-62
-76
-87
-94
-98
-98
-95
-89
-81
-71
-59
-47
-35
-22
-11
0
9
17
24
29
34
37
38
39
39
39
38
37
36
35
34
34
34
34
34
34
34
35
35
35
35
35
35
34
33
32
29
26
22
17
12
7
2
-3
-8
-12
-16
-20
-24
-27
-29
-32
-33
-35
-35
-36
-35
-35
-34
-32
-30
-28
-26
-23
-21
-19
-17
-15
-13
-12
-12
-11
-11
-11
-10
-10
-9
-7
-4
0
3
8
14
19
25
30
35
39
41
43
44
43
41
38
34
29
23
17
11
4
-1
-7
-12
-16
-18
-20
-20
-19
-17
-14
-12
-9
-7
-6
-5
-5
-7
-9
-12
-16
-19
-23
-26
-29
-30
-31
-31
-29
-26
-23
-18
-12
-6
0
9
18
27
38
49
60
71
81
90
98
105
110
113
113
111
107
100
90
78
63
45
26
4
-18
-42
-68
-94
-120
-146
-173
-199
-224
-249
-271
-291
-308
-320
-327
-329
-324
-312
-293
-268
-237
-201
-161
-118
-74
-30
12
52
89
122
149
172
190
201
208
210
208
202
193
181
168
153
137
120
103
86
68
51
35
19
5
-7
-17
-26
-32
-36
-38
-37
-33
-28
-21
-12
-3
6
15
23
29
34
36
36
34
30
24
16
8
0
-9
-17
-24
-29
-32
-33
-32
-29
-23
-16
-7
2
12
23
32
41
47
52
55
55
54
50
