55
56
56
55
53
49
44
38
31
24
17
11
6
1
-1
-3
-4
-4
-3
-2
-2
-2
-4
-7
-12
-20
-29
-40
-53
-66
-78
-90
-99
-106
-109
-109
-105
-97
-86
-72
-56
-39
-22
-7
6
17
25
28
26
20
9
-7
-27
-51
-78
-107
-138
-168
-197
-224
-249
-269
-284
-293
-297
-294
-284
-269
-249
-224
-195
-164
-131
-99
-67
-38
-12
9
27
39
47
50
47
39
28
12
-6
-27
-50
-74
-97
-119
-139
-156
-169
-178
-182
-181
-173
-159
-139
-112
-78
-39
4
53
104
157
209
259
305
346
378
403
417
421
415
400
375
342
304
261
215
169
124
82
44
12
-13
-32
-45
-51
-52
-48
-40
-30
-19
-8
1
10
15
17
16
12
5
-5
-17
-30
-44
-58
-71
-84
-94
-103
-110
-115
-118
-119
-119
-118
-116
-113
-111
-108
-106
-105
-105
-105
-105
-106
-107
-107
-106
-104
-100
-95
-88
-79
-68
-56
-43
-29
-15
-2
11
23
34
43
51
57
61
63
65
66
66
67
69
72
76
82
89
98
107
117
126
135
142
147
150
151
148
142
133
121
107
91
73
55
37
20
5
-7
-17
-23
-25
-22
-16
-6
6
20
36
52
66
78
86
90
90
86
77
64
48
30
11
-7
-25
-40
-51
-59
-62
-59
-52
-40
-24
-4
18
43
70
96
122
146
168
187
202
213
221
225
224
221
214
205
193
179
163
145
126
105
83
60
36
12
-12
-36
-60
-83
-104
-122
-138
-150
-160
-165
-168
-167
-163
-156
-149
-140
-131
-123
-117
-113
-111
-114
-120
-129
-142
-158
-176
-196
-216
-236
-255
-272
-285
-294
-298
-296
-288
-272
-251
-223
-189
-150
-108
-64
-18
25
68
108
143
173
198
216
229
236
237
234
226
215
200
184
166
147
127
107
88
68
49
31
13
-3
-20
-36
-52
-67
-81
-94
-107
-118
-129
-138
-146
-152
-157
-160
-162
-161
-158
-153
-146
-137
-126
-114
-101
-87
-72
-57
-41
-26
-12
1
15
27
39
49
59
67
73
79
83
85
86
85
83
80
76
71
64
58
51
43
36
29
22
15
8
1
-4
-10
-16
-22
-28
-33
-38
-42
-46
-48
-50
-51
-51
-49
-46
-42
-36
-29
-22
-12
-2
8
20
33
46
59
72
84
95
104
112
117
119
118
115
109
100
89
76
61
45
28
11
-5
-21
-36
-49
-60
-69
-74
-76
-76
-72
-65
-56
-44
-32
-19
-7
5
16
25
33
38
42
43
43
41
38
35
32
29
27
27
29
32
37
44
51
60
68
77
85
92
98
104
108
111
112
112
111
109
105
100
92
84
73
61
48
33
18
2
-12
-27
-40
-53
-63
-71
-76
-79
-80
-78
-74
-69
-62
-55
-47
-39
-31
-24
-18
-13
-9
-6
-5
-5
-6
-9
-13
-19
-25
-33
-41
-50
-59
-68
-77
-84
-91
-96
-98
-99
-96
-91
-83
-72
-59
-44
-27
-10
7
24
40
55
67
76
83
87
89
88
87
84
80
77
75
74
74
76
79
84
90
96
103
110
115
119
120
119
116
109
99
87
72
55
36
16
-3
-23
-42
-60
-76
-90
-102
-111
-118
-122
-123
-123
-121
-117
-112
-107
-102
-96
-91
-87
-84
-82
-80
-79
-77
-76
-74
-72
-68
-63
-56
-48
-39
-29
-17
-5
6
18
28
37
44
49
51
50
46
40
32
23
13
3
-6
-14
-21
-26
-29
-30
-30
-29
-28
-27
-27
-28
-32
-37
-44
-52
-61
-71
-80
-88
-94
-97
-96
-93
-86
-75
-62
-46
-28
-9
9
27
45
61
75
88
99
108
116
124
131
137
143
148
153
156
159
159
157
153
145
135
121
105
86
64
41
18
-5
-29
-51
-71
-88
-103
-114
-121
-125
-125
-121
-114
-104
-92
-77
-61
-44
-26
-8
9
25
41
54
65
73
77
78
75
69
59
46
30
12
-6
-26
-47
-66
-84
-100
-114
-124
-132
-136
-137
-135
-130
-123
-114
-103
-92
-80
-68
-57
-46
-35
-26
-17
-9
-2
4
10
15
20
24
27
30
31
31
31
28
25
20
14
8
0
-7
-14
-21
-27
-32
-34
-35
-33
-29
-23
-14
-4
7
20
33
47
59
71
80
87
92
94
93
90
84
78
70
62
54
47
41
36
33
32
32
34
36
39
41
42
42
41
37
31
23
12
0
-15
-31
-47
-64
-79
-93
-105
-113
-117
-117
-112
-103
-89
-70
-47
-20
8
38
69
100
128
154
176
193
205
212
213
208
198
183
164
141
116
90
62
35
9
-16
-39
-61
-80
-97
-112
-124
-134
-142
-146
-148
-147
-143
-136
-126
-115
-102
-87
-73
-59
-46
-35
-26
-21
-18
-19
-23
-30
-41
-53
-68
-83
-97
-110
-120
-126
-128
-125
-116
-103
-84
-62
-36
-8
21
52
82
111
137
160
179
193
202
205
201
191
175
153
125
92
54
14
-27
-69
-111
-150
-186
-217
-243
-261
-273
-277
-273
-261
-240
-213
-179
-139
-94
-46
2
51
99
142
181
213
238
254
262
262
254
240
220
196
169
142
115
89
65
44
26
12
0
-7
-12
-15
-16
-15
-13
-10
-6
-1
3
7
12
16
20
23
25
26
27
26
23
19
14
7
0
-9
-20
-31
-42
-54
-65
-76
-87
-96
-105
-112
-118
-123
-126
-128
-128
-126
-122
-116
-108
-98
-86
-73
-58
-42
-25
-7
10
28
46
63
80
95
109
120
130
138
144
148
150
151
150
148
144
138
131
123
112
99
84
67
48
28
6
-15
-37
-59
-80
-99
-115
-128
-137
-142
-143
-139
-132
-121
-107
-91
-74
-56
-38
-20
-3
12
27
41
54
65
77
87
96
104
111
117
121
122
120
114
103
88
67
41
11
-22
-59
-97
-133
-167
-196
-219
-235
-242
-240
-229
-209
-182
-148
-109
-67
-22
21
64
104
140
171
196
214
227
233
234
230
221
208
193
175
156
135
115
95
76
57
40
25
12
2
-6
-12
-16
-18
-17
-16
-13
-10
-7
-5
-5
-6
-10
-16
-24
-34
-46
-59
-71
-82
-91
-96
-98
-96
-89
-79
-65
-48
-30
-11
7
25
40
53
64
71
77
79
81
80
79
76
73
69
64
58
50
41
30
16
0
-17
-38
-61
-85
-109
-134
-157
-180
-200
-217
-231
-241
-247
-250
-249
-244
-236
-225
-211
-195
-177
-157
-136
-114
-93
-71
-51
-32
-14
1
14
26
35
42
47
50
52
52
52
52
52
52
53
55
56
59
60
61
61
58
53
46
35
22
7
-9
-25
-41
-54
-64
-70
-70
-64
-52
-35
-12
13
43
73
104
133
159
182
200
214
223
228
228
225
219
211
202
192
181
170
160
149
139
128
117
106
93
79
63
45
25
4
-17
-40
-63
-85
-104
-121
-133
-142
-146
-145
-140
-132
-121
-108
-95
-82
-71
-62
-57
-56
-60
-69
-83
-101
-124
-150
-179
-208
-238
-267
-294
-319
-340
-357
-369
-377
-379
-376
-367
-353
-332
-305
-273
-236
-195
-149
-100
-49
2
54
106
156
203
246
286
320
348
370
386
395
399
396
389
376
361
342
320
298
275
251
229
207
187
168
152
137
124
114
105
98
92
88
84
81
77
74
70
65
58
51
41
30
17
3
-11
-28
-45
-62
-79
-95
-110
-123
-134
-142
-147
-149
-148
-143
-135
-125
-111
-96
-79
-61
-43
-26
-9
5
17
26
33
36
35
32
25
17
6
-4
-15
-25
-34
-40
-44
-44
-41
-34
-25
-13
0
14
28
41
51
58
61
60
55
46
33
17
0
-17
-35
-52
-67
-79
-88
-94
-96
-95
-91
-85
-77
-68
-58
-47
-36
-26
-16
-7
1
10
18
26
33
40
46
52
57
62
65
67
68
67
65
60
55
47
38
28
17
6
-4
-15
-24
-32
-39
-43
-45
-44
-41
-36
-29
-20
-11
0
9
19
29
38
46
52
58
62
65
67
69
70
71
72
72
72
71
70
68
66
62
57
52
45
38
30
21
11
1
-8
-19
-29
-39
-49
-58
-66
-73
-79
-84
-88
-91
-93
-95
-96
-98
-100
-102
-105
-109
-113
-118
-124
-129
-134
-139
-142
-144
-143
-139
-132
-121
-108
-92
-73
-52
-30
-8
11
30
47
59
68
72
72
67
58
45
29
11
-7
-26
-45
-62
-76
-87
-95
-98
-98
-93
-85
-72
-56
-36
-13
10
37
65
93
120
145
168
187
202
211
215
213
205
193
175
154
130
105
80
56
34
17
5
-1
-2
2
12
27
45
65
86
106
123
136
144
147
144
136
121
102
79
53
25
-2
-29
-55
-76
-94
-107
-115
-119
-119
-115
-109
-102
-94
-86
-80
-75
-72
-70
-69
-69
-70
-72
-73
-75
-76
-78
-79
-80
-81
-82
-82
-82
-82
-81
-79
-75
-70
-64
-56
-47
-36
-24
-11
2
15
28
41
52
61
68
72
74
74
70
64
56
46
34
21
6
-8
-23
-38
-52
-66
-79
-90
-100
-108
-114
-119
-121
-121
-118
-114
-107
-98
-87
-75
-61
-47
-32
-17
-3
10
24
36
47
57
66
74
81
86
90
92
92
91
88
84
78
71
63
54
45
37
29
22
18
15
15
19
26
36
51
68
88
110
132
155
176
194
210
221
227
229
225
216
202
184
161
135
107
77
46
15
-15
-44
-71
-97
-119
-139
-156
-170
-181
-190
-196
-199
-200
-199
-195
-190
-183
-174
-165
-154
-143
-131
-119
-107
-95
-84
-72
-61
-50
-39
-28
-17
-7
3
14
24
35
45
55
65
74
83
90
96
101
105
107
107
106
103
99
94
88
83
77
72
69
67
66
67
69
72
76
80
84
87
88
87
84
78
70
59
46
31
14
-2
-19
-36
-52
-68
-82
-95
-107
-119
-130
-142
-153
-164
-174
-184
-192
-198
-201
-201
-197
-189
-178
-163
-145
-126
-105
-83
-63
-43
-25
-9
4
15
23
30
34
37
39
39
39
39
38
37
36
35
33
31
29
26
22
18
14
10
6
3
2
1
3
5
10
15
22
30
38
47
56
65
74
83
92
101
109
116
123
130
135
139
141
142
142
140
137
132
126
118
109
100
90
79
68
56
44
32
19
6
-7
-21
-36
-51
-66
-81
-96
-111
-126
-139
-152
-163
-172
-179
-185
-190
-193
-194
-195
-196
-196
-195
-194
-192
-189
-185
-179
-171
-160
-146
-130
-111
-90
-67
-43
-19
4
27
49
68
84
98
108
115
119
120
118
113
107
98
89
79
68
57
47
37
27
19
11
6
2
0
0
3
8
17
28
41
56
73
90
107
123
137
149
157
162
163
160
152
140
123
