-391
-438
-493
-552
-613
-674
-730
-778
-814
-836
-841
-825
-787
-726
-642
-535
-408
-263
-102
69
250
434
617
796
966
1123
1262
1381
1476
1545
1585
1595
1575
1525
1447
1343
1217
1071
911
742
569
396
230
73
-68
-194
-302
-390
-459
-510
-545
-566
-575
-575
-568
-556
-541
-523
-502
-478
-451
-420
-384
-343
-298
-250
-198
-144
-90
-37
12
58
98
131
157
174
183
184
176
160
137
107
71
30
-15
-64
-115
-168
-223
-278
-333
-388
-442
-495
-544
-590
-630
-663
-686
-698
-696
-678
-642
-587
-513
-420
-310
-186
-51
90
233
373
506
626
729
813
875
914
930
922
895
848
787
714
633
548
461
376
295
220
152
92
40
-3
-40
-72
-98
-120
-140
-157
-172
-186
-199
-209
-216
-220
-220
-214
-203
-185
-160
-129
-91
-47
1
55
110
166
220
270
312
345
367
374
367
344
306
253
187
110
24
-66
-161
-256
-348
-435
-515
-585
-644
-689
-721
-736
-736
-720
-689
-643
-582
-510
-426
-333
-230
-121
-5
116
243
373
507
643
779
912
1040
1160
1268
1361
1433
1480
1501
1491
1448
1371
1262
1122
953
762
553
334
112
-105
-312
-502
-669
-810
-922
-1006
-1062
-1093
-1101
-1092
-1068
-1034
-994
-951
-907
-864
-822
-782
-743
-704
-663
-620
-574
-524
-469
-410
-347
-279
-209
-137
-64
9
83
156
228
300
370
438
503
565
622
672
714
745
764
769
760
735
696
644
581
510
435
361
291
231
183
151
137
142
165
205
258
322
391
459
521
572
607
621
612
580
523
445
348
236
115
-10
-134
-251
-358
-451
-528
-588
-631
-659
-673
-676
-671
-660
-646
-630
-615
-602
-591
-584
-581
-585
-596
-617
-650
-696
-757
-835
-928
-1037
-1159
-1289
-1423
-1553
-1672
-1771
-1841
-1873
-1860
-1794
-1672
-1493
-1256
-967
-631
-259
138
549
960
1357
1728
2062
2351
2586
2763
2881
2937
2934
2874
2761
2600
2396
2155
1881
1580
1259
924
579
231
-112
-447
-768
-1068
-1343
-1589
-1803
-1983
-2129
-2239
-2316
-2360
-2374
-2360
-2321
-2259
-2175
-2073
-1953
-1816
-1662
-1492
-1305
-1101
-880
-643
-392
-128
142
417
689
952
1197
1419
1611
1767
1884
1959
1993
1987
1945
1870
1770
1650
1515
1373
1227
1082
940
804
675
553
437
327
220
117
15
-86
-187
-287
-384
-476
-560
-632
-687
-722
-732
-715
-668
-591
-485
-353
-199
-28
152
336
515
682
830
953
1045
1103
1123
1106
1051
960
836
682
504
305
90
-135
-368
-604
-839
-1070
-1294
-1507
-1706
-1888
-2048
-2183
-2287
-2356
-2387
-2376
-2322
-2224
-2084
-1904
-1690
-1446
-1181
-903
-620
-339
-70
182
412
618
797
950
1080
1191
1286
1371
1452
1534
1620
1714
1817
1929
2048
2171
2293
2409
2511
2594
2649
2672
2657
2599
2497
2350
2159
1930
1666
1375
1065
746
427
118
-170
-429
-650
-826
-952
-1025
-1043
-1008
-924
-799
-642
-465
-280
-101
57
183
266
297
272
189
51
-137
-366
-624
-899
-1175
-1439
-1678
-1880
-2037
-2143
-2196
-2196
-2147
-2054
-1924
-1768
-1592
-1407
-1220
-1037
-863
-702
-554
-421
-300
-190
-89
5
96
184
272
358
444
529
612
694
772
847
918
984
1047
1104
1156
1202
1241
1272
1294
1304
1301
1284
1251
1201
1134
1051
951
836
709
571
425
273
119
-35
-187
-336
-478
-614
-741
-860
-970
-1071
-1164
-1249
-1327
-1398
-1462
-1519
-1570
-1614
-1649
-1674
-1688
-1688
-1671
-1635
-1577
-1496
-1389
-1255
-1097
-914
-710
-490
-258
-22
211
436
646
833
995
1125
1224
1289
1321
1321
1294
1241
1168
1078
976
867
753
638
526
419
320
232
156
96
55
36
39
68
123
204
309
435
579
734
895
1054
1202
1333
1438
1512
1547
1540
1489
1392
1250
1067
847
595
318
24
-280
-587
-891
-1185
-1464
-1724
-1960
-2170
-2352
-2504
-2625
-2716
-2775
-2804
-2805
-2779
-2728
-2657
-2567
-2462
-2344
-2217
-2082
-1939
-1790
-1634
-1471
-1300
-1120
-929
-729
-518
-297
-67
168
409
650
889
1120
1339
1542
1724
1881
2010
2108
2176
2214
2225
2211
2178
2130
2073
2011
1950
1893
1843
1801
1767
1741
1721
1704
1687
1667
1641
1608
1565
1511
1449
1378
1303
1226
1152
1085
1029
987
961
950
954
968
989
1010
1024
1025
1007
966
898
803
681
535
369
189
2
-187
-373
-551
-716
-868
-1005
-1129
-1242
-1348
-1450
-1555
-1665
-1786
-1920
-2069
-2233
-2411
-2600
-2795
-2990
-3180
-3357
-3513
-3641
-3734
-3785
-3788
-3740
-3637
-3476
-3258
-2984
-2657
-2279
-1858
-1401
-916
-413
96
604
1096
1564
1997
2386
2724
3006
3227
3386
3482
3516
3492
3414
3288
3118
2912
2676
2417
2143
1859
1572
1287
1009
742
489
253
38
-155
-326
-473
-594
-689
-758
-800
-816
-806
-772
-716
-639
-547
-441
-328
-211
-96
11
109
193
258
304
328
332
315
280
229
166
93
14
-67
-151
-235
-318
-400
-479
-557
-632
-704
-772
-833
-885
-923
-945
-946
-923
-874
-797
-692
-561
-407
-236
-53
134
319
496
657
798
916
1007
1071
1109
1122
1113
1084
1038
977
904
819
723
616
498
369
228
77
-82
-248
-417
-583
-741
-885
-1009
-1107
-1173
-1204
-1196
-1148
-1060
-934
-773
-580
-363
-126
123
377
629
872
1096
1297
1467
1601
1695
1747
1756
1723
1649
1540
1400
1236
1054
860
661
463
270
85
-87
-247
-392
-522
-637
-737
-822
-893
-952
-999
-1035
-1062
-1082
-1097
-1109
-1120
-1134
-1151
-1175
-1205
-1244
-1290
-1342
-1398
-1454
-1504
-1544
-1568
-1570
-1543
-1483
-1388
-1254
-1081
-870
-625
-350
-50
266
593
922
1243
1549
1831
2081
2292
2456
2570
2629
2631
2575
2462
2298
2086
1835
1556
1258
955
657
377
124
-92
-267
-398
-484
-530
-539
-520
-482
-434
-384
-342
-313
-303
-313
-344
-393
-457
-531
-607
-681
-745
-794
-825
-834
-820
-785
-729
-656
-570
-475
-374
-272
-172
-76
12
95
169
236
294
344
384
414
432
435
423
393
342
269
174
57
-77
-228
-387
-550
-706
-849
-968
-1056
-1106
-1112
-1072
-984
-851
-676
-466
-232
17
270
514
738
931
1085
1194
1254
1264
1228
1150
1037
897
738
570
401
237
83
-56
-178
-283
-369
-438
-490
-525
-546
-552
-546
-527
-498
-458
-411
-356
-297
-235
-174
-116
-63
-18
15
38
48
45
28
0
-42
-95
-159
-233
-317
-411
-515
-629
-754
-888
-1029
-1175
-1322
-1464
-1596
-1712
-1805
-1869
-1901
-1897
-1857
-1780
-1671
-1534
-1375
-1201
-1019
-838
-662
-498
-349
-217
-103
-6
78
154
226
300
381
475
584
713
862
1032
1220
1424
1640
1863
2087
2307
2516
2709
2880
3026
3141
3224
3272
3283
3259
3198
3101
2968
2800
2597
2358
2086
1781
1446
1085
703
306
-96
-496
-883
-1247
-1580
-1873
-2119
-2313
-2453
-2538
-2570
-2552
-2490
-2391
-2263
-2115
-1955
-1792
-1633
-1483
-1348
-1230
-1130
-1049
-984
-932
-892
-859
-831
-805
-780
-756
-732
-711
-692
-680
-673
-675
-685
-702
-726
-754
-784
-813
-836
-853
-858
-851
-830
-793
-741
-672
-589
-491
-379
-256
-122
21
174
335
503
679
862
1053
1252
1460
1676
1900
2129
2359
2585
2800
2998
3170
3309
3407
3459
3460
3409
3306
3154
2957
2721
2453
2162
1855
1540
1226
920
627
353
101
-124
-323
-494
-639
-758
-854
-930
-989
-1035
-1071
-1101
-1127
-1153
-1179
-1206
-1234
-1262
-1289
-1313
-1331
-1340
-1338
-1323
-1293
-1245
-1178
-1093
-989
-866
-728
-576
-415
-249
-82
78
229
364
478
569
633
668
675
654
607
536
445
338
218
89
-44
-177
-308
-432
-547
-648
-735
-804
-854
-884
-893
-881
-849
-797
-728
-644
-546
-439
-326
-209
-92
21
129
228
317
394
459
509
546
570
582
583
574
556
530
496
455
407
350
286
212
128
35
-66
-175
-291
-410
-530
-646
-755
-852
-934
-995
-1033
-1046
-1031
-987
-917
-820
-701
-564
-414
-257
-99
52
192
314
413
486
530
545
529
485
415
324
214
92
-35
-165
-289
-403
-500
-576
-627
-650
-644
-607
-542
-450
-334
-199
-51
105
262
416
558
685
790
870
924
948
944
912
855
777
681
572
456
337
221
112
13
-72
-143
-198
-237
-262
-274
-276
-271
-261
-251
-242
-238
-241
-251
-269
-294
-326
-362
-398
-433
-462
-481
-486
-475
-444
-391
-317
-220
-102
34
186
350
521
695
867
1031
1182
1316
1427
1513
1569
1593
1583
1540
1464
1358
1224
1067
892
706
515
325
141
-30
-186
-323
-439
-533
-605
-657
-691
-709
-715
-711
-702
-691
-681
-675
-678
-690
-716
-755
-810
-880
-966
-1065
-1176
-1296
-1419
-1541
-1658
-1761
-1847
-1909
-1942
-1943
-1908
-1836
-1727
-1582
-1405
-1201
-973
-729
-477
-222
27
265
485
685
859
1008
1129
1225
1298
1349
1384
1405
1417
1422
1423
1423
1421
1419
1415
1408
1396
1377
1349
1310
1260
1197
1123
1038
944
844
741
638
538
444
358
282
217
164
120
86
58
34
12
-10
-37
-70
-110
-156
-210
-270
-335
-402
-469
-534
-595
-649
-694
-731
-756
-770
-773
-765
-746
-718
-681
-638
-590
-538
-486
-434
-384
-339
-299
-266
-239
-219
-205
-197
-192
-190
-188
-184
-177
-166
-148
-122
-88
-44
9
73
148
232
325
425
530
636
740
839
927
1002
1058
1093
1104
1089
1047
980
889
778
649
509
363
215
72
-62
-183
-287
-373
-439
-487
-517
-531
-533
-526
-513
-496
-479
-463
-450
-442
-439
-442
-451
-465
-485
-511
-542
-578
-620
-665
-713
-763
-814
-863
-909
-949
-981
-1003
-1013
-1008
-988
-950
-893
-818
-723
-611
-481
-335
-177
-8
165
342
515
682
838
978
1100
1200
1277
1329
1357
1360
1339
1298
1238
1163
1078
986
892
802
719
647
589
548
524
518
527
551
585
626
668
708
741
761
764
748
711
651
569
466
346
211
66
-84
-236
-384
-525
-655
-771
-872
-956
-1023
-1073
-1107
-1125
-1130
-1124
-1109
-1088
-1062
-1036
-1012
-992
-978
-972
-976
-988
-1011
-1043
-1084
-1131
-1184
-1241
-1298
-1354
-1406
-1451
-1485
-1505
-1509
-1491
-1450
-1382
-1287
-1161
-1007
-823
-614
-382
-132
130
400
669
931
1180
1410
1617
1795
1944
2062
2148
2206
2238
2247
2237
2214
2182
2144
2105
2067
2032
2000
1970
1939
1906
1865
1811
1741
1648
1530
1382
1204
995
757
495
213
-80
-378
-671
-949
-1205
-1428
-1613
-1753
-1845
-1887
-1879
-1824
-1726
-1593
-1432
-1253
-1064
-876
-698
-538
-403
-298
-226
-188
-184
-211
-264
-337
-425
-519
-614
-702
-779
-839
-880
-899
-896
-871
-825
-762
-684
-595
-498
-396
-291
-187
-84
15
112
206
297
385
469
550
627
699
765
821
867
901
921
925
913
885
842
785
717
640
558
474
392
314
244
183
133
95
68
53
47
49
58
70
83
95
104
108
106
98
82
60
32
1
-32
-66
-98
-127
-152
-170
-181
-184
-179
-166
-146
-121
-90
-58
-25
4
30
49
58
57
43
18
-19
-68
-128
-195
-268
-344
-420
-494
-564
-627
-681
-725
-758
-780
-790
-789
-776
-753
-720
-678
-627
-568
-501
-426
-344
-256
-161
-62
41
148
256
365
472
577
678
773
861
940
1009
1065
1107
1132
1141
1131
1103
1058
997
923
839
748
656
564
479
402
336
285
