20
13
5
-5
-17
-30
-43
-55
-66
-75
-82
-86
-88
-87
-82
-76
-67
-56
-43
-30
-17
-4
8
20
31
41
50
59
69
79
91
104
118
134
150
168
185
201
216
229
239
245
247
245
239
229
215
197
177
155
132
108
85
63
42
23
5
-9
-22
-34
-44
-53
-61
-67
-73
-78
-83
-87
-90
-93
-95
-97
-99
-100
-100
-100
-98
-97
-94
-91
-87
-83
-79
-75
-71
-68
-66
-64
-63
-62
-62
-62
-62
-61
-60
-58
-56
-52
-48
-44
-38
-32
-26
-21
-15
-10
-6
-3
-1
0
1
1
2
3
4
5
7
8
10
12
14
15
17
18
19
20
21
22
23
24
26
28
30
33
35
38
41
44
46
48
49
50
49
47
45
42
38
34
29
24
19
14
10
5
1
-2
-5
-9
-11
-13
-15
-16
-17
-17
-16
-14
-13
-10
-7
-4
0
2
6
9
13
15
17
19
19
19
17
15
12
8
3
-1
-6
-11
-16
-20
-22
-23
-23
-21
-18
-14
-9
-4
1
7
12
17
21
25
28
30
31
31
30
29
26
22
17
11
5
-1
-8
-15
-22
-27
-32
-36
-38
-39
-39
-38
-36
-34
-31
-28
-26
-24
-22
-21
-21
-22
-24
-27
-31
-35
-40
-45
-50
-54
-57
-60
-61
-61
-60
-57
-53
-49
-44
-38
-32
-27
-22
-18
-15
-14
-13
-13
-14
-16
-17
-18
-19
-18
-15
-11
-5
2
11
21
33
44
56
66
76
84
90
93
94
93
89
83
74
63
51
38
23
9
-4
-17
-29
-40
-49
-55
-60
-63
-63
-62
-59
-53
-47
-39
-30
-20
-10
0
8
18
26
33
39
43
47
49
50
51
50
50
49
48
46
45
44
43
42
41
39
38
35
33
29
26
22
18
14
9
5
1
-2
-5
-7
-9
-10
-10
-10
-8
-6
-3
0
2
5
9
11
14
16
17
17
17
16
14
12
9
6
2
0
-4
-8
-11
-13
-15
-15
-15
-14
-12
-9
-6
-2
2
6
11
15
18
21
22
22
21
18
13
7
0
-8
-16
-23
-30
-36
-40
-42
-41
-39
-35
-29
-22
-14
-5
2
10
17
22
25
26
24
20
13
4
-6
-18
-31
-44
-57
-68
-78
-86
-92
-97
-100
-102
-103
-104
-105
-106
-107
-107
-108
-108
-107
-104
-100
-94
-84
-72
-58
-41
-22
-1
19
41
62
83
101
118
131
143
151
156
158
158
155
150
142
133
121
109
95
80
65
49
32
16
0
-15
-31
-45
-58
-69
-79
-87
-92
-95
-95
-93
-88
-81
-71
-60
-48
-35
-21
-8
4
17
28
37
45
51
55
56
55
52
47
38
28
14
0
-18
-37
-56
-76
-95
-112
-126
-137
-145
-148
-147
-142
-133
-121
-107
-90
-71
-52
-33
-14
4
21
36
50
61
71
78
83
85
86
84
81
76
70
63
54
46
37
29
22
16
12
10
10
13
17
24
31
39
47
54
60
64
66
66
63
58
52
43
33
22
11
0
-10
-19
-27
-33
-37
-38
-38
-35
-31
-24
-17
-9
0
8
17
26
35
43
51
58
64
69
73
75
77
77
75
73
69
64
59
54
49
44
39
35
31
28
25
22
19
15
12
8
4
0
-5
-11
-18
-25
-33
-42
-51
-60
-69
-79
-88
-97
-105
-112
-117
-120
-121
-119
-114
-107
-96
-83
-67
-49
-29
-9
11
31
50
67
82
94
103
109
111
110
105
98
89
77
65
52
39
27
16
7
0
-3
-4
-3
0
4
11
20
29
38
47
55
61
66
69
70
68
63
57
48
37
25
12
-1
-15
-29
-43
-55
-67
-77
-86
-93
-99
-102
-105
-105
-103
-100
-95
-89
-81
-72
-62
-52
-41
-31
-20
-11
-3
3
8
12
14
14
12
8
3
-3
-12
-21
-31
-42
-52
-61
-70
-77
-83
-87
-90
-91
-90
-88
-85
-80
-74
-67
-60
-51
-42
-33
-24
-15
-7
0
7
13
18
21
24
27
29
31
33
36
39
43
47
53
59
65
72
79
86
93
99
105
108
111
112
110
107
102
96
88
80
70
61
52
43
34
27
20
14
9
5
1
-1
-3
-5
-6
-8
-9
-10
-11
-12
-14
-17
-19
-23
-27
-31
-36
-42
-47
-54
-60
-67
-73
-79
-83
-86
-88
-89
-88
-85
-81
-76
-69
-62
-53
-44
-34
-23
-11
0
11
23
33
43
51
58
62
64
65
63
59
53
46
38
29
19
10
0
-8
-15
-22
-27
-31
-33
-34
-33
-31
-27
-23
-18
-14
-9
-5
-1
1
4
6
7
8
9
10
10
11
12
13
15
16
19
21
24
26
29
31
33
34
35
35
35
34
32
31
29
27
26
24
22
21
20
20
19
20
20
21
23
26
29
32
37
42
47
53
58
63
67
71
73
75
75
74
71
68
63
57
50
41
32
22
10
-2
-15
-29
-43
-58
-72
-86
-98
-110
-121
-129
-137
-142
-146
-147
-147
-144
-140
-133
-125
-115
-103
-91
-78
-65
-51
-36
-22
-7
7
23
38
54
70
86
102
116
130
142
152
160
166
168
168
164
157
146
133
116
97
76
53
29
5
-19
-44
-69
-92
-113
-133
-150
-164
-176
-184
-188
-189
-187
-181
-171
-159
-143
-126
-107
-86
-65
-44
-23
-3
15
33
48
62
73
82
88
92
93
92
88
83
75
66
55
44
31
19
7
-4
-14
-24
-32
-38
-43
-46
-48
-49
-49
-49
-48
-47
-45
-43
-41
-38
-35
-31
-26
-20
-13
-6
0
8
17
25
32
40
46
52
57
60
63
64
64
63
61
58
53
48
42
36
29
21
14
7
0
-6
-13
-19
-24
-28
-32
-35
-37
-38
-38
-37
-36
-34
-32
-29
-25
-22
-18
-14
-9
-5
0
3
7
11
14
16
18
19
20
20
20
19
18
16
14
13
11
9
8
6
5
4
4
5
6
8
11
14
18
22
25
28
29
30
29
27
23
19
14
9
4
0
-5
-9
-12
-16
-18
-20
-22
-24
-26
-27
-28
-28
-28
-28
-27
-26
-25
-24
-23
-23
-23
-24
-25
-28
-31
-34
-39
-44
-49
-54
-58
-62
-65
-66
-65
-62
-56
-48
-38
-26
-13
1
17
33
48
62
75
86
94
99
102
101
98
91
82
72
60
47
35
24
14
6
0
-2
-2
0
5
12
21
31
42
53
64
74
83
91
97
101
103
104
103
100
96
90
83
74
65
54
42
30
18
6
-5
-15
-25
-32
-38
-43
-46
-48
-50
-51
-52
-54
-56
-59
-62
-67
-72
-78
-84
-91
-97
-103
-108
-112
-114
-115
-115
-113
-110
-106
-101
-96
-92
-88
-86
-84
-83
-84
-85
-87
-89
-91
-92
-92
-91
-87
-81
-72
-60
-45
-28
-9
10
32
53
74
94
112
127
140
151
158
163
165
165
163
160
156
151
145
139
132
125
118
109
100
91
80
69
58
47
36
26
16
6
-2
-11
-19
-28
-35
-43
-50
-56
-60
-64
-66
-66
-65
-62
-57
-50
-43
-35
-27
-19
-11
-4
1
6
10
13
15
15
15
14
12
9
7
4
1
-1
-3
-6
-8
-10
-12
-13
-15
-16
-18
-19
-20
-20
-21
-21
-20
-19
-18
-16
-15
-13
-11
-10
-9
-9
-9
-10
-12
-15
-18
-22
-26
-30
-35
-38
-42
-45
-47
-49
-50
-52
-53
-55
-57
-59
-62
-66
-71
-75
-80
-84
-88
-91
-92
-92
-90
-85
-78
-68
-55
-40
-23
-4
15
37
58
80
101
121
139
155
170
182
191
198
202
204
203
199
194
186
176
164
151
136
119
101
82
61
39
16
-6
-30
-53
-77
-99
-120
-139
-156
-171
-183
-193
-199
-202
-203
-200
-194
-186
-175
-162
-148
-131
-114
-95
-76
-57
-38
-20
-1
15
31
46
59
71
80
88
95
99
103
105
106
107
107
107
106
106
104
102
99
95
89
82
73
62
50
36
21
5
-10
-26
-40
-53
-62
-68
-70
-67
-60
-48
-32
-13
8
31
55
79
102
122
139
152
160
164
162
156
146
131
113
93
71
47
24
1
-20
-40
-59
-75
-90
-102
-112
-120
-126
-130
-132
-133
-134
-133
-131
-130
-127
-125
-122
-119
-114
-110
-104
-98
-90
-82
-72
-61
-50
-37
-24
-11
1
14
26
36
45
51
55
56
54
49
42
31
19
6
-8
-23
-39
-54
-68
-81
-92
-101
-108
-111
-111
-108
-100
-89
-74
-55
-34
-11
13
39
65
90
113
134
153
169
183
193
200
204
205
203
198
191
182
171
158
144
129
113
97
81
65
50
35
21
6
-7
-22
-38
-56
-74
-95
-117
-140
-165
-190
-214
-238
-258
-276
-290
-298
-301
-299
-290
-276
-256
-231
-201
-169
-134
-97
-60
-24
9
41
70
95
116
133
146
155
159
160
157
151
141
130
115
100
83
66
50
35
21
8
-1
-8
-14
-17
-18
-17
-14
-10
-5
0
6
13
20
26
33
38
43
47
51
54
56
58
60
62
64
65
66
67
67
66
64
60
56
50
43
35
26
16
7
-2
-10
-18
-24
-29
-32
-34
-33
-31
-26
-20
-12
-3
7
18
30
42
55
66
77
87
96
103
109
114
118
121
124
126
128
129
131
132
132
131
129
124
118
110
99
85
69
50
30
8
-14
-38
-60
-82
-102
-120
-134
-146
-154
-158
-159
-158
-154
-148
-141
-132
-123
-114
-105
-97
-89
-82
-75
-70
-65
-60
-56
-53
-49
-45
-41
-36
-31
-26
-21
-15
-9
-4
0
3
5
6
5
3
-1
-7
-15
-25
-35
-46
-58
-70
-82
-93
-103
-111
-118
-123
-127
-129
-129
-128
-126
-124
-120
-116
-111
-106
-99
-91
-81
-68
-54
-36
-16
6
31
59
88
118
149
178
206
231
252
269
281
288
289
286
278
265
248
228
205
181
154
127
100
73
46
20
-3
-26
-47
-66
-83
-99
-112
-123
-133
-140
-146
-149
-151
-151
-150
-148
-144
-139
-134
-129
-123
-116
-110
-103
-97
-90
-84
-78
-72
-67
-61
-56
-51
-46
-41
-35
-29
-23
-15
-8
0
7
14
21
28
33
37
40
42
42
42
40
37
34
30
26
22
18
14
11
9
8
7
8
9
11
15
19
24
29
36
42
49
55
60
64
67
69
69
68
66
63
58
54
49
44
39
35
32
30
28
28
28
28
29
30
31
31
30
29
26
23
19
15
10
6
2
0
-2
-3
-2
-1
1
5
10
16
22
29
36
44
51
57
63
68
72
74
75
74
72
68
63
57
49
41
32
22
12
2
-7
-16
-26
-34
-43
-50
-57
-63
