45
26
7
-9
-23
-34
-42
-47
-48
-47
-42
-35
-26
-16
-7
2
10
16
20
21
20
16
11
3
-4
-13
-23
-31
-39
-45
-49
-51
-52
-51
-48
-44
-38
-32
-26
-20
-13
-7
-2
2
6
9
12
15
17
20
23
26
30
34
37
41
43
45
45
44
40
35
27
18
8
-1
-12
-22
-31
-38
-43
-44
-42
-38
-30
-20
-7
5
19
33
46
57
64
69
70
67
60
50
36
19
1
-18
-38
-56
-73
-86
-96
-101
-101
-97
-88
-74
-57
-38
-16
6
30
52
73
91
107
118
125
128
127
121
111
98
83
65
45
25
5
-13
-32
-49
-65
-78
-88
-96
-100
-102
-100
-96
-89
-80
-70
-59
-48
-38
-29
-21
-16
-12
-10
-10
-12
-14
-18
-22
-26
-31
-35
-40
-44
-49
-53
-58
-63
-68
-74
-81
-89
-96
-105
-113
-120
-128
-134
-138
-141
-142
-141
-138
-133
-126
-117
-106
-94
-81
-66
-50
-34
-16
0
17
35
51
67
81
94
106
115
123
128
132
133
133
132
129
126
122
119
115
113
110
108
107
106
104
102
99
96
90
83
74
63
51
38
23
8
-6
-21
-35
-47
-57
-65
-71
-73
-73
-70
-64
-56
-46
-34
-20
-6
9
25
41
56
71
85
98
108
116
122
125
125
123
118
111
102
91
79
65
50
34
18
1
-16
-34
-52
-70
-88
-105
-121
-135
-148
-159
-167
-173
-176
-177
-174
-168
-160
-149
-136
-121
-104
-87
-69
-50
-31
-12
5
23
41
57
72
86
98
107
114
118
118
116
111
102
91
78
63
46
28
9
-9
-27
-44
-60
-73
-85
-93
-98
-100
-99
-95
-88
-79
-68
-55
-42
-29
-16
-4
5
13
19
22
22
19
13
5
-4
-16
-28
-39
-50
-58
-63
-65
-63
-57
-47
-32
-14
7
31
57
84
110
135
158
177
192
202
207
207
202
193
179
161
140
118
93
68
42
18
-5
-28
-49
-68
-86
-101
-115
-127
-137
-145
-151
-155
-156
-154
-150
-143
-133
-120
-105
-88
-71
-52
-34
-16
0
14
25
33
37
36
31
21
7
-10
-31
-55
-81
-107
-133
-158
-180
-198
-212
-220
-222
-218
-208
-191
-169
-141
-110
-75
-39
-2
32
65
94
117
136
148
155
155
150
140
126
109
91
71
51
31
13
-2
-16
-27
-35
-40
-41
-40
-37
-31
-24
-16
-8
0
8
16
25
34
43
54
66
80
96
113
132
151
171
190
208
224
239
250
258
264
266
264
260
253
242
230
215
199
181
162
143
124
106
88
72
58
45
34
26
18
13
8
4
1
-1
-5
-8
-13
-19
-26
-35
-45
-55
-67
-79
-90
-101
-111
-119
-127
-132
-136
-138
-140
-139
-138
-136
-132
-128
-122
-115
-106
-97
-85
-73
-59
-45
-30
-15
-1
11
23
32
38
41
41
37
28
17
1
-16
-37
-60
-83
-106
-127
-147
-163
-176
-185
-189
-188
-183
-174
-162
-148
-132
-116
-100
-86
-75
-66
-61
-60
-61
-65
-71
-78
-85
-90
-94
-96
-95
-90
-83
-74
-62
-50
-38
-27
-18
-12
-9
-10
-15
-22
-31
-41
-51
-58
-62
-61
-54
-40
-20
6
40
79
123
170
219
269
318
364
406
443
474
498
514
522
521
511
493
468
436
398
355
308
259
207
155
103
53
6
-37
-77
-112
-142
-167
-188
-203
-215
-224
-230
-234
-237
-240
-242
-245
-248
-251
-254
-257
-258
-258
-256
-253
-247
-239
-230
-219
-207
-194
-182
-169
-157
-145
-135
-125
-116
-107
-98
-90
-82
-74
-66
-59
-52
-45
-40
-36
-33
-31
-30
-30
-30
-30
-29
-26
-21
-15
-6
5
18
32
48
64
79
94
107
118
127
134
138
139
138
135
130
124
116
107
98
89
79
70
62
54
46
39
33
27
21
16
11
7
4
2
1
2
4
8
14
21
30
40
51
63
74
86
98
109
119
129
137
145
152
157
161
163
163
160
154
146
134
118
100
79
57
32
7
-17
-41
-64
-85
-102
-116
-126
-131
-132
-129
-122
-111
-98
-83
-66
-50
-35
-22
-11
-3
0
1
-1
-8
-17
-29
-44
-59
-76
-93
-109
-124
-137
-148
-157
-162
-163
-161
-156
-147
-135
-120
-103
-86
-68
-51
-35
-22
-11
-4
-1
-1
-5
-11
-19
-28
-38
-47
-55
-60
-63
-62
-58
-49
-38
-22
-4
15
37
60
82
103
122
138
150
158
161
160
154
145
132
117
99
81
63
46
30
15
3
-6
-13
-17
-20
-19
-17
-14
-8
-1
6
15
25
36
48
60
73
86
98
110
120
129
136
141
144
145
144
141
138
133
128
123
118
113
109
105
102
99
95
91
85
78
69
58
45
29
11
-7
-29
-51
-73
-95
-117
-137
-155
-172
-186
-198
-208
-214
-219
-221
-220
-218
-213
-207
-199
-190
-180
-168
-155
-141
-126
-109
-91
-72
-51
-29
-6
16
39
60
80
97
111
121
127
129
125
117
105
88
68
44
19
-7
-34
-60
-85
-106
-124
-137
-145
-147
-143
-133
-118
-97
-73
-47
-19
7
33
56
74
88
96
98
95
86
72
54
32
8
-14
-37
-57
-72
-81
-82
-76
-63
-42
-18
9
37
63
86
103
115
121
122
118
109
98
84
68
51
32
13
-5
-24
-44
-63
-82
-100
-116
-131
-143
-154
-161
-164
-164
-160
-152
-139
-122
-102
-79
-53
-27
-1
23
46
65
81
93
100
104
104
100
94
87
78
69
60
51
44
37
32
28
25
24
23
22
22
23
22
22
21
20
18
17
14
12
10
9
7
6
6
5
5
4
3
2
0
0
-2
-3
-4
-4
-2
0
5
12
21
31
41
53
63
73
81
86
89
89
85
78
68
56
41
25
9
-6
-22
-36
-49
-59
-67
-73
-75
-75
-73
-68
-60
-51
-40
-28
-16
-2
10
23
34
45
53
60
65
67
68
66
62
56
49
40
30
19
7
-4
-18
-31
-46
-60
-75
-89
-103
-115
-125
-132
-137
-137
-134
-127
-115
-99
-79
-55
-29
0
29
60
90
120
147
171
191
206
216
221
220
214
203
187
168
146
121
97
72
49
28
10
-4
-15
-23
-28
-30
-30
-30
-30
-32
-35
-41
-49
-59
-71
-83
-95
-105
-112
-115
-113
-106
-93
-75
-53
-26
2
32
62
90
115
135
149
156
156
149
134
112
84
51
15
-23
-62
-101
-138
-171
-200
-224
-243
-255
-262
-264
-260
-252
-241
-227
-211
-194
-177
-160
-143
-126
-110
-93
-77
-61
-43
-26
-8
9
28
46
64
81
97
112
126
139
151
161
170
178
184
190
194
197
199
201
202
203
203
202
201
200
197
194
190
184
178
170
160
149
137
122
106
87
67
44
19
-6
-34
-62
-90
-117
-142
-165
-185
-201
-213
-220
-223
-222
-216
-207
-194
-178
-161
-142
-122
-103
-85
-68
-54
-42
-32
-24
-19
-15
-13
-11
-10
-9
-7
-4
0
4
10
17
24
32
40
47
53
57
60
60
59
56
51
45
38
31
23
16
9
4
0
-3
-5
-6
-6
-5
-5
-5
-5
-6
-9
-14
-20
-27
-36
-46
-57
-67
-77
-85
-92
-95
-96
-95
-90
-82
-73
-62
-49
-36
-22
-9
3
14
24
33
40
45
49
52
55
56
57
59
60
61
63
65
67
70
73
75
78
79
79
77
74
69
61
52
40
28
14
0
-14
-28
-41
-52
-62
-69
-75
-78
-80
-81
-81
-81
-82
-84
-88
-94
-104
-115
-130
-146
-163
-181
-198
-213
-225
-233
-237
-235
-228
-216
-199
-178
-154
-128
-101
-74
-48
-24
-2
16
32
47
60
71
82
94
106
119
134
149
165
180
195
207
217
224
226
224
218
207
193
174
153
130
105
79
53
28
4
-16
-35
-52
-64
-74
-80
-82
-80
-76
-68
-57
-44
-28
-11
6
24
42
60
76
89
100
108
112
113
110
104
95
83
69
53
36
18
0
-17
-33
-48
-61
-71
-78
-83
-84
-82
-77
-69
-59
-46
-31
-14
3
22
41
59
77
94
108
119
128
133
135
133
128
120
110
98
84
70
55
41
27
14
2
-8
-18
-26
-34
-40
-46
-51
-55
-59
-62
-65
-67
-68
-69
-69
-68
-66
-63
-59
-53
-47
-40
-32
-22
-12
-1
9
21
33
45
56
66
75
82
87
89
88
84
77
67
53
36
15
-6
-30
-56
-82
-108
-132
-155
-174
-190
-201
-208
-210
-207
-198
-185
-167
-145
-119
-91
-60
-29
1
32
61
88
113
134
153
167
178
186
189
189
185
177
167
154
138
120
101
80
59
38
17
-3
-22
-41
-59
-76
-91
-104
-115
-125
-132
-136
-139
-139
-137
-133
-128
-122
-114
-107
-99
-91
-84
-77
-71
-64
-58
-52
-45
-37
-29
-19
-9
2
15
29
44
60
76
92
107
121
134
146
155
161
165
167
166
162
155
146
134
120
103
84
64
42
18
-5
-29
-54
-78
-101
-121
-140
-156
-168
-176
-181
-182
-178
-170
-159
-145
-129
-110
-91
-71
-51
-33
-16
-1
10
19
25
28
29
26
22
16
8
0
-8
-17
-25
-32
-38
-43
-45
-46
-44
-40
-34
-24
-13
1
17
35
55
75
96
118
139
160
180
199
217
233
248
260
269
275
278
276
270
259
244
225
202
176
147
116
84
52
20
-11
-40
-68
-92
-114
-132
-146
-156
-163
-166
-165
-161
-155
-146
-136
-124
-112
-100
-88
-77
-68
-59
-52
-47
-42
-39
-37
-36
-36
-37
-39
-41
-44
-47
-51
-55
-59
-62
-65
-66
-67
-67
-65
-62
-58
-52
-46
-38
-30
-22
-12
-3
6
16
26
35
45
53
61
68
73
76
77
77
74
69
61
52
41
29
16
3
-8
-20
-29
-36
-40
-42
-41
-37
-31
-23
-13
-3
6
15
24
32
38
43
47
49
49
48
46
42
37
29
20
9
-3
-18
-35
-54
-75
-97
-121
-145
-170
-195
-219
-241
-261
-277
-288
-295
-295
-289
-277
-258
-233
-204
-170
-133
-94
-55
-17
17
49
77
101
120
136
147
155
161
166
169
171
174
176
179
182
184
187
188
187
185
181
174
165
153
139
123
106
88
70
52
35
18
3
-11
-24
-36
-47
-57
-66
-74
-81
-88
-95
-100
-106
-111
-116
-121
-126
-130
-135
-139
-142
-145
-146
-147
-146
-143
-139
-134
-127
-119
-110
-99
-88
-75
-62
-47
-32
-15
2
20
39
58
78
97
115
133
148
162
174
182
188
191
191
189
184
178
170
161
153
144
136
130
124
120
116
113
110
107
103
97
90
81
70
57
42
26
9
-8
-26
-43
-59
-72
-84
-92
-99
-103
-105
-105
-103
-101
