-416
-477
-535
-587
-630
-662
-680
-684
-672
-644
-600
-541
-470
-388
-301
-210
-119
-33
46
116
175
222
255
277
286
286
277
261
241
220
198
177
160
147
140
137
140
148
161
176
193
212
229
245
258
267
271
270
264
252
234
211
183
150
115
77
39
2
-31
-62
-86
-102
-110
-107
-93
-67
-29
19
79
148
224
305
387
468
545
614
672
718
750
767
769
755
727
686
634
573
504
429
351
272
192
113
37
-35
-104
-169
-229
-283
-332
-373
-406
-431
-446
-449
-442
-422
-391
-348
-295
-233
-165
-93
-20
51
117
176
224
260
281
286
274
245
199
138
64
-21
-116
-219
-326
-435
-546
-656
-764
-869
-971
-1069
-1163
-1251
-1333
-1407
-1472
-1527
-1568
-1596
-1607
-1600
-1575
-1529
-1462
-1374
-1267
-1140
-997
-838
-667
-487
-300
-111
78
264
444
616
776
922
1052
1164
1256
1325
1369
1389
1382
1350
1294
1214
1114
997
867
728
585
441
300
168
47
-58
-148
-219
-270
-301
-311
-301
-272
-225
-163
-86
3
103
211
324
442
560
675
786
888
978
1053
1110
1147
1161
1152
1119
1063
983
884
767
636
495
348
199
52
-88
-220
-340
-446
-538
-615
-676
-723
-756
-777
-789
-791
-788
-779
-766
-752
-735
-717
-698
-677
-654
-629
-601
-569
-533
-492
-446
-396
-342
-283
-221
-157
-92
-26
37
99
156
208
251
286
309
320
316
298
264
216
153
78
-6
-97
-190
-281
-366
-439
-498
-538
-558
-556
-533
-491
-431
-358
-275
-188
-101
-18
56
121
174
216
247
269
286
302
320
345
379
426
485
558
642
736
835
936
1033
1122
1199
1258
1298
1315
1309
1279
1229
1159
1074
978
874
767
661
559
463
374
294
222
157
98
44
-6
-55
-105
-155
-206
-260
-316
-375
-435
-495
-556
-616
-674
-729
-780
-827
-868
-905
-935
-960
-980
-993
-1000
-1001
-996
-984
-966
-941
-911
-876
-837
-796
-754
-714
-677
-646
-621
-603
-593
-591
-595
-604
-615
-627
-635
-637
-630
-611
-577
-529
-465
-386
-293
-189
-77
40
158
275
386
488
580
660
726
778
818
846
864
874
878
879
876
873
869
865
860
854
844
832
814
792
766
736
703
670
638
609
583
563
546
533
521
508
491
466
429
379
312
227
125
5
-129
-275
-429
-586
-740
-884
-1015
-1126
-1213
-1273
-1304
-1305
-1277
-1222
-1143
-1045
-931
-808
-681
-554
-434
-323
-224
-141
-74
-23
10
30
37
33
21
1
-21
-47
-72
-96
-115
-130
-137
-138
-131
-116
-95
-69
-40
-8
22
51
76
96
109
116
117
111
100
84
66
46
27
11
-1
-9
-11
-7
3
21
44
73
105
140
176
214
253
292
333
374
419
466
517
574
635
701
771
844
916
984
1046
1097
1132
1150
1147
1121
1072
1000
907
796
672
538
399
260
126
1
-111
-210
-292
-357
-406
-439
-459
-469
-471
-468
-463
-459
-457
-460
-467
-480
-497
-517
-540
-564
-588
-610
-630
-647
-661
-671
-677
-680
-679
-675
-668
-657
-642
-623
-599
-570
-534
-492
-443
-386
-323
-252
-175
-92
-5
83
173
263
349
430
505
571
628
675
711
736
751
756
752
740
720
694
661
623
579
532
481
428
374
321
269
222
179
143
115
94
81
75
74
76
78
77
72
60
40
11
-25
-67
-112
-157
-196
-227
-243
-243
-225
-187
-132
-61
18
103
186
260
319
358
373
361
321
252
158
42
-91
-235
-384
-531
-669
-792
-895
-973
-1025
-1050
-1048
-1019
-968
-896
-807
-705
-591
-470
-344
-214
-84
44
171
293
409
518
618
706
782
843
889
917
927
918
889
843
778
698
603
496
381
260
136
13
-104
-216
-316
-404
-476
-531
-567
-584
-583
-564
-529
-481
-423
-358
-290
-222
-159
-105
-61
-31
-16
-18
-37
-71
-119
-180
-250
-325
-402
-477
-546
-606
-652
-682
-694
-686
-659
-612
-547
-467
-373
-269
-158
-44
71
185
295
399
498
589
673
750
819
882
937
984
1024
1054
1074
1082
1075
1052
1012
951
868
764
638
492
328
149
-39
-233
-428
-616
-793
-953
-1092
-1204
-1287
-1339
-1359
-1345
-1300
-1225
-1122
-997
-853
-696
-531
-364
-201
-47
93
218
324
410
476
522
549
559
554
535
505
464
415
360
299
235
169
104
42
-16
-67
-111
-145
-168
-180
-180
-170
-150
-122
-89
-52
-15
18
48
71
84
88
80
62
34
-1
-45
-92
-142
-192
-240
-282
-319
-347
-365
-372
-365
-344
-307
-255
-185
-99
2
117
244
380
521
664
803
936
1057
1164
1252
1321
1368
1392
1393
1372
1329
1266
1185
1087
976
853
721
583
442
299
158
19
-114
-242
-364
-479
-589
-692
-791
-886
-977
-1066
-1151
-1233
-1310
-1382
-1444
-1496
-1534
-1554
-1556
-1535
-1492
-1426
-1338
-1229
-1104
-967
-822
-675
-532
-399
-282
-184
-108
-57
-30
-26
-41
-71
-110
-151
-187
-211
-218
-202
-160
-90
8
133
282
449
630
817
1005
1187
1357
1509
1641
1748
1829
1883
1910
1911
1887
1839
1769
1679
1569
1441
1295
1131
952
756
546
323
90
-149
-393
-634
-868
-1086
-1283
-1451
-1583
-1673
-1716
-1708
-1649
-1539
-1382
-1181
-945
-682
-401
-112
172
445
697
920
1110
1262
1375
1448
1484
1484
1453
1395
1316
1220
1112
996
876
754
633
512
391
268
140
6
-136
-291
-458
-639
-833
-1037
-1249
-1463
-1674
-1878
-2067
-2235
-2379
-2493
-2575
-2623
-2637
-2620
-2572
-2500
-2408
-2300
-2182
-2058
-1932
-1805
-1679
-1553
-1427
-1298
-1165
-1026
-880
-726
-564
-395
-222
-45
132
307
479
644
803
955
1100
1238
1371
1499
1623
1744
1863
1977
2086
2188
2279
2359
2423
2469
2495
2499
2480
2438
2374
2288
2182
2059
1921
1773
1618
1461
1305
1154
1012
880
760
651
552
459
369
277
178
69
-53
-191
-346
-514
-693
-878
-1061
-1236
-1395
-1531
-1637
-1706
-1737
-1727
-1676
-1588
-1468
-1321
-1155
-980
-803
-632
-476
-340
-228
-143
-87
-57
-51
-66
-97
-138
-184
-230
-271
-304
-326
-335
-332
-318
-294
-264
-231
-199
-172
-152
-143
-146
-161
-190
-230
-280
-338
-400
-463
-521
-573
-615
-642
-655
-649
-626
-584
-525
-449
-357
-251
-133
-3
137
286
444
609
779
954
1130
1307
1480
1645
1800
1938
2054
2144
2203
2226
2210
2154
2058
1924
1755
1557
1338
1106
869
635
413
210
30
-122
-246
-342
-411
-457
-483
-496
-499
-499
-499
-504
-516
-537
-566
-601
-642
-684
-722
-753
-771
-771
-750
-705
-635
-539
-419
-279
-124
39
206
367
516
645
749
823
865
872
846
788
701
588
454
304
144
-20
-186
-346
-498
-636
-758
-862
-944
-1005
-1041
-1054
-1043
-1009
-954
-880
-791
-692
-588
-483
-384
-297
-227
-178
-154
-156
-186
-241
-319
-418
-530
-652
-776
-899
-1013
-1116
-1204
-1275
-1328
-1364
-1382
-1385
-1373
-1350
-1317
-1275
-1225
-1169
-1106
-1036
-960
-878
-788
-690
-583
-467
-340
-204
-59
95
258
427
600
774
945
1112
1270
1416
1548
1662
1758
1833
1886
1916
1924
1909
1873
1817
1742
1650
1546
1431
1309
1183
1058
936
819
710
609
516
431
352
277
203
127
48
-37
-131
-234
-345
-463
-586
-711
-835
-953
-1063
-1160
-1243
-1309
-1359
-1393
-1412
-1417
-1413
-1400
-1382
-1361
-1338
-1314
-1289
-1262
-1231
-1193
-1147
-1087
-1013
-921
-810
-678
-528
-361
-180
9
203
396
580
750
901
1030
1132
1207
1256
1279
1280
1263
1232
1192
1146
1098
1052
1008
967
928
891
852
809
760
701
629
545
446
334
210
75
-64
-208
-349
-483
-606
-712
-797
-859
-894
-901
-880
-830
-755
-655
-535
-398
-250
-94
64
222
374
516
647
763
864
949
1018
1073
1113
1142
1161
1172
1175
1172
1163
1149
1130
1106
1076
1039
995
942
882
811
731
639
536
420
292
152
0
-161
-331
-508
-687
-866
-1040
-1204
-1353
-1483
-1590
-1670
-1720
-1738
-1724
-1678
-1603
-1501
-1376
-1232
-1075
-909
-739
-569
-404
-246
-98
39
166
283
391
490
583
670
753
832
908
980
1049
1113
1171
1223
1266
1299
1321
1330
1324
1301
1260
1200
1120
1020
901
765
612
448
274
96
-82
-256
-422
-575
-712
-830
-927
-1002
-1054
-1084
-1093
-1083
-1056
-1014
-960
-895
-822
-743
-661
-577
-493
-411
-332
-258
-191
-130
-78
-36
-3
17
27
26
12
-13
-50
-98
-154
-217
-283
-351
-415
-474
-524
-562
-587
-599
-597
-583
-558
-526
-489
-449
-411
-375
-344
-318
-298
-282
-270
-260
-250
-239
-224
-203
-176
-141
-99
-48
10
76
148
223
301
380
456
530
599
663
722
775
824
868
908
945
980
1011
1038
1062
1080
1093
1100
1098
1089
1072
1045
1011
968
917
858
790
712
626
528
419
296
159
8
-158
-340
-535
-741
-956
-1175
-1394
-1609
-1813
-2001
-2168
-2310
-2421
-2498
-2540
-2543
-2509
-2439
-2334
-2200
-2040
-1860
-1665
-1463
-1258
-1057
-863
-680
-512
-359
-222
-101
4
97
179
251
317
378
435
491
546
601
655
710
763
815
865
913
960
1007
1055
1107
1166
1234
1313
1405
1510
1627
1753
1884
2014
2135
2240
2322
2373
2387
2359
2287
2171
2010
1810
1574
1308
1019
715
404
94
-208
-496
-763
-1004
-1214
-1391
-1532
-1637
-1706
-1740
-1743
-1717
-1668
-1601
-1520
-1432
-1340
-1249
-1162
-1082
-1008
-939
-876
-814
-752
-687
-616
-538
-452
-357
-256
-150
-43
61
159
247
321
379
417
435
434
415
381
335
283
229
180
140
115
109
125
165
228
314
418
537
664
793
919
1033
1132
1210
1265
1295
1301
1282
1243
1187
1118
1039
956
871
787
706
628
554
481
410
339
266
191
113
31
-53
-140
-229
-317
-404
-487
-565
-637
-703
-760
-810
-853
-889
-919
-944
-965
-980
-989
-992
-987
-971
-943
-902
-846
-776
-692
-595
-490
-380
-269
-164
-70
8
66
102
114
102
69
20
-38
-101
-159
-204
-229
-227
-195
-130
-33
90
236
394
554
706
838
940
1005
1026
1000
927
810
655
468
259
37
-186
-402
-601
-775
-919
-1027
-1099
-1133
-1131
-1095
-1030
-939
-829
-704
-569
-429
-290
-155
-29
85
185
267
329
367
378
360
311
228
110
-41
-225
-438
-673
-923
-1177
-1424
-1650
-1844
-1994
-2089
-2123
-2090
-1989
-1824
-1599
-1324
-1009
-666
-308
52
405
739
1047
1323
1565
1771
1942
2080
2188
2268
2326
2363
2382
2385
2375
2351
2315
2267
2207
2136
2055
1964
1864
1756
1641
1520
1392
1259
1120
976
826
670
508
340
168
-6
-181
-354
-521
-677
-820
-944
-1048
-1129
-1186
-1218
-1229
-1220
-1196
-1162
-1123
-1085
-1053
-1030
-1018
-1019
-1030
-1050
-1073
-1095
-1109
-1110
-1094
-1057
-997
-915
-814
-699
-577
-457
-347
-256
-192
-164
-175
-228
-324
-458
-627
-821
-1030
-1245
-1453
-1643
-1805
-1930
-2010
-2042
-2023
-1953
-1835
-1673
-1474
-1243
-989
-719
-438
-154
128
405
675
934
1181
1414
1632
1832
2012
2170
2303
2409
2486
2533
2549
2535
2493
2426
2339
2235
2120
2000
1879
1763
1654
1555
1467
1388
1318
1254
1190
1123
1049
961
858
736
594
432
252
57
-147
-357
-567
-768
-956
-1124
-1268
-1384
-1469
