768
651
492
295
67
-183
-447
-712
-967
-1201
-1405
-1569
-1686
-1754
-1768
-1729
-1638
-1501
-1322
-1110
-873
-620
-362
-109
128
343
526
669
767
816
814
760
656
506
317
96
-146
-401
-655
-897
-1116
-1303
-1449
-1549
-1599
-1600
-1553
-1463
-1336
-1181
-1004
-815
-620
-425
-235
-53
119
283
438
585
726
861
988
1108
1216
1311
1389
1445
1475
1478
1452
1394
1307
1193
1054
897
726
549
373
203
47
-89
-204
-293
-354
-388
-396
-381
-348
-302
-248
-192
-138
-93
-58
-38
-33
-44
-71
-112
-167
-233
-309
-392
-481
-574
-669
-766
-863
-959
-1053
-1142
-1226
-1301
-1366
-1418
-1453
-1469
-1463
-1431
-1372
-1285
-1169
-1026
-858
-668
-464
-250
-35
172
364
533
673
778
844
872
862
818
744
648
536
417
298
187
88
7
-51
-86
-95
-80
-39
25
113
222
350
494
651
817
989
1161
1328
1484
1623
1741
1833
1896
1927
1927
1897
1838
1754
1649
1527
1393
1250
1101
950
799
647
495
343
191
38
-116
-272
-431
-591
-752
-913
-1073
-1229
-1381
-1528
-1667
-1799
-1921
-2033
-2134
-2223
-2301
-2366
-2417
-2455
-2478
-2484
-2473
-2441
-2387
-2309
-2205
-2074
-1915
-1729
-1516
-1279
-1021
-747
-461
-168
126
417
700
970
1223
1459
1673
1867
2039
2192
2326
2443
2545
2633
2708
2770
2818
2852
2869
2866
2841
2792
2715
2610
2474
2309
2115
1894
1650
1387
1109
821
530
239
-43
-316
-572
-808
-1020
-1206
-1364
-1491
-1588
-1653
-1687
-1691
-1666
-1615
-1540
-1443
-1328
-1199
-1059
-912
-762
-611
-463
-322
-189
-68
39
132
209
267
306
325
324
302
259
197
117
20
-89
-209
-336
-464
-591
-710
-816
-906
-974
-1017
-1032
-1016
-968
-887
-774
-630
-458
-260
-43
188
428
670
906
1130
1334
1512
1657
1767
1835
1860
1840
1775
1665
1512
1320
1094
838
560
267
-31
-330
-619
-890
-1137
-1351
-1528
-1663
-1752
-1794
-1786
-1731
-1629
-1485
-1303
-1090
-853
-600
-340
-82
163
388
583
741
856
923
942
912
837
724
580
413
234
53
-121
-280
-418
-531
-615
-671
-700
-703
-686
-653
-608
-556
-502
-451
-405
-366
-335
-314
-300
-292
-289
-286
-283
-274
-259
-234
-199
-152
-93
-20
63
158
262
373
490
609
727
841
949
1046
1131
1199
1247
1274
1276
1252
1200
1120
1012
877
718
537
339
130
-85
-302
-512
-709
-886
-1039
-1161
-1249
-1299
-1310
-1282
-1218
-1122
-997
-851
-690
-524
-358
-202
-60
60
157
228
274
296
298
286
264
238
215
200
195
203
225
259
302
349
395
433
456
459
436
384
301
188
49
-110
-285
-467
-645
-813
-961
-1082
-1173
-1231
-1255
-1247
-1212
-1154
-1081
-999
-914
-834
-763
-705
-659
-627
-606
-592
-580
-564
-540
-501
-444
-366
-264
-138
8
174
354
544
735
923
1100
1260
1397
1507
1586
1632
1643
1621
1567
1483
1375
1247
1105
955
804
657
520
398
295
213
154
118
105
111
135
172
218
269
321
369
410
441
460
466
458
437
403
358
303
240
170
95
16
-64
-146
-228
-308
-385
-457
-524
-585
-637
-680
-713
-736
-747
-745
-731
-702
-659
-600
-524
-433
-326
-204
-69
75
228
386
543
696
840
971
1087
1183
1259
1313
1346
1359
1353
1332
1298
1253
1201
1142
1077
1007
930
843
745
633
504
357
191
7
-194
-409
-633
-862
-1088
-1306
-1508
-1691
-1847
-1974
-2068
-2127
-2151
-2141
-2098
-2026
-1929
-1812
-1680
-1541
-1400
-1263
-1137
-1025
-933
-862
-816
-794
-795
-818
-859
-914
-977
-1044
-1106
-1158
-1193
-1204
-1187
-1138
-1055
-937
-785
-602
-394
-167
71
313
552
777
985
1168
1323
1450
1547
1618
1666
1694
1707
1708
1702
1691
1677
1660
1639
1612
1577
1532
1473
1398
1306
1196
1071
932
782
628
474
328
194
80
-11
-75
-111
-119
-100
-59
0
70
147
221
288
342
378
394
389
363
316
252
172
79
-22
-130
-242
-355
-467
-577
-683
-784
-878
-962
-1036
-1098
-1144
-1173
-1184
-1174
-1142
-1089
-1015
-923
-815
-695
-568
-437
-309
-187
-75
23
109
179
236
282
320
353
386
421
463
512
569
633
701
772
840
900
948
978
987
970
924
848
740
603
438
248
39
-181
-409
-634
-849
-1045
-1216
-1356
-1461
-1528
-1559
-1554
-1520
-1460
-1382
-1293
-1199
-1105
-1016
-934
-861
-795
-734
-674
-612
-544
-465
-372
-264
-139
0
155
320
492
668
842
1011
1171
1319
1454
1574
1678
1765
1836
1891
1930
1952
1957
1946
1918
1874
1814
1740
1653
1556
1452
1344
1237
1132
1034
944
864
792
727
668
609
547
478
399
305
196
69
-75
-235
-410
-596
-788
-983
-1175
-1360
-1532
-1686
-1819
-1926
-2006
-2056
-2077
-2069
-2034
-1975
-1893
-1793
-1676
-1547
-1409
-1263
-1113
-962
-812
-666
-527
-396
-276
-168
-72
12
85
150
209
264
318
374
432
492
554
615
673
722
759
778
775
746
689
604
491
353
195
25
-149
-321
-480
-618
-728
-804
-841
-839
-797
-719
-610
-474
-321
-158
5
164
312
442
553
643
712
764
800
824
839
848
852
851
844
830
804
764
705
624
517
382
220
32
-178
-408
-649
-895
-1135
-1363
-1569
-1746
-1888
-1991
-2054
-2077
-2062
-2015
-1942
-1849
-1744
-1633
-1521
-1413
-1311
-1216
-1127
-1041
-954
-861
-757
-636
-495
-326
-129
101
364
659
983
1332
1698
2074
2450
2814
3155
3461
3723
3930
4074
4149
4153
4084
3944
3738
3471
3153
2794
2405
1998
1587
1183
799
444
128
-144
-369
-545
-675
-763
-816
-841
-849
-847
-846
-852
-873
-914
-975
-1059
-1163
-1282
-1413
-1546
-1674
-1790
-1884
-1951
-1986
-1984
-1945
-1871
-1766
-1633
-1481
-1317
-1149
-984
-828
-689
-569
-470
-395
-340
-304
-284
-273
-268
-263
-253
-234
-204
-160
-102
-33
43
126
208
284
350
401
433
443
432
399
349
284
211
136
65
3
-42
-68
-72
-53
-11
51
132
225
327
431
534
630
715
788
844
884
906
911
899
873
834
785
729
669
609
553
504
466
439
427
428
439
460
483
505
519
521
503
464
399
309
194
55
-100
-269
-445
-621
-789
-943
-1077
-1185
-1265
-1315
-1333
-1323
-1287
-1229
-1153
-1065
-971
-875
-781
-692
-610
-535
-467
-406
-349
-295
-243
-190
-137
-82
-26
29
84
138
188
232
270
300
322
334
338
335
325
312
297
283
273
269
273
287
311
346
391
444
503
566
630
691
746
789
819
831
821
788
729
643
530
392
231
52
-141
-343
-546
-742
-925
-1086
-1220
-1321
-1387
-1413
-1402
-1354
-1274
-1167
-1040
-901
-757
-617
-489
-379
-291
-229
-194
-184
-197
-229
-272
-321
-368
-406
-430
-434
-416
-373
-306
-216
-107
16
152
292
433
568
695
808
907
988
1053
1101
1134
1155
1164
1165
1161
1154
1145
1137
1130
1125
1123
1123
1127
1132
1140
1149
1158
1167
1174
1179
1178
1172
1158
1136
1104
1061
1007
942
866
780
684
578
465
344
216
81
-59
-206
-357
-512
-669
-827
-983
-1135
-1282
-1420
-1547
-1661
-1759
-1842
-1907
-1952
-1979
-1986
-1973
-1941
-1891
-1825
-1743
-1650
-1548
-1441
-1333
-1228
-1129
-1038
-959
-892
-836
-791
-755
-722
-690
-653
-605
-542
-460
-354
-225
-71
104
298
504
715
922
1118
1295
1446
1564
1648
1694
1704
1679
1623
1540
1436
1318
1190
1059
930
808
696
597
512
443
391
354
332
323
325
336
354
377
401
425
446
461
467
462
445
414
369
309
235
150
56
-44
-148
-252
-353
-447
-534
-610
-676
-733
-780
-821
-857
-890
-922
-954
-989
-1025
-1063
-1099
-1132
-1159
-1175
-1177
-1163
-1128
-1072
-993
-891
-769
-629
-475
-312
-146
17
173
316
443
549
633
694
733
753
754
740
715
681
642
598
554
509
465
421
379
336
293
249
202
152
97
35
-32
-107
-191
-281
-378
-479
-583
-686
-786
-878
-960
-1028
-1078
-1109
-1119
-1105
-1068
-1007
-923
-816
-690
-544
-383
-208
-24
166
359
550
736
912
1074
1220
1348
1455
1541
1606
1652
1680
1692
1691
1679
1657
1629
1594
1552
1505
1450
1386
1311
1225
1125
1011
881
738
580
411
233
49
-136
-319
-497
-663
-815
-950
-1064
-1155
-1222
-1265
-1282
-1276
-1247
-1198
-1130
-1047
-951
-846
-735
-621
-509
-402
-302
-211
-133
-68
-18
18
41
52
52
44
29
11
-7
-26
-43
-55
-62
-63
-58
-47
-30
-7
20
53
90
133
179
230
286
346
409
476
545
615
684
750
811
864
908
939
957
960
946
916
871
812
741
663
579
494
411
333
262
198
141
91
44
-1
-50
-105
-168
-243
-330
-430
-541
-661
-787
-915
-1041
-1159
-1266
-1356
-1426
-1473
-1495
-1493
-1468
-1421
-1358
-1282
-1201
-1121
-1048
-988
-947
-928
-933
-961
-1012
-1081
-1162
-1248
-1331
-1402
-1453
-1475
-1463
-1411
-1316
-1178
-999
-782
-534
-261
24
316
604
878
1130
1355
1546
1702
1820
1903
1950
1967
1956
1924
1873
1810
1740
1666
1594
1526
1464
1409
1363
1322
1286
1250
1212
1167
1110
1038
948
837
703
547
370
172
-40
-265
-496
-727
-952
-1164
-1356
-1521
-1656
-1755
-1817
-1840
-1824
-1773
-1688
-1576
-1440
-1289
-1128
-964
-804
-652
-515
-394
-294
-213
-151
-107
-79
-61
-52
-47
-42
-34
-21
-1
27
66
114
173
241
318
403
495
592
693
795
896
993
1085
1168
1239
1295
1335
1355
1354
1331
1285
1216
1125
1015
888
748
597
441
282
126
-25
-170
-305
-429
-540
-638
-720
-786
-834
-864
-874
-863
-833
-783
-716
-634
-542
-443
-342
-244
-155
-79
-20
18
35
28
-1
-54
-127
-218
-323
-437
-558
-680
-799
-911
-1012
-1099
-1168
-1216
-1240
-1238
-1209
-1151
-1063
-945
-800
-629
-434
-220
7
246
488
728
959
1176
1372
1543
1683
1789
1859
1890
1885
1844
1769
1666
1539
1393
1235
1072
908
750
603
471
356
261
187
132
96
76
70
74
84
97
108
116
116
108
89
60
21
-26
-82
-144
-209
-276
-341
-403
-459
-509
-550
-581
-604
-618
-624
-623
-617
-607
-594
-581
-569
-558
-548
-539
-532
-525
-517
-508
-496
-481
-462
-438
-408
-373
-332
-285
-229
-165
-92
-9
83
185
296
412
531
649
760
860
943
1004
1040
1047
1022
964
873
750
597
416
212
-10
-247
-492
-738
-979
-1206
-1413
-1593
-1739
-1846
-1910
-1929
-1903
-1831
-1718
-1567
-1384
-1175
-947
-708
-465
-226
1
211
395
550
668
748
787
785
742
662
550
412
256
90
-74
-231
-369
-479
-555
-588
-575
-512
-397
-233
-22
230
516
826
1150
1476
1790
2083
2342
2558
2724
2834
2885
2877
2810
2688
2514
2296
2038
1748
1432
1099
755
408
64
-268
-586
-883
-1154
-1396
-1606
-1782
-1923
-2028
-2096
-2129
-2126
-2090
-2021
-1923
-1800
-1654
-1492
-1318
-1139
-960
-789
-629
-485
-362
-260
-179
-119
-76
-47
-27
-12
3
22
50
87
134
190
255
324
395
464
525
577
614
635
639
623
589
539
473
396
310
220
129
42
-38
-109
-168
-214
-245
-263
-267
-261
-245
-223
-197
-169
-143
-119
-99
-84
-74
-68
-66
-67
-69
-71
-72
-73
-71
-67
-61
-53
-43
-31
-18
-4
8
20
30
38
42
41
36
26
11
-7
-29
-53
-77
-100
-120
-134
