-101
-87
-74
-63
-55
-48
-44
-40
-38
-36
-34
-30
-25
-17
-8
3
16
31
47
63
79
94
107
117
125
129
131
129
125
119
111
101
90
79
67
55
44
32
21
10
1
-7
-15
-22
-27
-31
-34
-35
-35
-34
-32
-29
-26
-22
-18
-13
-9
-5
-1
1
5
9
14
18
23
29
35
41
47
52
57
61
63
64
63
60
54
47
37
25
11
-4
-21
-38
-56
-73
-89
-103
-115
-123
-128
-129
-126
-121
-112
-101
-89
-77
-64
-52
-42
-34
-27
-23
-21
-21
-23
-25
-28
-31
-33
-34
-33
-29
-23
-15
-5
6
19
32
45
57
67
76
84
90
95
100
105
110
115
122
130
139
149
159
169
179
187
193
197
198
195
187
176
161
141
118
93
66
37
9
-16
-41
-62
-78
-90
-97
-99
-96
-88
-77
-64
-49
-35
-21
-9
-1
3
3
0
-9
-22
-39
-59
-82
-105
-129
-152
-173
-191
-205
-214
-218
-217
-211
-200
-186
-169
-149
-129
-108
-88
-70
-53
-38
-24
-12
-1
8
18
29
40
51
64
78
92
107
122
137
151
164
175
183
189
192
191
188
181
171
158
143
126
108
89
69
50
30
12
-5
-22
-38
-51
-64
-74
-83
-91
-98
-104
-111
-118
-126
-135
-146
-158
-170
-182
-193
-202
-208
-209
-207
-198
-185
-166
-143
-117
-88
-59
-30
-3
20
39
53
62
64
61
53
41
25
8
-9
-27
-42
-54
-61
-64
-62
-54
-41
-24
-3
19
43
66
88
107
120
129
131
126
114
95
70
40
7
-27
-60
-91
-115
-132
-140
-136
-121
-94
-57
-11
41
98
157
213
265
310
345
369
382
382
371
349
319
281
239
193
148
103
62
25
-6
-31
-51
-65
-74
-79
-80
-79
-76
-72
-67
-62
-58
-53
-49
-45
-42
-38
-35
-32
-30
-29
-29
-31
-35
-40
-46
-55
-64
-75
-87
-98
-109
-120
-129
-136
-140
-143
-142
-139
-134
-126
-115
-103
-90
-75
-59
-43
-26
-10
6
22
37
52
67
82
98
113
128
144
160
175
188
201
211
218
221
220
215
205
190
170
146
118
86
52
16
-20
-56
-90
-122
-150
-174
-192
-204
-210
-209
-203
-190
-172
-151
-126
-99
-73
-47
-24
-4
11
21
27
29
26
19
10
0
-9
-18
-25
-29
-29
-26
-19
-8
5
22
39
57
74
88
99
106
108
105
97
83
65
42
17
-8
-35
-62
-86
-106
-123
-134
-140
-140
-134
-123
-108
-89
-69
-48
-28
-10
3
14
21
24
23
19
12
5
-3
-11
-18
-24
-29
-32
-34
-34
-34
-33
-33
-33
-34
-37
-40
-46
-53
-61
-71
-81
-93
-104
-115
-126
-135
-142
-148
-150
-150
-146
-138
-126
-110
-90
-67
-40
-11
18
48
78
105
129
149
163
170
172
166
154
137
115
90
64
37
12
-10
-29
-44
-54
-59
-60
-56
-50
-40
-29
-16
-4
7
19
29
37
45
51
56
61
64
67
69
71
71
69
66
61
55
46
36
25
14
4
-3
-9
-11
-8
-1
10
27
48
73
99
127
153
178
199
215
225
228
225
214
196
171
141
106
68
29
-10
-47
-81
-110
-133
-150
-159
-160
-153
-139
-119
-92
-60
-24
13
52
91
128
161
190
213
230
240
243
239
229
214
195
173
148
123
98
73
50
29
9
-8
-25
-40
-56
-71
-86
-101
-117
-133
-148
-163
-177
-190
-200
-208
-213
-215
-214
-208
-200
-188
-173
-155
-137
-117
-97
-78
-59
-43
-28
-15
-4
4
11
18
24
29
36
43
51
60
70
81
91
100
108
112
112
108
97
81
59
32
0
-36
-74
-113
-150
-185
-215
-239
-255
-263
-262
-251
-230
-200
-162
-117
-67
-12
43
100
154
205
250
289
320
343
356
361
357
344
323
296
263
226
186
144
101
59
19
-18
-52
-83
-110
-132
-151
-165
-175
-181
-185
-186
-186
-184
-182
-180
-179
-179
-181
-184
-189
-195
-203
-211
-220
-229
-237
-245
-250
-253
-253
-249
-241
-228
-210
-188
-160
-128
-92
-53
-13
27
68
106
141
171
196
215
228
234
235
230
221
208
192
174
155
136
116
96
77
57
39
20
3
-12
-27
-40
-51
-58
-62
-62
-58
-50
-38
-22
-5
14
34
53
70
84
95
100
101
97
87
73
56
34
11
-13
-40
-66
-91
-115
-137
-157
-174
-187
-197
-202
-203
-199
-191
-179
-163
-143
-120
-94
-66
-37
-7
24
55
87
118
149
179
208
236
261
284
305
322
335
343
346
344
336
322
302
277
247
214
179
142
106
72
41
14
-8
-26
-38
-46
-50
-50
-47
-43
-39
-35
-32
-31
-32
-35
-41
-49
-59
-70
-82
-93
-105
-115
-124
-133
-140
-145
-150
-154
-158
-161
-164
-167
-171
-176
-181
-187
-194
-202
-211
-220
-229
-239
-247
-255
-261
-264
-266
-265
-262
-256
-249
-239
-227
-213
-198
-180
-159
-135
-108
-77
-42
-2
40
86
134
182
231
277
319
356
386
408
422
427
423
410
390
362
330
294
257
220
185
154
127
104
87
75
67
63
61
61
61
61
61
59
56
51
44
37
28
18
9
0
-7
-15
-21
-27
-31
-35
-39
-43
-48
-54
-61
-70
-80
-91
-104
-116
-129
-140
-150
-158
-164
-166
-165
-161
-154
-144
-131
-117
-101
-85
-68
-52
-36
-21
-7
4
14
22
29
33
35
35
33
30
25
19
14
8
2
-1
-3
-5
-4
-2
0
5
11
18
25
33
41
49
57
64
71
76
81
84
86
86
84
81
75
69
60
50
39
27
14
1
-11
-23
-35
-45
-53
-59
-63
-63
-61
-56
-49
-40
-29
-18
-7
2
11
19
24
27
28
27
24
20
15
11
7
5
5
7
11
18
28
40
53
68
82
96
107
117
122
124
121
114
103
88
72
55
38
24
12
4
1
1
5
12
21
31
40
46
49
47
39
26
8
-15
-42
-73
-104
-135
-163
-188
-208
-222
-230
-231
-226
-216
-201
-182
-159
-135
-109
-82
-54
-26
1
29
57
83
108
130
150
166
178
185
188
185
176
163
145
123
98
69
39
8
-22
-53
-82
-109
-134
-156
-174
-189
-201
-208
-211
-210
-204
-195
-181
-164
-143
-119
-93
-65
-38
-10
14
38
58
75
88
97
101
101
98
91
83
73
64
55
49
44
43
45
50
56
65
74
83
90
96
98
97
93
85
74
59
42
23
4
-15
-34
-52
-67
-80
-90
-96
-100
-101
-100
-96
-92
-86
-79
-71
-62
-53
-42
-31
-18
-4
11
29
47
66
84
103
119
134
145
153
156
155
149
139
125
107
86
64
41
19
0
-18
-32
-44
-53
-59
-64
-68
-73
-79
-88
-100
-115
-132
-153
-174
-196
-217
-236
-252
-263
-269
-270
-266
-256
-241
-222
-199
-175
-149
-121
-94
-66
-39
-11
15
43
72
101
130
160
189
217
242
265
283
296
303
304
299
287
270
249
224
197
169
142
117
96
78
65
57
52
51
53
56
58
60
58
54
45
32
14
-7
-32
-59
-88
-116
-144
-168
-189
-205
-215
-220
-218
-210
-196
-176
-152
-124
-94
-61
-28
3
35
64
90
112
130
144
153
158
158
154
146
135
121
105
88
71
54
37
22
8
-4
-16
-27
-39
-51
-64
-79
-95
-113
-132
-150
-168
-183
-194
-200
-200
-193
-178
-155
-124
-86
-43
4
54
104
153
198
237
269
291
304
307
300
283
258
226
188
148
106
65
26
-9
-39
-64
-82
-95
-101
-102
-98
-89
-78
-64
-49
-33
-18
-4
8
18
26
31
33
32
28
21
11
0
-12
-26
-40
-54
-67
-80
-91
-101
-109
-115
-120
-122
-122
-119
-114
-106
-96
-83
-67
-50
-32
-12
8
28
49
69
89
106
123
136
148
155
159
159
154
145
130
112
89
62
33
2
-29
-61
-91
-120
-145
-168
-186
-200
-211
-217
-219
-218
-213
-205
-194
-181
-166
-148
-130
-110
-89
-68
-48
-29
-11
4
17
27
35
39
41
39
36
30
24
17
11
5
1
-1
-2
-1
1
5
10
15
21
27
33
38
43
46
50
52
55
56
58
60
62
65
67
71
74
78
83
87
91
95
98
99
100
99
96
92
86
79
70
61
51
40
30
20
11
2
-5
-13
-19
-25
-30
-34
-38
-41
-43
-45
-46
-47
-47
-48
-48
-48
-48
-49
-50
-52
-55
-58
-63
-68
-74
-80
-86
-92
-97
-102
-107
-110
-112
-114
-113
-111
-107
-100
-91
-79
-64
-46
-24
0
28
58
90
123
156
188
218
244
267
284
295
299
296
285
267
243
212
175
135
92
48
4
-36
-75
-108
-136
-157
-172
-179
-180
-175
-164
-150
-131
-111
-88
-65
-42
-20
1
22
41
59
75
89
100
107
112
112
108
99
86
68
46
20
-8
-39
-71
-103
-134
-162
-185
-204
-217
-224
-223
-216
-202
-183
-158
-129
-96
-62
-27
7
40
71
99
124
144
161
173
181
184
185
181
175
166
154
141
126
110
94
78
63
49
36
25
16
10
5
2
1
1
2
2
2
0
-3
-8
-16
-26
-39
-53
-68
-84
-100
-116
-130
-142
-152
-159
-162
-162
-158
-151
-141
-128
-112
-94
-74
-54
-33
-13
5
22
37
49
58
64
67
67
65
62
57
52
47
42
37
33
30
26
22
17
11
4
-4
-14
-27
-41
-56
-71
-87
-102
-116
-129
-139
-147
-151
-152
-150
-145
-136
-124
-109
-92
-73
-53
-32
-10
11
33
54
75
94
112
128
141
151
157
160
160
156
149
138
126
112
96
79
62
45
28
12
-4
-20
-35
-50
-63
-76
-87
-96
-103
-106
-105
-101
-91
-76
-56
-31
-1
32
68
105
142
177
209
234
253
263
264
255
237
209
173
129
79
24
-33
-91
-149
-204
-255
-299
-336
-364
-382
-390
-386
-373
-349
-317
-278
-233
-184
-134
-83
-35
9
50
85
115
140
159
173
183
190
193
194
194
192
189
186
182
178
174
170
166
162
158
154
150
147
144
141
138
136
134
133
131
128
124
118
109
98
83
65
43
19
-7
-36
-65
-94
-122
-148
-170
-189
-204
-213
-218
-218
-213
-203
-189
-172
-151
-128
-104
-79
-53
-28
-5
16
35
50
62
70
73
71
63
51
34
12
-12
-39
-68
-96
-123
-147
-167
-183
-193
-198
-198
-193
-185
-174
-161
-147
-133
-119
-106
-95
-84
-75
-67
-59
-52
-44
-35
-25
-14
-1
14
31
50
70
92
115
139
162
185
207
228
248
265
280
293
302
308
310
309
303
294
281
264
244
221
195
168
138
106
74
40
6
-27
-61
-94
-127
-158
-186
-213
-236
