2065
2095
2087
2041
1959
1841
1691
1510
1302
1073
826
567
303
39
-217
-461
-687
-891
-1068
-1216
-1332
-1418
-1474
-1501
-1505
-1487
-1452
-1404
-1346
-1282
-1212
-1139
-1063
-984
-902
-817
-729
-640
-550
-461
-375
-293
-217
-147
-83
-24
30
84
138
196
259
327
401
481
563
644
722
792
849
891
913
915
895
854
796
722
639
550
461
377
302
240
192
159
141
136
139
149
161
171
177
175
165
145
116
78
32
-18
-73
-130
-189
-246
-303
-359
-413
-467
-519
-570
-620
-667
-712
-752
-785
-809
-824
-828
-820
-801
-770
-730
-683
-631
-576
-523
-471
-424
-382
-346
-316
-290
-267
-246
-225
-203
-177
-149
-117
-82
-45
-8
27
58
84
102
112
113
107
97
85
75
70
74
90
120
166
226
300
384
475
570
664
752
832
900
953
989
1007
1005
984
944
885
809
716
610
492
366
236
105
-21
-138
-242
-327
-389
-424
-428
-400
-338
-242
-114
43
225
425
635
846
1048
1231
1385
1502
1573
1593
1559
1471
1330
1141
911
648
364
68
-227
-513
-780
-1019
-1225
-1394
-1523
-1612
-1660
-1671
-1648
-1593
-1513
-1411
-1292
-1161
-1022
-878
-734
-591
-451
-317
-187
-64
52
163
268
366
456
538
611
674
725
762
786
794
788
767
733
686
630
568
503
439
379
329
291
267
261
272
301
346
406
478
558
645
733
818
899
970
1029
1073
1099
1104
1088
1048
984
896
783
648
491
316
125
-76
-285
-496
-704
-903
-1089
-1258
-1405
-1528
-1625
-1695
-1740
-1760
-1758
-1737
-1700
-1650
-1590
-1523
-1450
-1374
-1294
-1212
-1128
-1042
-954
-864
-772
-678
-582
-485
-389
-292
-197
-103
-12
76
162
247
332
418
508
604
707
820
942
1075
1217
1366
1519
1673
1822
1963
2089
2196
2278
2330
2348
2328
2268
2165
2019
1830
1600
1330
1025
690
331
-43
-426
-807
-1176
-1522
-1834
-2101
-2314
-2464
-2544
-2549
-2477
-2331
-2114
-1835
-1506
-1140
-756
-369
1
339
630
861
1023
1112
1124
1062
932
741
500
221
-81
-395
-705
-1002
-1273
-1510
-1709
-1866
-1980
-2054
-2091
-2094
-2070
-2023
-1956
-1872
-1772
-1656
-1525
-1376
-1208
-1023
-819
-600
-369
-130
108
342
564
766
942
1088
1201
1278
1321
1332
1315
1276
1219
1153
1084
1018
961
917
891
883
894
922
963
1013
1067
1118
1162
1192
1205
1196
1164
1109
1032
936
823
699
567
433
299
170
47
-66
-171
-268
-358
-442
-525
-607
-692
-781
-877
-980
-1089
-1204
-1321
-1436
-1545
-1643
-1724
-1783
-1816
-1819
-1789
-1725
-1627
-1495
-1332
-1141
-925
-689
-437
-174
95
366
635
897
1149
1387
1608
1808
1987
2142
2271
2373
2448
2495
2515
2506
2471
2409
2323
2214
2084
1935
1772
1596
1411
1221
1029
839
655
478
312
159
20
-104
-214
-312
-399
-477
-550
-621
-693
-770
-854
-949
-1058
-1181
-1321
-1478
-1652
-1840
-2040
-2249
-2459
-2667
-2863
-3042
-3194
-3313
-3392
-3423
-3403
-3328
-3196
-3008
-2765
-2472
-2133
-1754
-1344
-910
-461
-5
446
886
1306
1698
2055
2369
2635
2849
3007
3108
3151
3137
3071
2957
2801
2611
2396
2164
1925
1688
1462
1254
1070
917
797
713
665
652
672
719
788
871
962
1051
1131
1193
1231
1239
1214
1153
1055
923
759
567
353
123
-115
-359
-601
-835
-1058
-1265
-1453
-1620
-1765
-1884
-1978
-2044
-2081
-2088
-2064
-2009
-1921
-1801
-1651
-1473
-1270
-1046
-807
-559
-310
-66
163
373
555
704
817
889
919
909
860
776
663
525
371
207
40
-122
-276
-415
-536
-637
-714
-769
-800
-809
-797
-764
-713
-644
-560
-462
-351
-229
-99
38
180
325
470
611
746
871
983
1076
1149
1197
1218
1211
1174
1108
1014
896
757
603
437
267
97
-66
-219
-358
-478
-578
-656
-713
-749
-766
-766
-752
-727
-693
-653
-610
-566
-522
-480
-442
-407
-377
-352
-334
-323
-320
-326
-343
-370
-407
-455
-511
-573
-638
-701
-758
-801
-826
-826
-795
-729
-623
-476
-286
-55
213
515
844
1191
1547
1902
2243
2561
2845
3085
3273
3401
3467
3466
3398
3266
3073
2826
2529
2193
1824
1432
1025
611
197
-209
-604
-983
-1341
-1675
-1982
-2260
-2508
-2723
-2904
-3051
-3164
-3241
-3285
-3296
-3277
-3231
-3161
-3070
-2962
-2839
-2704
-2559
-2407
-2247
-2081
-1907
-1727
-1539
-1344
-1141
-932
-720
-505
-291
-83
115
301
469
618
743
845
921
974
1005
1016
1013
999
980
960
944
938
944
966
1006
1064
1138
1228
1329
1438
1549
1657
1756
1842
1909
1953
1972
1962
1925
1859
1769
1655
1523
1376
1219
1055
889
722
558
398
242
91
-53
-193
-327
-455
-578
-695
-805
-909
-1005
-1094
-1174
-1245
-1306
-1356
-1395
-1420
-1430
-1425
-1403
-1363
-1305
-1229
-1136
-1027
-904
-769
-625
-476
-323
-171
-24
116
246
364
467
554
624
678
717
742
755
758
754
746
736
725
714
704
696
688
679
668
652
630
601
562
514
455
386
309
226
138
49
-36
-117
-188
-248
-292
-319
-328
-318
-288
-240
-176
-97
-6
91
195
299
400
494
577
647
699
732
745
735
704
651
578
488
382
265
138
7
-124
-253
-376
-489
-590
-676
-745
-798
-834
-854
-861
-856
-842
-822
-797
-770
-742
-713
-682
-649
-612
-569
-516
-452
-374
-282
-175
-54
80
226
378
533
686
829
959
1070
1157
1218
1249
1250
1222
1168
1090
994
885
769
650
534
425
327
241
169
111
67
35
14
2
-2
-1
2
10
21
36
54
76
104
137
175
217
262
305
344
374
389
386
359
306
225
113
-26
-192
-382
-588
-805
-1026
-1243
-1449
-1638
-1804
-1943
-2053
-2131
-2180
-2201
-2195
-2167
-2117
-2050
-1966
-1866
-1750
-1618
-1470
-1304
-1121
-921
-704
-475
-235
8
251
487
709
911
1089
1236
1351
1432
1477
1489
1468
1419
1345
1249
1138
1013
881
743
604
465
330
198
71
-49
-165
-274
-376
-472
-560
-639
-708
-766
-810
-841
-855
-854
-836
-802
-753
-690
-614
-528
-433
-331
-224
-113
0
114
229
345
460
574
687
797
904
1005
1099
1183
1255
1310
1348
1364
1358
1326
1270
1188
1082
953
805
640
464
279
92
-93
-273
-441
-596
-733
-849
-945
-1017
-1067
-1095
-1102
-1090
-1060
-1015
-959
-894
-824
-753
-684
-620
-565
-519
-484
-460
-445
-437
-433
-430
-423
-409
-384
-345
-292
-223
-139
-42
65
179
295
408
514
608
685
743
779
793
783
751
700
632
551
461
366
271
180
97
25
-33
-76
-104
-117
-114
-98
-71
-35
7
54
103
151
197
239
276
307
332
352
366
375
380
381
380
375
368
358
345
327
305
278
246
211
173
134
98
66
42
29
30
47
80
131
197
279
371
472
575
676
771
854
921
969
995
997
977
934
871
790
694
588
474
357
240
126
17
-84
-177
-259
-329
-385
-428
-455
-466
-461
-440
-404
-355
-294
-224
-148
-69
8
82
149
206
251
283
301
305
295
273
241
200
153
103
51
1
-47
-91
-132
-168
-201
-229
-255
-279
-301
-323
-345
-367
-391
-416
-443
-471
-502
-533
-566
-600
-633
-665
-694
-721
-743
-759
-769
-770
-762
-744
-714
-672
-619
-555
-481
-399
-313
-224
-137
-54
21
85
137
174
195
201
191
167
130
83
28
-33
-99
-167
-237
-307
-376
-444
-510
-572
-630
-680
-722
-752
-767
-763
-738
-688
-611
-506
-374
-214
-31
171
388
612
836
1052
1251
1427
1573
1684
1755
1784
1771
1716
1623
1495
1337
1155
955
742
521
299
80
-132
-335
-527
-705
-867
-1013
-1142
-1252
-1344
-1415
-1465
-1494
-1501
-1486
-1451
-1397
-1326
-1243
-1150
-1053
-955
-863
-779
-708
-652
-613
-590
-583
-590
-607
-631
-658
-683
-704
-716
-716
-703
-676
-635
-580
-514
-437
-353
-263
-171
-79
11
98
180
257
327
391
450
503
552
597
639
681
722
764
808
854
903
955
1008
1064
1119
1173
1224
1270
1309
1338
1358
1365
1360
1341
1310
1267
1213
1149
1079
1003
924
845
767
691
621
555
495
442
393
350
311
275
240
206
171
135
97
57
14
-29
-74
-119
-163
-204
-243
-278
-307
-331
-349
-361
-368
-371
-371
-369
-367
-367
-370
-377
-388
-405
-426
-450
-475
-499
-520
-535
-542
-540
-528
-506
-476
-438
-396
-351
-306
-263
-224
-189
-160
-134
-111
-88
-62
-31
9
61
128
212
312
428
559
700
847
995
1136
1265
1376
1462
1519
1543
1535
1492
1418
1315
1189
1044
886
722
557
397
246
107
-17
-127
-224
-307
-379
-441
-495
-543
-585
-620
-647
-663
-666
-654
-623
-572
-502
-411
-304
-184
-54
77
206
326
432
520
586
629
648
644
618
573
513
440
357
266
169
66
-41
-154
-271
-392
-515
-637
-757
-870
-973
-1062
-1134
-1185
-1215
-1222
-1207
-1171
-1116
-1046
-963
-871
-773
-672
-571
-472
-376
-285
-199
-119
-45
20
77
123
157
176
177
156
113
44
-51
-172
-319
-487
-674
-873
-1078
-1283
-1480
-1664
-1828
-1968
-2081
-2164
-2216
-2238
-2230
-2196
-2136
-2053
-1949
-1827
-1688
-1535
-1369
-1193
-1009
-820
-629
-439
-254
-77
89
242
379
500
603
689
759
816
861
899
932
963
995
1030
1070
1114
1163
1215
1267
1319
1367
1409
1443
1468
1483
1487
1479
1461
1433
1396
1350
1297
1239
1176
1109
1041
972
903
836
771
709
648
589
531
471
410
344
272
193
105
8
-97
-211
-334
-462
-595
-729
-862
-990
-1111
-1221
-1318
-1399
-1462
-1506
-1528
-1529
-1507
-1463
-1397
-1311
-1206
-1083
-946
-797
-638
-473
-304
-135
29
190
341
481
607
717
809
883
938
974
991
991
976
949
913
870
825
780
737
699
668
643
625
614
608
606
609
613
620
628
637
647
660
675
692
713
736
763
791
820
850
877
901
920
932
936
931
916
891
857
814
763
705
640
569
493
412
326
234
138
37
-67
-175
-284
-393
-499
-599
-691
-773
-842
-896
-935
-957
-962
-951
-922
-878
-817
-741
-651
-547
-430
-302
-164
-19
131
286
441
596
747
892
1031
1160
1280
1389
1487
1573
1647
1710
1760
1798
1825
1839
1841
1831
1806
1766
1710
1634
1536
1415
1268
1093
890
659
401
121
-177
-487
-803
-1116
-1417
-1700
-1958
-2185
-2378
-2535
-2658
-2747
-2807
-2842
-2857
-2857
-2846
-2828
-2804
-2777
-2745
-2708
-2663
-2607
-2538
-2454
-2351
-2231
-2091
-1935
-1764
-1581
-1392
-1199
-1009
-824
-650
-487
-339
-205
-85
23
122
214
303
391
481
573
670
770
874
981
1087
1192
1292
1386
1470
1543
1604
1652
1686
1707
1715
1712
1699
1678
1648
1612
1568
1519
1462
1397
1324
1243
1151
1050
940
821
695
564
430
296
165
39
-77
-185
-282
-366
-439
-502
-555
-600
-641
-678
-714
-749
-785
-823
-861
-898
-934
-966
-992
-1010
-1020
-1019
-1008
-985
-952
-910
-861
-805
-747
-687
-628
-572
-520
-474
-434
-400
-372
-349
-330
-315
-303
-293
-284
-278
-273
-269
-265
-262
-258
-251
-241
-225
-200
-167
-122
-66
0
74
157
242
327
407
479
538
584
613
627
625
612
590
562
535
512
496
491
498
519
551
593
641
691
740
782
814
833
835
821
789
741
680
607
527
442
