-549
-651
-738
-807
-855
-880
-883
-863
-824
-768
-699
-621
-540
-460
-386
-320
-266
-224
-195
-177
-170
-169
-172
-175
-174
-168
-154
-130
-97
-54
-4
50
107
164
217
264
303
330
346
350
342
324
298
265
228
192
158
131
112
105
111
130
162
207
261
321
384
445
500
544
574
587
581
555
510
448
372
285
193
100
11
-67
-133
-183
-214
-225
-217
-190
-147
-91
-24
49
126
202
276
343
403
454
494
524
543
552
551
543
527
507
482
456
430
404
381
360
344
331
323
318
316
316
316
317
315
311
302
288
268
242
209
170
126
79
30
-18
-64
-104
-138
-163
-179
-187
-186
-179
-168
-156
-146
-141
-143
-156
-180
-218
-268
-330
-400
-476
-553
-627
-694
-750
-792
-819
-829
-824
-806
-778
-745
-712
-684
-663
-655
-660
-679
-712
-755
-804
-854
-898
-930
-943
-931
-887
-810
-696
-546
-362
-148
87
339
597
850
1089
1302
1481
1617
1706
1743
1726
1657
1538
1374
1173
941
688
424
155
-106
-356
-587
-793
-969
-1115
-1228
-1307
-1354
-1370
-1357
-1317
-1252
-1166
-1062
-941
-808
-665
-516
-363
-210
-59
87
228
362
488
606
718
822
922
1017
1109
1198
1284
1365
1442
1511
1570
1617
1650
1665
1661
1639
1597
1537
1460
1370
1270
1163
1054
947
844
748
660
579
504
433
361
283
195
93
-23
-157
-305
-464
-629
-793
-948
-1086
-1201
-1287
-1340
-1358
-1342
-1296
-1225
-1137
-1038
-939
-848
-771
-716
-688
-689
-721
-784
-874
-989
-1124
-1272
-1427
-1582
-1731
-1866
-1984
-2078
-2144
-2181
-2187
-2161
-2103
-2016
-1900
-1759
-1596
-1414
-1216
-1005
-787
-565
-344
-126
81
277
457
618
761
882
984
1067
1135
1189
1234
1273
1310
1347
1386
1428
1475
1524
1575
1623
1665
1698
1715
1714
1690
1639
1562
1456
1324
1168
994
807
614
424
243
80
-59
-171
-252
-300
-315
-298
-252
-182
-91
16
136
265
399
536
672
807
937
1061
1176
1278
1366
1435
1480
1498
1485
1437
1350
1224
1056
848
600
316
0
-341
-700
-1070
-1439
-1799
-2138
-2447
-2715
-2934
-3097
-3198
-3233
-3200
-3100
-2934
-2708
-2427
-2098
-1730
-1334
-919
-497
-78
326
708
1057
1367
1632
1848
2013
2126
2190
2205
2178
2112
2013
1886
1737
1573
1397
1214
1029
845
665
490
322
161
6
-141
-286
-426
-564
-700
-833
-961
-1082
-1192
-1289
-1368
-1426
-1460
-1468
-1452
-1411
-1350
-1274
-1187
-1097
-1010
-933
-871
-828
-807
-806
-825
-858
-900
-942
-977
-995
-987
-948
-871
-752
-592
-389
-149
124
425
745
1077
1412
1743
2062
2361
2635
2877
3083
3248
3370
3446
3474
3455
3389
3277
3123
2930
2703
2447
2170
1875
1571
1262
956
656
367
94
-158
-389
-596
-777
-932
-1059
-1160
-1234
-1284
-1310
-1315
-1302
-1272
-1229
-1176
-1117
-1056
-997
-943
-898
-865
-848
-849
-869
-909
-968
-1044
-1135
-1237
-1344
-1450
-1548
-1633
-1695
-1729
-1730
-1691
-1610
-1485
-1316
-1106
-859
-582
-281
33
352
665
961
1230
1461
1647
1779
1853
1863
1809
1691
1513
1280
998
676
324
-49
-433
-819
-1198
-1561
-1900
-2209
-2483
-2714
-2900
-3036
-3120
-3149
-3122
-3041
-2905
-2718
-2484
-2206
-1890
-1543
-1172
-784
-388
7
395
766
1113
1428
1705
1941
2129
2269
2359
2400
2394
2344
2257
2137
1992
1830
1658
1484
1315
1158
1017
899
805
737
697
684
697
734
790
863
947
1039
1133
1224
1307
1378
1432
1467
1479
1468
1431
1369
1282
1173
1042
893
729
554
370
183
-4
-189
-369
-542
-708
-865
-1015
-1158
-1294
-1425
-1549
-1667
-1776
-1873
-1956
-2021
-2064
-2082
-2073
-2038
-1976
-1891
-1785
-1664
-1534
-1400
-1267
-1142
-1028
-929
-848
-786
-742
-716
-705
-707
-717
-732
-746
-755
-754
-740
-708
-656
-582
-484
-364
-221
-58
122
319
527
742
961
1178
1388
1588
1773
1939
2083
2202
2293
2355
2387
2390
2363
2309
2229
2126
2003
1863
1709
1545
1375
1201
1027
855
688
527
373
228
92
-33
-149
-256
-352
-438
-514
-580
-635
-679
-712
-734
-744
-744
-733
-713
-684
-650
-610
-569
-529
-492
-461
-437
-422
-417
-420
-430
-445
-462
-478
-488
-490
-481
-459
-423
-374
-312
-241
-163
-83
-3
71
137
193
236
266
282
287
281
268
251
231
213
197
185
177
173
172
172
172
170
165
154
138
116
89
57
21
-15
-52
-88
-120
-148
-170
-186
-194
-195
-189
-176
-158
-135
-109
-81
-53
-25
0
20
37
50
58
61
60
56
50
43
36
31
29
30
36
46
62
83
110
143
182
227
277
333
394
459
526
595
662
726
785
835
875
902
915
912
892
855
802
731
644
542
425
294
150
-7
-177
-358
-548
-744
-944
-1144
-1337
-1520
-1685
-1827
-1940
-2019
-2061
-2063
-2025
-1948
-1835
-1692
-1524
-1339
-1144
-948
-758
-578
-415
-272
-150
-50
29
91
139
175
203
225
246
266
286
308
330
351
371
387
398
404
402
393
377
354
325
291
254
214
173
130
86
39
-9
-63
-122
-186
-257
-332
-412
-493
-573
-649
-715
-770
-807
-825
-820
-789
-732
-648
-538
-403
-248
-74
114
311
514
716
913
1101
1274
1430
1564
1675
1761
1820
1854
1862
1845
1804
1742
1659
1557
1438
1303
1154
991
816
631
437
237
33
-172
-377
-578
-772
-957
-1130
-1290
-1433
-1559
-1667
-1756
-1824
-1872
-1900
-1907
-1894
-1860
-1805
-1731
-1636
-1522
-1388
-1237
-1069
-887
-694
-493
-288
-83
117
309
491
657
806
937
1048
1138
1208
1259
1293
1309
1310
1298
1273
1238
1194
1142
1082
1016
945
871
793
713
633
554
478
405
336
274
217
167
123
85
52
21
-5
-33
-60
-90
-122
-157
-195
-237
-281
-327
-374
-421
-467
-509
-547
-580
-605
-623
-632
-631
-621
-600
-568
-525
-471
-406
-330
-242
-143
-33
86
216
353
496
642
787
929
1064
1187
1294
1383
1449
1492
1509
1500
1467
1411
1335
1243
1139
1028
914
800
690
585
486
393
304
218
130
39
-58
-164
-279
-403
-535
-672
-810
-944
-1069
-1181
-1276
-1350
-1401
-1427
-1431
-1412
-1374
-1319
-1252
-1174
-1088
-997
-903
-805
-705
-602
-498
-393
-288
-185
-86
4
86
153
204
236
247
236
205
154
88
8
-78
-169
-259
-344
-421
-487
-540
-581
-608
-623
-625
-616
-597
-569
-531
-484
-429
-367
-297
-221
-140
-57
25
105
180
247
303
347
378
396
402
399
388
375
361
352
351
360
381
415
463
523
594
674
760
848
936
1020
1097
1164
1217
1254
1271
1267
1240
1190
1115
1018
900
764
612
449
279
105
-67
-236
-396
-546
-682
-803
-906
-991
-1056
-1103
-1130
-1141
-1135
-1114
-1079
-1033
-978
-915
-847
-776
-705
-638
-577
-526
-488
-464
-457
-465
-489
-526
-571
-620
-668
-708
-736
-746
-734
-697
-635
-548
-438
-309
-164
-9
149
306
456
593
715
816
896
954
990
1005
1001
982
951
911
866
820
774
733
697
667
645
630
620
616
615
615
615
612
603
588
564
530
484
425
353
267
169
57
-64
-196
-336
-482
-630
-779
-924
-1061
-1187
-1297
-1387
-1454
-1493
-1502
-1480
-1426
-1342
-1229
-1092
-933
-759
-575
-385
-194
-6
175
348
512
664
805
935
1052
1157
1248
1325
1385
1427
1448
1448
1424
1377
1305
1210
1095
962
816
659
499
339
184
38
-95
-213
-316
-402
-474
-532
-580
-621
-657
-693
-730
-772
-819
-871
-930
-993
-1061
-1129
-1197
-1260
-1317
-1364
-1399
-1418
-1419
-1401
-1361
-1299
-1214
-1106
-977
-829
-663
-482
-291
-92
109
311
510
701
883
1052
1208
1349
1473
1581
1671
1744
1798
1834
1849
1844
1818
1770
1701
1611
1500
1372
1227
1070
905
736
568
405
254
116
-2
-101
-177
-230
-260
-268
-256
-226
-181
-124
-59
9
78
143
201
249
282
299
299
279
241
186
115
31
-62
-162
-264
-365
-461
-549
-629
-699
-760
-813
-860
-904
-947
-990
-1036
-1084
-1135
-1186
-1235
-1278
-1312
-1332
-1335
-1317
-1277
-1214
-1128
-1020
-894
-753
-603
-448
-295
-149
-15
103
204
284
344
385
408
417
414
403
388
370
353
337
323
312
304
298
294
292
292
294
300
311
327
351
383
425
478
544
621
711
813
924
1044
1168
1294
1417
1532
1636
1724
1792
1837
1857
1850
1817
1758
1673
1564
1434
1284
1116
934
738
533
319
100
-121
-342
-559
-769
-968
-1152
-1317
-1460
-1577
-1665
-1724
-1751
-1746
-1711
-1648
-1559
-1449
-1322
-1184
-1040
-897
-759
-634
-524
-434
-367
-324
-305
-311
-339
-388
-454
-535
-628
-730
-838
-949
-1063
-1176
-1286
-1393
-1493
-1585
-1668
-1738
-1793
-1831
-1851
-1849
-1825
-1777
-1703
-1604
-1479
-1329
-1154
-958
-743
-512
-269
-20
230
476
712
931
1127
1297
1436
1543
1618
1663
1682
1679
1660
1632
1601
1571
1547
1532
1527
1531
1544
1561
1579
1594
1602
1597
1577
1536
1472
1384
1270
1132
970
786
585
370
147
-78
-301
-513
-709
-884
-1030
-1145
-1224
-1265
-1268
-1233
-1163
-1061
-934
-787
-628
-463
-300
-146
-7
113
212
286
336
363
367
353
322
278
225
166
103
38
-27
-92
-155
-218
-278
-337
-394
-447
-497
-541
-578
-608
-627
-636
-634
-619
-593
-555
-506
-449
-384
-314
-242
-168
-96
-28
34
90
139
178
209
232
248
257
263
265
266
267
269
274
282
294
308
326
345
365
386
406
424
440
454
463
469
470
466
456
442
422
397
369
337
304
269
236
204
176
150
129
112
98
89
83
80
80
81
84
88
94
101
111
122
137
156
178
203
233
265
300
335
370
404
434
460
481
496
506
510
510
506
499
490
481
472
464
458
453
450
447
443
438
430
416
396
369
333
289
235
173
105
30
-47
-127
-206
-285
-360
-431
-498
-559
-614
-663
-705
-739
-764
-779
-784
-776
-756
-722
-675
-615
-543
-460
-370
-273
-174
-74
20
110
191
261
318
362
393
411
417
413
402
386
367
348
330
316
307
305
308
318
332
349
367
382
391
390
377
347
299
232
143
35
-92
-238
-397
-569
-747
-930
-1111
-1288
-1455
-1609
-1746
-1863
-1958
-2030
-2076
-2098
-2095
-2068
-2018
-1945
-1851
-1738
-1605
-1453
-1285
-1100
-901
-688
-465
-232
5
245
484
718
942
1152
1344
1514
1658
1773
1857
1910
1930
1919
1879
1813
1726
1622
1506
1383
1259
1138
1022
916
820
735
662
598
544
496
452
411
370
325
276
220
154
77
-12
-115
-233
-364
-510
-667
-833
-1006
-1182
-1357
-1525
-1682
-1824
-1945
-2042
-2110
-2146
-2147
-2112
-2040
-1930
-1785
-1606
-1397
-1162
-907
-637
-360
-82
190
451
694
914
1107
1268
1395
1487
1543
1564
1550
1505
1431
1331
1211
1076
929
777
624
473
329
193
67
-46
-150
-244
-329
-406
-478
-546
-609
-669
-725
-775
-819
-853
-874
-879
-866
-831
-772
-687
-577
-443
-286
-110
80
282
489
696
898
1092
1272
1434
1578
1699
1797
1869
1917
1938
1932
1899
1838
1750
1633
1490
1319
1123
904
663
405
134
-144
-425
-702
-969
-1219
-1446
-1645
-1812
-1944
-2039
-2096
-2118
-2106
-2064
-1997
-1909
-1807
-1696
-1582
-1469
-1362
-1266
-1181
-1109
-1051
-1006
-970
-941
-915
-889
-857
