-27
-31
-34
-35
-35
-35
-34
-32
-30
-28
-25
-23
-21
-19
-16
-15
-13
-11
-9
-7
-4
-1
2
7
13
19
25
32
39
46
53
59
65
70
74
77
79
80
80
79
76
73
68
63
57
50
43
34
26
16
5
-5
-17
-29
-43
-56
-69
-82
-94
-105
-114
-121
-127
-130
-132
-131
-129
-126
-120
-114
-106
-97
-87
-76
-65
-53
-41
-29
-19
-9
-1
5
9
12
13
12
10
7
3
1
0
0
0
4
11
19
29
40
51
63
75
86
95
103
108
112
113
112
109
103
95
84
73
60
46
32
18
4
-7
-18
-27
-34
-39
-42
-44
-43
-42
-39
-36
-33
-31
-30
-30
-33
-38
-45
-54
-64
-76
-87
-98
-108
-116
-121
-123
-122
-117
-108
-96
-82
-64
-45
-25
-4
15
35
53
69
83
94
103
109
113
114
114
111
108
103
98
93
87
82
77
71
66
61
56
51
45
39
33
26
19
11
3
-5
-13
-21
-29
-37
-44
-50
-55
-58
-61
-61
-61
-59
-55
-50
-45
-39
-33
-28
-23
-20
-18
-19
-21
-25
-31
-39
-47
-57
-66
-75
-84
-91
-97
-101
-102
-101
-97
-90
-81
-70
-58
-44
-31
-18
-5
4
13
20
24
27
28
29
28
28
29
32
37
44
54
67
83
101
120
141
162
182
200
216
228
236
240
240
235
225
212
195
175
152
128
103
78
53
29
7
-13
-33
-50
-66
-79
-90
-100
-108
-114
-118
-120
-122
-122
-121
-120
-118
-117
-117
-117
-118
-120
-123
-126
-129
-132
-136
-138
-140
-141
-142
-142
-141
-138
-135
-131
-126
-120
-113
-105
-97
-89
-80
-71
-62
-54
-46
-39
-32
-26
-21
-17
-13
-10
-8
-5
-3
0
4
10
18
28
40
56
74
94
117
141
166
191
216
238
259
276
289
297
299
297
289
276
258
236
211
184
155
126
98
71
47
25
6
-9
-22
-33
-42
-49
-55
-61
-66
-72
-79
-85
-93
-101
-109
-116
-123
-129
-134
-136
-137
-136
-133
-129
-122
-114
-105
-95
-85
-75
-65
-56
-49
-44
-42
-42
-44
-49
-56
-65
-74
-84
-92
-99
-104
-105
-104
-98
-88
-75
-59
-41
-20
0
21
41
59
75
86
94
96
95
89
78
64
47
27
6
-15
-36
-55
-71
-84
-92
-95
-93
-85
-73
-56
-36
-14
8
32
54
75
94
110
124
134
142
147
150
151
151
149
147
144
141
137
133
128
123
118
111
105
97
88
77
66
52
38
21
3
-15
-35
-56
-77
-98
-119
-138
-154
-168
-178
-183
-184
-180
-170
-155
-136
-114
-89
-63
-37
-12
9
28
42
51
55
53
47
36
22
5
-12
-30
-47
-62
-73
-81
-84
-82
-76
-66
-52
-35
-16
3
23
43
60
75
87
96
100
101
99
94
86
77
66
55
44
33
23
14
6
0
-3
-6
-7
-8
-8
-7
-7
-7
-7
-9
-11
-15
-20
-26
-33
-40
-48
-55
-61
-67
-72
-75
-77
-78
-77
-74
-70
-64
-56
-47
-36
-25
-12
0
11
22
32
40
46
50
51
50
47
42
36
29
21
13
5
0
-6
-10
-12
-13
-11
-8
-3
2
9
17
26
34
43
51
58
65
70
75
78
79
78
76
73
68
61
54
46
39
32
25
20
16
13
12
12
14
17
20
25
30
34
38
42
44
45
44
41
36
29
21
11
0
-10
-22
-34
-46
-57
-67
-76
-83
-89
-94
-97
-98
-98
-97
-95
-92
-88
-83
-78
-73
-67
-60
-54
-47
-41
-35
-29
-23
-18
-14
-10
-6
-2
1
6
11
18
25
33
43
53
63
73
83
92
99
104
107
108
105
101
94
84
74
62
51
39
28
18
9
1
-5
-11
-16
-20
-24
-28
-32
-36
-39
-43
-47
-51
-55
-58
-61
-63
-64
-64
-63
-61
-57
-52
-46
-40
-32
-24
-16
-8
0
7
15
22
28
33
36
39
40
39
38
34
30
25
19
13
7
2
-2
-5
-8
-10
-12
-13
-13
-14
-14
-15
-15
-16
-17
-18
-19
-20
-21
-21
-22
-21
-20
-18
-14
-9
-3
4
12
22
32
42
51
60
68
74
79
82
84
84
83
80
76
71
65
58
51
43
34
25
16
6
-2
-12
-23
-33
-43
-52
-62
-70
-78
-84
-89
-93
-95
-95
-94
-92
-89
-86
-81
-76
-72
-67
-62
-58
-54
-50
-47
-43
-40
-36
-33
-29
-25
-21
-17
-13
-9
-6
-2
0
2
4
6
7
7
7
6
4
2
0
-4
-8
-12
-16
-19
-22
-24
-25
-25
-24
-22
-18
-14
-9
-3
2
9
15
21
27
32
36
40
43
45
46
47
48
48
48
48
47
47
46
46
45
45
44
44
44
44
45
45
45
45
45
44
43
42
40
38
36
33
30
27
23
19
14
9
3
-2
-9
-16
-23
-31
-38
-44
-49
-53
-56
-57
-56
-53
-48
-41
-33
-23
-12
-1
10
20
30
38
45
51
54
56
56
55
52
48
44
38
32
26
19
13
6
0
-4
-9
-13
-17
-19
-22
-23
-25
-26
-28
-30
-32
-35
-38
-41
-45
-48
-52
-55
-58
-60
-62
-62
-62
-61
-58
-55
-50
-44
-36
-29
-20
-12
-3
5
13
21
29
36
43
49
54
59
63
65
66
66
65
62
58
53
47
40
33
26
19
13
8
5
3
2
3
5
8
12
15
18
20
22
22
21
18
15
10
4
0
-6
-12
-18
-22
-26
-29
-31
-32
-32
-31
-30
-28
-27
-25
-24
-24
-24
-26
-28
-31
-34
-38
-42
-46
-50
-52
-54
-54
-52
-49
-44
-37
-28
-19
-8
3
14
24
34
42
48
52
53
52
49
43
36
26
15
4
-8
-20
-32
-43
-52
-59
-64
-65
-64
-59
-52
-43
-32
-21
-9
1
11
18
23
26
25
23
18
13
6
0
-5
-9
-11
-11
-9
-4
2
11
22
33
44
56
66
75
83
88
90
91
88
84
77
69
60
49
39
29
19
9
1
-6
-12
-17
-21
-25
-27
-29
-30
-31
-32
-32
-33
-34
-35
-35
-36
-37
-38
-39
-39
-39
-39
-38
-37
-36
-33
-31
-28
-24
-21
-16
-12
-8
-3
1
5
8
11
14
15
16
16
15
15
14
14
14
15
18
21
26
32
39
46
53
60
67
73
78
82
85
88
89
89
89
88
87
85
84
82
81
79
77
75
72
68
63
56
49
39
29
17
4
-8
-21
-35
-48
-60
-72
-82
-91
-98
-104
-109
-111
-112
-112
-110
-106
-102
-96
-88
-80
-70
-61
-50
-40
-30
-20
-12
-4
1
5
8
9
8
6
2
-3
-11
-21
-31
-43
-56
-69
-83
-96
-110
-122
-133
-144
-152
-158
-163
-164
-163
-158
-149
-137
-121
-101
-77
-50
-21
9
40
70
98
123
143
158
167
169
166
156
141
122
99
74
49
25
3
-15
-28
-36
-37
-33
-22
-6
14
38
64
90
115
138
157
172
182
186
185
178
166
150
130
107
82
55
28
0
-26
-53
-79
-103
-126
-147
-166
-183
-197
-209
-219
-226
-230
-232
-230
-226
-218
-207
-192
-175
-154
-132
-107
-81
-54
-27
-1
23
45
66
83
97
108
115
119
119
116
110
102
91
79
67
54
42
31
22
15
10
7
7
8
11
16
21
28
34
41
48
54
60
65
69
73
76
78
78
78
77
75
73
70
68
65
63
61
60
60
60
61
63
65
67
69
69
69
66
62
56
48
38
27
14
1
-12
-26
-39
-51
-62
-71
-79
-84
-87
-89
-88
-86
-82
-77
-71
-65
-58
-50
-43
-36
-30
-23
-18
-13
-9
-6
-4
-4
-4
-6
-9
-13
-17
-21
-24
-27
-29
-30
-29
-28
-25
-21
-16
-10
-3
5
14
24
36
48
61
73
86
97
107
116
122
126
127
126
122
116
107
97
86
74
62
49
37
26
16
7
1
-3
-7
-9
-9
-9
-8
-7
-5
-5
-5
-6
-8
-11
-15
-20
-25
-31
-38
-44
-50
-55
-59
-63
-66
-69
-70
-71
-72
-72
-71
-70
-69
-67
-65
-62
-59
-56
-53
-50
-47
-46
-44
-44
-45
-47
-50
-53
-57
-62
-66
-70
-74
-75
-76
-74
-71
-65
-58
-48
-37
-24
-10
3
17
31
44
56
67
77
85
91
96
100
102
103
102
101
98
96
93
89
86
82
77
71
64
56
45
33
18
0
-18
-38
-60
-81
-102
-121
-138
-152
-162
-167
-169
-166
-158
-147
-132
-114
-94
-73
-51
-31
-11
6
21
34
45
54
60
65
70
73
76
80
84
88
92
97
101
105
108
111
112
111
109
105
99
91
82
72
60
48
36
24
13
1
-9
-19
-29
-39
-49
-58
-67
-76
-85
-93
-100
-106
-111
-115
-117
-117
-115
-110
-104
-96
-86
-74
-62
-50
-38
-26
-15
-5
3
10
16
21
23
24
23
21
17
12
7
1
-4
-9
-14
-17
-20
-21
-20
-18
-15
-10
-4
1
9
17
25
34
41
48
55
60
64
67
69
69
69
68
67
65
62
58
54
49
44
38
31
24
16
8
0
-7
-14
-20
-25
-28
-29
-28
-25
-18
-10
0
14
28
44
61
77
92
107
119
129
137
141
143
141
136
128
117
103
87
69
50
31
11
-7
-26
-43
-58
-72
-83
-92
-98
-101
-102
-100
-95
-89
-80
-70
-60
-49
-38
-27
-18
-9
-2
2
6
9
10
11
11
11
10
11
12
14
16
20
24
29
34
39
44
47
49
49
47
42
35
26
15
2
-10
-24
-38
-52
-64
-74
-83
-89
-95
-98
-101
-103
-104
-106
-108
-111
-114
-117
-120
-123
-125
-125
-123
-119
-113
-104
-92
-78
-62
-43
-24
-5
14
33
50
65
77
87
92
94
92
86
77
65
51
35
18
0
-17
-34
-50
-64
-77
-88
-97
-104
-109
-111
-111
-109
-105
-98
-89
-78
-65
-50
-34
-17
1
19
38
57
75
91
105
117
127
133
137
138
136
131
125
116
106
95
84
72
61
50
41
32
26
21
17
16
16
17
19
22
24
26
27
27
25
21
14
5
-5
-18
-34
-50
-67
-83
-99
-113
-125
-134
-139
-142
-141
-136
-129
-119
-107
-93
-79
-64
-50
-36
-23
-12
-3
4
11
16
20
23
25
27
29
30
32
34
36
39
41
43
46
48
50
52
54
56
57
58
58
59
59
58
58
57
56
54
53
50
47
43
39
33
27
20
13
5
-1
-7
-12
-16
-18
-18
-15
-11
-4
3
13
24
35
47
59
70
80
89
96
101
104
105
103
100
96
89
82
73
64
54
44
34
25
17
9
3
0
-3
-5
