-43
-37
-32
-27
-24
-22
-21
-22
-24
-27
-31
-35
-39
-42
-44
-46
-45
-43
-39
-33
-26
-17
-7
2
12
22
31
37
42
45
45
43
39
33
26
18
10
4
-1
-5
-6
-5
-1
4
11
19
28
37
45
51
55
57
57
55
52
46
40
33
26
19
12
6
1
-1
-4
-5
-6
-6
-5
-4
-4
-4
-5
-7
-10
-14
-19
-24
-30
-36
-42
-47
-52
-56
-58
-60
-60
-59
-58
-55
-52
-49
-45
-41
-36
-31
-26
-20
-13
-5
3
13
24
36
49
61
74
85
95
104
109
113
113
110
105
97
86
73
58
41
24
7
-10
-26
-41
-55
-66
-75
-81
-85
-85
-84
-80
-73
-65
-54
-43
-31
-18
-6
4
14
23
30
35
38
39
38
36
32
28
23
18
12
7
3
-1
-4
-7
-9
-10
-10
-9
-7
-4
-1
3
8
13
17
22
25
27
28
28
25
22
16
10
3
-4
-12
-21
-28
-35
-40
-43
-45
-45
-42
-38
-31
-23
-14
-3
7
19
31
42
53
62
71
79
85
90
94
96
98
99
99
99
97
95
92
87
82
74
65
53
40
25
8
-9
-28
-46
-64
-80
-94
-105
-112
-115
-115
-110
-102
-92
-79
-66
-53
-41
-31
-23
-19
-19
-21
-26
-34
-43
-53
-64
-73
-82
-89
-93
-94
-93
-89
-83
-74
-64
-52
-40
-28
-16
-5
4
12
19
25
29
32
33
34
33
32
31
29
27
25
24
23
22
23
24
26
29
34
40
46
54
63
73
83
93
102
111
118
124
129
131
131
129
125
118
109
98
86
71
55
38
20
3
-13
-29
-44
-56
-67
-75
-82
-87
-91
-94
-96
-97
-98
-99
-100
-101
-101
-102
-103
-104
-105
-106
-107
-107
-108
-107
-107
-105
-103
-100
-96
-91
-85
-78
-69
-59
-49
-37
-24
-10
4
19
33
46
57
66
71
72
70
63
52
38
21
2
-16
-36
-54
-71
-84
-93
-99
-99
-95
-86
-73
-55
-34
-11
14
40
65
90
113
133
151
165
176
184
189
191
191
190
187
183
178
172
166
159
151
141
130
118
105
91
76
60
44
28
12
-2
-16
-30
-42
-53
-62
-70
-77
-83
-87
-89
-91
-92
-92
-91
-89
-88
-86
-84
-82
-80
-78
-76
-73
-70
-67
-63
-59
-54
-49
-44
-39
-34
-30
-27
-24
-23
-22
-23
-25
-28
-31
-36
-40
-44
-48
-51
-53
-54
-53
-49
-45
-38
-31
-22
-12
-2
8
18
28
38
46
54
60
66
69
71
71
70
67
63
57
51
44
36
29
22
16
12
8
6
5
5
6
9
12
16
20
24
29
33
38
43
47
52
57
61
65
69
73
76
79
81
83
84
85
86
86
87
89
91
94
99
105
112
121
131
142
152
163
171
178
183
184
182
177
168
155
140
121
100
77
51
24
-4
-33
-63
-93
-122
-151
-179
-205
-229
-251
-270
-286
-299
-308
-313
-314
-311
-304
-294
-281
-265
-248
-230
-212
-195
-180
-168
-158
-152
-148
-147
-148
-150
-153
-155
-156
-155
-151
-144
-133
-120
-103
-84
-64
-44
-25
-8
5
15
21
23
21
16
9
0
-7
-14
-20
-22
-21
-16
-7
4
20
38
58
79
100
121
141
158
174
186
196
203
208
210
210
208
205
200
193
186
177
168
158
147
136
125
114
103
92
80
69
57
44
30
15
0
-16
-34
-53
-72
-91
-110
-127
-144
-158
-170
-179
-184
-185
-182
-175
-164
-150
-133
-113
-93
-73
-54
-36
-21
-9
-1
4
6
5
1
-3
-9
-15
-21
-26
-30
-31
-30
-26
-20
-12
-1
10
22
35
47
57
66
72
76
77
75
71
65
57
48
39
31
23
18
14
13
14
18
24
31
40
49
59
68
76
82
87
91
93
93
91
88
84
79
74
68
62
57
52
47
44
40
37
34
31
27
23
18
12
6
0
-5
-11
-15
-19
-20
-19
-16
-12
-5
2
12
22
32
42
51
59
65
69
71
70
67
62
55
48
39
31
24
18
14
12
12
15
20
26
35
44
54
64
73
81
86
89
90
87
81
73
63
51
39
26
14
2
-7
-15
-22
-27
-31
-33
-35
-37
-40
-43
-48
-54
-61
-70
-81
-92
-104
-116
-127
-136
-144
-150
-154
-154
-152
-146
-138
-128
-115
-100
-83
-66
-48
-30
-14
1
13
23
30
34
33
30
23
13
1
-11
-25
-40
-53
-65
-75
-81
-85
-85
-81
-74
-63
-48
-31
-11
9
31
54
76
97
116
133
146
157
164
168
168
164
157
148
136
122
106
90
72
54
36
19
2
-14
-29
-44
-58
-71
-84
-96
-107
-118
-128
-138
-146
-154
-161
-165
-167
-167
-164
-157
-147
-134
-119
-100
-80
-59
-39
-19
-1
14
25
32
34
32
24
12
-4
-23
-44
-65
-86
-106
-122
-135
-145
-149
-150
-147
-140
-130
-118
-104
-90
-75
-59
-44
-29
-14
0
14
29
44
59
74
90
105
121
136
150
163
175
184
192
198
201
202
202
199
195
189
182
174
164
154
143
131
119
106
93
79
65
50
36
21
5
-9
-24
-38
-51
-63
-74
-83
-91
-96
-100
-102
-103
-102
-100
-98
-94
-91
-87
-83
-79
-76
-72
-69
-66
-63
-60
-57
-54
-51
-47
-43
-39
-35
-31
-27
-24
-20
-17
-13
-10
-6
-2
1
5
10
15
19
23
26
28
29
28
25
21
15
8
0
-8
-17
-26
-34
-41
-46
-49
-49
-47
-42
-34
-24
-11
3
19
36
53
70
87
103
117
129
140
147
152
154
153
149
142
134
123
111
98
85
73
61
49
39
31
23
17
12
7
3
0
-3
-6
-11
-16
-22
-28
-36
-44
-51
-59
-65
-70
-73
-73
-70
-64
-54
-40
-24
-5
16
38
60
81
100
114
124
129
128
122
110
93
73
50
26
1
-22
-44
-64
-81
-95
-105
-112
-116
-117
-116
-112
-108
-103
-97
-91
-86
-80
-76
-71
-67
-63
-59
-55
-51
-46
-41
-36
-30
-25
-19
-12
-6
0
7
13
20
26
32
37
41
44
47
48
48
48
48
47
46
46
45
45
44
43
40
36
31
23
14
3
-9
-23
-39
-54
-70
-84
-98
-110
-120
-127
-132
-134
-133
-129
-124
-116
-106
-96
-84
-72
-60
-48
-36
-25
-13
-2
7
17
27
37
46
55
63
72
79
86
93
99
104
108
112
114
116
116
115
112
108
103
96
87
78
67
56
44
32
20
9
0
-8
-15
-20
-23
-25
-25
-23
-21
-18
-15
-12
-11
-11
-12
-15
-21
-27
-36
-45
-55
-65
-75
-84
-92
-97
-101
-102
-102
-99
-94
-87
-80
-71
-61
-52
-42
-33
-25
-18
-11
-6
-2
1
3
6
8
10
12
15
19
23
28
34
41
48
55
63
71
77
84
89
92
94
94
91
87
81
73
64
53
42
31
19
8
-1
-11
-19
-26
-31
-33
-34
-33
-30
-24
-18
-10
-1
8
17
26
35
42
48
53
56
56
55
52
47
40
32
22
13
3
-6
-16
-25
-33
-40
-46
-51
-55
-59
-61
-64
-66
-67
-68
-68
-67
-66
-63
-60
-55
-49
-41
-32
-22
-11
0
12
24
35
45
53
59
63
65
64
62
58
53
47
40
34
29
24
20
17
15
14
13
13
13
14
14
14
14
13
12
10
8
5
1
-2
-7
-12
-17
-21
-25
-29
-32
-34
-35
-35
-35
-33
-31
-29
-27
-24
-22
-20
-18
-17
-16
-16
-16
-16
-16
-17
-17
-17
-18
-18
-17
-17
-16
-16
-15
-14
-14
-13
-12
-12
-11
-10
-10
-9
-8
-7
-6
-5
-2
0
2
6
10
15
19
24
28
32
35
37
38
38
36
33
29
24
18
11
4
-2
-8
-14
-19
-23
-26
-27
-27
-26
-23
-19
-14
-8
-1
4
10
16
20
24
26
27
27
25
22
17
12
5
0
-7
-14
-20
-25
-30
-34
-37
-40
-42
-44
-46
-47
-48
-48
-48
-48
-46
-44
-40
-36
-30
-23
-16
-8
0
7
15
22
28
33
36
38
39
39
37
35
32
28
23
18
13
7
1
-5
-12
-18
-25
-32
-38
-44
-49
-54
-57
-58
-58
-57
-54
-49
-43
-35
-27
-19
-10
-2
5
11
17
21
25
28
31
35
39
45
53
62
73
86
100
116
132
147
162
174
183
189
190
186
177
164
146
125
101
75
49
23
-1
-24
-44
-61
-75
-84
-90
-93
-92
-88
-82
-75
-65
-55
-45
-35
-25
-16
-8
-2
3
7
9
11
11
10
7
5
1
-2
-6
-9
-13
-15
-17
-19
-20
-20
-20
-20
-21
-22
-23
-24
-26
-27
-28
-29
-28
-26
-22
-17
-9
-1
8
19
30
40
50
58
63
66
66
62
55
45
32
16
-2
-22
-44
-66
-88
-110
-130
-148
-163
-175
-182
-186
-184
-178
-167
-152
-134
-112
-88
-62
-35
-8
18
43
67
88
106
121
133
140
143
142
137
127
113
95
73
47
19
-12
-45
-79
-113
-146
-177
-204
-227
-243
-254
-257
-254
-243
-226
-203
-175
-144
-110
-74
-39
-5
25
53
77
96
111
120
125
125
122
117
110
102
95
88
84
81
82
84
89
97
105
114
124
133
141
146
150
151
150
146
139
130
119
105
91
75
59
42
26
10
-5
-19
-33
-44
-54
-63
-70
-75
-79
-81
-82
-81
-80
-78
-75
-72
-69
-65
-61
-57
-54
-50
-47
-43
-40
-38
-35
-34
-32
-31
-31
-32
-33
-34
-35
-37
-39
-40
-41
-42
-41
-40
-37
-33
-28
-21
-13
-4
5
15
25
35
44
53
60
66
70
72
72
71
67
62
55
47
38
29
21
13
6
1
-1
-3
-2
0
5
11
19
27
36
46
54
63
70
76
80
83
85
86
85
84
82
80
77
75
73
71
69
67
65
64
62
61
59
57
55
54
52
51
50
50
50
51
52
53
53
53
52
50
46
41
33
24
13
1
-12
-28
-44
-61
-78
-95
-111
-126
-140
-152
-162
-169
-174
-175
-172
-166
-156
-143
-126
-106
-84
-61
-37
-14
7
26
42
53
60
61
58
49
36
20
2
-17
-37
-55
-72
-85
-95
-100
-102
-99
-93
-85
-74
-62
-50
-39
-29
-20
-14
-10
-9
-9
-11
-15
-18
-22
-26
-28
-30
-30
-28
-25
-20
-14
-7
0
8
16
24
32
40
46
51
55
57
58
58
57
55
53
50
48
45
44
43
42
43
44
46
49
53
56
60
63
66
67
67
66
63
58
51
43
33
23
13
3
-6
-15
-23
-29
-34
-38
-40
-42
-43
-43
-43
-42
-42
-41
-41
