72
65
57
47
38
29
21
16
14
15
20
29
42
59
78
99
121
141
160
176
187
194
194
188
176
159
136
110
81
50
19
-10
-37
-61
-82
-98
-111
-119
-124
-125
-124
-121
-116
-111
-106
-101
-98
-96
-98
-102
-110
-121
-135
-151
-170
-190
-210
-230
-248
-264
-277
-287
-293
-296
-294
-287
-277
-262
-244
-221
-194
-163
-128
-90
-50
-6
37
82
126
167
205
237
262
278
286
284
271
249
219
181
138
91
43
-3
-47
-86
-117
-141
-157
-164
-163
-154
-140
-120
-97
-72
-47
-23
-2
15
30
39
45
46
43
38
31
24
17
11
8
9
13
21
34
50
69
90
113
135
157
176
191
201
206
205
196
181
159
130
96
58
17
-25
-68
-110
-149
-183
-212
-234
-249
-257
-258
-252
-241
-225
-205
-183
-160
-137
-114
-92
-72
-54
-37
-22
-9
3
15
26
37
47
58
69
79
89
98
105
112
117
120
121
121
118
113
105
96
86
73
59
44
28
12
-4
-20
-36
-50
-64
-75
-83
-89
-92
-91
-88
-82
-74
-65
-54
-44
-33
-24
-16
-9
-3
1
5
8
12
17
23
30
40
53
68
85
105
126
149
172
194
215
233
248
259
264
265
259
247
230
207
179
147
113
76
39
2
-33
-66
-96
-122
-145
-163
-178
-189
-196
-201
-202
-200
-195
-188
-178
-165
-150
-131
-109
-84
-56
-26
6
39
72
104
133
157
176
188
192
188
177
158
132
101
66
28
-8
-45
-78
-108
-132
-150
-162
-168
-167
-161
-149
-133
-114
-92
-68
-44
-19
4
27
49
69
87
103
118
131
142
151
158
163
166
166
163
158
149
137
122
105
85
63
40
15
-9
-34
-59
-83
-105
-126
-144
-160
-172
-181
-186
-187
-183
-175
-162
-145
-125
-101
-75
-48
-21
5
29
49
66
77
83
83
78
67
52
33
11
-13
-38
-64
-89
-113
-135
-154
-170
-182
-190
-194
-193
-188
-178
-164
-147
-126
-102
-77
-51
-25
0
22
43
59
72
81
86
88
86
82
78
73
68
65
65
66
71
79
89
102
117
133
150
166
182
196
207
215
219
219
215
207
194
178
160
139
116
92
69
45
23
3
-14
-29
-41
-50
-57
-61
-62
-61
-58
-54
-49
-43
-36
-30
-24
-19
-16
-14
-13
-16
-20
-27
-36
-46
-58
-71
-84
-97
-108
-118
-125
-130
-131
-129
-123
-114
-100
-82
-62
-38
-12
14
42
69
95
117
137
152
161
166
165
158
147
131
112
90
67
45
24
6
-9
-20
-26
-29
-27
-22
-14
-4
4
13
21
25
26
22
15
4
-10
-27
-47
-67
-87
-106
-124
-139
-150
-158
-162
-163
-159
-152
-143
-130
-116
-100
-83
-66
-49
-32
-17
-2
11
23
35
45
54
61
66
70
71
70
66
59
48
33
14
-8
-35
-66
-99
-133
-169
-204
-237
-267
-293
-313
-327
-333
-333
-324
-307
-284
-253
-216
-174
-127
-78
-27
23
74
123
169
212
251
284
313
336
353
364
370
369
363
352
336
315
290
263
234
203
173
142
113
85
60
37
17
0
-16
-29
-41
-50
-59
-66
-72
-77
-83
-88
-93
-98
-104
-109
-116
-122
-129
-137
-145
-154
-162
-171
-179
-186
-193
-198
-201
-203
-202
-200
-195
-188
-179
-169
-157
-144
-130
-116
-102
-89
-76
-64
-52
-42
-33
-24
-16
-8
0
7
15
23
32
40
49
58
67
76
86
96
106
118
130
143
158
174
191
209
227
246
264
282
297
309
317
320
319
311
299
281
258
231
202
171
139
109
80
54
31
12
-2
-14
-22
-27
-29
-29
-27
-24
-20
-15
-9
-3
4
11
20
28
36
44
52
58
62
64
63
59
51
39
24
5
-15
-38
-62
-85
-107
-127
-144
-157
-165
-169
-169
-164
-157
-146
-134
-121
-108
-96
-85
-76
-69
-63
-59
-56
-54
-52
-50
-47
-42
-35
-26
-14
0
15
33
52
73
93
113
131
147
159
168
173
172
167
157
143
124
103
80
55
29
5
-18
-40
-59
-75
-89
-99
-107
-113
-116
-117
-117
-116
-115
-113
-113
-112
-113
-114
-116
-118
-120
-123
-124
-125
-124
-121
-115
-107
-96
-83
-67
-50
-32
-13
3
18
31
40
45
46
44
38
29
19
8
-1
-9
-15
-17
-15
-10
-2
9
22
37
52
65
76
84
87
86
80
68
50
29
3
-25
-56
-87
-116
-143
-166
-184
-195
-199
-196
-185
-168
-144
-114
-81
-46
-9
25
58
88
113
133
148
156
159
156
148
136
118
97
73
46
17
-13
-45
-77
-108
-137
-164
-187
-206
-220
-228
-229
-223
-210
-191
-166
-136
-102
-65
-27
11
48
83
114
140
160
174
180
180
173
158
138
112
82
49
13
-22
-57
-90
-119
-144
-163
-176
-181
-179
-170
-155
-133
-107
-77
-44
-10
22
54
83
108
128
144
154
160
161
159
153
146
137
129
121
114
108
105
104
105
107
111
115
120
124
127
129
129
126
121
112
100
86
68
48
26
3
-20
-44
-68
-90
-111
-130
-146
-159
-169
-175
-178
-177
-173
-165
-154
-140
-124
-106
-86
-65
-44
-23
-2
16
33
49
62
74
83
90
95
99
102
105
107
109
112
114
117
119
122
124
126
128
128
129
128
126
123
120
116
110
104
97
90
82
73
63
53
42
31
19
7
-4
-16
-27
-38
-47
-55
-62
-66
-68
-68
-66
-61
-54
-45
-34
-22
-10
2
13
24
31
36
38
35
29
19
5
-10
-28
-46
-65
-83
-99
-113
-123
-130
-133
-133
-129
-123
-115
-106
-96
-85
-75
-65
-57
-49
-42
-36
-30
-24
-18
-13
-7
-2
2
5
8
9
9
7
3
-1
-8
-14
-21
-27
-32
-36
-37
-36
-32
-25
-15
-3
11
28
46
66
86
106
125
143
160
174
186
195
200
203
202
198
190
179
165
148
129
107
84
59
35
11
-11
-33
-52
-70
-84
-96
-106
-113
-119
-123
-125
-127
-127
-127
-127
-126
-126
-126
-127
-128
-130
-132
-135
-137
-140
-141
-142
-142
-140
-137
-132
-125
-115
-104
-90
-75
-58
-40
-21
-2
15
32
47
60
70
78
82
83
81
76
69
61
51
41
31
22
14
8
4
1
1
3
6
11
18
25
32
39
45
51
55
57
56
54
48
41
31
19
6
-7
-20
-33
-44
-53
-59
-62
-60
-56
-47
-36
-22
-5
12
30
48
65
80
93
103
110
113
112
109
102
93
82
70
58
45
33
21
10
0
-7
-14
-19
-23
-24
-24
-23
-19
-14
-8
0
8
18
29
40
50
61
70
78
84
88
91
91
90
87
82
76
70
63
55
46
37
27
16
5
-7
-20
-34
-49
-65
-81
-96
-112
-127
-141
-154
-165
-175
-182
-187
-191
-192
-191
-188
-184
-178
-171
-164
-156
-147
-138
-128
-118
-107
-96
-85
-74
-63
-52
-42
-33
-24
-17
-9
-2
3
9
16
22
28
34
40
45
50
55
58
61
63
65
66
66
66
65
65
64
64
64
64
65
67
69
73
78
84
91
99
107
116
126
135
143
149
154
156
155
150
141
127
109
86
58
27
-7
-43
-80
-117
-153
-185
-213
-236
-253
-262
-265
-261
-250
-232
-209
-182
-152
-120
-87
-55
-24
4
29
51
69
83
93
98
100
99
95
88
79
68
57
46
35
25
16
9
4
2
3
6
11
20
29
41
53
65
77
88
96
103
107
107
105
99
91
80
67
52
37
22
7
-5
-17
-27
-33
-37
-38
-36
-31
-24
-15
-4
6
19
31
42
53
63
70
76
80
81
80
77
72
64
55
45
34
22
11
0
-10
-20
-30
-38
-45
-51
-56
-60
-63
-65
-66
-65
-63
-59
-55
-48
-41
-32
-23
-14
-4
5
14
22
28
32
35
35
33
28
22
14
5
-4
-13
-22
-30
-36
-40
-43
-43
-41
-38
-32
-25
-17
-8
1
11
22
33
43
53
63
71
78
83
86
88
87
84
78
71
62
52
41
29
18
8
-1
-9
-15
-20
-23
-24
-23
-22
-20
-17
-15
-13
-13
-15
-18
-24
-33
-44
-58
-74
-92
-111
-130
-149
-167
-182
-195
-204
-208
-207
-200
-186
-165
-138
-103
-62
-16
34
87
142
195
244
288
324
351
367
371
364
346
317
278
233
182
127
72
17
-34
-81
-122
-157
-184
-204
-215
-220
-218
-210
-198
-183
-167
-150
-133
-118
-106
-95
-88
-83
-80
-79
-78
-78
-77
-76
-73
-68
-61
-53
-43
-32
-20
-9
0
10
17
22
25
24
21
16
8
-1
-12
-25
-38
-51
-63
-74
-84
-93
-99
-103
-104
-104
-100
-94
-86
-75
-62
-47
-31
-13
5
24
43
63
82
102
121
140
158
176
194
210
225
237
248
255
258
258
254
246
235
219
201
180
156
130
102
73
43
13
-17
-47
-76
-104
-130
-153
-173
-189
-201
-209
-213
-212
-208
-200
-189
-175
-159
-143
-126
-110
-96
-83
-73
-65
-61
-59
-60
-62
-66
-70
-74
-76
-77
-76
-71
-63
-53
-39
-22
-4
15
36
56
75
93
108
120
129
134
135
132
126
117
106
92
77
62
46
30
16
2
-8
-17
-24
-28
-29
-28
-23
-16
-6
5
19
34
50
66
81
96
109
120
129
135
138
139
136
132
124
115
104
91
77
62
47
32
18
4
-8
-19
-29
-37
-43
-48
-52
-55
-57
-59
-62
-66
-71
-78
-85
-95
-106
-118
-131
-144
-158
-171
-183
-193
-202
-207
-209
-207
-201
-191
-178
-161
-140
-118
-94
-69
-44
-19
4
27
48
68
85
101
115
126
136
145
152
157
162
166
169
171
173
175
176
176
175
172
168
162
154
144
133
120
105
90
75
60
46
33
21
11
3
-2
-6
-8
-10
-10
-10
-10
-10
-11
-12
-14
-17
-20
-24
-28
-32
-37
-42
-48
-54
-61
-68
-75
-83
-92
-100
-109
-117
-124
-130
-134
-137
-137
-134
-129
-122
-111
-99
-86
-71
-57
-42
-28
-16
-5
4
13
21
28
36
44
53
64
76
90
106
123
141
158
174
188
198
204
204
198
186
167
143
113
80
44
7
-28
-63
-95
-122
-145
-162
-174
-180
-181
-179
-172
-163
-151
-138
-124
-110
-96
-83
-69
-57
-45
-33
-22
-10
0
12
23
36
48
60
71
82
93
102
110
116
120
122
121
118
111
101
87
71
52
31
9
-13
-37
-60
-81
-101
-119
-134
-147
-157
-165
-169
-172
-171
-169
-164
-157
-149
-139
-127
-114
-99
-84
-67
-49
-29
-9
11
33
56
80
103
126
148
169
188
204
217
226
231
231
226
217
203
185
163
140
114
89
64
