247
244
244
249
258
273
294
320
349
381
413
443
470
491
506
513
513
505
491
473
451
428
406
386
369
356
345
336
328
318
304
284
257
221
175
119
53
-21
-104
-192
-283
-374
-462
-544
-616
-676
-721
-750
-760
-752
-725
-681
-621
-549
-467
-380
-290
-204
-124
-53
4
48
77
92
93
84
67
45
21
0
-15
-24
-23
-12
9
41
81
127
176
224
269
307
335
351
355
347
328
302
272
243
220
207
210
231
275
341
430
538
664
800
940
1077
1203
1310
1392
1442
1457
1434
1373
1276
1146
988
809
616
416
217
24
-154
-316
-457
-575
-669
-741
-792
-825
-843
-851
-851
-849
-848
-851
-861
-882
-914
-960
-1020
-1096
-1187
-1294
-1415
-1549
-1695
-1848
-2005
-2160
-2309
-2444
-2560
-2648
-2703
-2719
-2691
-2614
-2488
-2311
-2085
-1812
-1497
-1146
-768
-369
38
447
846
1228
1583
1905
2187
2425
2617
2761
2857
2907
2914
2880
2810
2707
2576
2422
2247
2058
1857
1649
1438
1227
1022
825
641
471
318
184
70
-25
-103
-166
-215
-254
-287
-317
-347
-378
-414
-454
-499
-548
-598
-648
-695
-735
-765
-783
-788
-777
-752
-713
-663
-605
-543
-481
-424
-375
-340
-320
-317
-334
-369
-421
-488
-566
-650
-736
-817
-889
-947
-986
-1004
-997
-966
-909
-829
-727
-606
-472
-327
-178
-28
117
254
379
489
583
658
715
755
779
789
788
779
765
748
731
717
706
701
702
708
719
733
749
765
779
788
792
787
775
753
722
683
637
586
531
476
422
370
322
279
241
207
176
147
117
84
47
3
-46
-105
-170
-242
-317
-395
-471
-543
-608
-663
-706
-734
-747
-744
-726
-693
-649
-594
-534
-470
-407
-347
-295
-251
-218
-197
-189
-191
-204
-224
-248
-274
-298
-315
-324
-320
-301
-265
-211
-139
-50
54
174
304
442
585
729
871
1007
1134
1251
1354
1441
1512
1564
1599
1614
1612
1592
1556
1505
1441
1365
1280
1187
1087
981
871
757
638
515
388
256
118
-24
-173
-326
-484
-645
-805
-964
-1117
-1262
-1395
-1513
-1614
-1697
-1761
-1806
-1833
-1846
-1846
-1838
-1823
-1805
-1786
-1766
-1746
-1724
-1698
-1664
-1620
-1560
-1482
-1382
-1259
-1113
-946
-760
-562
-357
-152
42
222
377
504
596
653
673
658
612
540
450
348
242
141
51
-19
-67
-88
-81
-45
17
105
213
335
468
604
738
866
981
1082
1165
1228
1271
1294
1299
1287
1261
1223
1176
1122
1064
1002
940
876
812
748
683
618
552
485
416
345
273
199
124
48
-28
-105
-182
-258
-333
-404
-472
-535
-591
-640
-680
-712
-733
-746
-748
-743
-730
-711
-688
-662
-636
-610
-585
-564
-547
-533
-524
-519
-517
-517
-520
-524
-529
-533
-536
-537
-535
-528
-515
-496
-469
-434
-389
-334
-270
-195
-112
-20
77
180
286
392
496
595
688
771
843
902
949
981
999
1002
992
968
931
881
819
747
664
573
476
373
267
162
59
-37
-126
-204
-268
-317
-349
-362
-357
-333
-292
-234
-162
-79
11
107
203
296
383
459
522
569
599
612
606
584
547
496
435
366
293
217
142
70
1
-61
-120
-174
-224
-270
-314
-356
-397
-438
-479
-518
-555
-589
-616
-635
-644
-641
-624
-592
-547
-488
-417
-339
-255
-170
-88
-13
51
104
143
167
177
175
164
146
125
104
86
74
70
75
89
111
139
172
207
241
273
299
318
328
328
318
298
270
233
190
143
93
41
-9
-59
-106
-150
-192
-231
-268
-302
-336
-369
-402
-435
-468
-501
-533
-563
-590
-614
-632
-644
-649
-647
-635
-615
-586
-549
-504
-452
-395
-333
-267
-200
-133
-67
-4
55
110
159
202
238
266
288
302
308
309
303
292
276
258
238
217
197
180
165
154
146
142
142
143
147
151
153
154
153
147
136
121
100
73
41
5
-35
-80
-127
-175
-223
-270
-313
-352
-384
-409
-426
-434
-431
-419
-396
-364
-322
-270
-211
-145
-73
3
82
163
243
320
393
461
521
573
615
648
670
682
684
678
663
642
615
584
550
514
476
437
398
357
315
272
227
180
131
81
29
-22
-73
-123
-170
-212
-249
-281
-305
-322
-331
-333
-328
-317
-300
-278
-252
-224
-194
-163
-131
-100
-69
-39
-9
19
46
72
97
120
140
157
171
181
187
188
185
176
164
147
127
104
79
53
25
-1
-27
-51
-72
-90
-103
-112
-116
-116
-110
-100
-86
-69
-50
-31
-11
7
23
38
49
58
63
65
66
64
62
60
58
58
59
63
69
76
86
97
108
120
131
142
150
157
162
163
162
157
148
137
121
103
82
59
34
8
-18
-44
-69
-93
-115
-135
-152
-165
-176
-183
-186
-186
-183
-177
-169
-159
-148
-137
-127
-117
-110
-105
-103
-105
-109
-117
-128
-142
-157
-173
-189
-205
-219
-232
-243
-252
-259
-266
-272
-278
-284
-292
-300
-309
-318
-326
-332
-335
-334
-329
-318
-301
-278
-250
-216
-178
-137
-94
-51
-8
31
68
100
128
150
167
179
186
191
194
196
198
202
208
217
228
242
258
274
290
303
313
318
318
310
296
275
248
216
181
143
106
70
38
11
-8
-21
-28
-27
-20
-9
5
21
37
51
63
71
74
73
68
59
46
32
18
3
-9
-20
-28
-32
-33
-31
-25
-16
-6
5
17
29
40
50
58
64
68
70
70
68
64
59
53
45
37
29
20
11
2
-5
-13
-21
-28
-35
-42
-49
-55
-61
-67
-72
-77
-81
-85
-87
-89
-90
-90
-88
-85
-81
-77
-71
-66
-60
-56
-53
-51
-51
-53
-57
-62
-67
-73
-77
-80
-80
-78
-72
-62
-50
-34
-16
3
23
42
60
75
87
96
100
101
98
92
85
76
67
60
54
51
50
52
57
63
71
79
86
92
95
94
90
82
69
52
32
10
-14
-40
-66
-90
-114
-135
-153
-168
-179
-187
-190
-189
-183
-171
-155
-132
-104
-70
-30
14
64
118
176
235
296
357
416
473
528
577
622
661
694
720
738
748
750
744
728
703
668
623
568
501
423
333
232
119
-4
-138
-281
-431
-584
-739
-892
-1038
-1174
-1296
-1399
-1479
-1535
-1563
-1564
-1536
-1482
-1403
-1304
-1189
-1063
-932
-799
-671
-550
-441
-343
-259
-188
-126
-72
-23
25
76
132
197
271
354
445
544
646
749
849
941
1022
1088
1135
1163
1169
1155
1120
1068
1000
921
834
744
654
568
489
418
358
307
266
233
205
181
156
127
94
52
1
-58
-128
-206
-290
-377
-465
-549
-627
-695
-751
-792
-817
-825
-816
-791
-751
-699
-636
-565
-489
-410
-331
-252
-177
-106
-40
19
74
124
167
205
238
266
288
307
320
330
336
338
337
332
325
315
303
290
276
264
253
245
242
242
248
258
272
290
308
326
342
352
355
350
334
306
266
214
151
76
-7
-99
-196
-297
-399
-499
-594
-683
-762
-828
-879
-913
-929
-924
-898
-850
-783
-696
-594
-479
-356
-230
-106
9
112
198
262
302
317
309
278
227
161
85
2
-82
-164
-240
-307
-362
-406
-436
-453
-457
-450
-431
-403
-367
-322
-271
-213
-150
-81
-7
70
152
238
327
418
510
602
694
784
871
953
1028
1094
1151
1194
1222
1234
1228
1201
1154
1087
999
893
771
636
492
342
192
46
-91
-217
-328
-421
-494
-548
-583
-600
-601
-589
-567
-538
-506
-474
-444
-418
-398
-384
-376
-374
-374
-377
-378
-377
-371
-357
-336
-305
-265
-217
-163
-103
-41
20
77
128
169
199
215
217
206
182
147
103
55
4
-45
-92
-132
-164
-187
-200
-203
-198
-185
-166
-142
-115
-86
-57
-27
0
27
53
77
100
122
143
162
178
192
203
210
212
210
204
192
176
157
135
112
89
67
48
32
21
16
17
24
36
54
75
100
127
155
182
209
235
259
281
302
322
340
358
374
390
403
413
419
420
413
397
371
334
286
225
153
72
-15
-107
-200
-290
-373
-445
-504
-548
-575
-588
-586
-573
-552
-529
-506
-487
-476
-476
-485
-506
-535
-571
-611
-649
-683
-710
-724
-726
-712
-683
-640
-584
-518
-445
-369
-292
-218
-150
-89
-38
3
35
57
72
79
80
78
72
66
58
51
45
41
38
39
42
49
61
77
100
127
162
202
248
299
355
414
475
537
598
657
712
763
807
844
873
894
905
907
898
880
852
814
767
711
646
573
492
403
308
207
101
-8
-122
-236
-350
-461
-567
-666
-755
-831
-894
-940
-969
-980
-973
-949
-909
-856
-792
-720
-643
-566
-492
-425
-367
-322
-291
-276
-276
-291
-318
-354
-396
-441
-482
-518
-543
-555
-550
-528
-486
-426
-349
-255
-148
-30
95
225
354
480
600
709
805
887
953
1001
1033
1048
1048
1033
1008
972
930
884
837
791
749
711
681
657
642
634
633
638
648
661
677
692
706
717
721
718
704
678
636
576
496
396
273
129
-34
-216
-413
-619
-830
-1040
-1242
-1429
-1596
-1734
-1840
-1908
-1934
-1915
-1852
-1744
-1596
-1410
-1194
-954
-698
-434
-171
84
324
544
738
903
1036
1138
1209
1250
1264
1254
1223
1177
1119
1053
981
907
832
757
683
611
539
468
398
329
261
194
130
69
13
-36
-80
-116
-144
-163
-176
-181
-181
-177
-172
-167
-166
-171
-183
-207
-242
-290
-352
-427
-514
-614
-724
-844
-971
-1106
-1245
-1387
-1531
-1675
-1816
-1951
-2077
-2189
-2284
-2355
-2399
-2411
-2384
-2317
-2206
-2048
-1845
-1598
-1310
-986
-632
-256
131
522
905
1270
1608
1909
2168
2380
2540
2648
2706
2717
2685
2615
2515
2390
2248
2093
1932
1769
1607
1449
1297
1152
1015
885
762
645
534
428
326
229
137
49
-31
-105
-172
-230
-279
-320
-353
-378
-399
-417
-433
-451
-472
-498
-528
-564
-604
-647
-690
-732
-771
-804
-831
-848
-858
-858
-851
-837
-818
-795
-769
-743
-717
-693
-671
-651
-633
-619
-606
-594
-583
-572
-558
-542
-521
-493
-458
-414
-361
-297
-223
-140
-50
45
144
242
336
422
498
561
609
640
655
654
639
613
577
535
491
448
409
375
350
334
327
330
341
359
381
405
428
449
464
473
473
464
446
421
388
350
308
265
223
183
148
118
95
78
68
64
64
68
73
79
82
83
80
72
61
48
33
19
9
6
12
30
62
107
167
241
326
418
516
613
704
786
852
898
920
915
881
818
725
604
459
293
112
-78
-273
-465
-648
-815
-963
-1086
-1181
-1246
-1280
-1284
-1259
-1209
-1137
-1048
-947
-840
-732
-629
-535
-455
-390
-343
-313
-298
-296
-303
-313
-323
-326
-319
-297
-259
-204
-132
-46
50
153
257
358
452
534
601
653
688
708
714
709
695
676
653
628
602
576
547
515
477
431
376
310
231
140
38
-72
-189
-308
-426
-538
-641
-730
-803
-857
-892
-907
-902
-879
-839
-784
-716
-637
-549
-454
-354
-251
-148
-47
49
140
221
