815
811
800
777
742
692
627
548
455
350
236
117
-4
-126
-244
-354
-456
-547
-625
-691
-743
-784
-813
-832
-843
-847
-845
-840
-831
-819
-806
-791
-774
-756
-736
-714
-689
-661
-628
-590
-547
-497
-440
-377
-309
-236
-161
-85
-10
61
127
186
236
276
305
324
333
332
323
307
287
263
239
215
194
176
163
156
154
158
168
183
203
227
255
284
314
345
374
400
423
441
454
461
461
454
441
421
394
360
322
278
229
178
124
69
14
-38
-88
-133
-173
-205
-230
-247
-256
-256
-248
-235
-216
-193
-169
-144
-121
-102
-86
-76
-72
-73
-80
-91
-106
-122
-137
-151
-161
-165
-164
-155
-138
-115
-84
-48
-7
36
80
124
165
202
233
259
279
292
300
302
301
296
290
283
276
270
265
261
257
254
250
245
238
227
214
195
173
145
112
74
31
-15
-65
-117
-172
-226
-279
-330
-377
-418
-453
-480
-499
-508
-508
-498
-480
-454
-422
-385
-345
-304
-263
-224
-188
-157
-131
-110
-94
-83
-75
-71
-69
-68
-67
-64
-60
-53
-42
-27
-8
15
43
74
109
146
185
224
261
296
327
353
373
386
393
394
388
378
364
348
332
317
305
296
292
293
298
308
321
336
351
364
373
376
371
356
330
293
245
185
116
39
-43
-130
-218
-305
-388
-464
-532
-590
-637
-672
-693
-702
-699
-684
-659
-625
-584
-538
-490
-441
-394
-350
-312
-280
-256
-240
-231
-229
-232
-240
-249
-259
-267
-272
-272
-265
-250
-228
-196
-156
-109
-54
5
70
137
205
272
335
393
443
485
516
535
541
533
509
469
414
343
258
159
50
-65
-186
-308
-426
-536
-634
-717
-781
-824
-844
-839
-810
-757
-681
-586
-475
-351
-220
-85
48
176
295
400
490
562
615
648
662
658
637
602
555
500
438
374
309
246
188
137
93
59
34
20
15
19
32
51
75
103
133
163
193
222
248
271
292
311
327
342
355
366
376
384
389
391
389
382
370
351
326
294
257
215
170
122
73
24
-23
-68
-112
-154
-193
-232
-270
-309
-348
-388
-429
-471
-513
-554
-592
-627
-656
-678
-692
-696
-689
-672
-644
-605
-557
-500
-436
-365
-290
-211
-130
-47
34
115
193
268
339
403
461
512
555
590
615
632
640
640
633
619
600
576
548
519
487
454
421
387
353
318
283
247
210
173
136
99
63
28
-2
-30
-53
-71
-83
-88
-88
-83
-73
-60
-46
-31
-18
-7
0
3
2
-3
-13
-26
-42
-60
-78
-95
-110
-121
-129
-132
-132
-128
-122
-116
-110
-107
-108
-114
-126
-146
-171
-202
-237
-274
-311
-344
-372
-391
-401
-399
-384
-356
-317
-267
-209
-144
-76
-7
59
120
174
219
253
275
284
281
265
237
199
150
94
32
-34
-102
-169
-234
-294
-346
-391
-425
-449
-461
-462
-451
-430
-398
-358
-311
-259
-204
-147
-91
-37
12
57
96
129
156
176
190
199
204
204
200
195
187
178
168
158
149
141
135
132
130
132
135
140
147
153
158
162
163
160
154
143
128
109
86
59
29
-2
-36
-72
-107
-142
-175
-206
-233
-256
-274
-287
-294
-295
-290
-280
-264
-243
-217
-188
-157
-123
-88
-53
-18
14
44
72
96
116
131
142
147
148
143
135
122
107
90
71
53
36
21
10
2
0
0
5
15
28
44
63
83
103
124
143
160
175
187
196
201
203
201
196
188
177
165
151
137
124
111
100
91
84
81
80
84
90
100
114
130
148
167
187
207
225
241
253
261
265
264
258
246
229
207
180
149
115
78
40
1
-37
-75
-111
-143
-171
-195
-214
-229
-239
-245
-248
-249
-250
-252
-255
-262
-272
-287
-305
-327
-352
-378
-403
-427
-448
-463
-472
-474
-468
-454
-432
-402
-366
-324
-277
-226
-173
-118
-62
-6
48
101
152
201
245
286
322
353
379
398
411
417
416
409
397
380
358
335
310
285
261
240
221
205
192
181
171
163
154
144
132
118
102
83
61
38
13
-10
-35
-58
-79
-98
-114
-127
-137
-143
-145
-145
-142
-136
-129
-120
-112
-104
-97
-91
-88
-86
-87
-88
-92
-96
-100
-104
-108
-110
-112
-113
-114
-114
-114
-114
-115
-118
-124
-133
-145
-161
-181
-205
-232
-262
-294
-325
-354
-379
-397
-407
-408
-397
-374
-340
-293
-237
-172
-101
-27
46
116
180
235
279
309
325
325
312
285
247
200
147
90
33
-19
-67
-107
-138
-157
-164
-158
-141
-113
-76
-31
19
73
129
184
236
285
328
364
393
414
428
433
432
423
408
387
361
332
299
265
229
193
159
125
95
68
44
25
11
0
-5
-7
-7
-4
0
4
8
11
13
13
12
10
7
5
3
4
7
13
22
34
48
63
78
91
101
105
102
91
72
42
4
-42
-95
-154
-216
-279
-341
-398
-448
-490
-522
-543
-552
-550
-537
-515
-486
-451
-412
-373
-334
-297
-265
-236
-211
-191
-174
-159
-145
-131
-116
-99
-79
-56
-29
0
32
67
105
144
184
225
266
306
345
383
418
450
478
503
523
537
547
551
549
542
530
513
492
468
440
411
379
345
310
273
236
198
159
121
83
46
12
-20
-50
-77
-102
-124
-144
-164
-182
-201
-221
-242
-265
-290
-316
-343
-369
-394
-416
-433
-442
-443
-433
-412
-379
-335
-280
-216
-146
-72
0
71
135
190
234
265
283
288
281
264
238
207
173
138
105
74
48
27
11
0
-6
-10
-12
-14
-16
-20
-27
-37
-51
-68
-87
-107
-127
-145
-160
-171
-176
-176
-169
-155
-136
-112
-83
-52
-18
14
47
77
105
129
148
163
173
178
178
175
167
156
142
126
109
91
73
55
38
22
8
-3
-12
-19
-22
-23
-22
-18
-13
-7
-1
4
8
9
6
0
-13
-32
-56
-88
-125
-168
-216
-266
-319
-370
-419
-464
-501
-530
-547
-553
-546
-526
-493
-447
-390
-322
-247
-165
-79
7
94
179
261
336
405
466
519
562
595
618
631
633
626
609
583
549
508
462
411
359
305
253
202
156
113
75
42
13
-10
-31
-51
-69
-87
-105
-125
-147
-169
-192
-215
-237
-256
-271
-282
-286
-283
-274
-257
-233
-203
-169
-133
-96
-60
-28
-1
17
28
30
23
6
-18
-50
-88
-128
-170
-212
-250
-283
-310
-329
-339
-340
-331
-314
-288
-255
-216
-172
-125
-76
-27
19
63
103
139
169
195
215
230
240
246
249
250
248
244
239
234
228
222
216
209
201
193
184
173
162
150
138
125
113
102
93
85
79
75
73
72
72
73
72
71
67
61
52
39
24
5
-16
-40
-64
-88
-112
-133
-152
-167
-179
-186
-190
-191
-189
-185
-180
-174
-169
-165
-161
-159
-157
-155
-153
-150
-145
-138
-128
-113
-95
-72
-46
-16
16
50
85
120
153
183
208
227
241
248
247
240
226
207
184
158
132
107
85
68
58
55
60
73
94
120
150
183
215
245
270
289
299
300
291
272
243
206
160
108
51
-8
-70
-133
-195
-254
-309
-360
-405
-444
-477
-502
-520
-530
-534
-531
-521
-506
-485
-460
-430
-396
-360
-322
-283
-244
-205
-168
-132
-99
-69
-42
-18
2
20
36
48
59
67
72
75
76
73
68
61
50
37
22
6
-9
-24
-36
-44
-45
-38
-23
2
39
85
141
204
273
345
417
485
548
601
643
671
684
682
665
634
590
537
476
410
342
274
209
147
90
39
-5
-44
-77
-106
-130
-151
-168
-183
-196
-207
-215
-222
-228
-231
-233
-233
-231
-229
-225
-221
-217
-213
-209
-206
-204
-202
-201
-201
-202
-202
-202
-201
-198
-194
-188
-178
-166
-152
-134
-115
-94
-72
-50
-29
-10
6
19
28
33
33
29
21
10
-3
-17
-32
-45
-56
-64
-67
-65
-59
-48
-33
-15
6
28
51
73
93
111
125
136
143
146
145
141
135
126
116
105
94
85
76
69
64
61
61
61
63
66
69
72
73
73
71
68
62
54
45
36
26
18
11
7
6
9
16
27
42
61
83
107
131
155
177
196
212
222
226
224
217
203
184
161
135
106
77
48
20
-6
-30
-52
-72
-90
-106
-121
-136
-152
-168
-186
-205
-226
-247
-270
-291
-312
-330
-344
-354
-358
-356
-348
-332
-311
-283
-250
-213
-173
-130
-87
-44
-1
38
75
108
136
159
176
186
188
183
171
151
123
89
48
2
-46
-98
-150
-201
-247
-289
-322
-347
-360
-363
-353
-332
-299
-257
-206
-149
-87
-24
37
97
152
200
240
271
293
305
308
303
291
274
253
231
208
186
167
152
141
136
135
138
146
158
171
186
201
216
228
237
242
242
237
226
211
190
165
136
104
69
33
-3
-41
-78
-115
-150
-183
-214
-241
-264
-282
-296
-304
-307
-305
-298
-286
-269
-249
-225
-199
-170
-140
-108
-77
-46
-15
13
40
65
87
107
124
137
147
154
157
156
152
143
131
114
94
70
44
15
-14
-44
-73
-99
-121
-137
-147
-148
-141
-124
-99
-64
-23
24
75
128
180
229
273
310
338
356
365
365
355
338
314
285
252
217
181
146
112
80
52
26
2
-17
-35
-51
-65
-78
-90
-100
-109
-116
-121
-124
-125
-124
-120
-114
-107
-100
-93
-87
-82
-79
-80
-83
-89
-99
-111
-126
-142
-159
-177
-194
-209
-222
-232
-237
-237
-233
-224
-209
-191
-168
-141
-112
-82
-51
-20
8
36
61
82
101
116
129
139
147
154
159
165
170
176
182
187
192
196
199
200
198
193
184
171
154
133
108
80
48
15
-19
-54
-87
-117
-143
-164
-179
-188
-189
-184
-173
-156
-135
-112
-87
-63
-42
-24
-12
-7
-8
-17
-33
-56
-84
-116
-151
-187
-221
-252
-279
-299
-313
-318
-314
-302
-282
-255
-221
-182
-139
-94
-48
-3
40
81
118
152
182
208
230
249
265
278
288
295
298
298
295
286
274
256
233
205
172
136
96
53
9
-35
-79
-121
-161
-197
-229
-256
-277
-292
-302
-306
-304
-297
-284
-266
-244
-216
-185
-149
-109
-67
-24
20
64
106
144
179
207
231
247
258
264
265
262
257
250
243
236
230
224
219
214
209
202
194
182
168
150
129
105
78
51
22
-4
-30
-53
-72
-87
-98
-104
-107
-106
-102
-97
-91
-85
-79
-75
-72
-70
-70
-72
-74
-76
-77
-77
-76
-71
-64
-53
-39
-20
1
27
57
89
123
158
194
230
263
294
321
342
357
365
364
355
337
311
277
235
188
137
83
28
-25
-76
-124
-165
-201
-228
-249
-261
-266
-264
-257
-245
-230
-212
-195
-178
-163
-150
-141
-135
-134
-135
-140
-147
-156
-164
-172
-178
-181
-181
-177
-170
-159
-146
-132
-116
