50
36
23
14
7
4
4
8
15
26
41
58
77
98
119
139
158
174
186
192
193
188
176
158
133
103
68
29
-12
-54
-96
-136
-173
-205
-231
-252
-266
-273
-275
-271
-262
-250
-234
-217
-199
-180
-162
-145
-129
-115
-102
-91
-82
-73
-65
-58
-51
-45
-40
-35
-32
-30
-29
-31
-34
-39
-46
-54
-63
-73
-83
-93
-101
-108
-112
-114
-113
-108
-99
-87
-71
-51
-29
-4
21
48
74
99
123
144
162
177
188
196
201
202
201
198
194
189
184
179
176
175
175
178
181
186
190
194
197
198
197
192
184
172
158
140
119
97
74
51
29
7
-11
-28
-42
-54
-62
-69
-73
-75
-75
-75
-74
-73
-71
-69
-66
-64
-61
-59
-56
-53
-51
-49
-47
-46
-46
-46
-48
-50
-54
-60
-67
-76
-86
-97
-110
-122
-135
-146
-156
-164
-170
-173
-172
-170
-164
-156
-146
-134
-122
-110
-97
-86
-76
-66
-59
-52
-46
-41
-36
-30
-23
-15
-5
5
19
33
48
64
79
94
107
118
127
133
137
137
134
128
119
107
92
74
53
30
4
-22
-51
-80
-110
-139
-167
-192
-214
-231
-243
-250
-249
-241
-225
-203
-173
-136
-95
-50
-2
45
92
137
178
214
244
267
284
294
298
295
288
276
261
243
224
204
184
163
143
123
104
85
67
49
33
17
4
-7
-16
-23
-27
-28
-26
-21
-15
-6
4
15
28
41
53
65
76
86
94
101
105
107
106
102
94
82
67
48
25
-1
-30
-60
-92
-124
-155
-184
-210
-233
-251
-264
-272
-276
-274
-269
-260
-248
-233
-217
-199
-181
-163
-145
-127
-111
-96
-82
-69
-57
-46
-36
-26
-17
-7
2
12
22
32
42
52
62
71
79
87
94
100
105
109
113
116
119
121
124
126
128
130
133
135
138
140
142
143
143
143
141
138
134
129
123
116
108
100
92
83
73
64
55
47
38
31
24
18
12
7
2
-1
-6
-11
-16
-21
-27
-34
-40
-47
-54
-61
-67
-73
-77
-80
-82
-83
-82
-80
-77
-73
-68
-63
-59
-55
-53
-52
-52
-53
-55
-59
-63
-66
-70
-72
-74
-73
-70
-65
-57
-46
-34
-20
-5
10
25
39
52
62
69
74
75
74
69
61
51
39
25
10
-4
-19
-34
-48
-61
-72
-81
-88
-92
-94
-93
-90
-85
-78
-69
-59
-48
-36
-25
-13
-3
7
16
24
31
37
42
45
48
50
51
51
50
48
46
43
40
36
31
26
21
15
10
3
-2
-9
-16
-23
-29
-35
-41
-45
-48
-50
-50
-48
-45
-40
-33
-24
-15
-5
5
15
25
35
44
52
58
63
67
70
70
70
68
66
62
57
52
46
40
34
28
21
15
9
3
-1
-5
-9
-12
-14
-16
-16
-17
-17
-17
-17
-17
-17
-17
-18
-18
-19
-19
-19
-19
-20
-20
-20
-21
-22
-22
-22
-23
-23
-23
-23
-23
-23
-22
-22
-22
-22
-22
-22
-21
-19
-18
-15
-13
-10
-7
-4
-1
0
2
3
3
2
1
0
-1
-3
-5
-6
-6
-5
-4
-1
2
7
12
17
22
27
31
34
36
36
35
33
30
25
19
13
6
0
-6
-12
-17
-22
-26
-29
-33
-36
-39
-43
-46
-49
-52
-55
-57
-58
-57
-55
-52
-46
-39
-31
-22
-12
-2
6
14
21
27
30
31
29
25
19
12
2
-7
-19
-30
-41
-50
-58
-64
-68
-70
-68
-65
-59
-50
-40
-27
-14
0
16
31
46
60
73
85
94
102
107
110
111
110
107
102
96
90
82
75
68
61
54
49
44
40
37
34
32
29
26
23
19
15
9
3
-4
-13
-22
-32
-43
-55
-66
-77
-87
-96
-103
-108
-111
-110
-107
-102
-93
-82
-69
-53
-36
-18
0
19
37
55
70
84
95
103
109
111
111
108
102
95
86
76
66
55
45
35
25
17
9
3
-2
-7
-10
-13
-14
-15
-15
-14
-13
-11
-10
-8
-7
-6
-5
-5
-6
-7
-8
-10
-11
-13
-14
-15
-16
-17
-17
-18
-18
-19
-20
-21
-22
-22
-22
-22
-21
-19
-17
-14
-11
-7
-3
0
4
8
11
13
15
16
16
15
13
11
8
4
0
-3
-7
-10
-13
-14
-15
-16
-15
-15
-14
-13
-12
-11
-11
-12
-12
-13
-15
-16
-18
-19
-20
-21
-21
-21
-21
-20
-18
-16
-14
-12
-10
-8
-6
-4
-3
-3
-3
-3
-4
-5
-7
-9
-11
-13
-15
-16
-18
-19
-19
-19
-19
-17
-15
-12
-8
-4
1
7
13
20
26
32
38
43
47
49
51
51
50
47
44
39
34
27
21
14
7
0
-5
-10
-15
-18
-21
-22
-22
-21
-19
-17
-15
-13
-12
-11
-11
-12
-14
-16
-18
-21
-24
-27
-30
-32
-33
-33
-32
-29
-25
-19
-11
-2
8
19
31
42
54
65
75
84
92
97
101
103
103
100
96
90
82
72
61
48
35
20
5
-9
-23
-38
-51
-64
-74
-83
-89
-93
-95
-94
-91
-86
-80
-72
-63
-54
-44
-35
-26
-17
-9
-1
5
12
18
24
29
34
39
44
48
51
54
56
57
57
56
54
52
48
45
41
37
34
31
28
26
23
21
17
13
9
3
-3
-10
-18
-25
-33
-39
-45
-48
-50
-51
-49
-46
-40
-34
-27
-18
-10
-1
6
13
19
23
26
26
25
22
18
12
5
-1
-8
-16
-23
-29
-33
-37
-39
-40
-39
-37
-34
-31
-27
-23
-20
-18
-16
-16
-17
-19
-22
-25
-29
-31
-33
-34
-33
-30
-26
-21
-15
-8
0
5
11
16
19
20
19
15
10
2
-7
-19
-31
-43
-56
-68
-78
-86
-91
-94
-93
-89
-80
-69
-54
-37
-19
0
18
35
51
65
75
83
89
93
95
97
98
101
104
110
117
126
138
151
165
180
195
208
219
227
230
228
220
205
185
158
126
90
49
6
-37
-82
-127
-170
-212
-250
-285
-316
-343
-365
-382
-395
-402
-404
-402
-394
-382
-366
-345
-321
-292
-260
-225
-187
-147
-106
-64
-24
15
52
85
115
140
161
177
189
197
201
201
199
196
190
184
177
170
163
157
151
146
141
136
131
126
120
113
106
97
87
75
62
47
31
14
-3
-21
-39
-55
-70
-81
-89
-93
-92
-87
-77
-64
-48
-30
-12
5
21
34
44
49
49
45
36
24
9
-7
-24
-41
-57
-70
-79
-85
-87
-85
-79
-69
-57
-43
-28
-13
1
15
27
38
45
51
53
54
54
52
49
47
46
45
47
50
54
60
67
75
83
90
96
99
101
100
96
89
81
70
58
45
32
19
6
-5
-16
-26
-35
-42
-48
-52
-55
-57
-57
-55
-52
-48
-43
-36
-28
-19
-10
0
10
20
30
39
46
52
56
56
54
49
41
29
14
-2
-21
-42
-63
-83
-102
-118
-131
-140
-144
-144
-139
-129
-115
-96
-74
-50
-23
5
35
64
94
122
148
171
192
209
222
231
235
235
230
220
207
189
167
143
116
87
58
28
0
-25
-49
-71
-89
-103
-115
-123
-128
-131
-132
-131
-129
-126
-123
-119
-116
-112
-109
-106
-104
-102
-100
-99
-99
-100
-101
-103
-106
-110
-115
-119
-124
-128
-132
-134
-135
-133
-128
-121
-111
-98
-81
-62
-41
-17
7
33
59
86
111
135
157
176
192
204
213
217
217
214
206
194
179
161
140
119
96
73
51
31
13
-3
-16
-27
-36
-42
-47
-50
-53
-55
-58
-61
-64
-68
-73
-80
-87
-94
-102
-110
-117
-123
-127
-128
-127
-123
-116
-107
-95
-82
-69
-56
-43
-33
-24
-17
-13
-10
-8
-7
-6
-4
-1
4
13
24
39
56
76
97
119
140
159
175
186
192
191
185
171
151
126
95
61
24
-12
-49
-84
-116
-143
-165
-181
-190
-194
-191
-182
-169
-152
-132
-110
-86
-62
-37
-13
10
34
58
81
103
125
146
165
183
198
211
221
227
230
228
222
212
198
181
160
136
111
83
55
27
0
-25
-49
-70
-88
-104
-116
-124
-129
-131
-129
-125
-118
-108
-96
-82
-68
-52
-36
-20
-5
8
20
30
38
43
45
45
42
38
31
24
16
8
0
-7
-14
-19
-23
-27
-29
-31
-32
-32
-33
-33
-33
-33
-32
-32
-30
-29
-26
-24
-20
-17
-14
-11
-9
-7
-7
-7
-9
-10
-12
-14
-16
-17
-17
-16
-14
-12
-9
-6
-3
0
2
3
4
3
1
-1
-6
-12
-19
-27
-36
-45
-55
-65
-75
-85
-94
-103
-110
-116
-121
-123
-124
-123
-121
-116
-110
-103
-94
-84
-73
-61
-50
-38
-27
-16
-6
2
10
18
24
30
35
39
42
45
46
47
48
49
49
49
49
50
50
51
53
54
54
55
54
53
51
48
45
41
37
34
31
31
33
38
46
58
74
93
115
140
167
195
222
247
268
285
294
296
288
272
246
211
169
120
66
10
-46
-102
-154
-201
-241
-273
-297
-311
-317
-314
-303
-287
-265
-239
-211
-182
-153
-126
-101
-78
-58
-42
-29
-19
-11
-6
-3
-2
-1
-2
-3
-4
-4
-5
-5
-5
-4
-2
0
4
8
14
21
29
37
46
56
66
76
85
94
101
108
113
117
119
121
121
120
118
114
110
104
98
90
81
72
61
50
39
28
18
8
0
-8
-15
-20
-24
-26
-27
-26
-24
-21
-16
-11
-6
-1
3
6
8
8
6
2
-2
-9
-16
-25
-34
-43
-51
-59
-67
-73
-78
-83
-87
-89
-91
-93
-93
-92
-91
-88
-84
-79
-72
-64
-54
-43
-31
-17
-3
10
24
37
50
62
72
81
88
93
97
100
101
101
100
98
95
91
87
82
77
71
65
59
52
45
38
31
24
17
9
1
-6
-14
-23
-32
-40
-48
-55
-61
-65
-67
-68
-66
-62
-57
-50
-42
-34
-26
-19
-12
-6
-2
0
0
0
-4
-10
-17
-27
-37
-49
-61
-73
-85
-95
-102
-107
-109
-108
-102
-93
-80
-63
-44
-23
-1
21
42
61
76
88
94
95
90
79
62
40
13
-17
-52
-88
-126
-164
-201
-235
-265
-290
-309
-320
-325
-321
-309
-289
-261
-227
-187
-142
-93
-42
10
63
114
165
212
257
297
334
366
394
416
434
447
455
458
457
450
438
421
400
374
343
309
271
230
187
143
98
52
8
-35
-77
-116
-153
-186
-216
-241
-262
-277
-288
-292
-292
-287
-278
-264
-249
-231
-213
-194
-177
-161
-146
-134
-124
-117
-112
-109
-108
-108
-110
-112
-115
-119
-122
-124
-126
-126
-124
-121
-115
-107
-96
-82
-66
-48
-28
-7
15
37
60
81
102
120
137
151
163
172
179
184
186
186
184
180
174
167
158
147
134
121
106
90
75
60
46
34
24
16
12
10
11
