2425
2599
2750
2875
2973
3043
3084
3095
3077
3030
2956
2856
2732
2586
2419
2234
2033
1820
1596
1365
1129
894
660
433
215
8
-183
-360
-520
-663
-789
-899
-994
-1077
-1149
-1214
-1274
-1330
-1387
-1445
-1505
-1567
-1632
-1699
-1765
-1828
-1886
-1935
-1975
-2001
-2013
-2009
-1988
-1950
-1897
-1830
-1750
-1661
-1565
-1465
-1363
-1262
-1164
-1070
-980
-894
-810
-726
-638
-545
-442
-327
-197
-51
110
288
480
683
892
1103
1311
1511
1698
1867
2015
2139
2237
2308
2352
2370
2364
2335
2286
2220
2140
2047
1946
1838
1724
1605
1482
1354
1220
1080
932
775
608
432
247
56
-140
-338
-534
-725
-905
-1072
-1222
-1351
-1457
-1537
-1590
-1616
-1614
-1587
-1535
-1462
-1370
-1264
-1146
-1021
-894
-767
-645
-531
-427
-335
-257
-192
-142
-104
-79
-63
-54
-50
-48
-44
-36
-21
2
37
83
139
206
280
358
437
513
580
636
674
694
691
665
616
546
456
351
236
114
-7
-124
-231
-325
-402
-461
-499
-519
-521
-508
-482
-447
-406
-361
-314
-266
-219
-171
-121
-70
-16
41
104
170
239
310
380
447
507
558
596
620
628
617
588
542
478
400
309
208
102
-7
-116
-222
-322
-414
-496
-566
-624
-669
-700
-718
-723
-716
-697
-668
-629
-582
-529
-471
-409
-344
-280
-216
-154
-97
-45
0
39
69
89
101
103
96
81
59
30
-2
-38
-75
-110
-141
-167
-183
-190
-184
-164
-130
-80
-14
64
157
259
369
483
596
703
801
886
954
1001
1027
1032
1015
979
927
862
789
713
637
565
501
445
399
363
333
308
285
259
226
185
131
64
-16
-109
-213
-323
-435
-545
-646
-734
-804
-851
-874
-869
-838
-781
-702
-603
-490
-368
-243
-121
-6
96
183
251
300
328
337
327
302
263
215
158
98
36
-25
-83
-138
-186
-227
-262
-289
-310
-324
-332
-337
-337
-335
-330
-324
-316
-306
-295
-283
-267
-249
-229
-205
-177
-146
-113
-76
-36
4
48
94
142
191
243
296
351
408
467
527
589
650
710
768
822
870
911
942
964
975
974
962
940
907
864
813
753
684
606
517
416
303
174
31
-127
-301
-488
-684
-885
-1086
-1280
-1461
-1623
-1758
-1862
-1931
-1962
-1955
-1910
-1829
-1718
-1580
-1421
-1247
-1065
-881
-699
-524
-362
-214
-83
28
120
194
250
290
315
329
334
333
330
327
328
334
348
373
408
454
512
579
656
738
823
907
987
1058
1115
1156
1178
1176
1151
1102
1029
934
819
689
547
398
248
102
-33
-155
-258
-338
-391
-415
-410
-376
-315
-231
-127
-11
111
232
345
442
515
560
571
546
482
382
246
80
-111
-320
-541
-762
-977
-1175
-1348
-1490
-1594
-1656
-1673
-1645
-1573
-1460
-1313
-1138
-942
-735
-523
-316
-121
56
210
338
438
509
552
570
565
541
503
454
399
341
285
233
188
152
127
111
105
107
113
122
128
128
119
97
58
2
-71
-163
-271
-391
-519
-652
-782
-906
-1017
-1110
-1181
-1226
-1242
-1228
-1183
-1109
-1006
-879
-729
-563
-383
-195
-3
189
378
562
738
903
1056
1196
1320
1428
1519
1592
1647
1683
1701
1701
1684
1653
1607
1550
1481
1403
1316
1221
1118
1008
891
767
637
501
362
221
79
-59
-193
-319
-435
-537
-625
-696
-750
-788
-810
-819
-818
-809
-795
-782
-770
-764
-764
-773
-789
-813
-844
-880
-918
-957
-993
-1024
-1047
-1060
-1058
-1040
-1004
-947
-868
-766
-641
-495
-329
-147
46
247
450
650
840
1017
1177
1316
1433
1529
1606
1667
1715
1756
1794
1833
1879
1933
1997
2071
2154
2242
2333
2420
2499
2563
2607
2625
2610
2557
2461
2317
2121
1870
1563
1198
777
303
-217
-778
-1368
-1974
-2584
-3182
-3752
-4278
-4745
-5140
-5451
-5669
-5789
-5809
-5729
-5555
-5294
-4958
-4557
-4107
-3622
-3116
-2602
-2092
-1597
-1124
-680
-269
105
443
745
1010
1240
1437
1602
1736
1840
1918
1970
1999
2008
2001
1980
1950
1914
1877
1841
1810
1786
1768
1758
1752
1750
1747
1740
1726
1700
1659
1603
1529
1440
1335
1220
1096
970
845
727
619
526
448
388
343
314
295
284
275
263
244
213
167
103
21
-79
-195
-326
-467
-614
-764
-911
-1052
-1184
-1303
-1407
-1494
-1563
-1614
-1645
-1657
-1651
-1627
-1587
-1530
-1460
-1377
-1283
-1182
-1076
-966
-857
-750
-647
-550
-461
-381
-308
-244
-188
-138
-93
-52
-14
22
58
95
134
174
215
257
299
341
382
422
460
495
528
558
587
613
638
662
685
707
729
752
774
796
817
838
856
871
882
887
885
874
853
820
775
716
643
557
459
350
234
113
-8
-127
-240
-342
-430
-502
-557
-593
-610
-611
-595
-567
-527
-480
-428
-372
-315
-259
-204
-152
-102
-54
-9
33
74
115
155
195
236
277
320
365
411
460
511
564
620
679
740
802
865
928
990
1048
1100
1145
1180
1203
1213
1208
1188
1151
1098
1030
948
853
747
634
514
391
267
145
26
-88
-197
-300
-398
-490
-578
-662
-742
-820
-896
-969
-1040
-1108
-1172
-1231
-1285
-1332
-1372
-1403
-1424
-1436
-1436
-1426
-1403
-1368
-1322
-1264
-1195
-1116
-1029
-936
-839
-740
-642
-548
-460
-380
-310
-251
-203
-165
-135
-113
-96
-80
-63
-43
-17
17
60
113
174
243
316
391
464
531
588
633
661
672
664
638
594
536
467
389
306
222
139
61
-9
-72
-127
-173
-211
-241
-263
-279
-289
-294
-293
-287
-277
-263
-244
-222
-197
-170
-142
-115
-88
-64
-43
-25
-10
2
14
25
39
56
78
107
145
192
249
315
390
471
558
646
733
815
888
950
998
1028
1039
1030
1002
954
888
807
713
610
499
383
267
151
38
-69
-170
-263
-346
-420
-483
-535
-574
-603
-620
-625
-621
-609
-589
-565
-537
-509
-483
-460
-442
-431
-427
-431
-442
-459
-483
-511
-542
-574
-606
-636
-663
-685
-701
-710
-710
-700
-680
-649
-606
-552
-485
-407
-319
-220
-113
0
118
239
360
479
592
699
797
884
961
1026
1081
1126
1161
1188
1208
1220
1225
1223
1212
1192
1162
1121
1068
1003
926
839
742
639
532
424
320
221
131
51
-15
-70
-112
-145
-170
-191
-210
-232
-260
-297
-345
-405
-480
-567
-665
-773
-886
-1001
-1114
-1220
-1314
-1392
-1449
-1483
-1490
-1470
-1422
-1345
-1244
-1119
-975
-818
-651
-481
-312
-150
0
135
253
352
432
494
539
570
591
605
617
630
648
673
708
752
806
868
935
1004
1071
1131
1181
1215
1233
1230
1205
1158
1088
997
886
756
610
451
283
110
-64
-236
-400
-552
-687
-801
-891
-953
-987
-991
-965
-911
-831
-728
-606
-470
-326
-178
-34
100
220
319
392
434
442
413
346
242
104
-64
-259
-470
-691
-910
-1120
-1310
-1471
-1596
-1679
-1716
-1706
-1649
-1546
-1402
-1223
-1014
-784
-541
-292
-46
189
409
607
777
917
1025
1099
1140
1149
1129
1083
1015
928
828
720
606
493
382
277
180
93
18
-45
-96
-134
-159
-172
-174
-164
-143
-114
-75
-28
26
87
154
226
302
379
455
526
590
642
679
696
690
659
600
512
395
251
83
-104
-307
-521
-737
-951
-1157
-1347
-1518
-1665
-1786
-1877
-1938
-1969
-1971
-1943
-1889
-1809
-1706
-1582
-1438
-1277
-1100
-910
-709
-499
-283
-62
158
378
593
800
995
1176
1340
1485
1608
1708
1785
1837
1866
1873
1858
1822
1769
1699
1615
1518
1410
1293
1167
1034
897
755
611
466
322
180
43
-87
-209
-321
-421
-506
-575
-627
-661
-676
-673
-651
-614
-562
-499
-427
-350
-271
-193
-119
-52
5
54
93
122
142
155
163
167
171
176
185
198
218
244
276
314
356
401
445
486
522
551
569
575
569
550
518
476
423
364
299
231
161
90
19
-51
-122
-195
-270
-347
-426
-506
-586
-663
-733
-793
-839
-867
-874
-857
-815
-749
-661
-553
-430
-299
-166
-37
80
182
262
317
346
347
323
276
210
130
40
-53
-147
-235
-313
-378
-428
-462
-478
-476
-458
-425
-380
-324
-260
-192
-122
-52
14
77
135
187
231
270
302
328
348
364
376
384
390
393
395
394
393
391
388
384
381
378
376
376
378
382
388
398
410
424
439
455
469
480
486
485
475
454
423
379
324
258
181
98
9
-82
-173
-262
-344
-419
-485
-540
-583
-616
-638
-651
-656
-656
-651
-644
-637
-629
-623
-618
-614
-611
-606
-601
-592
-580
-563
-540
-512
-478
-438
-393
-345
-293
-239
-185
-132
-80
-33
10
48
80
107
127
141
149
151
149
142
132
120
106
91
76
61
47
34
22
11
1
-7
-15
-23
-30
-37
-43
-48
-53
-57
-59
-60
-58
-53
-45
-33
-18
0
23
50
80
113
149
188
229
273
320
370
421
476
531
587
642
694
741
780
809
824
824
806
768
709
630
532
416
286
145
-2
-150
-294
-430
-551
-653
-734
-791
-821
-825
-803
-758
-693
-611
-515
-412
-305
-197
-94
2
88
163
225
271
303
319
320
306
278
239
189
130
66
-1
-69
-136
-198
-253
-299
-333
-355
-362
-355
-333
-297
-247
-184
-110
-28
60
151
244
333
417
492
556
607
642
660
660
641
605
550
479
393
295
186
70
-50
-173
-296
-416
-531
-639
-739
-829
-908
-976
-1031
-1072
-1098
-1110
-1107
-1088
-1053
-1004
-942
-866
-779
-683
-579
-469
-355
-238
-121
-5
108
218
322
421
511
593
666
728
778
817
843
857
859
848
826
794
752
701
644
581
514
445
375
307
241
179
122
71
27
-9
-39
-62
-78
-88
-94
-95
-93
-90
-86
-83
-81
-82
-85
-92
-103
-117
-134
-154
-176
-200
-224
-249
-272
-294
-312
-327
-337
-341
-337
-327
-308
-280
-244
-201
-150
-92
-31
33
99
164
227
285
338
385
424
454
476
490
495
492
483
468
447
423
396
367
337
308
279
251
225
201
177
155
134
113
93
73
53
34
18
5
-3
-5
0
14
38
72
116
169
228
292
357
420
479
528
566
590
597
588
561
517
457
385
301
211
116
20
-72
-160
-240
-311
-370
-417
-452
-475
-486
-488
-481
-468
-449
-427
-405
-384
-367
-357
-356
-366
-389
-427
-481
-553
-642
-749
-871
-1007
-1154
-1307
-1462
-1614
-1756
-1882
-1986
-2063
-2107
-2116
-2086
-2017
-1909
-1763
-1583
-1372
-1136
-880
-609
-329
-45
235
511
776
1027
1262
1477
1672
1845
1995
2122
2227
2308
2366
2402
2416
2408
2381
2333
2267
2184
2084
1970
1843
1703
1552
1393
1226
1052
875
694
513
333
156
-15
-181
-338
-485
-619
-740
-846
-935
-1008
-1063
-1101
-1122
-1128
-1120
-1098
-1066
-1025
-977
-925
-869
-811
-752
-693
-634
-574
-513
-450
-383
-312
-235
-152
-64
29
127
228
329
430
526
615
696
765
820
860
883
888
873
838
782
706
609
493
358
207
42
-132
-316
-504
-692
-878
-1056
-1225
-1380
-1520
-1641
-1742
-1822
-1878
-1911
-1920
-1905
-1866
-1805
-1722
-1620
-1499
-1362
-1212
-1051
-881
-705
-525
-343
-162
16
191
360
523
678
824
961
1088
1204
1307
1398
1474
1534
1577
1603
1609
1596
1564
1513
1444
1360
1263
1156
1042
