478
405
336
274
217
167
123
85
52
21
-5
-33
-60
-90
-122
-157
-195
-237
-281
-327
-374
-421
-467
-509
-547
-580
-605
-623
-632
-631
-621
-600
-568
-525
-471
-406
-330
-242
-143
-33
86
216
353
496
642
787
929
1064
1187
1294
1383
1449
1492
1509
1500
1467
1411
1335
1243
1139
1028
914
800
690
585
486
393
304
218
130
39
-58
-164
-279
-403
-535
-672
-810
-944
-1069
-1181
-1276
-1350
-1401
-1427
-1431
-1412
-1374
-1319
-1252
-1174
-1088
-997
-903
-805
-705
-602
-498
-393
-288
-185
-86
4
86
153
204
236
247
236
205
154
88
8
-78
-169
-259
-344
-421
-487
-540
-581
-608
-623
-625
-616
-597
-569
-531
-484
-429
-367
-297
-221
-140
-57
25
105
180
247
303
347
378
396
402
399
388
375
361
352
351
360
381
415
463
523
594
674
760
848
936
1020
1097
1164
1217
1254
1271
1267
1240
1190
1115
1018
900
764
612
449
279
105
-67
-236
-396
-546
-682
-803
-906
-991
-1056
-1103
-1130
-1141
-1135
-1114
-1079
-1033
-978
-915
-847
-776
-705
-638
-577
-526
-488
-464
-457
-465
-489
-526
-571
-620
-668
-708
-736
-746
-734
-697
-635
-548
-438
-309
-164
-9
149
306
456
593
715
816
896
954
990
1005
1001
982
951
911
866
820
774
733
697
667
645
630
620
616
615
615
615
612
603
588
564
530
484
425
353
267
169
57
-64
-196
-336
-482
-630
-779
-924
-1061
-1187
-1297
-1387
-1454
-1493
-1502
-1480
-1426
-1342
-1229
-1092
-933
-759
-575
-385
-194
-6
175
348
512
664
805
935
1052
1157
1248
1325
1385
1427
1448
1448
1424
1377
1305
1210
1095
962
816
659
499
339
184
38
-95
-213
-316
-402
-474
-532
-580
-621
-657
-693
-730
-772
-819
-871
-930
-993
-1061
-1129
-1197
-1260
-1317
-1364
-1399
-1418
-1419
-1401
-1361
-1299
-1214
-1106
-977
-829
-663
-482
-291
-92
109
311
510
701
883
1052
1208
1349
1473
1581
1671
1744
1798
1834
1849
1844
1818
1770
1701
1611
1500
1372
1227
1070
905
736
568
405
254
116
-2
-101
-177
-230
-260
-268
-256
-226
-181
-124
-59
9
78
143
201
249
282
299
299
279
241
186
115
31
-62
-162
-264
-365
-461
-549
-629
-699
-760
-813
-860
-904
-947
-990
-1036
-1084
-1135
-1186
-1235
-1278
-1312
-1332
-1335
-1317
-1277
-1214
-1128
-1020
-894
-753
-603
-448
-295
-149
-15
103
204
284
344
385
408
417
414
403
388
370
353
337
323
312
304
298
294
292
292
294
300
311
327
351
383
425
478
544
621
711
813
924
1044
1168
1294
1417
1532
1636
1724
1792
1837
1857
1850
1817
1758
1673
1564
1434
1284
1116
934
738
533
319
100
-121
-342
-559
-769
-968
-1152
-1317
-1460
-1577
-1665
-1724
-1751
-1746
-1711
-1648
-1559
-1449
-1322
-1184
-1040
-897
-759
-634
-524
-434
-367
-324
-305
-311
-339
-388
-454
-535
-628
-730
-838
-949
-1063
-1176
-1286
-1393
-1493
-1585
-1668
-1738
-1793
-1831
-1851
-1849
-1825
-1777
-1703
-1604
-1479
-1329
-1154
-958
-743
-512
-269
-20
230
476
712
931
1127
1297
1436
1543
1618
1663
1682
1679
1660
1632
1601
1571
1547
1532
1527
1531
1544
1561
1579
1594
1602
1597
1577
1536
1472
1384
1270
1132
970
786
585
370
147
-78
-301
-513
-709
-884
-1030
-1145
-1224
-1265
-1268
-1233
-1163
-1061
-934
-787
-628
-463
-300
-146
-7
113
212
286
336
363
367
353
322
278
225
166
103
38
-27
-92
-155
-218
-278
-337
-394
-447
-497
-541
-578
-608
-627
-636
-634
-619
-593
-555
-506
-449
-384
-314
-242
-168
-96
-28
34
90
139
178
209
232
248
257
263
265
266
267
269
274
282
294
308
326
345
365
386
406
424
440
454
463
469
470
466
456
442
422
397
369
337
304
269
236
204
176
150
129
112
98
89
83
80
80
81
84
88
94
101
111
122
137
156
178
203
233
265
300
335
370
404
434
460
481
496
506
510
510
506
499
490
481
472
464
458
453
450
447
443
438
430
416
396
369
333
289
235
173
105
30
-47
-127
-206
-285
-360
-431
-498
-559
-614
-663
-705
-739
-764
-779
-784
-776
-756
-722
-675
-615
-543
-460
-370
-273
-174
-74
20
110
191
261
318
362
393
411
417
413
402
386
367
348
330
316
307
305
308
318
332
349
367
382
391
390
377
347
299
232
143
35
-92
-238
-397
-569
-747
-930
-1111
-1288
-1455
-1609
-1746
-1863
-1958
-2030
-2076
-2098
-2095
-2068
-2018
-1945
-1851
-1738
-1605
-1453
-1285
-1100
-901
-688
-465
-232
5
245
484
718
942
1152
1344
1514
1658
1773
1857
1910
1930
1919
1879
1813
1726
1622
1506
1383
1259
1138
1022
916
820
735
662
598
544
496
452
411
370
325
276
220
154
77
-12
-115
-233
-364
-510
-667
-833
-1006
-1182
-1357
-1525
-1682
-1824
-1945
-2042
-2110
-2146
-2147
-2112
-2040
-1930
-1785
-1606
-1397
-1162
-907
-637
-360
-82
190
451
694
914
1107
1268
1395
1487
1543
1564
1550
1505
1431
1331
1211
1076
929
777
624
473
329
193
67
-46
-150
-244
-329
-406
-478
-546
-609
-669
-725
-775
-819
-853
-874
-879
-866
-831
-772
-687
-577
-443
-286
-110
80
282
489
696
898
1092
1272
1434
1578
1699
1797
1869
1917
1938
1932
1899
1838
1750
1633
1490
1319
1123
904
663
405
134
-144
-425
-702
-969
-1219
-1446
-1645
-1812
-1944
-2039
-2096
-2118
-2106
-2064
-1997
-1909
-1807
-1696
-1582
-1469
-1362
-1266
-1181
-1109
-1051
-1006
-970
-941
-915
-889
-857
-816
-762
-691
-601
-489
-356
-201
-24
169
379
600
827
1054
1277
1488
1682
1855
2003
2122
2210
2267
2294
2291
2262
2210
2137
2048
1946
1836
1720
1601
1483
1368
1258
1155
1059
973
895
826
765
709
657
605
550
490
421
340
246
138
16
-119
-267
-424
-586
-750
-911
-1064
-1206
-1332
-1438
-1522
-1582
-1618
-1629
-1617
-1585
-1534
-1470
-1395
-1313
-1228
-1142
-1057
-976
-897
-822
-750
-680
-611
-541
-471
-400
-327
-253
-180
-107
-37
28
88
141
185
219
244
258
265
263
257
248
239
232
231
236
251
275
310
354
408
470
537
609
682
754
824
889
947
997
1037
1068
1089
1101
1104
1100
1089
1074
1057
1038
1019
1001
984
968
953
937
919
897
868
831
782
720
643
550
441
316
176
23
-139
-310
-484
-657
-827
-988
-1136
-1268
-1380
-1467
-1529
-1562
-1566
-1541
-1488
-1411
-1311
-1194
-1064
-926
-786
-648
-516
-396
-291
-203
-136
-91
-70
-74
-103
-155
-231
-326
-437
-560
-688
-816
-935
-1040
-1124
-1181
-1206
-1197
-1151
-1071
-957
-813
-646
-460
-263
-62
136
325
500
656
787
892
968
1015
1031
1019
979
915
830
728
615
495
373
254
143
43
-42
-111
-162
-195
-210
-208
-191
-163
-124
-78
-28
23
73
121
163
199
227
247
258
259
252
237
214
185
150
113
74
37
4
-21
-36
-38
-24
6
56
124
210
310
421
536
651
759
852
926
976
996
986
944
873
774
653
515
366
214
64
-76
-202
-310
-396
-459
-500
-521
-525
-516
-501
-483
-469
-462
-466
-484
-516
-562
-619
-686
-760
-837
-914
-989
-1058
-1119
-1171
-1213
-1243
-1262
-1267
-1260
-1240
-1206
-1157
-1094
-1017
-923
-815
-691
-553
-400
-235
-60
122
310
498
682
859
1023
1171
1301
1410
1497
1562
1608
1637
1652
1657
1654
1648
1640
1631
1622
1612
1598
1577
1547
1503
1442
1361
1259
1135
988
821
635
434
223
4
-217
-438
-654
-863
-1062
-1248
-1420
-1577
-1718
-1841
-1947
-2033
-2101
-2149
-2177
-2186
-2174
-2142
-2089
-2014
-1918
-1798
-1655
-1488
-1297
-1084
-850
-599
-334
-62
211
480
736
970
1176
1347
1478
1565
1606
1602
1556
1473
1358
1220
1066
905
745
593
455
336
238
162
107
72
54
48
52
59
68
73
74
68
56
38
16
-7
-30
-49
-63
-68
-64
-50
-28
2
38
78
118
156
188
214
231
238
236
223
202
172
136
95
49
1
-49
-103
-158
-216
-278
-343
-412
-485
-561
-640
-718
-794
-864
-924
-972
-1004
-1016
-1008
-977
-925
-851
-759
-650
-529
-399
-264
-129
2
127
243
346
434
507
564
606
632
645
646
638
624
606
586
567
551
538
531
528
530
538
549
563
579
596
613
630
645
658
668
675
678
679
675
669
660
648
633
615
594
569
540
505
465
419
366
308
244
177
108
40
-23
-80
-126
-160
-179
-182
-169
-140
-98
-46
13
78
142
204
260
308
347
376
395
405
407
402
390
372
347
317
280
234
180
115
40
-46
-143
-250
-365
-485
-607
-728
-842
-948
-1040
-1116
-1172
-1208
-1222
-1215
-1188
-1142
-1082
-1011
-934
-855
-779
-711
-654
-612
-585
-575
-578
-594
-617
-643
-667
-684
-687
-673
-636
-574
-485
-368
-224
-54
138
349
573
802
1029
1245
1442
1612
1746
1838
1884
1881
1829
1731
1593
1420
1222
1008
788
569
361
170
0
-145
-265
-360
-433
-485
-521
-544
-558
-567
-573
-579
-587
-598
-611
-626
-643
-660
-677
-691
-704
-713
-720
-725
-729
-733
-735
-738
-739
-737
-731
-719
-697
-664
-619
-560
-489
-407
-316
-219
-121
-26
61
139
201
248
275
284
273
245
200
142
75
1
-74
-148
-215
-272
-316
-342
-351
-340
-309
-259
-191
-107
-9
99
216
340
466
592
716
834
943
1040
1123
1189
1236
1264
1270
1255
1221
1168
1098
1013
916
809
695
574
448
320
190
59
-69
-195
-317
-432
-538
-633
-715
-782
-835
-871
-892
-898
-891
-873
-846
-813
-777
-741
-707
-677
-652
-636
-626
-625
-630
-640
-654
-669
-683
-692
-696
-690
-673
-644
-601
-544
-474
-389
-291
-181
-59
70
209
354
501
649
794
932
1059
1172
1267
1341
1393
1419
1422
1402
1361
1302
1231
1151
1068
987
913
850
800
766
749
747
758
779
807
835
860
877
880
866
832
776
696
594
469
323
158
-21
-212
-412
-615
-817
-1013
-1197
-1363
-1506
-1622
-1705
-1753
-1762
-1732
-1664
-1560
-1424
-1261
-1078
-882
-681
-483
-295
-125
20
138
223
274
288
266
210
121
3
-138
-299
-475
-658
-844
-1025
-1196
-1353
-1490
-1603
-1690
-1748
-1774
-1766
-1724
-1646
-1533
-1385
-1204
-994
-757
-501
-229
48
325
594
846
1076
1277
1445
1577
1673
1733
1759
1754
1724
1673
1605
1527
1443
1357
1272
1191
1116
1047
984
927
874
826
780
737
695
655
617
582
550
523
500
483
470
460
454
448
440
430
414
392
362
323
275
217
150
76
-6
-94
-188
-284
-380
-475
-564
-646
-717
-775
-818
-844
-854
-847
-825
-790
-746
-696
-645
-595
-552
-517
-494
-483
-486
-501
-528
-564
-605
-649
-691
-727
-755
-771
-774
-763
-739
-703
-656
-601
-542
-480
-417
-357
-298
-243
-189
-138
-86
-33
20
75
132
189
244
294
337
370
391
399
394
376
347
309
265
218
171
126
86
52
25
5
-8
-15
-16
-12
-4
7
23
43
67
96
130
169
214
266
323
385
451
519
586
650
709
759
799
826
840
841
831
812
785
755
726
700
681
