-35
-41
-48
-55
-63
-72
-79
-87
-93
-97
-99
-99
-97
-92
-85
-77
-66
-55
-44
-33
-24
-15
-8
-3
0
2
3
3
2
2
1
2
3
5
8
12
17
23
30
37
44
50
56
61
64
66
66
65
62
58
52
46
39
32
25
18
12
7
2
-1
-3
-5
-6
-6
-5
-5
-4
-2
-1
0
2
3
6
8
11
14
17
20
23
26
29
31
33
33
32
30
28
24
19
13
7
1
-5
-11
-17
-23
-29
-34
-39
-43
-48
-52
-56
-60
-65
-70
-74
-79
-84
-88
-92
-95
-97
-97
-95
-90
-82
-71
-57
-39
-18
4
30
56
82
108
131
151
168
180
188
191
189
182
172
159
144
127
111
95
80
67
57
48
42
37
34
32
30
28
25
21
16
10
2
-6
-16
-27
-39
-51
-63
-74
-84
-94
-102
-108
-113
-117
-119
-119
-117
-113
-107
-99
-89
-76
-60
-42
-22
0
24
50
76
101
126
149
169
185
197
203
204
198
187
170
147
120
90
57
24
-8
-39
-68
-92
-111
-126
-135
-139
-139
-135
-127
-116
-104
-91
-77
-64
-52
-41
-32
-25
-20
-18
-17
-18
-21
-25
-30
-36
-42
-48
-53
-59
-64
-69
-74
-79
-84
-89
-93
-98
-102
-106
-109
-112
-112
-111
-107
-100
-90
-76
-60
-40
-19
3
25
47
66
82
94
101
103
100
92
80
65
48
29
11
-6
-22
-35
-45
-51
-55
-54
-51
-44
-35
-24
-11
3
18
35
52
68
85
101
116
130
142
151
157
160
160
156
150
140
127
112
96
78
60
43
26
10
-3
-15
-26
-34
-42
-48
-53
-59
-65
-72
-81
-92
-105
-121
-138
-157
-177
-197
-216
-234
-249
-261
-269
-273
-273
-268
-259
-246
-228
-207
-184
-158
-130
-101
-71
-41
-11
17
45
71
96
118
137
153
167
177
184
189
190
189
186
181
174
167
159
150
141
133
125
117
111
106
102
100
98
98
97
97
97
96
93
90
84
77
68
58
46
33
19
6
-7
-19
-29
-38
-45
-49
-50
-50
-47
-42
-36
-29
-22
-16
-10
-6
-3
-2
-2
-5
-8
-13
-18
-24
-29
-34
-37
-40
-40
-39
-35
-30
-23
-14
-4
5
16
26
35
42
47
50
52
51
48
44
39
33
28
24
21
19
19
22
26
31
38
46
54
61
68
74
77
79
79
76
72
65
57
48
38
27
17
8
0
-8
-14
-19
-23
-26
-28
-30
-31
-32
-33
-34
-35
-37
-39
-41
-44
-47
-51
-55
-59
-64
-70
-75
-81
-86
-91
-96
-99
-102
-103
-102
-100
-96
-90
-82
-72
-60
-47
-33
-18
-3
10
24
36
46
54
60
63
64
63
60
55
50
44
38
33
29
25
23
22
23
24
26
29
32
35
38
40
43
44
45
45
43
40
36
29
21
10
-1
-15
-30
-46
-62
-78
-93
-106
-117
-126
-133
-137
-139
-139
-137
-133
-128
-122
-116
-110
-104
-99
-94
-89
-85
-81
-77
-73
-68
-63
-57
-50
-42
-34
-25
-16
-6
3
13
23
33
43
53
62
71
77
83
86
88
88
86
82
77
72
66
61
56
53
52
53
56
62
71
81
94
108
123
137
151
162
170
174
173
167
155
139
117
92
63
33
3
-26
-54
-78
-99
-114
-124
-129
-129
-124
-115
-103
-89
-74
-59
-45
-32
-22
-14
-9
-7
-7
-10
-14
-21
-29
-37
-46
-54
-63
-70
-77
-82
-85
-87
-88
-86
-83
-78
-73
-67
-61
-54
-48
-43
-38
-34
-31
-28
-25
-23
-20
-17
-13
-9
-3
3
12
22
33
45
59
72
85
98
109
119
127
132
135
135
133
127
120
110
100
88
76
64
53
44
36
30
26
24
23
24
27
29
32
34
36
37
37
35
32
28
22
16
10
3
-2
-9
-14
-19
-24
-27
-29
-30
-30
-29
-28
-26
-23
-21
-18
-16
-14
-12
-11
-10
-9
-8
-8
-8
-8
-8
-9
-10
-12
-14
-18
-22
-26
-32
-37
-42
-47
-51
-54
-57
-59
-60
-60
-59
-57
-55
-52
-48
-43
-38
-34
-29
-25
-21
-19
-17
-17
-17
-19
-21
-24
-28
-31
-34
-37
-38
-39
-38
-35
-31
-25
-16
-5
6
20
35
50
65
79
91
100
105
107
105
99
89
76
60
43
25
7
-9
-25
-39
-50
-58
-64
-67
-67
-65
-61
-56
-49
-41
-33
-24
-14
-5
4
14
23
33
43
53
62
70
78
83
87
88
87
83
76
66
54
40
24
8
-8
-24
-38
-50
-60
-66
-69
-68
-64
-57
-46
-34
-19
-4
10
25
39
51
61
68
73
75
74
71
65
58
49
39
29
18
7
-3
-14
-24
-34
-43
-51
-58
-64
-68
-70
-71
-70
-67
-63
-58
-53
-47
-42
-37
-32
-29
-26
-25
-25
-25
-26
-27
-29
-30
-31
-32
-33
-32
-31
-28
-25
-21
-16
-11
-5
0
5
9
13
16
19
20
21
21
21
20
19
18
17
16
15
14
13
12
10
9
9
8
7
7
7
8
10
12
15
19
23
28
33
38
42
46
50
52
53
53
51
49
45
41
36
30
25
20
15
11
8
6
4
3
3
2
2
2
1
0
-1
-3
-6
-9
-12
-16
-20
-24
-28
-33
-39
-45
-51
-57
-64
-71
-77
-82
-86
-89
-90
-90
-89
-86
-83
-78
-73
-68
-63
-58
-54
-51
-48
-47
-46
-46
-45
-45
-44
-42
-38
-32
-23
-12
0
15
33
51
69
88
106
122
137
150
160
168
174
178
179
179
178
175
170
165
159
151
141
130
117
101
83
62
39
14
-12
-40
-69
-97
-123
-147
-168
-185
-196
-203
-204
-200
-191
-178
-161
-141
-119
-97
-75
-53
-34
-16
-1
11
21
28
32
33
32
27
20
11
0
-14
-30
-46
-62
-77
-90
-102
-110
-115
-116
-112
-103
-90
-72
-49
-23
5
37
71
104
138
169
198
224
245
262
275
282
285
283
277
268
255
239
220
199
177
153
128
104
80
57
36
17
1
-10
-20
-26
-30
-31
-30
-28
-26
-24
-23
-22
-24
-27
-32
-39
-48
-58
-69
-80
-92
-104
-115
-126
-135
-143
-150
-155
-158
-159
-159
-157
-155
-152
-149
-146
-144
-143
-142
-143
-144
-147
-150
-153
-156
-159
-161
-162
-161
-158
-153
-146
-136
-124
-110
-94
-77
-59
-40
-21
-3
13
28
41
52
60
65
68
69
67
64
60
56
52
49
48
51
57
66
80
98
119
143
169
195
220
243
263
279
290
295
294
287
274
257
235
209
180
150
119
88
57
29
2
-20
-41
-59
-73
-85
-94
-101
-106
-109
-112
-114
-115
-117
-119
-120
-122
-124
-126
-127
-128
-128
-127
-125
-123
-120
-117
-114
-111
-108
-105
-103
-101
-100
-98
-95
-92
-88
-84
-78
-72
-64
-56
-47
-38
-28
-18
-8
1
11
19
28
35
41
46
49
51
51
50
46
42
35
27
18
7
-3
-14
-25
-36
-46
-54
-60
-64
-65
-63
-58
-50
-39
-25
-9
9
29
50
72
93
114
134
151
166
178
186
191
192
188
180
169
153
135
114
91
68
44
20
-1
-21
-39
-54
-65
-73
-78
-79
-77
-73
-66
-57
-48
-37
-26
-14
-3
7
17
27
37
46
54
63
70
78
85
92
98
104
109
114
117
120
122
123
122
119
115
108
99
89
76
61
46
29
12
-4
-21
-36
-51
-64
-75
-85
-93
-99
-104
-107
-109
-109
-108
-106
-102
-98
-94
-89
-83
-78
-74
-69
-66
-63
-62
-61
-61
-62
-63
-64
-65
-65
-65
-63
-61
-56
-51
-44
-37
-29
-20
-12
-4
2
7
12
14
16
16
15
13
11
8
5
2
0
-2
-3
-4
-4
-3
-2
0
1
4
6
9
11
13
15
17
20
23
27
33
39
46
55
64
74
84
95
104
113
120
124
126
124
119
111
99
85
67
48
27
6
-15
-35
-54
-71
-85
-97
-105
-110
-112
-111
-107
-101
-94
-84
-75
-64
-54
-45
-36
-27
-20
-14
-8
-3
0
3
6
8
9
9
8
6
3
0
-6
-13
-21
-30
-39
-49
-59
-68
-77
-86
-92
-98
-102
-104
-103
-101
-96
-89
-80
-69
-57
-43
-28
-12
3
18
33
46
58
68
77
83
86
88
88
86
82
77
72
65
57
49
41
32
23
15
6
0
-7
-13
-17
-21
-23
-23
-22
-20
-16
-11
-5
2
11
21
33
45
57
69
80
90
98
104
108
109
107
103
97
89
78
67
54
42
29
17
7
-1
-7
-12
-14
-13
-11
-7
-2
2
8
13
17
20
21
20
17
13
6
-3
-14
-26
-41
-56
-71
-87
-102
-116
-128
-138
-145
-149
-148
-145
-137
-127
-113
-96
-77
-57
-36
-15
4
23
41
57
70
82
91
98
103
107
110
111
111
110
108
105
101
95
89
80
71
59
46
31
14
-3
-22
-41
-61
-79
-97
-112
-125
-134
-139
-140
-138
-130
-119
-104
-85
-64
-40
-14
12
40
67
92
116
138
156
170
181
187
189
186
179
168
154
136
116
94
70
46
22
0
-23
-45
-66
-85
-103
-119
-134
-149
-162
-174
-186
-196
-205
-212
-217
-220
-220
-217
-210
-200
-187
-171
-151
-130
-107
-83
-58
-34
-11
9
27
43
55
65
71
74
75
73
70
65
59
53
46
41
35
31
27
25
23
22
21
21
21
20
19
17
15
11
7
3
0
-5
-10
-14
-17
-20
-21
-21
-20
-17
-12
-7
0
6
13
21
28
35
42
48
53
57
62
66
70
74
78
83
88
92
97
100
103
104
104
102
97
91
82
71
59
45
30
15
0
-13
-26
-37
-46
-52
-56
-57
-55
-52
-47
-42
-36
-30
-25
-21
-19
-18
-19
-21
-25
-30
-35
-40
-44
-48
-51
-51
-50
-46
-41
-33
-23
-12
0
12
24
36
46
54
59
63
63
62
58
51
44
35
26
17
8
1
-5
-9
-12
-14
-14
-14
-12
-11
-9
-7
-6
-4
-2
0
1
5
10
15
22
29
36
44
50
55
59
60
59
55
50
42
32
21
10
-1
-13
-25
-36
-46
-55
-62
-69
-74
-78
-80
-80
-78
-75
-69
-61
-50
-37
-22
-6
10
28
46
63
78
92
103
111
116
117
115
110
101
89
75
58
41
22
3
-14
-31
-47
-61
-73
-82
-89
-93
-95
-94
-91
-86
-79
-70
-59
-47
-35
-22
-8
4
17
29
40
50
58
64
68
70
69
67
62
56
49
41
32
23
13
4
-4
-12
-20
-28
-34
-40
-46
-50
-54
-58
-60
-62
-64
-64
-63
-62
-59
-56
-51
-47
-41
-36
-31
-26
-21
-17
-13
-10
-6
-3
0
