102
80
55
30
5
-16
-35
-51
-61
-67
-68
-64
-55
-42
-26
-7
12
34
55
75
92
107
119
126
130
129
125
117
105
92
76
60
44
29
16
5
-1
-5
-5
-1
5
15
27
40
53
65
75
81
84
83
78
68
55
38
19
0
-20
-40
-57
-71
-80
-85
-84
-79
-68
-54
-36
-17
1
19
34
45
52
53
49
39
25
8
-11
-31
-52
-70
-87
-99
-107
-111
-110
-104
-95
-84
-70
-55
-40
-26
-14
-4
3
8
11
12
11
8
5
2
0
-2
-4
-4
-3
-1
1
6
12
19
26
34
41
48
54
60
64
66
68
68
67
64
61
58
54
50
46
42
38
34
31
27
22
18
13
9
4
-1
-6
-10
-15
-19
-22
-24
-26
-28
-28
-28
-28
-27
-24
-21
-17
-12
-5
2
11
21
32
44
57
70
83
95
106
116
124
129
132
131
127
120
109
94
77
58
36
14
-9
-32
-55
-76
-96
-114
-130
-142
-152
-159
-163
-163
-161
-156
-150
-141
-131
-119
-108
-96
-84
-74
-64
-55
-48
-43
-39
-37
-36
-37
-38
-41
-44
-48
-52
-56
-60
-64
-68
-72
-75
-77
-79
-79
-78
-75
-71
-64
-56
-46
-34
-22
-9
3
16
29
41
52
61
70
77
82
87
91
94
96
99
101
105
108
112
117
122
127
132
135
138
138
137
134
129
122
113
103
91
78
65
52
40
28
17
7
-1
-9
-16
-22
-28
-34
-41
-49
-59
-69
-81
-94
-107
-121
-134
-146
-156
-165
-170
-173
-173
-170
-164
-155
-144
-132
-118
-104
-91
-78
-67
-57
-50
-44
-40
-37
-36
-35
-34
-32
-29
-24
-18
-9
1
14
29
45
62
78
93
106
116
123
126
126
123
118
111
104
97
92
88
86
87
91
97
105
114
123
133
141
148
154
156
156
153
147
138
126
112
97
80
62
44
27
12
-2
-14
-24
-32
-37
-40
-41
-41
-39
-37
-34
-31
-29
-28
-28
-30
-34
-39
-46
-54
-64
-74
-85
-96
-107
-117
-126
-134
-140
-144
-146
-145
-142
-137
-130
-121
-110
-98
-85
-72
-59
-46
-34
-23
-12
-2
7
16
25
33
41
49
56
62
67
71
74
75
75
73
69
64
59
53
47
41
36
32
29
27
25
25
25
25
25
25
25
25
25
24
24
24
25
27
30
34
39
46
54
63
73
83
94
103
111
117
121
121
118
112
102
88
71
51
29
5
-19
-43
-66
-87
-106
-122
-135
-144
-149
-151
-150
-146
-140
-132
-122
-112
-102
-92
-83
-74
-66
-60
-54
-49
-45
-42
-40
-37
-36
-34
-32
-29
-27
-23
-19
-14
-7
0
8
18
29
40
51
61
71
79
86
91
94
94
92
87
80
72
62
52
40
29
18
7
-2
-12
-21
-30
-37
-45
-52
-58
-64
-70
-75
-80
-84
-88
-90
-92
-92
-91
-89
-85
-81
-75
-69
-61
-54
-46
-38
-30
-22
-14
-7
0
6
13
19
24
29
34
37
41
44
47
49
52
55
58
61
64
67
70
72
73
73
72
69
66
62
57
50
43
36
28
19
9
0
-10
-21
-32
-43
-53
-62
-71
-78
-83
-86
-88
-87
-85
-80
-74
-66
-57
-47
-36
-25
-14
-3
7
17
27
36
44
51
57
62
65
68
68
67
64
59
52
45
36
26
16
6
-4
-14
-24
-34
-43
-52
-61
-69
-77
-84
-90
-95
-99
-102
-104
-104
-103
-99
-94
-87
-78
-68
-55
-42
-27
-10
6
23
41
58
75
91
106
120
131
140
147
151
152
150
146
139
131
121
111
100
89
79
70
62
55
49
44
40
37
35
33
31
29
26
23
20
15
11
5
0
-5
-12
-19
-25
-32
-39
-45
-51
-57
-61
-65
-69
-72
-74
-75
-76
-77
-76
-76
-75
-74
-72
-71
-69
-67
-65
-64
-62
-60
-58
-56
-55
-53
-52
-51
-50
-49
-47
-46
-44
-41
-37
-33
-28
-21
-13
-4
5
16
29
44
59
76
94
113
132
152
171
189
205
219
229
234
235
230
219
203
180
153
122
87
52
16
-17
-48
-75
-98
-114
-124
-128
-126
-118
-106
-89
-70
-49
-27
-6
12
29
43
54
61
64
63
60
53
44
32
20
7
-6
-19
-33
-46
-58
-70
-81
-92
-103
-114
-124
-134
-145
-154
-163
-171
-177
-181
-183
-181
-177
-170
-159
-146
-130
-112
-93
-72
-52
-31
-12
5
20
33
43
51
55
58
58
56
53
50
47
44
41
40
40
41
44
48
53
59
66
73
80
86
91
93
94
92
86
78
68
55
40
24
8
-7
-22
-35
-47
-56
-62
-66
-67
-66
-63
-57
-50
-41
-30
-18
-4
9
25
40
57
73
88
102
115
126
134
139
140
137
130
120
105
87
66
44
20
-2
-25
-47
-66
-82
-95
-104
-110
-113
-113
-110
-105
-100
-93
-86
-80
-75
-71
-69
-68
-68
-69
-71
-74
-77
-79
-80
-80
-77
-73
-65
-54
-40
-23
-4
17
41
65
89
112
133
151
165
175
180
180
175
165
150
132
111
87
62
37
12
-10
-30
-46
-59
-67
-71
-71
-67
-60
-52
-42
-31
-21
-12
-5
0
2
3
3
1
-1
-4
-7
-9
-10
-9
-7
-3
2
9
18
28
38
48
57
65
72
77
79
79
77
72
65
57
47
38
29
21
16
14
15
20
29
42
59
78
99
121
141
160
176
187
194
194
188
176
159
136
110
81
50
19
-10
-37
-61
-82
-98
-111
-119
-124
-125
-124
-121
-116
-111
-106
-101
-98
-96
-98
-102
-110
-121
-135
-151
-170
-190
-210
-230
-248
-264
-277
-287
-293
-296
-294
-287
-277
-262
-244
-221
-194
-163
-128
-90
-50
-6
37
82
126
167
205
237
262
278
286
284
271
249
219
181
138
91
43
-3
-47
-86
-117
-141
-157
-164
-163
-154
-140
-120
-97
-72
-47
-23
-2
15
30
39
45
46
43
38
31
24
17
11
8
9
13
21
34
50
69
90
113
135
157
176
191
201
206
205
196
181
159
130
96
58
17
-25
-68
-110
-149
-183
-212
-234
-249
-257
-258
-252
-241
-225
-205
-183
-160
-137
-114
-92
-72
-54
-37
-22
-9
3
15
26
37
47
58
69
79
89
98
105
112
117
120
121
121
118
113
105
96
86
73
59
44
28
12
-4
-20
-36
-50
-64
-75
-83
-89
-92
-91
-88
-82
-74
-65
-54
-44
-33
-24
-16
-9
-3
1
5
8
12
17
23
30
40
53
68
85
105
126
149
172
194
215
233
248
259
264
265
259
247
230
207
179
147
113
76
39
2
-33
-66
-96
-122
-145
-163
-178
-189
-196
-201
-202
-200
-195
-188
-178
-165
-150
-131
-109
-84
-56
-26
6
39
72
104
133
157
176
188
192
188
177
158
132
101
66
28
-8
-45
-78
-108
-132
-150
-162
-168
-167
-161
-149
-133
-114
-92
-68
-44
-19
4
27
49
69
87
103
118
131
142
151
158
163
166
166
163
158
149
137
122
105
85
63
40
15
-9
-34
-59
-83
-105
-126
-144
-160
-172
-181
-186
-187
-183
-175
-162
-145
-125
-101
-75
-48
-21
5
29
49
66
77
83
83
78
67
52
33
11
-13
-38
-64
-89
-113
-135
-154
-170
-182
-190
-194
-193
-188
-178
-164
-147
-126
-102
-77
-51
-25
0
22
43
59
72
81
86
88
86
82
78
73
68
65
65
66
71
79
89
102
117
133
150
166
182
196
207
215
219
219
215
207
194
178
160
139
116
92
69
45
23
3
-14
-29
-41
-50
-57
-61
-62
-61
-58
-54
-49
-43
-36
-30
-24
-19
-16
-14
-13
-16
-20
-27
-36
-46
-58
-71
-84
-97
-108
-118
-125
-130
-131
-129
-123
-114
-100
-82
-62
-38
-12
14
42
69
95
117
137
152
161
166
165
158
147
131
112
90
67
45
24
6
-9
-20
-26
-29
-27
-22
-14
-4
4
13
21
25
26
22
15
4
-10
-27
-47
-67
-87
-106
-124
-139
-150
-158
-162
-163
-159
-152
-143
-130
-116
-100
-83
-66
-49
-32
-17
-2
11
23
35
45
54
61
66
70
71
70
66
59
48
33
14
-8
-35
-66
-99
-133
-169
-204
-237
-267
-293
-313
-327
-333
-333
-324
-307
-284
-253
-216
-174
-127
-78
-27
23
74
123
169
212
251
284
313
336
353
364
370
369
363
352
336
315
290
263
234
203
173
142
113
85
60
37
17
0
-16
-29
-41
-50
-59
-66
-72
-77
-83
-88
-93
-98
-104
-109
-116
-122
-129
-137
-145
-154
-162
-171
-179
-186
-193
-198
-201
-203
-202
-200
-195
-188
-179
-169
-157
-144
-130
-116
-102
-89
-76
-64
-52
-42
-33
-24
-16
-8
0
7
15
23
32
40
49
58
67
76
86
96
106
118
130
143
158
174
191
209
227
246
264
282
297
309
317
320
319
311
299
281
258
231
202
171
139
109
80
54
31
12
-2
-14
-22
-27
-29
-29
-27
-24
-20
-15
-9
-3
4
11
20
28
36
44
52
58
62
64
63
59
51
39
24
5
-15
-38
-62
-85
-107
-127
-144
-157
-165
-169
-169
-164
-157
-146
-134
-121
-108
-96
-85
-76
-69
-63
-59
-56
-54
-52
-50
-47
-42
-35
-26
-14
0
15
33
52
73
93
113
131
147
159
168
173
172
167
157
143
124
103
80
55
29
5
-18
-40
-59
-75
-89
-99
-107
-113
-116
-117
-117
-116
-115
-113
-113
-112
-113
-114
-116
-118
-120
-123
-124
-125
-124
-121
-115
-107
-96
-83
-67
-50
-32
-13
3
18
31
40
45
46
44
38
29
19
8
-1
-9
-15
-17
-15
-10
-2
9
22
37
52
65
76
84
87
86
80
68
50
29
3
-25
-56
-87
-116
-143
-166
-184
-195
-199
-196
-185
-168
-144
-114
-81
-46
-9
25
58
88
113
133
148
156
159
156
148
136
118
97
73
46
17
-13
-45
-77
-108
-137
-164
-187
-206
-220
-228
-229
-223
-210
-191
-166
-136
-102
-65
-27
11
48
83
114
140
160
174
180
180
173
158
138
112
82
49
13
-22
-57
-90
-119
-144
-163
-176
-181
-179
-170
-155
-133
-107
-77
-44
-10
22
54
83
108
128
144
154
160
161
159
153
146
137
129
121
114
108
105
104
105
107
111
115
120
124
127
129
129
126
121
112
100
86
68
48
26
3
-20
-44
-68
-90
-111
-130
-146
-159
-169
-175
-178
-177
-173
-165
-154
-140
-124
-106
-86
-65
-44
-23
-2
16
33
49
62
74
83
90
95
99
102
105
107
109
112
114
117
119
122
124
126
128
128
129
128
126
123
120
116
110
104
