64
44
24
5
-12
-28
-40
-50
-56
-59
-59
-56
-51
-44
-37
-31
-25
-21
-20
-20
-24
-29
-37
-47
-57
-68
-79
-90
-99
-106
-110
-113
-112
-110
-104
-97
-88
-78
-68
-57
-46
-36
-27
-19
-11
-5
0
4
8
12
16
20
25
31
38
46
56
68
82
98
115
133
152
171
190
207
222
235
246
253
257
257
254
248
238
225
210
192
171
149
124
99
72
44
16
-12
-40
-68
-94
-120
-143
-164
-182
-198
-210
-218
-223
-224
-221
-215
-205
-192
-177
-159
-139
-118
-95
-72
-48
-24
-1
21
43
63
80
96
109
119
126
130
131
129
124
116
104
90
72
51
28
1
-26
-56
-87
-118
-149
-178
-205
-229
-249
-265
-275
-280
-278
-270
-255
-234
-207
-175
-138
-97
-53
-7
38
85
131
174
214
249
280
304
322
332
336
331
320
301
276
245
210
171
131
91
52
16
-14
-41
-61
-75
-84
-86
-84
-79
-71
-62
-54
-47
-43
-42
-45
-51
-61
-74
-88
-104
-119
-132
-143
-150
-154
-152
-147
-136
-123
-106
-88
-70
-53
-37
-25
-16
-11
-11
-14
-21
-30
-41
-53
-65
-76
-86
-93
-99
-101
-102
-100
-96
-91
-85
-78
-72
-66
-61
-57
-55
-53
-52
-52
-52
-53
-54
-55
-57
-59
-62
-67
-74
-83
-94
-108
-124
-141
-159
-176
-192
-205
-214
-218
-215
-204
-186
-160
-125
-84
-36
16
73
132
191
248
302
351
394
430
458
479
490
494
491
481
466
446
423
399
374
350
327
306
288
271
255
241
227
212
196
178
157
133
106
76
42
5
-32
-73
-113
-153
-192
-228
-261
-289
-313
-332
-346
-355
-360
-361
-359
-356
-351
-345
-339
-332
-325
-318
-310
-301
-290
-276
-260
-241
-218
-191
-160
-126
-89
-48
-7
35
77
118
157
191
221
245
262
272
275
271
258
239
213
181
144
103
60
16
-27
-68
-105
-137
-162
-178
-186
-183
-170
-146
-113
-72
-23
30
86
143
198
248
291
325
349
360
359
346
320
283
236
180
120
55
-8
-71
-128
-179
-221
-253
-275
-285
-286
-277
-261
-238
-210
-180
-148
-117
-88
-61
-38
-19
-5
5
11
13
13
10
5
0
-5
-11
-15
-17
-17
-14
-8
2
17
37
61
90
122
158
196
234
271
307
338
364
383
394
396
390
374
350
319
282
241
199
158
120
89
65
51
47
53
69
93
122
153
183
207
221
223
208
176
124
53
-33
-135
-248
-368
-489
-607
-718
-816
-900
-965
-1010
-1035
-1039
-1024
-990
-940
-876
-801
-718
-629
-537
-444
-354
-266
-183
-105
-33
33
95
152
206
257
305
352
398
444
488
531
572
611
646
677
701
719
729
731
724
709
686
655
619
578
535
491
448
406
368
334
303
278
255
237
220
205
191
177
160
142
121
97
68
37
1
-36
-77
-119
-162
-204
-243
-279
-310
-335
-353
-364
-368
-364
-353
-336
-315
-289
-261
-233
-205
-179
-157
-139
-126
-119
-118
-123
-133
-148
-166
-187
-210
-232
-252
-270
-284
-294
-298
-297
-290
-277
-259
-236
-210
-180
-149
-116
-83
-51
-20
9
36
60
82
101
117
129
139
146
151
152
150
146
139
129
117
102
86
67
47
27
8
-10
-26
-39
-49
-54
-55
-52
-45
-34
-21
-6
8
24
38
49
58
64
65
63
57
48
36
22
7
-8
-23
-38
-50
-60
-66
-68
-66
-59
-48
-32
-13
8
32
56
79
100
118
131
140
144
142
136
127
115
101
88
77
67
62
60
62
67
75
85
95
105
111
115
114
108
97
80
58
32
2
-29
-62
-96
-129
-161
-190
-217
-239
-259
-274
-285
-293
-297
-298
-296
-291
-284
-276
-266
-255
-243
-230
-217
-203
-188
-171
-153
-132
-108
-81
-50
-16
20
60
102
145
188
230
270
306
338
364
384
397
403
402
394
379
357
331
300
267
231
195
160
126
96
68
43
22
5
-9
-22
-33
-42
-51
-59
-67
-74
-82
-89
-96
-103
-110
-116
-122
-127
-132
-135
-138
-140
-141
-141
-141
-141
-141
-140
-140
-140
-140
-139
-137
-134
-130
-124
-115
-105
-91
-75
-56
-35
-12
12
38
64
90
116
140
161
180
196
207
215
219
219
216
210
201
191
179
167
155
143
133
125
118
112
108
104
100
95
88
78
65
47
24
-2
-34
-70
-109
-151
-194
-238
-282
-324
-363
-399
-429
-454
-472
-482
-485
-478
-463
-440
-409
-371
-327
-278
-225
-171
-116
-62
-10
38
83
125
162
195
225
252
277
300
322
343
364
383
401
416
429
437
440
437
427
409
384
351
311
265
215
161
105
50
-2
-50
-93
-128
-154
-171
-178
-176
-165
-146
-122
-94
-64
-35
-9
12
28
38
40
34
22
4
-17
-43
-70
-97
-122
-144
-162
-176
-185
-189
-189
-184
-177
-168
-157
-147
-137
-128
-121
-117
-115
-116
-120
-126
-134
-143
-153
-164
-174
-182
-189
-192
-192
-187
-177
-162
-142
-119
-91
-61
-31
0
29
55
78
96
109
116
118
115
108
98
85
73
61
52
48
50
59
76
103
138
183
236
296
362
433
506
579
649
715
773
821
858
880
887
877
850
806
746
671
583
485
379
268
156
45
-60
-161
-254
-337
-412
-477
-534
-582
-624
-660
-691
-718
-742
-762
-780
-795
-806
-812
-813
-809
-798
-780
-755
-722
-682
-635
-582
-523
-460
-394
-327
-259
-192
-127
-65
-7
45
93
136
173
205
231
253
270
283
293
299
302
302
299
293
285
274
262
249
235
222
210
199
190
184
180
177
176
176
175
173
169
162
153
141
126
109
91
74
57
42
31
23
20
21
26
34
46
60
75
90
105
119
132
142
150
156
159
160
159
155
149
140
129
115
98
78
55
29
1
-27
-59
-91
-123
-156
-187
-218
-247
-274
-298
-319
-336
-349
-358
-361
-359
-351
-337
-317
-292
-262
-227
-189
-147
-103
-58
-13
30
72
111
146
176
201
220
232
239
238
232
220
203
182
157
130
103
76
49
26
5
-10
-22
-29
-31
-28
-22
-11
1
17
34
51
67
82
95
105
111
113
111
105
95
80
61
39
13
-15
-46
-78
-110
-141
-170
-195
-217
-233
-243
-247
-243
-233
-215
-190
-160
-125
-86
-45
-4
36
75
110
141
167
187
202
211
216
217
215
210
204
197
191
186
182
180
181
184
189
194
201
206
210
212
209
201
186
166
138
105
65
19
-29
-80
-133
-185
-235
-282
-324
-360
-390
-413
-429
-438
-441
-437
-428
-414
-395
-373
-348
-320
-290
-258
-226
-193
-160
-127
-95
-64
-34
-6
21
46
71
94
116
137
157
176
193
209
223
234
244
251
256
259
259
258
256
253
251
248
247
246
247
249
250
251
250
246
237
222
202
174
139
98
51
0
-54
-108
-161
-211
-255
-292
-322
-344
-357
-363
-361
-354
-342
-326
-309
-290
-272
-253
-236
-219
-203
-187
-170
-153
-133
-112
-89
-63
-35
-6
24
54
85
113
140
163
182
197
208
214
216
214
208
199
187
172
155
135
114
90
64
37
9
-18
-45
-70
-92
-109
-119
-123
-119
-107
-88
-61
-27
11
54
99
144
189
230
267
297
320
334
339
335
321
299
269
232
192
148
102
57
12
-29
-69
-105
-138
-169
-196
-220
-241
-259
-274
-286
-293
-296
-293
-284
-268
-244
-213
-174
-127
-74
-15
48
113
180
244
305
359
405
441
464
474
470
451
418
373
318
254
184
112
39
-29
-92
-149
-196
-232
-258
-273
-278
-274
-263
-245
-223
-200
-175
-151
-129
-110
-94
-82
-74
-70
-70
-72
-77
-84
-93
-103
-114
-125
-135
-145
-155
-164
-172
-179
-185
-192
-198
-204
-210
-215
-221
-226
-230
-232
-231
-226
-217
-202
-181
-154
-120
-79
-32
18
72
127
181
230
274
308
332
344
343
330
305
270
226
177
125
74
25
-18
-53
-79
-94
-96
-85
-61
-24
26
88
162
245
336
431
530
628
722
810
889
955
1007
1041
1056
1051
1025
977
908
819
712
589
451
303
147
-12
-172
-329
-480
-621
-750
-865
-963
-1044
-1107
-1152
-1179
-1188
-1182
-1162
-1129
-1085
-1032
-972
-908
-842
-776
-712
-651
-596
-548
-509
-478
-458
-447
-445
-453
-468
-489
-514
-541
-567
-591
-608
-617
-617
-604
-579
-540
-488
-424
-349
-265
-175
-81
13
107
197
281
360
431
497
556
612
664
716
766
817
868
917
965
1008
1045
1074
1092
1098
1091
1071
1038
994
939
876
807
734
659
584
509
436
366
298
233
170
109
49
-8
-65
-121
-175
-227
-276
-322
-362
-397
-424
-444
-455
-457
-449
-431
-404
-369
-326
-276
-222
-165
-105
-46
11
66
117
162
200
230
252
266
272
270
263
250
235
218
200
184
169
157
147
139
133
128
123
118
111
102
91
76
57
36
11
-15
-44
-73
-101
-127
-151
-170
-185
-195
-200
-200
-197
-190
-183
-175
-168
-164
-163
-166
-175
-188
-206
-229
-255
-284
-315
-347
-378
-408
-436
-462
-484
-503
-519
-531
-539
-544
-546
-543
-536
-525
-510
-489
-464
-433
-398
-357
-312
-263
-210
-155
-97
-37
23
85
147
209
272
334
397
460
523
585
647
708
767
823
874
920
958
988
1009
1020
1020
1010
989
958
918
870
814
751
683
611
535
458
380
303
227
154
83
16
-46
-107
-164
-218
-271
-321
-371
-419
-467
-514
-559
-602
-642
-678
-708
-731
-747
-754
-752
-740
-720
-692
-658
-619
-577
-534
-494
-457
-426
-401
-384
-375
-374
-379
-389
-403
-419
-436
-452
-467
-478
-486
-490
-489
-482
-470
-450
-424
-389
-346
-295
-235
-167
-94
-15
67
150
232
310
383
449
505
552
588
615
632
641
644
641
635
627
618
610
602
596
590
584
579
573
566
558
548
537
525
511
496
479
461
440
418
393
365
334
302
267
232
196
160
125
92
61
32
4
-22
-48
-74
-102
-133
-168
-207
-252
-304
-361
-424
-492
-562
-633
-701
-763
-815
-852
-871
-868
-842
-790
-713
-612
-488
-347
-193
-31
131
289
436
567
676
760
817
845
844
815
760
684
590
483
367
248
130
18
-84
-175
-253
-316
-364
-398
-417
-423
-417
-399
-371
-334
-290
-239
-184
-125
-66
-7
49
100
146
185
216
239
253
258
255
245
228
205
177
144
109
71
31
-8
-47
-84
-119
-151
-180
-204
-225
-242
-254
-264
-270
-273
-274
-273
-270
-265
-259
-253
-246
-239
-233
-228
-225
-225
-227
-234
-244
-257
-273
-292
-314
-336
-358
-379
-398
-413
-424
-429
-426
-415
-396
-367
-329
-282
-226
-162
-92
-18
58
135
210
282
348
407
457
499
532
556
571
578
577
571
559
543
524
503
481
457
434
411
