693
794
884
960
1019
1060
1082
1085
1068
1032
980
912
832
742
646
547
447
350
260
177
104
42
-7
-45
-71
-85
-89
-82
-65
-40
-7
33
80
133
189
248
307
363
415
458
492
512
519
509
484
444
390
325
253
175
98
24
-42
-99
-144
-176
-195
-200
-194
-179
-156
-128
-99
-70
-42
-18
1
17
29
37
41
43
42
39
33
24
9
-11
-41
-80
-131
-195
-271
-361
-462
-573
-690
-810
-927
-1037
-1135
-1216
-1277
-1313
-1324
-1309
-1269
-1205
-1122
-1023
-914
-799
-683
-571
-467
-374
-293
-226
-171
-126
-88
-54
-20
17
64
123
195
283
385
502
630
766
906
1044
1176
1297
1401
1485
1544
1577
1583
1560
1509
1434
1336
1219
1087
944
796
646
499
357
222
98
-15
-117
-208
-288
-359
-421
-474
-522
-562
-598
-627
-652
-671
-684
-692
-694
-691
-683
-672
-660
-648
-638
-633
-635
-644
-662
-689
-724
-766
-813
-860
-906
-945
-974
-989
-987
-967
-925
-863
-782
-682
-568
-443
-311
-178
-47
77
192
294
382
455
512
555
585
603
611
612
608
600
590
578
566
553
540
526
511
496
481
465
450
436
424
413
404
397
391
387
382
377
371
363
352
339
324
305
285
262
238
214
190
167
145
125
107
91
77
63
51
38
25
11
-4
-21
-40
-61
-83
-107
-131
-155
-179
-203
-225
-246
-264
-281
-294
-304
-311
-312
-309
-300
-285
-264
-235
-198
-154
-102
-42
24
96
173
253
334
413
489
560
623
678
724
759
786
803
812
813
808
798
782
760
733
701
662
617
565
506
441
372
298
223
148
76
8
-52
-106
-152
-190
-221
-247
-272
-299
-334
-380
-442
-523
-627
-752
-898
-1061
-1237
-1417
-1593
-1756
-1896
-2005
-2074
-2099
-2075
-2001
-1879
-1712
-1506
-1268
-1006
-731
-450
-173
91
338
561
754
916
1042
1134
1191
1214
1205
1167
1103
1018
915
798
673
542
410
281
158
43
-61
-153
-231
-295
-343
-376
-392
-392
-376
-343
-296
-234
-159
-72
24
128
237
348
458
564
662
749
822
879
918
937
936
917
880
828
764
691
613
532
451
373
300
232
170
115
67
25
-12
-45
-74
-102
-127
-152
-177
-202
-228
-253
-280
-306
-333
-360
-386
-411
-435
-456
-475
-491
-503
-512
-518
-521
-522
-521
-518
-515
-512
-510
-507
-506
-504
-501
-496
-489
-476
-459
-434
-403
-363
-315
-260
-198
-130
-58
16
90
163
232
294
349
396
432
459
476
485
485
479
469
455
439
422
406
390
374
359
343
325
304
280
251
217
178
134
86
36
-15
-65
-113
-156
-193
-222
-242
-254
-258
-255
-245
-231
-214
-196
-178
-162
-148
-136
-127
-119
-113
-107
-100
-91
-80
-66
-47
-25
2
35
73
116
166
221
282
350
424
504
590
681
774
869
964
1054
1136
1206
1260
1295
1305
1289
1244
1170
1065
933
775
596
399
190
-24
-240
-452
-654
-841
-1010
-1157
-1278
-1374
-1441
-1482
-1495
-1484
-1450
-1396
-1326
-1244
-1153
-1057
-960
-865
-774
-690
-614
-546
-488
-438
-395
-359
-329
-302
-277
-254
-230
-206
-181
-154
-126
-97
-67
-36
-4
29
64
101
140
182
228
276
327
381
436
490
543
591
634
668
693
707
708
698
675
642
599
548
493
434
376
319
266
218
176
140
111
88
69
52
37
22
5
-14
-38
-66
-97
-131
-167
-202
-234
-260
-279
-288
-286
-272
-247
-211
-166
-114
-58
-1
54
106
151
188
216
234
242
240
230
212
189
162
134
106
80
57
40
27
21
20
23
30
40
51
63
73
81
86
89
89
87
84
80
76
73
71
70
71
71
69
66
57
43
21
-9
-48
-96
-151
-211
-273
-334
-390
-438
-473
-492
-494
-477
-439
-384
-311
-226
-131
-31
67
160
243
312
364
396
408
400
374
331
277
214
147
80
18
-36
-81
-112
-131
-137
-130
-113
-88
-59
-28
0
24
42
51
51
43
25
1
-27
-59
-91
-121
-147
-167
-182
-190
-191
-187
-179
-167
-153
-138
-123
-108
-92
-75
-56
-33
-6
28
71
123
184
254
333
419
510
602
693
779
856
921
972
1005
1020
1015
989
945
882
804
711
608
497
380
260
140
22
-92
-201
-305
-401
-490
-571
-646
-716
-781
-843
-903
-963
-1022
-1082
-1142
-1201
-1260
-1317
-1371
-1421
-1468
-1509
-1545
-1576
-1599
-1615
-1622
-1619
-1603
-1572
-1524
-1456
-1365
-1250
-1109
-943
-752
-538
-305
-57
199
458
713
957
1183
1385
1559
1699
1805
1875
1909
1909
1879
1822
1743
1647
1540
1427
1311
1198
1091
992
902
822
751
688
632
580
531
483
434
383
330
273
215
153
90
25
-39
-104
-168
-232
-294
-356
-417
-478
-540
-602
-665
-727
-788
-844
-894
-934
-961
-970
-960
-927
-870
-789
-687
-566
-431
-287
-141
0
131
245
337
403
443
454
439
400
341
268
186
101
19
-53
-114
-158
-183
-189
-176
-145
-100
-45
14
76
134
183
220
243
249
240
216
180
135
85
34
-11
-50
-77
-91
-90
-73
-42
0
54
114
177
238
295
343
381
405
417
415
400
376
343
306
266
226
190
157
128
103
79
55
27
-7
-51
-107
-174
-253
-340
-434
-528
-620
-702
-771
-821
-849
-852
-828
-779
-704
-607
-492
-362
-224
-84
50
174
281
366
423
451
449
417
358
277
179
70
-40
-146
-241
-317
-369
-394
-390
-356
-293
-205
-95
31
169
311
453
588
710
817
904
970
1013
1033
1031
1008
966
908
837
754
662
565
463
358
253
149
46
-52
-146
-235
-316
-390
-453
-506
-548
-578
-597
-605
-602
-591
-572
-548
-519
-489
-458
-429
-404
-383
-368
-359
-357
-362
-371
-385
-400
-414
-426
-432
-430
-420
-399
-367
-325
-273
-213
-145
-73
2
79
157
234
309
380
447
508
562
607
642
667
680
680
668
643
606
558
501
437
367
295
222
152
86
27
-24
-66
-99
-123
-138
-146
-149
-148
-146
-145
-148
-155
-170
-192
-222
-259
-302
-348
-395
-442
-484
-520
-547
-564
-570
-565
-549
-525
-493
-456
-416
-375
-336
-299
-267
-240
-217
-199
-183
-169
-155
-138
-117
-89
-54
-9
44
108
180
259
343
428
512
592
664
726
775
810
831
837
830
812
783
747
704
659
610
561
511
461
410
358
304
249
190
129
65
0
-68
-136
-203
-266
-324
-373
-413
-441
-457
-459
-447
-422
-386
-340
-288
-231
-173
-116
-63
-18
17
42
54
53
39
12
-25
-72
-125
-182
-238
-291
-336
-372
-394
-402
-394
-372
-335
-286
-228
-164
-97
-31
31
87
134
170
195
207
208
198
178
151
118
81
42
3
-33
-68
-99
-127
-151
-171
-188
-203
-215
-225
-233
-240
-244
-247
-246
-241
-232
-218
-199
-174
-144
-109
-70
-28
14
56
96
132
162
187
204
214
215
210
197
178
154
125
93
59
24
-10
-42
-71
-96
-116
-129
-135
-133
-125
-109
-87
-59
-26
11
50
91
132
172
208
240
266
286
300
307
307
302
291
276
258
239
220
202
186
172
162
154
150
148
147
147
146
144
140
132
122
109
94
77
60
44
31
21
15
14
19
28
42
58
75
92
107
118
124
122
113
96
71
39
1
-40
-85
-131
-176
-217
-255
-287
-313
-333
-347
-356
-360
-360
-356
-351
-345
-338
-331
-325
-318
-312
-305
-296
-285
-271
-254
-232
-207
-179
-148
-114
-80
-47
-15
14
40
63
81
95
105
111
115
116
116
116
116
118
121
127
135
145
158
173
189
206
224
241
258
274
288
299
306
310
310
305
295
281
263
241
215
188
159
129
100
74
50
29
14
3
-3
-4
-1
4
12
22
33
42
49
54
54
51
44
32
17
-1
-22
-44
-67
-90
-111
-130
-146
-159
-170
-177
-180
-181
-179
-174
-166
-156
-143
-128
-111
-91
-70
-47
-22
2
27
52
75
95
112
124
131
131
125
111
90
61
26
-14
-59
-106
-154
-200
-242
-276
-301
-316
-319
-309
-287
-253
-209
-157
-101
-41
17
72
121
162
194
214
224
223
213
196
173
146
119
93
71
55
45
42
48
60
79
104
133
164
197
228
256
281
299
311
315
310
296
273
241
201
152
97
36
-29
-97
-166
-235
-301
-363
-420
-470
-512
-544
-566
-577
-577
-566
-544
-512
-472
-424
-370
-311
-250
-189
-129
-72
-21
23
61
91
113
127
135
137
135
131
126
123
122
125
133
145
161
181
204
227
249
268
282
289
288
277
256
224
183
133
75
12
-52
-118
-182
-240
-290
-330
-359
-375
-379
-370
-348
-317
-277
-230
-180
-128
-77
-29
13
51
83
109
130
146
160
171
183
196
211
228
247
265
283
296
303
300
285
257
215
158
89
8
-80
-173
-266
-355
-437
-507
-564
-604
-627
-634
-623
-598
-560
-513
-458
-400
-343
-289
-241
-202
-174
-157
-152
-157
-172
-194
-221
-249
-275
-297
-310
-313
-303
-277
-236
-179
-105
-16
86
201
328
462
602
744
888
1028
1162
1288
1401
1499
1577
1631
1660
1658
1625
1559
1459
1327
1165
978
770
547
318
89
-132
-339
-526
-688
-823
-930
-1008
-1059
-1088
-1097
-1091
-1075
-1054
-1031
-1009
-990
-976
-966
-961
-959
-957
-954
-947
-933
-910
-876
-830
-771
-699
-615
-520
-416
-306
-192
-78
34
143
246
340
426
501
566
621
666
701
728
746
756
758
752
739
718
688
650
604
548
486
416
341
264
186
110
39
-23
-76
-116
-143
-156
-153
-136
-105
-62
-9
52
119
190
262
332
398
458
509
550
579
597
602
595
576
547
509
465
415
362
308
253
201
150
103
60
21
-13
-43
-69
-90
-106
-117
-123
-124
-120
-111
-98
-82
-63
-45
-28
-16
-10
-13
-28
-55
-95
-149
-216
-294
-381
-474
-568
-662
-750
-829
-897
-951
-990
-1011
-1017
-1005
-978
-937
-884
-819
-746
-667
-583
-496
-409
-324
-241
-161
-87
-18
44
101
152
198
239
277
312
347
381
416
453
492
532
574
617
658
697
731
758
777
786
782
765
735
690
633
563
482
392
295
193
88
-16
-120
-221
-316
-405
-485
-555
-614
-660
-692
-710
-714
-702
-676
-637
-586
-524
-454
-379
-300
-221
-143
-69
0
61
115
161
198
228
250
266
276
281
283
280
275
267
257
245
232
216
199
180
161
141
121
101
81
63
45
28
12
-2
-18
-34
-50
-68
-87
-107
-128
-149
-170
-189
-205
-219
-227
-230
-226
-214
-195
-167
-130
-84
-31
30
99
174
254
338
425
513
599
682
760
831
892
941
976
994
993
971
927
859
766
650
512
354
181
-3
-194
-385
-570
-744
-900
-1035
-1144
-1226
-1277
-1299
-1292
-1258
-1199
-1120
-1025
-917
-802
-684
-569
-460
-361
-277
-211
-164
-138
-134
-150
-185
-235
-299
-370
-443
-514
-577
-627
-658
