50
65
79
93
106
117
127
136
142
145
146
145
141
135
126
115
102
87
71
54
37
20
2
-13
-29
-43
-56
-67
-77
-84
-90
-94
-96
-97
-95
-93
-89
-83
-77
-69
-61
-53
-44
-35
-26
-17
-9
0
7
15
23
30
38
45
51
57
61
64
66
66
64
61
56
49
42
34
25
16
8
0
-8
-15
-22
-29
-37
-44
-52
-60
-69
-77
-86
-94
-102
-108
-113
-116
-118
-117
-115
-111
-106
-100
-94
-88
-83
-78
-74
-72
-72
-73
-76
-81
-86
-93
-101
-108
-116
-123
-128
-132
-133
-132
-128
-121
-111
-97
-80
-59
-35
-8
20
51
84
117
150
182
212
239
261
280
293
301
304
302
295
283
267
248
226
201
175
148
121
93
66
40
15
-7
-29
-49
-67
-82
-95
-107
-116
-123
-128
-132
-135
-136
-137
-138
-138
-138
-137
-137
-136
-135
-134
-132
-129
-125
-120
-114
-107
-98
-89
-78
-66
-53
-39
-24
-8
7
23
39
54
68
81
93
102
109
115
118
119
118
115
111
106
101
95
90
85
81
77
75
73
71
70
69
67
64
60
54
48
40
32
23
13
3
-6
-15
-23
-30
-35
-37
-38
-36
-31
-24
-15
-4
7
21
35
50
65
80
94
107
119
130
138
145
149
151
150
146
140
130
117
101
81
58
33
4
-25
-57
-90
-122
-154
-183
-211
-235
-254
-270
-280
-284
-283
-276
-264
-245
-221
-192
-159
-122
-82
-40
1
43
83
121
155
185
210
229
242
250
252
248
240
227
210
190
168
144
119
94
69
45
23
2
-16
-33
-48
-62
-75
-86
-96
-105
-114
-122
-128
-134
-139
-143
-146
-148
-148
-147
-144
-140
-135
-129
-122
-115
-108
-101
-94
-89
-84
-80
-77
-75
-73
-72
-71
-69
-66
-63
-59
-53
-46
-38
-28
-18
-6
4
16
27
37
45
51
55
56
54
50
43
34
24
12
0
-11
-24
-35
-46
-55
-63
-68
-70
-70
-67
-60
-50
-36
-19
0
22
46
72
99
125
151
174
195
212
226
235
239
239
235
226
214
199
181
161
140
118
96
73
50
28
7
-12
-30
-45
-57
-67
-72
-74
-72
-66
-57
-44
-28
-10
9
29
49
68
83
95
103
105
102
93
78
59
35
7
-21
-52
-83
-113
-142
-169
-193
-215
-233
-249
-263
-274
-284
-293
-300
-307
-312
-317
-319
-320
-318
-312
-302
-288
-269
-245
-216
-181
-142
-99
-52
-3
47
99
151
203
252
299
343
383
418
447
471
489
500
504
501
493
477
457
432
403
371
337
303
268
235
203
173
145
119
95
73
51
31
12
-7
-27
-47
-67
-87
-108
-128
-149
-169
-188
-206
-223
-238
-251
-262
-269
-274
-275
-273
-268
-261
-252
-242
-231
-220
-208
-197
-187
-176
-167
-157
-148
-138
-129
-119
-110
-100
-90
-81
-72
-64
-57
-52
-48
-47
-48
-51
-55
-62
-69
-77
-84
-89
-93
-94
-91
-85
-74
-60
-42
-21
2
27
54
80
105
127
148
164
177
187
192
193
191
186
178
169
158
147
136
126
116
108
100
94
89
84
80
76
73
69
64
60
54
49
43
36
30
22
15
6
-2
-12
-23
-35
-48
-62
-76
-89
-102
-113
-123
-130
-134
-136
-136
-132
-126
-118
-108
-96
-82
-66
-49
-31
-11
9
31
54
77
99
121
142
161
176
189
197
200
197
189
176
156
132
105
74
41
8
-23
-52
-79
-102
-120
-134
-143
-147
-146
-142
-134
-123
-110
-95
-79
-62
-46
-30
-16
-3
7
15
20
23
22
20
15
9
2
-4
-11
-16
-19
-20
-18
-13
-5
5
19
34
50
67
82
97
110
120
128
132
134
132
127
120
109
98
85
71
58
46
35
26
19
15
13
13
14
17
21
24
27
30
30
29
26
21
13
4
-6
-18
-31
-44
-58
-70
-82
-92
-101
-108
-114
-118
-121
-123
-123
-122
-120
-116
-111
-104
-96
-86
-75
-63
-50
-36
-22
-7
7
23
39
56
73
90
107
125
142
160
177
194
211
228
244
259
273
286
298
307
313
316
314
306
293
273
247
213
173
127
76
22
-34
-92
-150
-207
-261
-312
-359
-402
-441
-475
-504
-529
-549
-565
-577
-584
-586
-584
-577
-565
-547
-525
-498
-466
-430
-390
-346
-300
-252
-202
-151
-100
-50
0
48
95
140
183
223
260
294
324
350
371
387
398
404
405
401
393
381
366
348
329
310
290
271
254
238
224
212
202
193
186
180
174
169
163
156
148
139
129
116
102
85
67
48
27
5
-17
-40
-62
-84
-105
-124
-141
-156
-169
-180
-189
-196
-202
-207
-211
-214
-218
-221
-226
-230
-235
-240
-245
-248
-251
-251
-249
-243
-234
-222
-205
-185
-162
-135
-106
-75
-44
-12
18
47
74
99
121
140
155
167
176
181
183
181
176
169
158
145
130
113
96
78
60
44
28
15
3
-5
-11
-14
-14
-11
-4
3
15
28
42
57
72
85
98
108
117
122
126
127
125
123
119
114
110
105
102
99
97
95
94
92
90
88
83
77
69
58
45
29
12
-6
-25
-44
-62
-77
-89
-98
-102
-101
-96
-87
-73
-57
-38
-19
0
17
33
45
53
56
55
49
39
25
9
-8
-26
-45
-62
-77
-90
-100
-106
-110
-111
-109
-104
-98
-90
-81
-70
-59
-47
-34
-21
-8
5
18
31
43
53
61
66
69
68
63
55
44
30
13
-4
-25
-45
-66
-87
-106
-124
-139
-151
-160
-166
-169
-168
-163
-156
-145
-132
-117
-99
-80
-60
-39
-17
4
26
48
69
90
109
126
141
154
164
170
173
171
166
156
143
125
104
81
55
28
2
-22
-44
-63
-77
-86
-89
-87
-78
-65
-47
-25
0
26
53
79
103
125
143
156
165
168
166
159
148
133
114
93
71
48
25
3
-17
-37
-54
-68
-81
-90
-98
-103
-106
-107
-107
-105
-103
-100
-96
-92
-87
-82
-76
-69
-62
-54
-47
-40
-33
-28
-23
-21
-20
-21
-24
-29
-35
-42
-50
-58
-66
-72
-77
-79
-80
-77
-72
-65
-55
-45
-34
-23
-13
-5
0
4
6
5
2
-2
-8
-15
-21
-26
-31
-33
-34
-32
-29
-24
-18
-11
-4
2
7
12
15
17
17
16
13
10
6
4
2
3
5
10
18
28
40
54
70
86
103
119
134
148
161
172
181
188
193
195
195
193
188
180
169
156
139
120
100
78
55
32
10
-10
-28
-44
-57
-67
-73
-77
-77
-75
-71
-65
-58
-51
-44
-37
-31
-26
-23
-22
-22
-25
-28
-33
-40
-48
-56
-66
-76
-86
-97
-106
-115
-123
-130
-135
-138
-140
-140
-138
-134
-130
-124
-118
-112
-105
-97
-90
-82
-74
-65
-56
-46
-36
-25
-15
-3
7
18
28
38
47
55
61
66
69
70
69
65
59
51
40
27
13
-2
-18
-34
-48
-61
-71
-78
-80
-78
-72
-60
-44
-23
1
28
58
90
122
155
186
216
243
268
289
306
318
325
326
320
309
292
268
239
204
165
123
79
34
-10
-53
-92
-127
-156
-178
-192
-198
-197
-188
-173
-152
-127
-99
-69
-40
-12
13
35
54
67
77
81
82
78
71
61
49
34
18
1
-16
-35
-54
-73
-93
-113
-132
-151
-169
-186
-201
-213
-222
-226
-227
-223
-214
-201
-184
-163
-139
-112
-84
-56
-27
0
27
52
76
98
117
135
150
164
175
184
190
194
195
192
187
177
164
149
130
109
87
63
39
15
-8
-31
-53
-74
-93
-111
-128
-143
-156
-168
-178
-186
-193
-197
-200
-200
-197
-192
-185
-174
-161
-145
-126
-105
-81
-55
-29
-1
27
55
83
110
136
160
181
199
214
224
231
232
229
221
208
191
170
146
120
92
64
35
8
-16
-40
-60
-77
-91
-102
-109
-114
-116
-116
-115
-112
-109
-105
-101
-97
-93
-89
-85
-80
-75
-69
-63
-56
-49
-41
-33
-24
-15
-6
1
10
19
27
36
44
52
61
69
77
84
91
96
100
101
101
98
93
85
75
63
48
32
15
-1
-19
-36
-52
-67
-80
-91
-100
-106
-110
-111
-110
-107
-101
-92
-82
-70
-57
-42
-27
-12
1
14
26
35
41
45
44
41
34
24
11
-3
-19
-35
-51
-65
-77
-86
-92
-94
-91
-83
-71
-53
-31
-4
26
59
95
131
166
199
228
252
270
282
286
283
272
254
231
202
170
135
99
64
31
1
-24
-44
-60
-70
-76
-78
-77
-74
-70
-66
-63
-60
-59
-59
-61
-62
-64
-65
-65
-63
-59
-53
-45
-35
-22
-8
6
21
36
50
61
70
76
79
79
75
70
62
53
44
34
25
16
9
2
-2
-7
-10
-14
-18
-22
-28
-35
-43
-53
-65
-78
-92
-106
-119
-130
-139
-145
-147
-144
-138
-128
-113
-96
-76
-55
-33
-12
8
27
45
59
71
80
87
92
95
98
100
102
106
110
115
120
126
131
135
136
134
129
119
105
86
64
38
10
-19
-49
-77
-103
-125
-141
-152
-157
-155
-147
-135
-118
-98
-77
-56
-37
-20
-8
-1
0
-3
-12
-28
-48
-71
-97
-125
-152
-177
-200
-219
-232
-240
-241
-237
-226
-210
-188
-163
-133
-102
-70
-37
-6
22
48
69
87
99
107
110
109
106
100
92
84
76
69
64
60
59
59
62
66
70
76
81
85
88
89
88
85
79
72
62
52
40
28
17
6
-2
-9
-15
-19
-20
-20
-18
-14
-10
-5
0
5
9
11
12
10
5
-3
-14
-28
-44
-63
-82
-102
-120
-138
-152
-163
-170
-173
-170
-163
-151
-134
-113
-89
-63
-35
-7
21
48
74
98
120
139
156
170
181
190
196
200
202
202
201
199
196
194
191
189
187
185
183
181
178
174
169
162
152
139
124
105
83
57
29
-1
-35
-69
-105
-141
-175
-209
-239
-267
-290
-308
-320
-327
-327
-320
-307
-288
-263
-233
-199
-162
-123
-85
-47
-12
18
45
68
85
97
105
109
110
108
106
104
104
105
108
114
124
136
151
168
187
207
227
245
261
274
283
287
284
275
259
235
205
169
127
80
31
-19
-70
-120
-166
-208
-244
-274
-297
-313
-322
-324
-319
-308
-292
-271
-246
-218
-188
-155
-122
-89
-56
-24
5
32
57
79
97
112
124
132
136
138
136
133
127
120
112
103
96
89
85
82
80
81
84
87
91
95
98
100
100
97
91
82
70
53
33
9
-17
-47
-79
-113
-148
-182
-215
-246
-273
-297
-316
-329
-338
-341
-338
-331
-319
-303
-283
-261
-236
-209
-182
-153
-125
-96
-68
-41
-14
9
33
55
75
94
112
128
143
158
171
184
196
207
218
228
238
246
254
260
