-30
-31
-29
-23
-15
-3
11
27
46
66
87
107
126
144
159
171
180
185
186
184
178
171
161
150
138
127
116
105
96
88
82
76
72
68
65
61
58
54
49
43
36
28
19
10
0
-10
-21
-32
-42
-53
-64
-74
-86
-98
-111
-125
-141
-158
-177
-197
-218
-239
-261
-281
-300
-317
-331
-342
-348
-350
-347
-340
-328
-312
-293
-270
-245
-217
-188
-157
-125
-92
-57
-23
12
47
83
118
152
185
216
245
271
294
314
330
342
350
354
354
351
344
335
323
308
293
276
258
240
222
204
186
167
149
131
112
94
74
54
32
10
-11
-35
-59
-82
-105
-127
-148
-166
-182
-196
-207
-216
-223
-228
-232
-235
-237
-239
-242
-246
-251
-257
-264
-271
-278
-284
-289
-291
-290
-285
-276
-261
-242
-218
-189
-157
-122
-85
-48
-12
21
52
79
101
118
129
134
134
129
120
108
93
78
63
49
38
30
27
28
34
44
58
76
96
118
140
161
179
195
207
214
217
214
207
196
181
163
143
123
104
85
68
54
43
36
31
30
31
35
40
46
53
60
66
70
72
71
68
62
52
39
24
7
-12
-32
-53
-74
-94
-113
-130
-144
-156
-164
-168
-170
-167
-161
-151
-137
-121
-103
-82
-60
-38
-15
5
26
45
62
76
88
98
105
109
111
112
111
110
107
104
100
95
91
86
81
76
70
64
59
53
47
41
34
27
19
10
0
-13
-27
-42
-58
-75
-92
-108
-123
-135
-145
-151
-153
-152
-147
-139
-127
-114
-99
-84
-69
-56
-45
-37
-32
-30
-31
-34
-39
-45
-52
-58
-63
-68
-70
-70
-67
-62
-55
-44
-31
-16
1
19
39
60
80
100
119
137
152
165
176
183
187
187
184
176
166
152
136
117
97
76
56
37
20
5
-5
-13
-17
-18
-15
-9
-1
8
18
29
38
46
52
56
57
55
51
45
38
29
20
10
0
-9
-18
-27
-36
-44
-52
-61
-71
-82
-95
-111
-129
-149
-172
-196
-221
-246
-270
-290
-307
-318
-323
-320
-310
-292
-268
-237
-201
-161
-120
-78
-38
0
32
60
82
98
108
113
113
110
105
98
93
88
87
88
92
98
107
117
128
138
147
153
156
156
152
145
135
123
108
93
77
61
46
32
18
6
-4
-15
-24
-34
-42
-50
-58
-65
-71
-76
-79
-82
-82
-81
-78
-74
-67
-60
-51
-42
-32
-23
-14
-7
-1
3
5
6
5
4
1
0
-1
-2
0
3
9
18
30
44
60
78
95
113
128
141
151
155
155
149
137
120
97
71
42
11
-18
-46
-71
-91
-104
-112
-112
-104
-90
-70
-46
-18
11
41
69
95
116
131
141
145
142
134
120
101
79
55
29
3
-21
-46
-68
-89
-107
-123
-137
-148
-157
-164
-169
-172
-173
-171
-167
-160
-150
-137
-122
-103
-82
-59
-34
-8
17
43
67
90
111
130
145
159
169
178
184
189
192
193
194
194
193
191
188
183
177
170
160
148
133
116
95
72
46
19
-9
-38
-65
-91
-113
-132
-147
-156
-161
-161
-158
-151
-141
-130
-117
-105
-92
-81
-70
-60
-52
-44
-36
-29
-21
-13
-5
2
11
19
26
31
34
34
31
23
11
-4
-23
-45
-68
-91
-112
-131
-145
-154
-158
-157
-151
-141
-127
-112
-97
-83
-72
-64
-60
-61
-65
-73
-83
-94
-106
-116
-124
-129
-130
-126
-118
-106
-91
-72
-51
-29
-6
16
38
59
77
94
110
123
135
147
157
167
175
183
188
191
191
186
177
163
143
118
88
53
14
-25
-68
-109
-149
-186
-217
-243
-262
-274
-277
-271
-256
-233
-201
-163
-118
-68
-16
37
90
141
187
228
260
284
297
300
293
275
247
211
167
118
67
15
-35
-81
-121
-153
-176
-188
-190
-181
-164
-138
-106
-69
-30
8
47
82
113
140
160
174
183
186
185
179
171
161
149
137
125
113
102
91
80
69
57
45
32
18
2
-14
-33
-53
-74
-95
-117
-137
-156
-173
-187
-197
-203
-205
-202
-195
-184
-168
-148
-126
-100
-73
-45
-16
11
38
63
86
107
125
141
154
166
176
184
192
198
203
207
211
213
214
213
211
208
204
198
191
183
175
167
160
153
148
144
142
141
142
143
145
146
146
144
138
129
115
97
73
43
8
-31
-75
-123
-172
-222
-269
-313
-352
-383
-406
-419
-422
-414
-397
-372
-339
-300
-258
-213
-169
-128
-91
-59
-35
-18
-11
-12
-21
-38
-61
-90
-121
-155
-188
-218
-245
-267
-283
-291
-293
-286
-273
-253
-228
-197
-162
-124
-84
-43
-1
40
81
120
158
194
228
261
291
320
347
372
396
418
438
456
470
481
488
491
487
479
463
441
413
378
337
290
238
182
124
64
4
-54
-110
-163
-211
-253
-290
-320
-344
-361
-374
-382
-386
-387
-386
-383
-379
-375
-371
-366
-360
-354
-345
-335
-321
-303
-282
-255
-224
-188
-148
-103
-56
-6
43
92
139
182
219
249
272
285
288
282
266
242
210
174
134
93
54
17
-12
-37
-53
-61
-61
-53
-39
-19
3
27
51
74
94
109
121
127
129
127
121
113
104
95
85
77
71
68
66
67
71
76
82
89
96
102
106
108
107
102
95
85
72
57
40
23
6
-9
-24
-37
-47
-55
-60
-62
-60
-56
-50
-41
-31
-20
-8
3
15
25
34
41
47
50
51
50
47
42
36
27
17
5
-7
-23
-39
-57
-76
-96
-117
-137
-156
-174
-191
-205
-217
-225
-230
-231
-227
-218
-205
-187
-165
-140
-112
-83
-54
-26
0
20
37
49
54
53
46
35
19
1
-18
-37
-55
-69
-79
-83
-82
-75
-62
-45
-22
2
29
56
82
105
124
138
147
149
145
134
117
96
70
42
13
-15
-41
-64
-82
-94
-99
-96
-86
-68
-43
-13
21
58
96
133
166
193
213
225
227
218
200
171
134
90
41
-10
-62
-113
-160
-201
-234
-258
-273
-277
-272
-259
-237
-208
-175
-138
-99
-60
-22
12
44
72
94
112
124
130
132
129
122
112
98
83
66
49
31
13
-3
-20
-36
-52
-67
-81
-96
-110
-124
-139
-154
-169
-184
-200
-214
-228
-239
-248
-254
-254
-250
-240
-224
-203
-176
-145
-110
-72
-33
5
43
80
115
147
178
207
234
260
287
313
339
366
393
418
442
463
479
489
492
486
472
447
413
370
319
261
199
133
67
3
-55
-108
-152
-186
-209
-220
-221
-211
-192
-165
-132
-97
-60
-25
5
32
53
66
72
72
66
55
40
24
7
-7
-20
-31
-38
-42
-43
-41
-37
-31
-25
-18
-13
-8
-4
-2
-1
0
0
0
0
0
1
3
7
11
15
20
26
31
36
41
45
48
51
54
55
56
56
54
50
44
35
23
8
-10
-32
-56
-83
-111
-139
-165
-190
-211
-229
-241
-248
-250
-247
-240
-230
-216
-202
-186
-170
-155
-140
-125
-111
-96
-81
-64
-45
-23
1
29
60
93
126
159
190
217
238
250
254
246
228
198
158
109
54
-5
-66
-126
-182
-232
-274
-306
-326
-334
-329
-310
-278
-233
-175
-106
-27
58
150
243
336
423
501
568
619
651
663
654
622
569
497
408
305
192
75
-41
-154
-258
-350
-426
-484
-522
-541
-540
-522
-487
-439
-380
-313
-243
-171
-101
-36
22
71
111
139
154
158
149
127
95
52
1
-57
-120
-187
-254
-320
-382
-438
-487
-528
-558
-578
-587
-585
-573
-551
-521
-484
-440
-392
-341
-287
-233
-180
-128
-78
-32
11
51
87
120
151
180
206
232
257
283
309
335
363
391
420
448
477
504
529
551
570
585
595
599
598
591
578
559
534
503
467
426
381
330
276
219
159
99
38
-20
-76
-127
-172
-210
-239
-258
-267
-267
-259
-242
-221
-195
-168
-142
-120
-101
-89
-84
-85
-91
-101
-113
-125
-132
-134
-129
-113
-89
-54
-12
36
88
141
190
233
266
288
296
290
269
234
185
126
57
-17
-96
-176
-255
-330
-399
-460
-511
-552
-581
-598
-603
-595
-576
-545
-505
-456
-400
-338
-272
-203
-133
-63
4
69
129
183
230
269
300
322
334
337
329
312
285
248
203
151
92
30
-33
-97
-157
-211
-256
-290
-311
-316
-306
-279
-235
-177
-105
-22
69
165
264
362
454
539
613
675
722
754
770
770
754
724
681
628
566
497
424
349
275
202
133
69
11
-40
-86
-125
-157
-182
-200
-211
-217
-216
-210
-200
-186
-171
-154
-138
-123
-111
-103
-99
-100
-107
-120
-138
-162
-192
-227
-266
-309
-355
-404
-454
-505
-555
-604
-649
-691
-728
-759
-782
-797
-802
-797
-781
-754
-716
-667
-608
-539
-462
-378
-289
-196
-101
-5
88
180
267
350
425
493
553
605
648
682
708
725
735
739
737
730
720
708
695
681
667
654
640
625
608
589
567
539
506
466
421
369
312
250
186
119
54
-10
-70
-126
-177
-221
-258
-288
-311
-328
-339
-344
-344
-338
-328
-313
-294
-270
-243
-213
-181
-148
-115
-85
-58
-35
-18
-7
-1
-1
-6
-14
-23
-33
-42
-49
-52
-52
-48
-42
-34
-27
-22
-21
-26
-38
-58
-87
-123
-166
-214
-266
-317
-366
-411
-447
-472
-486
-485
-469
-439
-394
-336
-267
-188
-103
-13
77
167
254
336
411
478
536
584
622
651
670
679
681
674
660
639
612
578
539
493
440
382
316
244
167
84
-2
-91
-181
-271
-358
-441
-518
-588
-650
-702
-745
-776
-797
-807
-806
-794
-772
-740
-700
-653
-599
-541
-478
-412
-345
-278
-211
-145
-80
-18
40
96
148
197
242
283
321
354
384
410
433
452
470
485
498
510
520
530
539
548
555
562
567
571
572
570
565
557
545
529
509
485
457
425
390
351
308
263
215
163
109
53
-5
-67
-130
-195
-260
-326
-391
-455
-514
-569
-617
-657
-688
-708
-717
-713
-698
-671
-633
-586
-531
-469
-404
-335
-265
-195
-126
-57
8
73
135
194
251
305
356
402
442
476
502
518
522
515
493
457
406
341
263
174
75
-28
-135
-242
-343
-436
-517
-583
-632
-663
-673
-665
-638
-594
-538
-471
-399
-325
-253
-188
-133
-91
-64
-53
-59
-81
-117
-165
-221
-281
-342
-398
-447
-484
-506
-511
-498
-466
-416
-351
-273
-185
-93
0
90
173
247
308
355
389
409
418
416
407
393
376
358
342
329
320
314
312
311
312
312
309
303
291
274
252
224
194
161
128
98
71
51
38
34
38
51
71
98
129
162
196
229
258
281
298
308
310
304
292
273
250
224
197
169
142
117
94
75
59
46
36
28
22
16
10
3
-7
-22
-42
-68
-100
-139
-185
-237
-294
-355
