-139
-121
-101
-77
-52
-24
4
34
63
92
120
145
166
183
195
203
205
201
192
179
162
141
118
92
66
39
13
-11
-35
-56
-74
-89
-101
-109
-115
-117
-117
-115
-111
-106
-100
-94
-88
-83
-79
-75
-73
-71
-70
-70
-70
-71
-72
-73
-73
-73
-73
-72
-71
-69
-67
-65
-63
-59
-55
-50
-45
-38
-29
-20
-9
2
14
28
41
54
66
78
87
95
100
103
103
100
94
86
76
65
52
40
28
17
8
1
-2
-3
-1
4
12
23
37
52
68
85
101
116
129
140
149
155
158
158
156
151
145
137
127
116
104
91
77
63
49
34
19
4
-10
-24
-38
-52
-64
-76
-87
-96
-105
-113
-120
-127
-132
-138
-143
-148
-153
-157
-162
-166
-170
-174
-178
-182
-186
-189
-191
-194
-195
-196
-195
-193
-189
-183
-175
-165
-152
-137
-120
-102
-82
-61
-39
-16
6
29
53
76
98
120
140
159
176
190
202
211
218
222
224
225
223
220
216
212
207
201
196
191
185
179
172
165
156
146
133
119
103
84
64
42
19
-3
-26
-48
-70
-89
-106
-120
-132
-141
-146
-149
-150
-148
-143
-137
-129
-120
-109
-98
-86
-74
-62
-49
-38
-27
-16
-7
0
7
13
17
20
21
22
21
19
17
14
10
7
5
2
1
0
0
1
3
6
9
12
16
19
22
25
28
30
32
34
35
37
38
39
40
41
42
42
42
41
40
38
36
33
30
27
24
22
20
18
17
17
17
19
21
23
25
27
29
30
29
27
24
19
11
2
-8
-20
-33
-47
-62
-76
-90
-103
-114
-123
-131
-137
-140
-141
-139
-136
-131
-125
-117
-109
-101
-92
-84
-76
-69
-62
-57
-52
-47
-43
-39
-34
-28
-21
-12
-2
9
23
38
55
73
91
108
125
140
154
165
174
180
183
184
181
176
168
158
145
130
113
93
73
50
27
4
-19
-43
-66
-88
-109
-128
-145
-159
-170
-178
-183
-184
-181
-175
-165
-152
-135
-116
-95
-73
-49
-26
-4
16
34
49
60
67
69
66
59
49
34
18
0
-17
-35
-51
-64
-74
-80
-82
-79
-72
-62
-48
-32
-14
4
23
42
60
75
89
100
109
115
119
120
118
114
109
101
93
84
75
66
58
51
45
42
40
40
43
48
54
62
70
79
87
93
97
99
98
93
85
73
58
40
20
0
-21
-42
-62
-79
-94
-105
-113
-117
-117
-114
-109
-101
-92
-81
-71
-61
-52
-44
-38
-34
-33
-33
-36
-41
-47
-54
-62
-70
-77
-84
-89
-93
-96
-96
-95
-92
-88
-82
-75
-67
-59
-50
-42
-34
-27
-20
-13
-7
-1
3
9
14
20
25
31
37
43
50
57
65
72
79
86
93
99
104
109
113
115
117
117
116
115
111
107
101
93
84
74
62
49
34
19
3
-13
-29
-44
-59
-72
-83
-93
-100
-104
-106
-106
-103
-97
-90
-81
-70
-59
-46
-33
-20
-6
8
23
38
53
68
83
97
109
119
127
131
132
129
121
110
95
76
53
28
1
-27
-57
-86
-114
-140
-164
-183
-199
-209
-214
-214
-208
-198
-182
-162
-138
-111
-82
-51
-19
12
43
72
99
123
143
158
170
177
180
179
174
166
156
143
129
115
99
84
69
55
42
30
19
10
2
-3
-8
-11
-12
-13
-13
-12
-10
-8
-6
-5
-3
-2
-1
-1
-1
-2
-3
-4
-6
-8
-11
-13
-15
-16
-17
-16
-15
-13
-9
-5
0
5
11
17
21
24
25
24
19
11
0
-13
-29
-49
-69
-91
-114
-135
-155
-172
-186
-196
-200
-200
-195
-185
-170
-151
-129
-104
-77
-50
-23
3
29
52
73
92
108
121
131
138
142
143
140
135
126
114
99
82
62
40
17
-6
-29
-52
-73
-91
-105
-116
-122
-124
-120
-113
-101
-85
-66
-44
-21
2
27
50
73
94
112
127
139
148
154
156
156
153
148
141
132
121
110
97
84
70
57
43
29
15
2
-10
-23
-34
-45
-55
-64
-71
-77
-82
-85
-87
-87
-86
-84
-82
-79
-76
-74
-71
-69
-68
-67
-65
-64
-63
-61
-59
-56
-53
-48
-43
-38
-31
-24
-17
-9
-1
6
14
22
28
34
38
41
43
43
41
38
34
29
22
15
8
0
-6
-13
-19
-23
-26
-27
-27
-25
-21
-15
-8
-1
7
16
26
35
44
53
61
69
76
82
87
91
93
94
93
90
85
78
69
58
46
32
16
1
-14
-29
-43
-55
-65
-72
-75
-74
-70
-62
-50
-35
-18
0
19
37
55
70
82
91
96
98
96
91
83
74
64
54
45
36
30
26
23
23
25
29
33
38
43
48
51
52
52
49
43
34
23
10
-5
-23
-41
-60
-79
-98
-114
-129
-140
-149
-153
-154
-151
-145
-135
-123
-109
-94
-79
-64
-51
-39
-31
-25
-23
-24
-27
-33
-41
-49
-58
-67
-76
-83
-88
-91
-93
-92
-90
-85
-80
-72
-64
-56
-47
-38
-29
-20
-12
-4
2
10
17
24
32
40
49
58
68
79
91
103
116
128
139
149
157
163
165
164
160
152
142
129
114
97
80
62
45
29
15
2
-9
-18
-25
-30
-32
-33
-32
-29
-25
-21
-18
-15
-13
-13
-15
-20
-27
-36
-47
-60
-73
-86
-99
-110
-119
-126
-129
-128
-125
-118
-108
-96
-82
-67
-51
-36
-21
-8
2
12
19
25
29
32
34
36
37
38
40
43
46
50
55
61
66
72
78
83
87
90
92
92
91
88
84
78
71
64
55
46
37
29
20
13
6
0
-5
-10
-15
-20
-25
-30
-35
-41
-47
-53
-59
-65
-70
-74
-77
-79
-80
-79
-76
-71
-65
-55
-44
-31
-16
0
16
32
47
59
69
74
75
71
63
52
37
20
3
-14
-30
-44
-56
-63
-67
-67
-64
-57
-49
-38
-28
-18
-9
-1
2
5
4
2
-1
-6
-11
-16
-20
-22
-21
-18
-13
-4
7
21
37
55
74
93
113
131
148
162
173
181
186
186
182
174
162
147
128
106
82
57
31
4
-21
-46
-69
-91
-110
-127
-142
-155
-165
-174
-180
-186
-189
-192
-193
-193
-191
-189
-185
-180
-174
-167
-159
-150
-140
-129
-117
-105
-91
-77
-63
-47
-31
-15
1
18
34
51
67
82
97
110
122
133
142
148
153
156
156
155
151
146
140
132
123
112
102
90
78
65
53
40
29
18
8
0
-7
-13
-18
-21
-23
-25
-25
-25
-24
-24
-23
-22
-22
-22
-23
-25
-27
-31
-35
-40
-45
-51
-56
-60
-64
-66
-66
-64
-60
-54
-45
-34
-22
-7
8
24
41
57
72
85
97
105
111
114
113
109
102
92
80
66
52
38
24
12
1
-7
-14
-19
-22
-23
-23
-23
-21
-20
-19
-19
-19
-20
-21
-23
-25
-27
-28
-29
-29
-28
-27
-25
-23
-21
-19
-18
-16
-16
-16
-16
-17
-18
-18
-18
-17
-15
-13
-9
-4
1
7
14
20
27
34
40
45
49
52
53
53
51
48
42
35
27
17
7
-3
-15
-26
-37
-47
-57
-65
-72
-77
-80
-81
-80
-77
-72
-65
-57
-48
-39
-30
-21
-14
-9
-5
-3
-2
-3
-6
-9
-13
-16
-20
-22
-24
-24
-22
-19
-14
-7
0
9
20
30
41
51
61
71
79
85
91
94
96
95
93
88
81
71
59
45
30
13
-2
-18
-33
-47
-57
-65
-69
-70
-67
-60
-50
-37
-22
-6
10
27
43
57
69
79
86
90
91
88
83
76
66
54
40
25
9
-6
-24
-41
-57
-74
-88
-102
-114
-124
-131
-137
-140
-140
-139
-136
-131
-124
-116
-107
-98
-88
-78
-69
-60
-51
-43
-36
-29
-24
-18
-13
-9
-4
0
6
12
19
27
35
45
54
65
75
85
95
104
112
118
123
125
125
123
119
113
106
97
87
77
66
56
46
37
30
23
17
13
10
8
6
5
5
4
3
2
0
-1
-3
-6
-9
-12
-15
-18
-21
-24
-26
-27
-28
-28
-28
-26
-24
-21
-18
-15
-12
-9
-6
-4
-3
-2
-2
-2
-3
-4
-5
-7
-9
-11
-13
-15
-16
-17
-18
-18
-18
-17
-16
-15
-15
-14
-14
-14
-15
-16
-17
-18
-20
-21
-22
-23
-23
-22
-21
-19
-16
-13
-9
-3
1
7
13
18
23
27
30
31
31
30
28
24
20
15
9
4
0
-5
-8
-11
-12
-12
-11
-9
-6
-3
0
2
4
5
5
4
1
-2
-7
-13
-20
-26
-33
-40
-46
-50
-54
-56
-57
-56
-53
-50
-45
-39
-32
-25
-18
-11
-4
2
8
14
20
24
29
32
36
38
41
42
44
44
45
45
46
46
46
46
46
47
47
48
49
50
50
51
51
50
49
46
43
39
34
28
22
15
8
1
-4
-10
-15
-19
-22
-24
-25
-25
-25
-25
-24
-23
-22
-21
-21
-20
-19
-17
-16
-14
-11
-8
-5
-1
1
4
6
7
7
5
3
0
-4
-10
-16
-23
-30
-37
-44
-51
-57
-63
-68
-72
-76
-78
-80
-80
-79
-77
-74
-69
-64
-59
-52
-45
-38
-31
-23
-17
-10
-5
0
4
7
10
13
15
17
20
22
25
28
32
36
41
46
51
57
64
70
76
82
87
92
95
97
97
96
92
87
80
71
62
50
38
26
13
0
-12
-24
-36
-46
-55
-63
-69
-73
-75
-75
-73
-70
-66
-61
-55
-49
-43
-37
-31
-26
-22
-18
-14
-12
-9
-7
-5
-3
-1
1
3
5
7
9
11
11
12
11
10
8
6
4
2
0
-1
-2
-3
-3
-2
-1
0
2
4
7
8
10
12
13
15
16
18
21
25
30
37
45
55
67
80
94
109
124
138
152
163
171
175
175
169
159
142
121
95
66
33
0
-33
-65
-95
-121
-143
-159
-170
-176
-176
-171
-162
-150
-135
-119
-103
-87
-72
-59
-47
-38
-30
-24
-19
-14
-9
-4
0
6
13
21
28
36
43
48
52
54
54
51
45
35
23
7
-12
-33
-57
-82
-107
-132
-155
-175
-190
-201
-206
-206
-199
-186
-168
-144
-118
-88
-56
-24
6
35
62
86
105
120
130
137
139
137
133
126
118
109
100
92
84
78
75
72
72
74
76
80
83
86
88
88
85
81
73
63
50
35
19
2
-15
-32
-48
-62
-74
-84
-91
-95
-95
-93
-88
-80
-71
-59
-47
-34
-22
-10
0
7
13
16
16
14
9
3
-4
-13
-22
-30
-37
-43
-46
-48
-47
-44
-39
-33
-26
-18
-10
-1
6
15
23
32
42
52
64
78
93
110
130
152
175
200
225
249
273
293
309
321
326
325
317
301
277
246
207
163
114
61
6
-49
