-38
-44
-50
-56
-62
-68
-72
-76
-78
-80
-79
-78
-75
-71
-67
-62
-57
-52
-47
-43
-38
-35
-31
-28
-25
-22
-19
-16
-13
-10
-7
-5
-3
-1
-1
-1
-2
-5
-8
-12
-16
-20
-25
-28
-32
-34
-36
-37
-36
-35
-33
-29
-25
-20
-15
-9
-4
1
6
11
15
20
24
29
34
41
48
58
69
81
94
108
122
134
145
153
157
157
152
142
127
107
83
56
26
-4
-34
-64
-91
-115
-136
-151
-162
-168
-169
-165
-158
-147
-134
-118
-101
-84
-66
-50
-35
-21
-10
-1
5
9
11
11
10
8
5
1
-1
-5
-9
-12
-16
-19
-22
-26
-30
-36
-42
-50
-60
-70
-82
-94
-106
-117
-126
-133
-136
-135
-130
-121
-108
-91
-72
-51
-29
-7
13
32
49
62
73
79
82
81
77
70
61
52
42
33
25
20
18
18
21
27
34
43
52
61
70
78
83
87
89
89
86
81
75
67
59
49
39
29
20
11
3
-3
-8
-12
-15
-17
-17
-16
-14
-11
-7
-2
3
9
14
20
26
31
35
39
41
42
42
40
37
32
26
19
11
1
-8
-19
-31
-42
-52
-63
-72
-79
-85
-90
-92
-92
-89
-85
-79
-70
-60
-49
-38
-26
-14
-4
4
12
17
20
20
19
15
10
3
-3
-11
-17
-23
-27
-28
-28
-25
-19
-12
-3
6
16
26
36
44
51
56
59
60
59
56
51
45
39
32
26
20
16
13
11
12
14
18
24
32
40
50
59
68
77
84
89
91
92
89
84
77
67
55
43
29
16
3
-7
-18
-27
-33
-38
-41
-41
-40
-37
-32
-26
-19
-12
-4
3
10
16
21
24
26
26
24
21
16
12
7
2
-1
-5
-7
-9
-9
-9
-8
-7
-7
-7
-8
-10
-13
-17
-23
-30
-37
-45
-53
-61
-68
-74
-79
-82
-84
-85
-84
-82
-79
-75
-70
-66
-62
-58
-54
-51
-48
-45
-42
-40
-37
-34
-30
-25
-20
-14
-6
1
9
18
28
37
46
54
61
66
70
73
73
72
69
64
58
51
43
34
26
18
10
4
0
-4
-6
-7
-8
-7
-5
-3
-1
1
5
8
11
13
15
17
18
19
19
18
17
16
15
13
12
11
9
7
5
3
0
-5
-11
-18
-27
-37
-47
-59
-70
-81
-91
-98
-103
-105
-104
-100
-92
-81
-68
-54
-38
-23
-8
4
15
22
27
29
29
26
21
16
10
5
2
0
0
3
8
15
24
34
46
58
71
83
94
105
114
121
127
130
132
130
127
122
114
105
95
84
72
59
47
35
24
13
4
-4
-11
-18
-23
-28
-31
-34
-35
-37
-37
-38
-38
-39
-39
-41
-42
-44
-46
-48
-49
-49
-49
-47
-44
-40
-33
-25
-16
-5
5
17
29
41
51
60
66
69
69
66
60
51
39
26
11
-4
-19
-35
-49
-63
-75
-86
-95
-103
-109
-113
-115
-115
-113
-109
-104
-97
-88
-77
-65
-51
-37
-22
-6
10
26
42
57
71
83
94
103
109
112
112
109
102
91
77
59
39
15
-9
-35
-62
-87
-111
-132
-150
-163
-172
-176
-175
-170
-160
-147
-132
-115
-97
-80
-63
-48
-34
-23
-14
-6
0
5
10
15
20
27
34
43
53
64
74
85
94
101
106
108
107
102
93
81
66
49
30
11
-7
-25
-41
-54
-64
-70
-72
-71
-67
-60
-52
-42
-32
-22
-14
-6
0
2
4
4
3
0
-2
-6
-9
-11
-13
-13
-12
-10
-8
-4
0
3
7
10
13
15
17
17
16
14
11
7
2
-1
-7
-12
-17
-21
-24
-26
-28
-28
-27
-25
-22
-19
-14
-10
-5
-1
3
7
11
14
18
21
23
26
28
31
34
37
40
45
49
54
60
65
71
76
81
85
88
91
93
94
95
94
92
90
86
80
74
66
58
48
38
27
17
6
-3
-12
-20
-27
-32
-35
-37
-37
-35
-32
-28
-24
-18
-13
-8
-4
0
2
4
5
6
6
6
6
6
7
8
11
14
18
23
28
34
39
43
47
48
48
46
42
35
27
17
6
-4
-14
-24
-31
-37
-40
-40
-37
-31
-22
-11
1
15
30
44
58
70
80
87
92
93
92
88
82
73
62
51
38
25
12
0
-12
-23
-33
-41
-48
-54
-59
-63
-66
-68
-70
-70
-70
-70
-68
-66
-63
-60
-55
-51
-45
-39
-33
-27
-20
-14
-8
-3
1
5
8
10
10
9
7
3
-1
-8
-16
-26
-36
-47
-58
-69
-79
-87
-94
-98
-98
-95
-89
-78
-64
-47
-27
-7
13
34
52
67
78
85
87
84
76
64
49
30
10
-10
-32
-52
-71
-87
-99
-108
-113
-113
-109
-102
-91
-77
-61
-43
-25
-6
11
28
43
57
67
74
79
80
77
72
64
54
42
29
15
0
-13
-27
-41
-53
-64
-74
-81
-87
-90
-92
-91
-88
-83
-76
-67
-57
-44
-30
-15
2
20
39
59
79
99
117
134
149
160
168
173
175
172
167
159
148
135
121
106
90
75
60
46
33
20
8
-2
-13
-24
-35
-47
-59
-71
-84
-96
-107
-117
-125
-132
-136
-137
-136
-132
-126
-117
-106
-94
-81
-67
-53
-39
-26
-15
-4
3
10
16
20
22
24
25
26
27
29
32
36
42
49
56
65
73
82
89
95
98
99
96
91
82
71
56
39
21
2
-17
-36
-54
-71
-86
-99
-109
-116
-120
-121
-119
-114
-107
-97
-85
-73
-60
-46
-33
-20
-8
1
10
18
24
29
33
36
38
40
41
41
42
42
43
44
45
47
48
50
52
54
55
56
56
56
54
52
48
44
38
32
25
17
9
0
-7
-14
-21
-26
-31
-34
-36
-36
-35
-34
-32
-30
-28
-26
-25
-24
-23
-23
-22
-22
-22
-21
-20
-19
-17
-14
-12
-8
-5
-1
2
5
8
10
12
13
14
14
13
13
12
11
10
8
7
7
6
5
4
3
3
2
1
0
-1
-2
-3
-4
-5
-6
-6
-6
-6
-6
-6
-6
-6
-7
-8
-10
-12
-14
-17
-20
-22
-24
-26
-27
-27
-26
-24
-21
-18
-13
-8
-2
3
9
15
20
24
27
28
29
28
26
23
20
17
14
12
10
10
11
14
17
22
28
34
41
48
55
61
66
70
74
76
77
77
76
75
73
71
70
68
68
68
68
69
70
72
73
74
74
72
70
65
59
51
41
30
17
4
-9
-23
-36
-48
-59
-69
-77
-83
-88
-92
-93
-94
-93
-91
-87
-83
-77
-71
-65
-58
-51
-44
-38
-32
-26
-21
-17
-13
-11
-9
-8
-8
-9
-10
-11
-12
-13
-14
-15
-17
-19
-21
-24
-29
-34
-40
-47
-53
-59
-63
-65
-66
-63
-57
-49
-38
-24
-9
6
22
39
54
67
78
86
92
94
93
90
84
76
66
55
44
33
22
11
2
-6
-13
-19
-25
-29
-33
-37
-40
-43
-46
-49
-51
-54
-56
-59
-61
-63
-65
-66
-69
-71
-73
-76
-79
-82
-85
-88
-90
-93
-94
-96
-96
-96
-95
-93
-90
-87
-83
-78
-73
-67
-60
-53
-46
-37
-28
-17
-5
7
22
38
55
74
93
112
130
148
163
176
186
193
196
195
191
183
172
158
141
123
104
85
66
47
29
12
-2
-16
-28
-38
-47
-55
-61
-66
-70
-72
-74
-75
-74
-73
-70
-66
-60
-53
-45
-36
-27
-18
-8
0
8
15
21
27
30
33
35
36
37
37
38
38
40
41
44
46
49
52
55
57
58
59
58
56
53
49
44
38
32
26
20
15
9
5
1
-1
-3
-4
-5
-5
-4
-4
-3
-2
-1
0
0
1
1
1
1
1
1
0
0
-2
-3
-5
-7
-10
-12
-13
-14
-14
-13
-10
-7
-3
0
5
10
15
20
24
27
29
30
30
28
26
23
19
15
11
8
5
4
3
2
3
3
4
5
5
4
3
0
-4
-9
-16
-25
-34
-44
-54
-64
-74
-82
-90
-96
-100
-102
-102
-100
-96
-90
-82
-73
-64
-53
-43
-33
-23
-15
-7
-1
3
6
9
10
11
11
12
12
12
12
13
13
14
15
17
18
19
21
22
23
24
24
23
22
20
17
13
9
3
-1
-7
-13
-19
-25
-29
-33
-36
-38
-39
-38
-36
-33
-29
-25
-20
-16
-11
-7
-4
-1
0
2
3
4
5
6
7
8
10
12
14
17
19
22
24
25
25
24
22
19
14
8
2
-4
-12
-19
-27
-34
-40
-46
-50
-54
-56
-58
-59
-58
-57
-55
-53
-50
-46
-41
-36
-31
-25
-18
-10
-1
8
19
31
44
57
71
84
96
107
116
123
127
128
126
121
114
104
92
79
65
50
35
22
9
-1
-9
-16
-20
-21
-20
-18
-13
-7
0
7
15
22
28
33
36
37
35
32
26
17
7
-4
-17
-31
-46
-60
-74
-87
-99
-108
-117
-123
-128
-131
-132
-132
-131
-129
-125
-120
-113
-106
-97
-87
-76
-64
-52
-39
-26
-13
0
11
23
34
44
53
60
65
69
71
72
72
70
68
65
62
59
56
54
52
51
50
50
50
51
51
52
51
50
48
45
40
33
25
16
5
-6
-18
-31
-45
-58
-71
-83
-95
-105
-114
-121
-127
-130
-131
-129
-125
-118
-108
-96
-82
-66
-49
-31
-14
3
19
33
46
57
66
72
77
80
81
80
79
76
72
68
62
56
48
40
30
19
7
-5
-20
-35
-52
-68
-85
-101
-115
-127
-136
-142
-143
-140
-132
-119
-101
-79
-53
-24
7
39
70
101
129
153
172
187
196
199
196
187
173
154
131
106
79
51
24
-2
-27
-50
-70
-87
-100
-109
-115
-116
-113
-106
-96
-82
-65
-45
-24
-2
19
40
60
78
93
104
113
118
119
117
112
105
95
83
70
57
43
28
15
1
-10
-21
-30
-38
-44
-49
-51
-51
-48
-43
-37
-28
-17
-4
8
22
37
51
64
76
87
95
101
105
105
102
97
88
77
63
47
29
10
-10
-31
-53
-74
-94
-113
-131
-146
-158
-168
-176
-180
-181
-179
-173
-165
-154
-139
-123
-103
-82
-60
-37
-14
8
30
51
69
85
97
107
114
117
117
114
109
101
91
80
68
55
42
29
17
5
-4
-12
-19
-24
-28
-30
-31
-31
-30
-28
-26
-25
-23
-22
-22
-22
-24
-26
-30
-35
-40
-46
-52
-58
-63
-67
-70
-70
-69
-65
-59
-51
-42
-31
-20
-9
0
9
16
21
23
23
20
16
10
3
-3
-9
-14
-17
-18
-16
-11
-4
5
16
28
41
52
62
70
76
77
76
71
63
53
40
26
11
-2
-16
-27
-36
-42
-44
-43
-37
-26
