207
107
-11
-146
-295
-454
-617
-777
-929
-1066
-1182
-1270
-1326
-1346
-1326
-1265
-1163
-1021
-840
-624
-377
-104
187
493
803
1111
1409
1686
1937
2151
2324
2449
2521
2538
2499
2404
2255
2057
1814
1533
1221
885
534
175
-183
-533
-869
-1183
-1472
-1729
-1952
-2139
-2287
-2397
-2468
-2502
-2498
-2460
-2389
-2288
-2160
-2007
-1833
-1641
-1435
-1219
-996
-770
-545
-325
-113
87
274
445
599
734
850
946
1022
1081
1122
1148
1159
1159
1149
1131
1107
1080
1051
1022
995
972
954
943
939
942
952
966
984
1002
1016
1024
1021
1006
976
930
867
789
697
595
487
376
267
163
70
-11
-78
-130
-167
-189
-198
-196
-185
-169
-150
-132
-115
-104
-101
-106
-122
-150
-190
-242
-306
-380
-462
-550
-641
-731
-816
-893
-959
-1010
-1045
-1061
-1060
-1042
-1008
-961
-902
-836
-763
-686
-608
-528
-448
-367
-285
-200
-111
-16
85
195
313
441
578
722
872
1024
1176
1323
1459
1580
1681
1756
1802
1814
1792
1733
1641
1517
1367
1195
1010
818
629
451
291
158
55
-11
-41
-35
5
76
171
282
403
523
635
730
801
842
847
815
744
633
485
304
95
-135
-383
-640
-899
-1156
-1404
-1640
-1860
-2061
-2242
-2402
-2540
-2658
-2755
-2832
-2890
-2930
-2952
-2957
-2945
-2917
-2871
-2809
-2728
-2628
-2507
-2366
-2202
-2018
-1812
-1587
-1345
-1089
-824
-552
-279
-9
255
510
753
982
1195
1389
1563
1716
1847
1953
2035
2091
2122
2127
2107
2066
2004
1925
1833
1731
1624
1517
1412
1313
1223
1145
1080
1027
987
958
937
923
911
900
886
867
841
807
766
716
659
596
527
453
374
290
201
105
1
-112
-237
-373
-520
-678
-845
-1018
-1194
-1368
-1535
-1689
-1825
-1936
-2017
-2064
-2072
-2038
-1961
-1840
-1678
-1478
-1244
-984
-705
-414
-122
163
434
683
905
1094
1250
1370
1456
1509
1533
1529
1500
1450
1379
1290
1183
1059
920
767
601
426
243
57
-127
-309
-483
-645
-794
-926
-1039
-1133
-1205
-1255
-1283
-1289
-1271
-1232
-1173
-1094
-999
-889
-769
-640
-507
-372
-241
-114
3
112
210
296
371
434
488
535
576
613
649
686
725
766
810
857
906
954
1001
1042
1076
1099
1111
1109
1093
1063
1019
964
900
831
759
689
622
561
508
463
426
396
372
352
334
316
297
275
250
221
189
153
114
73
31
-12
-57
-102
-147
-192
-237
-282
-325
-366
-404
-438
-467
-488
-501
-504
-497
-478
-449
-410
-362
-307
-248
-188
-130
-77
-32
3
27
38
37
24
0
-32
-70
-112
-153
-192
-224
-247
-258
-256
-240
-209
-163
-106
-40
31
102
170
228
271
295
296
273
223
148
48
-72
-210
-361
-519
-678
-833
-978
-1109
-1221
-1311
-1379
-1421
-1440
-1436
-1409
-1363
-1297
-1216
-1118
-1007
-882
-744
-593
-431
-259
-76
113
307
503
695
878
1047
1196
1319
1411
1469
1489
1469
1410
1313
1182
1019
832
626
407
182
-40
-257
-460
-645
-808
-945
-1053
-1131
-1176
-1190
-1172
-1124
-1047
-946
-823
-683
-532
-374
-215
-61
82
211
320
408
472
514
535
537
526
505
481
457
438
427
425
434
451
476
507
540
573
605
632
655
672
683
688
688
684
675
662
646
626
604
578
550
520
487
452
415
376
335
291
246
198
148
96
45
-6
-56
-104
-148
-187
-220
-247
-268
-282
-291
-294
-292
-287
-278
-266
-252
-235
-216
-195
-172
-148
-123
-100
-79
-63
-54
-51
-58
-73
-96
-127
-165
-207
-251
-295
-338
-376
-410
-438
-461
-479
-493
-506
-520
-538
-562
-594
-636
-687
-748
-816
-889
-963
-1035
-1098
-1149
-1183
-1196
-1185
-1148
-1086
-998
-888
-757
-611
-454
-292
-131
24
169
300
414
508
581
635
669
686
689
680
663
641
619
600
586
581
585
600
625
658
698
741
783
820
848
864
865
850
817
768
705
631
552
471
393
324
268
227
204
200
214
243
284
333
385
433
471
494
496
474
425
348
245
118
-28
-188
-353
-517
-671
-807
-919
-1002
-1052
-1068
-1049
-998
-920
-820
-707
-587
-470
-363
-272
-204
-161
-145
-156
-192
-248
-320
-400
-481
-557
-622
-668
-693
-691
-663
-607
-525
-420
-296
-157
-8
145
299
448
588
717
832
930
1010
1072
1116
1142
1151
1143
1120
1083
1033
973
903
825
742
654
564
474
384
296
210
127
48
-27
-97
-163
-222
-274
-317
-352
-377
-392
-398
-395
-387
-374
-360
-347
-338
-335
-340
-353
-374
-402
-435
-470
-505
-535
-557
-567
-563
-542
-502
-442
-362
-265
-152
-26
107
244
379
508
626
727
808
866
900
908
890
850
788
710
619
521
422
325
237
163
105
68
55
66
101
160
240
338
450
568
689
804
908
995
1060
1097
1103
1077
1018
926
804
654
482
292
90
-117
-324
-525
-715
-888
-1040
-1168
-1270
-1346
-1395
-1419
-1421
-1405
-1374
-1333
-1287
-1239
-1194
-1155
-1124
-1102
-1089
-1084
-1087
-1096
-1109
-1125
-1142
-1161
-1181
-1201
-1223
-1247
-1273
-1301
-1331
-1363
-1394
-1421
-1442
-1453
-1449
-1425
-1376
-1299
-1188
-1042
-858
-638
-382
-95
217
548
889
1231
1564
1877
2163
2413
2621
2784
2899
2967
2987
2964
2901
2804
2676
2524
2352
2166
1970
1769
1566
1364
1166
974
788
611
442
281
128
-17
-155
-286
-409
-526
-636
-738
-833
-921
-1001
-1073
-1139
-1197
-1249
-1294
-1331
-1361
-1383
-1395
-1397
-1388
-1368
-1335
-1291
-1235
-1168
-1091
-1005
-913
-814
-712
-608
-504
-402
-303
-209
-123
-45
22
79
123
155
174
181
177
164
143
117
89
61
36
17
7
6
17
40
75
123
181
248
321
398
476
552
621
683
733
770
792
799
791
769
735
692
643
591
541
496
460
435
424
428
448
484
533
594
664
738
812
882
942
989
1019
1029
1017
983
927
850
754
643
519
386
248
110
-24
-153
-270
-374
-461
-528
-574
-596
-594
-568
-519
-448
-359
-255
-141
-21
97
211
313
399
466
509
528
520
488
433
358
266
162
49
-66
-182
-295
-401
-499
-588
-666
-733
-791
-840
-881
-914
-941
-964
-982
-998
-1012
-1025
-1036
-1048
-1059
-1069
-1078
-1084
-1086
-1082
-1069
-1046
-1010
-959
-893
-810
-711
-598
-472
-337
-197
-56
80
208
323
421
500
557
592
607
602
583
552
514
475
440
412
395
392
404
430
468
517
572
629
685
734
774
802
817
817
804
777
739
691
637
577
514
449
382
315
246
176
104
30
-46
-124
-205
-286
-367
-448
-526
-601
-672
-738
-798
-852
-898
-936
-965
-984
-993
-990
-975
-948
-907
-855
-790
-715
-632
-542
-449
-354
-262
-174
-93
-22
38
87
124
151
168
178
185
190
196
208
226
253
288
331
381
436
493
549
601
646
682
706
718
717
703
675
634
580
515
440
354
261
162
60
-43
-144
-240
-327
-402
-463
-507
-533
-541
-531
-505
-467
-419
-366
-312
-262
-220
-190
-172
-169
-180
-202
-234
-271
-307
-339
-362
-371
-364
-340
-299
-244
-178
-107
-34
32
89
131
156
162
149
119
74
19
-41
-103
-161
-210
-248
-268
-270
-251
-210
-145
-59
48
176
319
477
643
815
987
1155
1315
1462
1594
1706
1798
1869
1919
1947
1957
1948
1922
1881
1825
1753
1664
1557
1430
1280
1104
901
671
415
134
-166
-481
-801
-1117
-1421
-1702
-1951
-2159
-2322
-2433
-2493
-2500
-2459
-2373
-2250
-2096
-1920
-1730
-1532
-1333
-1139
-951
-773
-606
-449
-301
-162
-30
95
215
329
434
530
613
681
732
762
770
756
719
664
592
507
416
323
234
153
85
32
-4
-26
-32
-27
-14
2
20
34
41
39
26
3
-29
-69
-113
-158
-199
-233
-256
-265
-257
-230
-185
-122
-44
47
147
253
358
460
554
636
706
760
799
824
835
834
824
806
783
758
730
703
675
647
618
586
550
506
454
391
315
227
126
16
-101
-221
-339
-449
-546
-625
-683
-718
-729
-719
-690
-648
-599
-551
-508
-479
-466
-473
-501
-548
-611
-683
-758
-829
-887
-927
-942
-931
-891
-826
-738
-636
-526
-416
-316
-234
-174
-142
-139
-163
-211
-277
-355
-436
-511
-574
-617
-636
-628
-593
-531
-447
-347
-237
-125
-18
75
150
200
222
212
172
100
1
-119
-258
-406
-555
-697
-823
-925
-996
-1030
-1022
-971
-876
-739
-563
-354
-118
136
403
673
939
1194
1432
1647
1836
1997
2127
2227
2296
2336
2349
2335
2297
2237
2157
2059
1943
1812
1667
1510
1343
1168
987
803
619
439
266
103
-46
-183
-304
-408
-497
-572
-633
-684
-726
-762
-794
-824
-852
-881
-909
-936
-961
-984
-1002
-1014
-1020
-1018
-1006
-985
-954
-914
-865
-809
-748
-684
-620
-558
-502
-453
-413
-384
-366
-358
-359
-365
-375
-384
-390
-388
-377
-354
-319
-272
-214
-148
-76
-4
66
130
186
229
258
273
275
265
247
224
200
180
168
167
180
208
251
307
373
446
520
591
653
701
734
748
744
723
690
649
606
568
541
530
539
570
624
697
786
886
989
1088
1176
1246
1292
1308
1292
1243
1161
1047
907
744
566
379
190
4
-173
-338
-488
-622
-740
-842
-932
-1008
-1075
-1131
-1178
-1216
-1243
-1259
-1263
-1255
-1235
-1204
-1164
-1117
-1064
-1007
-949
-888
-827
-764
-698
-628
-554
-475
-390
-300
-207
-113
-19
70
156
233
302
361
409
447
475
493
504
508
507
503
497
491
484
478
470
461
448
428
397
352
290
208
105
-18
-162
-321
-492
-667
-840
-1004
-1151
-1274
-1368
-1429
-1454
-1442
-1394
-1311
-1196
-1052
-885
-698
-497
-288
-74
137
343
536
714
870
1001
1104
1175
1212
1214
1181
1114
1015
887
733
560
372
177
-19
-210
-388
-548
-685
-793
-870
-915
-926
-906
-855
-779
-681
-567
-441
-309
-177
-50
67
173
264
337
394
434
459
473
478
479
478
480
486
499
518
545
575
609
641
669
691
702
701
687
659
617
564
502
432
359
284
212
144
82
27
-18
-56
-87
-112
-132
-151
-169
-188
-210
-236
-266
-302
-343
-388
-436
-488
-540
-594
-647
-698
-746
-791
-831
-867
-896
-920
-938
-948
-951
-945
-931
-908
-876
-835
-785
-727
-662
-590
-512
-428
-340
-248
-151
-50
54
163
277
396
517
642
768
895
1018
1138
1250
1352
1442
1517
1575
1614
1634
1634
1613
1572
1512
1433
1337
1224
1096
954
799
635
462
283
102
-77
-251
-415
-564
-694
-800
-880
-930
-951
-940
-901
-836
-747
-638
-515
-383
-245
-107
25
151
264
362
443
505
547
569
571
554
519
468
404
328
243
151
55
-41
-138
-231
-319
-398
-468
-527
-572
-603
-619
-620
-607
-580
-540
-491
-434
-372
-308
-246
-187
-134
-89
-53
-26
-7
4
13
20
29
43
64
95
135
187
249
321
400
485
574
664
752
837
916
988
1051
1103
1143
1169
1180
1176
1156
1118
1063
991
902
797
677
544
399
246
85
-80
-247
-414
-578
-737
-890
-1033
-1165
-1284
-1389
-1477
-1546
-1595
-1620
-1620
-1594
-1539
-1456
-1345
-1207
-1045
-863
-664
-456
-244
-37
159
336
488
608
693
737
741
705
630
520
382
220
42
