-51
-49
-45
-39
-32
-23
-14
-4
4
14
24
34
44
53
62
70
78
86
92
97
100
101
101
97
92
84
73
61
46
30
12
-6
-26
-46
-66
-85
-103
-119
-133
-144
-152
-156
-156
-152
-144
-132
-117
-98
-78
-55
-33
-10
10
29
47
62
74
83
89
92
93
92
89
85
79
73
65
57
49
39
28
15
0
-17
-38
-61
-87
-116
-146
-176
-206
-235
-260
-281
-297
-307
-310
-305
-294
-277
-253
-224
-191
-156
-118
-79
-41
-4
29
61
89
113
133
149
160
168
172
174
173
170
167
162
158
155
152
150
149
148
149
151
153
155
158
160
161
160
159
156
151
144
136
125
112
97
81
62
42
21
0
-21
-43
-64
-83
-100
-114
-124
-131
-133
-130
-124
-113
-99
-83
-65
-47
-29
-12
1
14
23
30
35
37
38
38
37
35
33
32
30
28
26
24
22
19
15
11
6
1
-4
-10
-15
-20
-25
-28
-29
-28
-25
-20
-12
-2
10
24
40
57
74
90
106
119
129
136
140
139
133
124
110
93
74
52
29
6
-16
-38
-59
-78
-95
-109
-120
-129
-135
-139
-141
-140
-139
-135
-131
-125
-119
-112
-105
-96
-88
-79
-69
-60
-50
-40
-31
-22
-13
-5
1
7
12
17
20
22
23
23
22
19
17
13
10
6
2
0
-3
-7
-10
-14
-18
-23
-29
-36
-44
-53
-62
-71
-79
-86
-90
-92
-90
-85
-75
-61
-43
-21
4
32
62
92
122
150
175
197
215
228
236
240
239
233
224
210
194
176
155
134
112
89
67
45
24
4
-15
-34
-53
-71
-87
-103
-117
-130
-141
-149
-156
-160
-162
-162
-160
-156
-151
-144
-138
-131
-124
-118
-113
-108
-106
-104
-104
-104
-106
-108
-109
-111
-111
-109
-106
-101
-95
-87
-77
-67
-57
-46
-36
-26
-17
-9
-2
3
8
13
16
20
23
27
30
33
37
40
44
48
51
54
56
57
57
57
56
55
53
52
52
52
54
57
62
69
76
85
94
104
113
120
126
129
129
126
120
111
99
85
69
53
37
22
9
-1
-8
-13
-13
-11
-5
2
12
24
36
47
58
67
75
80
84
86
85
83
80
75
70
64
58
51
44
37
29
21
13
5
-4
-13
-23
-32
-42
-51
-60
-68
-75
-81
-85
-88
-89
-89
-87
-83
-78
-71
-63
-54
-45
-35
-25
-16
-7
1
8
13
17
19
19
17
13
7
0
-10
-20
-31
-41
-50
-57
-62
-63
-61
-55
-45
-31
-14
5
26
49
71
92
110
126
137
144
146
144
137
126
111
93
72
49
25
0
-25
-51
-76
-100
-122
-143
-162
-179
-195
-208
-220
-229
-236
-241
-243
-243
-239
-232
-222
-209
-193
-175
-155
-133
-109
-85
-60
-36
-11
11
33
54
72
88
101
111
118
121
122
119
114
107
99
89
80
71
62
55
50
47
47
49
53
59
68
77
88
99
109
118
125
130
133
132
130
124
116
107
96
84
72
60
48
36
26
16
7
0
-6
-11
-15
-18
-20
-21
-20
-19
-18
-17
-15
-15
-15
-16
-19
-23
-29
-35
-43
-52
-61
-71
-80
-89
-97
-104
-110
-115
-120
-122
-124
-125
-124
-123
-120
-116
-112
-106
-101
-94
-87
-80
-72
-64
-54
-45
-34
-23
-12
-1
9
20
30
39
48
56
63
69
74
77
80
82
83
83
83
81
80
78
76
75
74
74
75
77
78
81
83
84
86
86
85
83
79
74
68
61
54
47
40
34
30
27
25
27
30
35
42
50
59
68
77
83
87
88
85
79
69
55
37
17
-4
-27
-50
-71
-91
-108
-121
-131
-137
-139
-137
-133
-125
-115
-104
-90
-76
-60
-44
-27
-11
4
20
34
47
58
67
74
79
81
80
77
72
64
54
43
29
14
0
-15
-30
-44
-57
-67
-75
-80
-82
-81
-78
-73
-67
-59
-50
-41
-33
-24
-17
-10
-5
-1
0
1
0
-1
-4
-7
-11
-15
-19
-21
-23
-23
-21
-18
-14
-8
-2
5
13
22
31
40
49
57
64
70
75
79
80
80
78
73
67
59
48
37
24
11
-2
-15
-29
-42
-53
-64
-73
-80
-85
-89
-91
-91
-89
-85
-80
-75
-68
-60
-53
-45
-37
-30
-23
-16
-10
-5
0
5
9
13
17
21
24
27
29
30
31
31
30
29
28
26
23
20
17
13
9
4
0
-3
-7
-10
-13
-15
-16
-16
-16
-15
-13
-10
-7
-4
0
2
6
9
11
12
12
10
8
5
1
-2
-5
-7
-8
-7
-5
0
5
12
20
29
37
44
49
53
54
54
50
45
38
30
21
11
3
-4
-11
-16
-20
-22
-22
-21
-18
-15
-11
-6
-2
2
7
11
15
19
22
25
28
31
34
37
41
44
48
51
53
54
53
51
46
38
28
15
0
-18
-38
-60
-83
-108
-132
-156
-178
-199
-218
-233
-246
-254
-258
-258
-254
-245
-232
-214
-192
-165
-135
-102
-66
-29
9
48
86
121
153
181
204
221
231
236
235
228
215
198
178
155
130
104
78
54
31
11
-5
-18
-27
-32
-33
-31
-24
-15
-4
8
22
36
50
62
73
82
89
93
95
95
93
89
83
77
69
61
52
43
34
25
15
5
-3
-12
-21
-29
-37
-43
-48
-51
-53
-53
-52
-49
-44
-38
-31
-24
-15
-6
2
11
19
27
34
40
46
50
53
55
55
53
48
41
32
20
4
-13
-34
-56
-80
-105
-129
-152
-172
-189
-202
-209
-210
-205
-194
-177
-155
-127
-96
-63
-28
6
39
70
96
118
134
144
148
145
137
124
108
88
67
45
24
5
-11
-25
-36
-43
-47
-47
-44
-39
-32
-24
-16
-8
-1
3
8
10
11
10
8
4
-1
-6
-13
-19
-25
-30
-34
-37
-38
-37
-34
-30
-23
-16
-6
3
14
25
37
49
60
71
80
89
96
103
108
111
114
114
113
110
104
97
87
76
62
46
29
12
-5
-22
-38
-52
-64
-74
-80
-82
-82
-78
-71
-62
-51
-39
-27
-15
-4
3
10
15
16
16
13
8
1
-6
-15
-24
-34
-43
-52
-59
-65
-69
-72
-73
-71
-68
-63
-56
-48
-40
-31
-22
-13
-5
1
8
13
18
21
24
25
25
25
24
21
18
14
10
5
0
-5
-10
-14
-18
-20
-20
-19
-15
-8
0
10
23
37
52
67
81
93
103
109
111
109
103
93
79
62
42
21
-1
-25
-48
-71
-91
-110
-126
-138
-146
-151
-150
-146
-137
-123
-105
-83
-58
-30
0
29
60
90
118
142
161
176
184
186
181
171
154
133
109
81
53
25
-2
-26
-47
-64
-77
-84
-87
-86
-80
-71
-60
-47
-33
-20
-7
4
13
20
25
28
28
27
25
21
18
14
11
8
7
7
9
12
17
23
30
39
48
57
67
76
85
94
101
106
110
110
109
104
97
87
75
61
46
31
15
0
-16
-31
-45
-59
-71
-83
-94
-104
-113
-120
-125
-129
-129
-127
-122
-114
-103
-89
-72
-53
-33
-12
7
26
41
53
60
61
56
45
27
4
-22
-53
-85
-119
-151
-181
-207
-229
-244
-253
-256
-251
-239
-221
-198
-169
-137
-104
-69
-35
-4
23
46
64
76
82
82
77
68
56
41
26
12
0
-9
-16
-19
-17
-11
-1
13
30
51
74
98
122
146
168
188
205
218
227
231
231
226
216
202
184
164
141
116
91
66
42
19
-1
-20
-37
-52
-65
-76
-87
-97
-108
-119
-130
-141
-153
-165
-175
-185
-193
-198
-200
-199
-193
-183
-168
-149
-126
-100
-71
-40
-9
20
48
73
93
110
121
127
127
123
115
104
90
75
60
46
34
24
17
13
12
15
20
28
36
46
56
65
72
78
81
81
79
72
63
50
35
17
-2
-23
-45
-67
-88
-107
-124
-138
-149
-156
-159
-159
-155
-148
-138
-126
-112
-96
-79
-62
-44
-25
-7
10
28
45
62
77
90
101
110
115
117
116
111
102
89
73
55
35
14
-6
-26
-44
-60
-71
-79
-81
-78
-69
-56
-38
-16
8
35
63
90
117
141
163
181
196
206
213
215
214
210
203
193
182
169
157
144
131
119
107
96
86
75
65
54
43
31
18
4
-9
-23
-38
-52
-65
-78
-88
-97
-103
-108
-109
-109
-106
-102
-95
-87
-79
-70
-60
-52
-44
-37
-33
-30
-30
-31
-34
-38
-44
-50
-55
-61
-65
-69
-71
-73
-73
-72
-71
-70
-70
-70
-72
-75
-80
-87
-95
-105
-115
-125
-134
-142
-147
-148
-145
-138
-125
-108
-86
-61
-31
0
33
66
99
130
157
181
201
215
224
228
226
219
208
193
175
155
133
111
90
69
51
34
20
8
0
-7
-12
-15
-17
-18
-18
-18
-19
-19
-20
-22
-25
-29
-34
-41
-49
-58
-68
-78
-89
-98
-107
-115
-121
-125
-126
-125
-120
-113
-104
-92
-77
-61
-43
-25
-6
11
28
44
58
70
79
85
89
90
88
84
77
68
57
44
29
13
-4
-23
-43
-64
-85
-105
-124
-141
-156
-167
-174
-176
-173
-164
-149
-130
-105
-76
-44
-10
24
59
91
120
145
163
176
182
180
173
159
139
115
88
59
29
0
-28
-53
-76
-95
-109
-120
-125
-127
-124
-117
-107
-94
-79
-62
-44
-26
-8
7
23
36
48
58
67
75
82
89
95
102
109
116
124
131
138
144
148
151
151
147
141
131
118
102
83
63
41
19
-1
-20
-37
-51
-62
-69
-73
-75
-74
-71
-67
-62
-56
-51
-47
-44
-42
-41
-41
-42
-44
-46
-49
-52
-55
-58
-60
-62
-63
-64
-64
-65
-65
-66
-66
-67
-68
-68
-68
-68
-66
-64
-60
-55
-47
-38
-27
-14
0
14
29
43
57
68
77
83
87
87
85
81
75
67
59
51
44
38
33
30
29
31
34
39
46
53
62
70
78
85
91
95
98
99
98
97
94
91
87
82
78
74
69
65
60
56
50
44
37
30
21
12
2
-8
-20
-33
-46
-59
-72
-84
-96
-108
-118
-127
-135
-140
-144
-146
-146
-143
-138
-131
-122
-112
-100
-88
-75
-62
-49
-37
-26
-15
-6
1
8
14
19
22
25
27
28
29
29
29
29
28
27
26
23
20
16
11
6
1
-2
-5
-7
-7
-4
0
8
18
29
42
55
67
79
89
97
102
103
102
96
88
76
61
45
27
9
-8
-24
-39
-51
-61
-68
-73
-75
-74
-71
-67
-60
-52
-43
-33
-21
-9
2
14
25
34
42
47
49
48
45
38
29
17
5
-7
-20
-32
-43
-52
-59
-64
-66
-66
-64
-60
-55
-49
