800
800
800
801
801
801
801
801
801
801
801
801
801
801
801
801
801
802
802
802
802
802
802
802
802
802
802
802
802
802
802
802
803
803
803
803
803
803
803
803
803
803
803
803
803
803
803
804
804
804
804
804
804
804
804
804
804
804
804
804
804
804
805
805
805
805
805
805
805
805
805
805
805
805
805
805
805
806
806
806
806
806
806
806
806
806
806
806
806
806
806
806
807
807
807
807
807
807
807
807
807
807
807
807
807
807
807
807
808
808
808
808
808
808
808
808
808
808
808
808
808
808
808
808
809
809
809
809
809
809
809
809
809
809
809
809
809
809
809
809
810
810
810
810
810
810
810
810
810
810
810
810
810
810
810
810
811
811
811
811
811
811
811
811
811
811
811
811
811
811
811
811
811
812
812
812
812
812
812
812
812
812
812
812
812
812
812
812
812
812
813
813
813
813
813
813
813
813
813
813
813
813
813
813
813
813
813
814
814
814
814
814
814
814
814
814
814
814
814
814
814
814
814
814
815
815
815
815
815
815
815
815
815
815
815
815
815
815
815
815
815
815
816
816
816
816
816
816
816
816
816
816
816
816
816
816
816
816
816
816
817
817
817
817
817
817
817
817
817
817
817
817
817
817
817
817
817
817
818
818
818
818
818
818
818
818
818
818
818
818
818
818
818
818
818
818
818
819
819
819
819
819
819
819
819
819
819
819
819
819
819
819
819
819
819
819
820
820
820
820
820
820
820
820
820
820
820
820
820
820
820
820
820
820
820
820
821
821
821
821
821
821
821
821
821
821
821
821
821
821
821
821
821
821
821
821
822
822
822
822
822
822
822
822
822
822
822
822
822
822
822
822
822
822
822
822
822
823
823
823
823
823
823
823
823
823
823
823
823
823
823
823
823
823
823
823
823
823
824
824
824
824
824
824
824
824
824
824
824
824
824
824
824
824
824
824
824
824
824
825
825
825
825
825
825
825
825
825
825
825
825
825
825
825
825
825
825
825
825
825
825
825
826
826
826
826
826
826
826
826
826
826
826
826
826
826
826
826
826
826
826
826
826
826
827
827
827
827
827
827
827
827
827
827
827
827
827
827
827
827
827
827
827
827
827
827
827
827
828
828
828
828
828
828
828
828
828
828
828
828
828
828
828
828
828
828
828
828
828
828
828
828
828
829
829
829
829
829
829
829
829
829
829
829
829
829
829
829
829
829
829
829
829
829
829
829
829
829
830
830
830
830
830
830
830
830
830
830
830
830
830
830
830
830
830
830
830
830
830
830
830
830
830
830
831
831
831
831
831
831
831
831
831
831
831
831
831
831
831
831
831
831
831
831
831
831
831
831
831
831
831
831
832
832
832
832
832
832
832
832
832
832
832
832
832
832
832
832
832
832
832
832
832
832
832
832
832
832
832
832
832
833
833
833
833
833
833
833
833
833
833
833
833
833
833
833
833
833
833
833
833
833
833
833
833
833
833
833
833
833
833
833
834
834
834
834
834
834
834
834
834
834
834
834
834
834
834
834
834
834
834
834
834
834
834
834
834
834
834
834
834
834
834
834
835
835
835
835
835
835
835
835
835
835
835
835
835
835
835
835
835
835
835
835
835
835
835
835
835
835
835
835
835
835
835
835
835
835
835
836
836
836
836
836
836
836
836
836
836
836
836
836
836
836
836
836
836
836
836
836
836
836
836
836
836
836
836
836
836
836
836
836
836
836
836
836
836
837
837
837
837
837
837
837
837
837
837
837
837
837
837
837
837
837
837
837
837
837
837
837
837
837
837
837
837
837
837
837
837
837
837
837
837
837
837
837
837
837
837
837
838
838
838
838
838
838
838
838
838
838
838
838
838
838
838
838
838
838
838
838
838
838
838
838
838
838
838
838
838
838
838
838
838
838
838
838
838
838
838
838
838
838
838
838
838
838
838
838
839
839
839
839
839
839
839
839
839
839
839
839
839
839
839
839
839
839
839
839
839
839
839
839
839
839
839
839
839
839
839
839
839
839
839
839
839
839
839
839
839
839
839
839
839
839
839
839
839
839
839
839
839
839
839
839
839
839
839
839
840
840
840
840
840
840
840
840
840
840
840
840
840
840
840
840
840
840
840
840
840
840
840
840
840
840
840
840
840
840
840
840
840
840
840
840
840
840
840
840
840
840
840
840
840
840
840
840
840
840
840
840
840
840
840
840
840
840
840
840
840
840
840
840
840
840
840
840
840
840
840
840
840
840
840
840
840
840
840
840
840
840
840
841
841
841
841
841
841
841
841
841
841
841
841
841
841
841
841
841
841
841
841
841
841
841
841
841
841
841
841
841
841
841
841
841
841
841
841
841
841
841
841
841
841
841
841
841
841
841
841
841
841
841
841
841
841
841
841
841
841
841
841
841
841
841
841
841
841
841
841
841
841
841
841
841
841
841
841
841
841
841
841
841
841
841
841
841
841
841
841
841
841
841
841
841
841
841
841
841
841
841
841
841
841
841
841
841
841
841
841
841
841
841
841
841
841
841
841
841
841
841
841
841
841
841
841
841
841
841
841
841
841
841
841
841
841
841
841
841
841
841
841
841
841
841
841
841
841
841
841
841
841
841
841
841
841
841
841
841
841
841
841
841
841
841
841
841
841
841
841
841
841
841
841
841
841
841
841
841
841
841
841
841
841
841
841
841
841
841
841
841
841
841
841
841
841
841
841
841
841
841
841
841
841
841
841
841
841
841
841
841
841
841
841
841
841
841
841
841
841
841
841
841
841
841
841
841
841
841
841
841
841
841
841
841
841
841
841
841
841
841
841
840
840
840
840
840
840
840
840
840
840
840
840
840
840
840
840
840
840
840
840
840
840
840
840
840
840
840
840
840
840
840
840
840
840
840
840
840
840
840
840
840
840
840
840
840
840
840
840
840
840
840
840
840
840
840
840
840
840
840
840
840
840
840
840
840
840
840
840
840
840
840
840
840
840
840
840
840
840
840
840
839
839
839
839
839
839
839
839
839
839
839
839
839
839
839
839
839
839
839
839
839
839
839
839
839
839
839
839
839
839
839
839
839
839
839
839
839
839
839
839
839
839
839
839
839
839
839
839
839
839
839
839
839
839
839
838
838
838
838
838
838
838
838
838
838
838
838
838
838
838
838
838
838
838
838
838
838
838
838
838
838
838
838
838
838
838
838
838
838
838
838
838
838
838
838
838
838
838
838
838
837
837
837
837
837
837
837
837
837
837
837
837
837
837
837
837
837
837
837
837
837
837
837
837
837
837
837
837
837
837
837
837
837
837
837
837
837
837
836
836
836
836
836
836
836
836
836
836
836
836
836
836
836
836
836
836
836
836
836
836
836
836
836
836
836
836
836
836
836
836
836
836
836
835
835
835
835
835
835
835
835
835
835
835
835
835
835
835
835
835
835
835
835
835
835
835
835
835
835
835
835
835
835
835
834
834
834
834
834
834
834
834
834
834
834
834
834
834
834
834
834
834
834
834
834
834
834
834
834
834
834
834
834
833
833
833
833
833
833
833
833
833
833
833
833
833
833
833
833
833
833
833
833
833
833
833
833
833
833
833
832
832
832
832
832
832
832
832
832
832
832
832
832
832
832
832
832
832
832
832
832
832
832
832
832
831
831
831
831
831
831
831
831
831
831
831
831
831
831
831
831
831
831
831
831
831
831
831
831
830
830
830
830
830
830
830
830
830
830
830
830
830
830
830
830
830
830
830
830
830
830
830
829
829
829
829
829
829
829
829
829
829
829
829
829
829
829
829
829
829
829
829
829
828
828
828
828
828
828
828
828
828
828
828
828
828
828
828
828
828
828
828
828
828
827
827
827
827
827
827
827
827
827
827
827
827
827
827
827
827
827
827
827
827
826
826
826
826
826
826
826
826
826
826
826
826
826
826
826
826
826
826
826
826
825
825
825
825
825
825
825
825
825
825
825
825
825
825
825
825
825
825
824
824
824
824
824
824
824
824
824
824
824
824
824
824
824
824
824
824
823
823
823
823
823
823
823
823
823
823
823
823
823
823
823
823
823
823
822
822
822
822
822
822
822
822
822
822
822
822
822
822
822
822
822
821
821
821
821
821
821
821
821
821
821
821
821
821
821
821
821
820
820
820
820
820
820
820
820
820
820
820
820
820
820
820
820
819
819
819
819
819
819
819
819
819
819
819
819
819
819
819
819
818
818
818
818
818
818
818
818
818
818
818
818
818
818
818
818
817
817
817
817
817
817
817
817
817
817
817
817
817
817
817
816
816
816
816
816
816
816
816
816
816
816
816
816
816
815
815
815
815
815
815
815
815
815
815
815
815
815
815
815
814
814
814
814
814
814
814
814
814
814
814
814
814
814
813
813
813
813
813
813
813
813
813
813
813
813
813
813
812
812
812
812
812
812
812
812
812
812
812
812
812
811
811
811
811
811
811
811
811
811
811
811
811
811
811
810
810
810
810
810
810
810
810
810
810
810
810
810
809
809
809
809
809
809
809
809
809
809
809
809
809
808
808
808
808
808
808
808
808
808
808
808
808
807
807
807
