-200
-226
-248
-269
-289
-309
-327
-344
-360
-373
-382
-387
-387
-381
-368
-348
-322
-290
-252
-210
-165
-120
-75
-32
5
38
64
82
91
92
85
71
51
26
0
-26
-50
-70
-84
-90
-87
-75
-54
-24
12
54
99
145
190
229
262
284
295
293
277
248
206
153
91
24
-43
-109
-170
-221
-260
-285
-296
-291
-272
-242
-201
-154
-104
-53
-6
35
70
95
111
118
115
106
90
72
52
33
16
4
-2
-4
-1
6
17
29
42
53
62
68
71
69
65
59
53
46
41
40
41
47
57
70
86
105
124
141
156
167
173
172
164
148
126
96
61
21
-22
-67
-112
-155
-196
-233
-265
-291
-310
-323
-328
-326
-317
-301
-279
-251
-218
-180
-140
-98
-55
-14
25
61
93
120
141
155
164
167
164
155
142
125
104
81
55
29
2
-24
-50
-74
-96
-114
-129
-140
-147
-150
-149
-144
-136
-125
-112
-97
-82
-65
-49
-33
-19
-6
4
13
20
23
24
22
17
11
3
-4
-11
-17
-20
-19
-14
-3
13
35
62
93
127
162
197
230
259
282
299
307
306
297
278
251
215
174
128
78
28
-21
-68
-112
-150
-181
-205
-222
-230
-230
-223
-209
-189
-164
-134
-102
-69
-35
-3
26
54
77
96
109
117
119
116
108
96
81
63
44
25
6
-9
-24
-36
-45
-51
-53
-53
-50
-44
-37
-29
-20
-11
-3
4
10
15
17
19
19
17
15
14
12
12
13
17
23
32
44
59
76
96
117
139
161
182
200
215
226
232
232
228
219
205
188
169
148
127
106
87
70
56
44
34
26
18
10
1
-9
-24
-42
-64
-88
-116
-144
-173
-199
-222
-240
-251
-255
-250
-236
-214
-184
-147
-105
-60
-13
34
80
122
160
192
218
236
248
251
248
238
221
199
171
137
100
59
14
-33
-83
-135
-187
-240
-291
-339
-384
-425
-461
-491
-515
-533
-547
-558
-565
-571
-576
-581
-588
-595
-605
-615
-625
-635
-642
-646
-643
-632
-612
-580
-535
-476
-402
-314
-213
-100
20
148
279
410
536
655
763
857
935
995
1037
1060
1065
1052
1025
984
933
874
810
745
679
616
556
500
449
401
356
312
266
218
166
108
44
-25
-100
-179
-259
-337
-410
-475
-528
-566
-588
-592
-578
-546
-499
-438
-366
-288
-206
-125
-48
20
79
126
159
178
182
174
155
126
91
52
12
-27
-63
-95
-121
-142
-156
-165
-170
-171
-169
-166
-162
-159
-157
-156
-156
-158
-161
-164
-166
-168
-166
-162
-154
-141
-125
-104
-81
-56
-30
-5
17
37
53
64
72
75
76
74
71
68
65
63
62
61
60
57
52
42
27
6
-20
-54
-93
-136
-182
-227
-268
-302
-327
-339
-336
-317
-281
-228
-159
-77
16
117
221
325
424
515
594
658
705
735
745
738
712
671
617
551
477
398
317
238
162
94
35
-12
-47
-70
-80
-79
-67
-47
-21
6
35
62
83
96
100
94
76
47
8
-41
-99
-163
-232
-303
-373
-442
-506
-564
-614
-655
-685
-704
-712
-708
-693
-666
-630
-584
-529
-468
-402
-331
-257
-183
-108
-35
35
101
163
218
267
310
345
373
395
411
422
429
432
434
433
431
427
422
415
406
395
380
363
342
318
291
263
234
206
179
156
137
124
118
117
123
135
151
169
189
208
225
237
244
244
238
225
206
182
154
122
90
56
24
-7
-37
-66
-92
-118
-143
-168
-194
-220
-246
-273
-301
-328
-355
-379
-401
-419
-432
-440
-441
-435
-423
-404
-379
-348
-312
-273
-230
-186
-140
-94
-48
-3
40
83
123
159
193
221
246
264
277
285
286
281
270
254
233
208
179
149
117
86
55
27
2
-17
-33
-44
-49
-49
-45
-38
-29
-19
-10
-3
1
0
-4
-15
-31
-54
-82
-115
-152
-191
-231
-271
-309
-343
-372
-394
-409
-416
-415
-405
-387
-361
-327
-287
-241
-191
-136
-77
-17
43
105
165
223
277
326
368
404
432
451
462
463
455
439
415
384
348
307
264
218
172
127
83
42
4
-29
-60
-86
-109
-128
-144
-157
-167
-175
-182
-187
-191
-194
-198
-202
-209
-217
-228
-243
-262
-284
-311
-342
-376
-413
-451
-489
-525
-558
-585
-606
-618
-620
-612
-593
-562
-520
-469
-409
-342
-270
-195
-118
-41
32
103
170
232
288
340
386
429
467
503
537
569
599
629
658
685
712
736
758
776
789
796
795
785
765
733
690
634
567
489
402
309
212
113
16
-74
-158
-232
-292
-339
-370
-385
-385
-370
-342
-303
-256
-202
-145
-87
-31
19
64
102
131
152
163
166
162
150
132
110
82
51
17
-19
-59
-101
-145
-190
-235
-279
-322
-362
-398
-429
-453
-470
-479
-480
-472
-456
-432
-402
-366
-326
-282
-238
-193
-149
-108
-69
-34
-2
26
52
76
100
123
147
172
198
226
256
287
318
348
377
403
425
443
456
462
463
456
443
423
398
366
330
290
247
202
156
110
65
21
-20
-60
-98
-135
-170
-203
-236
-268
-299
-330
-359
-387
-414
-438
-459
-476
-490
-499
-503
-503
-498
-489
-475
-457
-436
-411
-383
-351
-317
-280
-240
-197
-151
-101
-50
4
60
117
175
231
285
336
381
420
451
474
489
494
491
480
462
437
408
374
339
302
264
226
188
152
116
80
46
13
-18
-49
-78
-104
-128
-148
-165
-178
-188
-193
-195
-194
-190
-183
-176
-167
-159
-150
-143
-137
-133
-131
-130
-132
-136
-142
-149
-157
-165
-174
-181
-187
-190
-190
-185
-177
-163
-145
-122
-96
-67
-37
-5
24
54
81
105
125
142
156
166
174
180
184
188
192
196
201
207
215
223
232
242
251
259
266
271
274
274
272
267
260
250
237
223
206
189
171
152
132
113
94
76
57
40
22
5
-11
-29
-46
-64
-82
-100
-118
-134
-150
-163
-174
-182
-187
-188
-185
-179
-169
-157
-141
-124
-105
-85
-64
-44
-25
-7
8
23
35
44
50
52
51
46
36
22
3
-18
-44
-72
-103
-134
-166
-197
-225
-251
-274
-293
-307
-316
-321
-321
-316
-306
-294
-277
-259
-239
-217
-196
-175
-154
-134
-115
-96
-78
-59
-40
-21
0
21
45
69
94
120
145
170
193
213
231
246
258
266
271
273
273
271
269
267
267
268
271
277
284
293
302
311
318
322
323
320
312
300
284
264
240
215
188
160
133
106
81
58
37
18
1
-13
-26
-38
-48
-58
-67
-76
-84
-92
-100
-108
-116
-125
-133
-143
-153
-164
-177
-191
-206
-223
-241
-259
-278
-298
-317
-336
-354
-371
-386
-398
-407
-413
-415
-413
-405
-393
-376
-354
-327
-295
-260
-222
-182
-140
-97
-55
-14
24
61
93
122
146
165
180
189
194
195
192
186
178
167
155
144
132
122
113
107
104
104
108
114
124
136
150
164
179
193
206
216
224
230
233
234
232
228
222
215
207
197
186
172
157
139
117
93
64
32
-3
-43
-86
-131
-178
-225
-271
-316
-358
-395
-428
-453
-472
-482
-483
-476
-460
-437
-406
-368
-326
-280
-232
-183
-134
-86
-40
3
44
83
118
150
180
206
228
247
262
272
278
280
276
268
255
237
216
192
166
139
112
86
61
40
23
10
2
0
0
6
15
27
40
55
69
82
94
103
110
113
113
108
100
89
75
58
40
22
6
-6
-15
-18
-15
-4
13
39
70
106
145
186
225
261
292
316
332
339
335
323
301
271
234
192
148
102
58
16
-21
-54
-81
-101
-116
-125
-130
-132
-132
-131
-131
-132
-134
-139
-146
-154
-164
-174
-183
-191
-197
-201
-202
-200
-196
-190
-181
-172
-162
-151
-140
-128
-116
-104
-90
-76
-61
-44
-26
-8
10
28
44
58
69
75
76
71
60
44
22
-4
-35
-67
-101
-134
-166
-194
-218
-237
-251
-259
-261
-258
-251
-239
-224
-206
-186
-165
-144
-124
-103
-84
-66
-50
-33
-18
-2
14
31
50
70
92
115
140
166
192
217
242
266
288
308
326
341
353
361
367
368
366
360
351
337
320
300
276
250
221
190
158
125
92
59
27
-2
-30
-55
-77
-96
-112
-124
-134
-141
-145
-148
-149
-150
-150
-151
-153
-155
-159
-164
-170
-177
-184
-191
-197
-202
-205
-206
-205
-201
-195
-188
-178
-166
-152
-136
-117
-97
-75
-51
-25
2
31
60
90
119
147
174
198
221
240
256
269
279
285
287
285
279
268
254
235
211
184
152
117
78
37
-6
-51
-97
-141
-183
-221
-254
-281
-300
-311
-314
-308
-294
-274
-248
-217
-185
-152
-121
-93
-68
-49
-34
-25
-20
-19
-20
-22
-24
-24
-22
-16
-6
6
23
42
63
84
104
122
137
149
155
158
156
150
140
128
114
100
86
72
61
51
45
40
39
39
41
46
51
58
65
73
82
91
101
110
118
125
131
134
135
134
129
122
111
98
82
63
43
20
-3
-27
-53
-79
-105
-130
-154
-176
-196
-215
-231
-244
-255
-263
-268
-272
-273
-273
-272
-271
-270
-269
-269
-270
-273
-277
-283
-290
-297
-305
-311
-316
-318
-317
-311
-300
-282
-258
-228
-192
-149
-101
-50
4
60
115
169
219
264
302
334
358
374
382
382
375
362
343
319
292
263
232
200
169
139
111
85
62
41
24
9
-1
-10
-17
-21
-24
-24
-24
-22
-18
-14
-10
-4
1
8
16
24
33
43
53
64
75
86
97
109
120
131
141
150
159
166
171
174
175
173
168
159
147
131
112
90
66
40
13
-13
-39
-62
-82
-98
-110
-117
-120
-117
-112
-102
-91
-79
-66
-53
-42
-33
-26
-22
-19
-18
-17
-17
-16
-14
-10
-3
4
15
28
43
58
73
87
100
111
119
124
126
125
121
114
104
93
81
68
54
40
27
13
0
-13
-27
-42
-59
-76
-96
-116
-138
-160
-182
-204
-224
-243
-259
-271
-279
-283
-282
-277
-266
-250
-229
-204
-176
-145
-112
-78
-44
-10
22
54
83
110
134
155
173
187
198
205
209
209
205
198
188
174
159
140
120
98
74
50
25
0
-23
-46
-67
-85
-101
-113
-121
-125
-125
-122
-114
-104
-91
-76
-60
-43
-27
-12
1
12
20
25
27
25
20
12
1
-11
-25
-40
-54
-68
-81
-90
-97
-100
-99
-95
-86
-73
-57
-38
-18
3
26
48
70
90
108
123
136
146
153
157
159
158
156
151
146
140
133
126
119
112
104
96
87
78
67
56
44
31
18
5
-7
-20
-31
-41
-49
-55
-59
-60
-59
-55
-48
-39
-28
-15
-1
13
28
43
56
68
77
84
89
90
88
84
76
67
55
42
29
15
2
-9
-19
-27
-33
-36
-38
-37
-35
-32
