80
91
101
109
116
120
123
123
122
118
113
107
100
93
87
81
77
74
73
73
76
80
85
91
96
101
105
106
106
103
97
89
78
67
54
42
29
18
8
0
-6
-11
-13
-14
-14
-13
-12
-10
-9
-8
-8
-9
-10
-13
-15
-18
-20
-23
-24
-24
-23
-21
-18
-14
-9
-3
3
9
15
21
26
29
31
31
30
27
22
16
9
1
-7
-16
-25
-34
-41
-47
-51
-54
-54
-52
-47
-40
-32
-21
-9
2
14
26
37
46
53
58
60
61
60
58
55
50
45
40
35
29
24
19
15
12
10
10
11
15
20
28
38
50
63
77
91
105
117
127
134
138
138
135
128
117
103
87
69
50
31
11
-7
-25
-41
-57
-71
-83
-94
-104
-112
-120
-126
-132
-137
-142
-145
-147
-147
-145
-140
-132
-121
-106
-88
-66
-41
-14
13
42
70
96
119
139
155
166
171
172
167
158
144
126
105
81
55
28
0
-26
-53
-78
-103
-126
-148
-168
-186
-203
-218
-231
-241
-247
-250
-248
-242
-230
-212
-189
-160
-126
-87
-44
1
48
96
141
183
220
249
271
283
285
277
261
235
203
166
126
84
43
5
-27
-54
-75
-88
-94
-93
-87
-77
-64
-51
-40
-31
-26
-26
-31
-41
-55
-72
-90
-108
-124
-137
-145
-149
-147
-139
-126
-109
-88
-65
-42
-19
2
20
35
46
52
55
54
51
45
39
33
28
24
21
19
18
18
18
17
15
11
4
-4
-16
-31
-49
-69
-91
-115
-140
-165
-190
-213
-233
-250
-262
-268
-268
-261
-246
-225
-196
-161
-121
-78
-31
15
62
106
148
186
219
247
269
287
300
309
315
318
319
318
316
313
309
305
300
294
287
278
268
255
240
223
203
181
157
132
106
80
55
31
8
-11
-28
-43
-55
-64
-70
-75
-77
-77
-76
-74
-71
-68
-64
-62
-60
-59
-59
-61
-63
-67
-72
-77
-84
-91
-98
-105
-111
-116
-120
-121
-119
-114
-106
-95
-82
-66
-48
-30
-12
3
18
30
39
45
48
47
44
39
32
25
17
9
2
-3
-8
-12
-15
-17
-18
-19
-20
-21
-22
-23
-24
-26
-28
-30
-33
-35
-37
-39
-41
-42
-43
-43
-41
-39
-34
-28
-20
-10
2
18
35
55
76
98
121
143
163
180
195
205
211
213
209
200
187
170
149
126
100
72
44
14
-14
-44
-74
-103
-131
-158
-183
-205
-223
-238
-248
-254
-254
-250
-241
-228
-211
-191
-169
-145
-122
-100
-81
-64
-50
-41
-35
-33
-35
-38
-44
-50
-56
-60
-64
-65
-64
-60
-55
-47
-39
-29
-19
-8
0
8
15
20
23
24
23
21
18
15
12
10
9
11
16
24
35
49
66
85
105
124
143
160
173
183
187
186
179
167
148
125
97
65
32
-1
-35
-67
-96
-121
-140
-154
-161
-162
-158
-147
-131
-112
-89
-65
-40
-16
5
25
41
53
60
64
63
58
50
39
26
11
-3
-18
-33
-47
-61
-73
-83
-92
-99
-104
-107
-109
-110
-109
-107
-105
-103
-100
-97
-94
-91
-88
-84
-80
-76
-70
-64
-57
-48
-38
-27
-15
-1
13
30
47
66
85
105
125
146
166
187
207
226
244
259
272
282
287
287
283
274
260
242
220
197
173
149
126
106
89
76
65
58
53
49
45
40
33
22
7
-11
-35
-62
-92
-123
-155
-186
-214
-239
-259
-273
-281
-283
-280
-271
-258
-241
-222
-202
-182
-162
-144
-129
-116
-105
-96
-89
-83
-77
-70
-61
-51
-38
-22
-5
13
34
55
76
95
114
131
146
158
169
177
183
188
191
192
193
193
192
191
190
188
187
186
184
182
179
175
169
162
152
140
125
107
88
66
43
18
-7
-33
-59
-84
-109
-133
-156
-179
-201
-223
-244
-265
-285
-306
-326
-346
-365
-382
-398
-410
-419
-425
-425
-420
-409
-392
-370
-342
-308
-271
-230
-187
-142
-97
-54
-12
26
63
96
125
151
174
193
208
221
231
237
242
243
243
242
238
234
228
221
214
207
199
192
185
179
173
169
166
165
166
169
174
180
188
198
208
218
228
237
244
250
254
255
252
247
238
227
213
197
180
163
145
129
114
100
88
77
67
57
45
32
16
-3
-26
-54
-84
-118
-154
-191
-228
-262
-294
-321
-343
-358
-366
-367
-360
-346
-325
-297
-264
-227
-186
-142
-98
-53
-10
30
69
104
134
159
179
194
203
205
203
194
181
164
143
120
94
68
42
17
-5
-25
-43
-56
-65
-71
-72
-70
-66
-59
-51
-42
-33
-26
-20
-15
-13
-12
-14
-16
-19
-22
-24
-26
-25
-22
-16
-8
1
14
27
42
57
71
83
93
100
104
105
103
98
91
82
71
61
51
43
36
33
32
34
39
47
56
67
77
86
94
99
100
98
93
83
71
55
37
17
-3
-25
-47
-69
-90
-110
-128
-146
-161
-176
-189
-201
-212
-223
-233
-243
-252
-261
-269
-276
-282
-285
-287
-286
-283
-278
-270
-260
-248
-235
-220
-204
-188
-171
-154
-138
-122
-107
-94
-81
-70
-61
-52
-45
-40
-35
-32
-30
-30
-30
-32
-35
-39
-45
-51
-57
-65
-73
-81
-90
-98
-107
-114
-120
-124
-126
-124
-118
-108
-93
-73
-49
-21
8
41
74
107
138
166
190
210
226
237
245
249
251
252
253
254
257
262
269
278
289
302
315
328
340
350
357
359
356
347
332
312
286
254
218
179
137
93
49
6
-34
-72
-106
-136
-161
-179
-193
-201
-204
-203
-199
-193
-185
-177
-169
-162
-156
-151
-147
-144
-141
-136
-130
-120
-107
-90
-68
-43
-13
19
54
90
125
158
187
211
230
241
245
242
232
216
195
169
140
109
78
47
18
-8
-32
-52
-69
-82
-91
-97
-101
-101
-99
-95
-89
-81
-72
-61
-49
-36
-22
-8
4
17
29
39
48
54
59
61
61
60
57
53
49
46
44
43
46
51
59
69
83
98
114
130
146
160
172
180
185
186
183
176
166
152
137
120
102
83
65
47
29
12
-4
-20
-36
-52
-67
-82
-97
-110
-124
-136
-147
-157
-165
-172
-177
-181
-183
-184
-184
-183
-180
-177
-173
-168
-163
-157
-152
-146
-141
-136
-132
-128
-125
-122
-120
-118
-116
-115
-114
-113
-113
-112
-110
-108
-106
-102
-97
-91
-83
-74
-64
-52
-40
-27
-15
-2
9
20
30
38
44
49
51
51
49
45
40
33
25
17
10
4
0
-1
-1
2
8
18
30
45
61
78
95
112
128
141
152
159
162
161
155
146
132
114
94
71
47
21
-3
-27
-49
-69
-85
-99
-108
-113
-114
-112
-106
-98
-88
-77
-65
-55
-46
-38
-33
-31
-30
-32
-35
-38
-42
-44
-44
-41
-35
-26
-12
3
23
45
68
91
112
132
148
161
170
174
174
170
162
151
137
120
102
82
61
39
16
-6
-28
-50
-72
-92
-110
-126
-139
-149
-155
-156
-153
-146
-134
-118
-99
-78
-55
-33
-12
6
20
31
36
36
32
23
11
-3
-19
-34
-49
-61
-69
-74
-74
-70
-62
-50
-36
-19
-2
15
31
45
57
65
70
70
67
61
53
42
29
16
3
-9
-20
-30
-38
-43
-46
-47
-46
-44
-39
-33
-26
-18
-9
0
10
22
34
46
58
70
82
92
101
108
114
118
120
122
122
121
119
117
114
110
105
99
92
84
74
63
49
34
17
0
-19
-40
-60
-79
-98
-114
-127
-137
-144
-147
-146
-141
-133
-122
-109
-94
-78
-61
-45
-30
-15
-2
8
17
23
27
29
29
27
24
20
16
13
11
9
9
10
12
15
18
22
27
31
36
42
48
56
65
76
89
103
119
136
154
171
186
199
209
214
214
209
198
181
159
133
103
71
39
6
-24
-52
-76
-96
-111
-122
-128
-129
-128
-123
-117
-110
-104
-98
-94
-91
-91
-93
-97
-102
-108
-114
-119
-123
-123
-121
-114
-102
-86
-65
-40
-12
18
50
82
113
140
163
181
193
199
198
190
176
157
133
105
75
42
8
-27
-63
-99
-137
-174
-210
-246
-281
-314
-344
-371
-395
-413
-426
-432
-433
-426
-413
-392
-365
-331
-291
-246
-197
-145
-92
-37
16
68
117
163
204
240
271
295
312
323
328
326
318
304
285
263
237
210
181
153
126
101
78
59
44
32
23
18
16
17
20
24
30
36
42
48
53
56
58
58
57
53
47
39
30
19
8
-3
-15
-28
-40
-52
-63
-74
-85
-96
-106
-116
-126
-136
-145
-154
-162
-169
-175
-180
-184
-186
-187
-186
-183
-178
-171
-162
-150
-137
-121
-104
-85
-65
-44
-23
-2
17
36
54
70
83
95
103
110
113
114
113
110
105
98
90
82
74
65
58
51
46
43
43
45
51
60
73
90
111
136
164
194
226
257
287
314
336
352
360
359
349
328
298
258
209
154
94
32
-30
-90
-146
-195
-235
-265
-284
-292
-290
-277
-254
-224
-188
-148
-105
-62
-20
17
51
79
101
116
124
127
124
117
106
93
79
65
52
41
31
24
19
16
16
17
20
24
29
35
41
47
52
58
63
68
73
77
82
87
92
97
102
107
110
112
112
108
102
92
78
60
39
14
-13
-43
-76
-109
-144
-177
-209
-239
-265
-287
-303
-313
-317
-314
-304
-289
-268
-242
-213
-181
-148
-114
-81
-50
-21
3
25
43
56
66
73
77
79
78
76
72
66
59
51
42
31
19
7
-5
-16
-27
-34
-40
-41
-39
-32
-21
-5
13
35
59
85
110
133
153
169
180
184
182
173
158
137
111
81
49
15
-18
-51
-82
-110
-134
-154
-169
-178
-183
-183
-177
-168
-154
-138
-120
-101
-81
-62
-43
-26
-11
1
12
20
27
30
32
31
28
23
17
9
1
-7
-16
-25
-33
-41
-48
-54
-60
-65
-69
-73
-76
-79
-82
-84
-85
-85
-84
-80
-75
-67
-57
-44
-28
-10
8
30
52
75
97
118
138
155
170
181
189
194
194
191
185
175
163
147
131
112
93
75
56
39
24
10
0
-7
-12
-14
-13
-10
-5
0
5
10
14
15
15
11
5
-3
-14
-26
-40
-54
-68
-80
-91
-99
-105
-107
-107
-103
-97
-89
-80
-69
-59
-48
-39
-31
-25
-20
-18
-16
-16
-16
-17
-17
-16
-14
-11
-7
-3
1
6
10
13
13
12
8
1
-8
-19
-33
-47
-62
-76
-89
-100
-108
-112
-113
-111
-105
-96
-85
-72
-58
-44
-30
-17
-5
5
14
21
28
34
39
44
50
57
64
72
80
88
95
100
102
102
98
91
80
67
51
34
16
0
-14
-25
-33
-36
-35
-28
-18
-4
13
33
54
76
