19
13
8
5
3
2
3
5
8
12
15
18
20
22
22
21
18
15
10
4
0
-6
-12
-18
-22
-26
-29
-31
-32
-32
-31
-30
-28
-27
-25
-24
-24
-24
-26
-28
-31
-34
-38
-42
-46
-50
-52
-54
-54
-52
-49
-44
-37
-28
-19
-8
3
14
24
34
42
48
52
53
52
49
43
36
26
15
4
-8
-20
-32
-43
-52
-59
-64
-65
-64
-59
-52
-43
-32
-21
-9
1
11
18
23
26
25
23
18
13
6
0
-5
-9
-11
-11
-9
-4
2
11
22
33
44
56
66
75
83
88
90
91
88
84
77
69
60
49
39
29
19
9
1
-6
-12
-17
-21
-25
-27
-29
-30
-31
-32
-32
-33
-34
-35
-35
-36
-37
-38
-39
-39
-39
-39
-38
-37
-36
-33
-31
-28
-24
-21
-16
-12
-8
-3
1
5
8
11
14
15
16
16
15
15
14
14
14
15
18
21
26
32
39
46
53
60
67
73
78
82
85
88
89
89
89
88
87
85
84
82
81
79
77
75
72
68
63
56
49
39
29
17
4
-8
-21
-35
-48
-60
-72
-82
-91
-98
-104
-109
-111
-112
-112
-110
-106
-102
-96
-88
-80
-70
-61
-50
-40
-30
-20
-12
-4
1
5
8
9
8
6
2
-3
-11
-21
-31
-43
-56
-69
-83
-96
-110
-122
-133
-144
-152
-158
-163
-164
-163
-158
-149
-137
-121
-101
-77
-50
-21
9
40
70
98
123
143
158
167
169
166
156
141
122
99
74
49
25
3
-15
-28
-36
-37
-33
-22
-6
14
38
64
90
115
138
157
172
182
186
185
178
166
150
130
107
82
55
28
0
-26
-53
-79
-103
-126
-147
-166
-183
-197
-209
-219
-226
-230
-232
-230
-226
-218
-207
-192
-175
-154
-132
-107
-81
-54
-27
-1
23
45
66
83
97
108
115
119
119
116
110
102
91
79
67
54
42
31
22
15
10
7
7
8
11
16
21
28
34
41
48
54
60
65
69
73
76
78
78
78
77
75
73
70
68
65
63
61
60
60
60
61
63
65
67
69
69
69
66
62
56
48
38
27
14
1
-12
-26
-39
-51
-62
-71
-79
-84
-87
-89
-88
-86
-82
-77
-71
-65
-58
-50
-43
-36
-30
-23
-18
-13
-9
-6
-4
-4
-4
-6
-9
-13
-17
-21
-24
-27
-29
-30
-29
-28
-25
-21
-16
-10
-3
5
14
24
36
48
61
73
86
97
107
116
122
126
127
126
122
116
107
97
86
74
62
49
37
26
16
7
1
-3
-7
-9
-9
-9
-8
-7
-5
-5
-5
-6
-8
-11
-15
-20
-25
-31
-38
-44
-50
-55
-59
-63
-66
-69
-70
-71
-72
-72
-71
-70
-69
-67
-65
-62
-59
-56
-53
-50
-47
-46
-44
-44
-45
-47
-50
-53
-57
-62
-66
-70
-74
-75
-76
-74
-71
-65
-58
-48
-37
-24
-10
3
17
31
44
56
67
77
85
91
96
100
102
103
102
101
98
96
93
89
86
82
77
71
64
56
45
33
18
0
-18
-38
-60
-81
-102
-121
-138
-152
-162
-167
-169
-166
-158
-147
-132
-114
-94
-73
-51
-31
-11
6
21
34
45
54
60
65
70
73
76
80
84
88
92
97
101
105
108
111
112
111
109
105
99
91
82
72
60
48
36
24
13
1
-9
-19
-29
-39
-49
-58
-67
-76
-85
-93
-100
-106
-111
-115
-117
-117
-115
-110
-104
-96
-86
-74
-62
-50
-38
-26
-15
-5
3
10
16
21
23
24
23
21
17
12
7
1
-4
-9
-14
-17
-20
-21
-20
-18
-15
-10
-4
1
9
17
25
34
41
48
55
60
64
67
69
69
69
68
67
65
62
58
54
49
44
38
31
24
16
8
0
-7
-14
-20
-25
-28
-29
-28
-25
-18
-10
0
14
28
44
61
77
92
107
119
129
137
141
143
141
136
128
117
103
87
69
50
31
11
-7
-26
-43
-58
-72
-83
-92
-98
-101
-102
-100
-95
-89
-80
-70
-60
-49
-38
-27
-18
-9
-2
2
6
9
10
11
11
11
10
11
12
14
16
20
24
29
34
39
44
47
49
49
47
42
35
26
15
2
-10
-24
-38
-52
-64
-74
-83
-89
-95
-98
-101
-103
-104
-106
-108
-111
-114
-117
-120
-123
-125
-125
-123
-119
-113
-104
-92
-78
-62
-43
-24
-5
14
33
50
65
77
87
92
94
92
86
77
65
51
35
18
0
-17
-34
-50
-64
-77
-88
-97
-104
-109
-111
-111
-109
-105
-98
-89
-78
-65
-50
-34
-17
1
19
38
57
75
91
105
117
127
133
137
138
136
131
125
116
106
95
84
72
61
50
41
32
26
21
17
16
16
17
19
22
24
26
27
27
25
21
14
5
-5
-18
-34
-50
-67
-83
-99
-113
-125
-134
-139
-142
-141
-136
-129
-119
-107
-93
-79
-64
-50
-36
-23
-12
-3
4
11
16
20
23
25
27
29
30
32
34
36
39
41
43
46
48
50
52
54
56
57
58
58
59
59
58
58
57
56
54
53
50
47
43
39
33
27
20
13
5
-1
-7
-12
-16
-18
-18
-15
-11
-4
3
13
24
35
47
59
70
80
89
96
101
104
105
103
100
96
89
82
73
64
54
44
34
25
17
9
3
0
-3
-5
-6
-5
-4
-3
-2
-1
-1
-1
-3
-6
-9
-13
-18
-23
-28
-33
-39
-44
-49
-55
-60
-65
-69
-72
-74
-74
-73
-68
-61
-51
-38
-21
-1
19
43
67
91
114
134
151
164
171
174
172
164
151
133
111
86
59
30
1
-28
-56
-82
-105
-126
-143
-157
-167
-173
-175
-174
-171
-164
-156
-146
-135
-123
-111
-100
-89
-80
-71
-65
-59
-55
-53
-52
-52
-53
-55
-57
-61
-64
-69
-74
-79
-86
-93
-100
-108
-115
-121
-127
-130
-130
-128
-122
-112
-98
-79
-57
-32
-4
24
54
82
108
130
148
160
166
166
160
149
134
116
97
77
58
42
29
20
17
18
24
35
49
65
83
101
118
133
145
154
158
158
153
145
133
118
101
82
62
43
23
5
-11
-26
-39
-49
-58
-64
-69
-71
-73
-73
-73
-72
-71
-69
-68
-68
-67
-67
-68
-68
-69
-71
-72
-73
-74
-75
-76
-76
-75
-73
-70
-67
-62
-57
-51
-45
-38
-31
-24
-17
-11
-6
-2
0
0
0
0
-3
-6
-10
-15
-19
-23
-26
-29
-30
-31
-30
-29
-26
-23
-20
-16
-12
-9
-5
-2
0
1
3
5
6
8
11
14
18
23
29
36
45
55
65
76
88
99
110
119
128
136
141
145
147
147
145
142
136
129
121
112
103
92
81
70
59
48
37
27
18
10
4
-1
-5
-8
-10
-12
-13
-13
-13
-14
-15
-15
-16
-18
-19
-20
-22
-25
-27
-31
-35
-40
-46
-53
-59
-66
-72
-78
-82
-85
-86
-85
-81
-75
-67
-57
-45
-32
-18
-4
8
20
31
39
44
47
47
44
39
32
24
14
4
-5
-14
-22
-28
-33
-35
-35
-33
-30
-25
-20
-14
-9
-5
-2
-1
-2
-4
-8
-14
-19
-26
-32
-37
-42
-44
-45
-44
-40
-35
-28
-19
-10
0
9
17
24
30
33
34
34
31
28
24
20
16
12
9
7
6
5
5
5
6
6
5
5
3
2
0
-1
-4
-6
-7
-8
-7
-5
-2
2
8
16
25
34
42
51
58
63
66
68
67
64
58
51
42
32
21
10
-1
-13
-25
-35
-45
-54
-63
-70
-76
-80
-84
-87
-89
-89
-88
-86
-82
-77
-71
-63
-54
-44
-32
-21
-8
3
15
27
37
46
53
58
61
61
60
56
50
43
34
26
17
9
2
-4
-9
-12
-13
-13
-11
-8
-3
1
7
13
18
22
25
26
25
22
18
13
7
0
-5
-12
-18
-23
-28
-32
-35
-38
-40
-41
-43
-43
-43
-43
-42
-41
-40
-38
-36
-33
-31
-28
-26
-23
-19
-15
-10
-5
1
9
17
27
37
47
57
67
76
83
89
92
93
92
89
84
76
68
58
47
36
25
14
4
-5
-14
-22
-28
-34
-38
-41
-43
-43
-43
-42
-40
-38
-36
-34
-32
-31
-30
-30
-31
-33
-36
-39
-43
-47
-51
-55
-58
-59
-59
-58
-55
-50
-44
-36
-27
-17
-7
3
12
22
30
37
42
46
49
50
51
50
49
47
46
44
43
43
43
43
44
44
44
44
43
41
38
34
30
24
17
10
3
-3
-9
-15
-19
-22
-24
-24
-22
-19
-15
-9
-3
2
8
14
19
23
27
31
33
36
38
40
43
45
48
50
53
55
56
56
55
53
48
42
33
22
8
-5
-21
-38
-55
-71
-85
-98
-107
-113
-116
-116
-112
-105
-95
-82
-68
-53
-37
-21
-7
4
14
21
25
26
24
20
13
5
-2
-11
-18
-23
-26
-26
-24
-18
-10
0
12
26
40
53
65
76
85
90
93
93
89
83
74
62
49
35
20
5
-9
-23
-36
-47
-57
-65
-71
-76
-81
-84
-87
-90
-92
-95
-99
-102
-106
-109
-111
-112
-112
-110
-106
-99
-90
-79
-65
-49
-31
-11
9
32
54
76
97
116
133
147
157
164
167
166
161
153
141
126
110
91
72
52
32
14
-3
-18
-30
-41
-48
-53
-56
-56
-54
-51
-47
-41
-36
-29
-23
-18
-12
-8
-4
0
1
3
4
4
4
4
4
4
4
4
4
5
5
6
6
6
6
6
6
5
4
2
0
-2
-5
-9
-13
-18
-23
-29
-35
-41
-46
-52
-56
-60
-63
-64
-64
-62
-59
-54
-48
-41
-32
-23
-13
-4
5
13
21
27
31
34
35
35
32
27
20
12
3
-6
-16
-25
-33
-39
-44
-46
-45
-41
-35
-27
-17
-6
4
16
28
39
49
58
65
71
76
78
80
79
78
75
71
66
61
56
50
45
39
34
29
25
20
16
12
8
4
0
-4
-9
-14
-20
-26
-32
-38
-44
-49
-52
-55
-56
-56
-54
-50
-44
-37
-29
-19
-8
3
16
28
41
53
64
74
82
89
94
97
98
97
94
88
81
72
62
50
38
25
12
0
-13
-24
-36
-46
-55
-63
-69
-75
-80
-83
-86
-88
-90
-92
-94
-95
-97
-98
-100
-101
-101
-101
-101
-99
-96
-92
-87
-81
-74
-65
-56
-46
-35
-24
-12
0
11
23
35
47
59
70
81
92
103
113
122
131
138
145
150
153
155
155
152
148
141
132
120
106
91
74
55
37
18
0
-17
-33
-47
-60
-70
-77
-83
-86
-87
-86
-85
-82
-78
-74
-69
-65
-60
-55
-49
-42
-35
-26
-17
-6
4
15
26
35
42
47
49
48
44
37
27
16
3
