65
71
72
67
59
47
33
17
1
-13
-26
-36
-43
-47
-46
-41
-32
-19
-2
17
39
62
85
108
128
145
159
167
170
167
158
145
126
104
79
52
25
0
-23
-44
-61
-75
-83
-87
-88
-84
-78
-69
-59
-48
-37
-27
-17
-9
-2
3
7
11
14
17
20
22
24
25
25
23
21
16
10
3
-5
-14
-24
-33
-42
-49
-54
-57
-57
-54
-48
-39
-29
-17
-3
9
22
34
44
52
57
59
58
54
47
36
23
6
-13
-36
-61
-90
-120
-151
-184
-216
-247
-275
-300
-320
-334
-341
-341
-332
-314
-288
-254
-212
-164
-112
-56
0
53
104
150
188
217
235
243
240
227
204
172
135
93
49
6
-34
-68
-96
-114
-123
-121
-109
-87
-57
-20
22
67
115
161
206
247
284
314
338
356
366
370
368
359
344
325
301
273
242
208
172
135
97
58
20
-15
-50
-81
-109
-133
-152
-166
-176
-180
-181
-179
-175
-171
-167
-164
-163
-165
-169
-176
-186
-196
-207
-218
-228
-236
-242
-245
-244
-240
-233
-222
-210
-196
-182
-169
-158
-150
-146
-149
-158
-175
-200
-233
-273
-319
-371
-425
-479
-532
-579
-619
-648
-664
-665
-650
-618
-568
-502
-421
-326
-220
-106
12
133
253
369
478
579
669
749
816
872
916
949
972
986
991
987
976
958
933
901
862
818
767
712
653
590
524
456
388
319
252
187
124
65
10
-41
-88
-131
-171
-208
-242
-275
-305
-334
-361
-387
-411
-433
-452
-468
-480
-489
-492
-491
-486
-476
-461
-443
-421
-395
-367
-337
-306
-273
-240
-207
-174
-141
-110
-80
-52
-26
-3
17
33
47
57
63
66
66
63
59
53
46
40
35
31
28
29
32
39
48
61
77
95
114
134
154
173
190
204
214
221
225
224
220
213
203
192
179
165
151
137
124
112
102
93
86
80
74
70
65
61
56
50
44
36
28
19
10
0
-8
-17
-24
-30
-35
-37
-38
-36
-32
-26
-18
-8
1
12
23
35
45
55
63
70
75
78
80
80
78
74
68
60
50
39
26
12
-2
-18
-35
-51
-68
-84
-98
-111
-123
-132
-138
-142
-143
-140
-135
-127
-117
-105
-91
-76
-61
-46
-33
-20
-10
-2
2
5
4
1
-4
-12
-21
-32
-42
-53
-64
-73
-81
-88
-94
-98
-101
-104
-106
-107
-109
-111
-112
-114
-115
-115
-115
-113
-109
-104
-97
-87
-76
-63
-49
-34
-18
-3
11
25
36
46
53
59
61
62
61
58
55
50
45
41
36
33
30
27
25
23
21
19
16
11
6
0
-8
-18
-28
-38
-49
-59
-67
-73
-77
-77
-73
-64
-51
-33
-11
15
44
75
108
141
172
201
226
246
261
270
273
269
260
245
226
204
178
151
122
93
64
36
9
-16
-39
-61
-80
-97
-112
-124
-134
-142
-149
-153
-156
-158
-159
-159
-157
-155
-152
-148
-143
-137
-131
-123
-115
-107
-98
-89
-80
-71
-63
-56
-50
-45
-41
-40
-39
-41
-43
-46
-49
-53
-55
-56
-55
-53
-48
-41
-32
-20
-7
6
22
38
54
69
83
96
106
113
118
119
117
113
106
97
87
76
64
53
43
34
28
23
22
24
29
38
49
63
79
97
116
136
156
176
194
212
228
241
252
261
266
268
267
261
252
238
220
199
173
144
111
75
37
-2
-44
-87
-129
-171
-211
-248
-282
-312
-338
-359
-377
-390
-399
-405
-409
-410
-411
-410
-409
-408
-406
-403
-398
-392
-383
-370
-353
-332
-307
-277
-244
-208
-170
-131
-93
-56
-23
6
30
51
66
76
83
86
87
87
86
87
89
93
100
111
124
140
159
179
200
221
241
259
275
288
297
303
305
303
298
289
277
263
248
231
215
200
185
173
163
155
150
147
147
147
149
151
151
151
147
141
131
118
100
79
55
27
-1
-31
-62
-91
-118
-141
-162
-178
-190
-197
-202
-203
-203
-201
-200
-200
-201
-204
-209
-217
-226
-236
-246
-256
-264
-269
-271
-270
-264
-254
-240
-222
-202
-179
-155
-129
-104
-80
-57
-35
-15
2
19
34
47
60
71
82
91
101
109
117
124
131
138
144
151
158
166
174
184
195
208
221
235
249
263
276
287
296
302
304
302
296
285
269
249
226
198
169
137
105
72
40
9
-19
-45
-69
-90
-106
-120
-129
-135
-137
-136
-131
-123
-112
-99
-84
-67
-49
-32
-15
0
13
23
32
37
40
41
40
38
35
33
32
32
33
36
41
47
55
64
74
84
93
101
106
108
106
99
87
69
47
19
-12
-47
-83
-120
-155
-187
-216
-240
-258
-270
-276
-276
-271
-261
-248
-231
-213
-193
-172
-152
-132
-113
-94
-77
-59
-42
-24
-5
13
32
53
74
95
115
134
151
165
176
182
185
182
175
163
146
126
102
76
47
18
-11
-40
-66
-91
-111
-128
-141
-149
-151
-150
-143
-133
-119
-102
-83
-64
-43
-23
-4
12
28
42
54
64
72
78
84
87
90
92
92
92
90
87
83
77
71
62
53
42
29
16
1
-12
-27
-41
-53
-64
-72
-78
-80
-78
-73
-64
-53
-40
-25
-9
5
19
32
41
47
50
49
44
35
24
10
-6
-23
-41
-59
-76
-92
-106
-118
-128
-136
-141
-145
-146
-145
-142
-137
-130
-122
-111
-99
-85
-70
-53
-35
-17
1
19
36
53
67
80
91
100
106
111
114
115
114
111
107
102
94
85
75
62
49
35
20
4
-9
-23
-36
-47
-57
-64
-70
-74
-77
-80
-81
-83
-85
-88
-91
-94
-98
-102
-106
-109
-110
-109
-106
-100
-90
-78
-63
-44
-23
-1
23
47
72
95
117
137
155
170
183
193
201
207
210
213
214
213
211
208
204
198
190
179
167
151
134
114
92
69
44
18
-6
-31
-54
-75
-94
-110
-122
-132
-138
-142
-143
-141
-138
-133
-128
-122
-117
-112
-108
-105
-103
-102
-102
-104
-106
-109
-112
-115
-118
-120
-120
-119
-115
-108
-97
-84
-67
-48
-26
-3
21
45
67
88
106
119
129
134
134
129
121
108
93
76
57
38
20
3
-11
-24
-34
-41
-44
-46
-45
-42
-39
-34
-30
-26
-22
-19
-16
-14
-12
-11
-9
-7
-5
-2
1
7
13
20
28
37
46
56
66
75
84
92
99
104
107
108
108
105
101
96
90
84
78
72
67
63
59
57
55
53
50
47
42
36
27
15
1
-14
-33
-54
-75
-95
-115
-132
-146
-156
-162
-162
-156
-145
-130
-109
-85
-58
-30
0
28
57
83
106
125
139
149
153
152
145
133
117
97
75
51
27
4
-17
-36
-51
-63
-71
-76
-77
-76
-73
-68
-63
-58
-53
-49
-46
-45
-44
-44
-45
-46
-48
-49
-49
-49
-47
-45
-41
-36
-30
-23
-17
-10
-3
3
9
14
18
22
25
27
28
28
27
25
22
19
15
10
6
1
-2
-6
-8
-10
-12
-12
-11
-9
-6
-3
1
6
11
16
22
28
34
40
46
53
59
66
73
79
85
90
94
97
97
94
89
80
68
52
32
10
-15
-42
-71
-100
-127
-152
-174
-191
-203
-209
-209
-203
-191
-173
-151
-126
-99
-70
-41
-14
12
36
57
76
92
105
116
124
131
135
137
137
135
131
125
116
106
93
77
60
41
21
1
-18
-36
-52
-65
-75
-80
-81
-77
-69
-57
-42
-24
-4
16
36
55
72
85
94
98
97
89
77
59
37
12
-14
-41
-67
-90
-109
-123
-130
-131
-125
-112
-94
-69
-41
-10
22
54
86
114
139
159
174
184
188
187
180
170
155
137
117
95
73
51
29
9
-9
-25
-39
-50
-59
-66
-70
-73
-74
-75
-75
-75
-76
-77
-80
-84
-89
-96
-104
-112
-121
-130
-138
-146
-153
-158
-162
-164
-164
-163
-159
-154
-147
-139
-129
-119
-109
-99
-89
-80
-72
-65
-59
-55
-51
-47
-43
-38
-33
-26
-17
-6
6
22
39
57
77
96
115
133
149
162
171
176
178
175
168
157
143
127
109
91
74
57
43
31
21
15
11
9
10
12
16
20
24
29
33
37
39
41
41
40
37
33
28
23
16
9
1
-6
-15
-23
-31
-39
-46
-52
-58
-61
-63
-63
-61
-56
-50
-42
-33
-23
-12
-2
7
15
21
25
26
25
21
14
5
-4
-16
-29
-42
-54
-64
-73
-79
-82
-83
-82
-78
-72
-64
-56
-47
-38
-29
-22
-15
-10
-7
-4
-3
-3
-3
-3
-2
0
2
7
13
21
31
42
54
67
79
90
100
109
115
120
122
121
119
114
108
101
93
86
78
72
67
63
61
61
63
65
69
73
77
80
82
83
83
82
78
74
68
61
53
45
38
31
25
19
15
12
11
10
10
10
10
11
11
11
10
8
6
3
0
-4
-8
-12
-17
-21
-25
-29
-32
-34
-35
-36
-36
-35
-33
-30
-27
-23
-19
-15
-10
-5
-1
3
7
11
14
17
18
18
17
14
10
4
-3
-13
-24
-36
-50
-64
-79
-93
-106
-118
-128
-135
-141
-143
-144
-142
-138
-132
-125
-117
-109
-102
-94
-88
-83
-79
-76
-74
-74
-75
-77
-80
-84
-88
-92
-96
-100
-102
-103
-102
-98
-91
-82
-69
-53
-34
-12
10
35
59
83
105
125
142
155
164
168
168
164
155
142
127
108
88
66
45
23
4
-13
-29
-41
-49
-54
-56
-54
-50
-43
-34
-24
-14
-4
3
8
11
9
3
-6
-21
-40
-63
-89
-116
-143
-169
-193
-214
-229
-240
-244
-242
-233
-217
-196
-170
-139
-104
-66
-27
12
52
91
127
161
193
220
243
263
278
288
293
294
291
282
270
253
232
208
181
152
122
92
63
35
10
-11
-30
-46
-59
-70
-77
-84
-89
-94
-99
-104
-111
-118
-125
-133
-140
-146
-151
-153
-154
-151
-146
-138
-127
-114
-98
-81
-62
-43
-22
-2
17
36
54
71
86
99
110
118
124
127
128
126
122
116
109
100
91
83
74
67
62
59
58
60
64
70
77
87
96
106
115
124
130
135
138
138
135
130
123
113
100
85
69
51
32
12
-6
-24
-41
-56
-69
-79
-87
-91
-93
-92
-88
-83
-76
-68
-59
-50
-41
-32
-24
-16
-9
-3
1
6
9
12
13
13
12
10
6
0
-5
-13
-22
-31
-41
-50
-59
-67
-74
-79
-82
-84
-83
-80
-76
-70
-63
-55
-47
-40
-33
-27
-23
-21
-21
-23
-27
-32
-38
-45
-52
-57
-62
-64
-64
-60
-52
-40
-24
-4
18
43
71
99
126
152
174
192
205
212
213
207
194
175
150
121
88
52
16
-20
-56
-89
-118
-144
-166
-183
-197
-207
-214
-219
-222
-224
-227
-229
-232
-235
