-107
-99
-89
-77
-64
-50
-38
-26
-16
-8
-2
1
3
4
5
4
5
6
8
12
19
27
37
49
63
77
91
104
116
127
134
139
141
140
136
130
121
111
100
88
75
64
53
43
34
27
21
16
11
6
2
-3
-9
-16
-23
-31
-40
-48
-56
-62
-67
-70
-71
-70
-67
-61
-54
-45
-34
-22
-8
5
21
37
53
69
85
99
112
123
132
137
140
140
136
129
120
107
91
74
55
35
15
-4
-23
-40
-55
-68
-79
-87
-93
-96
-97
-97
-96
-94
-91
-88
-85
-82
-78
-75
-70
-66
-60
-54
-47
-39
-31
-23
-15
-7
0
4
7
8
7
4
-1
-8
-18
-28
-39
-50
-61
-72
-81
-89
-95
-99
-102
-102
-100
-97
-93
-87
-81
-75
-69
-62
-56
-51
-45
-39
-32
-24
-16
-6
5
17
31
45
60
75
90
105
118
130
141
149
156
160
163
164
163
162
159
156
153
149
144
139
134
128
122
115
106
97
87
76
65
52
39
26
12
0
-14
-28
-41
-54
-67
-80
-93
-105
-117
-129
-140
-150
-158
-165
-169
-172
-172
-169
-164
-158
-150
-141
-132
-123
-114
-106
-98
-92
-86
-81
-77
-74
-72
-71
-70
-70
-70
-69
-68
-66
-62
-56
-48
-39
-28
-16
-2
10
24
38
52
64
76
87
97
106
113
119
123
125
126
125
122
119
114
108
102
96
90
85
81
78
76
76
78
80
85
90
96
103
110
115
120
122
122
120
114
104
92
77
59
39
18
-3
-24
-44
-63
-80
-93
-104
-111
-114
-114
-111
-104
-95
-84
-71
-57
-42
-28
-15
-3
6
14
20
23
25
24
21
18
13
9
5
2
0
0
3
8
16
27
39
53
67
82
96
108
117
124
125
122
114
100
81
57
29
-2
-36
-72
-107
-141
-171
-198
-219
-233
-241
-242
-235
-222
-203
-180
-152
-122
-90
-59
-28
0
26
49
68
83
94
100
103
103
100
94
86
77
68
57
48
38
30
23
18
14
12
11
12
15
18
23
28
33
38
43
47
51
53
54
54
53
51
48
44
40
36
31
27
23
20
17
14
12
10
8
6
3
0
-3
-7
-12
-17
-23
-29
-35
-40
-45
-49
-52
-54
-55
-54
-52
-49
-45
-40
-35
-29
-23
-16
-11
-5
-1
2
5
7
7
7
6
5
3
2
0
0
-1
-2
-1
-1
0
2
4
7
10
12
14
14
14
12
7
0
-8
-21
-36
-54
-75
-99
-125
-152
-180
-207
-234
-258
-279
-295
-305
-309
-306
-294
-275
-248
-214
-174
-129
-80
-30
20
68
114
156
192
223
248
267
281
289
293
293
289
282
274
263
252
240
227
214
201
188
174
159
143
126
106
85
62
36
8
-22
-54
-87
-120
-152
-182
-209
-232
-250
-262
-268
-267
-260
-246
-227
-203
-175
-144
-111
-77
-44
-12
17
43
67
86
101
112
119
121
120
115
106
95
80
64
46
26
6
-12
-31
-48
-63
-75
-85
-90
-93
-92
-89
-84
-77
-70
-61
-54
-46
-40
-34
-30
-27
-25
-25
-25
-25
-26
-27
-27
-27
-26
-24
-20
-16
-10
-2
5
15
26
38
51
64
78
92
106
120
133
145
156
164
171
175
176
175
171
164
155
143
130
115
100
84
69
54
41
29
19
10
3
-1
-6
-10
-14
-19
-24
-30
-38
-46
-54
-63
-72
-81
-88
-94
-98
-99
-97
-92
-84
-73
-61
-47
-32
-16
-2
11
23
33
40
45
49
50
49
48
45
41
37
33
29
25
21
18
15
14
13
13
14
15
17
19
21
21
21
19
14
8
0
-9
-20
-32
-44
-56
-67
-75
-82
-85
-86
-83
-77
-69
-58
-45
-31
-17
-2
10
22
33
41
47
51
52
51
48
43
38
31
24
17
11
5
0
-3
-6
-8
-9
-9
-9
-8
-8
-8
-8
-9
-10
-12
-14
-16
-18
-20
-21
-22
-21
-20
-18
-15
-11
-8
-5
-1
0
2
4
5
5
6
6
6
6
6
6
6
6
5
4
2
-1
-6
-11
-18
-26
-35
-43
-51
-58
-64
-68
-68
-66
-61
-52
-39
-24
-7
11
31
50
68
83
95
104
109
111
108
102
93
81
67
52
36
20
5
-9
-21
-31
-39
-44
-47
-47
-44
-40
-33
-25
-16
-7
2
12
21
29
36
42
46
49
50
49
47
44
41
36
32
28
23
19
16
13
10
7
5
3
1
0
-1
-3
-5
-8
-10
-14
-18
-23
-28
-34
-40
-46
-51
-55
-58
-60
-60
-59
-57
-53
-49
-43
-37
-31
-26
-21
-17
-14
-12
-12
-13
-16
-19
-24
-29
-33
-38
-42
-44
-44
-42
-38
-32
-23
-12
0
14
29
43
56
66
74
79
80
77
70
59
46
30
13
-4
-22
-38
-52
-63
-71
-76
-77
-74
-68
-59
-48
-35
-22
-9
3
14
23
29
32
33
31
26
19
9
-1
-13
-26
-38
-50
-60
-68
-74
-76
-76
-72
-65
-56
-45
-32
-18
-4
8
21
32
41
48
53
56
57
55
52
48
43
37
32
26
22
18
16
14
12
12
11
9
8
5
2
-1
-5
-10
-15
-20
-25
-29
-34
-37
-40
-41
-42
-42
-40
-38
-35
-31
-27
-22
-17
-12
-7
-2
2
8
13
18
23
28
33
37
42
45
49
51
53
55
55
55
54
52
50
46
43
38
32
26
19
12
3
-4
-13
-22
-31
-39
-46
-52
-56
-58
-57
-55
-49
-42
-32
-20
-6
7
22
37
51
64
75
85
92
97
100
100
99
95
90
82
74
64
53
42
30
19
7
-3
-15
-25
-35
-44
-52
-59
-65
-69
-72
-73
-73
-70
-67
-62
-55
-48
-39
-30
-20
-10
0
9
17
25
31
36
39
41
42
42
41
39
38
36
35
33
32
30
29
27
25
23
20
17
14
10
6
1
-5
-12
-20
-29
-39
-49
-59
-68
-77
-84
-90
-93
-94
-93
-88
-81
-71
-57
-41
-23
-3
17
38
58
77
93
105
114
119
120
116
108
96
81
63
44
24
3
-16
-35
-53
-68
-81
-92
-101
-107
-112
-115
-116
-117
-117
-117
-116
-115
-114
-112
-109
-104
-98
-91
-81
-70
-57
-42
-26
-9
7
23
39
54
67
78
87
93
98
101
102
102
101
100
99
98
97
96
96
96
96
96
94
92
88
82
75
65
54
40
25
8
-9
-28
-47
-65
-82
-97
-109
-118
-124
-125
-122
-115
-105
-91
-74
-55
-35
-15
3
20
35
47
56
61
63
61
57
52
45
37
30
24
18
14
11
9
9
9
9
9
9
9
8
6
3
0
-4
-8
-13
-17
-21
-24
-25
-25
-24
-22
-19
-15
-11
-7
-3
0
4
7
11
14
18
22
25
29
33
36
40
43
46
48
50
50
50
48
45
40
34
27
20
12
5
-1
-6
-9
-11
-10
-8
-5
-1
3
7
12
15
18
20
20
19
18
16
13
11
9
8
8
9
11
13
16
19
21
23
25
24
22
18
12
4
-5
-17
-31
-45
-59
-73
-86
-97
-105
-111
-113
-112
-107
-99
-88
-74
-58
-41
-24
-6
11
27
42
56
67
75
81
85
86
85
82
77
71
63
55
47
39
31
24
17
11
5
0
-5
-12
-18
-25
-33
-42
-52
-61
-71
-81
-91
-99
-106
-111
-115
-116
-114
-110
-104
-96
-86
-74
-61
-47
-33
-18
-3
11
25
38
51
62
73
82
89
95
99
102
103
102
101
98
94
90
85
79
73
67
61
56
50
44
39
33
27
21
14
6
-2
-12
-24
-36
-50
-65
-80
-95
-111
-125
-139
-150
-158
-164
-166
-165
-160
-152
-141
-128
-115
-101
-88
-76
-67
-60
-57
-56
-58
-63
-69
-76
-83
-90
-94
-97
-96
-92
-85
-74
-59
-40
-19
4
29
56
82
107
131
152
170
184
194
200
201
198
190
179
165
149
131
112
93
75
58
44
32
24
18
16
16
20
25
33
42
51
61
71
80
88
94
97
99
97
94
88
80
70
59
47
33
19
4
-10
-25
-41
-56
-71
-86
-99
-112
-123
-132
-140
-146
-149
-150
-149
-146
-140
-132
-121
-108
-93
-77
-59
-40
-21
-2
17
35
53
71
87
102
116
130
142
153
163
171
177
182
183
183
179
173
164
152
137
120
101
81
59
38
16
-4
-23
-40
-55
-68
-78
-85
-90
-92
-92
-91
-87
-83
-78
-71
-65
-59
-52
-47
-43
-40
-39
-39
-42
-47
-54
-63
-74
-87
-101
-117
-133
-149
-166
-182
-197
-211
-223
-233
-240
-244
-245
-242
-236
-226
-211
-193
-171
-146
-117
-86
-53
-19
15
50
83
115
144
170
192
209
221
228
230
225
216
202
184
163
141
119
98
79
63
52
45
44
47
54
65
78
93
108
123
136
146
153
157
157
153
146
136
123
109
93
77
61
44
29
14
0
-13
-25
-36
-46
-54
-61
-66
-71
-74
-76
-78
-80
-82
-84
-87
-91
-97
-103
-110
-118
-126
-135
-143
-151
-158
-164
-168
-171
-172
-171
-169
-164
-158
-151
-142
-133
-123
-113
-102
-91
-80
-69
-57
-45
-31
-17
-1
15
34
53
73
93
113
132
149
164
177
187
194
197
196
193
186
177
166
153
140
126
112
99
85
72
59
47
34
22
10
-1
-12
-22
-31
-38
-43
-47
-47
-46
-41
-34
-25
-14
-2
11
25
38
51
63
73
81
88
92
94
94
92
87
82
74
66
57
48
39
30
22
14
7
1
-3
-7
-11
-13
-16
-17
-18
-17
-17
-15
-12
-9
-5
0
4
10
15
19
23
26
27
28
27
25
22
17
11
5
-3
-12
-22
-32
-43
-55
-66
-76
-86
-95
-103
-110
-116
-120
-122
-122
-121
-117
-112
-106
-98
-89
-80
-72
-64
-56
-50
-45
-42
-39
-38
-37
-36
-36
-36
-36
-35
-33
-31
-28
-24
-19
-13
-7
0
5
11
17
22
25
28
29
29
28
26
23
19
14
9
3
-2
-7
-13
-17
-20
-22
-22
-20
-16
-10
-4
3
11
20
28
35
40
44
46
46
43
39
32
24
15
5
-4
-13
-22
-30
-36
-40
-43
-45
-45
-44
-43
-41
-39
-37
-35
-32
-30
-26
-22
-17
-10
-2
7
18
31
45
59
73
87
100
111
121
127
130
131
128
122
114
103
90
76
61
46
31
17
4
-7
-16
-25
-31
-36
-39
-41
-42
-42
-41
-40
-39
-38
-37
-36
-34
-33
-32
-30
-29
-27
-26
-24
-22
-21
-20
-18
-17
-16
-15
-14
-13
-12
-11
-10
-9
-7
-4
-2
1
5
9
13
18
22
26
30
33
35
36
