-90
-81
-70
-59
-47
-34
-21
-8
5
18
31
43
53
61
66
69
68
63
55
44
30
13
-4
-25
-45
-66
-87
-106
-124
-139
-151
-160
-166
-169
-168
-163
-156
-145
-132
-117
-99
-80
-60
-39
-17
4
26
48
69
90
109
126
141
154
164
170
173
171
166
156
143
125
104
81
55
28
2
-22
-44
-63
-77
-86
-89
-87
-78
-65
-47
-25
0
26
53
79
103
125
143
156
165
168
166
159
148
133
114
93
71
48
25
3
-17
-37
-54
-68
-81
-90
-98
-103
-106
-107
-107
-105
-103
-100
-96
-92
-87
-82
-76
-69
-62
-54
-47
-40
-33
-28
-23
-21
-20
-21
-24
-29
-35
-42
-50
-58
-66
-72
-77
-79
-80
-77
-72
-65
-55
-45
-34
-23
-13
-5
0
4
6
5
2
-2
-8
-15
-21
-26
-31
-33
-34
-32
-29
-24
-18
-11
-4
2
7
12
15
17
17
16
13
10
6
4
2
3
5
10
18
28
40
54
70
86
103
119
134
148
161
172
181
188
193
195
195
193
188
180
169
156
139
120
100
78
55
32
10
-10
-28
-44
-57
-67
-73
-77
-77
-75
-71
-65
-58
-51
-44
-37
-31
-26
-23
-22
-22
-25
-28
-33
-40
-48
-56
-66
-76
-86
-97
-106
-115
-123
-130
-135
-138
-140
-140
-138
-134
-130
-124
-118
-112
-105
-97
-90
-82
-74
-65
-56
-46
-36
-25
-15
-3
7
18
28
38
47
55
61
66
69
70
69
65
59
51
40
27
13
-2
-18
-34
-48
-61
-71
-78
-80
-78
-72
-60
-44
-23
1
28
58
90
122
155
186
216
243
268
289
306
318
325
326
320
309
292
268
239
204
165
123
79
34
-10
-53
-92
-127
-156
-178
-192
-198
-197
-188
-173
-152
-127
-99
-69
-40
-12
13
35
54
67
77
81
82
78
71
61
49
34
18
1
-16
-35
-54
-73
-93
-113
-132
-151
-169
-186
-201
-213
-222
-226
-227
-223
-214
-201
-184
-163
-139
-112
-84
-56
-27
0
27
52
76
98
117
135
150
164
175
184
190
194
195
192
187
177
164
149
130
109
87
63
39
15
-8
-31
-53
-74
-93
-111
-128
-143
-156
-168
-178
-186
-193
-197
-200
-200
-197
-192
-185
-174
-161
-145
-126
-105
-81
-55
-29
-1
27
55
83
110
136
160
181
199
214
224
231
232
229
221
208
191
170
146
120
92
64
35
8
-16
-40
-60
-77
-91
-102
-109
-114
-116
-116
-115
-112
-109
-105
-101
-97
-93
-89
-85
-80
-75
-69
-63
-56
-49
-41
-33
-24
-15
-6
1
10
19
27
36
44
52
61
69
77
84
91
96
100
101
101
98
93
85
75
63
48
32
15
-1
-19
-36
-52
-67
-80
-91
-100
-106
-110
-111
-110
-107
-101
-92
-82
-70
-57
-42
-27
-12
1
14
26
35
41
45
44
41
34
24
11
-3
-19
-35
-51
-65
-77
-86
-92
-94
-91
-83
-71
-53
-31
-4
26
59
95
131
166
199
228
252
270
282
286
283
272
254
231
202
170
135
99
64
31
1
-24
-44
-60
-70
-76
-78
-77
-74
-70
-66
-63
-60
-59
-59
-61
-62
-64
-65
-65
-63
-59
-53
-45
-35
-22
-8
6
21
36
50
61
70
76
79
79
75
70
62
53
44
34
25
16
9
2
-2
-7
-10
-14
-18
-22
-28
-35
-43
-53
-65
-78
-92
-106
-119
-130
-139
-145
-147
-144
-138
-128
-113
-96
-76
-55
-33
-12
8
27
45
59
71
80
87
92
95
98
100
102
106
110
115
120
126
131
135
136
134
129
119
105
86
64
38
10
-19
-49
-77
-103
-125
-141
-152
-157
-155
-147
-135
-118
-98
-77
-56
-37
-20
-8
-1
0
-3
-12
-28
-48
-71
-97
-125
-152
-177
-200
-219
-232
-240
-241
-237
-226
-210
-188
-163
-133
-102
-70
-37
-6
22
48
69
87
99
107
110
109
106
100
92
84
76
69
64
60
59
59
62
66
70
76
81
85
88
89
88
85
79
72
62
52
40
28
17
6
-2
-9
-15
-19
-20
-20
-18
-14
-10
-5
0
5
9
11
12
10
5
-3
-14
-28
-44
-63
-82
-102
-120
-138
-152
-163
-170
-173
-170
-163
-151
-134
-113
-89
-63
-35
-7
21
48
74
98
120
139
156
170
181
190
196
200
202
202
201
199
196
194
191
189
187
185
183
181
178
174
169
162
152
139
124
105
83
57
29
-1
-35
-69
-105
-141
-175
-209
-239
-267
-290
-308
-320
-327
-327
-320
-307
-288
-263
-233
-199
-162
-123
-85
-47
-12
18
45
68
85
97
105
109
110
108
106
104
104
105
108
114
124
136
151
168
187
207
227
245
261
274
283
287
284
275
259
235
205
169
127
80
31
-19
-70
-120
-166
-208
-244
-274
-297
-313
-322
-324
-319
-308
-292
-271
-246
-218
-188
-155
-122
-89
-56
-24
5
32
57
79
97
112
124
132
136
138
136
133
127
120
112
103
96
89
85
82
80
81
84
87
91
95
98
100
100
97
91
82
70
53
33
9
-17
-47
-79
-113
-148
-182
-215
-246
-273
-297
-316
-329
-338
-341
-338
-331
-319
-303
-283
-261
-236
-209
-182
-153
-125
-96
-68
-41
-14
9
33
55
75
94
112
128
143
158
171
184
196
207
218
228
238
246
254
260
266
269
271
271
268
263
255
244
229
211
189
164
135
104
70
34
-1
-38
-74
-108
-140
-169
-193
-212
-225
-232
-232
-225
-211
-191
-164
-133
-97
-58
-17
23
65
105
142
177
207
233
254
269
278
281
279
271
257
240
220
197
173
150
128
108
91
78
70
65
65
68
75
83
92
101
108
112
113
108
97
80
57
28
-6
-46
-91
-139
-189
-240
-292
-342
-391
-435
-475
-509
-537
-558
-571
-576
-574
-565
-549
-527
-500
-469
-435
-397
-357
-315
-270
-224
-177
-128
-79
-29
19
68
116
161
203
241
274
302
324
339
348
351
347
338
324
306
285
263
239
216
193
171
150
130
110
91
72
52
32
10
-12
-36
-60
-85
-109
-132
-152
-168
-179
-185
-185
-177
-163
-142
-114
-81
-43
-1
42
87
132
175
215
250
279
301
315
321
318
306
286
258
224
184
139
92
44
-4
-51
-96
-138
-177
-210
-239
-263
-282
-296
-306
-311
-313
-311
-307
-300
-292
-283
-272
-261
-248
-234
-219
-203
-186
-167
-148
-128
-107
-86
-65
-44
-24
-5
12
30
47
64
80
96
112
127
143
157
171
183
194
203
209
212
213
210
204
196
185
172
159
144
130
117
106
96
89
84
81
81
82
84
86
89
90
91
89
86
81
74
65
55
44
33
22
11
1
-8
-17
-24
-31
-37
-43
-47
-51
-55
-58
-61
-63
-65
-66
-66
-65
-63
-58
-51
-41
-28
-12
7
30
55
83
112
141
169
196
220
241
257
270
277
280
278
271
261
246
229
209
186
162
136
109
81
52
22
-7
-38
-68
-99
-128
-156
-183
-206
-226
-242
-254
-261
-264
-262
-257
-247
-234
-219
-202
-184
-165
-147
-130
-113
-97
-83
-69
-56
-44
-32
-20
-8
2
13
23
31
38
42
43
41
34
24
9
-8
-29
-53
-78
-104
-128
-150
-169
-183
-192
-194
-190
-179
-162
-140
-112
-82
-49
-16
16
47
75
99
118
132
141
144
141
134
122
106
88
67
46
24
3
-16
-33
-47
-58
-65
-68
-68
-64
-58
-49
-39
-28
-17
-6
3
12
20
26
31
35
38
39
40
40
40
39
37
36
34
32
30
29
28
29
30
34
38
45
53
62
73
85
97
109
121
131
138
143
144
142
135
124
110
92
71
49
25
2
-19
-40
-58
-74
-86
-96
-103
-108
-110
-111
-110
-108
-106
-103
-101
-99
-98
-96
-95
-93
-91
-87
-81
-73
-63
-51
-35
-18
1
22
44
68
90
113
133
152
168
180
188
192
192
187
179
166
150
131
110
88
65
41
16
-7
-32
-57
-81
-105
-128
-150
-170
-189
-206
-220
-230
-238
-241
-240
-235
-225
-211
-192
-170
-143
-114
-83
-50
-17
14
45
74
100
123
143
160
175
186
196
204
212
218
224
230
235
239
241
241
239
232
221
205
184
159
129
95
58
20
-17
-55
-90
-123
-152
-176
-195
-209
-218
-222
-221
-215
-205
-192
-174
-154
-131
-107
-81
-55
-29
-4
19
41
60
75
87
95
99
100
96
90
81
71
60
50
39
31
23
18
14
11
9
6
3
-1
-9
-20
-35
-53
-74
-99
-126
-154
-184
-212
-240
-264
-284
-300
-310
-315
-313
-307
-295
-279
-259
-236
-211
-184
-156
-128
-99
-69
-39
-8
22
55
87
120
151
181
209
232
251
264
270
269
261
247
226
200
169
136
102
68
37
9
-13
-29
-40
-44
-41
-32
-18
0
20
43
67
90
112
132
149
163
175
184
190
195
198
199
199
198
195
191
184
174
161
143
122
96
66
32
-5
-46
-89
-134
-180
-225
-268
-308
-343
-373
-395
-409
-415
-410
-396
-372
-338
-296
-245
-187
-123
-55
14
85
154
220
280
333
378
413
438
452
456
450
435
411
381
344
303
259
212
164
116
69
24
-17
-57
-94
-128
-161
-194
-228
-263
-301
-341
-384
-429
-474
-518
-559
-596
-626
-648
-660
-662
-653
-632
-601
-558
-506
-445
-378
-304
-227
-147
-67
10
85
156
221
280
332
377
415
446
471
491
506
517
524
529
531
531
530
526
521
513
503
489
471
448
420
385
343
295
241
182
118
50
-17
-86
-153
-216
-274
-325
-368
-401
-424
-435
-436
-425
-403
-371
-329
-279
-223
-162
-97
-32
31
92
148
196
235
264
281
286
278
258
226
183
130
69
1
-70
-143
-215
-282
-343
-393
-430
-452
-457
-443
-410
-359
-291
-207
-111
-6
103
213
319
415
499
566
615
643
650
636
603
554
490
416
334
248
161
75
-7
-85
-159
-227
-289
-346
-399
-448
-493
-534
-573
-608
-639
-666
-688
-705
-714
-716
-710
-694
-669
-634
-589
-533
-468
-394
-313
-224
-130
-32
68
169
269
366
460
548
628
700
763
815
855
883
899
903
894
874
842
801
750
691
626
556
482
407
333
260
191
127
68
16
-28
-66
-99
-126
-148
-168
-185
-200
-216
-231
-246
-261
-275
-288
-299
-306
-309
-306
-298
-284
-263
-237
-206
-171
-134
-97
-60
-27
1
23
39
46
46
37
21
-1
-30
-63
-100
-138
-177
-215
-251
-284
-313
-338
-359
-375
-387
-395
-398
-397
-392
-383
-370
-353
-332
-307
-278
-246
-211
-172
-132
-91
-49
-8
31
69
105
140
172
203
232
259
286
312
337
362
385
407
428
446
460
