-87
-104
-122
-138
-154
-169
-181
-192
-199
-204
-206
-204
-200
-193
-183
-171
-157
-141
-124
-106
-88
-70
-53
-37
-22
-9
1
10
16
21
24
25
26
26
27
29
34
41
51
65
82
103
126
151
177
203
227
247
264
274
278
275
264
246
222
192
157
119
80
41
3
-30
-59
-83
-101
-113
-118
-117
-111
-101
-87
-72
-55
-38
-23
-9
2
11
16
19
18
14
8
0
-8
-17
-26
-35
-42
-48
-52
-53
-53
-51
-47
-41
-35
-27
-19
-12
-5
0
4
6
6
2
-3
-12
-23
-37
-52
-67
-83
-97
-110
-121
-129
-135
-138
-138
-136
-132
-125
-117
-108
-98
-88
-77
-65
-53
-40
-27
-13
2
19
37
57
77
98
119
138
156
170
181
188
189
185
175
159
138
111
81
46
9
-28
-66
-104
-139
-172
-199
-222
-239
-249
-252
-248
-238
-221
-199
-172
-140
-106
-69
-31
7
45
81
116
147
174
197
215
226
232
231
224
210
191
167
139
109
76
44
12
-17
-45
-69
-90
-106
-118
-126
-129
-128
-123
-114
-102
-87
-70
-52
-34
-15
2
18
33
45
56
64
71
76
79
82
85
87
89
92
95
100
106
113
121
130
141
151
160
168
173
175
172
164
151
132
107
76
41
3
-37
-80
-122
-162
-200
-233
-261
-282
-296
-302
-301
-292
-276
-253
-225
-192
-156
-117
-77
-37
0
37
72
103
131
155
176
192
205
213
218
219
217
210
200
185
167
146
121
94
64
32
0
-32
-64
-95
-122
-147
-167
-183
-194
-199
-199
-193
-181
-164
-143
-117
-88
-55
-19
17
55
94
132
168
203
234
261
284
302
314
319
318
310
296
276
251
222
190
156
122
89
57
28
2
-19
-38
-54
-67
-78
-86
-94
-101
-108
-115
-122
-130
-138
-147
-156
-165
-172
-179
-183
-185
-185
-182
-176
-168
-156
-143
-127
-110
-91
-72
-53
-35
-17
-1
13
25
34
41
44
43
38
30
17
1
-19
-44
-71
-102
-134
-166
-199
-230
-258
-283
-304
-320
-329
-332
-329
-319
-302
-279
-250
-216
-178
-138
-95
-52
-10
29
66
99
127
151
169
183
193
200
205
207
209
210
211
214
216
220
225
230
236
242
246
249
249
246
240
228
211
189
162
130
93
51
7
-39
-87
-136
-183
-228
-270
-307
-339
-364
-382
-392
-394
-387
-372
-349
-319
-283
-241
-195
-147
-98
-49
-2
42
82
118
148
172
191
204
212
216
217
216
214
212
211
211
213
219
227
238
252
269
287
308
329
350
369
387
400
409
411
406
392
370
339
299
252
197
137
73
6
-61
-127
-191
-251
-305
-354
-395
-429
-456
-476
-489
-496
-497
-492
-482
-467
-448
-425
-399
-368
-335
-298
-259
-219
-176
-133
-90
-47
-6
33
69
103
133
159
180
197
210
220
226
229
230
230
230
230
231
233
237
241
247
253
259
264
267
268
266
260
251
237
220
199
175
148
120
91
62
34
7
-17
-40
-61
-78
-93
-105
-114
-120
-123
-124
-122
-118
-112
-105
-96
-86
-76
-65
-54
-43
-33
-24
-16
-10
-5
-3
-3
-4
-8
-14
-20
-28
-35
-43
-49
-55
-59
-61
-61
-59
-57
-53
-48
-44
-40
-37
-36
-37
-41
-47
-55
-65
-76
-89
-102
-115
-127
-137
-145
-151
-155
-156
-153
-148
-141
-131
-119
-105
-90
-74
-58
-42
-26
-12
1
13
24
33
40
46
51
55
57
59
61
62
62
63
64
64
65
65
65
64
63
60
57
53
47
41
34
27
19
13
6
1
-3
-7
-10
-14
-18
-22
-28
-35
-43
-53
-64
-76
-89
-102
-113
-123
-131
-136
-137
-133
-126
-113
-97
-77
-54
-29
-3
22
46
69
88
103
114
120
121
117
109
97
82
64
45
25
5
-12
-28
-41
-50
-55
-56
-52
-44
-32
-17
0
17
37
56
74
92
108
122
133
142
149
152
153
150
144
135
123
109
93
76
58
40
23
7
-6
-17
-25
-31
-33
-33
-31
-28
-23
-19
-15
-12
-10
-11
-14
-19
-26
-35
-47
-60
-73
-88
-102
-115
-127
-137
-144
-148
-149
-146
-140
-130
-117
-102
-84
-65
-44
-22
0
21
42
63
83
102
119
134
147
159
168
176
181
185
187
187
185
182
177
171
163
154
145
135
124
114
104
94
84
75
66
57
48
39
29
19
9
0
-11
-22
-34
-45
-56
-67
-76
-85
-92
-98
-101
-102
-100
-96
-89
-80
-70
-59
-47
-37
-28
-21
-17
-17
-20
-27
-38
-53
-70
-89
-109
-128
-146
-161
-173
-181
-185
-184
-179
-170
-159
-146
-133
-120
-109
-100
-94
-91
-92
-95
-101
-108
-117
-126
-134
-141
-147
-149
-149
-146
-139
-130
-119
-105
-90
-74
-56
-38
-20
-2
15
33
50
67
84
100
115
130
144
158
172
186
199
212
225
237
248
258
266
271
275
275
272
266
257
245
230
212
191
168
143
116
87
57
27
-3
-34
-64
-94
-122
-148
-172
-193
-211
-225
-234
-239
-240
-237
-229
-218
-205
-190
-174
-158
-143
-129
-118
-108
-102
-98
-97
-99
-103
-108
-114
-120
-124
-127
-127
-123
-116
-105
-89
-70
-48
-22
4
32
60
88
114
138
159
177
191
201
208
210
208
203
195
185
172
158
143
126
110
93
76
59
43
27
13
0
-10
-19
-26
-30
-31
-29
-23
-15
-3
11
27
46
66
87
107
126
144
159
171
180
185
186
184
178
171
161
150
138
127
116
105
96
88
82
76
72
68
65
61
58
54
49
43
36
28
19
10
0
-10
-21
-32
-42
-53
-64
-74
-86
-98
-111
-125
-141
-158
-177
-197
-218
-239
-261
-281
-300
-317
-331
-342
-348
-350
-347
-340
-328
-312
-293
-270
-245
-217
-188
-157
-125
-92
-57
-23
12
47
83
118
152
185
216
245
271
294
314
330
342
350
354
354
351
344
335
323
308
293
276
258
240
222
204
186
167
149
131
112
94
74
54
32
10
-11
-35
-59
-82
-105
-127
-148
-166
-182
-196
-207
-216
-223
-228
-232
-235
-237
-239
-242
-246
-251
-257
-264
-271
-278
-284
-289
-291
-290
-285
-276
-261
-242
-218
-189
-157
-122
-85
-48
-12
21
52
79
101
118
129
134
134
129
120
108
93
78
63
49
38
30
27
28
34
44
58
76
96
118
140
161
179
195
207
214
217
214
207
196
181
163
143
123
104
85
68
54
43
36
31
30
31
35
40
46
53
60
66
70
72
71
68
62
52
39
24
7
-12
-32
-53
-74
-94
-113
-130
-144
-156
-164
-168
-170
-167
-161
-151
-137
-121
-103
-82
-60
-38
-15
5
26
45
62
76
88
98
105
109
111
112
111
110
107
104
100
95
91
86
81
76
70
64
59
53
47
41
34
27
19
10
0
-13
-27
-42
-58
-75
-92
-108
-123
-135
-145
-151
-153
-152
-147
-139
-127
-114
-99
-84
-69
-56
-45
-37
-32
-30
-31
-34
-39
-45
-52
-58
-63
-68
-70
-70
-67
-62
-55
-44
-31
-16
1
19
39
60
80
100
119
137
152
165
176
183
187
187
184
176
166
152
136
117
97
76
56
37
20
5
-5
-13
-17
-18
-15
-9
-1
8
18
29
38
46
52
56
57
55
51
45
38
29
20
10
0
-9
-18
-27
-36
-44
-52
-61
-71
-82
-95
-111
-129
-149
-172
-196
-221
-246
-270
-290
-307
-318
-323
-320
-310
-292
-268
-237
-201
-161
-120
-78
-38
0
32
60
82
98
108
113
113
110
105
98
93
88
87
88
92
98
107
117
128
138
147
153
156
156
152
145
135
123
108
93
77
61
46
32
18
6
-4
-15
-24
-34
-42
-50
-58
-65
-71
-76
-79
-82
-82
-81
-78
-74
-67
-60
-51
-42
-32
-23
-14
-7
-1
3
5
6
5
4
1
0
-1
-2
0
3
9
18
30
44
60
78
95
113
128
141
151
155
155
149
137
120
97
71
42
11
-18
-46
-71
-91
-104
-112
-112
-104
-90
-70
-46
-18
11
41
69
95
116
131
141
145
142
134
120
101
79
55
29
3
-21
-46
-68
-89
-107
-123
-137
-148
-157
-164
-169
-172
-173
-171
-167
-160
-150
-137
-122
-103
-82
-59
-34
-8
17
43
67
90
111
130
145
159
169
178
184
189
192
193
194
194
193
191
188
183
177
170
160
148
133
116
95
72
46
19
-9
-38
-65
-91
-113
-132
-147
-156
-161
-161
-158
-151
-141
-130
-117
-105
-92
-81
-70
-60
-52
-44
-36
-29
-21
-13
-5
2
11
19
26
31
34
34
31
23
11
-4
-23
-45
-68
-91
-112
-131
-145
-154
-158
-157
-151
-141
-127
-112
-97
-83
-72
-64
-60
-61
-65
-73
-83
-94
-106
-116
-124
-129
-130
-126
-118
-106
-91
-72
-51
-29
-6
16
38
59
77
94
110
123
135
147
157
167
175
183
188
191
191
186
177
163
143
118
88
53
14
-25
-68
-109
-149
-186
-217
-243
-262
-274
-277
-271
-256
-233
-201
-163
-118
-68
-16
37
90
141
187
228
260
284
297
300
293
275
247
211
167
118
67
15
-35
-81
-121
-153
-176
-188
-190
-181
-164
-138
-106
-69
-30
8
47
82
113
140
160
174
183
186
185
179
171
161
149
137
125
113
102
91
80
69
57
45
32
18
2
-14
-33
-53
-74
-95
-117
-137
-156
-173
-187
-197
-203
-205
-202
-195
-184
-168
-148
-126
-100
-73
-45
-16
11
38
63
86
107
125
141
154
166
176
184
192
198
203
207
211
213
214
213
211
208
204
198
191
183
175
167
160
153
148
144
142
141
142
143
145
146
146
144
138
129
115
97
73
43
8
-31
-75
-123
-172
-222
-269
-313
-352
-383
-406
-419
-422
-414
-397
-372
-339
-300
-258
-213
-169
-128
-91
-59
-35
-18
-11
-12
-21
-38
-61
-90
-121
-155
-188
-218
-245
-267
-283
-291
-293
-286
-273
-253
-228
-197
-162
-124
-84
-43
-1
40
81
120
158
194
228
261
291
320
347
372
396
418
438
456
470
481
488
491
487
479
463
441
413
378
337
290
238
182
124
64
4
-54
-110
-163
-211
-253
-290
-320
-344
-361
-374
-382
-386
-387
-386
-383
-379
-375
-371
-366
-360
-354
-345
-335
-321
-303
-282
-255
-224
-188
-148
-103
-56
-6
43
92
139
182
219
249
272
285
288
282
266
242
210
174
134
93
54
17
-12
-37
-53
-61
-61
-53
-39
-19
3
27
51
74
94
109
121
127
129
127
121
113
104
95
85
77
71
68
66
67
71
76
82
89
96
102
106
108
107
102
95
85
72
57
40
23
6
-9
-24
-37
-47
-55
