337
324
310
294
275
255
233
210
184
157
129
100
71
40
10
-19
-48
-77
-104
-130
-155
-178
-198
-215
-230
-241
-249
-252
-252
-248
-240
-228
-212
-194
-173
-151
-128
-104
-81
-59
-39
-21
-6
6
16
24
30
34
37
39
41
42
43
43
44
45
46
47
48
49
50
51
51
51
51
51
51
52
54
57
61
67
75
83
93
103
113
122
130
136
139
140
138
132
123
111
96
78
57
34
10
-15
-41
-67
-93
-116
-138
-157
-173
-186
-196
-202
-205
-205
-201
-194
-183
-170
-153
-134
-112
-87
-61
-33
-4
24
54
83
111
138
162
185
204
220
233
242
247
249
247
241
232
221
206
190
172
152
132
110
88
66
43
21
-1
-22
-43
-63
-81
-98
-112
-123
-131
-136
-139
-138
-135
-130
-123
-115
-106
-97
-89
-81
-75
-70
-65
-62
-60
-58
-57
-56
-54
-52
-50
-47
-44
-40
-37
-35
-33
-33
-34
-37
-41
-46
-53
-60
-67
-73
-79
-84
-87
-89
-89
-87
-83
-78
-72
-64
-56
-48
-39
-31
-22
-14
-5
2
11
20
28
37
46
54
62
69
75
79
82
84
84
83
82
79
77
74
72
70
69
67
66
64
62
59
55
50
44
36
28
19
10
1
-6
-13
-19
-23
-26
-26
-25
-21
-16
-10
-2
5
13
20
27
33
37
39
39
37
32
25
15
3
-10
-27
-45
-64
-83
-103
-121
-139
-154
-166
-175
-181
-183
-180
-174
-164
-150
-132
-112
-90
-65
-39
-12
14
40
65
88
109
127
142
154
162
167
169
167
163
156
146
135
123
109
94
79
63
47
31
14
-1
-18
-33
-48
-61
-72
-81
-86
-87
-84
-77
-66
-52
-36
-18
0
19
36
51
63
72
78
80
79
74
67
58
48
37
25
14
3
-6
-14
-22
-28
-32
-35
-36
-37
-36
-34
-32
-29
-26
-22
-17
-12
-6
0
7
14
22
31
39
47
56
63
70
77
83
87
91
95
97
98
98
98
97
95
93
90
87
83
78
72
66
59
51
42
33
22
12
1
-9
-20
-30
-40
-50
-59
-67
-75
-83
-91
-99
-106
-114
-121
-128
-133
-136
-138
-138
-135
-129
-122
-112
-101
-90
-79
-68
-59
-52
-47
-46
-47
-52
-60
-71
-83
-97
-111
-125
-137
-147
-154
-158
-158
-153
-144
-131
-114
-94
-72
-47
-20
6
33
59
84
107
128
146
161
172
180
185
187
186
183
178
172
165
158
150
141
133
124
116
107
99
90
82
73
64
55
46
37
27
18
9
0
-8
-16
-23
-29
-33
-37
-40
-41
-42
-41
-40
-39
-36
-33
-30
-27
-24
-21
-18
-16
-15
-14
-15
-16
-18
-21
-26
-31
-37
-45
-53
-61
-70
-80
-89
-97
-105
-111
-115
-117
-116
-112
-105
-94
-80
-64
-45
-26
-5
14
33
50
63
74
81
84
83
79
72
62
51
38
24
10
-3
-16
-27
-37
-45
-50
-53
-53
-51
-47
-40
-32
-23
-12
-1
9
20
31
41
51
59
67
74
79
82
84
83
81
76
68
59
48
35
21
7
-6
-20
-33
-46
-56
-66
-74
-81
-87
-92
-97
-100
-104
-107
-109
-110
-111
-110
-107
-103
-96
-87
-75
-61
-45
-27
-9
9
27
44
59
72
82
88
91
92
89
84
78
70
63
55
50
46
44
45
48
53
60
68
77
86
94
100
105
108
108
104
98
89
77
62
45
27
7
-11
-31
-49
-66
-82
-95
-105
-112
-117
-119
-118
-114
-107
-98
-88
-75
-62
-48
-34
-20
-6
5
16
26
33
39
42
43
42
38
33
25
16
5
-7
-20
-33
-47
-59
-70
-79
-85
-89
-88
-85
-78
-67
-54
-38
-21
-2
16
34
51
65
78
87
93
96
96
94
90
86
80
75
71
69
68
69
73
78
84
92
100
107
113
117
119
118
113
106
95
81
65
48
30
12
-5
-21
-35
-46
-55
-61
-65
-65
-63
-58
-52
-43
-34
-23
-12
-1
8
18
27
34
40
43
45
45
42
38
31
22
11
-1
-15
-30
-45
-61
-76
-89
-102
-112
-119
-124
-126
-125
-121
-114
-105
-94
-82
-68
-54
-40
-27
-14
-3
6
16
24
32
40
47
54
61
69
76
84
90
96
101
103
104
103
99
92
83
72
58
43
27
10
-6
-22
-37
-50
-61
-71
-78
-83
-87
-89
-90
-90
-89
-87
-84
-80
-75
-69
-62
-54
-44
-33
-21
-7
7
22
38
54
69
83
95
105
113
118
120
119
114
107
97
85
70
54
36
18
0
-19
-37
-55
-71
-85
-97
-106
-113
-118
-121
-122
-122
-120
-118
-116
-113
-110
-107
-104
-101
-98
-94
-89
-84
-77
-69
-59
-48
-35
-21
-6
9
25
41
56
70
82
93
102
108
113
115
115
114
110
106
100
93
86
77
69
60
50
40
30
19
8
-4
-17
-31
-45
-60
-75
-89
-103
-115
-126
-134
-139
-142
-141
-136
-128
-116
-101
-83
-63
-40
-17
6
29
51
70
87
101
111
117
120
119
115
108
97
85
71
55
38
20
2
-14
-32
-48
-62
-75
-86
-94
-99
-101
-100
-96
-89
-79
-65
-50
-32
-13
6
26
46
65
83
100
114
126
135
142
145
146
144
139
131
120
107
92
75
56
36
16
-3
-22
-40
-56
-70
-80
-88
-93
-95
-95
-92
-86
-80
-73
-65
-57
-50
-43
-38
-34
-31
-29
-28
-28
-28
-29
-30
-30
-30
-29
-27
-24
-21
-17
-12
-6
-1
4
9
13
17
20
21
22
23
23
22
22
22
23
24
25
27
30
32
36
40
45
51
57
64
71
78
85
91
96
100
101
101
99
95
89
81
72
62
52
41
31
20
11
3
-4
-10
-15
-19
-22
-25
-29
-32
-37
-44
-52
-62
-74
-88
-103
-120
-138
-156
-173
-190
-206
-219
-229
-236
-239
-238
-231
-220
-203
-182
-155
-124
-90
-53
-13
26
66
105
141
175
205
230
252
268
280
287
290
288
282
272
258
240
219
194
167
138
106
73
39
5
-27
-59
-87
-112
-133
-149
-160
-165
-165
-160
-150
-135
-117
-97
-75
-52
-30
-9
9
25
37
46
50
50
47
40
30
17
2
-13
-29
-45
-61
-75
-87
-97
-104
-108
-109
-108
-105
-100
-93
-85
-77
-69
-61
-54
-47
-42
-38
-34
-32
-30
-28
-27
-25
-23
-20
-16
-12
-8
-3
1
6
10
14
17
20
21
22
23
23
24
25
26
28
31
35
40
46
52
59
66
73
79
85
90
94
97
99
100
101
102
103
104
105
107
109
111
113
114
115
115
114
111
106
100
91
80
68
53
38
22
6
-8
-22
-35
-45
-54
-60
-64
-66
-66
-65
-62
-60
-56
-53
-50
-47
-45
-44
-43
-43
-44
-45
-46
-48
-49
-50
-50
-50
-49
-48
-46
-44
-41
-38
-36
-32
-29
-25
-20
-15
-9
-3
2
9
14
20
24
27
29
30
29
27
24
20
15
9
1
-6
-14
-23
-32
-41
-51
-60
-68
-77
-85
-93
-100
-107
-113
-118
-121
-121
-119
-115
-106
-95
-80
-62
-42
-20
3
27
51
75
97
118
136
151
164
173
179
182
181
178
172
164
154
143
131
119
108
97
87
78
71
65
60
56
53
51
49
48
47
45
44
41
38
34
29
23
16
8
-1
-12
-24
-36
-50
-64
-79
-93
-108
-121
-134
-146
-156
-164
-171
-175
-178
-178
-177
-174
-169
-163
-155
-146
-136
-125
-113
-100
-88
-75
-64
-54
-45
-38
-34
-32
-32
-34
-38
-43
-48
-53
-56
-56
-54
-49
-40
-28
-13
3
21
40
58
74
88
99
106
109
108
102
92
79
63
46
28
10
-6
-20
-30
-36
-38
-35
-27
-15
0
19
40
62
84
106
126
144
160
172
180
185
186
183
177
168
156
142
125
107
87
65
43
20
-2
-25
-48
-68
-87
-103
-116
-126
-132
-134
-132
-127
-119
-108
-97
-85
-74
-64
-56
-50
-47
-46
-49
-53
-58
-65
-72
-79
-84
-88
-90
-90
-88
-83
-76
-68
-58
-47
-35
-23
-10
1
12
23
34
44
53
61
68
75
81
86
90
92
94
95
94
91
87
81
72
62
49
34
17
-1
-20
-41
-61
-82
-101
-119
-135
-149
-160
-169
-174
-175
-173
-168
-159
-148
-133
-117
-98
-77
-55
-32
-9
13
36
58
78
97
113
127
138
146
152
156
157
157
157
157
157
159
163
168
176
185
196
208
220
232
243
251
257
259
258
251
240
224
203
177
148
115
80
44
8
-28
-62
-94
-124
-149
-171
-188
-200
-208
-212
-212
-209
-203
-196
-187
-178
-170
-162
-156
-152
-150
-150
-151
-154
-158
-162
-165
-167
-167
-163
-157
-146
-131
-113
-90
-65
-38
-10
18
46
71
93
111
125
133
137
135
129
119
106
91
74
57
40
25
11
0
-8
-13
-15
-15
-11
-5
2
12
23
35
47
60
73
86
98
109
120
129
137
142
146
148
147
143
137
129
118
105
91
75
59
42
26
11
-2
-15
-26
-35
-43
-48
-52
-55
-57
-57
-58
-58
-58
-58
-59
-60
-63
-66
-69
-73
-77
-82
-86
-90
-93
-95
-97
-99
-99
-100
-99
-99
-98
-98
-97
-96
-94
-92
-90
-88
-85
-82
-78
-74
-70
-65
-59
-54
-48
-42
-36
-30
-23
-17
-11
-6
-1
3
7
12
16
19
23
27
31
36
40
45
49
54
59
64
69
74
78
82
86
88
90
91
91
90
87
82
76
68
59
47
34
20
4
-10
-26
-40
-52
-62
-69
-72
-71
-66
-57
-44
-29
-11
8
28
47
65
81
95
104
110
112
110
105
96
85
72
59
45
32
21
11
3
-1
-4
-5
-5
-3
-2
-1
-1
-2
-5
-9
-16
-24
-33
-43
-53
-64
-74
-83
-92
-99
-104
-109
-111
-112
-111
-108
-104
-97
-89
-79
-67
-54
-40
-25
-11
2
16
28
38
47
55
60
63
65
65
63
60
56
51
44
37
28
18
7
-5
-19
-34
-51
-69
-88
-107
-125
-143
-159
-173
-183
-190
-192
-189
-182
-168
-150
-127
-99
-67
-32
4
43
81
119
154
186
213
235
252
261
265
262
255
242
227
209
191
172
155
139
125
113
102
94
85
78
69
59
48
35
20
4
-13
-31
-49
-67
-82
-96
-107
-114
-119
-120
-118
-112
-105
-95
-83
-71
-58
-46
-34
-24
-14
-7
-1
2
5
6
6
5
2
0
-5
-10
-17
-24
-32
-41
-50
-60
-69
-79
-87
-94
-99
-102
-103
-101
-96
-90
-81
-70
-57
-44
-29
-15
0
15
30
45
60
74
87
100
112
122
131
139
145
149
150
150
146
141
133
124
113
