30
28
27
28
31
36
43
51
60
69
79
88
95
101
105
107
106
103
97
90
80
69
57
44
31
18
5
-6
-17
-27
-35
-42
-47
-50
-53
-53
-53
-51
-48
-44
-40
-34
-29
-23
-17
-12
-8
-5
-3
-4
-6
-11
-18
-28
-39
-52
-67
-83
-99
-116
-132
-147
-160
-172
-181
-188
-193
-196
-196
-195
-192
-188
-184
-179
-174
-169
-164
-160
-155
-150
-144
-137
-129
-120
-109
-96
-82
-67
-49
-31
-11
8
29
51
72
93
114
134
152
170
186
201
213
224
233
240
244
245
245
241
236
228
219
208
197
185
172
160
149
137
127
117
107
97
87
77
67
56
45
34
23
12
1
-7
-16
-24
-31
-37
-42
-46
-50
-53
-56
-59
-62
-66
-69
-72
-75
-77
-79
-80
-80
-79
-79
-78
-77
-77
-78
-82
-87
-95
-106
-119
-134
-150
-168
-185
-201
-214
-224
-229
-228
-222
-208
-187
-160
-126
-87
-44
1
48
94
138
178
212
240
261
273
278
274
264
246
224
197
167
137
105
75
47
22
0
-19
-36
-49
-60
-69
-76
-82
-87
-92
-96
-100
-103
-105
-107
-107
-105
-101
-94
-85
-73
-59
-43
-25
-6
12
31
48
64
77
88
96
101
103
102
98
92
83
73
62
49
36
23
11
0
-12
-21
-30
-37
-42
-45
-46
-46
-44
-41
-38
-36
-34
-33
-35
-39
-45
-54
-65
-78
-91
-104
-116
-126
-132
-134
-132
-126
-115
-99
-80
-57
-32
-5
22
50
77
101
123
141
156
166
171
171
166
157
144
127
107
84
58
32
4
-23
-49
-74
-97
-115
-130
-139
-143
-141
-134
-122
-107
-88
-68
-47
-29
-13
-1
4
4
-1
-14
-32
-54
-79
-105
-130
-152
-170
-181
-186
-183
-172
-153
-127
-96
-60
-22
16
53
87
117
140
156
164
165
158
144
124
99
71
41
10
-19
-46
-68
-86
-97
-101
-98
-88
-73
-52
-28
-3
22
45
64
78
86
85
76
58
31
-2
-43
-89
-139
-190
-241
-289
-332
-369
-398
-417
-426
-425
-413
-390
-358
-317
-267
-211
-151
-87
-21
44
108
169
226
277
323
363
397
425
447
463
474
481
482
480
473
462
447
428
406
380
352
322
290
257
224
191
160
131
104
79
57
37
20
5
-8
-19
-30
-40
-49
-57
-64
-71
-77
-82
-86
-89
-91
-92
-92
-92
-92
-93
-95
-99
-104
-111
-120
-131
-142
-154
-165
-176
-185
-191
-194
-194
-190
-183
-172
-158
-141
-123
-104
-84
-65
-47
-31
-17
-5
4
13
21
29
37
46
57
69
84
101
119
138
158
178
197
215
231
244
255
263
267
269
266
261
252
240
224
206
184
160
133
104
73
42
10
-21
-51
-78
-102
-122
-137
-148
-153
-153
-149
-142
-133
-124
-114
-107
-102
-100
-102
-108
-118
-130
-145
-161
-178
-193
-206
-216
-222
-224
-221
-214
-202
-186
-166
-144
-121
-96
-72
-48
-26
-5
12
30
45
59
72
84
95
106
117
128
138
147
155
162
166
169
169
166
161
153
142
129
114
98
82
65
50
36
23
12
3
-3
-8
-12
-14
-16
-17
-17
-18
-18
-19
-20
-21
-21
-21
-21
-21
-20
-18
-17
-16
-15
-15
-16
-18
-22
-27
-34
-43
-53
-65
-77
-90
-103
-115
-127
-138
-147
-155
-161
-164
-165
-163
-159
-153
-144
-134
-122
-109
-95
-80
-65
-50
-36
-22
-9
1
11
18
24
28
29
30
29
27
25
24
24
26
29
35
43
54
67
83
101
121
143
165
186
207
226
242
254
263
266
265
259
249
234
215
192
166
138
106
73
38
3
-33
-69
-104
-137
-168
-195
-219
-237
-251
-258
-260
-255
-244
-227
-205
-178
-148
-114
-79
-42
-6
28
60
90
116
139
158
173
184
192
196
198
196
193
186
178
168
157
143
128
112
95
78
59
41
23
7
-8
-22
-35
-45
-54
-60
-66
-70
-73
-76
-79
-83
-87
-92
-99
-106
-115
-125
-136
-147
-159
-171
-183
-194
-205
-215
-225
-233
-240
-246
-251
-254
-256
-257
-256
-252
-247
-238
-226
-211
-192
-169
-142
-111
-76
-39
0
42
83
125
165
202
236
267
292
313
328
338
342
340
333
320
303
282
258
230
201
170
138
106
76
46
18
-6
-30
-50
-67
-82
-93
-101
-107
-110
-111
-109
-107
-102
-97
-91
-85
-79
-72
-66
-60
-53
-47
-41
-34
-27
-19
-12
-3
5
14
24
34
45
55
65
74
82
88
93
95
95
93
89
82
74
64
54
43
31
20
8
-2
-13
-25
-37
-50
-64
-79
-96
-113
-132
-150
-169
-186
-201
-214
-223
-227
-226
-219
-207
-189
-165
-135
-102
-66
-27
12
51
89
124
156
184
207
225
238
247
250
249
245
236
224
209
191
172
150
128
106
84
62
42
24
8
-5
-16
-25
-31
-35
-37
-38
-37
-36
-35
-33
-32
-30
-28
-26
-23
-19
-14
-8
-1
6
15
25
35
44
53
59
64
66
65
60
51
39
23
4
-17
-40
-63
-86
-108
-128
-145
-160
-170
-178
-181
-181
-178
-172
-162
-150
-136
-119
-102
-83
-65
-47
-29
-13
0
13
24
33
41
46
51
54
56
56
56
54
51
47
43
38
32
25
18
11
3
-4
-12
-19
-27
-34
-40
-45
-49
-52
-53
-54
-53
-53
-51
-50
-49
-49
-48
-48
-47
-45
-41
-36
-28
-17
-3
12
31
52
74
97
119
140
159
174
186
194
198
197
193
184
173
158
142
125
107
90
72
56
40
25
11
-1
-14
-26
-37
-47
-56
-64
-71
-76
-81
-84
-86
-88
-88
-88
-87
-86
-85
-83
-81
-79
-76
-72
-68
-62
-57
-50
-43
-36
-28
-21
-14
-8
-3
0
2
4
3
2
0
-2
-5
-9
-12
-16
-18
-20
-22
-22
-22
-21
-19
-17
-14
-12
-9
-7
-5
-4
-4
-5
-7
-9
-12
-15
-19
-22
-25
-27
-28
-29
-27
-24
-19
-12
-3
7
20
34
49
66
83
101
118
136
153
169
183
196
206
214
218
220
219
214
206
196
183
167
150
131
111
90
69
48
27
7
-10
-27
-42
-54
-63
-69
-72
-72
-70
-64
-57
-48
-38
-28
-18
-10
-5
-1
-1
-5
-11
-21
-33
-48
-63
-80
-96
-112
-126
-138
-147
-154
-157
-157
-153
-145
-135
-121
-105
-88
-69
-50
-31
-13
2
17
28
37
43
45
44
41
36
28
20
10
1
-7
-16
-23
-29
-35
-39
-42
-44
-45
-46
-46
-46
-45
-43
-41
-39
-35
-30
-24
-17
-9
0
8
18
28
36
45
51
56
60
60
59
56
51
44
36
28
20
13
7
2
0
0
0
2
4
8
11
14
16
16
15
12
7
1
-6
-15
-25
-35
-45
-54
-61
-66
-70
-71
-70
-68
-64
-60
-55
-51
-49
-47
-47
-48
-51
-54
-59
-63
-68
-73
-77
-80
-83
-86
-88
-91
-94
-97
-101
-105
-110
-116
-122
-127
-132
-135
-137
-136
-132
-124
-113
-98
-79
-57
-33
-7
20
47
73
98
120
140
156
169
179
185
189
190
190
187
182
175
167
157
145
131
116
99
81
61
41
22
2
-15
-32
-46
-59
-68
-75
-78
-79
-78
-75
-70
-64
-58
-52
-47
-43
-40
-38
-37
-37
-36
-36
-34
-30
-25
-16
-5
9
27
47
70
95
121
148
175
200
224
244
260
272
277
276
269
254
232
204
170
130
87
41
-5
-52
-97
-140
-178
-212
-239
-260
-273
-280
-279
-272
-258
-238
-213
-183
-151
-116
-80
-44
-8
26
59
90
118
143
164
181
195
203
206
204
197
183
164
138
107
71
31
-11
-55
-100
-143
-181
-214
-239
-255
-261
-256
-240
-214
-179
-136
-86
-33
20
74
126
173
214
248
274
292
301
303
297
286
270
251
229
206
182
159
136
115
96
78
61
46
33
21
10
0
-8
-17
-24
-31
-38
-44
-50
-56
-63
-71
-79
-90
-102
-115
-129
-145
-160
-175
-188
-199
-206
-209
-207
-200
-188
-170
-148
-122
-94
-65
-36
-8
16
37
54
65
71
72
67
59
47
33
17
1
-13
-26
-36
-43
-47
-46
-41
-32
-19
-2
17
39
62
85
108
128
145
159
167
170
167
158
145
126
104
79
52
25
0
-23
-44
-61
-75
-83
-87
-88
-84
-78
-69
-59
-48
-37
-27
-17
-9
-2
3
7
11
14
17
20
22
24
25
25
23
21
16
10
3
-5
-14
-24
-33
-42
-49
-54
-57
-57
-54
-48
-39
-29
-17
-3
9
22
34
44
52
57
59
58
54
47
36
23
6
-13
-36
-61
-90
-120
-151
-184
-216
-247
-275
-300
-320
-334
-341
-341
-332
-314
-288
-254
-212
-164
-112
-56
0
53
104
150
188
217
235
243
240
227
204
172
135
93
49
6
-34
-68
-96
-114
-123
-121
-109
-87
-57
-20
22
67
115
161
206
247
284
314
338
356
366
370
368
359
344
325
301
273
242
208
172
135
97
58
20
-15
-50
-81
-109
-133
-152
-166
-176
-180
-181
-179
-175
-171
-167
-164
-163
-165
-169
-176
-186
-196
-207
-218
-228
-236
-242
-245
-244
-240
-233
-222
-210
-196
-182
-169
-158
-150
-146
-149
-158
-175
-200
-233
-273
-319
-371
-425
-479
-532
-579
-619
-648
-664
-665
-650
-618
-568
-502
-421
-326
-220
-106
12
133
253
369
478
579
669
749
816
872
916
949
972
986
991
987
976
958
933
901
862
818
767
712
653
590
524
456
388
319
252
187
124
65
10
-41
-88
-131
-171
-208
-242
-275
-305
-334
-361
-387
-411
-433
-452
-468
-480
-489
-492
-491
-486
-476
-461
-443
-421
-395
-367
-337
-306
-273
-240
-207
-174
-141
-110
-80
-52
-26
-3
17
33
47
57
63
66
66
63
59
53
46
40
35
31
28
29
32
39
48
61
77
95
114
134
154
173
190
204
214
221
225
224
220
213
203
192
179
165
151
137
124
112
102
93
86
80
74
70
65
61
56
50
44
36
28
19
10
0
-8
-17
-24
-30
-35
-37
-38
-36
-32
-26
-18
-8
1
12
23
35
45
55
63
70
75
78
80
80
78
74
68
60
50
39
26
12
-2
-18
-35
-51
-68
-84
-98
-111
-123
-132
-138
-142
-143
-140
-135
-127
-117
-105
-91
-76
-61
-46
-33
-20
-10
-2
2
5
4
1
-4
-12
-21
-32
-42
-53
-64
-73
-81
-88
-94
-98
-101
-104
-106
-107
-109
-111
-112
-114
-115
-115
-115
-113
-109
-104
-97
-87
-76
-63
-49
-34
-18
-3
11
25
36
46
53
59
61
62
61
58
55
50
45
41
36
33
30
27
25
23
21
19
16
11
6
0
-8
-18
-28
-38
-49
-59
-67
-73
-77
-77
-73
-64
-51
