-56
-62
-66
-68
-67
-64
-60
-54
-47
-40
-32
-25
-19
-13
-8
-3
0
4
7
10
13
16
18
19
19
18
16
13
8
2
-4
-12
-21
-31
-40
-49
-57
-64
-69
-73
-73
-72
-67
-60
-51
-40
-27
-13
0
14
27
39
48
55
60
61
59
55
47
37
25
12
-1
-16
-30
-42
-54
-63
-69
-73
-75
-73
-69
-62
-53
-41
-28
-13
2
18
34
50
64
77
88
96
102
105
104
101
96
88
78
66
54
41
29
16
5
-5
-15
-23
-30
-36
-41
-44
-47
-49
-51
-52
-53
-54
-56
-57
-59
-60
-63
-65
-68
-71
-74
-76
-76
-76
-72
-66
-56
-42
-25
-4
18
43
69
94
118
139
157
170
178
181
179
172
161
146
128
109
89
70
52
35
21
9
0
-8
-15
-21
-27
-34
-41
-50
-60
-72
-84
-97
-111
-124
-137
-148
-157
-163
-167
-167
-165
-159
-151
-142
-131
-120
-109
-99
-91
-86
-83
-82
-84
-88
-94
-101
-109
-115
-121
-124
-125
-123
-117
-108
-95
-79
-61
-40
-17
6
30
54
78
100
121
139
156
169
180
187
191
191
188
181
171
158
144
128
112
96
81
67
56
46
40
36
36
37
41
46
53
60
67
73
77
79
78
75
68
58
45
28
9
-11
-34
-58
-83
-108
-131
-153
-171
-186
-197
-202
-201
-195
-182
-164
-141
-113
-82
-49
-16
16
47
75
99
117
130
136
137
131
120
103
83
60
35
10
-14
-38
-59
-77
-92
-102
-108
-109
-106
-98
-85
-69
-49
-26
-1
25
52
79
105
129
150
169
183
194
201
205
205
203
198
190
181
170
157
142
127
110
92
72
52
30
7
-15
-39
-63
-86
-109
-130
-149
-165
-179
-188
-194
-196
-193
-187
-177
-163
-147
-129
-108
-87
-65
-44
-22
-2
15
33
48
62
74
85
94
103
112
120
127
135
143
150
157
162
166
169
168
165
158
148
133
115
94
69
42
13
-16
-46
-76
-105
-131
-155
-176
-193
-207
-216
-221
-222
-219
-213
-204
-191
-177
-161
-144
-126
-108
-91
-75
-60
-46
-33
-22
-12
-4
1
6
10
12
13
13
11
9
6
2
-2
-7
-13
-18
-24
-30
-35
-39
-42
-44
-44
-43
-40
-36
-31
-26
-21
-17
-13
-11
-9
-8
-9
-10
-12
-13
-14
-14
-12
-9
-3
5
16
29
45
63
82
102
122
140
157
172
183
191
194
193
188
178
164
146
126
103
80
55
31
9
-11
-30
-46
-58
-68
-75
-80
-82
-83
-82
-81
-79
-76
-74
-71
-68
-66
-63
-61
-59
-57
-55
-54
-53
-53
-53
-54
-55
-57
-60
-63
-67
-71
-75
-80
-84
-88
-91
-93
-94
-94
-92
-88
-81
-71
-59
-43
-25
-3
19
45
72
99
125
149
171
189
202
211
215
215
211
203
192
179
164
149
134
119
106
93
81
71
61
51
42
32
22
12
1
-9
-20
-32
-44
-56
-67
-77
-87
-95
-103
-108
-113
-115
-116
-114
-110
-105
-97
-88
-77
-64
-50
-36
-20
-5
9
24
38
51
63
73
82
89
94
97
99
98
96
92
87
82
76
71
67
64
62
63
65
68
73
79
84
89
93
93
91
86
76
62
44
23
-1
-28
-56
-83
-109
-133
-152
-167
-177
-181
-179
-171
-158
-141
-120
-97
-72
-46
-21
2
24
43
59
73
83
90
94
96
95
92
86
80
72
63
53
42
32
21
11
0
-9
-19
-28
-37
-46
-54
-61
-67
-72
-75
-78
-79
-78
-76
-72
-68
-63
-57
-51
-44
-37
-31
-25
-19
-14
-9
-6
-3
-2
-2
-3
-4
-7
-10
-14
-18
-23
-28
-33
-39
-45
-51
-57
-62
-67
-71
-73
-73
-71
-67
-61
-53
-43
-32
-19
-6
6
19
31
42
51
57
61
62
60
54
46
35
22
8
-5
-18
-30
-39
-45
-48
-47
-43
-35
-26
-14
-2
8
18
25
30
30
26
19
7
-7
-24
-42
-60
-77
-92
-104
-111
-114
-112
-105
-93
-77
-56
-32
-5
22
50
78
104
127
146
161
171
175
174
167
155
139
119
96
70
43
16
-9
-34
-56
-75
-89
-100
-106
-107
-104
-97
-86
-72
-57
-41
-25
-9
3
13
20
23
22
17
7
-5
-21
-39
-57
-75
-91
-104
-112
-114
-110
-99
-82
-58
-29
2
37
73
107
137
163
181
192
195
188
173
149
118
81
40
-3
-47
-90
-130
-164
-192
-212
-223
-225
-218
-202
-178
-147
-111
-70
-28
14
57
97
133
165
193
215
231
241
246
246
242
233
222
208
192
175
158
141
125
109
95
82
70
60
50
41
33
25
18
11
5
-1
-7
-13
-20
-26
-33
-40
-47
-55
-62
-68
-74
-79
-82
-84
-85
-83
-80
-75
-68
-61
-53
-44
-35
-26
-18
-11
-6
-1
0
1
0
-1
-5
-10
-15
-20
-24
-27
-29
-29
-27
-24
-19
-14
-8
-3
0
3
3
0
-4
-12
-23
-35
-49
-63
-77
-90
-100
-107
-110
-109
-104
-94
-81
-64
-45
-25
-4
15
34
52
66
78
86
91
93
92
89
83
76
68
59
50
40
30
20
11
1
-6
-15
-23
-30
-37
-43
-49
-53
-56
-59
-60
-60
-58
-55
-52
-47
-41
-35
-29
-23
-17
-13
-9
-6
-3
-2
0
0
2
4
7
10
13
17
21
25
28
31
33
35
35
34
33
30
26
21
15
9
2
-3
-10
-16
-21
-24
-26
-26
-25
-21
-15
-7
1
12
24
37
49
60
70
77
81
83
81
76
68
57
44
30
16
1
-13
-27
-40
-51
-61
-70
-77
-83
-88
-92
-96
-99
-101
-103
-103
-103
-101
-98
-92
-84
-75
-63
-49
-34
-17
0
16
33
50
66
80
94
106
116
125
132
136
139
140
138
134
128
120
109
97
83
66
48
29
7
-14
-38
-62
-85
-108
-130
-150
-167
-182
-193
-201
-205
-206
-204
-198
-188
-176
-161
-143
-122
-100
-75
-50
-24
1
26
51
74
95
114
130
144
155
163
168
171
171
168
164
159
152
144
135
126
117
108
98
90
81
74
66
60
54
48
43
38
34
28
22
15
7
-1
-11
-23
-35
-49
-64
-78
-94
-109
-123
-136
-148
-158
-167
-172
-175
-176
-174
-169
-162
-152
-141
-127
-112
-94
-74
-53
-30
-5
20
47
74
100
126
150
171
190
205
215
222
224
221
214
203
189
171
151
128
104
79
54
29
4
-19
-42
-63
-82
-99
-114
-126
-135
-141
-143
-143
-140
-134
-125
-114
-102
-88
-74
-60
-46
-32
-19
-7
3
13
21
27
31
32
31
28
22
13
2
-11
-27
-44
-61
-79
-96
-111
-123
-131
-135
-135
-129
-119
-105
-87
-66
-43
-20
3
25
45
62
77
89
98
104
107
108
107
104
101
96
91
85
79
73
67
60
54
47
40
33
26
21
16
13
11
11
13
18
24
31
40
50
60
69
77
84
88
91
91
89
85
79
71
62
53
43
32
21
10
-1
-13
-24
-35
-46
-56
-65
-73
-79
-84
-88
-90
-91
-91
-90
-89
-87
-86
-84
-83
-82
-82
-81
-80
-79
-78
-76
-73
-69
-64
-58
-51
-43
-35
-28
-20
-13
-8
-3
0
1
1
1
0
-1
-3
-4
-5
-4
-2
1
6
12
21
30
41
53
65
78
90
102
112
121
128
132
134
133
129
122
113
102
89
74
59
44
30
15
2
-8
-19
-27
-33
-37
-39
-39
-37
-34
-29
-23
-18
-12
-7
-2
0
1
2
0
-1
-4
-9
-13
-17
-22
-25
-28
-30
-31
-31
-29
-26
-23
-19
-14
-9
-4
0
3
7
9
10
10
9
6
2
-2
-8
-13
-19
-25
-29
-32
-34
-34
-33
-30
-27
-22
-17
-12
-6
0
4
10
15
19
23
27
30
32
34
34
34
34
33
31
29
27
24
21
18
15
12
9
7
6
6
6
8
10
13
16
19
21
23
23
21
18
14
7
0
-8
-17
-28
-38
-49
-59
-69
-78
-85
-91
-96
-98
-99
-97
-94
-89
-83
-76
-68
-60
-53
-45
-38
-32
-27
-23
-21
-19
-17
-17
-16
-15
-14
-13
-10
-7
-2
2
8
15
22
29
35
40
45
47
48
46
43
37
30
20
10
0
-10
-20
-29
-35
-38
-39
-37
-32
-23
-13
-1
11
25
39
52
63
74
82
89
94
97
98
98
97
94
91
87
83
78
74
69
65
61
56
52
47
43
38
33
27
21
15
8
0
-7
-16
-24
-34
-43
-53
-63
-73
-83
-93
-103
-113
-122
-131
-138
-144
-148
-151
-151
-150
-147
-141
-134
-125
-114
-102
-90
-77
-64
-51
-38
-26
-15
-4
5
15
25
34
43
51
58
64
70
74
76
77
76
74
70
66
60
55
50
45
41
38
35
33
31
29
27
25
23
20
17
13
10
7
4
2
1
0
1
3
7
12
17
24
31
38
44
49
52
53
51
47
40
31
21
9
-2
-13
-24
-34
-42
-47
-50
-50
-48
-43
-36
-27
-16
-5
5
15
25
33
39
43
44
43
39
33
25
14
2
-10
-25
-40
-56
-72
-86
-100
-111
-121
-127
-129
-128
-123
-113
-99
-81
-58
-33
-4
25
57
88
119
147
173
196
214
228
238
242
242
238
229
216
200
181
160
137
112
87
61
35
9
-15
-38
-60
-80
-98
-113
-125
-134
-139
-141
-141
-137
-130
-122
-112
-101
-90
-79
-70
-61
-54
-49
-46
-44
-43
-44
-45
-47
-49
-51
-53
-54
-54
-52
-50
-45
-40
-32
-24
-14
-3
7
19
30
41
51
61
70
78
85
91
96
101
105
108
111
112
112
111
109
105
100
93
85
76
66
55
44
32
21
9
-1
-12
-22
-31
-39
-47
-53
-59
-63
-66
-68
-69
-68
-66
-63
-59
-55
-50
-45
-39
-34
-29
-24
-20
-15
-10
-6
-1
4
9
15
21
26
31
35
38
38
37
33
26
15
2
-13
-32
-54
-76
-100
-123
-145
-165
-182
-195
-203
-206
-203
-194
-179
-159
-134
-106
-75
-42
-9
22
51
77
99
116
127
133
134
130
122
110
95
79
62
45
28
14
2
-7
-13
-16
-16
-12
-6
1
11
23
35
48
59
69
77
82
83
80
73
61
44
23
-1
-29
-61
-94
-127
-160
-191
-219
-242
-261
-273
-278
-277
-268
-252
-230
-202
-169
-132
-93
-52
-11
27
65
98
127
152
171
184
193
196
195
191
184
175
165
154
144
135
127
121
116
112
110
108
107
106
104
102
99
95
90
83
74
64
52
39
24
9
-6
-22
-37
-51
-64
-74
-82
-88
-91
-91
-89
-85
-79
-71
-62
-52
-42
-31
-22
-14
