35
57
72
79
80
78
72
66
58
51
45
41
38
39
42
49
61
77
100
127
162
202
248
299
355
414
475
537
598
657
712
763
807
844
873
894
905
907
898
880
852
814
767
711
646
573
492
403
308
207
101
-8
-122
-236
-350
-461
-567
-666
-755
-831
-894
-940
-969
-980
-973
-949
-909
-856
-792
-720
-643
-566
-492
-425
-367
-322
-291
-276
-276
-291
-318
-354
-396
-441
-482
-518
-543
-555
-550
-528
-486
-426
-349
-255
-148
-30
95
225
354
480
600
709
805
887
953
1001
1033
1048
1048
1033
1008
972
930
884
837
791
749
711
681
657
642
634
633
638
648
661
677
692
706
717
721
718
704
678
636
576
496
396
273
129
-34
-216
-413
-619
-830
-1040
-1242
-1429
-1596
-1734
-1840
-1908
-1934
-1915
-1852
-1744
-1596
-1410
-1194
-954
-698
-434
-171
84
324
544
738
903
1036
1138
1209
1250
1264
1254
1223
1177
1119
1053
981
907
832
757
683
611
539
468
398
329
261
194
130
69
13
-36
-80
-116
-144
-163
-176
-181
-181
-177
-172
-167
-166
-171
-183
-207
-242
-290
-352
-427
-514
-614
-724
-844
-971
-1106
-1245
-1387
-1531
-1675
-1816
-1951
-2077
-2189
-2284
-2355
-2399
-2411
-2384
-2317
-2206
-2048
-1845
-1598
-1310
-986
-632
-256
131
522
905
1270
1608
1909
2168
2380
2540
2648
2706
2717
2685
2615
2515
2390
2248
2093
1932
1769
1607
1449
1297
1152
1015
885
762
645
534
428
326
229
137
49
-31
-105
-172
-230
-279
-320
-353
-378
-399
-417
-433
-451
-472
-498
-528
-564
-604
-647
-690
-732
-771
-804
-831
-848
-858
-858
-851
-837
-818
-795
-769
-743
-717
-693
-671
-651
-633
-619
-606
-594
-583
-572
-558
-542
-521
-493
-458
-414
-361
-297
-223
-140
-50
45
144
242
336
422
498
561
609
640
655
654
639
613
577
535
491
448
409
375
350
334
327
330
341
359
381
405
428
449
464
473
473
464
446
421
388
350
308
265
223
183
148
118
95
78
68
64
64
68
73
79
82
83
80
72
61
48
33
19
9
6
12
30
62
107
167
241
326
418
516
613
704
786
852
898
920
915
881
818
725
604
459
293
112
-78
-273
-465
-648
-815
-963
-1086
-1181
-1246
-1280
-1284
-1259
-1209
-1137
-1048
-947
-840
-732
-629
-535
-455
-390
-343
-313
-298
-296
-303
-313
-323
-326
-319
-297
-259
-204
-132
-46
50
153
257
358
452
534
601
653
688
708
714
709
695
676
653
628
602
576
547
515
477
431
376
310
231
140
38
-72
-189
-308
-426
-538
-641
-730
-803
-857
-892
-907
-902
-879
-839
-784
-716
-637
-549
-454
-354
-251
-148
-47
49
140
221
293
352
398
430
448
452
442
421
389
350
305
257
210
165
124
90
63
43
29
19
10
0
-13
-33
-61
-98
-143
-195
-250
-304
-352
-388
-406
-402
-371
-310
-218
-95
54
226
416
615
814
1005
1180
1329
1447
1527
1567
1564
1519
1434
1314
1165
994
810
619
430
249
80
-72
-207
-326
-431
-525
-611
-695
-778
-863
-951
-1041
-1130
-1214
-1288
-1346
-1381
-1389
-1365
-1306
-1214
-1089
-937
-766
-583
-400
-228
-79
38
115
145
126
59
-54
-206
-387
-587
-792
-990
-1168
-1313
-1416
-1469
-1467
-1405
-1286
-1111
-887
-622
-325
-8
315
635
940
1218
1461
1663
1817
1922
1978
1985
1947
1868
1757
1618
1461
1293
1122
955
799
659
538
437
357
297
252
219
193
167
138
102
54
-5
-76
-158
-247
-340
-431
-516
-591
-652
-696
-722
-730
-723
-705
-679
-652
-630
-619
-625
-650
-697
-765
-851
-951
-1056
-1159
-1250
-1318
-1355
-1352
-1305
-1207
-1060
-863
-620
-339
-26
308
655
1003
1343
1664
1959
2219
2437
2609
2729
2794
2803
2754
2647
2484
2268
2004
1699
1362
1001
628
254
-106
-445
-751
-1016
-1232
-1396
-1508
-1569
-1584
-1558
-1500
-1419
-1324
-1224
-1127
-1040
-968
-913
-877
-860
-859
-872
-894
-921
-949
-972
-988
-994
-989
-970
-941
-900
-852
-798
-742
-686
-632
-583
-539
-500
-467
-438
-411
-386
-359
-329
-294
-252
-201
-142
-74
1
82
165
248
327
398
458
506
541
564
576
579
578
576
577
586
603
633
675
730
797
873
958
1048
1140
1232
1323
1410
1495
1576
1656
1735
1813
1893
1973
2053
2130
2199
2257
2296
2310
2291
2232
2128
1974
1766
1505
1191
830
428
-5
-461
-926
-1387
-1833
-2250
-2626
-2952
-3218
-3418
-3546
-3600
-3581
-3490
-3333
-3116
-2848
-2539
-2199
-1839
-1471
-1105
-750
-414
-104
173
417
623
791
921
1014
1071
1096
1093
1063
1012
943
859
763
659
547
431
311
189
64
-62
-190
-319
-448
-575
-700
-820
-931
-1030
-1114
-1177
-1215
-1225
-1201
-1142
-1046
-912
-742
-539
-308
-55
211
482
749
1001
1232
1431
1593
1714
1791
1824
1814
1766
1684
1576
1449
1308
1162
1017
876
746
628
524
436
364
307
264
232
210
195
182
170
155
134
104
63
11
-53
-129
-214
-307
-405
-504
-601
-693
-777
-852
-914
-964
-1001
-1025
-1038
-1041
-1037
-1025
-1010
-992
-972
-952
-932
-911
-888
-862
-832
-794
-748
-692
-625
-547
-457
-358
-250
-137
-22
93
206
313
413
503
585
656
718
771
815
853
884
909
928
942
952
955
954
946
932
912
886
853
814
771
723
671
616
560
501
440
375
305
229
144
49
-56
-174
-303
-443
-590
-742
-893
-1038
-1172
-1289
-1382
-1445
-1475
-1466
-1417
-1326
-1193
-1020
-811
-572
-308
-29
257
542
815
1068
1292
1481
1629
1734
1794
1809
1783
1719
1624
1505
1367
1218
1066
917
775
645
530
430
346
276
217
166
119
71
19
-38
-107
-187
-278
-379
-488
-604
-722
-841
-957
-1066
-1168
-1260
-1342
-1414
-1474
-1524
-1563
-1593
-1612
-1621
-1619
-1606
-1581
-1544
-1493
-1430
-1353
-1265
-1166
-1059
-945
-827
-709
-591
-478
-369
-266
-170
-78
10
99
191
289
397
516
647
793
950
1118
1292
1468
1641
1803
1951
2076
2174
2241
2272
2267
2224
2144
2030
1885
1714
1523
1317
1102
885
671
464
268
87
-76
-221
-348
-455
-543
-612
-663
-698
-719
-726
-723
-711
-692
-669
-644
-620
-596
-575
-559
-547
-540
-538
-543
-554
-571
-594
-623
-658
-698
-742
-789
-835
-881
-921
-955
-979
-991
-989
-970
-935
-882
-813
-730
-636
-534
-428
-323
-224
-135
-58
2
48
80
99
111
120
132
152
186
238
311
405
520
654
802
959
1118
1273
1417
1542
1645
1718
1759
1765
1733
1662
1554
1410
1232
1022
785
525
246
-44
-343
-643
-938
-1223
-1492
-1739
-1959
-2148
-2302
-2419
-2496
-2531
-2523
-2474
-2383
-2252
-2083
-1879
-1643
-1380
-1095
-793
-482
-169
137
431
702
944
1148
1310
1426
1495
1517
1497
1441
1359
1261
1161
1070
1003
968
975
1028
1129
1275
1459
1671
1899
2130
2348
2541
2694
2799
2847
2836
2764
2632
2446
2214
1942
1642
1323
995
670
354
57
-216
-461
-676
-860
-1014
-1141
-1243
-1327
-1396
-1458
-1516
-1575
-1641
-1715
-1801
-1900
-2012
-2138
-2276
-2424
-2580
-2742
-2906
-3069
-3229
-3381
-3523
-3653
-3766
-3862
-3936
-3986
-4009
-4002
-3959
-3878
-3753
-3581
-3357
-3079
-2745
-2357
-1917
-1430
-905
-350
221
798
1366
1911
2419
2879
3278
3610
3867
4046
4147
4171
4126
4019
3860
3662
3438
3202
2966
2742
2539
2364
2223
2115
2040
1994
1971
1964
1965
1965
1956
1929
1878
1797
1682
1531
1343
1120
865
584
282
-30
-347
-658
-954
-1225
-1464
-1663
-1817
-1922
-1977
-1981
-1937
-1847
-1718
-1556
-1369
-1166
-954
-744
-542
-356
-193
-56
49
124
167
180
165
127
71
0
-76
-157
-234
-304
-363
-408
-437
-451
-450
-436
-410
-377
-339
-300
-261
-225
-194
-168
-147
-129
-114
-100
-83
-62
-33
2
48
104
169
243
324
407
492
572
645
707
754
783
793
784
756
714
660
600
540
486
444
418
411
425
460
513
580
654
729
797
852
885
892
868
812
723
605
460
294
114
-72
-259
-440
-609
-762
-894
-1005
-1091
-1152
-1189
-1201
-1189
-1154
-1097
-1019
-922
-809
-684
-549
-409
-270
-135
-9
102
197
273
327
360
373
365
340
300
246
182
108
26
-62
-156
-254
-355
-457
-556
-650
-734
-803
-854
-882
-884
-857
-800
-715
-603
-469
-318
-157
6
165
310
435
532
597
625
615
568
487
376
243
96
-56
-203
-337
-449
-533
-584
-600
-581
-531
-454
-357
-246
-131
-18
84
170
234
272
282
263
216
144
50
-61
-184
-314
-445
-571
-688
-791
-878
-945
-991
-1016
-1019
-1000
-962
-906
-832
-745
-646
-537
-421
-301
-178
-54
68
189
307
420
529
632
728
816
895
963
1019
1060
1084
1090
1076
1042
987
912
817
703
575
434
284
130
-23
-173
-312
-436
-540
-619
-671
-692
-680
-635
-559
-453
-322
-170
-3
171
348
519
677
816
932
1020
1078
1104
1100
1068
1009
930
834
728
616
505
399
301
216
144
86
43
13
-6
-16
-22
-25
-27
-32
-40
-53
-71
-93
-119
-148
-177
-206
-233
-256
-274
-287
-293
-293
-285
-270
-246
-215
-175
-127
-70
-4
69
149
236
325
415
502
582
652
708
746
764
760
734
685
616
531
433
327
221
119
29
-44
-96
-124
-126
-101
-52
18
107
208
316
423
525
617
693
750
786
800
791
759
707
637
552
454
346
232
115
-3
-121
-236
-346
-450
-545
-631
-706
-770
-822
-860
-886
-898
-898
-886
-864
-832
-794
-750
-703
-654
-605
-558
-514
-474
-440
-411
-390
-376
-369
-371
-381
-399
-423
-453
-488
-524
-559
-591
-616
-632
-636
-625
-599
-556
-498
-426
-343
-253
-160
-70
13
86
146
189
215
224
219
203
179
153
128
109
99
100
115
142
179
224
273
321
364
398
419
424
412
383
335
272
196
110
17
-77
-170
-257
-335
-399
-449
-482
-497
-496
-477
-445
-401
-347
-289
-228
-169
-115
-68
-30
-4
10
13
4
-14
-43
-80
-122
-168
-215
-261
-304
-342
-372
-393
-403
-403
-391
-369
-336
-296
-249
-199
-147
-98
-52
-14
14
31
35
25
0
-38
-89
-150
-217
-286
-352
-409
-454
-482
-489
-474
-436
-377
-300
-208
-106
0
106
207
297
373
432
470
487
482
456
410
348
273
190
104
21
-53
-114
-158
-181
-182
-162
-121
-65
2
76
149
217
275
320
350
366
369
363
351
339
332
334
349
379
426
489
565
653
746
840
928
1005
1064
1102
1113
1097
1052
979
882
762
626
478
324
169
19
-123
-253
-370
-471
-556
-625
-681
-724
-758
-785
-808
-830
-853
-878
-907
-940
-974
-1010
-1043
-1071
-1090
-1097
-1088
-1061
-1014
-946
-855
-744
-614
-466
-305
-133
44
227
409
589
764
933
1094
1247
1391
1527
1655
1772
1881
1978
2062
2132
2185
2219
2230
2217
2178
2113
2021
1904
1764
1603
1425
1235
1036
833
631
435
248
75
-81
-218
-334
-427
-498
-549
-581
-598
-604
-605
-607
-614
-633
-668
-722
-798
-895
-1012
-1144
-1286
-1431
-1571
-1697
-1801
-1877
-1919
-1922
-1885
-1808
-1695
-1549
-1378
-1187
-986
-782
-583
-396
-228
