-170
-189
-206
-220
-230
-238
-241
-240
-235
-225
-211
-192
-170
-143
-114
-83
-50
-17
14
45
74
100
123
143
160
175
186
196
204
212
218
224
230
235
239
241
241
239
232
221
205
184
159
129
95
58
20
-17
-55
-90
-123
-152
-176
-195
-209
-218
-222
-221
-215
-205
-192
-174
-154
-131
-107
-81
-55
-29
-4
19
41
60
75
87
95
99
100
96
90
81
71
60
50
39
31
23
18
14
11
9
6
3
-1
-9
-20
-35
-53
-74
-99
-126
-154
-184
-212
-240
-264
-284
-300
-310
-315
-313
-307
-295
-279
-259
-236
-211
-184
-156
-128
-99
-69
-39
-8
22
55
87
120
151
181
209
232
251
264
270
269
261
247
226
200
169
136
102
68
37
9
-13
-29
-40
-44
-41
-32
-18
0
20
43
67
90
112
132
149
163
175
184
190
195
198
199
199
198
195
191
184
174
161
143
122
96
66
32
-5
-46
-89
-134
-180
-225
-268
-308
-343
-373
-395
-409
-415
-410
-396
-372
-338
-296
-245
-187
-123
-55
14
85
154
220
280
333
378
413
438
452
456
450
435
411
381
344
303
259
212
164
116
69
24
-17
-57
-94
-128
-161
-194
-228
-263
-301
-341
-384
-429
-474
-518
-559
-596
-626
-648
-660
-662
-653
-632
-601
-558
-506
-445
-378
-304
-227
-147
-67
10
85
156
221
280
332
377
415
446
471
491
506
517
524
529
531
531
530
526
521
513
503
489
471
448
420
385
343
295
241
182
118
50
-17
-86
-153
-216
-274
-325
-368
-401
-424
-435
-436
-425
-403
-371
-329
-279
-223
-162
-97
-32
31
92
148
196
235
264
281
286
278
258
226
183
130
69
1
-70
-143
-215
-282
-343
-393
-430
-452
-457
-443
-410
-359
-291
-207
-111
-6
103
213
319
415
499
566
615
643
650
636
603
554
490
416
334
248
161
75
-7
-85
-159
-227
-289
-346
-399
-448
-493
-534
-573
-608
-639
-666
-688
-705
-714
-716
-710
-694
-669
-634
-589
-533
-468
-394
-313
-224
-130
-32
68
169
269
366
460
548
628
700
763
815
855
883
899
903
894
874
842
801
750
691
626
556
482
407
333
260
191
127
68
16
-28
-66
-99
-126
-148
-168
-185
-200
-216
-231
-246
-261
-275
-288
-299
-306
-309
-306
-298
-284
-263
-237
-206
-171
-134
-97
-60
-27
1
23
39
46
46
37
21
-1
-30
-63
-100
-138
-177
-215
-251
-284
-313
-338
-359
-375
-387
-395
-398
-397
-392
-383
-370
-353
-332
-307
-278
-246
-211
-172
-132
-91
-49
-8
31
69
105
140
172
203
232
259
286
312
337
362
385
407
428
446
460
470
474
473
464
449
427
397
361
318
271
219
165
108
51
-3
-57
-107
-152
-191
-223
-246
-260
-265
-259
-243
-218
-185
-144
-99
-50
-1
46
89
125
153
171
177
173
157
132
98
58
14
-31
-77
-120
-158
-191
-216
-235
-246
-251
-250
-245
-236
-225
-213
-202
-191
-182
-175
-170
-167
-167
-168
-171
-174
-177
-180
-180
-177
-170
-158
-140
-117
-88
-53
-13
30
78
127
176
223
268
308
342
368
386
395
394
384
363
334
297
252
201
145
87
28
-30
-87
-140
-188
-230
-265
-292
-312
-324
-328
-326
-317
-302
-282
-258
-229
-198
-163
-126
-87
-47
-7
33
74
114
153
189
224
255
283
306
325
340
349
354
354
351
344
335
325
315
306
299
294
293
294
298
304
311
318
324
327
326
320
306
284
254
213
163
105
38
-35
-112
-192
-272
-348
-419
-482
-534
-576
-605
-621
-624
-616
-597
-568
-531
-487
-439
-388
-336
-283
-232
-183
-137
-96
-59
-28
-1
19
35
47
55
60
63
65
65
66
68
72
77
84
94
105
118
133
148
164
180
195
210
225
240
254
268
282
296
311
325
339
351
362
369
371
369
359
342
316
282
239
188
130
66
0
-70
-139
-206
-268
-324
-370
-406
-431
-443
-441
-427
-401
-363
-316
-262
-202
-140
-79
-21
30
74
108
131
142
143
133
114
87
56
23
-10
-41
-69
-90
-105
-113
-113
-107
-95
-79
-60
-41
-24
-10
0
2
-1
-12
-29
-51
-78
-108
-138
-166
-192
-214
-230
-239
-242
-238
-228
-212
-193
-170
-145
-119
-94
-70
-49
-30
-15
-4
2
6
6
4
0
-6
-14
-23
-32
-41
-50
-59
-66
-73
-78
-82
-85
-85
-84
-80
-74
-64
-53
-38
-21
-2
18
40
62
84
104
121
136
147
153
156
153
147
136
122
105
86
66
45
26
8
-6
-18
-25
-27
-24
-15
-2
16
39
66
96
128
160
190
219
244
263
276
282
281
272
256
233
204
172
137
101
67
36
8
-13
-30
-41
-47
-49
-47
-43
-38
-34
-30
-29
-32
-37
-46
-58
-73
-91
-111
-133
-156
-179
-201
-223
-242
-258
-271
-278
-280
-275
-264
-246
-221
-191
-154
-114
-70
-23
23
71
118
163
205
244
280
312
341
365
385
401
414
422
426
425
419
408
389
363
329
285
232
169
97
17
-70
-162
-257
-352
-443
-528
-603
-666
-713
-744
-757
-751
-726
-684
-626
-555
-472
-383
-288
-192
-98
-8
74
149
215
270
316
351
378
396
408
415
418
418
417
414
412
409
406
404
401
397
392
385
375
363
348
330
309
285
260
234
207
181
155
131
108
87
67
47
28
9
-9
-30
-52
-77
-103
-132
-162
-193
-225
-258
-290
-320
-349
-375
-399
-419
-435
-447
-454
-457
-455
-449
-438
-424
-405
-384
-361
-337
-312
-287
-263
-240
-219
-198
-179
-161
-144
-127
-110
-94
-76
-58
-38
-18
3
25
48
71
94
116
137
156
173
187
199
208
216
222
226
230
234
238
242
248
254
260
266
272
277
282
285
288
290
292
295
300
308
319
335
357
384
417
455
497
542
587
629
668
699
720
728
723
701
664
611
543
461
366
262
149
31
-89
-211
-332
-449
-560
-665
-760
-845
-919
-981
-1030
-1066
-1091
-1105
-1109
-1106
-1098
-1087
-1075
-1063
-1055
-1051
-1050
-1054
-1061
-1069
-1076
-1079
-1076
-1063
-1038
-996
-937
-858
-758
-638
-497
-338
-163
22
217
415
612
803
983
1149
1297
1424
1528
1608
1664
1695
1703
1688
1653
1599
1528
1442
1344
1236
1121
1001
880
759
640
528
422
325
238
161
95
39
-5
-43
-73
-99
-120
-141
-161
-184
-210
-240
-275
-315
-359
-408
-459
-511
-563
-613
-660
-701
-736
-763
-781
-790
-789
-778
-759
-731
-696
-656
-613
-569
-525
-482
-443
-408
-376
-349
-324
-301
-280
-258
-236
-212
-185
-157
-127
-95
-63
-31
0
28
55
78
99
116
130
140
147
151
151
149
145
138
130
122
114
107
104
104
109
122
141
167
201
240
284
330
376
418
454
481
497
500
489
465
429
381
326
265
202
141
85
37
0
-24
-36
-35
-20
4
39
79
122
164
203
235
259
271
272
261
238
203
159
106
46
-18
-85
-153
-220
-283
-340
-390
-432
-464
-486
-496
-496
-485
-464
-433
-395
-349
-299
-245
-191
-137
-87
-42
-3
27
48
61
64
58
44
25
1
-24
-49
-73
-91
-102
-105
-99
-82
-56
-21
20
67
117
165
208
244
270
284
285
271
243
202
150
90
24
-43
-111
-175
-233
-283
-321
-348
-363
-364
-352
-328
-293
-248
-196
-139
-79
-19
38
90
135
170
193
204
202
186
158
118
69
13
-47
-109
-169
-224
-270
-304
-325
-330
-320
-294
-252
-198
-132
-56
24
109
196
281
363
439
509
570
622
664
698
723
742
755
764
771
779
787
796
806
817
825
829
826
813
787
745
687
611
517
408
285
151
12
-129
-268
-400
-520
-624
-708
-771
-810
-825
-817
-786
-736
-670
-592
-506
-417
-330
-250
-181
-128
-92
-78
-84
-112
-160
-225
-303
-390
-479
-566
-643
-705
-749
-769
-763
-732
-676
-598
-502
-392
-274
-154
-38
68
162
240
300
341
363
369
361
340
312
278
241
206
172
144
120
103
93
88
89
96
106
121
137
156
176
196
216
237
257
276
295
313
331
349
366
382
397
411
423
434
441
446
447
444
437
426
410
389
365
339
310
282
254
229
206
187
171
158
145
132
117
97
72
41
2
-43
-95
-152
-213
-274
-334
-392
-445
-493
-535
-570
-599
-622
-640
-654
-664
-671
-677
-681
-683
-685
-686
-686
-684
-681
-676
-668
-657
-644
-628
-608
-586
-560
-530
-497
-460
-418
-372
-321
-265
-205
-139
-70
2
76
152
227
300
370
436
495
548
594
631
661
682
696
702
702
696
685
670
652
630
607
581
553
523
490
454
416
373
327
277
223
167
109
51
-4
-57
-105
-145
-177
-198
-209
-209
-197
-176
-146
-110
-69
-26
16
57
93
124
148
164
172
173
166
152
132
107
79
48
15
-16
-48
-78
-105
-128
-147
-162
-171
-175
-174
-170
-163
-156
-149
-144
-145
-153
-168
-194
-229
-275
-330
-393
-462
-533
-605
-673
-734
-786
-825
-849
-858
-850
-825
-784
-728
-659
-580
-492
-398
-302
-205
-111
-22
59
132
196
249
292
325
349
365
374
380
382
383
383
385
388
393
399
407
414
421
426
430
432
431
429
425
421
416
414
413
415
420
429
442
458
477
498
520
541
559
573
582
583
575
556
526
484
430
363
284
193
91
-20
-140
-267
-398
-532
-665
-795
-918
-1031
-1131
-1215
-1280
-1324
-1346
-1345
-1321
-1275
-1207
-1121
-1018
-902
-775
-641
-503
-365
-229
-98
24
137
240
330
408
474
528
570
603
626
643
652
657
657
653
646
636
623
608
591
571
549
527
503
480
457
434
413
394
375
357
339
321
301
281
257
231
202
169
131
89
42
-8
-64
-123
-186
-251
-317
-383
-447
-507
-562
-608
-645
-671
-684
-683
-668
-638
-596
-541
-476
-402
-322
-239
-155
-72
5
77
142
198
244
282
310
331
344
352
356
356
354
350
345
338
329
318
305
288
269
247
221
194
165
136
109
84
65
52
46
50
63
85
116
153
196
242
286
327
361
386
397
395
378
346
298
238
167
88
4
-80
-163
-239
-306
-360
-401
-426
-435
-429
-410
-379
-339
-293
-245
-197
-152
-112
-79
-52
-31
-17
-7
0
7
15
27
43
66
96
132
173
218
262
304
338
361
369
358
325
269
188
86
-36
-175
-324
-477
-629
-770
-896
-1000
-1077
-1122
-1133
-1109
-1050
-956
-831
-678
-502
-309
-105
103
310
508
692
857
998
1112
1197
1251
1274
1267
1230
1166
1077
967
839
697
545
386
226
68
-82
-223
-350
-460
-552
-625
-677
-709
-722
-719
-701
-670
-629
-581
-528
-471
-414
-357
-303
-252
-205
-164
-131
-105
-88
-80
-82
-94
-117
-148
-187
-233
-284
