319
310
298
285
270
253
236
218
200
183
165
147
130
113
96
78
61
42
23
4
-16
-36
-56
-76
-95
-112
-127
-140
-150
-157
-161
-163
-161
-157
-152
-145
-137
-129
-121
-114
-107
-101
-96
-90
-85
-79
-73
-65
-57
-46
-34
-21
-7
7
23
38
52
64
74
82
87
88
85
79
70
57
42
25
5
-14
-35
-56
-76
-94
-110
-122
-132
-137
-137
-134
-126
-114
-100
-83
-65
-47
-29
-14
0
9
15
18
16
10
1
-10
-25
-42
-60
-79
-97
-114
-130
-144
-155
-162
-167
-167
-164
-157
-146
-131
-112
-91
-66
-39
-10
20
52
85
118
152
184
216
246
274
300
323
343
358
369
374
374
368
356
339
316
287
255
219
180
140
99
58
18
-20
-57
-92
-124
-153
-180
-203
-224
-241
-254
-264
-269
-269
-264
-255
-240
-221
-198
-172
-143
-114
-84
-55
-28
-3
17
34
48
57
61
62
58
50
38
21
0
-26
-56
-90
-129
-170
-213
-257
-301
-343
-381
-414
-441
-460
-471
-472
-464
-446
-420
-386
-345
-299
-249
-196
-143
-90
-38
9
55
96
132
164
191
213
231
245
256
263
268
270
270
268
265
260
255
248
241
234
226
218
210
202
194
186
179
173
167
162
157
153
149
146
142
137
131
123
112
100
84
67
47
25
3
-19
-41
-62
-80
-96
-109
-118
-124
-127
-126
-123
-118
-111
-103
-94
-85
-76
-67
-59
-52
-45
-39
-34
-28
-22
-16
-9
0
9
21
34
49
64
80
96
111
125
137
147
155
160
162
161
157
150
140
127
112
94
75
54
33
11
-9
-30
-49
-65
-79
-91
-99
-104
-107
-107
-105
-101
-96
-91
-86
-82
-78
-76
-74
-73
-73
-73
-72
-71
-68
-63
-57
-47
-35
-20
-3
14
34
55
75
94
111
127
139
149
157
161
163
163
160
155
147
138
126
113
98
81
63
45
27
10
-4
-18
-29
-37
-42
-44
-42
-38
-31
-21
-10
1
13
25
37
46
54
59
62
62
59
54
46
37
27
15
2
-11
-26
-42
-59
-77
-96
-117
-137
-159
-179
-199
-218
-233
-246
-254
-258
-257
-251
-239
-222
-201
-175
-146
-115
-81
-47
-13
20
51
80
105
126
143
154
161
162
157
148
135
117
97
74
49
24
-2
-28
-54
-80
-104
-127
-149
-168
-184
-198
-208
-214
-216
-215
-209
-199
-185
-168
-149
-127
-103
-79
-56
-33
-12
5
20
32
39
44
45
44
40
36
30
25
19
15
11
7
4
1
-1
-6
-11
-19
-27
-37
-48
-59
-70
-80
-88
-93
-95
-93
-87
-76
-60
-40
-17
10
39
71
103
135
167
197
225
251
273
293
308
319
325
326
323
314
301
282
260
234
205
173
139
104
68
33
0
-33
-63
-89
-112
-131
-146
-157
-163
-165
-164
-159
-150
-139
-126
-111
-94
-77
-59
-42
-26
-12
0
10
17
22
24
24
21
18
13
8
3
-1
-5
-8
-10
-11
-11
-10
-7
-3
0
6
11
17
22
26
30
32
32
31
28
25
21
16
12
10
9
10
15
22
33
47
64
83
104
126
147
168
186
201
211
217
217
212
200
181
156
126
90
49
4
-42
-90
-139
-186
-229
-269
-302
-328
-347
-357
-359
-353
-339
-317
-289
-255
-217
-175
-130
-84
-38
8
53
97
138
177
212
243
270
292
309
321
326
326
319
306
287
262
232
196
156
113
67
20
-26
-72
-116
-157
-192
-222
-246
-262
-270
-270
-263
-248
-226
-198
-166
-131
-95
-59
-26
4
29
50
64
72
73
68
58
44
26
6
-14
-34
-54
-71
-85
-95
-102
-105
-105
-101
-95
-87
-76
-65
-53
-41
-28
-16
-5
5
15
24
33
42
50
59
67
76
85
94
103
112
120
127
134
139
143
147
149
149
149
148
146
144
141
138
135
132
129
126
123
119
115
110
104
97
88
77
65
52
38
23
7
-8
-24
-40
-56
-71
-85
-98
-109
-118
-125
-130
-131
-130
-125
-117
-107
-95
-82
-68
-55
-43
-33
-26
-23
-23
-28
-36
-48
-64
-83
-103
-126
-148
-171
-192
-212
-229
-243
-255
-262
-266
-266
-262
-254
-242
-227
-208
-186
-160
-132
-102
-70
-37
-4
28
60
90
119
145
169
190
207
221
232
240
244
246
244
239
232
220
206
189
168
145
119
92
65
38
12
-9
-28
-43
-53
-58
-59
-55
-49
-40
-30
-20
-12
-5
0
1
1
0
-5
-10
-16
-22
-26
-29
-29
-27
-21
-13
-2
10
25
41
57
72
85
96
103
106
104
97
86
69
49
25
0
-29
-57
-85
-112
-136
-158
-175
-188
-198
-203
-204
-202
-196
-189
-179
-169
-158
-147
-136
-125
-116
-107
-99
-91
-85
-78
-73
-68
-62
-57
-51
-45
-37
-28
-17
-4
10
26
44
63
82
100
117
132
143
150
153
152
148
140
129
117
104
91
78
66
55
45
36
28
19
11
2
-7
-17
-27
-38
-48
-56
-63
-67
-67
-64
-56
-44
-27
-5
20
49
81
115
149
183
215
243
268
288
302
309
310
304
290
271
245
215
179
141
99
56
13
-30
-72
-112
-149
-182
-211
-236
-256
-271
-281
-286
-285
-281
-272
-259
-244
-226
-207
-186
-165
-144
-124
-105
-87
-70
-54
-40
-27
-15
-4
5
15
24
32
39
46
53
59
65
71
76
81
85
90
95
99
104
110
115
120
125
129
131
131
128
122
112
99
82
61
37
11
-16
-45
-74
-101
-127
-151
-171
-187
-200
-209
-214
-216
-215
-211
-205
-198
-190
-180
-171
-161
-151
-140
-130
-120
-110
-100
-89
-77
-65
-51
-35
-18
1
21
43
66
89
112
134
153
170
184
193
199
199
196
187
175
158
138
116
92
67
43
18
-3
-24
-42
-58
-70
-79
-85
-88
-88
-84
-78
-70
-59
-46
-31
-15
1
19
37
55
72
90
106
122
137
151
164
176
186
196
204
210
216
219
222
222
221
219
215
209
202
194
185
176
167
159
151
145
138
133
127
121
115
107
97
86
72
57
40
22
4
-13
-30
-45
-58
-67
-74
-76
-76
-71
-64
-55
-43
-30
-18
-5
4
13
18
21
19
14
6
-4
-18
-34
-51
-68
-84
-100
-113
-124
-131
-135
-136
-132
-125
-115
-102
-88
-72
-57
-42
-30
-20
-14
-11
-12
-16
-22
-31
-40
-48
-55
-59
-59
-55
-46
-33
-16
2
22
41
58
72
82
86
84
76
63
46
26
3
-19
-42
-63
-81
-96
-106
-112
-112
-108
-98
-85
-69
-51
-32
-13
5
22
36
49
59
65
69
70
68
63
55
43
28
10
-11
-35
-62
-90
-120
-149
-178
-206
-231
-254
-273
-288
-298
-304
-305
-302
-294
-283
-268
-252
-233
-214
-195
-177
-159
-142
-126
-111
-95
-80
-63
-45
-26
-4
19
44
71
99
128
157
185
211
236
257
275
289
299
305
305
301
293
281
264
244
220
193
163
130
96
60
24
-12
-49
-85
-120
-153
-184
-213
-239
-263
-284
-301
-316
-326
-332
-333
-328
-319
-303
-282
-256
-225
-190
-151
-111
-70
-29
9
45
76
103
124
138
146
149
146
138
128
114
100
86
72
60
50
43
38
35
34
35
37
40
42
45
47
50
52
54
57
60
65
70
78
87
98
110
125
140
156
172
188
201
212
220
224
224
220
212
199
184
166
147
127
108
90
74
61
50
42
37
33
30
27
23
17
10
0
-13
-29
-46
-65
-84
-103
-119
-134
-145
-152
-155
-154
-148
-138
-125
-109
-90
-71
-53
-35
-19
-6
3
10
14
16
16
15
14
13
13
13
15
18
22
27
31
36
39
42
43
43
41
38
33
29
24
20
17
16
18
22
30
41
54
70
87
105
124
141
158
173
185
194
201
204
204
201
195
186
174
160
142
123
101
76
50
23
-5
-34
-63
-92
-119
-143
-165
-183
-198
-207
-212
-213
-209
-201
-190
-176
-161
-146
-132
-119
-110
-103
-101
-102
-107
-115
-125
-137
-150
-162
-172
-181
-186
-188
-186
-180
-170
-156
-140
-121
-101
-80
-61
-44
-30
-20
-16
-19
-27
-42
-62
-87
-114
-143
-172
-198
-220
-237
-247
-249
-245
-233
-214
-188
-158
-124
-88
-50
-12
24
59
91
120
145
167
185
200
212
220
226
230
232
232
231
230
227
224
221
217
213
209
204
199
194
188
182
175
168
162
155
148
142
137
133
129
126
123
119
115
110
103
94
83
68
52
32
9
-15
-43
-72
-104
-136
-168
-199
-229
-257
-281
-302
-319
-331
-338
-340
-337
-329
-317
-300
-280
-256
-230
-202
-172
-142
-111
-82
-54
-28
-5
13
29
40
48
52
52
50
47
43
39
37
37
41
50
63
81
103
130
160
192
224
256
284
308
325
335
337
330
314
290
257
218
173
124
74
23
-25
-70
-109
-143
-169
-186
-195
-195
-186
-169
-145
-113
-77
-36
7
52
97
140
180
215
244
267
283
291
292
285
271
251
226
197
166
133
99
67
37
10
-12
-31
-46
-58
-66
-72
-76
-78
-81
-85
-89
-95
-103
-112
-122
-134
-145
-156
-165
-173
-177
-179
-176
-170
-159
-143
-124
-101
-74
-45
-14
16
48
78
106
132
153
170
183
190
193
192
187
178
167
154
139
124
108
92
76
60
42
24
6
-13
-34
-56
-79
-102
-124
-146
-168
-187
-205
-221
-234
-245
-252
-256
-258
-255
-250
-242
-231
-217
-201
-183
-164
-144
-123
-101
-80
-58
-38
-19
-1
15
29
42
52
60
67
71
75
77
79
80
82
83
86
88
91
94
96
98
97
95
90
82
71
56
37
16
-6
-31
-55
-79
-101
-119
-133
-142
-145
-142
-134
-120
-102
-81
-58
-33
-8
14
36
55
70
81
88
90
89
84
76
65
53
39
24
9
-3
-16
-26
-35
-40
-42
-42
-38
-32
-23
-13
-2
8
19
29
38
45
51
55
57
58
58
58
57
57
57
57
58
59
61
62
64
65
65
64
63
60
56
50
43
35
26
15
3
-9
-24
-40
-57
-75
-93
-112
-131
-149
-166
-181
-194
-203
-209
-210
-206
-196
-180
-157
-129
-95
-57
-15
29
74
118
159
196
227
250
265
271
267
255
233
204
169
129
85
41
-3
-45
-83
-116
-144
-164
-177
-183
-182
-176
-163
-147
-128
-106
-84
-62
-41
-21
-3
12
26
38
47
55
62
67
73
78
83
89
96
103
111
119
126
133
139
143
146
147
147
144
140
134
126
116
105
92
77
61
43
24
4
-15
-36
-58
-78
-99
-118
-136
-152
-167
-181
-192
-201
-208
-213
-215
-213
-208
-200
-187
-171
