97
90
82
73
63
53
42
31
19
7
-4
-16
-27
-38
-47
-55
-62
-66
-68
-68
-66
-61
-54
-45
-34
-22
-10
2
13
24
31
36
38
35
29
19
5
-10
-28
-46
-65
-83
-99
-113
-123
-130
-133
-133
-129
-123
-115
-106
-96
-85
-75
-65
-57
-49
-42
-36
-30
-24
-18
-13
-7
-2
2
5
8
9
9
7
3
-1
-8
-14
-21
-27
-32
-36
-37
-36
-32
-25
-15
-3
11
28
46
66
86
106
125
143
160
174
186
195
200
203
202
198
190
179
165
148
129
107
84
59
35
11
-11
-33
-52
-70
-84
-96
-106
-113
-119
-123
-125
-127
-127
-127
-127
-126
-126
-126
-127
-128
-130
-132
-135
-137
-140
-141
-142
-142
-140
-137
-132
-125
-115
-104
-90
-75
-58
-40
-21
-2
15
32
47
60
70
78
82
83
81
76
69
61
51
41
31
22
14
8
4
1
1
3
6
11
18
25
32
39
45
51
55
57
56
54
48
41
31
19
6
-7
-20
-33
-44
-53
-59
-62
-60
-56
-47
-36
-22
-5
12
30
48
65
80
93
103
110
113
112
109
102
93
82
70
58
45
33
21
10
0
-7
-14
-19
-23
-24
-24
-23
-19
-14
-8
0
8
18
29
40
50
61
70
78
84
88
91
91
90
87
82
76
70
63
55
46
37
27
16
5
-7
-20
-34
-49
-65
-81
-96
-112
-127
-141
-154
-165
-175
-182
-187
-191
-192
-191
-188
-184
-178
-171
-164
-156
-147
-138
-128
-118
-107
-96
-85
-74
-63
-52
-42
-33
-24
-17
-9
-2
3
9
16
22
28
34
40
45
50
55
58
61
63
65
66
66
66
65
65
64
64
64
64
65
67
69
73
78
84
91
99
107
116
126
135
143
149
154
156
155
150
141
127
109
86
58
27
-7
-43
-80
-117
-153
-185
-213
-236
-253
-262
-265
-261
-250
-232
-209
-182
-152
-120
-87
-55
-24
4
29
51
69
83
93
98
100
99
95
88
79
68
57
46
35
25
16
9
4
2
3
6
11
20
29
41
53
65
77
88
96
103
107
107
105
99
91
80
67
52
37
22
7
-5
-17
-27
-33
-37
-38
-36
-31
-24
-15
-4
6
19
31
42
53
63
70
76
80
81
80
77
72
64
55
45
34
22
11
0
-10
-20
-30
-38
-45
-51
-56
-60
-63
-65
-66
-65
-63
-59
-55
-48
-41
-32
-23
-14
-4
5
14
22
28
32
35
35
33
28
22
14
5
-4
-13
-22
-30
-36
-40
-43
-43
-41
-38
-32
-25
-17
-8
1
11
22
33
43
53
63
71
78
83
86
88
87
84
78
71
62
52
41
29
18
8
-1
-9
-15
-20
-23
-24
-23
-22
-20
-17
-15
-13
-13
-15
-18
-24
-33
-44
-58
-74
-92
-111
-130
-149
-167
-182
-195
-204
-208
-207
-200
-186
-165
-138
-103
-62
-16
34
87
142
195
244
288
324
351
367
371
364
346
317
278
233
182
127
72
17
-34
-81
-122
-157
-184
-204
-215
-220
-218
-210
-198
-183
-167
-150
-133
-118
-106
-95
-88
-83
-80
-79
-78
-78
-77
-76
-73
-68
-61
-53
-43
-32
-20
-9
0
10
17
22
25
24
21
16
8
-1
-12
-25
-38
-51
-63
-74
-84
-93
-99
-103
-104
-104
-100
-94
-86
-75
-62
-47
-31
-13
5
24
43
63
82
102
121
140
158
176
194
210
225
237
248
255
258
258
254
246
235
219
201
180
156
130
102
73
43
13
-17
-47
-76
-104
-130
-153
-173
-189
-201
-209
-213
-212
-208
-200
-189
-175
-159
-143
-126
-110
-96
-83
-73
-65
-61
-59
-60
-62
-66
-70
-74
-76
-77
-76
-71
-63
-53
-39
-22
-4
15
36
56
75
93
108
120
129
134
135
132
126
117
106
92
77
62
46
30
16
2
-8
-17
-24
-28
-29
-28
-23
-16
-6
5
19
34
50
66
81
96
109
120
129
135
138
139
136
132
124
115
104
91
77
62
47
32
18
4
-8
-19
-29
-37
-43
-48
-52
-55
-57
-59
-62
-66
-71
-78
-85
-95
-106
-118
-131
-144
-158
-171
-183
-193
-202
-207
-209
-207
-201
-191
-178
-161
-140
-118
-94
-69
-44
-19
4
27
48
68
85
101
115
126
136
145
152
157
162
166
169
171
173
175
176
176
175
172
168
162
154
144
133
120
105
90
75
60
46
33
21
11
3
-2
-6
-8
-10
-10
-10
-10
-10
-11
-12
-14
-17
-20
-24
-28
-32
-37
-42
-48
-54
-61
-68
-75
-83
-92
-100
-109
-117
-124
-130
-134
-137
-137
-134
-129
-122
-111
-99
-86
-71
-57
-42
-28
-16
-5
4
13
21
28
36
44
53
64
76
90
106
123
141
158
174
188
198
204
204
198
186
167
143
113
80
44
7
-28
-63
-95
-122
-145
-162
-174
-180
-181
-179
-172
-163
-151
-138
-124
-110
-96
-83
-69
-57
-45
-33
-22
-10
0
12
23
36
48
60
71
82
93
102
110
116
120
122
121
118
111
101
87
71
52
31
9
-13
-37
-60
-81
-101
-119
-134
-147
-157
-165
-169
-172
-171
-169
-164
-157
-149
-139
-127
-114
-99
-84
-67
-49
-29
-9
11
33
56
80
103
126
148
169
188
204
217
226
231
231
226
217
203
185
163
140
114
89
64
40
18
-1
-17
-31
-42
-50
-57
-62
-66
-71
-75
-81
-87
-95
-103
-113
-122
-131
-139
-145
-149
-150
-147
-142
-133
-122
-109
-95
-79
-63
-48
-34
-21
-11
-3
2
6
8
7
5
2
-2
-6
-11
-15
-19
-21
-22
-22
-20
-17
-13
-8
-1
5
12
20
28
36
44
52
59
66
71
76
80
83
84
85
85
84
82
80
78
75
73
71
69
67
65
63
61
59
56
53
49
44
38
31
23
14
5
-2
-11
-18
-25
-30
-34
-36
-35
-33
-30
-24
-18
-11
-3
4
11
17
23
28
31
34
36
38
39
40
41
43
44
45
46
47
47
47
46
45
43
41
38
34
30
25
20
15
9
4
-1
-6
-11
-16
-20
-24
-27
-30
-32
-33
-33
-32
-30
-27
-23
-17
-10
-3
4
12
19
26
31
36
39
40
41
40
38
35
33
29
26
23
19
16
12
8
3
-2
-9
-18
-28
-40
-54
-68
-84
-100
-116
-131
-144
-156
-165
-171
-174
-175
-173
-167
-160
-151
-139
-127
-114
-101
-87
-75
-63
-52
-43
-35
-28
-24
-20
-18
-17
-17
-18
-19
-21
-23
-24
-26
-28
-29
-31
-32
-32
-33
-33
-33
-33
-34
-34
-35
-36
-37
-39
-40
-42
-43
-44
-45
-44
-42
-39
-35
-30
-24
-17
-9
-1
7
15
23
30
38
45
53
61
70
80
91
104
117
131
145
158
171
182
191
197
201
201
198
192
183
170
155
137
118
98
78
58
39
21
4
-9
-22
-33
-42
-49
-54
-58
-60
-61
-60
-59
-57
-55
-53
-52
-51
-52
-54
-57
-62
-66
-72
-77
-82
-86
-90
-93
-95
-97
-97
-98
-97
-96
-95
-93
-90
-87
-83
-79
-74
-68
-62
-55
-48
-40
-32
-24
-15
-6
2
11
20
28
37
45
52
59
65
70
74
77
78
78
77
75
71
66
62
57
52
49
46
45
46
49
53
58
65
73
81
89
96
103
109
114
117
119
120
120
120
119
118
118
117
117
116
115
114
112
109
106
101
95
89
82
75
69
63
57
52
48
45
43
42
41
40
39
37
35
31
26
19
11
2
-7
-18
-30
-41
-52
-62
-71
-79
-85
-90
-93
-95
-96
-95
-93
-90
-86
-81
-74
-66
-56
-45
-32
-18
-3
11
25
39
50
59
65
67
65
58
48
35
18
0
-20
-41
-62
-83
-102
-119
-134
-146
-156
-163
-167
-169
-168
-165
-160
-153
-144
-134
-122
-110
-96
-81
-66
-50
-34
-18
-3
10
22
32
40
46
50
51
49
46
41
35
28
20
12
3
-5
-15
-24
-34
-43
-52
-60
-67
-73
-77
-80
-80
-79
-76
-71
-64
-56
-47
-37
-26
-13
0
13
28
44
61
78
96
114
131
148
164
179
192
203
212
218
221
221
217
210
200
186
169
149
128
105
81
58
34
11
-9
-29
-47
-63
-78
-91
-103
-114
-124
-134
-144
-154
-164
-175
-185
-196
-206
-214
-221
-226
-229
-228
-225
-218
-209
-196
-182
-166
-149
-132
-115
-100
-87
-76
-67
-61
-57
-56
-56
-58
-62
-66
-71
-75
-80
-85
-89
-93
-95
-97
-98
-99
-98
-96
-94
-91
-87
-82
-76
-68
-59
-49
-36
-21
-5
13
34
57
82
108
135
164
193
222
251
278
305
330
352
371
387
397
403
402
396
382
362
335
302
263
219
171
120
68
17
-33
-80
-122
-160
-191
-215
-232
-242
-245
-242
-233
-218
-199
-177
-151
-125
-97
-70
-44
-20
0
17
30
40
45
47
46
42
35
28
19
10
1
-6
-12
-17
-21
-22
-21
-19
-16
-11
-6
0
5
10
16
20
24
28
31
34
37
40
42
44
47
49
52
54
56
58
60
62
63
64
64
63
62
59
56
51
47
41
35
29
24
18
13
8
4
0
-1
-3
-5
-5
-5
-4
-2
0
2
5
9
13
16
19
21
22
21
20
17
12
7
1
-4
-11
-18
-25
-31
-37
-42
-47
-51
-54
-56
-57
-56
-53
-49
-44
-37
-30
-22
-13
-5
1
8
13
17
20
20
19
17
13
9
4
-1
-7
-12
-16
-19
-21
-21
-19
-15
-9
-1
8
19
30
42
53
63
72
78
81
81
78
72
63
51
37
21
5
-10
-25
-39
-51
-60
-67
-70
-70
-68
-63
-57
-50
-43
-35
-29
-24
-21
-20
-22
-25
-30
-38
-46
-55
-65
-75
-83
-90
-96
-99
-101
-99
-96
-91
-83
-75
-66
-57
-48
-40
-33
-27
-23
-22
-21
-23
-25
-28
-32
-34
-36
-36
-34
-29
-22
-13
-2
10
25
40
56
72
87
100
112
122
128
132
133
131
125
118
107
96
83
69
56
43
31
20
11
4
-1
-5
-7
-7
-6
-4
-1
2
6
11
15
19
22
24
25
25
24
22
19
15
10
4
-1
-7
-14
-20
-26
-32
-37
-41
-45
-47
-49
-51
-53
-55
-57
-60
-65
-71
-78
-87
-97
-107
-118
-127
-136
-143
-147
-148
-145
-139
-128
-112
-93
-70
-43
-14
15
45
75
104
130
153
173
189
201
209
213
213
210
205
197
188
177
165
154
142
130
120
109
100
91
83
75
68
61
54
47
40
34
27
21
14
7
0
-7
-16
-25
-34
-44
-55
-66
-78
-90
-102
-115
-127
-139
-151
-161
-171
-179
-185
-189
-191
-191
-188
-182
-175
