21
29
39
52
65
79
91
101
105
104
96
80
55
22
-17
-65
-118
-175
-236
-298
-360
-421
-479
-534
-584
-628
-665
-694
-715
-727
-729
-720
-700
-668
-624
-569
-503
-426
-341
-249
-154
-56
39
131
217
293
358
410
450
476
489
491
482
464
440
411
380
348
316
287
261
238
220
205
195
189
187
187
189
193
198
203
207
212
215
218
219
220
221
221
220
220
219
218
216
213
209
203
194
183
168
149
126
98
66
31
-7
-48
-90
-132
-173
-210
-243
-270
-289
-301
-304
-299
-285
-264
-237
-204
-168
-131
-94
-59
-26
0
23
40
52
60
63
63
61
59
56
54
54
56
61
68
77
86
96
104
109
111
109
102
90
74
54
31
7
-17
-41
-63
-81
-96
-106
-112
-114
-111
-105
-95
-84
-71
-58
-45
-33
-23
-16
-11
-8
-8
-10
-13
-17
-20
-22
-23
-20
-13
-2
13
34
62
95
134
178
226
279
334
389
445
499
550
596
637
672
700
720
732
735
728
711
684
647
598
540
471
393
307
214
117
18
-80
-175
-265
-347
-417
-474
-515
-540
-548
-540
-515
-476
-424
-364
-297
-226
-156
-90
-29
22
63
92
109
113
105
85
56
18
-24
-72
-121
-170
-216
-258
-294
-324
-346
-361
-367
-366
-358
-344
-325
-303
-279
-253
-229
-206
-186
-169
-155
-144
-137
-131
-127
-123
-118
-112
-105
-95
-83
-70
-56
-43
-31
-22
-17
-17
-22
-32
-49
-71
-98
-128
-160
-193
-225
-254
-279
-298
-310
-314
-310
-298
-278
-251
-218
-180
-139
-95
-52
-9
31
69
103
132
156
175
189
199
205
209
211
214
219
228
240
259
284
316
354
400
452
508
568
629
690
747
799
841
872
888
887
869
832
776
704
617
518
409
296
182
69
-37
-137
-227
-306
-375
-432
-480
-519
-550
-576
-598
-618
-635
-651
-666
-680
-690
-698
-700
-696
-684
-665
-637
-601
-557
-506
-450
-391
-330
-271
-214
-162
-117
-78
-47
-24
-9
0
3
3
1
-2
-5
-6
-5
-2
3
12
23
35
47
59
70
79
87
92
94
95
95
95
95
96
99
105
114
126
141
157
175
192
209
222
232
238
239
234
225
211
193
172
150
127
105
85
68
56
48
45
48
55
67
82
100
119
138
155
169
180
185
186
180
169
152
128
100
66
27
-14
-59
-107
-155
-203
-249
-291
-329
-361
-385
-402
-410
-409
-400
-383
-359
-329
-294
-256
-216
-175
-136
-98
-62
-30
-1
25
48
69
88
105
120
134
147
159
170
180
190
199
206
213
220
225
230
234
238
240
242
243
242
240
237
232
225
215
204
190
173
155
135
113
91
68
46
24
4
-14
-32
-49
-66
-82
-100
-118
-138
-160
-184
-208
-232
-256
-279
-298
-313
-324
-329
-328
-322
-312
-298
-281
-263
-246
-231
-218
-209
-202
-199
-197
-196
-194
-188
-177
-159
-133
-99
-55
-4
52
113
176
238
295
345
385
414
431
434
424
403
372
333
291
246
203
164
130
105
89
82
85
95
112
133
157
180
201
218
229
232
228
216
197
172
142
110
77
44
14
-12
-35
-53
-66
-76
-82
-87
-91
-96
-103
-113
-125
-140
-157
-175
-192
-209
-222
-231
-234
-231
-221
-205
-182
-155
-123
-88
-52
-17
15
44
69
87
99
104
102
93
78
57
30
-1
-37
-76
-119
-164
-210
-256
-302
-346
-387
-424
-455
-479
-494
-501
-497
-483
-458
-423
-380
-329
-273
-213
-153
-95
-42
4
41
69
86
91
86
71
49
20
-11
-44
-75
-101
-120
-131
-131
-119
-97
-64
-22
27
83
141
198
253
303
344
376
398
408
407
396
376
350
319
286
254
224
200
182
173
173
184
204
235
274
321
374
430
487
543
593
637
671
693
701
695
673
635
582
515
436
346
248
145
39
-66
-169
-268
-359
-441
-513
-573
-622
-660
-686
-702
-708
-706
-698
-685
-667
-648
-627
-607
-587
-570
-554
-540
-528
-518
-508
-498
-486
-471
-452
-428
-398
-361
-317
-266
-208
-144
-74
0
75
152
229
304
375
440
499
550
593
625
648
660
661
651
631
601
562
515
462
403
342
279
216
155
97
44
-4
-49
-88
-123
-153
-178
-198
-214
-225
-230
-230
-223
-209
-188
-160
-125
-83
-35
18
75
136
197
257
315
369
417
458
490
513
526
527
518
497
465
423
371
311
243
170
93
14
-63
-138
-208
-271
-324
-367
-397
-415
-420
-412
-391
-358
-314
-262
-203
-138
-71
-4
61
123
180
229
269
299
318
327
325
313
292
264
230
192
152
112
74
39
9
-16
-36
-52
-65
-77
-89
-102
-120
-143
-172
-208
-249
-295
-343
-392
-438
-478
-511
-532
-541
-535
-515
-480
-431
-371
-301
-226
-147
-69
4
71
128
172
202
217
217
201
171
128
74
12
-55
-126
-196
-263
-325
-378
-423
-456
-478
-490
-490
-481
-465
-442
-415
-386
-356
-326
-297
-269
-243
-216
-188
-159
-126
-88
-45
4
59
121
188
260
333
408
481
551
617
677
729
774
811
840
860
872
876
873
863
846
823
794
759
717
668
613
551
483
409
329
245
157
68
-20
-108
-193
-272
-345
-410
-467
-515
-554
-583
-603
-615
-618
-614
-604
-588
-568
-544
-518
-492
-466
-443
-423
-407
-396
-391
-391
-397
-406
-419
-435
-451
-466
-478
-487
-491
-488
-480
-464
-443
-416
-386
-354
-321
-289
-261
-236
-216
-201
-189
-180
-173
-165
-154
-139
-119
-91
-56
-13
35
91
151
214
277
339
397
449
495
531
558
576
584
583
574
558
536
509
480
448
416
384
353
325
300
279
262
251
244
242
245
251
260
271
283
294
304
312
318
321
322
322
320
318
318
318
322
329
339
353
370
388
406
422
432
436
430
412
380
335
277
206
126
38
-53
-145
-232
-313
-383
-441
-484
-512
-524
-522
-507
-481
-447
-407
-363
-320
-279
-244
-215
-196
-185
-185
-194
-212
-237
-267
-300
-333
-364
-388
-405
-412
-406
-388
-356
-313
-258
-195
-126
-55
15
82
142
193
233
262
278
283
278
262
239
209
173
135
93
51
9
-32
-71
-107
-140
-167
-188
-202
-207
-204
-190
-166
-131
-86
-31
32
102
177
253
328
398
460
511
549
573
581
574
552
517
470
414
351
284
215
146
79
14
-46
-102
-152
-196
-234
-264
-287
-302
-309
-307
-298
-280
-255
-223
-186
-145
-102
-59
-20
13
39
55
58
48
24
-12
-62
-123
-191
-264
-339
-410
-476
-532
-577
-607
-622
-622
-606
-576
-533
-479
-416
-346
-271
-193
-114
-35
41
116
190
261
330
399
466
535
604
675
748
822
897
971
1043
1109
1169
1218
1255
1277
1281
1265
1228
1169
1087
983
856
709
544
363
170
-30
-235
-441
-642
-835
-1016
-1181
-1328
-1453
-1555
-1631
-1681
-1704
-1700
-1669
-1613
-1534
-1433
-1313
-1179
-1033
-880
-723
-568
-417
-277
-149
-39
51
119
162
181
173
142
87
13
-77
-180
-291
-405
-517
-623
-718
-800
-864
-908
-929
-926
-896
-840
-756
-646
-510
-351
-172
24
233
449
669
885
1093
1288
1466
1621
1751
1855
1929
1976
1993
1985
1951
1895
1820
1728
1623
1508
1386
1258
1128
997
867
739
613
490
370
253
139
29
-79
-185
-290
-394
-496
-597
-695
-791
-884
-971
-1052
-1125
-1189
-1243
-1285
-1315
-1332
-1336
-1327
-1306
-1274
-1231
-1180
-1121
-1056
-987
-916
-844
-772
-701
-632
-566
-501
-439
-378
-317
-255
-191
-123
-52
22
101
185
271
358
445
531
611
686
752
808
853
884
902
905
893
866
825
771
705
628
544
453
359
264
170
81
-2
-77
-143
-198
-242
-274
-295
-306
-307
-298
-282
-259
-229
-193
-154
-110
-63
-13
37
87
137
184
226
262
289
308
316
314
302
281
252
218
183
148
119
98
87
91
109
143
193
257
333
417
506
595
680
757
821
869
899
908
897
864
811
739
649
544
426
297
159
15
-133
-285
-438
-589
-737
-879
-1013
-1136
-1246
-1340
-1414
-1468
-1498
-1504
-1484
-1438
-1368
-1274
-1160
-1028
-881
-725
-561
-393
-226
-59
102
260
413
559
698
830
953
1067
1168
1255
1324
1372
1396
1392
1360
1296
1202
1080
932
764
583
395
210
35
-120
-251
-351
-417
-446
-441
-403
-336
-248
-145
-34
74
175
261
327
367
381
366
324
257
167
59
-63
-196
-335
-476
-615
-750
-879
-999
-1109
-1207
-1293
-1366
-1425
-1470
-1498
-1511
-1507
-1485
-1446
-1390
-1317
-1228
-1125
-1009
-882
-748
-607
-465
-322
-183
-48
79
199
311
414
509
597
677
752
821
884
942
993
1036
1070
1093
1103
1098
1077
1039
984
912
827
730
627
523
423
335
263
213
188
191
221
276
355
451
558
672
784
889
981
1055
1110
1142
1152
1141
1109
1060
995
917
827
727
617
498
370
233
87
-67
-229
-397
-570
-745
-919
-1090
-1254
-1409
-1551
-1679
-1789
-1881
-1953
-2003
-2032
-2040
-2026
-1992
-1937
-1864
-1772
-1664
-1539
-1400
-1248
-1083
-909
-726
-537
-346
-155
32
213
385
545
691
823
942
1047
1142
1228
1307
1382
1454
1522
1587
1645
1696
1735
1758
1763
1745
1703
1634
1537
1414
1266
1095
905
701
487
270
54
-154
-352
-536
-703
-852
-982
-1095
-1191
-1273
-1342
-1399
-1445
-1481
-1503
-1511
-1501
-1471
-1417
-1338
-1233
-1101
-945
-768
-575
-372
-167
32
219
387
529
640
717
758
765
739
684
606
511
405
297
192
98
19
-39
-76
-89
-79
-48
1
65
140
220
302
380
453
516
568
608
636
651
654
647
629
603
569
530
486
440
391
342
294
247
201
159
119
83
49
18
-8
-33
-56
-76
-95
-113
-130
-148
-167
-189
-214
-243
-276
-313
-353
-394
-433
-468
-496
-513
-517
-506
-478
-435
-376
-306
-227
-144
-62
13
78
129
160
172
162
133
85
22
-51
-132
-216
-299
-376
-445
-503
-550
-583
-603
-609
-602
-583
-550
-504
-446
-375
-292
-195
-87
33
164
303
450
599
749
894
1032
1158
1268
1360
1431
1480
1507
1512
1495
1457
1401
1328
1241
1141
1031
914
790
662
533
404
277
154
36
-74
-177
-272
-358
-434
-500
-557
-605
-645
-676
-700
-717
-729
-735
-737
-733
-724
-710
-691
-666
-635
-596
-552
-500
-442
-379
-311
-239
-168
-97
-32
24
71
104
120
119
100
62
8
-60
-141
-230
-325
-422
-517
-608
-691
-766
-829
-881
-919
-944
-956
-956
-945
-922
-891
-852
-807
-757
-704
-650
-596
-543
-492
-443
-396
-352
-310
-270
-230
-189
-148
-106
-61
-15
33
84
138
193
249
307
366
425
483
539
594
645
692
735
770
798
817
824
820
801
768
720
656
578
486
383
272
156
40
-70
-173
-263
-335
-387
-417
-423
-406
-368
-310
-236
-152
-61
29
115
191
253
296
319
319
298
256
197
