1
4
10
18
29
41
55
69
83
95
106
114
119
120
117
111
101
89
74
57
39
22
5
-10
-24
-36
-45
-51
-55
-55
-53
-49
-43
-36
-28
-21
-14
-8
-3
0
2
4
4
4
3
2
2
2
2
2
3
5
7
10
12
15
17
19
20
21
22
21
21
20
19
17
16
15
15
15
15
16
18
20
23
27
30
34
38
40
42
42
41
38
33
26
17
7
-2
-14
-25
-35
-45
-52
-58
-62
-63
-61
-58
-52
-45
-37
-28
-19
-10
-3
3
7
9
9
8
4
-1
-8
-16
-25
-34
-44
-53
-62
-70
-78
-85
-92
-98
-104
-110
-116
-122
-127
-131
-134
-135
-134
-129
-122
-110
-95
-77
-57
-34
-11
11
34
55
73
88
100
108
112
114
112
108
102
94
86
77
69
62
56
52
50
49
51
53
57
62
67
72
76
79
81
81
80
76
70
61
51
39
26
12
-1
-15
-27
-38
-46
-52
-55
-56
-54
-50
-44
-36
-27
-18
-9
-1
5
10
14
15
14
11
5
-2
-11
-21
-33
-44
-55
-65
-74
-81
-86
-89
-88
-86
-80
-72
-62
-50
-36
-22
-7
6
19
31
41
48
53
55
54
50
43
33
21
6
-10
-29
-49
-70
-90
-110
-128
-144
-157
-167
-172
-174
-170
-161
-147
-128
-105
-76
-44
-9
27
65
102
137
169
196
218
234
244
247
245
237
224
207
188
167
144
122
100
79
60
42
27
13
1
-9
-18
-26
-34
-41
-47
-53
-58
-62
-65
-67
-67
-66
-64
-60
-54
-49
-42
-36
-29
-24
-18
-14
-10
-7
-4
-2
0
2
4
6
9
12
14
16
18
19
19
18
16
12
8
4
0
-4
-8
-12
-15
-16
-17
-16
-14
-12
-8
-4
0
5
10
14
18
22
24
26
27
27
26
25
23
21
19
18
16
15
14
13
12
10
8
6
2
0
-5
-11
-17
-23
-30
-38
-46
-54
-61
-69
-75
-81
-87
-91
-94
-96
-97
-97
-96
-93
-88
-82
-75
-67
-57
-47
-37
-26
-16
-6
2
10
16
22
26
29
31
32
32
32
31
30
29
28
28
28
28
28
28
27
25
22
17
11
4
-4
-15
-27
-39
-52
-64
-76
-87
-96
-102
-106
-107
-105
-99
-90
-77
-62
-44
-23
-1
22
46
70
95
118
140
159
176
190
200
206
207
204
197
185
168
148
125
98
69
39
7
-23
-54
-84
-111
-136
-158
-176
-191
-202
-209
-212
-211
-207
-199
-187
-173
-156
-136
-114
-90
-65
-40
-14
10
34
57
78
98
115
131
143
154
161
167
170
170
168
164
159
152
143
133
122
110
97
83
69
54
40
26
12
0
-12
-22
-30
-36
-40
-41
-39
-34
-26
-15
-2
13
31
51
72
95
117
140
161
180
196
209
217
221
221
216
206
192
174
153
129
103
76
47
19
-9
-37
-64
-89
-113
-135
-154
-171
-186
-198
-207
-214
-218
-219
-218
-214
-208
-200
-191
-180
-168
-156
-144
-132
-121
-111
-101
-92
-83
-75
-68
-61
-55
-50
-45
-42
-40
-39
-40
-42
-46
-52
-59
-67
-77
-86
-96
-105
-112
-118
-122
-123
-121
-116
-108
-98
-85
-71
-55
-38
-20
-3
14
30
45
59
73
85
97
108
120
132
145
159
175
191
209
227
245
262
277
290
299
305
305
301
291
275
255
229
199
165
127
87
46
4
-36
-75
-112
-146
-176
-202
-224
-242
-255
-264
-269
-272
-271
-267
-262
-255
-246
-237
-227
-216
-205
-194
-182
-171
-159
-148
-137
-126
-115
-104
-93
-81
-70
-58
-46
-34
-22
-10
1
13
24
35
45
55
65
74
83
92
100
107
114
119
123
125
126
125
123
119
114
108
100
92
84
75
65
56
48
40
34
29
25
24
25
28
32
38
45
53
61
68
75
80
85
88
90
91
91
90
88
85
83
80
77
75
73
72
71
71
71
72
73
73
73
72
69
66
61
55
47
39
30
22
13
4
-2
-9
-15
-20
-23
-24
-24
-23
-20
-15
-10
-4
1
7
13
18
21
24
25
26
25
23
21
18
16
12
9
6
3
0
-3
-7
-11
-16
-22
-29
-37
-45
-54
-63
-73
-82
-91
-101
-109
-118
-126
-134
-140
-146
-150
-153
-154
-152
-147
-140
-131
-119
-105
-89
-72
-55
-37
-21
-5
7
19
28
34
39
41
42
42
41
39
38
38
38
40
42
45
48
52
55
57
58
58
56
52
47
39
31
21
11
1
-9
-18
-27
-36
-43
-48
-53
-56
-59
-60
-61
-62
-62
-62
-62
-63
-63
-64
-64
-65
-64
-63
-61
-57
-53
-46
-38
-28
-17
-4
8
21
34
46
57
66
73
77
78
77
74
69
63
55
47
39
32
26
22
19
18
20
23
28
34
41
49
55
61
65
67
66
63
57
49
38
25
11
-3
-18
-34
-49
-62
-75
-86
-95
-102
-108
-112
-115
-116
-116
-115
-113
-110
-107
-103
-98
-92
-85
-77
-69
-60
-51
-41
-30
-19
-7
4
17
30
43
56
69
81
91
100
107
112
114
114
111
107
101
93
85
77
69
61
54
48
43
38
34
31
28
25
22
18
15
11
7
3
0
-3
-5
-7
-7
-7
-5
-2
1
5
10
15
20
26
31
36
41
46
50
53
55
56
56
53
48
42
32
21
7
-7
-24
-41
-59
-77
-94
-109
-122
-134
-142
-148
-151
-151
-148
-143
-136
-127
-117
-106
-94
-81
-67
-52
-37
-21
-5
10
27
44
59
74
87
97
105
109
110
107
100
89
76
59
41
22
3
-14
-29
-41
-49
-52
-51
-45
-34
-19
-1
18
40
61
81
99
114
125
132
134
132
126
115
101
83
64
42
20
0
-21
-41
-58
-71
-81
-88
-90
-88
-83
-75
-65
-53
-41
-29
-17
-8
0
5
8
9
8
5
1
-4
-9
-15
-20
-24
-26
-27
-26
-23
-19
-14
-8
-1
4
10
15
19
21
21
20
17
14
9
3
-2
-8
-14
-19
-25
-30
-34
-37
-40
-42
-43
-43
-43
-42
-40
-38
-36
-33
-30
-28
-25
-22
-20
-17
-14
-11
-8
-5
-2
0
2
4
5
5
4
3
0
-2
-6
-10
-14
-18
-20
-21
-21
-20
-16
-11
-3
5
16
29
43
58
75
91
108
124
138
151
162
170
175
176
175
169
161
150
137
121
104
86
68
49
31
13
-2
-17
-30
-42
-53
-63
-73
-81
-90
-98
-107
-115
-124
-131
-138
-144
-149
-152
-154
-153
-150
-146
-139
-131
-122
-111
-100
-87
-75
-63
-51
-40
-30
-21
-14
-8
-4
-1
0
0
0
-1
-2
-2
-3
-2
-2
0
2
5
9
13
18
22
27
32
36
41
45
49
53
56
60
63
67
70
73
75
78
80
81
82
83
83
82
81
80
77
73
68
62
54
46
36
26
16
5
-5
-15
-25
-34
-42
-49
-54
-58
-60
-60
-57
-53
-46
-38
-28
-17
-5
6
19
30
40
49
55
60
61
60
57
51
42
31
18
4
-11
-27
-43
-59
-75
-89
-102
-113
-122
-128
-132
-133
-132
-127
-120
-110
-98
-84
-69
-54
-38
-23
-10
1
11
19
25
28
30
31
30
28
25
22
19
17
16
17
19
22
28
35
43
53
64
75
86
97
106
113
117
119
118
114
107
97
85
72
57
41
26
12
0
-9
-17
-22
-25
-24
-21
-16
-8
0
9
20
29
38
45
49
52
51
48
43
35
26
16
5
-4
-14
-22
-29
-34
-37
-38
-38
-36
-33
-29
-25
-20
-16
-13
-12
-12
-14
-19
-27
-37
-51
-68
-87
-108
-130
-153
-174
-194
-211
-224
-231
-232
-226
-213
-191
-161
-124
-81
-32
19
73
127
179
227
269
305
333
353
364
367
361
348
329
304
275
243
210
176
142
109
79
51
26
3
-15
-33
-48
-62
-74
-86
-97
-109
-120
-132
-144
-156
-167
-177
-186
-193
-198
-200
-200
-198
-193
-187
-180
-173
-167
-161
-158
-157
-159
-165
-173
-184
-198
-214
-230
-246
-261
-273
-282
-286
-284
-278
-265
-247
-224
-196
-165
-132
-97
-61
-26
8
40
71
98
123
145
165
181
196
209
222
233
245
257
269
282
295
308
321
334
344
353
358
359
356
348
335
317
295
268
238
205
170
135
100
65
33
2
-24
-49
-70
-88
-102
-113
-122
-128
-131
-133
-134
-134
-134
-133
-132
-132
-131
-129
-128
-126
-124
-122
-119
-117
-114
-113
-113
-113
-115
-119
-123
-128
-132
-137
-140
-141
-140
-136
-128
-117
-103
-86
-66
-44
-21
2
26
49
70
90
107
121
132
141
147
152
154
156
156
156
155
154
153
152
150
148
145
142
138
133
128
121
113
104
94
83
71
58
45
31
17
4
-7
-19
-29
-37
-44
-49
-52
-54
-53
-52
-49
-45
-40
-34
-27
-20
-13
-6
0
5
11
15
19
22
24
25
25
25
25
25
24
24
24
24
25
26
28
31
33
36
39
41
43
44
44
43
40
36
31
25
18
11
4
-2
-9
-15
-20
-25
-28
-31
-33
-35
-36
-37
-39
-40
-42
-45
-47
-51
-54
-58
-61
-64
-66
-67
-67
-65
-62
-57
-50
-41
-31
-19
-7
4
17
28
38
46
51
53
51
46
38
27
13
-3
-20
-39
-57
-73
-87
-99
-107
-111
-110
-106
-98
-87
-74
-59
-44
-29
-14
-2
7
15
20
22
23
21
19
15
11
7
3
0
-2
-3
-4
-4
-4
-4
-3
-3
-4
-6
-9
-12
-17
-23
-30
-37
-45
-52
-59
-66
-72
-77
-80
-82
-83
-82
-79
-75
-69
-61
-52
-42
-32
-20
-8
4
16
27
38
46
53
57
58
56
51
43
32
19
3
-13
-31
-49
-67
-84
-98
-110
-119
-123
-122
-117
-107
-91
-71
-47
-20
9
40
71
102
130
154
175
191
201
206
205
198
187
171
151
129
104
79
54
29
7
-12
-28
-41
-51
-56
-58
-57
-52
-46
-37
-27
-17
-7
1
10
17
23
27
28
28
25
21
15
7
-1
-11
-21
-31
-41
-51
-60
-68
-74
-78
-81
-82
-80
-76
-70
-62
-53
-41
-29
-16
-2
11
24
37
48
58
66
73
77
79
80
78
74
69
63
55
46
36
25
13
1
-11
-24
-37
-49
-61
-72
-82
-90
-96
-101
-104
-104
-103
-99
-93
-85
-75
-63
-49
-35
-19
-4
10
24
37
49
58
66
72
76
78
79
79
78
77
75
73
71
69
67
66
64
62
61
59
58
56
55
55
54
54
54
53
53
52
51
49
47
44
40
37
33
30
27
26
26
29
32
38
44
51
