-179
-226
-274
-321
-366
-407
-443
-471
-490
-499
-495
-478
-447
-403
-346
-279
-203
-121
-38
44
123
195
257
307
344
366
374
369
351
322
285
243
197
152
109
71
41
19
7
5
12
27
49
76
108
142
176
211
245
278
310
342
373
405
438
472
507
542
578
614
647
678
704
724
736
738
729
707
673
625
564
490
406
312
211
105
-2
-111
-217
-318
-413
-500
-578
-644
-700
-743
-775
-795
-804
-802
-791
-771
-744
-710
-672
-629
-584
-535
-485
-432
-378
-322
-264
-205
-143
-80
-16
48
112
174
233
287
334
372
401
418
424
417
399
371
333
288
237
182
126
70
17
-32
-77
-116
-148
-173
-192
-203
-207
-205
-196
-181
-159
-132
-100
-64
-24
16
58
99
137
170
196
216
226
227
219
201
174
139
99
53
4
-44
-93
-139
-181
-217
-247
-270
-285
-292
-292
-284
-269
-247
-221
-191
-159
-125
-91
-58
-29
-3
16
32
42
46
45
40
31
19
6
-7
-22
-35
-47
-57
-65
-69
-71
-69
-64
-55
-44
-29
-13
4
23
41
58
72
84
91
95
94
89
80
69
55
41
26
12
0
-9
-17
-23
-27
-30
-32
-33
-35
-38
-42
-48
-55
-64
-74
-85
-94
-101
-106
-107
-103
-94
-80
-60
-36
-8
22
55
88
120
149
175
195
209
218
219
215
205
190
173
153
133
115
99
88
82
81
87
99
116
139
165
193
222
250
275
296
311
318
319
312
298
278
254
228
202
177
157
143
136
138
148
167
192
224
258
294
329
359
383
397
401
391
368
330
279
214
139
56
-33
-125
-216
-304
-384
-455
-513
-559
-589
-605
-605
-592
-566
-528
-481
-427
-369
-307
-245
-185
-128
-76
-29
10
43
68
85
95
98
94
84
70
51
29
6
-16
-37
-55
-68
-75
-76
-69
-56
-36
-9
20
54
90
125
158
188
212
231
242
245
241
229
209
182
150
113
72
29
-14
-57
-100
-140
-177
-211
-242
-271
-296
-320
-342
-364
-385
-407
-430
-453
-477
-501
-525
-546
-564
-577
-582
-580
-567
-544
-509
-461
-402
-332
-253
-166
-74
19
114
207
294
375
445
505
553
586
606
612
603
581
546
500
444
380
309
235
159
83
10
-58
-120
-174
-219
-254
-279
-293
-297
-292
-280
-261
-239
-213
-187
-162
-139
-120
-105
-95
-90
-89
-92
-99
-110
-122
-137
-155
-174
-196
-220
-248
-278
-311
-346
-382
-418
-452
-482
-505
-520
-523
-513
-488
-448
-393
-322
-238
-141
-36
75
191
306
418
524
621
707
779
836
878
903
913
908
889
858
816
767
711
651
589
526
463
403
346
293
244
198
157
121
88
58
32
10
-8
-24
-38
-48
-56
-63
-67
-71
-75
-78
-83
-88
-95
-104
-113
-124
-135
-147
-160
-172
-184
-195
-203
-210
-214
-215
-212
-206
-197
-185
-171
-155
-138
-121
-104
-90
-77
-67
-60
-55
-54
-54
-57
-60
-63
-65
-65
-62
-55
-44
-29
-10
12
38
67
97
127
156
184
208
229
246
259
268
274
276
276
275
272
268
264
259
255
250
244
239
233
226
220
214
208
202
197
192
188
183
179
174
168
162
153
142
128
111
90
65
35
1
-37
-81
-128
-179
-232
-286
-341
-393
-442
-485
-522
-550
-568
-576
-572
-558
-533
-498
-455
-405
-350
-292
-233
-174
-118
-66
-18
23
60
90
115
135
151
163
174
182
190
196
202
206
209
209
206
199
188
173
154
131
105
77
49
21
-4
-26
-44
-57
-65
-67
-65
-59
-51
-42
-34
-29
-27
-31
-40
-55
-74
-98
-123
-149
-174
-195
-211
-222
-225
-222
-211
-195
-174
-149
-123
-97
-73
-52
-36
-25
-19
-18
-21
-28
-38
-48
-58
-66
-71
-72
-68
-58
-44
-25
-2
23
50
77
102
125
144
157
165
167
162
152
136
115
90
62
33
3
-25
-53
-77
-97
-111
-120
-121
-116
-104
-87
-63
-36
-6
23
53
81
105
124
137
144
142
134
118
96
68
36
0
-36
-74
-111
-145
-175
-201
-221
-235
-244
-247
-244
-237
-227
-214
-200
-186
-173
-162
-154
-149
-147
-148
-152
-158
-166
-174
-182
-188
-192
-192
-189
-181
-168
-150
-129
-103
-75
-45
-14
16
47
76
103
128
152
173
191
209
224
239
253
266
280
293
307
320
333
345
356
365
372
376
376
373
366
354
339
319
296
270
240
208
174
139
104
69
36
4
-25
-51
-75
-95
-111
-124
-133
-140
-144
-146
-147
-146
-145
-144
-142
-141
-139
-137
-135
-132
-127
-121
-112
-101
-88
-73
-56
-39
-20
-2
14
29
43
53
61
66
69
69
68
65
62
59
56
54
52
51
51
50
49
48
45
41
36
29
21
12
3
-4
-12
-17
-20
-20
-17
-12
-3
6
18
30
43
54
64
72
77
79
78
74
66
56
44
30
15
-1
-17
-33
-48
-63
-76
-87
-96
-102
-105
-105
-102
-94
-83
-68
-50
-30
-8
12
32
51
66
77
84
85
82
74
62
47
30
13
-3
-18
-29
-37
-41
-39
-33
-23
-9
6
24
43
61
77
92
104
114
120
125
128
130
131
132
134
137
141
146
151
157
162
167
169
170
167
161
152
139
122
102
79
54
28
0
-27
-56
-84
-111
-138
-163
-187
-209
-231
-251
-270
-287
-303
-318
-331
-342
-351
-359
-364
-366
-367
-364
-360
-352
-343
-331
-316
-300
-283
-263
-243
-222
-200
-177
-155
-132
-110
-89
-68
-48
-30
-13
1
14
26
35
43
48
52
54
55
55
54
53
54
55
59
65
74
85
99
116
134
154
173
193
211
227
240
250
256
259
258
254
246
236
224
211
197
182
168
154
142
131
122
114
108
103
99
97
95
93
92
91
90
90
88
87
84
81
77
71
65
57
49
39
29
19
8
-1
-12
-21
-30
-39
-47
-55
-63
-71
-79
-89
-99
-110
-123
-136
-149
-163
-176
-188
-199
-208
-215
-218
-219
-216
-210
-200
-187
-172
-154
-134
-112
-90
-68
-47
-27
-9
6
20
32
41
49
54
57
59
60
60
58
56
52
49
45
41
37
34
32
31
32
34
39
47
56
67
81
95
111
126
142
156
168
177
183
184
182
175
165
150
132
112
89
65
41
18
-3
-23
-40
-53
-63
-70
-72
-71
-67
-60
-51
-40
-28
-16
-5
5
14
20
25
26
24
20
13
4
-6
-19
-33
-47
-61
-74
-86
-97
-106
-113
-118
-121
-123
-124
-123
-121
-118
-115
-110
-105
-99
-91
-83
-73
-62
-51
-40
-28
-16
-5
5
14
22
29
34
37
39
40
39
37
35
32
28
25
23
21
21
21
22
25
28
33
38
42
47
51
53
54
53
49
43
34
23
10
-4
-20
-35
-50
-63
-74
-83
-89
-93
-93
-91
-87
-81
-74
-66
-57
-48
-39
-30
-22
-15
-8
-2
2
6
10
15
19
23
27
32
36
40
45
48
52
56
59
62
64
67
70
73
77
82
87
95
104
115
127
140
155
169
182
193
200
204
204
198
187
172
151
127
99
69
39
8
-21
-49
-75
-98
-118
-134
-147
-157
-163
-167
-168
-166
-163
-157
-149
-138
-126
-111
-95
-76
-55
-33
-11
11
33
53
71
86
97
104
105
101
93
79
60
38
12
-16
-46
-77
-108
-137
-166
-192
-216
-236
-254
-268
-280
-288
-293
-295
-294
-289
-281
-270
-256
-238
-218
-195
-170
-143
-115
-85
-55
-24
5
35
63
91
117
142
165
186
206
223
239
252
262
269
273
273
269
261
248
231
210
185
157
127
95
62
29
-2
-32
-60
-84
-104
-119
-130
-136
-137
-134
-127
-117
-105
-92
-78
-64
-51
-39
-28
-18
-10
-2
3
9
14
19
24
29
35
40
45
51
56
60
64
66
67
66
63
58
52
44
35
25
15
5
-3
-11
-18
-24
-28
-31
-32
-32
-32
-31
-30
-29
-30
-31
-33
-37
-41
-47
-53
-60
-67
-73
-78
-83
-86
-86
-85
-81
-74
-65
-52
-37
-19
0
21
44
67
89
110
129
145
158
165
168
166
158
146
128
107
83
57
31
5
-19
-42
-61
-77
-89
-98
-102
-104
-102
-98
-91
-82
-71
-59
-45
-29
-11
7
28
50
74
100
126
152
178
202
224
242
256
265
268
265
255
240
218
192
162
129
95
61
28
-2
-29
-51
-69
-82
-91
-94
-93
-88
-81
-70
-58
-45
-30
-16
-2
11
24
36
48
58
68
76
83
90
95
100
103
105
105
103
100
96
89
81
71
59
46
31
14
-3
-24
-46
-70
-96
-123
-151
-179
-207
-234
-259
-281
-299
-313
-322
-326
-325
-319
-308
-293
-276
-256
-235
-214
-193
-174
-156
-139
-124
-109
-96
-82
-69
-55
-39
-23
-6
11
30
49
68
86
102
116
128
137
142
144
143
138
130
120
108
95
81
66
52
38
25
12
0
-12
-24
-36
-48
-60
-73
-85
-97
-108
-118
-125
-129
-129
-126
-117
-104
-86
-64
-38
-10
18
47
74
98
118
133
143
147
146
140
131
119
106
92
80
69
61
56
53
52
53
54
56
56
55
53
48
41
32
21
10
-1
-13
-24
-33
-41
-48
-52
-55
-56
-56
-54
-52
-49
-45
-41
-38
-34
-30
-27
-24
-20
-17
-13
-10
-6
-3
0
2
4
4
4
3
0
-1
-4
-7
-9
-10
-9
-6
-1
5
14
25
36
48
60
71
81
89
95
97
97
94
87
78
68
56
43
31
21
12
6
2
0
1
4
8
11
15
17
17
16
13
9
3
-2
-8
-13
-16
-17
-15
-10
-2
8
22
38
57
77
99
121
143
165
186
206
224
239
252
261
268
270
269
264
255
242
226
207
186
162
137
111
84
57
31
5
-19
-43
-66
-88
-108
-127
-145
-161
-176
-189
-200
-210
-218
-224
-227
-229
-228
-224
-219
-211
-202
-192
-181
-169
-157
-146
-136
-126
-118
-111
-105
-100
-96
-92
-89
-86
-83
-79
-76
-72
-68
-64
-61
-60
-61
-64
-71
-81
-95
-113
-133
-156
-181
-205
-228
-247
-262
-271
-274
-268
-254
-231
-201
-163
-119
-70
-19
33
86
136
182
223
258
286
306
319
325
325
320
312
301
289
277
266
256
248
242
238
235
233
230
227
222
215
205
191
174
154
130
103
74
42
9
-23
-57
-90
-122
-153
-183
-211
-238
-263
-287
-309
-329
-348
-365
-380
-393
-403
-411
-416
-417
-415
-410
-402
-390
-375
-357
-336
-313
-286
-256
-224
-190
-153
-114
-73
-31
9
51
91
129
163
193
219
238
251
258
259
254
243
229
212
193
174
157
141
129
120
113
110
108
108
107
106
103
