-310
-303
-291
-277
-259
-239
-216
-192
-166
-139
-110
-80
-50
-18
12
44
76
107
137
165
191
214
235
252
266
277
286
294
300
306
313
319
327
335
342
349
353
355
352
344
331
310
282
248
205
156
101
42
-21
-86
-151
-215
-275
-330
-378
-419
-450
-472
-484
-487
-481
-467
-446
-418
-385
-349
-310
-270
-230
-190
-151
-115
-81
-49
-19
7
32
55
77
98
118
137
155
172
189
204
218
230
239
245
249
249
246
241
234
226
218
210
205
203
204
209
218
232
249
270
293
317
342
365
385
402
412
416
413
401
380
350
311
264
210
151
88
22
-44
-109
-171
-230
-282
-328
-367
-398
-422
-438
-447
-450
-448
-441
-432
-420
-408
-396
-384
-373
-364
-356
-349
-343
-336
-328
-318
-306
-290
-271
-249
-223
-194
-161
-126
-89
-50
-10
30
72
113
155
195
234
271
306
337
365
389
408
423
434
439
441
438
431
420
407
390
372
353
332
311
290
269
249
229
210
192
173
155
136
116
95
71
45
16
-15
-49
-85
-124
-163
-203
-243
-282
-320
-355
-387
-416
-440
-459
-471
-477
-477
-468
-453
-430
-400
-365
-324
-278
-230
-181
-133
-87
-45
-8
20
41
52
54
45
27
0
-34
-74
-119
-165
-209
-251
-287
-316
-336
-346
-346
-335
-313
-283
-244
-198
-147
-92
-37
18
72
123
170
213
250
283
311
335
355
371
383
393
401
406
408
409
406
401
393
382
368
349
327
301
272
239
204
166
128
89
51
14
-19
-50
-77
-99
-115
-126
-131
-130
-122
-110
-93
-72
-49
-26
-3
16
33
46
54
57
55
48
38
26
12
-3
-17
-32
-45
-56
-67
-76
-84
-91
-98
-104
-112
-119
-127
-136
-143
-151
-156
-158
-157
-151
-138
-118
-91
-56
-14
35
91
152
214
278
339
396
445
487
517
536
542
535
516
486
444
394
335
271
203
131
58
-14
-87
-159
-227
-293
-354
-409
-458
-500
-532
-556
-570
-573
-567
-552
-529
-499
-464
-426
-387
-348
-312
-279
-252
-230
-215
-207
-203
-205
-210
-216
-223
-229
-231
-230
-224
-213
-197
-176
-152
-125
-96
-66
-37
-9
15
37
55
69
78
82
82
78
71
61
49
36
22
8
-4
-17
-29
-41
-51
-60
-68
-72
-73
-70
-60
-43
-17
17
63
118
182
255
335
419
505
590
669
741
801
847
875
885
874
843
790
719
629
524
405
277
142
4
-133
-269
-399
-520
-632
-732
-819
-891
-949
-992
-1021
-1036
-1038
-1028
-1006
-974
-933
-884
-829
-767
-700
-628
-552
-472
-389
-304
-216
-127
-37
52
140
226
308
384
453
514
565
605
634
653
660
657
645
624
597
564
528
489
449
410
373
338
307
279
256
237
222
211
202
195
190
186
182
179
175
172
168
163
159
154
148
143
137
131
124
117
110
103
96
89
81
74
66
58
49
41
31
22
12
3
-4
-10
-15
-19
-19
-18
-14
-9
-2
5
14
23
32
40
47
52
56
59
60
60
59
58
56
56
56
57
59
63
68
73
80
86
92
97
102
105
108
109
109
108
106
103
98
92
85
77
66
55
42
29
16
3
-8
-18
-24
-27
-25
-18
-6
10
32
58
85
113
140
164
182
193
196
188
171
142
104
56
0
-63
-131
-202
-273
-342
-408
-467
-519
-562
-595
-618
-630
-632
-624
-608
-584
-554
-518
-479
-436
-392
-347
-301
-256
-211
-168
-126
-86
-48
-13
19
50
78
104
127
147
166
181
195
207
216
223
228
232
234
234
232
230
226
221
215
208
200
192
183
173
162
150
137
123
108
92
74
54
33
10
-13
-39
-67
-96
-126
-155
-184
-212
-238
-261
-280
-295
-307
-313
-316
-316
-312
-305
-297
-287
-275
-263
-251
-238
-225
-212
-199
-185
-170
-155
-138
-119
-99
-77
-53
-28
-1
26
54
81
108
133
156
177
194
208
218
225
228
229
226
221
214
206
197
188
179
171
163
158
153
150
147
145
144
143
141
140
137
135
132
128
124
119
113
106
97
88
76
63
48
31
13
-5
-25
-46
-66
-85
-103
-119
-132
-142
-150
-154
-155
-153
-150
-145
-140
-136
-132
-131
-132
-135
-141
-149
-159
-170
-182
-194
-206
-216
-225
-232
-237
-239
-239
-236
-231
-222
-211
-197
-180
-161
-138
-114
-86
-57
-26
7
42
80
118
157
197
236
275
311
345
376
403
426
445
458
467
470
468
461
447
428
403
372
336
294
247
196
142
86
29
-27
-82
-134
-180
-221
-254
-279
-296
-303
-301
-291
-273
-249
-221
-189
-155
-122
-91
-62
-37
-16
0
10
17
21
21
18
15
10
5
0
-4
-8
-13
-18
-24
-30
-38
-46
-56
-65
-75
-83
-91
-96
-100
-100
-97
-91
-81
-68
-51
-30
-7
18
46
75
103
131
156
178
196
209
218
220
218
210
198
183
164
144
124
103
84
67
53
42
35
31
32
37
45
55
68
81
94
105
114
119
120
114
103
86
62
33
0
-37
-76
-115
-153
-186
-214
-236
-250
-255
-253
-243
-226
-203
-176
-146
-114
-81
-48
-16
14
44
72
98
123
145
165
182
195
204
207
205
197
182
160
132
99
60
18
-25
-68
-110
-148
-180
-204
-219
-224
-218
-202
-176
-142
-100
-53
-4
45
92
135
170
198
215
222
218
204
181
151
113
72
27
-17
-61
-103
-142
-176
-205
-228
-245
-257
-263
-264
-259
-249
-235
-218
-197
-174
-150
-126
-103
-81
-64
-51
-43
-41
-46
-56
-72
-92
-115
-139
-162
-182
-197
-206
-207
-200
-184
-160
-127
-88
-42
7
60
115
169
221
269
313
351
383
408
426
438
444
444
438
428
414
395
373
347
317
284
247
206
160
111
57
0
-60
-123
-187
-252
-316
-377
-434
-487
-533
-572
-603
-625
-639
-643
-639
-626
-606
-578
-545
-507
-465
-420
-374
-328
-282
-236
-192
-150
-109
-70
-32
5
41
77
113
148
184
220
256
292
328
364
399
434
466
496
522
542
557
564
563
554
535
508
472
430
382
330
275
221
168
118
73
33
-1
-29
-51
-68
-81
-90
-97
-102
-106
-111
-115
-120
-125
-131
-137
-142
-148
-154
-160
-165
-172
-179
-187
-196
-205
-214
-223
-230
-235
-236
-233
-224
-210
-190
-164
-132
-97
-58
-19
20
57
91
119
140
154
160
158
147
130
107
80
50
20
-7
-32
-53
-67
-75
-75
-67
-52
-29
0
33
72
113
156
199
240
279
314
344
368
387
399
404
402
394
379
358
332
301
265
225
183
138
93
47
3
-39
-79
-116
-148
-177
-200
-220
-235
-246
-253
-258
-260
-260
-257
-254
-248
-242
-234
-224
-213
-201
-186
-169
-150
-129
-107
-84
-60
-38
-17
0
14
23
27
25
17
4
-12
-33
-56
-79
-101
-121
-135
-145
-147
-142
-130
-109
-82
-49
-11
29
72
115
156
193
225
250
267
276
276
268
251
228
198
164
126
87
48
10
-22
-51
-74
-89
-97
-96
-86
-69
-45
-16
17
52
88
121
151
176
193
203
206
200
188
169
146
120
92
65
40
19
1
-10
-18
-21
-21
-19
-16
-14
-16
-22
-34
-52
-78
-109
-146
-187
-230
-273
-313
-350
-380
-403
-417
-422
-419
-407
-387
-361
-330
-294
-257
-218
-180
-144
-110
-80
-55
-36
-23
-16
-16
-22
-34
-52
-74
-98
-124
-150
-173
-192
-204
-209
-204
-188
-161
-122
-73
-13
54
128
205
283
359
430
492
544
583
609
620
616
598
566
523
470
409
342
272
202
134
69
10
-40
-83
-117
-141
-155
-160
-156
-143
-124
-98
-67
-32
5
44
84
123
160
194
224
249
267
277
279
272
255
229
194
149
98
40
-21
-84
-147
-207
-262
-309
-347
-376
-393
-399
-394
-380
-357
-328
-295
-260
-225
-191
-161
-136
-116
-102
-93
-89
-88
-90
-93
-96
-97
-96
-91
-84
-73
-60
-46
-30
-15
0
14
27
40
52
65
79
95
113
133
157
183
211
242
273
304
334
362
387
408
424
434
437
432
419
397
366
326
278
223
161
94
24
-47
-118
-187
-251
-309
-360
-402
-434
-455
-467
-469
-461
-447
-425
-400
-372
-342
-313
-287
-263
-242
-225
-212
-202
-194
-187
-180
-171
-160
-146
-127
-104
-76
-44
-9
29
68
108
147
184
217
246
270
289
302
310
313
311
306
298
287
275
262
249
237
226
218
213
211
213
220
231
246
265
287
311
336
360
380
395
403
401
389
365
328
279
220
151
76
-2
-82
-158
-229
-291
-342
-381
-407
-421
-422
-413
-396
-372
-344
-315
-286
-259
-237
-220
-210
-208
-213
-225
-245
-270
-301
-334
-369
-404
-438
-467
-493
-512
-526
-533
-534
-528
-516
-497
-471
-439
-399
-351
-295
-231
-157
-75
15
114
218
325
433
539
639
728
805
864
904
921
915
884
830
754
658
547
425
296
165
37
-82
-189
-282
-358
-415
-454
-474
-477
-465
-440
-404
-359
-309
-255
-198
-140
-82
-25
30
83
135
184
229
272
310
344
372
396
413
423
427
425
415
399
377
349
315
277
236
191
144
96
47
0
-48
-95
-139
-181
-220
-255
-287
-316
-340
-361
-379
-393
-404
-412
-417
-419
-419
-417
-413
-408
-402
-395
-388
-379
-371
-361
-350
-339
-325
-310
-294
-275
-254
-231
-206
-180
-152
-123
-95
-67
-40
-14
9
32
53
72
91
108
125
142
159
176
195
213
232
250
269
286
302
317
329
339
346
351
352
350
345
337
325
310
292
272
251
228
204
180
157
135
113
93
75
58
43
30
18
9
2
-1
-2
0
9
22
42
69
102
142
188
239
293
348
403
454
499
536
562
578
581
572
551
521
481
435
383
329
273
216
160
106
54
4
-42
-85
-124
-159
-190
-218
-242
-264
-284
-304
-326
-350
-377
-410
-447
-489
-537
-590
-646
-706
-767
-828
-887
-943
-994
-1037
-1073
-1099
-1115
-1119
-1111
-1091
-1057
-1011
-953
-881
-798
-704
-600
-486
-366
-241
-112
17
146
272
392
505
609
701
782
849
902
941
965
976
973
958
932
897
852
800
741
677
608
535
458
379
299
218
137
59
-15
-85
-149
-206
-254
-293
-323
-343
-355
-359
-356
-349
-338
-325
-311
-298
-286
-277
-270
-264
-259
-254
-248
-239
-226
-208
-183
-152
-114
-71
-22
30
85
139
192
242
287
326
359
386
408
424
437
447
456
464
472
479
486
491
494
493
487
473
451
418
374
319
251
173
84
-11
-113
-219
-325
-428
-527
-617
-699
-769
-828
-873
-906
-926
-934
-931
-915
-889
-853
-808
-753
-691
-620
-544
-462
-376
-287
-197
-106
-16
70
154
233
307
375
435
488
532
568
594
