-120
-133
-141
-144
-144
-139
-132
-122
-109
-96
-82
-68
-56
-44
-35
-28
-24
-22
-22
-24
-29
-34
-39
-45
-50
-54
-57
-57
-56
-52
-47
-40
-31
-22
-14
-5
1
6
8
9
6
1
-5
-14
-24
-35
-45
-56
-65
-73
-79
-84
-86
-87
-86
-83
-79
-74
-68
-62
-56
-50
-44
-38
-34
-30
-26
-23
-21
-19
-16
-13
-9
-3
3
13
25
40
56
73
92
110
129
146
162
176
188
197
203
207
209
207
204
198
190
180
169
156
142
127
112
96
80
64
48
32
17
3
-9
-21
-32
-40
-46
-50
-51
-49
-45
-38
-29
-18
-6
6
20
33
46
57
66
72
76
76
73
66
57
44
29
13
-4
-22
-40
-56
-72
-86
-98
-109
-118
-125
-131
-137
-141
-145
-149
-152
-154
-157
-158
-159
-160
-158
-156
-151
-145
-135
-124
-110
-93
-75
-55
-34
-13
5
24
40
52
61
66
66
62
54
43
30
15
0
-13
-25
-33
-37
-37
-32
-22
-7
10
31
53
76
98
118
135
147
155
157
155
147
134
118
98
77
55
33
12
-5
-21
-34
-44
-51
-55
-56
-56
-54
-51
-49
-47
-46
-47
-49
-53
-57
-62
-67
-71
-73
-72
-68
-61
-50
-36
-19
0
19
40
60
79
94
106
114
118
117
112
104
93
80
67
56
46
40
37
39
46
57
71
88
106
124
141
154
162
165
162
153
136
114
86
53
16
-21
-61
-100
-137
-171
-201
-227
-247
-263
-273
-278
-279
-274
-266
-253
-238
-219
-199
-176
-153
-129
-104
-80
-57
-34
-13
7
26
44
61
75
89
100
109
115
119
121
119
115
108
98
86
71
53
34
13
-8
-31
-54
-77
-98
-117
-133
-146
-155
-160
-161
-158
-151
-140
-126
-109
-90
-70
-49
-28
-6
14
36
56
77
97
118
138
159
180
201
222
242
261
279
293
304
311
313
310
301
286
266
241
212
180
145
110
74
40
7
-22
-49
-73
-93
-110
-123
-134
-141
-147
-151
-155
-157
-159
-161
-163
-165
-169
-172
-176
-181
-185
-189
-193
-195
-197
-197
-196
-193
-189
-183
-176
-169
-160
-151
-141
-130
-119
-107
-94
-81
-67
-53
-38
-23
-7
8
25
42
60
80
100
122
144
166
188
209
227
243
255
263
265
260
249
231
206
174
136
93
45
-4
-55
-105
-153
-196
-232
-261
-281
-292
-293
-284
-267
-242
-211
-175
-136
-95
-55
-16
20
54
84
110
132
150
165
177
187
193
198
201
202
202
201
198
194
190
185
180
174
168
161
154
146
137
127
116
104
90
75
59
42
25
7
-10
-28
-46
-64
-80
-96
-110
-122
-132
-139
-144
-146
-144
-141
-134
-125
-114
-101
-86
-71
-55
-39
-22
-7
7
21
33
43
52
59
64
68
69
69
67
63
59
52
45
37
27
18
7
-2
-12
-22
-32
-41
-49
-57
-63
-69
-73
-76
-78
-78
-78
-76
-73
-69
-63
-55
-46
-35
-23
-10
3
17
32
47
60
72
83
91
97
101
103
102
99
95
88
81
72
62
52
42
33
24
16
10
6
4
3
4
7
10
14
18
22
25
28
29
29
28
26
24
21
17
14
11
9
6
4
2
0
-1
-3
-5
-9
-13
-19
-26
-36
-47
-61
-78
-97
-117
-139
-161
-183
-204
-223
-240
-253
-262
-267
-266
-260
-249
-233
-213
-188
-159
-128
-94
-60
-25
7
39
67
92
112
128
138
143
143
137
128
114
96
77
55
33
11
-10
-29
-47
-62
-74
-83
-88
-91
-90
-86
-80
-72
-62
-51
-39
-26
-14
-2
9
21
32
44
55
66
77
87
97
107
115
122
127
131
133
134
134
132
130
127
124
120
117
114
111
109
106
104
101
98
94
89
84
76
68
58
47
35
22
8
-5
-19
-33
-47
-60
-72
-84
-95
-105
-114
-122
-129
-135
-140
-144
-146
-147
-146
-145
-141
-137
-131
-124
-115
-106
-95
-84
-72
-60
-48
-35
-24
-13
-2
6
14
22
29
34
39
43
47
50
53
55
58
60
63
67
71
75
80
85
91
97
102
108
113
117
121
123
124
123
121
116
111
103
95
85
76
66
56
47
38
31
26
22
19
19
20
22
27
32
38
45
52
58
64
68
71
72
71
68
63
56
47
37
26
15
3
-8
-19
-30
-40
-50
-58
-66
-74
-81
-88
-96
-103
-110
-116
-122
-127
-130
-130
-128
-123
-114
-102
-87
-69
-49
-27
-3
21
46
70
93
114
133
148
160
167
170
169
163
154
141
126
109
90
71
51
31
13
-4
-20
-34
-47
-59
-69
-77
-85
-92
-99
-106
-113
-120
-128
-136
-144
-151
-157
-163
-166
-167
-166
-163
-156
-148
-137
-124
-109
-93
-76
-60
-45
-31
-20
-11
-6
-4
-7
-12
-22
-34
-49
-65
-83
-101
-119
-136
-152
-165
-176
-183
-188
-189
-187
-183
-175
-166
-155
-142
-129
-114
-98
-82
-65
-47
-28
-8
11
32
53
75
96
118
138
157
174
190
203
214
223
229
232
233
232
228
223
217
209
199
189
178
165
152
138
122
106
88
70
51
31
11
-9
-28
-47
-64
-80
-93
-104
-113
-119
-124
-127
-128
-129
-130
-131
-133
-135
-138
-142
-145
-148
-149
-149
-145
-138
-127
-113
-95
-73
-48
-22
5
31
57
79
97
111
119
122
120
113
101
87
70
53
36
21
8
0
-6
-8
-6
-1
7
18
30
43
57
70
83
94
103
110
116
121
124
127
130
134
137
142
147
153
158
164
169
172
173
172
167
160
149
134
115
93
69
42
13
-15
-44
-73
-99
-122
-142
-157
-167
-172
-172
-166
-155
-139
-119
-95
-68
-38
-7
24
56
86
114
139
159
174
183
185
181
170
152
128
98
63
25
-16
-58
-100
-140
-177
-209
-236
-255
-266
-269
-263
-249
-228
-199
-164
-125
-83
-40
3
45
84
120
150
174
193
205
211
212
208
199
187
173
158
142
127
113
101
91
82
75
69
64
60
55
49
42
34
24
13
0
-13
-28
-44
-59
-74
-89
-102
-113
-123
-131
-137
-141
-144
-145
-146
-146
-146
-146
-146
-146
-146
-146
-147
-146
-145
-143
-140
-136
-130
-124
-117
-109
-102
-94
-86
-79
-71
-64
-57
-49
-40
-31
-20
-8
4
18
32
47
60
73
84
93
99
102
102
98
89
77
62
43
23
1
-19
-39
-57
-71
-81
-86
-87
-83
-74
-63
-48
-33
-16
0
14
28
39
49
56
62
66
68
70
72
74
77
80
84
87
90
92
92
90
85
77
66
52
34
15
-5
-27
-49
-69
-88
-104
-117
-127
-133
-135
-133
-127
-118
-106
-92
-76
-58
-39
-20
0
18
37
55
72
88
102
115
126
135
141
145
145
142
135
124
110
92
72
50
27
4
-18
-39
-57
-71
-82
-88
-90
-88
-81
-72
-60
-45
-30
-15
0
13
25
34
41
44
45
42
36
27
16
3
-9
-23
-36
-49
-60
-69
-76
-81
-83
-83
-81
-77
-72
-64
-55
-45
-34
-23
-11
0
12
24
35
44
53
61
68
73
77
81
83
84
84
83
81
78
75
70
64
57
50
41
31
20
9
-1
-12
-23
-32
-40
-46
-51
-53
-55
-54
-53
-50
-47
-43
-39
-35
-30
-25
-19
-11
-3
6
18
31
45
60
76
92
107
120
131
140
145
147
145
138
128
115
99
80
61
40
19
0
-19
-36
-51
-65
-77
-87
-95
-102
-108
-111
-114
-115
-116
-114
-112
-108
-103
-96
-89
-80
-71
-62
-53
-44
-37
-31
-26
-23
-22
-22
-23
-24
-25
-26
-25
-22
-18
-12
-3
7
19
33
47
62
76
90
102
112
120
125
128
128
126
122
117
111
104
97
89
81
72
62
51
38
22
5
-14
-37
-61
-87
-113
-140
-165
-189
-209
-226
-238
-245
-246
-241
-230
-213
-191
-165
-134
-100
-64
-26
10
47
82
114
143
167
187
202
210
213
210
201
187
168
144
118
89
58
27
-3
-33
-61
-86
-108
-127
-141
-151
-157
-159
-157
-151
-142
-130
-115
-99
-81
-61
-41
-21
-2
15
31
45
57
65
71
75
76
75
72
68
62
57
50
44
38
32
26
22
18
15
13
12
12
14
16
19
22
25
28
30
31
32
31
29
26
22
17
11
4
-3
-11
-20
-29
-37
-46
-54
-62
-68
-73
-77
-79
-79
-77
-74
-69
-63
-55
-46
-37
-27
-17
-7
1
10
17
24
30
35
39
42
45
48
50
52
54
55
57
59
61
63
64
66
67
67
67
67
65
63
59
55
51
46
40
34
28
22
16
10
4
-1
-7
-14
-20
-27
-33
-40
-46
-52
-58
-62
-66
-69
-70
-69
-66
-62
-56
-48
-38
-28
-17
-7
2
11
18
23
26
27
26
23
19
13
8
1
-3
-9
-13
-17
-20
-22
-22
-22
-21
-19
-17
-14
-11
-8
-4
0
3
8
14
20
28
36
45
54
64
73
81
89
94
98
99
98
95
90
83
74
64
53
42
31
20
10
2
-4
-9
-13
-14
-14
-11
-7
-2
3
9
16
22
27
30
32
32
30
25
17
7
-3
-17
-31
-46
-61
-76
-89
-100
-109
-116
-121
-123
-122
-120
-116
-111
-105
-98
-91
-84
-77
-70
-63
-57
-52
-46
-41
-37
-32
-28
-24
-20
-16
-13
-10
-8
-6
-4
-2
0
3
7
11
17
23
29
36
43
49
54
59
62
64
64
62
59
54
49
42
35
29
22
16
11
7
4
3
2
2
2
3
4
5
6
6
7
8
8
9
9
10
12
13
15
17
20
23
26
29
32
35
38
40
43
44
45
45
44
42
39
36
31
26
20
14
8
2
-4
-9
-15
-20
-25
-29
-33
-36
-38
-39
-39
-38
-36
-33
-30
-26
-21
-15
-9
-3
2
7
13
17
21
23
25
25
23
20
15
9
2
-5
-14
-24
-33
-43
-52
-60
-67
-74
-79
-83
-86
-88
-89
-89
-89
-87
-86
-83
-81
-78
-75
-71
-67
-63
-58
-52
-47
-41
-35
-29
-23
-18
-13
-9
-5
-1
3
7
13
19
26
33
41
49
57
64
71
76
81
85
88
90
92
95
99
103
110
119
130
144
160
177
196
216
235
253
268
280
288
290
287
279
264
244
219
189
156
119
81
41
2
-37
-74
-110
-143
-172
-197
-219
-236
-248
-257
-261
-261
-258
-251
-242
-230
-216
-201
-186
-171
-156
-143
-131
-122
-114
-109
-105
-103
-102
-102
-102
-102
-101
-100
-99
-97
-95
-93
-92
-92
-93
-95
-98
-102
-106
-111
-115
-117
-117
-114
-108
-98
-84
-66
-45
-22
2
28
