-2
-8
-16
-25
-34
-44
-53
-62
-71
-80
-88
-95
-101
-106
-110
-112
-113
-112
-109
-104
-96
-86
-74
-61
-45
-28
-11
6
23
38
52
64
74
80
83
84
82
78
72
64
56
48
39
31
23
16
9
1
-6
-14
-23
-33
-44
-55
-66
-78
-88
-97
-104
-108
-110
-108
-103
-94
-82
-67
-49
-30
-9
11
31
49
65
77
86
90
91
87
80
70
57
42
26
11
-4
-18
-30
-40
-47
-52
-54
-54
-51
-45
-37
-27
-15
-2
12
27
43
59
75
90
105
118
130
140
149
157
163
168
171
172
172
170
166
160
152
142
131
119
105
90
75
59
43
27
10
-6
-22
-38
-54
-68
-82
-95
-105
-115
-122
-127
-131
-132
-131
-129
-124
-118
-110
-101
-91
-79
-67
-55
-43
-32
-21
-12
-4
1
5
8
8
7
5
0
-4
-11
-18
-26
-35
-43
-51
-58
-65
-71
-75
-79
-81
-82
-82
-81
-78
-75
-71
-67
-62
-58
-53
-48
-45
-41
-38
-35
-33
-30
-27
-24
-19
-14
-8
0
8
18
30
42
56
70
85
101
117
133
149
164
179
193
205
215
222
225
224
218
207
191
170
143
112
78
41
2
-35
-73
-108
-140
-168
-192
-210
-223
-231
-235
-235
-233
-229
-223
-217
-211
-205
-200
-195
-190
-185
-178
-169
-158
-143
-125
-103
-79
-51
-22
7
37
65
91
114
132
146
154
157
156
150
141
129
115
102
88
76
66
59
54
52
53
57
62
69
77
85
92
98
102
104
103
100
94
85
74
60
45
28
9
-9
-27
-46
-64
-80
-95
-108
-118
-127
-134
-138
-140
-140
-138
-133
-127
-118
-107
-94
-78
-61
-42
-22
0
20
42
62
81
97
111
123
131
136
138
137
134
129
122
114
105
95
85
76
67
58
50
43
37
32
28
25
23
22
22
22
23
25
27
29
32
35
38
41
44
46
46
46
44
41
36
30
23
16
7
0
-7
-13
-17
-20
-20
-19
-14
-8
0
11
23
36
50
64
77
89
98
105
109
109
105
99
88
75
60
42
23
3
-16
-35
-54
-72
-88
-101
-111
-118
-122
-123
-120
-115
-108
-99
-89
-78
-69
-60
-53
-48
-47
-48
-52
-59
-69
-81
-94
-109
-124
-138
-152
-163
-172
-177
-178
-174
-165
-151
-131
-105
-74
-37
2
45
90
135
178
219
255
285
307
322
327
323
310
287
255
216
171
122
70
17
-33
-80
-122
-157
-185
-203
-214
-215
-209
-195
-176
-152
-126
-98
-71
-45
-23
-5
8
15
18
15
8
-2
-15
-30
-44
-58
-69
-78
-83
-84
-82
-77
-69
-58
-46
-32
-19
-6
6
17
27
36
44
50
56
60
65
69
72
76
79
82
84
86
85
83
79
72
63
52
37
21
3
-15
-34
-53
-70
-85
-97
-105
-108
-107
-102
-92
-78
-60
-40
-18
4
26
46
64
78
89
95
97
94
88
78
65
49
33
16
0
-16
-30
-43
-53
-62
-68
-72
-73
-73
-70
-66
-60
-53
-45
-36
-26
-16
-7
2
11
19
27
33
40
45
50
55
59
63
66
69
71
72
72
70
68
63
57
50
41
30
18
4
-10
-26
-44
-63
-83
-103
-124
-146
-167
-187
-206
-222
-236
-247
-254
-256
-253
-245
-231
-212
-187
-158
-125
-90
-53
-16
19
53
85
113
137
156
171
181
187
188
185
179
169
156
141
123
104
84
62
40
18
-2
-23
-41
-57
-70
-79
-85
-86
-82
-73
-60
-42
-21
3
31
61
91
120
148
173
194
211
222
228
228
221
209
192
170
145
116
85
52
19
-13
-45
-75
-103
-128
-150
-169
-184
-196
-205
-211
-213
-213
-210
-205
-197
-186
-173
-158
-139
-119
-96
-72
-46
-20
4
28
50
70
85
97
105
108
107
103
97
88
78
69
61
55
52
52
55
62
72
83
97
110
123
134
142
146
147
143
134
120
103
82
58
32
6
-20
-46
-70
-92
-110
-124
-134
-140
-141
-138
-131
-121
-107
-90
-71
-51
-30
-9
10
29
47
62
75
85
91
94
94
90
83
73
61
47
32
15
0
-16
-31
-44
-56
-65
-72
-76
-77
-75
-70
-63
-53
-40
-26
-10
6
24
42
60
77
94
109
122
133
142
148
151
151
148
143
135
125
114
100
85
69
51
31
11
-10
-33
-57
-81
-105
-127
-148
-166
-181
-191
-197
-197
-192
-181
-165
-145
-121
-95
-68
-40
-14
10
31
50
65
77
86
92
95
96
95
94
91
89
86
84
82
81
81
82
83
85
88
91
95
97
99
99
97
92
83
70
53
31
6
-22
-54
-87
-121
-153
-183
-210
-232
-248
-258
-261
-257
-247
-231
-210
-185
-158
-129
-100
-72
-46
-22
-1
16
30
41
48
52
54
53
50
46
42
37
32
28
25
24
23
25
27
31
36
42
48
55
61
67
72
75
77
77
75
71
65
56
46
34
20
4
-11
-28
-46
-63
-79
-93
-105
-115
-122
-126
-127
-125
-121
-114
-107
-98
-88
-78
-69
-60
-52
-45
-40
-35
-31
-27
-23
-19
-15
-10
-4
3
11
21
31
42
53
63
72
80
86
89
89
87
83
76
66
56
44
31
19
8
-1
-9
-14
-17
-17
-15
-10
-3
4
13
23
32
41
48
54
58
60
60
59
55
51
45
39
33
27
20
14
7
1
-3
-9
-14
-18
-22
-26
-29
-31
-33
-34
-35
-35
-35
-35
-35
-35
-35
-36
-36
-37
-38
-38
-38
-37
-35
-33
-30
-26
-21
-15
-9
-3
3
10
17
24
31
38
45
51
57
63
67
70
71
71
68
62
54
43
30
16
0
-14
-30
-43
-53
-60
-63
-61
-54
-42
-26
-6
16
41
67
92
115
135
152
165
172
175
174
168
159
146
131
114
96
77
58
39
21
4
-9
-22
-33
-40
-46
-49
-50
-49
-46
-43
-39
-36
-32
-30
-28
-27
-27
-28
-30
-33
-36
-40
-43
-45
-47
-48
-48
-47
-44
-41
-38
-35
-33
-32
-32
-35
-40
-48
-57
-68
-80
-93
-105
-117
-126
-132
-134
-133
-126
-115
-99
-79
-55
-27
2
32
62
91
115
136
151
159
160
154
141
122
96
66
32
-3
-39
-75
-108
-138
-163
-183
-198
-206
-208
-205
-196
-183
-165
-144
-121
-96
-70
-43
-17
6
29
50
69
84
97
107
115
120
122
123
123
121
118
115
111
106
101
95
90
84
78
71
65
59
53
47
41
35
30
24
19
14
9
4
0
-4
-8
-11
-13
-15
-15
-14
-12
-8
-3
1
7
14
19
24
28
31
32
32
31
28
23
18
12
5
-2
-10
-18
-26
-34
-41
-47
-52
-55
-56
-55
-51
-46
-38
-28
-17
-3
10
24
39
52
64
74
81
84
84
80
73
62
48
32
14
-3
-23
-41
-59
-75
-89
-100
-108
-112
-113
-110
-104
-94
-82
-67
-51
-34
-18
-3
9
19
26
29
29
25
18
10
0
-10
-20
-28
-34
-37
-36
-31
-23
-10
6
25
46
68
90
112
131
148
162
173
180
183
184
183
180
176
171
166
161
157
153
150
147
144
140
135
128
118
106
91
73
52
28
2
-25
-53
-82
-109
-134
-157
-177
-193
-204
-211
-213
-212
-206
-198
-187
-174
-159
-144
-130
-116
-103
-91
-81
-72
-65
-60
-57
-55
-55
-57
-61
-66
-73
-81
-90
-100
-109
-119
-128
-135
-140
-143
-144
-142
-137
-129
-119
-108
-96
-83
-71
-60
-51
-44
-39
-37
-37
-39
-43
-47
-50
-53
-54
-52
-47
-39
-28
-13
4
24
47
69
92
112
130
143
151
154
150
139
123
102
77
50
21
-6
-32
-55
-73
-85
-90
-89
-80
-66
-46
-22
3
31
58
84
106
124
138
146
150
148
142
132
119
104
89
73
58
45
33
25
19
15
14
15
18
22
25
29
32
35
35
35
33
30
26
21
16
10
4
-1
-6
-11
-15
-19
-21
-24
-25
-27
-28
-29
-30
-30
-31
-32
-33
-34
-35
-36
-36
-36
-36
-34
-32
-29
-25
-20
-14
-8
-1
4
11
16
21
25
28
30
30
30
29
28
26
25
24
24
24
24
26
28
31
35
40
45
50
55
60
64
67
68
67
64
58
48
35
19
0
-21
-45
-72
-99
-126
-153
-177
-198
-215
-227
-232
-230
-221
-206
-183
-154
-120
-82
-41
0
43
84
123
158
190
217
239
256
269
277
283
286
287
286
286
284
283
282
281
280
277
274
268
260
250
237
221
203
183
161
138
114
90
67
44
23
4
-14
-30
-46
-60
-73
-85
-96
-107
-118
-128
-138
-149
-159
-168
-178
-187
-195
-202
-209
-213
-217
-219
-218
-217
-213
-209
-203
-196
-189
-182
-175
-168
-162
-157
-151
-146
-140
-134
-126
-117
-106
-93
-77
-60
-42
-23
-4
13
29
41
49
52
48
39
22
0
-27
-59
-94
-131
-169
-205
-238
-268
-291
-308
-317
-318
-310
-295
-271
-239
-201
-158
-111
-61
-10
40
89
136
178
215
247
272
291
304
310
310
306
297
284
270
253
236
220
204
189
176
165
155
145
137
129
120
110
99
87
73
58
42
25
8
-7
-23
-37
-50
-61
-71
-80
-88
-95
-100
-106
-110
-113
-116
-117
-117
-115
-112
-106
-98
-88
-76
-63
-49
-34
-20
-5
7
19
29
37
42
45
46
43
38
31
22
11
-1
-15
-29
-44
-59
-73
-86
-97
-107
-114
-118
-120
-118
-113
-104
-92
-78
-61
-43
-25
-6
10
26
39
49
56
60
61
57
51
42
30
16
0
-15
-32
-48
-63
-76
-86
-93
-97
-97
-92
-84
-71
-55
-36
-14
10
35
63
90
117
144
169
192
212
229
243
253
259
260
258
251
241
228
213
195
176
155
134
113
93
74
55
39
24
11
1
-6
-13
-17
-18
-18
-17
-13
-9
-3
1
7
11
15
17
17
15
12
6
0
-9
-18
-27
-36
-44
-49
-51
-50
-45
-35
-22
-4
15
38
63
88
112
134
153
168
178
182
180
173
159
139
113
83
49
12
-26
-66
-105
-142
-177
-208
-233
-253
-267
-274
-275
-271
-262
-248
-232
-214
-195
-177
-161
-146
-135
-127
-122
-120
-121
-123
-126
-130
-134
-136
-137
-135
-131
-124
-115
-103
-89
-74
-57
-40
-24
-9
4
16
26
34
39
42
43
43
43
42
41
42
44
47
53
60
69
80
92
106
119
134
148
161
174
186
197
206
213
219
222
223
222
218
211
201
187
169
147
121
90
55
17
-23
-66
-109
-150
-190
-225
-255
-279
-295
-304
-304
-297
-282
-260
-232
-200
-164
-127
-90
-54
-20
10
37
