313
293
267
234
195
151
104
54
2
-48
-98
-144
-185
-219
-245
-262
-269
-266
-254
-232
-202
-165
-123
-78
-32
11
53
89
120
143
158
166
166
160
149
134
115
95
74
53
33
15
-2
-18
-34
-49
-64
-80
-96
-113
-131
-151
-170
-190
-209
-226
-242
-256
-266
-273
-277
-277
-274
-267
-257
-245
-230
-213
-194
-174
-153
-132
-111
-89
-68
-48
-29
-12
3
18
31
42
52
62
71
80
91
103
117
133
151
171
192
213
234
253
270
283
292
296
295
288
276
259
238
215
189
163
137
112
89
68
50
34
21
10
1
-6
-12
-18
-23
-28
-32
-36
-39
-41
-43
-43
-41
-38
-34
-27
-19
-9
0
12
23
34
44
52
57
60
59
56
48
38
25
10
-6
-25
-44
-64
-83
-102
-120
-136
-150
-161
-170
-175
-176
-174
-167
-156
-141
-121
-98
-72
-42
-10
22
55
88
120
149
175
196
213
225
232
233
229
220
207
189
168
144
118
91
64
36
9
-15
-38
-59
-78
-93
-106
-115
-122
-125
-126
-124
-120
-115
-108
-100
-91
-83
-76
-70
-65
-63
-62
-65
-69
-75
-83
-92
-101
-111
-120
-129
-137
-143
-148
-151
-153
-153
-153
-153
-151
-150
-149
-148
-146
-143
-139
-132
-122
-108
-89
-65
-35
0
38
81
127
174
222
267
309
347
378
403
420
428
428
420
404
381
352
319
283
246
208
172
139
109
83
60
42
27
15
5
-2
-9
-15
-22
-30
-39
-49
-61
-74
-88
-102
-117
-132
-145
-157
-167
-174
-180
-183
-184
-183
-181
-179
-176
-174
-173
-173
-175
-179
-184
-192
-201
-211
-223
-235
-247
-258
-268
-275
-280
-283
-281
-277
-268
-256
-240
-220
-197
-171
-142
-111
-78
-43
-8
27
62
97
130
162
192
218
242
263
280
294
305
313
318
320
319
316
310
302
292
280
265
249
230
209
187
164
140
116
93
71
51
33
19
7
-1
-7
-10
-11
-11
-8
-5
-2
0
2
3
3
0
-4
-11
-20
-31
-44
-57
-72
-87
-101
-114
-127
-138
-148
-157
-164
-171
-176
-180
-183
-185
-185
-183
-178
-171
-162
-148
-132
-112
-89
-63
-34
-3
27
60
91
122
150
175
197
215
228
237
242
243
240
233
224
213
200
186
171
156
142
128
114
101
87
73
58
41
22
0
-23
-50
-79
-110
-143
-175
-207
-236
-262
-282
-297
-304
-304
-295
-277
-252
-220
-181
-137
-90
-42
6
52
95
133
165
191
209
220
223
219
209
194
174
151
125
99
73
49
27
8
-6
-18
-25
-29
-29
-27
-23
-18
-13
-8
-5
-3
-3
-5
-9
-15
-23
-31
-39
-47
-54
-59
-63
-64
-64
-61
-57
-52
-46
-39
-32
-26
-19
-13
-7
-1
3
8
13
18
22
25
26
27
26
24
20
15
9
3
-2
-8
-13
-17
-19
-20
-18
-16
-12
-6
-1
5
11
17
23
27
32
35
37
39
40
40
39
36
33
28
22
14
5
-4
-16
-28
-41
-55
-69
-82
-94
-105
-113
-120
-124
-126
-125
-121
-114
-104
-92
-78
-62
-44
-26
-7
11
28
45
59
71
80
87
90
91
89
85
79
72
65
57
49
42
34
27
19
12
4
-2
-10
-18
-25
-32
-37
-41
-44
-45
-43
-40
-36
-31
-25
-19
-14
-9
-6
-4
-3
-4
-6
-9
-12
-15
-17
-18
-18
-16
-12
-5
3
15
29
45
62
79
96
112
126
136
143
146
143
136
123
105
83
56
26
-5
-38
-70
-101
-129
-152
-171
-185
-194
-197
-195
-188
-178
-163
-147
-128
-107
-86
-64
-41
-19
2
24
46
68
89
110
129
147
163
176
187
194
197
197
193
185
174
160
143
124
103
81
58
35
12
-9
-30
-48
-65
-80
-91
-100
-106
-110
-110
-108
-103
-97
-89
-80
-71
-61
-52
-44
-37
-31
-27
-24
-23
-24
-26
-30
-35
-41
-48
-56
-64
-73
-82
-91
-100
-109
-117
-125
-132
-138
-143
-145
-146
-144
-138
-129
-116
-97
-74
-46
-13
23
63
105
148
190
230
267
298
324
344
357
362
361
353
340
322
301
277
252
227
202
179
157
137
118
101
85
68
51
33
15
-4
-25
-46
-68
-88
-107
-124
-138
-150
-159
-164
-167
-168
-166
-163
-159
-154
-149
-144
-139
-136
-133
-132
-133
-135
-138
-144
-152
-161
-172
-185
-198
-213
-227
-240
-252
-261
-268
-271
-269
-263
-252
-237
-217
-193
-165
-136
-105
-74
-44
-15
11
35
57
76
93
107
118
128
135
142
147
152
156
161
165
169
174
178
183
187
192
196
199
202
205
206
206
204
201
195
188
178
167
154
139
124
109
93
78
63
50
38
28
19
12
6
2
0
-3
-4
-5
-7
-8
-11
-14
-19
-25
-33
-43
-54
-67
-82
-97
-113
-128
-143
-156
-167
-176
-181
-182
-179
-172
-160
-144
-125
-103
-78
-52
-26
-1
21
43
61
75
85
91
93
91
85
76
64
50
35
19
3
-11
-25
-36
-45
-50
-52
-50
-43
-32
-16
2
25
51
80
110
140
169
196
220
240
255
263
265
261
249
231
207
177
144
106
67
27
-11
-48
-83
-113
-139
-161
-177
-189
-196
-200
-200
-197
-192
-185
-177
-167
-156
-143
-129
-114
-96
-78
-58
-36
-14
9
32
55
78
98
118
135
149
161
170
175
177
176
171
162
150
135
117
96
74
50
26
3
-17
-37
-52
-65
-72
-76
-75
-71
-63
-53
-42
-30
-19
-10
-2
1
2
0
-4
-12
-23
-36
-50
-64
-79
-93
-105
-116
-124
-130
-133
-133
-131
-126
-119
-110
-100
-90
-80
-72
-65
-60
-59
-61
-66
-75
-87
-102
-119
-138
-157
-175
-191
-205
-215
-222
-224
-222
-216
-206
-193
-177
-160
-141
-123
-106
-90
-77
-66
-58
-53
-50
-49
-49
-51
-53
-54
-54
-53
-49
-43
-34
-21
-5
13
36
63
92
124
157
192
227
262
295
326
354
378
397
411
419
421
416
404
386
361
329
292
250
205
156
107
57
8
-37
-80
-118
-151
-178
-198
-212
-219
-220
-215
-205
-191
-173
-153
-132
-111
-91
-72
-56
-43
-33
-27
-24
-25
-29
-36
-45
-55
-66
-76
-85
-92
-96
-97
-94
-88
-78
-65
-49
-31
-11
9
30
51
71
89
104
117
127
133
137
137
136
132
126
120
114
108
102
98
95
93
93
94
96
100
104
108
113
117
120
122
122
120
115
108
98
86
72
56
40
23
6
-8
-23
-35
-45
-52
-57
-59
-58
-56
-51
-45
-38
-30
-22
-15
-9
-4
-2
-1
-2
-5
-9
-14
-20
-25
-30
-33
-33
-31
-26
-18
-6
8
26
47
69
92
115
138
159
178
193
205
213
216
214
207
196
180
160
138
112
84
56
26
-2
-31
-59
-86
-112
-135
-157
-176
-192
-206
-216
-224
-229
-230
-229
-225
-218
-209
-198
-185
-171
-157
-142
-127
-112
-98
-85
-73
-63
-54
-46
-40
-36
-33
-32
-32
-34
-38
-43
-50
-60
-71
-84
-100
-116
-134
-152
-169
-185
-198
-207
-211
-209
-201
-185
-162
-132
-95
-52
-6
43
93
141
187
226
259
284
299
305
301
289
269
244
214
182
150
118
89
64
43
26
15
7
3
3
4
6
9
12
14
14
14
12
9
6
2
0
-4
-7
-9
-11
-11
-12
-12
-12
-12
-13
-16
-20
-26
-33
-43
-54
-66
-79
-92
-105
-118
-130
-140
-150
-157
-163
-168
-171
-172
-172
-170
-167
-162
-156
-147
-136
-123
-107
-89
-70
-48
-25
-2
21
45
69
91
112
131
147
161
172
180
185
186
185
181
174
166
157
146
136
126
117
108
101
96
92
89
88
87
86
85
83
80
76
69
59
47
33
17
0
-19
-38
-57
-75
-92
-107
-119
-128
-134
-136
-136
-133
-126
-117
-106
-93
-79
-63
-46
-29
-12
4
20
34
47
57
64
69
70
69
64
58
50
40
31
22
14
7
2
0
1
4
9
17
27
38
49
59
69
76
80
80
76
68
55
38
18
-3
-27
-50
-73
-93
-109
-121
-128
-129
-125
-115
-100
-81
-59
-35
-11
11
33
51
64
73
77
76
71
62
50
37
24
12
2
-4
-9
-10
-8
-4
1
7
12
15
16
12
4
-7
-24
-44
-67
-91
-115
-138
-158
-173
-183
-186
-183
-173
-156
-134
-107
-77
-45
-13
16
42
63
79
87
89
85
76
62
45
27
9
-7
-20
-30
-35
-36
-32
-23
-9
6
25
45
65
84
102
118
131
141
149
153
154
154
151
146
140
133
126
118
110
102
94
88
81
75
70
64
58
51
44
35
24
12
-1
-17
-34
-51
-69
-87
-103
-119
-132
-143
-151
-156
-157
-154
-148
-138
-124
-106
-85
-62
-36
-9
18
45
72
96
118
136
150
160
164
164
159
149
135
117
96
73
49
24
0
-21
-42
-61
-77
-90
-99
-105
-108
-107
-104
-97
-88
-76
-63
-49
-35
-21
-8
1
9
13
14
11
4
-5
-18
-33
-51
-69
-87
-104
-120
-134
-144
-151
-155
-154
-149
-141
-128
-112
-93
-71
-47
-22
3
28
53
77
99
119
136
149
159
165
167
165
159
150
137
123
106
88
71
53
38
24
12
3
-2
-5
-5
-3
0
4
9
14
18
21
23
24
23
22
20
19
17
17
18
20
24
28
34
40
45
49
52
52
48
41
31
17
0
-19
-40
-62
-83
-104
-121
-136
-147
-154
-157
-155
-149
-139
-125
-109
-92
-73
-54
-36
-20
-6
3
10
14
13
9
2
-8
-20
-34
-48
-63
-77
-90
-102
-112
-121
-127
-132
-135
-137
-137
-137
-136
-135
-133
-130
-127
-122
-116
-109
-99
-86
-70
-52
-30
-6
20
49
79
110
141
171
200
225
248
266
280
289
293
291
284
271
255
234
211
185
159
132
106
81
59
38
21
6
-5
-15
-22
-27
-31
-34
-37
-39
-43
-47
-52
-58
-65
-72
-80
-88
-95
-101
-105
-107
-107
-104
-98
-89
-77
-63
-47
-29
-10
9
28
47
64
79
91
99
103
102
96
86
71
51
27
0
-30
-63
-96
-129
-160
-190
-216
-237
-254
-266
-272
-273
-268
-260
-247
-230
-211
-189
-164
-137
-109
-78
-45
-11
24
62
100
139
177
213
247
278
304
325
340
349
352
348
339
324
305
282
258
232
206
180
156
133
113
95
80
67
55
46
38
32
27
22
17
13
8
3
-1
-8
-15
-22
-31
-40
-49
-57
-66
-73
-79
-83
-84
-83
-79
-73
-64
-53
-41
-28
-16
-6
1
6
7
2
-6
-21
-40
-64
-91
-121
-151
-182
-210
-237
-259
-278
-291
-299
-301
-298
-291
-278
-262
-242
-219
-194
-166
-137
-106
-75
-42
-10
21
