-141
-147
-152
-155
-156
-155
-152
-146
-138
-128
-115
-100
-84
-65
-45
-24
-3
16
36
54
70
84
95
102
107
108
106
101
94
85
74
62
49
36
24
12
1
-8
-19
-29
-39
-50
-60
-72
-83
-94
-105
-115
-123
-129
-132
-132
-128
-120
-109
-93
-75
-54
-32
-10
11
31
48
61
69
73
72
67
59
49
39
28
20
14
12
14
21
31
46
64
84
105
126
146
163
178
188
194
196
193
187
177
164
150
135
120
106
92
80
68
58
48
38
28
17
6
-5
-18
-33
-48
-63
-79
-94
-108
-121
-132
-141
-148
-152
-153
-152
-148
-143
-137
-129
-121
-113
-106
-98
-92
-86
-81
-77
-73
-70
-68
-66
-64
-62
-59
-57
-54
-50
-46
-42
-37
-32
-27
-21
-16
-11
-7
-3
0
3
5
8
10
13
16
19
23
27
32
37
41
46
50
53
56
58
59
59
59
58
57
56
54
52
50
47
45
43
41
39
38
37
38
39
42
45
50
56
63
70
78
87
95
102
108
112
115
115
112
106
97
85
70
52
33
11
-10
-32
-53
-73
-90
-104
-114
-120
-122
-120
-114
-105
-93
-79
-63
-47
-30
-15
-1
11
21
29
34
36
36
34
30
24
17
10
3
-3
-8
-13
-17
-20
-23
-25
-27
-29
-32
-35
-40
-46
-53
-61
-69
-77
-85
-91
-94
-95
-91
-83
-70
-53
-31
-5
22
53
83
113
140
164
182
196
203
203
197
184
166
142
113
81
48
13
-20
-52
-81
-106
-126
-140
-148
-150
-147
-138
-125
-109
-91
-72
-54
-36
-21
-9
0
5
8
8
5
0
-7
-14
-22
-30
-36
-40
-42
-41
-38
-33
-25
-16
-6
3
13
22
29
33
35
34
30
23
14
2
-11
-26
-41
-56
-70
-81
-91
-97
-101
-101
-98
-93
-85
-75
-63
-50
-36
-21
-6
8
23
37
52
66
80
93
107
119
132
144
156
167
178
187
195
202
206
207
206
201
193
181
166
148
128
105
81
56
30
4
-20
-45
-68
-90
-110
-128
-145
-159
-171
-181
-188
-194
-197
-198
-196
-192
-186
-178
-168
-157
-145
-133
-121
-111
-101
-94
-88
-83
-81
-79
-79
-79
-79
-79
-77
-74
-68
-60
-49
-36
-19
-1
18
39
60
81
99
116
129
139
144
145
142
134
122
106
88
66
43
20
-2
-23
-41
-55
-64
-68
-66
-58
-45
-27
-6
18
44
70
95
118
137
152
162
168
167
162
153
139
121
102
80
58
35
14
-5
-22
-37
-48
-57
-62
-64
-62
-58
-52
-43
-33
-22
-10
0
11
21
30
37
43
46
48
48
47
44
40
36
31
26
22
18
16
14
14
15
17
19
21
23
25
26
26
25
24
21
18
14
11
8
6
6
7
11
16
24
34
46
58
71
84
97
108
116
122
124
123
118
110
97
82
64
44
22
0
-21
-42
-62
-80
-96
-110
-122
-132
-139
-145
-149
-151
-151
-151
-149
-147
-143
-140
-135
-130
-124
-118
-110
-102
-93
-83
-72
-60
-47
-33
-19
-5
9
24
38
51
63
73
82
87
89
87
82
72
58
40
19
-5
-33
-63
-93
-122
-150
-175
-196
-212
-222
-226
-224
-217
-204
-186
-164
-139
-112
-85
-57
-30
-5
17
37
54
68
79
87
93
97
99
99
98
96
94
91
87
84
80
77
75
74
74
75
78
83
89
96
104
113
121
128
135
139
140
139
136
129
119
107
92
76
59
42
25
9
-6
-21
-34
-46
-58
-68
-78
-88
-97
-105
-113
-121
-127
-133
-137
-141
-142
-142
-141
-138
-134
-129
-123
-117
-110
-103
-96
-90
-85
-82
-79
-77
-76
-76
-76
-76
-76
-74
-72
-67
-62
-54
-45
-34
-22
-9
4
19
34
49
64
77
89
100
109
115
120
122
123
121
118
113
107
99
90
80
69
58
47
37
28
20
14
10
9
10
14
19
27
36
47
58
70
82
93
104
114
123
130
136
140
143
143
141
136
130
121
111
99
85
69
53
36
18
1
-14
-29
-42
-53
-61
-66
-69
-68
-64
-57
-48
-38
-26
-14
-2
8
19
28
35
41
44
46
46
44
41
36
31
26
21
16
11
7
3
0
-1
-3
-4
-6
-7
-8
-8
-8
-8
-8
-7
-5
-3
-1
0
1
1
0
-2
-7
-15
-25
-37
-52
-69
-86
-104
-122
-139
-154
-165
-174
-178
-179
-175
-167
-156
-141
-125
-106
-87
-69
-52
-37
-25
-16
-10
-8
-10
-15
-23
-34
-47
-61
-75
-89
-103
-114
-123
-128
-129
-126
-119
-107
-90
-69
-45
-18
9
39
68
96
122
146
166
182
194
202
206
206
203
198
190
180
169
157
144
131
117
104
91
78
65
53
43
33
24
17
11
7
4
2
0
0
-1
-3
-5
-9
-14
-20
-28
-38
-49
-61
-75
-89
-104
-119
-133
-146
-157
-165
-171
-174
-173
-169
-162
-151
-137
-121
-103
-84
-64
-44
-25
-7
8
22
33
41
46
49
49
47
44
39
34
28
23
19
15
14
14
15
19
24
31
39
49
60
71
81
92
101
108
114
118
119
118
115
110
103
94
84
73
60
47
34
20
5
-7
-21
-34
-45
-55
-63
-69
-73
-74
-72
-67
-60
-51
-39
-27
-14
-1
10
21
30
38
43
46
46
45
42
38
33
28
22
17
12
8
4
1
-1
-3
-6
-8
-10
-11
-13
-13
-14
-14
-13
-13
-12
-10
-9
-8
-7
-7
-8
-9
-11
-14
-18
-23
-29
-35
-42
-49
-56
-62
-66
-70
-71
-69
-65
-58
-48
-35
-20
-3
14
32
50
67
82
94
103
110
113
112
108
101
92
80
67
52
36
20
5
-9
-23
-36
-48
-58
-67
-75
-81
-87
-92
-96
-99
-101
-103
-104
-104
-103
-102
-99
-95
-89
-83
-75
-67
-57
-47
-37
-26
-16
-7
0
7
14
19
23
26
29
32
35
39
43
48
53
59
64
70
74
77
79
79
77
72
67
59
50
40
30
20
11
3
-2
-6
-7
-5
-2
3
10
17
25
33
39
44
46
47
45
40
32
23
12
0
-12
-25
-37
-48
-57
-63
-66
-66
-63
-57
-49
-39
-28
-16
-4
7
17
26
33
38
41
43
42
41
38
34
29
25
20
16
12
9
7
6
6
7
9
11
13
15
18
20
22
24
26
28
30
33
36
39
43
47
50
52
54
54
53
51
47
41
34
27
19
11
4
-1
-6
-9
-11
-11
-10
-8
-4
0
4
9
13
16
18
19
19
18
16
14
11
9
7
6
5
6
7
7
8
8
6
3
0
-6
-14
-24
-35
-46
-59
-71
-84
-96
-107
-117
-126
-134
-140
-145
-148
-149
-149
-148
-146
-143
-140
-136
-131
-126
-121
-115
-109
-101
-93
-83
-72
-60
-46
-32
-16
0
18
36
54
71
88
103
117
129
138
145
149
151
149
144
136
126
112
97
79
60
39
19
0
-18
-35
-50
-62
-70
-76
-77
-75
-70
-61
-50
-36
-20
-3
14
32
48
64
77
87
95
100
102
101
97
91
83
73
62
50
37
25
12
1
-9
-19
-28
-36
-43
-48
-52
-55
-57
-58
-59
-59
-58
-58
-57
-56
-55
-54
-53
-52
-50
-48
-46
-44
-42
-39
-36
-33
-30
-26
-23
-20
-16
-13
-10
-7
-4
-2
0
2
5
8
11
15
19
24
29
34
40
46
52
58
63
67
70
72
73
73
71
68
65
60
55
50
43
37
30
23
16
8
0
-8
-16
-25
-32
-39
-45
-50
-52
-53
-52
-49
-44
-37
-29
-20
-11
-2
6
13
18
20
21
18
14
7
0
-9
-19
-28
-36
-42
-46
-47
-46
-42
-36
-27
-17
-5
7
20
32
44
54
62
68
72
74
74
71
67
61
55
48
41
34
27
22
17
14
12
11
11
12
14
16
19
21
23
24
24
22
20
15
9
1
-7
-17
-28
-39
-50
-61
-70
-78
-84
-88
-90
-89
-86
-80
-73
-64
-54
-44
-33
-23
-13
-4
3
9
14
17
17
16
13
7
0
-9
-20
-32
-45
-57
-69
-79
-88
-94
-98
-98
-94
-87
-76
-62
-44
-24
-1
23
48
74
100
124
147
167
184
198
207
213
214
211
204
192
178
161
141
120
98
75
53
31
10
-9
-26
-42
-56
-68
-78
-86
-93
-98
-102
-105
-107
-108
-109
-108
-107
-106
-103
-101
-97
-94
-90
-86
-82
-78
-74
-70
-65
-60
-55
-50
-45
-40
-35
-30
-27
-24
-23
-23
-23
-25
-26
-28
-29
-29
-27
-24
-19
-11
-1
9
22
36
49
62
74
83
90
93
93
89
82
71
58
43
28
13
0
-11
-19
-23
-23
-18
-10
0
14
30
46
62
77
90
101
109
114
117
116
113
108
100
92
82
73
63
53
44
35
27
19
11
4
-3
-10
-18
-25
-33
-41
-48
-55
-62
-68
-73
-78
-82
-85
-88
-90
-92
-93
-94
-94
-94
-94
-93
-92
-90
-88
-85
-82
-78
-74
-70
-65
-60
-54
-47
-40
-32
-23
-13
-2
9
22
35
48
60
72
82
90
96
100
102
100
97
91
83
73
61
49
36
22
9
-3
-16
-27
-38
-47
-55
-62
-68
-71
-73
-73
-70
-65
-58
-48
-36
-22
-6
9
26
42
58
71
82
91
96
98
97
93
85
75
62
48
32
15
-1
-18
-34
-49
-63
-75
-86
-95
-103
-108
-113
-115
-116
-115
-112
-108
-101
-93
-83
-72
-58
-44
-28
-12
5
22
39
56
72
88
102
114
125
134
141
146
148
149
147
144
139
133
125
116
107
98
88
79
70
61
54
47
41
37
33
30
28
26
25
25
25
25
25
26
26
26
25
25
23
21
18
14
9
3
-3
-11
-21
-31
-43
-55
-67
-80
-93
-105
-117
-127
-137
-145
-151
-156
-160
-161
-161
-159
-156
-150
-143
-134
-124
-112
-100
-86
-72
-57
-43
-29
-16
-4
6
15
23
29
34
37
39
39
39
38
36
34
32
30
29
29
30
31
34
37
42
46
51
56
61
66
70
73
76
77
78
77
75
72
68
63
58
51
44
36
29
21
15
8
3
0
-2
-2
0
3
9
17
27
39
52
65
79
92
104
114
122
128
130
128
122
113
99
81
60
36
10
-18
-47
-76
-104
-130
-155
-176
-193
-207
-216
-222
-223
-221
-216
-208
-199
-189
-177
-166
-156
-146
-137
-129
-121
-115
-108
-102
-94
-87
-78
-68
-57
-45
-32
-20
-7
5
17
28
39
49
58
65
71
77
80
83
83
83
81
78
73
68
61
55
47
40
33
26
