-32
5
41
73
103
132
159
185
211
236
260
283
304
322
337
347
352
352
347
336
321
302
281
258
234
212
190
171
152
135
116
96
72
43
7
-35
-86
-145
-210
-280
-354
-429
-504
-574
-640
-697
-745
-782
-808
-821
-821
-809
-786
-753
-710
-661
-606
-548
-488
-427
-367
-310
-256
-207
-163
-125
-93
-68
-49
-37
-30
-29
-31
-36
-42
-47
-51
-51
-47
-37
-20
4
35
73
116
163
213
262
310
354
393
425
449
465
473
472
462
445
420
387
346
297
240
175
102
23
-62
-150
-240
-327
-408
-480
-539
-582
-607
-613
-599
-567
-517
-453
-377
-295
-208
-121
-37
41
112
174
226
267
299
321
333
337
330
315
291
256
212
159
96
25
-51
-131
-212
-290
-360
-418
-459
-479
-477
-450
-398
-322
-225
-109
19
156
296
433
562
678
777
857
915
949
961
949
918
867
801
724
637
547
455
366
284
209
145
94
54
26
10
3
3
8
15
20
22
17
3
-21
-57
-105
-164
-234
-313
-397
-485
-574
-659
-738
-807
-865
-908
-936
-947
-941
-918
-879
-826
-758
-679
-590
-493
-389
-280
-169
-59
48
152
247
333
406
467
514
546
566
574
572
563
549
533
517
502
491
484
482
485
493
504
518
533
547
558
564
564
556
538
510
472
423
365
297
221
137
46
-50
-151
-255
-360
-465
-565
-659
-744
-817
-876
-919
-945
-954
-947
-924
-888
-841
-784
-720
-652
-581
-509
-437
-366
-298
-231
-168
-108
-51
1
50
95
136
174
210
243
276
310
347
389
438
496
564
645
738
842
957
1079
1204
1327
1442
1543
1623
1676
1697
1682
1628
1535
1404
1236
1037
811
567
309
47
-212
-464
-702
-922
-1120
-1294
-1443
-1567
-1666
-1742
-1795
-1826
-1837
-1829
-1802
-1757
-1694
-1614
-1517
-1405
-1277
-1137
-988
-831
-672
-515
-365
-226
-104
-2
75
127
152
151
126
81
19
-53
-131
-208
-279
-338
-382
-407
-411
-392
-352
-292
-214
-122
-19
89
200
309
410
501
578
638
679
700
701
681
643
587
517
437
351
263
179
105
44
2
-17
-11
20
78
162
269
394
534
681
831
977
1113
1234
1335
1414
1468
1496
1497
1473
1425
1354
1263
1153
1029
890
741
583
420
252
83
-83
-246
-402
-548
-681
-799
-900
-981
-1042
-1081
-1099
-1096
-1073
-1032
-976
-907
-829
-745
-659
-573
-493
-420
-357
-305
-265
-238
-221
-213
-211
-212
-212
-209
-200
-181
-152
-113
-64
-6
55
120
183
241
289
326
348
355
347
323
287
239
183
121
56
-10
-75
-139
-198
-253
-301
-343
-376
-399
-412
-413
-401
-376
-338
-287
-224
-152
-73
8
89
166
235
292
334
358
364
352
322
276
218
150
76
1
-71
-137
-194
-238
-268
-282
-279
-260
-223
-171
-106
-28
57
150
246
343
436
523
602
670
725
766
794
808
809
797
775
742
701
652
595
531
459
379
290
193
89
-22
-140
-261
-383
-501
-613
-713
-798
-865
-909
-930
-925
-894
-839
-761
-662
-546
-417
-279
-135
9
151
288
416
532
636
724
795
850
886
904
904
887
853
803
739
661
573
476
371
262
150
38
-72
-179
-282
-380
-471
-556
-633
-704
-768
-824
-874
-917
-952
-979
-999
-1009
-1010
-1001
-982
-954
-916
-870
-815
-754
-687
-615
-541
-465
-388
-311
-235
-160
-87
-15
54
123
190
255
318
377
433
485
530
568
598
617
627
626
614
592
561
523
479
432
384
336
291
249
212
180
152
129
109
91
76
61
48
35
23
13
4
0
0
6
20
42
72
111
158
212
272
334
398
460
517
568
611
643
663
669
662
640
605
555
492
417
332
238
137
32
-75
-182
-287
-387
-480
-563
-636
-697
-745
-780
-801
-809
-805
-788
-761
-723
-677
-623
-563
-499
-432
-363
-294
-227
-163
-103
-48
0
41
76
103
124
139
149
156
161
165
170
178
187
200
215
231
248
264
277
286
288
283
271
250
221
186
146
102
57
13
-28
-65
-97
-121
-139
-148
-151
-148
-140
-129
-115
-101
-87
-76
-67
-63
-62
-67
-77
-93
-113
-139
-169
-203
-241
-280
-321
-361
-400
-435
-465
-487
-502
-506
-499
-480
-448
-404
-348
-281
-206
-123
-35
53
141
225
303
373
431
478
512
533
543
541
530
511
486
457
425
390
356
320
284
248
212
175
137
98
60
22
-12
-45
-72
-94
-109
-117
-117
-110
-96
-77
-53
-27
-1
23
44
61
72
75
72
62
45
22
-5
-36
-69
-103
-137
-169
-199
-227
-251
-271
-287
-299
-306
-309
-306
-299
-288
-272
-253
-231
-206
-180
-153
-125
-97
-69
-42
-16
7
29
48
64
77
85
90
90
86
78
67
55
41
27
14
3
-4
-10
-12
-12
-9
-3
3
11
20
29
37
45
52
58
65
72
81
92
104
120
138
158
180
203
225
247
266
284
298
309
318
324
329
332
336
339
341
343
343
340
334
322
303
277
242
198
145
85
17
-55
-131
-208
-283
-353
-416
-469
-512
-543
-560
-565
-556
-536
-505
-464
-415
-360
-301
-239
-176
-113
-52
4
57
105
145
179
205
223
233
235
230
218
199
176
148
117
84
49
14
-20
-53
-84
-113
-138
-159
-176
-189
-198
-202
-202
-197
-189
-178
-163
-146
-128
-107
-85
-63
-39
-15
8
33
57
82
105
128
149
167
183
195
204
209
211
209
204
197
189
180
172
166
162
162
165
172
183
197
214
233
252
272
290
306
319
328
333
334
330
321
307
287
263
234
201
162
120
74
24
-27
-81
-136
-192
-246
-298
-347
-393
-434
-470
-500
-523
-540
-550
-553
-549
-538
-521
-499
-473
-442
-410
-375
-340
-306
-272
-240
-209
-180
-153
-127
-102
-78
-54
-31
-8
14
38
61
85
110
134
159
184
208
232
255
276
294
310
323
332
338
340
337
331
322
310
297
281
265
249
233
219
206
194
184
174
165
156
145
132
117
100
80
57
33
8
-15
-37
-56
-70
-79
-82
-78
-67
-49
-25
3
36
73
112
151
189
226
259
289
313
332
345
350
348
338
319
292
256
212
161
103
39
-27
-97
-168
-237
-303
-364
-419
-465
-502
-528
-544
-548
-542
-525
-499
-466
-425
-380
-331
-280
-229
-178
-130
-86
-45
-9
21
47
67
82
92
96
96
90
81
68
53
36
17
0
-16
-31
-42
-50
-52
-49
-41
-28
-9
14
42
72
104
136
165
189
207
217
216
202
176
136
82
14
-64
-153
-249
-350
-452
-552
-646
-730
-801
-857
-896
-915
-914
-893
-854
-797
-726
-643
-551
-454
-354
-254
-157
-63
23
105
179
248
310
366
418
465
508
548
584
616
642
662
675
680
675
661
636
600
554
500
438
371
300
229
160
96
39
-9
-46
-72
-85
-87
-78
-59
-32
0
34
70
105
137
164
186
201
210
212
208
199
184
164
140
113
82
47
8
-35
-86
-145
-213
-291
-381
-483
-596
-719
-850
-986
-1122
-1254
-1377
-1484
-1572
-1636
-1673
-1679
-1654
-1598
-1513
-1400
-1264
-1107
-935
-751
-560
-365
-169
22
210
390
560
720
867
1000
1118
1220
1305
1371
1419
1447
1457
1448
1422
1380
1325
1258
1182
1101
1015
930
845
764
689
619
556
501
453
411
377
348
325
307
293
282
274
267
262
256
249
240
229
213
194
169
140
107
69
26
-18
-65
-114
-162
-210
-255
-296
-333
-363
-387
-404
-413
-414
-408
-395
-377
-353
-327
-299
-271
-243
-219
-197
-180
-166
-157
-150
-146
-143
-140
-134
-125
-110
-89
-61
-24
20
72
132
196
264
332
397
457
508
547
571
579
568
539
492
428
349
258
159
56
-47
-148
-241
-324
-394
-449
-488
-512
-521
-516
-498
-470
-433
-391
-345
-297
-249
-202
-157
-115
-76
-40
-7
24
55
87
120
156
194
234
276
319
361
402
438
469
493
507
512
506
490
464
428
383
330
272
209
143
77
12
-51
-110
-165
-215
-259
-297
-329
-355
-375
-390
-400
-405
-406
-402
-393
-380
-362
-339
-311
-278
-241
-201
-157
-111
-63
-16
30
74
115
152
184
210
229
242
249
248
241
228
210
187
160
129
96
59
21
-18
-60
-102
-145
-186
-226
-262
-295
-322
-342
-356
-363
-363
-357
-344
-326
-304
-279
-252
-224
-197
-170
-145
-121
-100
-80
-62
-45
-30
-16
-3
7
16
22
26
27
25
20
12
1
-11
-25
-40
-54
-67
-78
-85
-88
-87
-81
-71
-57
-40
-21
0
20
39
56
69
78
82
81
74
62
45
25
0
-26
-55
-85
-114
-143
-170
-193
-213
-229
-241
-247
-249
-246
-239
-228
-214
-197
-178
-157
-135
-112
-89
-65
-41
-17
5
28
50
71
91
110
127
144
158
172
184
195
204
213
220
226
231
235
238
241
242
243
242
241
239
236
232
226
220
212
203
193
181
169
157
143
130
116
103
89
75
61
47
33
17
2
-14
-32
-51
-70
-90
-111
-132
-153
-173
-193
-210
-225
-238
-247
-254
-257
-256
-252
-244
-234
-221
-207
-192
-176
-161
-147
-134
-122
-111
-100
-91
-81
-70
-57
-43
-27
-9
9
31
53
75
96
116
133
147
158
164
167
165
160
152
141
129
116
104
92
83
75
70
67
66
67
69
71
73
74
74
71
67
61
52
42
30
17
5
-6
-17
-26
-32
-35
-34
-28
-18
-3
14
37
62
89
117
145
170
194
213
227
237
240
237
228
213
194
170
142
113
82
52
22
-4
-28
-48
-64
-76
-84
-87
-87
-83
-77
-68
-57
-46
-34
-23
-13
-5
0
3
3
1
-3
-10
-19
-29
-40
-51
-60
-68
-74
-76
-76
-71
-64
-53
-40
-26
-11
3
15
26
33
36
34
29
20
8
-6
-22
-38
-54
-68
-79
-87
-92
-93
-90
-83
-74
-62
-49
-35
-23
-12
-4
0
0
-4
-14
-28
-47
-69
-93
-118
-142
-163
-181
-192
-197
-194
-181
-160
-130
-93
-48
1
54
109
164
216
264
307
343
371
393
406
412
410
401
386
366
340
309
275
236
195
152
107
61
14
-31
-77
-122
-164
-205
-243
-279
-312
-343
-371
-397
-421
-442
-461
-477
-490
-500
-505
-505
-499
-487
-469
-444
-412
-373
-329
-280
-228
-174
-119
-66
-16
29
69
102
127
144
154
156
152
142
127
109
89
68
47
27
8
-8
-23
-36
-46
-55
-61
-64
-66
-66
-64
-59
-53
-45
-34
-21
-6
11
31
54
78
104
132
160
189
218
247
274
300
323
344
362
377
389
396
399
398
392
381
365
344
319
290
257
221
183
144
104
64
25
-12
-48
-81
-110
-137
-159
-178
-193
-204
-212
-218
-221
-222
-222
-220
-217
-214
-209
-204
-198
-192
-186
