-30
-30
-31
-32
-33
-34
-35
-36
-36
-36
-36
-34
-32
-29
-25
-20
-14
-8
-1
4
11
16
21
25
28
30
30
30
29
28
26
25
24
24
24
24
26
28
31
35
40
45
50
55
60
64
67
68
67
64
58
48
35
19
0
-21
-45
-72
-99
-126
-153
-177
-198
-215
-227
-232
-230
-221
-206
-183
-154
-120
-82
-41
0
43
84
123
158
190
217
239
256
269
277
283
286
287
286
286
284
283
282
281
280
277
274
268
260
250
237
221
203
183
161
138
114
90
67
44
23
4
-14
-30
-46
-60
-73
-85
-96
-107
-118
-128
-138
-149
-159
-168
-178
-187
-195
-202
-209
-213
-217
-219
-218
-217
-213
-209
-203
-196
-189
-182
-175
-168
-162
-157
-151
-146
-140
-134
-126
-117
-106
-93
-77
-60
-42
-23
-4
13
29
41
49
52
48
39
22
0
-27
-59
-94
-131
-169
-205
-238
-268
-291
-308
-317
-318
-310
-295
-271
-239
-201
-158
-111
-61
-10
40
89
136
178
215
247
272
291
304
310
310
306
297
284
270
253
236
220
204
189
176
165
155
145
137
129
120
110
99
87
73
58
42
25
8
-7
-23
-37
-50
-61
-71
-80
-88
-95
-100
-106
-110
-113
-116
-117
-117
-115
-112
-106
-98
-88
-76
-63
-49
-34
-20
-5
7
19
29
37
42
45
46
43
38
31
22
11
-1
-15
-29
-44
-59
-73
-86
-97
-107
-114
-118
-120
-118
-113
-104
-92
-78
-61
-43
-25
-6
10
26
39
49
56
60
61
57
51
42
30
16
0
-15
-32
-48
-63
-76
-86
-93
-97
-97
-92
-84
-71
-55
-36
-14
10
35
63
90
117
144
169
192
212
229
243
253
259
260
258
251
241
228
213
195
176
155
134
113
93
74
55
39
24
11
1
-6
-13
-17
-18
-18
-17
-13
-9
-3
1
7
11
15
17
17
15
12
6
0
-9
-18
-27
-36
-44
-49
-51
-50
-45
-35
-22
-4
15
38
63
88
112
134
153
168
178
182
180
173
159
139
113
83
49
12
-26
-66
-105
-142
-177
-208
-233
-253
-267
-274
-275
-271
-262
-248
-232
-214
-195
-177
-161
-146
-135
-127
-122
-120
-121
-123
-126
-130
-134
-136
-137
-135
-131
-124
-115
-103
-89
-74
-57
-40
-24
-9
4
16
26
34
39
42
43
43
43
42
41
42
44
47
53
60
69
80
92
106
119
134
148
161
174
186
197
206
213
219
222
223
222
218
211
201
187
169
147
121
90
55
17
-23
-66
-109
-150
-190
-225
-255
-279
-295
-304
-304
-297
-282
-260
-232
-200
-164
-127
-90
-54
-20
10
37
59
77
90
100
106
109
111
111
109
108
105
103
100
96
92
87
81
73
64
54
42
29
15
0
-13
-27
-40
-51
-60
-67
-70
-71
-68
-63
-54
-42
-28
-11
5
23
41
58
72
83
90
92
90
82
69
52
31
8
-16
-41
-65
-88
-107
-123
-135
-143
-146
-144
-138
-128
-115
-100
-84
-67
-52
-37
-24
-14
-7
-3
-1
-1
-3
-6
-9
-13
-15
-17
-17
-16
-13
-7
0
9
20
32
46
61
76
90
104
116
127
134
139
140
137
132
122
110
95
78
59
40
22
4
-11
-24
-35
-43
-47
-48
-45
-40
-31
-20
-7
7
23
40
58
76
94
112
130
148
165
182
197
211
222
231
235
235
230
218
200
176
146
110
69
25
-21
-68
-116
-161
-204
-242
-276
-303
-324
-338
-346
-346
-341
-330
-314
-296
-275
-254
-233
-213
-196
-181
-169
-160
-153
-148
-144
-139
-134
-126
-115
-101
-83
-62
-38
-12
14
42
69
93
114
131
142
149
151
149
144
137
129
122
117
114
115
118
126
136
148
161
174
186
196
203
206
204
198
188
173
154
132
109
83
57
32
8
-14
-34
-52
-66
-77
-85
-89
-90
-88
-83
-76
-68
-58
-48
-38
-29
-22
-16
-12
-11
-11
-13
-17
-21
-26
-32
-37
-41
-45
-48
-50
-51
-51
-51
-49
-48
-46
-44
-41
-39
-36
-33
-28
-23
-16
-8
2
13
26
40
55
70
84
97
109
119
126
130
132
129
124
115
102
87
69
49
27
4
-18
-40
-62
-82
-100
-116
-130
-141
-149
-154
-156
-156
-153
-148
-140
-131
-120
-107
-94
-79
-65
-51
-38
-25
-14
-5
2
7
10
10
9
5
0
-7
-15
-24
-32
-40
-46
-51
-53
-52
-49
-44
-37
-27
-17
-5
6
18
30
40
50
58
65
70
73
76
77
78
78
78
78
78
79
80
82
84
88
92
97
102
109
116
124
133
144
156
169
184
201
220
239
258
276
292
304
311
312
305
289
265
231
189
140
85
25
-35
-97
-158
-214
-266
-311
-349
-379
-401
-415
-420
-419
-411
-397
-379
-358
-334
-308
-282
-256
-230
-206
-184
-163
-145
-130
-117
-106
-98
-93
-89
-87
-85
-84
-82
-79
-74
-66
-55
-40
-23
-4
17
41
65
89
111
132
150
165
176
184
188
189
186
181
174
164
153
142
130
119
107
97
88
81
74
70
67
66
66
67
69
72
76
80
85
89
94
97
100
102
102
101
98
94
88
82
74
66
58
50
43
37
32
28
25
21
18
14
8
1
-8
-20
-34
-51
-70
-92
-115
-139
-163
-187
-210
-232
-250
-266
-278
-286
-290
-290
-285
-276
-263
-247
-227
-205
-181
-154
-126
-96
-66
-34
-3
28
59
89
117
142
165
183
197
207
212
212
208
200
188
172
154
134
112
90
67
44
22
1
-18
-36
-51
-64
-72
-77
-77
-72
-63
-50
-33
-14
7
29
52
74
93
111
125
136
143
147
147
144
139
130
119
105
89
71
51
28
3
-23
-52
-82
-113
-145
-175
-204
-230
-253
-272
-286
-294
-297
-294
-286
-272
-253
-229
-202
-170
-137
-101
-64
-26
11
47
82
114
144
170
191
209
223
232
237
238
236
231
224
215
204
192
180
168
156
144
132
121
109
97
85
72
59
45
31
16
2
-11
-25
-37
-48
-57
-64
-69
-72
-72
-69
-65
-59
-51
-43
-35
-27
-19
-12
-6
-1
3
9
15
21
29
38
47
57
67
76
83
88
90
89
83
73
60
42
22
0
-25
-52
-78
-104
-129
-152
-173
-190
-205
-215
-222
-225
-224
-219
-211
-199
-184
-166
-146
-124
-101
-77
-52
-27
-2
20
43
63
81
97
110
121
129
135
139
141
141
140
138
135
130
124
117
108
98
87
74
59
42
24
4
-17
-40
-64
-88
-112
-135
-157
-176
-193
-205
-213
-216
-214
-206
-192
-172
-147
-116
-82
-44
-4
36
76
115
149
179
202
217
224
222
210
190
162
126
86
41
-4
-49
-93
-132
-166
-194
-214
-227
-231
-228
-217
-199
-174
-143
-108
-68
-25
19
65
111
156
199
238
273
303
327
343
353
354
348
335
314
287
254
216
175
131
86
41
-2
-44
-83
-119
-150
-176
-197
-213
-222
-226
-224
-217
-204
-186
-165
-139
-111
-81
-49
-18
12
41
67
90
109
124
134
139
139
134
124
110
91
70
45
19
-7
-34
-61
-85
-107
-125
-139
-148
-151
-148
-140
-126
-107
-84
-59
-32
-4
21
44
63
78
88
91
89
82
70
54
36
17
-1
-17
-30
-39
-43
-41
-33
-21
-4
15
38
61
85
108
129
147
163
176
185
191
194
193
190
184
176
166
155
142
127
112
96
78
60
41
20
0
-23
-45
-68
-91
-113
-133
-150
-165
-176
-182
-184
-181
-173
-161
-144
-124
-99
-72
-43
-12
19
50
80
108
133
154
169
179
182
180
170
155
134
109
79
48
15
-17
-50
-80
-109
-136
-160
-183
-205
-226
-248
-270
-294
-320
-347
-374
-401
-426
-447
-463
-473
-475
-470
-455
-433
-402
-365
-323
-278
-230
-182
-136
-93
-54
-20
7
30
46
56
61
62
59
55
49
43
38
36
35
39
46
57
72
92
114
140
167
196
224
252
278
302
322
337
348
354
354
348
336
319
295
267
233
196
154
111
66
21
-23
-65
-104
-139
-169
-193
-211
-223
-228
-226
-218
-204
-185
-160
-130
-97
-62
-25
11
48
82
112
138
158
171
177
174
163
143
116
81
41
-2
-49
-96
-142
-184
-220
-250
-272
-285
-290
-285
-273
-252
-225
-192
-155
-115
-72
-30
11
52
89
124
156
183
207
226
242
253
261
265
266
264
259
252
244
234
223
213
202
192
182
174
167
162
159
158
161
166
175
188
203
222
243
267
292
317
342
365
385
400
408
408
400
382
354
316
269
214
152
86
17
-51
-118
-182
-241
-294
-339
-377
-407
-428
-443
-450
-451
-445
-435
-420
-402
-381
-359
-336
-314
-293
-273
-256
-242
-229
-219
-209
-200
-190
-179
-165
-148
-128
-103
-73
-40
-2
37
80
124
168
210
249
283
311
332
344
348
342
327
304
274
237
195
151
105
60
16
-23
-58
-88
-112
-129
-140
-145
-144
-139
-129
-117
-103
-88
-73
-59
-47
-38
-32
-29
-30
-35
-42
-53
-66
-81
-96
-112
-127
-140
-151
-160
-166
-167
-166
-160
-151
-139
-125
-109
-92
-77
-62
-51
-44
-41
-43
-51
-63
-79
-99
-121
-143
-164
-183
-198
-208
-213
-212
-204
-191
-171
-147
-118
-85
-49
-12
24
62
98
132
165
195
223
248
270
290
307
322
333
340
344
343
337
326
309
287
260
229
193
153
110
65
19
-26
-70
-113
-152
-187
-217
-241
-260
-273
-280
-281
-277
-269
-256
-240
-222
-201
-179
-156
-132
-108
-84
-59
-36
-13
8
27
45
59
70
76
78
76
69
58
44
28
12
-3
-16
-26
-31
-30
-22
-9
9
33
61
92
123
155
184
211
234
253
268
278
284
286
284
281
275
267
257
247
235
222
207
190
171
149
125
98
69
38
5
-28
-63
-97
-131
-162
-191
-217
-238
-255
-267
-272
-272
-265
-252
-234
-210
-181
-149
-114
-78
-42
-8
24
53
78
98
113
122
126
124
117
105
90
71
51
30
9
-10
-28
-44
-57
-66
-71
-72
-69
-62
-51
-37
-20
-2
17
37
57
75
91
105
116
124
128
130
128
122
113
102
87
69
49
27
4
-18
-42
-64
-83
-100
-113
-121
-125
-124
-119
-109
-97
-83
-68
-54
-41
-32
-26
-25
-29
-37
-49
-64
-80
-97
-113
-127
-136
-142
-142
-137
-126
-111
-91
-68
-44
-19
4
25
42
55
61
61
55
41
22
-2
-30
-61
-94
-125
-155
-181
-202
-218
-228
-232
-229
-220
-206
-187
-163
-137
-108
-77
-46
-14
16
46
74
99
122
141
156
166
171
172
168
160
148
134
118
102
88
76
69
66
70
79
