-109
-112
-114
-113
-111
-107
-101
-93
-84
-74
-61
-46
-29
-10
11
35
61
89
118
147
176
203
228
249
266
279
285
286
281
269
253
231
206
177
147
115
83
52
23
-2
-26
-46
-63
-76
-87
-94
-98
-100
-98
-94
-87
-77
-65
-49
-31
-10
11
34
58
81
102
120
135
145
150
149
142
130
113
92
66
37
7
-24
-56
-87
-116
-143
-168
-189
-206
-220
-230
-237
-240
-241
-238
-234
-227
-219
-209
-197
-184
-170
-155
-138
-120
-101
-79
-56
-31
-4
23
52
81
110
137
160
179
193
199
198
188
170
144
110
70
25
-23
-71
-119
-162
-200
-229
-250
-260
-259
-247
-224
-193
-155
-111
-63
-14
32
78
118
153
183
205
222
233
239
241
240
237
232
227
222
216
210
203
196
188
177
165
151
136
118
99
79
59
40
22
5
-9
-21
-31
-40
-47
-53
-58
-65
-72
-81
-93
-106
-122
-140
-160
-180
-199
-217
-233
-244
-252
-254
-250
-242
-228
-209
-187
-162
-135
-108
-82
-57
-35
-16
-1
11
20
27
32
35
38
41
44
49
54
61
69
78
87
96
103
110
114
115
114
109
101
90
77
61
45
27
10
-4
-18
-28
-36
-39
-39
-35
-27
-17
-4
10
25
40
54
66
76
84
88
88
86
81
72
61
48
32
15
-2
-22
-42
-62
-82
-101
-118
-133
-145
-153
-157
-156
-149
-138
-122
-101
-77
-51
-22
7
37
66
95
122
148
171
192
211
228
243
255
266
275
282
286
288
287
284
276
265
250
230
206
178
145
108
69
27
-15
-59
-102
-143
-181
-215
-244
-268
-285
-296
-301
-300
-293
-280
-264
-245
-223
-201
-179
-159
-141
-126
-115
-107
-104
-103
-106
-111
-117
-124
-131
-137
-140
-141
-140
-135
-128
-119
-108
-96
-85
-75
-68
-63
-62
-63
-67
-74
-82
-91
-99
-105
-108
-108
-104
-96
-84
-68
-49
-28
-4
19
43
66
88
108
126
142
156
169
182
194
207
222
237
254
272
291
309
326
342
354
363
367
367
361
351
336
317
294
269
242
215
187
161
135
112
90
70
52
35
19
3
-12
-29
-46
-64
-82
-100
-117
-134
-149
-162
-172
-180
-185
-186
-185
-181
-174
-167
-159
-151
-145
-140
-138
-140
-144
-153
-165
-181
-200
-221
-243
-266
-288
-307
-323
-333
-337
-333
-321
-300
-271
-234
-190
-141
-89
-34
19
72
122
167
206
237
261
277
285
284
276
260
238
212
182
151
119
90
63
41
25
15
12
15
25
39
59
81
105
129
153
175
194
209
219
225
226
221
212
199
183
164
142
119
95
70
45
20
-3
-25
-46
-65
-80
-93
-103
-109
-111
-111
-107
-101
-93
-84
-74
-64
-54
-43
-34
-24
-15
-6
1
9
18
26
35
43
52
62
72
82
92
101
111
119
126
131
133
133
130
124
115
103
87
69
48
25
1
-24
-49
-76
-102
-127
-152
-177
-200
-224
-246
-268
-289
-309
-329
-347
-363
-377
-388
-397
-402
-403
-400
-392
-379
-361
-338
-311
-279
-244
-205
-165
-122
-79
-36
6
47
86
122
154
183
206
225
238
246
249
246
240
229
216
201
184
167
150
134
119
105
92
80
69
58
47
36
24
12
0
-13
-26
-37
-48
-57
-63
-66
-65
-61
-54
-43
-29
-14
3
21
39
56
73
88
102
114
125
135
143
151
157
163
167
170
171
171
169
165
158
150
138
125
109
92
73
54
34
14
-4
-22
-39
-55
-69
-82
-94
-103
-111
-118
-122
-124
-124
-122
-118
-112
-105
-97
-89
-80
-72
-65
-59
-54
-50
-49
-49
-50
-54
-58
-63
-68
-74
-79
-84
-87
-88
-87
-83
-76
-67
-54
-40
-24
-7
8
24
39
53
64
73
80
85
90
93
97
101
105
111
118
127
136
146
157
167
177
186
193
198
200
199
195
188
178
164
148
128
107
84
60
35
10
-12
-35
-56
-75
-91
-105
-117
-126
-133
-138
-141
-143
-144
-144
-143
-141
-138
-134
-128
-120
-110
-97
-81
-63
-43
-22
0
20
40
56
67
74
74
68
55
37
14
-13
-43
-75
-106
-136
-163
-185
-202
-212
-216
-211
-200
-183
-159
-131
-100
-66
-32
0
31
59
84
104
119
130
137
140
140
137
133
128
122
117
113
110
108
107
106
105
102
97
90
78
62
43
19
-8
-38
-70
-101
-132
-159
-183
-201
-212
-217
-214
-205
-190
-170
-147
-122
-97
-73
-53
-38
-27
-22
-23
-29
-40
-54
-71
-90
-109
-127
-144
-159
-171
-180
-186
-187
-185
-178
-167
-152
-134
-111
-86
-57
-27
4
37
70
102
133
162
188
210
228
242
252
256
256
252
245
234
220
205
188
171
153
136
119
102
86
72
57
44
31
18
6
-5
-17
-28
-39
-49
-59
-67
-73
-78
-80
-80
-78
-73
-66
-58
-48
-38
-28
-18
-8
0
5
9
12
12
11
8
5
0
-4
-9
-13
-17
-20
-22
-22
-21
-19
-14
-8
0
9
20
33
47
61
75
88
101
112
122
129
135
139
141
141
141
139
137
134
131
128
124
121
117
113
110
106
102
98
94
90
85
80
75
69
62
54
45
35
24
12
0
-13
-27
-41
-54
-67
-78
-88
-95
-100
-102
-102
-98
-93
-85
-75
-64
-52
-41
-31
-21
-14
-8
-5
-5
-7
-12
-19
-28
-38
-50
-62
-75
-87
-99
-110
-120
-128
-135
-139
-142
-142
-141
-137
-132
-125
-116
-107
-96
-85
-73
-61
-48
-36
-24
-12
-1
8
17
24
30
35
38
40
40
39
37
35
33
31
30
30
30
33
37
43
51
60
71
84
97
109
122
132
140
145
146
143
134
121
104
82
57
30
1
-26
-54
-80
-102
-120
-134
-143
-147
-147
-143
-135
-124
-111
-98
-85
-72
-60
-49
-40
-32
-25
-19
-14
-8
-3
2
9
16
23
30
36
42
46
49
50
48
45
38
30
20
8
-5
-19
-34
-48
-62
-74
-84
-92
-98
-100
-100
-96
-90
-82
-72
-60
-47
-33
-19
-6
5
15
24
31
36
39
41
41
40
38
35
33
30
27
25
24
22
21
21
21
21
21
21
21
21
21
21
21
20
20
20
20
21
23
25
27
31
35
40
46
52
58
65
71
77
82
86
88
89
88
85
80
73
64
54
43
32
21
11
1
-7
-15
-21
-27
-32
-35
-38
-40
-41
-41
-41
-41
-40
-40
-39
-37
-36
-33
-30
-26
-20
-13
-3
7
19
33
47
61
75
86
96
102
104
103
97
87
73
57
38
17
-3
-24
-42
-58
-71
-80
-84
-83
-79
-70
-58
-43
-27
-10
6
22
35
47
55
60
63
62
59
55
49
42
35
28
23
18
14
12
12
13
15
19
24
30
35
41
47
51
55
56
56
54
49
43
36
27
16
5
-5
-18
-30
-43
-56
-69
-81
-93
-104
-113
-120
-126
-130
-131
-131
-128
-124
-119
-112
-105
-97
-90
-82
-75
-69
-64
-59
-55
-52
-50
-49
-47
-46
-44
-41
-38
-34
-28
-21
-14
-5
3
12
20
28
35
39
41
40
37
31
23
13
1
-10
-23
-34
-44
-52
-58
-61
-61
-59
-54
-48
-41
-33
-25
-18
-12
-7
-5
-5
-7
-11
-16
-22
-29
-35
-39
-42
-43
-40
-35
-28
-18
-6
6
20
33
45
56
64
69
70
68
61
51
36
18
-2
-25
-49
-73
-96
-118
-136
-151
-162
-169
-170
-166
-158
-144
-127
-106
-83
-57
-30
-4
21
45
66
84
99
109
116
119
118
114
108
101
92
83
75
67
61
57
54
53
53
55
58
62
66
71
75
79
83
85
87
87
86
84
80
75
68
61
52
43
33
24
15
7
0
-6
-10
-13
-14
-14
-12
-8
-3
2
9
16
22
29
35
39
43
45
46
46
45
42
38
33
27
20
12
3
-6
-16
-27
-38
-49
-58
-66
-73
-77
-78
-76
-71
-63
-53
-39
-24
-7
8
25
40
53
64
71
75
76
73
67
59
49
39
30
23
18
18
22
31
45
65
89
117
147
179
210
239
265
285
300
307
306
298
281
257
226
190
149
105
60
14
-31
-74
-115
-152
-185
-213
-236
-255
-268
-277
-281
-281
-278
-271
-262
-250
-236
-221
-204
-187
-168
-150
-131
-114
-97
-81
-67
-55
-45
-37
-32
-30
-30
-33
-38
-44
-53
-62
-72
-81
-90
-97
-102
-105
-105
-102
-97
-89
-79
-68
-56
-45
-33
-22
-13
-5
1
6
9
11
12
12
11
10
9
8
9
10
14
20
28
40
53
70
89
109
131
152
173
192
209
222
230
234
233
227
216
201
182
160
136
112
86
62
39
18
0
-16
-30
-40
-48
-54
-59
-62
-64
-66
-68
-71
-73
-76
-78
-81
-83
-85
-85
-85
-85
-83
-81
-79
-76
-73
-71
-69
-66
-64
-62
-59
-56
-53
-50
-46
-43
-39
-35
-32
-29
-25
-22
-18
-13
-7
0
9
20
34
49
65
83
100
117
132
145
153
158
157
151
140
124
104
81
55
29
3
-20
-42
-59
-72
-81
-84
-82
-76
-66
-53
-38
-23
-7
7
20
32
41
48
52
54
55
54
52
51
49
48
48
49
52
56
61
66
72
78
84
88
92
93
93
90
86
79
71
61
50
37
23
9
-6
-21
-38
-55
-72
-89
-106
-122
-138
-152
-165
-177
-187
-195
-201
-205
-207
-208
-207
-205
-202
-197
-192
-185
-179
-172
-164
-157
-149
-141
-133
-125
-116
-106
-94
-81
-66
-49
-29
-7
15
41
67
93
120
145
169
190
209
224
236
243
247
246
241
232
219
202
182
158
131
101
70
36
2
-31
-64
-96
-125
-150
-171
-188
-199
-205
-205
-201
-193
-180
-164
-147
-127
-108
-89
-71
-55
-40
-28
-19
-11
-5
-1
2
5
8
12
15
20
25
31
37
44
50
56
62
67
71
74
76
76
75
73
70
65
60
54
47
41
34
28
23
18
15
14
15
17
21
26
32
39
46
52
57
61
63
63
61
58
53
48
42
37
32
28
26
25
25
27
30
34
39
44
48
53
57
60
63
64
64
63
62
59
55
49
43
36
27
17
6
-4
-17
-30
-43
-56
-68
-79
-89
-96
-102
-106
-107
-107
-104
-100
-93
-86
-77
-66
-56
-44
-33
-21
-10
0
11
21
31
40
49
57
64
70
76
79
81
82
80
75
69
60
49
37
24
10
-1
-13
-22
-29
-33
-33
-29
-22
-12
1
16
32
49
64
77
87
94
95
92
83
70
52
31
7
-17
-43
-68
-92
-112
-129
-141
-148
-150
-146
-137
-123
-104
-83
