-289
-264
-242
-225
-213
-205
-201
-199
-197
-195
-191
-184
-172
-157
-137
-114
-89
-64
-40
-20
-5
4
7
5
-1
-10
-19
-25
-26
-20
-5
18
50
89
131
172
209
236
250
247
222
176
106
15
-96
-223
-362
-506
-651
-789
-915
-1024
-1111
-1173
-1206
-1211
-1186
-1133
-1054
-951
-827
-685
-530
-365
-193
-19
153
322
483
634
771
892
995
1079
1142
1184
1207
1210
1196
1166
1125
1073
1015
954
891
830
772
720
675
636
604
579
559
542
526
508
488
462
430
389
341
285
222
153
81
7
-67
-139
-209
-275
-338
-397
-455
-511
-567
-624
-682
-740
-799
-857
-912
-962
-1006
-1042
-1069
-1087
-1096
-1098
-1094
-1085
-1072
-1057
-1040
-1022
-1000
-974
-942
-901
-850
-787
-712
-623
-521
-409
-287
-159
-28
101
226
343
448
538
611
666
703
723
728
720
703
680
654
630
609
594
586
585
591
603
621
644
670
699
731
765
801
839
877
916
953
987
1016
1037
1048
1048
1034
1006
965
912
849
778
704
629
558
493
436
389
353
327
308
295
286
275
262
241
210
168
113
44
-36
-128
-228
-333
-439
-541
-635
-718
-784
-831
-855
-856
-833
-786
-717
-628
-524
-407
-283
-158
-37
73
172
252
311
347
359
348
317
267
204
131
56
-16
-80
-130
-160
-167
-148
-102
-29
66
183
315
457
600
739
865
971
1050
1097
1106
1074
1000
882
721
521
287
23
-261
-559
-862
-1162
-1450
-1719
-1962
-2174
-2350
-2487
-2584
-2642
-2659
-2639
-2585
-2499
-2387
-2253
-2100
-1934
-1758
-1576
-1389
-1199
-1008
-814
-616
-414
-207
6
228
457
692
932
1174
1415
1649
1872
2080
2268
2431
2564
2665
2730
2757
2745
2694
2605
2480
2321
2132
1919
1686
1440
1186
932
683
446
226
26
-147
-294
-413
-504
-570
-613
-639
-653
-662
-672
-689
-720
-768
-837
-928
-1039
-1167
-1309
-1458
-1608
-1750
-1879
-1986
-2065
-2110
-2117
-2083
-2006
-1886
-1723
-1520
-1282
-1014
-721
-413
-97
217
521
807
1065
1289
1472
1610
1701
1744
1740
1692
1607
1490
1349
1192
1027
861
702
553
420
302
200
110
31
-44
-121
-206
-304
-419
-554
-709
-882
-1071
-1268
-1466
-1657
-1830
-1977
-2089
-2160
-2184
-2159
-2086
-1966
-1804
-1607
-1382
-1137
-882
-625
-373
-134
85
283
455
600
716
805
867
905
920
915
894
860
818
771
724
682
649
628
623
636
667
717
783
863
954
1051
1149
1243
1328
1401
1456
1492
1507
1499
1469
1417
1346
1257
1154
1039
916
787
655
523
393
267
146
32
-73
-170
-258
-337
-406
-467
-520
-565
-603
-637
-666
-692
-716
-738
-759
-778
-795
-810
-820
-825
-823
-812
-791
-758
-714
-656
-588
-508
-419
-323
-222
-119
-18
78
168
249
318
374
414
439
449
444
425
396
358
316
273
233
198
174
161
162
178
208
251
305
366
430
493
550
597
628
641
633
601
545
466
365
245
109
-36
-187
-339
-486
-624
-749
-858
-950
-1024
-1079
-1118
-1140
-1149
-1145
-1130
-1106
-1072
-1029
-978
-918
-850
-773
-688
-595
-495
-390
-279
-164
-45
74
197
321
446
572
698
824
951
1076
1199
1317
1428
1529
1617
1687
1735
1760
1757
1726
1666
1577
1462
1324
1166
994
813
628
447
274
114
-28
-151
-250
-327
-381
-415
-430
-432
-423
-409
-394
-380
-370
-366
-368
-376
-388
-402
-415
-426
-433
-434
-430
-419
-405
-388
-371
-357
-348
-346
-352
-368
-393
-427
-467
-513
-560
-607
-651
-688
-716
-734
-739
-731
-709
-674
-628
-572
-510
-445
-381
-322
-271
-233
-209
-202
-211
-236
-274
-322
-376
-430
-479
-518
-541
-544
-524
-479
-409
-314
-198
-63
83
239
397
550
695
824
936
1025
1091
1133
1149
1141
1111
1060
991
906
808
699
581
457
329
200
72
-53
-173
-286
-390
-484
-566
-636
-693
-739
-773
-797
-812
-818
-818
-812
-799
-780
-755
-721
-679
-627
-564
-489
-402
-303
-192
-72
55
187
320
451
575
690
792
877
943
990
1015
1020
1006
974
927
868
800
727
651
577
506
440
382
331
289
256
231
214
205
201
204
210
220
232
246
259
271
281
287
288
283
271
252
224
188
144
92
31
-35
-110
-191
-278
-370
-467
-569
-675
-784
-896
-1009
-1122
-1234
-1343
-1446
-1542
-1627
-1698
-1753
-1787
-1799
-1786
-1744
-1674
-1573
-1442
-1283
-1098
-890
-663
-422
-174
75
320
556
777
978
1157
1312
1441
1545
1624
1680
1714
1728
1723
1700
1660
1604
1530
1441
1336
1216
1083
939
788
633
478
329
189
64
-42
-129
-192
-233
-253
-253
-237
-210
-177
-143
-113
-90
-79
-80
-95
-123
-161
-206
-254
-300
-340
-370
-386
-387
-370
-338
-292
-235
-172
-108
-47
5
46
73
84
81
64
39
8
-21
-45
-58
-56
-36
3
64
144
241
352
472
596
720
837
944
1035
1109
1160
1189
1191
1167
1115
1034
924
784
615
416
189
-64
-341
-637
-948
-1265
-1581
-1888
-2176
-2437
-2661
-2841
-2971
-3047
-3067
-3029
-2937
-2794
-2604
-2375
-2113
-1827
-1524
-1212
-898
-589
-293
-14
242
473
675
846
986
1094
1173
1223
1248
1251
1235
1203
1160
1109
1053
997
943
896
858
832
822
828
850
889
941
1006
1077
1152
1224
1290
1343
1380
1398
1393
1364
1310
1231
1129
1005
862
702
529
346
159
-29
-215
-394
-563
-717
-853
-968
-1060
-1127
-1167
-1178
-1161
-1116
-1044
-947
-829
-692
-543
-386
-227
-71
75
207
322
416
487
534
559
561
544
510
462
403
336
266
195
127
64
9
-37
-74
-101
-120
-130
-135
-136
-136
-139
-146
-159
-179
-209
-247
-294
-349
-410
-477
-548
-621
-696
-770
-842
-911
-974
-1030
-1076
-1108
-1126
-1124
-1102
-1056
-985
-890
-770
-628
-467
-292
-110
73
249
412
553
666
748
794
804
779
723
641
538
425
308
196
97
19
-33
-58
-52
-16
46
132
238
356
482
611
737
858
969
1069
1157
1233
1295
1345
1381
1402
1407
1394
1360
1304
1222
1113
976
811
622
410
181
-58
-301
-538
-763
-966
-1142
-1283
-1385
-1448
-1470
-1452
-1399
-1314
-1202
-1071
-925
-772
-617
-465
-322
-192
-79
16
91
144
177
189
182
159
122
74
20
-36
-90
-139
-179
-205
-215
-206
-177
-129
-61
23
122
230
343
454
558
648
719
766
787
781
747
686
604
503
390
270
147
29
-81
-180
-266
-338
-396
-442
-477
-503
-525
-544
-563
-584
-609
-637
-670
-707
-747
-788
-828
-867
-904
-935
-962
-982
-996
-1002
-1000
-989
-969
-938
-895
-838
-767
-680
-578
-460
-330
-188
-38
115
270
423
570
708
835
951
1055
1145
1221
1284
1333
1365
1382
1380
1359
1317
1255
1174
1075
962
838
710
581
459
349
256
184
135
111
112
135
177
235
302
372
439
496
537
555
547
510
440
339
207
49
-130
-327
-532
-739
-941
-1128
-1294
-1432
-1536
-1603
-1628
-1611
-1550
-1449
-1309
-1135
-933
-711
-476
-236
0
223
428
607
753
864
936
968
962
920
845
741
614
471
316
155
-5
-161
-309
-445
-567
-672
-761
-832
-884
-917
-930
-925
-899
-854
-788
-703
-599
-477
-341
-191
-32
132
298
462
620
768
902
1020
1119
1198
1257
1295
1313
1312
1294
1260
1214
1155
1085
1005
915
817
709
592
467
335
198
59
-79
-212
-337
-449
-544
-621
-676
-709
-720
-711
-684
-641
-587
-522
-452
-378
-302
-226
-152
-80
-10
56
120
183
243
300
354
404
446
480
502
508
498
467
417
346
256
151
35
-86
-207
-321
-422
-504
-563
-597
-606
-590
-552
-496
-426
-349
-268
-190
-118
-55
-5
30
51
58
52
34
6
-28
-67
-108
-148
-183
-211
-231
-240
-239
-226
-203
-169
-129
-83
-34
15
61
103
139
167
186
197
200
197
190
178
166
153
140
130
121
114
108
102
95
87
75
60
41
17
-10
-41
-74
-108
-141
-169
-192
-206
-210
-201
-178
-141
-88
-20
59
152
253
360
469
576
678
769
846
905
942
953
936
889
811
703
567
405
222
24
-180
-386
-584
-766
-926
-1057
-1154
-1216
-1241
-1231
-1189
-1120
-1032
-930
-825
-724
-635
-565
-517
-496
-501
-531
-580
-645
-716
-785
-843
-883
-897
-879
-826
-735
-607
-444
-250
-32
203
450
701
947
1182
1399
1594
1761
1897
1999
2065
2095
2087
2041
1959
1841
1691
1510
1302
1073
826
567
303
39
-217
-461
-687
-891
-1068
-1216
-1332
-1418
-1474
-1501
-1505
-1487
-1452
-1404
-1346
-1282
-1212
-1139
-1063
-984
-902
-817
-729
-640
-550
-461
-375
-293
-217
-147
-83
-24
30
84
138
196
259
327
401
481
563
644
722
792
849
891
913
915
895
854
796
722
639
550
461
377
302
240
192
159
141
136
139
149
161
171
177
175
165
145
116
78
32
-18
-73
-130
-189
-246
-303
-359
-413
-467
-519
-570
-620
-667
-712
-752
-785
-809
-824
-828
-820
-801
-770
-730
-683
-631
-576
-523
-471
-424
-382
-346
-316
-290
-267
-246
-225
-203
-177
-149
-117
-82
-45
-8
27
58
84
102
112
113
107
97
85
75
70
74
90
120
166
226
300
384
475
570
664
752
832
900
953
989
1007
1005
984
944
885
809
716
610
492
366
236
105
-21
-138
-242
-327
-389
-424
-428
-400
-338
-242
-114
43
225
425
635
846
1048
1231
1385
1502
1573
1593
1559
1471
1330
1141
911
648
364
68
-227
-513
-780
-1019
-1225
-1394
-1523
-1612
-1660
-1671
-1648
-1593
-1513
-1411
-1292
-1161
-1022
-878
-734
-591
-451
-317
-187
-64
52
163
268
366
456
538
611
674
725
762
786
794
788
767
733
686
630
568
503
439
379
329
291
267
261
272
301
346
406
478
558
645
733
818
899
970
1029
1073
1099
1104
1088
1048
984
896
783
648
491
316
125
-76
-285
-496
-704
-903
-1089
-1258
-1405
-1528
-1625
-1695
-1740
-1760
-1758
-1737
-1700
-1650
-1590
-1523
-1450
-1374
-1294
-1212
-1128
-1042
-954
-864
-772
-678
-582
-485
-389
-292
-197
-103
-12
76
162
247
332
418
508
604
707
820
942
1075
1217
1366
1519
1673
1822
1963
2089
2196
2278
2330
2348
2328
2268
2165
2019
1830
1600
1330
1025
690
331
-43
-426
-807
-1176
-1522
-1834
-2101
-2314
-2464
-2544
-2549
-2477
-2331
-2114
-1835
-1506
-1140
-756
-369
1
339
630
861
1023
1112
1124
1062
932
741
500
221
-81
-395
-705
-1002
-1273
-1510
-1709
-1866
-1980
-2054
-2091
-2094
-2070
-2023
-1956
-1872
-1772
-1656
-1525
-1376
-1208
-1023
-819
-600
-369
-130
108
342
564
766
942
1088
1201
1278
1321
1332
1315
1276
1219
1153
1084
1018
961
917
891
883
894
922
963
1013
1067
1118
1162
1192
1205
1196
1164
1109
1032
936
823
699
567
433
299
170
47
-66
-171
-268
-358
-442
-525
-607
-692
-781
-877
-980
-1089
-1204
-1321
-1436
-1545
-1643
-1724
-1783
-1816
-1819
-1789
-1725
-1627
-1495
-1332
-1141
-925
-689
-437
-174
95
366
635
897
1149
1387
1608
1808
1987
2142
2271
2373
2448
2495
2515
2506
2471
2409
2323
2214
2084
1935
1772
1596
1411
1221
1029
839
655
478
312
159
