186
192
195
194
190
183
173
161
147
132
115
99
81
64
47
30
14
0
-15
-29
-42
-55
-66
-77
-88
-98
-107
-115
-123
-130
-137
-143
-148
-152
-156
-160
-163
-165
-168
-169
-171
-172
-172
-173
-173
-173
-173
-172
-172
-171
-169
-167
-163
-159
-152
-144
-134
-123
-109
-94
-77
-59
-39
-19
1
23
45
66
86
106
123
137
149
157
161
162
159
152
142
129
115
99
84
69
57
47
40
37
37
40
47
56
66
78
90
101
110
119
124
128
128
126
121
113
102
89
73
56
37
17
-3
-24
-45
-66
-86
-105
-122
-137
-150
-161
-170
-175
-178
-179
-177
-174
-168
-162
-155
-147
-140
-133
-126
-119
-112
-106
-99
-92
-84
-76
-66
-55
-43
-31
-17
-2
11
26
40
52
64
73
79
83
84
82
78
72
64
54
44
34
23
13
3
-5
-13
-19
-25
-29
-32
-34
-34
-32
-29
-24
-18
-9
0
11
24
39
55
71
88
105
120
135
147
157
164
168
169
166
159
149
136
119
101
80
59
37
16
-3
-20
-35
-47
-56
-60
-62
-59
-54
-46
-36
-24
-11
1
15
28
40
51
61
70
77
83
87
89
91
91
90
87
83
78
71
63
53
41
28
14
0
-16
-32
-48
-64
-78
-91
-102
-111
-118
-121
-122
-121
-116
-109
-99
-86
-72
-57
-40
-23
-6
10
26
41
54
66
77
86
93
99
103
106
107
107
105
102
98
93
86
78
69
58
45
29
12
-7
-29
-54
-80
-106
-132
-157
-178
-196
-207
-212
-210
-199
-179
-152
-118
-77
-31
17
66
115
160
200
234
259
276
282
280
268
249
222
191
157
122
88
56
27
4
-14
-28
-36
-41
-43
-43
-41
-41
-41
-43
-49
-57
-67
-81
-97
-114
-133
-151
-169
-186
-200
-211
-219
-224
-225
-222
-215
-205
-190
-173
-153
-131
-106
-81
-55
-30
-6
16
36
53
67
78
85
90
92
91
89
85
81
77
72
68
64
60
56
52
47
42
37
30
22
12
0
-12
-28
-45
-63
-82
-101
-119
-135
-148
-158
-163
-164
-160
-151
-137
-119
-98
-74
-48
-22
3
27
49
67
82
92
99
102
102
101
98
95
92
91
91
93
95
99
103
106
109
109
107
103
96
86
75
63
52
41
33
29
29
35
46
62
85
111
142
175
208
241
272
298
319
333
339
337
326
307
280
247
207
163
116
67
18
-28
-73
-113
-150
-181
-206
-226
-241
-251
-258
-261
-263
-265
-266
-269
-274
-281
-290
-301
-314
-327
-340
-352
-361
-367
-369
-365
-356
-342
-323
-299
-273
-245
-218
-192
-169
-151
-138
-132
-133
-140
-152
-169
-189
-211
-232
-250
-264
-272
-272
-265
-248
-224
-192
-154
-112
-67
-21
22
63
101
134
162
185
205
222
237
251
266
283
303
325
350
378
408
439
471
502
531
557
579
596
607
612
611
602
586
564
535
500
459
414
364
312
257
201
144
88
34
-18
-68
-116
-159
-200
-237
-271
-301
-328
-352
-373
-391
-406
-418
-427
-432
-434
-433
-428
-420
-408
-392
-372
-348
-321
-290
-255
-217
-177
-134
-90
-46
-1
41
81
117
148
173
191
201
202
195
180
158
129
96
60
22
-14
-48
-79
-105
-124
-136
-142
-142
-136
-125
-110
-92
-72
-51
-29
-6
16
41
67
94
123
153
184
217
250
282
314
343
368
390
406
415
419
415
405
388
366
339
307
272
234
195
155
114
75
36
-1
-37
-72
-105
-137
-168
-199
-230
-260
-290
-319
-347
-374
-397
-416
-429
-436
-435
-424
-404
-372
-330
-277
-214
-142
-64
18
104
188
269
344
409
462
502
526
534
524
498
457
401
332
254
169
79
-10
-97
-179
-252
-314
-363
-398
-418
-423
-415
-394
-363
-323
-278
-229
-178
-127
-79
-34
5
40
68
90
106
116
121
121
116
108
97
84
70
54
38
22
6
-8
-24
-38
-53
-68
-82
-98
-115
-132
-152
-173
-196
-220
-245
-271
-297
-323
-347
-369
-388
-403
-414
-420
-420
-415
-402
-384
-359
-327
-289
-245
-196
-142
-85
-25
36
99
161
222
280
334
383
426
463
492
513
526
531
528
517
498
473
443
407
368
327
285
242
200
161
124
90
59
32
10
-8
-23
-35
-42
-47
-49
-48
-45
-41
-36
-30
-25
-21
-18
-17
-18
-22
-27
-34
-42
-50
-59
-67
-73
-78
-80
-79
-74
-67
-57
-45
-30
-15
0
15
27
37
44
46
44
37
26
10
-8
-29
-51
-73
-95
-113
-129
-140
-146
-146
-140
-129
-111
-89
-61
-30
4
41
78
116
153
187
218
245
267
283
293
296
292
281
263
239
208
172
132
88
41
-5
-53
-99
-142
-182
-218
-248
-272
-289
-299
-302
-299
-288
-271
-248
-218
-184
-144
-101
-55
-6
42
92
139
183
221
254
279
295
301
298
286
264
234
196
154
107
58
8
-38
-82
-121
-154
-179
-197
-207
-210
-206
-198
-187
-173
-159
-146
-135
-128
-124
-123
-126
-132
-140
-150
-160
-169
-177
-183
-185
-182
-176
-164
-148
-128
-103
-75
-44
-10
23
59
94
129
162
194
224
251
275
295
311
323
330
332
328
318
302
280
253
222
186
148
109
69
30
-5
-38
-66
-90
-107
-119
-125
-126
-123
-116
-108
-99
-90
-82
-76
-73
-72
-74
-78
-85
-94
-104
-115
-125
-134
-143
-149
-153
-154
-153
-149
-143
-134
-122
-109
-94
-77
-58
-39
-20
0
17
35
50
63
74
80
84
84
80
73
63
51
38
24
9
-3
-15
-26
-34
-40
-44
-45
-44
-41
-36
-30
-23
-15
-7
1
9
18
26
34
41
48
54
60
64
67
69
69
67
64
60
54
48
41
36
31
27
25
25
26
30
34
39
45
51
57
62
67
71
74
76
77
78
77
75
73
69
64
58
50
41
30
16
1
-15
-33
-53
-74
-95
-115
-133
-149
-163
-172
-178
-179
-174
-166
-152
-134
-113
-89
-63
-37
-10
14
38
59
78
94
106
115
121
124
125
123
120
114
108
102
94
87
80
74
68
62
57
51
46
39
32
24
14
3
-8
-21
-35
-49
-64
-78
-91
-103
-114
-123
-130
-134
-136
-136
-133
-128
-121
-113
-103
-93
-82
-71
-60
-50
-40
-30
-21
-13
-6
-1
2
4
4
1
-4
-13
-24
-37
-53
-70
-87
-105
-121
-136
-147
-154
-157
-156
-149
-137
-121
-101
-78
-52
-25
2
30
57
83
107
128
146
162
174
183
189
192
192
189
184
178
171
163
156
149
144
140
138
137
139
142
146
151
156
160
163
165
165
161
155
145
131
114
95
72
48
22
-3
-30
-56
-82
-106
-128
-149
-168
-185
-200
-213
-223
-231
-236
-239
-238
-234
-228
-218
-205
-191
-174
-157
-138
-120
-103
-86
-71
-58
-47
-38
-31
-26
-24
-24
-25
-29
-34
-40
-46
-53
-61
-68
-74
-79
-83
-85
-85
-84
-80
-74
-65
-55
-42
-28
-12
3
19
36
51
66
79
90
100
107
113
117
120
122
123
123
124
125
126
127
127
128
129
129
129
128
128
127
126
125
124
124
124
125
126
127
128
129
130
129
129
127
125
122
119
117
114
112
110
110
110
111
113
115
117
118
117
115
109
100
87
70
50
26
0
-27
-56
-85
-113
-139
-162
-183
-199
-212
-220
-224
-225
-222
-216
-207
-196
-183
-169
-153
-138
-123
-108
-94
-82
-72
-64
-58
-55
-53
-53
-54
-56
-58
-59
-59
-57
-54
-49
-41
-32
-21
-9
3
17
31
45
58
70
80
89
96
100
102
102
99
94
86
77
65
51
36
20
3
-13
-30
-46
-60
-73
-82
-88
-90
-89
-83
-72
-59
-42
-22
-1
20
41
61
79
94
105
112
115
113
108
98
86
71
54
36
18
1
-15
-29
-41
-51
-58
-63
-65
-65
-62
-59
-54
-48
-42
-36
-30
-26
-22
-20
-20
-21
-23
-26
-29
-31
-33
-34
-33
-30
-25
-18
-9
0
12
24
35
46
55
62
67
68
67
63
57
50
41
31
21
12
4
-3
-9
-14
-17
-20
-22
-22
-23
-23
-24
-25
-26
-28
-31
-36
-40
-46
-51
-57
-61
-65
-66
-66
-64
-59
-52
-43
-33
-20
-7
5
19
32
44
54
63
69
73
75
74
72
68
64
59
54
50
47
45
44
44
46
48
51
54
56
58
59
58
55
49
42
31
19
4
-12
-29
-47
-65
-82
-97
-109
-119
-125
-128
-127
-122
-115
-104
-91
-77
-62
-46
-32
-18
-6
3
10
15
18
18
16
12
7
0
-6
-15
-24
-33
-41
-49
-56
-61
-65
-66
-65
-60
-53
-44
-31
-17
-1
16
35
53
72
89
104
116
126
133
136
136
133
127
119
108
97
84
72
59
47
36
25
16
7
0
-7
-14
-19
-24
-28
-31
-33
-35
-35
-35
-35
-34
-33
-33
-33
-33
-34
-37
-40
-44
-50
-57
-65
-73
-82
-91
-99
-107
-112
-115
-115
-112
-107
-98
-87
-74
-59
-44
-28
-13
0
13
25
35
43
50
55
60
63
66
69
71
73
75
77
78
79
79
78
77
75
71
67
61
54
47
39
30
22
13
6
0
-4
-7
-7
-6
-3
2
8
15
22
29
35
40
43
44
42
38
31
21
10
-2
-16
-31
-45
-59
-72
-83
-92
-99
-103
-104
-103
-100
-94
-86
-76
-64
-51
-37
-23
-8
5
19
32
44
54
63
70
75
78
79
79
77
74
70
65
60
54
48
43
37
31
25
20
14
9
4
0
-3
-7
-10
-13
-15
-16
-16
-16
-14
-11
-8
-3
1
7
13
19
26
32
38
44
48
53
56
59
60
61
61
59
56
51
44
35
24
10
-5
-24
-44
-66
-89
-111
-133
-153
-171
-185
-196
-203
-206
-205
-199
-190
-178
-164
-148
-130
-112
-95
-78
-63
-49
-36
-25
-15
-6
1
9
17
25
32
41
49
58
66
75
82
90
96
102
106
110
112
113
114
113
112
110
108
107
105
103
101
100
99
97
95
93
90
86
81
75
69
62
54
47
40
33
27
23
19
17
17
17
17
18
19
18
17
14
8
1
-8
-20
-34
-49
-66
-82
-99
-116
-132
-148
-163
-177
-191
-204
-217
-229
-240
-248
-255
-258
-258
-253
-243
-228
-208
-182
-151
-115
-76
-35
8
51
92
132
168
199
225
246
261
271
276
276
272
264
254
241
225
209
190
171
151
131
110
89
68
46
25
4
-15
-34
-52
-68
-82
-94
-102
-108
-110
-109
-104
-97
-86
-73
-58
-42
-25
-8
8
23
37
49
58
66
71
74
74
73
71
67
62
56
50
44
38
32
26
