17
29
41
53
63
71
76
79
80
77
71
62
51
37
21
3
-15
-34
-53
-72
-90
-106
-121
-134
-146
-155
-162
-167
-169
-169
-167
-161
-153
-141
-128
-111
-93
-74
-54
-33
-14
3
19
33
44
53
60
64
67
68
68
67
65
62
59
54
48
41
33
24
15
4
-6
-16
-26
-35
-44
-50
-55
-58
-59
-58
-55
-49
-41
-32
-20
-7
6
21
35
48
59
68
74
77
77
73
66
56
43
28
11
-6
-25
-44
-62
-78
-92
-103
-111
-116
-117
-115
-110
-103
-93
-81
-68
-55
-41
-27
-15
-3
7
17
25
32
38
42
46
50
53
56
60
65
70
77
85
93
101
110
117
124
129
133
134
133
130
124
117
107
96
84
71
56
41
25
8
-8
-26
-43
-60
-76
-90
-102
-112
-119
-123
-124
-122
-118
-111
-102
-91
-79
-66
-53
-40
-27
-16
-5
4
12
18
23
27
29
30
30
29
28
27
27
27
28
29
30
32
33
34
34
31
26
19
9
-4
-21
-41
-63
-86
-110
-133
-154
-171
-183
-189
-187
-178
-160
-134
-100
-60
-14
33
83
133
179
221
257
285
305
315
317
310
295
273
245
212
176
137
98
60
22
-11
-43
-72
-96
-115
-131
-141
-147
-148
-145
-138
-128
-114
-98
-80
-62
-43
-25
-8
6
18
26
32
33
31
26
17
6
-6
-20
-35
-51
-65
-79
-92
-103
-112
-119
-124
-127
-128
-128
-126
-123
-119
-113
-106
-97
-88
-77
-65
-51
-36
-20
-3
13
32
51
69
88
105
120
134
145
153
157
158
156
150
141
129
115
100
84
68
53
39
27
17
10
5
4
5
8
14
21
28
35
42
46
49
48
45
40
31
21
9
-3
-16
-28
-38
-47
-53
-56
-57
-55
-50
-43
-35
-25
-15
-6
2
9
14
17
17
14
8
0
-11
-25
-40
-57
-73
-90
-105
-117
-127
-134
-136
-134
-128
-118
-104
-87
-68
-47
-25
-4
15
33
47
58
64
66
64
58
50
39
26
13
0
-12
-23
-33
-42
-50
-57
-63
-68
-73
-76
-79
-80
-80
-77
-73
-66
-56
-44
-29
-13
5
24
44
65
85
103
121
136
148
159
166
171
173
172
169
165
158
151
142
133
123
112
101
90
78
67
54
41
28
15
2
-10
-22
-34
-45
-55
-64
-72
-79
-85
-91
-95
-99
-103
-107
-110
-114
-117
-120
-122
-123
-124
-124
-122
-120
-116
-110
-104
-96
-87
-78
-68
-57
-46
-36
-26
-16
-7
0
7
14
21
28
34
40
46
51
55
59
61
62
60
58
53
47
40
33
25
17
11
5
2
0
1
4
10
18
29
41
55
69
83
95
106
114
119
120
117
111
101
89
74
57
39
22
5
-10
-24
-36
-45
-51
-55
-55
-53
-49
-43
-36
-28
-21
-14
-8
-3
0
2
4
4
4
3
2
2
2
2
2
3
5
7
10
12
15
17
19
20
21
22
21
21
20
19
17
16
15
15
15
15
16
18
20
23
27
30
34
38
40
42
42
41
38
33
26
17
7
-2
-14
-25
-35
-45
-52
-58
-62
-63
-61
-58
-52
-45
-37
-28
-19
-10
-3
3
7
9
9
8
4
-1
-8
-16
-25
-34
-44
-53
-62
-70
-78
-85
-92
-98
-104
-110
-116
-122
-127
-131
-134
-135
-134
-129
-122
-110
-95
-77
-57
-34
-11
11
34
55
73
88
100
108
112
114
112
108
102
94
86
77
69
62
56
52
50
49
51
53
57
62
67
72
76
79
81
81
80
76
70
61
51
39
26
12
-1
-15
-27
-38
-46
-52
-55
-56
-54
-50
-44
-36
-27
-18
-9
-1
5
10
14
15
14
11
5
-2
-11
-21
-33
-44
-55
-65
-74
-81
-86
-89
-88
-86
-80
-72
-62
-50
-36
-22
-7
6
19
31
41
48
53
55
54
50
43
33
21
6
-10
-29
-49
-70
-90
-110
-128
-144
-157
-167
-172
-174
-170
-161
-147
-128
-105
-76
-44
-9
27
65
102
137
169
196
218
234
244
247
245
237
224
207
188
167
144
122
100
79
60
42
27
13
1
-9
-18
-26
-34
-41
-47
-53
-58
-62
-65
-67
-67
-66
-64
-60
-54
-49
-42
-36
-29
-24
-18
-14
-10
-7
-4
-2
0
2
4
6
9
12
14
16
18
19
19
18
16
12
8
4
0
-4
-8
-12
-15
-16
-17
-16
-14
-12
-8
-4
0
5
10
14
18
22
24
26
27
27
26
25
23
21
19
18
16
15
14
13
12
10
8
6
2
0
-5
-11
-17
-23
-30
-38
-46
-54
-61
-69
-75
-81
-87
-91
-94
-96
-97
-97
-96
-93
-88
-82
-75
-67
-57
-47
-37
-26
-16
-6
2
10
16
22
26
29
31
32
32
32
31
30
29
28
28
28
28
28
28
27
25
22
17
11
4
-4
-15
-27
-39
-52
-64
-76
-87
-96
-102
-106
-107
-105
-99
-90
-77
-62
-44
-23
-1
22
46
70
95
118
140
159
176
190
200
206
207
204
197
185
168
148
125
98
69
39
7
-23
-54
-84
-111
-136
-158
-176
-191
-202
-209
-212
-211
-207
-199
-187
-173
-156
-136
-114
-90
-65
-40
-14
10
34
57
78
98
115
131
143
154
161
167
170
170
168
164
159
152
143
133
122
110
97
83
69
54
40
26
12
0
-12
-22
-30
-36
-40
-41
-39
-34
-26
-15
-2
13
31
51
72
95
117
140
161
180
196
209
217
221
221
216
206
192
174
153
129
103
76
47
19
-9
-37
-64
-89
-113
-135
-154
-171
-186
-198
-207
-214
-218
-219
-218
-214
-208
-200
-191
-180
-168
-156
-144
-132
-121
-111
-101
-92
-83
-75
-68
-61
-55
-50
-45
-42
-40
-39
-40
-42
-46
-52
-59
-67
-77
-86
-96
-105
-112
-118
-122
-123
-121
-116
-108
-98
-85
-71
-55
-38
-20
-3
14
30
45
59
73
85
97
108
120
132
145
159
175
191
209
227
245
262
277
290
299
305
305
301
291
275
255
229
199
165
127
87
46
4
-36
-75
-112
-146
-176
-202
-224
-242
-255
-264
-269
-272
-271
-267
-262
-255
-246
-237
-227
-216
-205
-194
-182
-171
-159
-148
-137
-126
-115
-104
-93
-81
-70
-58
-46
-34
-22
-10
1
13
24
35
45
55
65
74
83
92
100
107
114
119
123
125
126
125
123
119
114
108
100
92
84
75
65
56
48
40
34
29
25
24
25
28
32
38
45
53
61
68
75
80
85
88
90
91
91
90
88
85
83
80
77
75
73
72
71
71
71
72
73
73
73
72
69
66
61
55
47
39
30
22
13
4
-2
-9
-15
-20
-23
-24
-24
-23
-20
-15
-10
-4
1
7
13
18
21
24
25
26
25
23
21
18
16
12
9
6
3
0
-3
-7
-11
-16
-22
-29
-37
-45
-54
-63
-73
-82
-91
-101
-109
-118
-126
-134
-140
-146
-150
-153
-154
-152
-147
-140
-131
-119
-105
-89
-72
-55
-37
-21
-5
7
19
28
34
39
41
42
42
41
39
38
38
38
40
42
45
48
52
55
57
58
58
56
52
47
39
31
21
11
1
-9
-18
-27
-36
-43
-48
-53
-56
-59
-60
-61
-62
-62
-62
-62
-63
-63
-64
-64
-65
-64
-63
-61
-57
-53
-46
-38
-28
-17
-4
8
21
34
46
57
66
73
77
78
77
74
69
63
55
47
39
32
26
22
19
18
20
23
28
34
41
49
55
61
65
67
66
63
57
49
38
25
11
-3
-18
-34
-49
-62
-75
-86
-95
-102
-108
-112
-115
-116
-116
-115
-113
-110
-107
-103
-98
-92
-85
-77
-69
-60
-51
-41
-30
-19
-7
4
17
30
43
56
69
81
91
100
107
112
114
114
111
107
101
93
85
77
69
61
54
48
43
38
34
31
28
25
22
18
15
11
7
3
0
-3
-5
-7
-7
-7
-5
-2
1
5
10
15
20
26
31
36
41
46
50
53
55
56
56
53
48
42
32
21
7
-7
-24
-41
-59
-77
-94
-109
-122
-134
-142
-148
-151
-151
-148
-143
-136
-127
-117
-106
-94
-81
-67
-52
-37
-21
-5
10
27
44
59
74
87
97
105
109
110
107
100
89
76
59
41
22
3
-14
-29
-41
-49
-52
-51
-45
-34
-19
-1
18
40
61
81
99
114
125
132
134
132
126
115
101
83
64
42
20
0
-21
-41
-58
-71
-81
-88
-90
-88
-83
-75
-65
-53
-41
-29
-17
-8
0
5
8
9
8
5
1
-4
-9
-15
-20
-24
-26
-27
-26
-23
-19
-14
-8
-1
4
10
15
19
21
21
20
17
14
9
3
-2
-8
-14
-19
-25
-30
-34
-37
-40
-42
-43
-43
-43
-42
-40
-38
-36
-33
-30
-28
-25
-22
-20
-17
-14
-11
-8
-5
-2
0
2
4
5
5
4
3
0
-2
-6
-10
-14
-18
-20
-21
-21
-20
-16
-11
-3
5
16
29
43
58
75
91
108
124
138
151
162
170
175
176
175
169
161
150
137
121
104
86
68
49
31
13
-2
-17
-30
-42
-53
-63
-73
-81
-90
-98
-107
-115
-124
-131
-138
-144
-149
-152
-154
-153
-150
-146
-139
-131
-122
-111
-100
-87
-75
-63
-51
-40
-30
-21
-14
-8
-4
-1
0
0
0
-1
-2
-2
-3
-2
-2
0
2
5
9
13
18
22
27
32
36
41
45
49
53
56
60
63
67
70
73
75
78
80
81
82
83
83
82
81
80
77
73
68
62
54
46
36
26
16
5
-5
-15
-25
-34
-42
-49
-54
-58
-60
-60
-57
-53
-46
-38
-28
-17
-5
6
19
30
40
49
55
60
61
60
57
51
42
31
18
4
-11
-27
-43
-59
-75
-89
-102
-113
-122
-128
-132
-133
-132
-127
-120
-110
-98
-84
-69
-54
-38
-23
-10
1
11
19
25
28
30
31
30
28
25
22
19
17
16
17
19
22
28
35
43
53
64
75
86
97
106
113
117
119
118
114
107
97
85
72
57
41
26
12
0
-9
-17
-22
-25
-24
-21
-16
-8
0
9
20
29
38
45
49
52
51
48
43
35
26
16
5
-4
-14
-22
-29
-34
-37
-38
-38
-36
-33
-29
-25
-20
-16
-13
-12
-12
-14
-19
-27
-37
-51
-68
-87
-108
-130
-153
-174
-194
-211
-224
-231
-232
-226
-213
-191
-161
-124
-81
-32
19
73
127
179
227
269
305
333
353
364
367
361
348
329
304
275
243
210
176
142
109
79
51
26
3
-15
-33
-48
-62
-74
-86
-97
-109
-120
-132
-144
-156
-167
-177
-186
-193
-198
-200
-200
-198
-193
