40
18
-1
-17
-31
-42
-50
-57
-62
-66
-71
-75
-81
-87
-95
-103
-113
-122
-131
-139
-145
-149
-150
-147
-142
-133
-122
-109
-95
-79
-63
-48
-34
-21
-11
-3
2
6
8
7
5
2
-2
-6
-11
-15
-19
-21
-22
-22
-20
-17
-13
-8
-1
5
12
20
28
36
44
52
59
66
71
76
80
83
84
85
85
84
82
80
78
75
73
71
69
67
65
63
61
59
56
53
49
44
38
31
23
14
5
-2
-11
-18
-25
-30
-34
-36
-35
-33
-30
-24
-18
-11
-3
4
11
17
23
28
31
34
36
38
39
40
41
43
44
45
46
47
47
47
46
45
43
41
38
34
30
25
20
15
9
4
-1
-6
-11
-16
-20
-24
-27
-30
-32
-33
-33
-32
-30
-27
-23
-17
-10
-3
4
12
19
26
31
36
39
40
41
40
38
35
33
29
26
23
19
16
12
8
3
-2
-9
-18
-28
-40
-54
-68
-84
-100
-116
-131
-144
-156
-165
-171
-174
-175
-173
-167
-160
-151
-139
-127
-114
-101
-87
-75
-63
-52
-43
-35
-28
-24
-20
-18
-17
-17
-18
-19
-21
-23
-24
-26
-28
-29
-31
-32
-32
-33
-33
-33
-33
-34
-34
-35
-36
-37
-39
-40
-42
-43
-44
-45
-44
-42
-39
-35
-30
-24
-17
-9
-1
7
15
23
30
38
45
53
61
70
80
91
104
117
131
145
158
171
182
191
197
201
201
198
192
183
170
155
137
118
98
78
58
39
21
4
-9
-22
-33
-42
-49
-54
-58
-60
-61
-60
-59
-57
-55
-53
-52
-51
-52
-54
-57
-62
-66
-72
-77
-82
-86
-90
-93
-95
-97
-97
-98
-97
-96
-95
-93
-90
-87
-83
-79
-74
-68
-62
-55
-48
-40
-32
-24
-15
-6
2
11
20
28
37
45
52
59
65
70
74
77
78
78
77
75
71
66
62
57
52
49
46
45
46
49
53
58
65
73
81
89
96
103
109
114
117
119
120
120
120
119
118
118
117
117
116
115
114
112
109
106
101
95
89
82
75
69
63
57
52
48
45
43
42
41
40
39
37
35
31
26
19
11
2
-7
-18
-30
-41
-52
-62
-71
-79
-85
-90
-93
-95
-96
-95
-93
-90
-86
-81
-74
-66
-56
-45
-32
-18
-3
11
25
39
50
59
65
67
65
58
48
35
18
0
-20
-41
-62
-83
-102
-119
-134
-146
-156
-163
-167
-169
-168
-165
-160
-153
-144
-134
-122
-110
-96
-81
-66
-50
-34
-18
-3
10
22
32
40
46
50
51
49
46
41
35
28
20
12
3
-5
-15
-24
-34
-43
-52
-60
-67
-73
-77
-80
-80
-79
-76
-71
-64
-56
-47
-37
-26
-13
0
13
28
44
61
78
96
114
131
148
164
179
192
203
212
218
221
221
217
210
200
186
169
149
128
105
81
58
34
11
-9
-29
-47
-63
-78
-91
-103
-114
-124
-134
-144
-154
-164
-175
-185
-196
-206
-214
-221
-226
-229
-228
-225
-218
-209
-196
-182
-166
-149
-132
-115
-100
-87
-76
-67
-61
-57
-56
-56
-58
-62
-66
-71
-75
-80
-85
-89
-93
-95
-97
-98
-99
-98
-96
-94
-91
-87
-82
-76
-68
-59
-49
-36
-21
-5
13
34
57
82
108
135
164
193
222
251
278
305
330
352
371
387
397
403
402
396
382
362
335
302
263
219
171
120
68
17
-33
-80
-122
-160
-191
-215
-232
-242
-245
-242
-233
-218
-199
-177
-151
-125
-97
-70
-44
-20
0
17
30
40
45
47
46
42
35
28
19
10
1
-6
-12
-17
-21
-22
-21
-19
-16
-11
-6
0
5
10
16
20
24
28
31
34
37
40
42
44
47
49
52
54
56
58
60
62
63
64
64
63
62
59
56
51
47
41
35
29
24
18
13
8
4
0
-1
-3
-5
-5
-5
-4
-2
0
2
5
9
13
16
19
21
22
21
20
17
12
7
1
-4
-11
-18
-25
-31
-37
-42
-47
-51
-54
-56
-57
-56
-53
-49
-44
-37
-30
-22
-13
-5
1
8
13
17
20
20
19
17
13
9
4
-1
-7
-12
-16
-19
-21
-21
-19
-15
-9
-1
8
19
30
42
53
63
72
78
81
81
78
72
63
51
37
21
5
-10
-25
-39
-51
-60
-67
-70
-70
-68
-63
-57
-50
-43
-35
-29
-24
-21
-20
-22
-25
-30
-38
-46
-55
-65
-75
-83
-90
-96
-99
-101
-99
-96
-91
-83
-75
-66
-57
-48
-40
-33
-27
-23
-22
-21
-23
-25
-28
-32
-34
-36
-36
-34
-29
-22
-13
-2
10
25
40
56
72
87
100
112
122
128
132
133
131
125
118
107
96
83
69
56
43
31
20
11
4
-1
-5
-7
-7
-6
-4
-1
2
6
11
15
19
22
24
25
25
24
22
19
15
10
4
-1
-7
-14
-20
-26
-32
-37
-41
-45
-47
-49
-51
-53
-55
-57
-60
-65
-71
-78
-87
-97
-107
-118
-127
-136
-143
-147
-148
-145
-139
-128
-112
-93
-70
-43
-14
15
45
75
104
130
153
173
189
201
209
213
213
210
205
197
188
177
165
154
142
130
120
109
100
91
83
75
68
61
54
47
40
34
27
21
14
7
0
-7
-16
-25
-34
-44
-55
-66
-78
-90
-102
-115
-127
-139
-151
-161
-171
-179
-185
-189
-191
-191
-188
-182
-175
-165
-153
-139
-125
-109
-92
-76
-60
-46
-33
-22
-13
-6
-3
-2
-3
-7
-12
-19
-26
-34
-42
-50
-57
-63
-68
-72
-75
-75
-75
-72
-67
-61
-52
-40
-26
-10
7
27
48
70
92
115
136
155
173
187
199
207
212
214
212
207
200
190
179
167
154
141
129
116
105
95
85
77
69
62
55
48
41
35
28
21
13
6
-1
-9
-17
-26
-35
-45
-55
-67
-78
-91
-103
-115
-127
-137
-146
-153
-159
-162
-162
-160
-156
-149
-139
-128
-115
-100
-85
-68
-52
-37
-23
-10
0
9
16
20
22
23
21
19
15
11
7
3
0
-3
-5
-6
-7
-6
-4
-2
0
3
6
8
10
10
10
9
8
6
4
3
2
3
5
8
13
19
26
35
44
53
62
70
77
83
88
90
91
91
89
85
82
77
73
69
65
62
60
59
60
61
64
68
72
77
81
85
87
88
87
83
77
69
57
44
28
11
-5
-23
-40
-56
-70
-81
-90
-95
-97
-97
-94
-89
-82
-75
-69
-62
-57
-54
-52
-51
-52
-53
-55
-58
-59
-60
-60
-58
-54
-48
-40
-31
-20
-8
5
18
32
45
57
68
78
86
92
96
98
98
96
92
86
78
68
57
44
31
18
4
-8
-20
-31
-41
-48
-53
-56
-57
-55
-51
-45
-38
-30
-21
-13
-5
2
8
13
17
19
21
22
22
22
21
21
20
19
18
17
16
14
11
7
2
-3
-11
-19
-29
-38
-47
-56
-63
-69
-72
-73
-72
-68
-63
-57
-49
-41
-33
-26
-20
-15
-11
-9
-8
-9
-11
-15
-19
-24
-30
-35
-40
-45
-48
-51
-53
-53
-52
-51
-48
-46
-43
-39
-36
-33
-30
-27
-24
-21
-18
-15
-13
-12
-11
-12
-14
-17
-22
-28
-35
-43
-51
-58
-64
-68
-70
-68
-63
-54
-41
-25
-6
15
37
60
82
103
121
135
146
153
155
154
149
141
131
120
107
95
83
71
61
53
46
41
37
35
34
34
34
35
36
36
37
37
36
36
34
32
30
27
24
20
16
12
7
2
-3
-9
-15
-22
-30
-37
-45
-53
-61
-68
-75
-80
-85
-88
-90
-91
-91
-90
-88
-86
-84
-83
-81
-81
-81
-81
-81
-82
-82
-81
-80
-78
-74
-70
-64
-57
-48
-37
-25
-11
3
20
38
57
78
99
120
141
161
181
198
214
226
235
240
241
237
229
217
201
181
159
133
106
78
50
21
-5
-31
-55
-76
-94
-108
-120
-128
-133
-134
-133
-129
-123
-115
-105
-93
-81
-67
-54
-40
-27
-15
-4
4
11
17
20
21
20
17
13
6
-1
-11
-22
-33
-45
-58
-69
-81
-91
-99
-106
-110
-113
-113
-112
-109
-104
-97
-89
-79
-68
-56
-43
-28
-12
3
19
34
49
62
73
82
89
93
95
95
92
89
85
81
77
74
72
72
73
74
76
78
80
80
78
74
67
57
43
26
7
-15
-40
-66
-93
-121
-147
-172
-195
-214
-229
-240
-246
-248
-245
-238
-227
-215
-200
-185
-171
-157
-144
-133
-124
-116
-110
-104
-98
-92
-85
-75
-63
-47
-28
-6
19
47
76
105
134
161
186
207
224
236
245
249
250
248
243
237
229
220
211
202
193
185
177
168
160
152
144
135
125
114
103
92
79
67
54
41
29
16
5
-5
-14
-23
-31
-38
-45
-51
-57
-62
-67
-71
-76
-80
-84
-87
-90
-92
-94
-94
-94
-92
-89
-85
-79
-73
-64
-55
-45
-35
-23
-12
-1
8
18
26
33
37
40
41
40
38
34
29
24
18
13
8
4
0
-1
-2
-2
-2
0
1
4
7
10
13
16
18
20
22
23
24
25
27
30
33
37
43
51
59
69
81
93
105
117
129
140
148
155
158
158
155
148
137
122
104
83
59
33
5
-23
-52
-81
-109
-134
-157
-177
-193
-205
-212
-215
-214
-209
-201
-190
-178
-164
-149
-135
-120
-106
-93
-82
-71
-61
-53
-45
-38
-32
-26
-21
-15
-9
-3
3
10
17
23
29
34
38
40
41
39
36
30
22
11
0
-14
-29
-44
-59
-73
-86
-96
-104
-108
-108
-104
-97
-86
-72
-55
-36
-15
5
26
46
64
80
94
105
112
116
115
111
103
91
76
58
37
15
-8
-32
-56
-78
-99
-117
-132
-142
-149
-152
-150
-144
-134
-121
-105
-88
-69
-49
-30
-11
5
21
36
48
59
68
75
80
84
86
87
87
86
84
82
80
77
73
69
65
60
54
48
41
34
26
17
8
0
-10
-20
-29
-38
-45
-52
-56
-60
-61
-61
-59
-55
-50
-44
-37
-29
-20
-11
-2
6
14
23
30
36
41
44
47
48
48
47
46
44
43
43
43
44
47
50
55
62
69
77
86
96
105
114
123
130
136
140
141
139
135
128
118
106
92
77
62
46
30
15
2
-8
-17
-23
-27
-28
-26
-22
-16
-7
1
11
21
31
40
48
53
57
59
60
58
54
50
43
36
28
19
9
0
-11
-23
-36
-48
-62
-76
-90
-103
-116
-129
-140
-148
-155
-158
-159
-155
-148
-137
-122
-104
-82
-59
-33
-7
19
44
68
89
107
121
131
136
137
134
127
116
103
88
71
53
35
17
0
-18
-34
-49
-63
-76
-87
-97
-105
-112
-117
-120
-121
-121
-119
-115
-110
-104
