815
1068
1292
1481
1629
1734
1794
1809
1783
1719
1624
1505
1367
1218
1066
917
775
645
530
430
346
276
217
166
119
71
19
-38
-107
-187
-278
-379
-488
-604
-722
-841
-957
-1066
-1168
-1260
-1342
-1414
-1474
-1524
-1563
-1593
-1612
-1621
-1619
-1606
-1581
-1544
-1493
-1430
-1353
-1265
-1166
-1059
-945
-827
-709
-591
-478
-369
-266
-170
-78
10
99
191
289
397
516
647
793
950
1118
1292
1468
1641
1803
1951
2076
2174
2241
2272
2267
2224
2144
2030
1885
1714
1523
1317
1102
885
671
464
268
87
-76
-221
-348
-455
-543
-612
-663
-698
-719
-726
-723
-711
-692
-669
-644
-620
-596
-575
-559
-547
-540
-538
-543
-554
-571
-594
-623
-658
-698
-742
-789
-835
-881
-921
-955
-979
-991
-989
-970
-935
-882
-813
-730
-636
-534
-428
-323
-224
-135
-58
2
48
80
99
111
120
132
152
186
238
311
405
520
654
802
959
1118
1273
1417
1542
1645
1718
1759
1765
1733
1662
1554
1410
1232
1022
785
525
246
-44
-343
-643
-938
-1223
-1492
-1739
-1959
-2148
-2302
-2419
-2496
-2531
-2523
-2474
-2383
-2252
-2083
-1879
-1643
-1380
-1095
-793
-482
-169
137
431
702
944
1148
1310
1426
1495
1517
1497
1441
1359
1261
1161
1070
1003
968
975
1028
1129
1275
1459
1671
1899
2130
2348
2541
2694
2799
2847
2836
2764
2632
2446
2214
1942
1642
1323
995
670
354
57
-216
-461
-676
-860
-1014
-1141
-1243
-1327
-1396
-1458
-1516
-1575
-1641
-1715
-1801
-1900
-2012
-2138
-2276
-2424
-2580
-2742
-2906
-3069
-3229
-3381
-3523
-3653
-3766
-3862
-3936
-3986
-4009
-4002
-3959
-3878
-3753
-3581
-3357
-3079
-2745
-2357
-1917
-1430
-905
-350
221
798
1366
1911
2419
2879
3278
3610
3867
4046
4147
4171
4126
4019
3860
3662
3438
3202
2966
2742
2539
2364
2223
2115
2040
1994
1971
1964
1965
1965
1956
1929
1878
1797
1682
1531
1343
1120
865
584
282
-30
-347
-658
-954
-1225
-1464
-1663
-1817
-1922
-1977
-1981
-1937
-1847
-1718
-1556
-1369
-1166
-954
-744
-542
-356
-193
-56
49
124
167
180
165
127
71
0
-76
-157
-234
-304
-363
-408
-437
-451
-450
-436
-410
-377
-339
-300
-261
-225
-194
-168
-147
-129
-114
-100
-83
-62
-33
2
48
104
169
243
324
407
492
572
645
707
754
783
793
784
756
714
660
600
540
486
444
418
411
425
460
513
580
654
729
797
852
885
892
868
812
723
605
460
294
114
-72
-259
-440
-609
-762
-894
-1005
-1091
-1152
-1189
-1201
-1189
-1154
-1097
-1019
-922
-809
-684
-549
-409
-270
-135
-9
102
197
273
327
360
373
365
340
300
246
182
108
26
-62
-156
-254
-355
-457
-556
-650
-734
-803
-854
-882
-884
-857
-800
-715
-603
-469
-318
-157
6
165
310
435
532
597
625
615
568
487
376
243
96
-56
-203
-337
-449
-533
-584
-600
-581
-531
-454
-357
-246
-131
-18
84
170
234
272
282
263
216
144
50
-61
-184
-314
-445
-571
-688
-791
-878
-945
-991
-1016
-1019
-1000
-962
-906
-832
-745
-646
-537
-421
-301
-178
-54
68
189
307
420
529
632
728
816
895
963
1019
1060
1084
1090
1076
1042
987
912
817
703
575
434
284
130
-23
-173
-312
-436
-540
-619
-671
-692
-680
-635
-559
-453
-322
-170
-3
171
348
519
677
816
932
1020
1078
1104
1100
1068
1009
930
834
728
616
505
399
301
216
144
86
43
13
-6
-16
-22
-25
-27
-32
-40
-53
-71
-93
-119
-148
-177
-206
-233
-256
-274
-287
-293
-293
-285
-270
-246
-215
-175
-127
-70
-4
69
149
236
325
415
502
582
652
708
746
764
760
734
685
616
531
433
327
221
119
29
-44
-96
-124
-126
-101
-52
18
107
208
316
423
525
617
693
750
786
800
791
759
707
637
552
454
346
232
115
-3
-121
-236
-346
-450
-545
-631
-706
-770
-822
-860
-886
-898
-898
-886
-864
-832
-794
-750
-703
-654
-605
-558
-514
-474
-440
-411
-390
-376
-369
-371
-381
-399
-423
-453
-488
-524
-559
-591
-616
-632
-636
-625
-599
-556
-498
-426
-343
-253
-160
-70
13
86
146
189
215
224
219
203
179
153
128
109
99
100
115
142
179
224
273
321
364
398
419
424
412
383
335
272
196
110
17
-77
-170
-257
-335
-399
-449
-482
-497
-496
-477
-445
-401
-347
-289
-228
-169
-115
-68
-30
-4
10
13
4
-14
-43
-80
-122
-168
-215
-261
-304
-342
-372
-393
-403
-403
-391
-369
-336
-296
-249
-199
-147
-98
-52
-14
14
31
35
25
0
-38
-89
-150
-217
-286
-352
-409
-454
-482
-489
-474
-436
-377
-300
-208
-106
0
106
207
297
373
432
470
487
482
456
410
348
273
190
104
21
-53
-114
-158
-181
-182
-162
-121
-65
2
76
149
217
275
320
350
366
369
363
351
339
332
334
349
379
426
489
565
653
746
840
928
1005
1064
1102
1113
1097
1052
979
882
762
626
478
324
169
19
-123
-253
-370
-471
-556
-625
-681
-724
-758
-785
-808
-830
-853
-878
-907
-940
-974
-1010
-1043
-1071
-1090
-1097
-1088
-1061
-1014
-946
-855
-744
-614
-466
-305
-133
44
227
409
589
764
933
1094
1247
1391
1527
1655
1772
1881
1978
2062
2132
2185
2219
2230
2217
2178
2113
2021
1904
1764
1603
1425
1235
1036
833
631
435
248
75
-81
-218
-334
-427
-498
-549
-581
-598
-604
-605
-607
-614
-633
-668
-722
-798
-895
-1012
-1144
-1286
-1431
-1571
-1697
-1801
-1877
-1919
-1922
-1885
-1808
-1695
-1549
-1378
-1187
-986
-782
-583
-396
-228
-82
36
128
192
229
244
239
219
192
162
137
121
121
139
178
239
320
419
531
650
768
878
972
1042
1081
1083
1046
966
844
684
489
265
20
-238
-501
-761
-1008
-1236
-1438
-1608
-1740
-1832
-1881
-1885
-1846
-1764
-1643
-1487
-1302
-1092
-866
-630
-390
-154
72
286
482
657
810
940
1047
1131
1193
1235
1259
1266
1258
1237
1205
1163
1114
1059
1000
938
874
810
746
683
621
560
502
445
392
342
296
257
223
197
178
168
165
171
184
203
229
260
294
331
369
406
441
473
501
522
537
545
545
536
517
488
447
394
325
241
139
19
-119
-275
-446
-629
-820
-1014
-1203
-1383
-1547
-1688
-1801
-1883
-1930
-1939
-1912
-1847
-1748
-1617
-1460
-1280
-1084
-880
-673
-472
-284
-117
20
123
186
205
176
100
-21
-185
-385
-614
-862
-1118
-1370
-1607
-1816
-1987
-2109
-2175
-2179
-2119
-1995
-1810
-1569
-1281
-953
-597
-223
159
541
913
1270
1605
1914
2195
2446
2664
2850
3001
3117
3198
3241
3246
3213
3142
3034
2891
2716
2513
2287
2044
1788
1525
1261
1001
747
504
275
60
-138
-320
-484
-629
-756
-863
-950
-1017
-1064
-1092
-1100
-1091
-1068
-1031
-985
-932
-877
-821
-768
-721
-681
-649
-625
-611
-606
-609
-620
-637
-659
-685
-714
-745
-776
-808
-838
-864
-886
-901
-906
-900
-880
-844
-792
-722
-635
-532
-416
-290
-156
-21
111
236
351
450
532
596
640
665
675
670
655
633
608
582
557
537
521
510
504
503
504
506
507
507
504
497
486
472
454
434
413
390
366
341
313
280
242
194
136
66
-17
-114
-222
-340
-462
-584
-702
-811
-905
-981
-1035
-1066
-1072
-1054
-1011
-946
-861
-757
-638
-506
-364
-213
-55
108
275
445
618
793
968
1142
1314
1480
1639
1785
1917
2028
2116
2176
2206
2204
2170
2103
2005
1879
1727
1554
1363
1159
946
728
509
293
83
-116
-303
-476
-631
-769
-888
-990
-1077
-1150
-1214
-1272
-1328
-1385
-1446
-1516
-1594
-1682
-1780
-1885
-1996
-2109
-2219
-2321
-2409
-2479
-2524
-2539
-2522
-2467
-2372
-2237
-2062
-1849
-1600
-1319
-1014
-689
-354
-16
316
636
935
1206
1444
1646
1808
1930
2012
2058
2069
2050
2005
1940
1860
1768
1670
1569
1468
1368
1269
1172
1074
974
868
755
631
497
350
192
24
-149
-324
-496
-659
-806
-932
-1033
-1105
-1146
-1155
-1131
-1078
-998
-894
-769
-628
-474
-311
-142
30
203
373
539
696
841
970
1080
1167
1227
1257
1256
1223
1159
1067
951
817
671
520
372
232
107
1
-83
-145
-186
-208
-214
-208
-195
-181
-168
-162
-165
-180
-209
-252
-309
-379
-461
-553
-654
-761
-871
-982
-1092
-1199
-1299
-1390
-1470
-1535
-1584
-1614
-1625
-1614
-1582
-1528
-1454
-1361
-1251
-1127
-993
-850
-701
-551
-400
-250
-104
38
176
309
436
558
673
783
886
981
1069
1150
1222
1286
1342
1390
1429
1460
1481
1494
1496
1489
1472
1444
1404
1353
1291
1216
1131
1035
930
818
699
578
455
334
217
107
5
-84
-163
-227
-276
-310
-328
-332
-322
-300
-270
-235
-197
-162
-132
-113
-105
-113
-136
-175
-230
-297
-375
-460
-547
-633
-714
-786
-845
-890
-920
-932
-929
-912
-883
-846
-803
-758
-716
-679
-650
-632
-626
-633
-651
-679
-715
-756
-799
-840
-878
-907
-927
-935
-929
-907
-870
-816
-746
-659
-557
-440
-309
-167
-14
147
314
486
659
831
997
1156
1303
1434
1546
1633
1691
1717
1707
1659
1570
1441
1274
1070
836
577
301
19
-261
-529
-776
-993
-1173
-1312
-1406
-1453
-1453
-1410
-1327
-1207
-1058
-886
-696
-497
-294
-94
95
271
428
563
672
756
813
846
857
850
829
799
765
733
707
690
685
693
714
746
786
830
874
913
942
957
954
932
889
825
745
649
542
430
318
209
109
21
-52
-109
-149
-172
-181
-176
-160
-136
-106
-72
-38
-5
23
46
62
68
63
45
15
-29
-87
-159
-243
-337
-440
-549
-660
-771
-877
-977
-1066
-1141
-1201
-1242
-1263
-1263
-1240
-1195
-1127
-1036
-925
-794
-646
-483
-308
-126
59
245
425
596
753
892
1008
1101
1167
1206
1217
1204
1167
1110
1037
953
862
768
675
586
503
429
363
308
262
225
196
174
158
147
138
132
125
116
102
82
53
13
-37
-102
-179
-269
-370
-479
-594
-709
-822
-928
-1023
-1103
-1164
-1206
-1226
-1223
-1197
-1150
-1084
-999
-898
-784
-660
-527
-390
-249
-108
30
167
300
427
549
663
770
869
959
1038
1106
1160
1198
1219
1221
1204
1167
1112
1041
956
862
762
661
564
473
393
325
271
230
201
181
168
157
145
127
99
59
4
-66
-153
-253
-365
-485
-608
-730
-845
-949
-1037
-1108
-1159
-1188
-1198
-1190
-1166
-1132
-1091
-1049
-1011
-982
-968
-972
-998
-1047
-1120
-1218
-1337
-1473
-1622
-1776
-1928
-2069
-2191
-2283
-2340
-2352
-2315
-2226
-2082
-1886
-1639
-1349
-1022
-669
-300
73
442
795
1125
1424
1688
1915
2103
2254
2372
2459
2520
2560
2584
2596
2599
2596
2589
2578
2563
2543
2516
2481
2436
2380
2311
2229
2133
2026
1907
1778
1641
1496
1347
1192
1034
872
706
536
360
179
-9
-207
-413
-627
-850
-1079
-1313
-1549
-1784
-2012
-2230
-2432
-2615
-2772
-2901
-2999
-3063
-3094
-3093
-3061
-3004
-2925
-2831
-2726
-2616
-2504
-2394
-2287
-2181
-2075
-1963
-1839
-1699
-1535
-1341
-1114
-852
-555
-224
133
513
905
1301
1691
2064
2412
2725
2997
3220
3390
3503
3557
3553
3491
3374
3206
2992
2737
2448
2134
1801
1457
1112
774
450
148
-125
-367
-573
-742
-873
-968
-1030
-1064
-1073
-1062
-1037
-1003
-962
-918
-873
-828
-784
