44
50
51
49
42
31
14
-5
-28
-54
-81
-109
-137
-163
-187
-209
-226
-239
-248
-252
-251
-245
-234
-217
-196
-171
-142
-109
-74
-37
0
36
71
103
133
157
177
192
202
206
206
201
192
180
165
149
131
112
94
76
60
45
32
22
16
13
14
19
28
41
58
77
99
121
144
165
184
201
215
224
230
232
231
226
219
209
198
187
175
162
150
137
125
112
99
86
72
59
46
33
22
13
7
4
4
8
17
30
46
65
86
108
130
150
166
177
183
182
174
158
137
111
81
50
21
-5
-25
-38
-43
-38
-24
-2
25
56
88
117
140
154
157
147
123
84
30
-35
-112
-199
-292
-389
-487
-584
-677
-765
-847
-921
-987
-1045
-1095
-1138
-1174
-1204
-1227
-1244
-1254
-1256
-1249
-1230
-1198
-1152
-1089
-1010
-914
-800
-670
-525
-368
-201
-27
150
327
501
669
826
972
1103
1219
1317
1399
1463
1509
1540
1555
1556
1544
1520
1484
1439
1385
1322
1252
1175
1091
1000
903
801
692
578
459
335
207
76
-58
-194
-332
-471
-609
-745
-878
-1007
-1128
-1241
-1343
-1431
-1504
-1559
-1595
-1609
-1602
-1572
-1520
-1447
-1354
-1243
-1118
-982
-839
-693
-546
-404
-268
-142
-26
77
168
249
319
380
434
482
527
569
610
651
693
735
778
821
864
906
946
983
1015
1042
1060
1068
1064
1047
1016
968
904
824
729
620
501
373
241
108
-21
-144
-257
-359
-446
-517
-573
-614
-640
-653
-655
-647
-631
-609
-581
-551
-517
-481
-443
-404
-362
-319
-274
-227
-179
-130
-81
-33
12
54
93
126
152
172
184
190
191
186
179
171
163
157
155
158
167
182
202
227
256
287
319
350
378
402
421
433
438
436
428
413
393
369
342
315
286
259
233
210
188
170
153
138
125
114
103
93
85
77
71
66
62
61
61
62
64
67
70
71
71
68
62
53
40
23
3
-19
-43
-69
-95
-120
-144
-167
-187
-206
-223
-240
-256
-272
-289
-308
-327
-348
-370
-392
-413
-433
-450
-463
-472
-475
-472
-463
-448
-427
-400
-369
-333
-295
-254
-212
-170
-127
-85
-43
-3
34
71
105
137
165
191
212
231
245
256
264
267
267
264
257
248
235
219
201
181
159
136
112
88
65
44
24
8
-5
-16
-24
-30
-35
-39
-42
-47
-53
-61
-71
-84
-100
-119
-141
-166
-192
-221
-250
-279
-307
-332
-353
-369
-378
-379
-371
-352
-323
-283
-234
-175
-110
-40
31
103
171
233
286
329
361
380
387
383
368
345
316
282
245
208
172
138
107
80
56
35
17
0
-15
-31
-48
-65
-84
-104
-125
-146
-166
-186
-203
-218
-229
-237
-242
-244
-243
-239
-235
-230
-225
-221
-219
-219
-220
-223
-227
-231
-235
-237
-238
-235
-229
-219
-204
-186
-164
-139
-111
-82
-52
-21
7
36
62
87
109
129
146
162
175
186
195
203
208
212
214
214
211
206
199
191
181
170
160
152
145
142
143
148
158
171
189
209
230
251
270
287
300
307
309
306
296
280
260
235
207
176
144
111
78
46
16
-11
-38
-62
-84
-105
-124
-141
-156
-170
-182
-191
-199
-204
-206
-206
-204
-199
-193
-186
-178
-169
-159
-149
-138
-125
-111
-96
-78
-58
-35
-10
15
43
72
100
126
151
171
188
199
204
203
197
184
166
144
118
90
60
30
2
-23
-47
-66
-82
-93
-100
-103
-102
-98
-90
-81
-70
-57
-44
-30
-17
-4
6
15
22
26
27
26
21
14
5
-5
-17
-30
-42
-54
-64
-72
-78
-81
-81
-79
-75
-69
-61
-52
-43
-33
-23
-14
-6
0
6
10
13
15
15
15
14
12
11
10
10
10
11
12
14
17
19
21
22
22
21
19
15
10
4
-2
-9
-16
-22
-26
-28
-27
-24
-18
-10
0
12
24
37
49
60
69
76
80
83
84
83
81
79
77
75
73
73
73
74
75
77
79
80
81
81
80
77
74
68
62
55
47
39
31
24
17
13
10
8
8
9
12
15
17
20
20
19
16
10
2
-9
-22
-39
-57
-77
-97
-118
-139
-158
-176
-191
-202
-211
-215
-214
-209
-200
-187
-170
-151
-130
-109
-87
-68
-50
-36
-25
-19
-16
-18
-23
-31
-42
-54
-67
-80
-91
-100
-106
-108
-107
-101
-90
-77
-59
-40
-18
3
26
48
68
88
105
120
132
143
151
158
164
169
174
178
183
188
195
201
209
217
225
232
238
243
245
244
240
232
219
203
183
159
132
104
73
43
12
-15
-41
-65
-84
-100
-111
-118
-122
-122
-119
-114
-108
-101
-94
-88
-82
-78
-75
-73
-73
-75
-78
-81
-86
-91
-97
-103
-109
-115
-120
-125
-130
-135
-140
-145
-149
-153
-157
-160
-162
-163
-162
-159
-155
-148
-139
-127
-114
-99
-83
-65
-47
-28
-9
8
26
44
60
75
88
100
109
116
121
123
123
120
116
109
102
93
84
74
65
55
47
39
31
24
18
12
6
1
-3
-8
-13
-18
-22
-27
-31
-35
-38
-40
-41
-40
-37
-32
-25
-15
-3
10
26
42
59
74
88
98
104
106
103
95
81
63
41
16
-9
-36
-62
-85
-104
-119
-129
-134
-133
-128
-119
-108
-96
-85
-74
-67
-62
-61
-63
-67
-74
-83
-91
-97
-101
-102
-99
-91
-78
-60
-38
-11
17
50
83
118
152
185
216
244
268
289
306
318
326
329
328
323
314
302
288
271
254
235
216
197
179
162
145
130
116
102
89
77
64
51
37
22
6
-11
-30
-50
-71
-93
-114
-135
-154
-172
-187
-200
-209
-216
-221
-223
-223
-222
-220
-218
-216
-215
-216
-217
-220
-224
-229
-233
-236
-237
-236
-231
-222
-209
-191
-169
-143
-114
-82
-50
-17
12
41
65
85
99
108
112
111
105
95
82
68
53
38
24
11
1
-6
-12
-16
-17
-15
-12
-6
0
9
20
32
45
59
72
85
96
106
114
118
120
119
114
106
95
81
65
46
25
2
-21
-46
-71
-96
-121
-145
-168
-190
-209
-226
-239
-249
-255
-257
-253
-244
-229
-209
-182
-151
-116
-77
-36
5
46
86
124
157
186
209
227
239
245
245
241
231
219
203
186
169
152
137
124
113
105
100
97
96
97
99
101
104
107
110
113
115
118
120
121
122
123
122
120
118
113
107
98
87
73
57
38
17
-5
-30
-56
-82
-108
-133
-156
-176
-193
-207
-218
-225
-230
-231
-231
-228
-225
-221
-217
-214
-211
-209
-207
-206
-204
-202
-198
-194
-187
-179
-167
-154
-138
-119
-99
-77
-54
-30
-6
16
39
60
80
97
111
123
131
136
138
137
134
128
120
111
103
94
87
83
81
83
88
98
112
129
150
172
197
221
245
266
285
299
309
313
312
305
294
278
258
236
212
187
163
140
119
101
87
75
67
61
57
53
49
43
36
26
12
-3
-23
-45
-69
-93
-118
-140
-161
-177
-189
-196
-198
-195
-187
-174
-157
-138
-117
-95
-74
-54
-36
-21
-10
-2
0
0
-3
-11
-21
-34
-49
-64
-80
-96
-111
-125
-136
-146
-154
-160
-164
-167
-169
-170
-171
-172
-173
-174
-175
-176
-176
-176
-173
-169
-162
-153
-141
-126
-109
-89
-67
-44
-19
5
31
56
80
104
126
146
164
180
193
203
211
214
215
211
204
194
181
165
147
127
106
84
63
42
23
6
-9
-22
-33
-41
-48
-53
-57
-60
-61
-62
-61
-60
-58
-55
-52
-47
-42
-37
-33
-28
-24
-22
-20
-21
-22
-24
-28
-31
-35
-38
-39
-39
-37
-33
-27
-18
-9
2
14
26
38
49
59
66
71
72
70
64
54
41
25
7
-13
-34
-56
-77
-98
-116
-132
-145
-155
-162
-166
-167
-165
-161
-156
-150
-144
-139
-135
-134
-134
-136
-140
-145
-150
-155
-158
-158
-156
-149
-139
-124
-104
-80
-53
-22
10
43
77
109
140
167
191
210
226
236
243
246
245
242
237
231
223
216
209
202
196
190
185
179
173
166
157
147
134
119
103
84
65
45
26
7
-9
-23
-34
-42
-47
-48
-47
-42
-35
-26
-16
-7
2
10
16
20
21
20
16
11
3
-4
-13
-23
-31
-39
-45
-49
-51
-52
-51
-48
-44
-38
-32
-26
-20
-13
-7
-2
2
6
9
12
15
17
20
23
26
30
34
37
41
43
45
45
44
40
35
27
18
8
-1
-12
-22
-31
-38
-43
-44
-42
-38
-30
-20
-7
5
19
33
46
57
64
69
70
67
60
50
36
19
1
-18
-38
-56
-73
-86
-96
-101
-101
-97
-88
-74
-57
-38
-16
6
30
52
73
91
107
118
125
128
127
121
111
98
83
65
45
25
5
-13
-32
-49
-65
-78
-88
-96
-100
-102
-100
-96
-89
-80
-70
-59
-48
-38
-29
-21
-16
-12
-10
-10
-12
-14
-18
-22
-26
-31
-35
-40
-44
-49
-53
-58
-63
-68
-74
-81
-89
-96
-105
-113
-120
-128
-134
-138
-141
-142
-141
-138
-133
-126
-117
-106
-94
-81
-66
-50
-34
-16
0
17
35
51
67
81
94
106
115
123
128
132
133
133
132
129
126
122
119
115
113
110
108
107
106
104
102
99
96
90
83
74
63
51
38
23
8
-6
-21
-35
-47
-57
-65
-71
-73
-73
-70
-64
-56
-46
-34
-20
-6
9
25
41
56
71
85
98
108
116
122
125
125
123
118
111
102
91
79
65
50
34
18
1
-16
-34
-52
-70
-88
-105
-121
-135
-148
-159
-167
-173
-176
-177
-174
-168
-160
-149
-136
-121
-104
-87
-69
-50
-31
-12
5
23
41
57
72
86
98
107
114
118
118
116
111
102
91
78
63
46
28
9
-9
-27
-44
-60
-73
-85
-93
-98
-100
-99
-95
-88
-79
-68
-55
-42
-29
-16
-4
5
13
19
22
22
19
13
5
-4
-16
-28
-39
-50
-58
-63
-65
-63
-57
-47
-32
-14
7
31
57
84
110
135
158
177
192
202
207
207
202
193
179
161
140
118
93
68
42
18
-5
-28
-49
-68
-86
-101
-115
-127
-137
-145
-151
-155
-156
-154
-150
-143
-133
-120
-105
-88
-71
-52
-34
-16
0
14
25
33
37
36
31
21
7
-10
-31
-55
-81
-107
-133
-158
-180
-198
-212
-220
-222
-218
-208
-191
-169
-141
-110
-75
-39
-2
32
65
94
117
136
148
155
155
150
140
126
109
91
71
51
31
13
-2
-16
-27
-35
-40
-41
-40
-37
-31
-24
-16
-8
0
8
16
25
34
43
54
66
80
96
113
132
151
171
190
208
224
239
250
258
264
266
264
260
253
242
230
215
199
181
162
143
124
106
88
72
58
45
34
26
18
13
8
4
1
-1
-5
-8
-13
