-1984
-1945
-1871
-1766
-1633
-1481
-1317
-1149
-984
-828
-689
-569
-470
-395
-340
-304
-284
-273
-268
-263
-253
-234
-204
-160
-102
-33
43
126
208
284
350
401
433
443
432
399
349
284
211
136
65
3
-42
-68
-72
-53
-11
51
132
225
327
431
534
630
715
788
844
884
906
911
899
873
834
785
729
669
609
553
504
466
439
427
428
439
460
483
505
519
521
503
464
399
309
194
55
-100
-269
-445
-621
-789
-943
-1077
-1185
-1265
-1315
-1333
-1323
-1287
-1229
-1153
-1065
-971
-875
-781
-692
-610
-535
-467
-406
-349
-295
-243
-190
-137
-82
-26
29
84
138
188
232
270
300
322
334
338
335
325
312
297
283
273
269
273
287
311
346
391
444
503
566
630
691
746
789
819
831
821
788
729
643
530
392
231
52
-141
-343
-546
-742
-925
-1086
-1220
-1321
-1387
-1413
-1402
-1354
-1274
-1167
-1040
-901
-757
-617
-489
-379
-291
-229
-194
-184
-197
-229
-272
-321
-368
-406
-430
-434
-416
-373
-306
-216
-107
16
152
292
433
568
695
808
907
988
1053
1101
1134
1155
1164
1165
1161
1154
1145
1137
1130
1125
1123
1123
1127
1132
1140
1149
1158
1167
1174
1179
1178
1172
1158
1136
1104
1061
1007
942
866
780
684
578
465
344
216
81
-59
-206
-357
-512
-669
-827
-983
-1135
-1282
-1420
-1547
-1661
-1759
-1842
-1907
-1952
-1979
-1986
-1973
-1941
-1891
-1825
-1743
-1650
-1548
-1441
-1333
-1228
-1129
-1038
-959
-892
-836
-791
-755
-722
-690
-653
-605
-542
-460
-354
-225
-71
104
298
504
715
922
1118
1295
1446
1564
1648
1694
1704
1679
1623
1540
1436
1318
1190
1059
930
808
696
597
512
443
391
354
332
323
325
336
354
377
401
425
446
461
467
462
445
414
369
309
235
150
56
-44
-148
-252
-353
-447
-534
-610
-676
-733
-780
-821
-857
-890
-922
-954
-989
-1025
-1063
-1099
-1132
-1159
-1175
-1177
-1163
-1128
-1072
-993
-891
-769
-629
-475
-312
-146
17
173
316
443
549
633
694
733
753
754
740
715
681
642
598
554
509
465
421
379
336
293
249
202
152
97
35
-32
-107
-191
-281
-378
-479
-583
-686
-786
-878
-960
-1028
-1078
-1109
-1119
-1105
-1068
-1007
-923
-816
-690
-544
-383
-208
-24
166
359
550
736
912
1074
1220
1348
1455
1541
1606
1652
1680
1692
1691
1679
1657
1629
1594
1552
1505
1450
1386
1311
1225
1125
1011
881
738
580
411
233
49
-136
-319
-497
-663
-815
-950
-1064
-1155
-1222
-1265
-1282
-1276
-1247
-1198
-1130
-1047
-951
-846
-735
-621
-509
-402
-302
-211
-133
-68
-18
18
41
52
52
44
29
11
-7
-26
-43
-55
-62
-63
-58
-47
-30
-7
20
53
90
133
179
230
286
346
409
476
545
615
684
750
811
864
908
939
957
960
946
916
871
812
741
663
579
494
411
333
262
198
141
91
44
-1
-50
-105
-168
-243
-330
-430
-541
-661
-787
-915
-1041
-1159
-1266
-1356
-1426
-1473
-1495
-1493
-1468
-1421
-1358
-1282
-1201
-1121
-1048
-988
-947
-928
-933
-961
-1012
-1081
-1162
-1248
-1331
-1402
-1453
-1475
-1463
-1411
-1316
-1178
-999
-782
-534
-261
24
316
604
878
1130
1355
1546
1702
1820
1903
1950
1967
1956
1924
1873
1810
1740
1666
1594
1526
1464
1409
1363
1322
1286
1250
1212
1167
1110
1038
948
837
703
547
370
172
-40
-265
-496
-727
-952
-1164
-1356
-1521
-1656
-1755
-1817
-1840
-1824
-1773
-1688
-1576
-1440
-1289
-1128
-964
-804
-652
-515
-394
-294
-213
-151
-107
-79
-61
-52
-47
-42
-34
-21
-1
27
66
114
173
241
318
403
495
592
693
795
896
993
1085
1168
1239
1295
1335
1355
1354
1331
1285
1216
1125
1015
888
748
597
441
282
126
-25
-170
-305
-429
-540
-638
-720
-786
-834
-864
-874
-863
-833
-783
-716
-634
-542
-443
-342
-244
-155
-79
-20
18
35
28
-1
-54
-127
-218
-323
-437
-558
-680
-799
-911
-1012
-1099
-1168
-1216
-1240
-1238
-1209
-1151
-1063
-945
-800
-629
-434
-220
7
246
488
728
959
1176
1372
1543
1683
1789
1859
1890
1885
1844
1769
1666
1539
1393
1235
1072
908
750
603
471
356
261
187
132
96
76
70
74
84
97
108
116
116
108
89
60
21
-26
-82
-144
-209
-276
-341
-403
-459
-509
-550
-581
-604
-618
-624
-623
-617
-607
-594
-581
-569
-558
-548
-539
-532
-525
-517
-508
-496
-481
-462
-438
-408
-373
-332
-285
-229
-165
-92
-9
83
185
296
412
531
649
760
860
943
1004
1040
1047
1022
964
873
750
597
416
212
-10
-247
-492
-738
-979
-1206
-1413
-1593
-1739
-1846
-1910
-1929
-1903
-1831
-1718
-1567
-1384
-1175
-947
-708
-465
-226
1
211
395
550
668
748
787
785
742
662
550
412
256
90
-74
-231
-369
-479
-555
-588
-575
-512
-397
-233
-22
230
516
826
1150
1476
1790
2083
2342
2558
2724
2834
2885
2877
2810
2688
2514
2296
2038
1748
1432
1099
755
408
64
-268
-586
-883
-1154
-1396
-1606
-1782
-1923
-2028
-2096
-2129
-2126
-2090
-2021
-1923
-1800
-1654
-1492
-1318
-1139
-960
-789
-629
-485
-362
-260
-179
-119
-76
-47
-27
-12
3
22
50
87
134
190
255
324
395
464
525
577
614
635
639
623
589
539
473
396
310
220
129
42
-38
-109
-168
-214
-245
-263
-267
-261
-245
-223
-197
-169
-143
-119
-99
-84
-74
-68
-66
-67
-69
-71
-72
-73
-71
-67
-61
-53
-43
-31
-18
-4
8
20
30
38
42
41
36
26
11
-7
-29
-53
-77
-100
-120
-134
-142
-143
-134
-117
-91
-57
-16
30
81
133
185
235
280
319
351
375
391
400
402
399
392
382
371
360
351
345
343
344
349
357
368
380
392
402
409
411
408
397
380
356
325
289
249
207
165
125
88
58
35
23
20
29
49
79
117
161
206
251
291
322
341
345
333
302
254
189
108
16
-85
-192
-301
-407
-507
-598
-677
-742
-792
-827
-846
-852
-846
-831
-809
-785
-761
-739
-721
-708
-700
-695
-692
-687
-677
-661
-635
-598
-549
-487
-414
-331
-241
-147
-51
43
133
217
293
361
419
468
510
544
573
596
616
632
645
654
659
658
649
632
606
567
517
454
378
291
195
92
-13
-120
-223
-317
-400
-467
-516
-545
-553
-540
-507
-458
-394
-320
-240
-159
-81
-12
44
86
109
113
95
57
-1
-78
-170
-274
-388
-507
-628
-745
-856
-956
-1043
-1113
-1164
-1194
-1204
-1192
-1160
-1109
-1043
-962
-872
-774
-671
-567
-463
-360
-259
-160
-62
36
138
246
362
489
629
783
951
1131
1322
1520
1718
1912
2093
2254
2387
2485
2540
2548
2505
2409
2261
2063
1821
1539
1227
893
545
195
-149
-479
-788
-1069
-1320
-1536
-1719
-1867
-1983
-2068
-2124
-2154
-2157
-2136
-2091
-2021
-1928
-1813
-1675
-1519
-1348
-1165
-976
-785
-599
-422
-260
-115
7
107
184
238
270
283
279
264
240
214
189
170
162
167
188
228
286
362
455
562
681
808
939
1069
1193
1306
1403
1480
1532
1556
1550
1512
1443
1345
1222
1077
918
751
583
421
272
140
31
-51
-108
-137
-142
-124
-89
-40
16
75
132
183
223
249
260
256
237
205
163
114
63
12
-31
-67
-91
-102
-99
-83
-56
-20
21
64
106
142
169
186
192
184
165
135
96
49
-2
-57
-113
-169
-222
-273
-322
-367
-408
-447
-482
-514
-541
-564
-581
-591
-593
-587
-570
-542
-503
-454
-396
-329
-255
-177
-97
-16
62
138
209
275
335
390
440
485
525
559
586
605
611
604
580
536
471
383
274
144
-3
-163
-330
-498
-659
-807
-935
-1038
-1111
-1152
-1161
-1140
-1093
-1025
-942
-852
-762
-680
-612
-561
-531
-523
-533
-560
-597
-638
-675
-699
-703
-682
-629
-543
-423
-270
-90
111
325
545
759
961
1141
1294
1416
1505
1561
1584
1579
1549
1498
1430
1350
1259
1162
1058
949
836
719
598
474
348
221
94
-29
-149
-261
-364
-456
-534
-599
-648
-682
-702
-708
-702
-687
-664
-637
-608
-579
-553
-531
-515
-505
-503
-507
-518
-534
-555
-578
-603
-627
-648
-663
-672
-672
-662
-641
-610
-569
-520
-465
-408
-350
-297
-250
-212
-185
-169
-166
-172
-187
-208
-232
-254
-272
-283
-283
-269
-241
-197
-138
-63
25
126
235
350
467
582
693
794
884
960
1019
1060
1082
1085
1068
1032
980
912
832
742
646
547
447
350
260
177
104
42
-7
-45
-71
-85
-89
-82
-65
-40
-7
33
80
133
189
248
307
363
415
458
492
512
519
509
484
444
390
325
253
175
98
24
-42
-99
-144
-176
-195
-200
-194
-179
-156
-128
-99
-70
-42
-18
1
17
29
37
41
43
42
39
33
24
9
-11
-41
-80
-131
-195
-271
-361
-462
-573
-690
-810
-927
-1037
-1135
-1216
-1277
-1313
-1324
-1309
-1269
-1205
-1122
-1023
-914
-799
-683
-571
-467
-374
-293
-226
-171
-126
-88
-54
-20
17
64
123
195
283
385
502
630
766
906
1044
1176
1297
1401
1485
1544
1577
1583
1560
1509
1434
1336
1219
1087
944
796
646
499
357
222
98
-15
-117
-208
-288
-359
-421
-474
-522
-562
-598
-627
-652
-671
-684
-692
-694
-691
-683
-672
-660
-648
-638
-633
-635
-644
-662
-689
-724
-766
-813
-860
-906
-945
-974
-989
-987
-967
-925
-863
-782
-682
-568
-443
-311
-178
-47
77
192
294
382
455
512
555
585
603
611
612
608
600
590
578
566
553
540
526
511
496
481
465
450
436
424
413
404
397
391
387
382
377
371
363
352
339
324
305
285
262
238
214
190
167
145
125
107
91
77
63
51
38
25
11
-4
-21
-40
-61
-83
-107
-131
-155
-179
-203
-225
-246
-264
-281
-294
-304
-311
-312
-309
-300
-285
-264
-235
-198
-154
-102
-42
24
96
173
253
334
413
489
560
623
678
724
759
786
803
812
813
808
798
782
760
733
701
662
617
565
506
441
372
298
223
148
76
8
-52
-106
-152
-190
-221
-247
-272
-299
-334
-380
-442
-523
-627
-752
-898
-1061
-1237
-1417
-1593
-1756
-1896
-2005
-2074
-2099
-2075
-2001
-1879
-1712
-1506
-1268
-1006
-731
-450
-173
91
338
561
754
916
1042
1134
1191
1214
1205
1167
1103
1018
915
798
673
542
410
281
158
43
-61
-153
-231
-295
-343
-376
-392
-392
-376
-343
-296
-234
-159
-72
24
128
237
348
458
564
662
749
822
879
918
937
936
917
880
828
764
691
613
532
451
373
300
232
170
115
67
25
-12
-45
-74
-102
-127
-152
-177
-202
-228
-253
-280
-306
-333
-360
-386
-411
-435
-456
-475
-491
-503
-512
-518
-521
-522
-521
-518
-515
-512
-510
-507
-506
-504
-501
-496
-489
-476
-459
-434
-403
-363
-315
-260
-198
-130
-58
16
90
163
232
294
349
396
432
459
476
485
485
479
469
455
439
422
406
390
374
359
343
325
304
280
251
217
178
134
86
36
-15
-65
-113
-156
-193
-222
-242
-254
-258
-255
-245
-231
-214
-196
-178
-162
-148
-136
-127
-119
-113
