101
89
77
65
54
44
36
30
24
20
17
13
7
0
-10
-25
-44
-68
-94
-123
-151
-177
-198
-214
-223
-224
-217
-204
-185
-162
-136
-108
-81
-55
-32
-12
2
13
19
19
15
8
-2
-15
-29
-43
-55
-66
-75
-80
-83
-82
-78
-71
-62
-50
-36
-21
-4
13
32
52
71
91
111
131
149
168
185
201
216
229
241
251
258
262
264
262
257
249
237
223
205
185
162
138
112
86
59
32
6
-20
-45
-70
-94
-117
-138
-157
-174
-188
-201
-210
-215
-218
-217
-212
-205
-194
-181
-166
-151
-135
-120
-107
-95
-86
-80
-78
-78
-81
-87
-96
-106
-118
-130
-142
-153
-163
-170
-175
-176
-173
-167
-158
-145
-128
-109
-88
-65
-40
-14
11
37
63
89
114
137
160
180
199
216
231
243
252
258
261
261
259
253
245
234
221
207
191
174
157
139
121
104
86
69
53
37
22
8
-4
-15
-26
-36
-46
-56
-66
-77
-90
-103
-117
-133
-151
-169
-187
-206
-224
-240
-255
-267
-275
-280
-279
-273
-262
-246
-224
-197
-167
-133
-97
-59
-21
16
53
89
123
154
183
209
231
250
265
276
281
282
278
268
253
234
210
183
154
124
94
65
39
18
1
-8
-13
-11
-4
7
22
39
57
73
87
96
100
98
89
73
51
23
-8
-45
-82
-121
-158
-192
-222
-247
-266
-279
-286
-286
-281
-271
-257
-239
-219
-196
-173
-148
-124
-99
-75
-52
-30
-9
10
28
45
61
75
88
100
110
120
129
137
144
151
157
163
169
175
180
185
191
196
200
205
208
211
211
210
207
200
190
176
158
137
112
84
53
22
-7
-37
-63
-86
-104
-116
-122
-123
-117
-107
-92
-74
-55
-35
-16
0
11
19
20
16
5
-10
-31
-55
-81
-108
-133
-155
-173
-185
-191
-190
-181
-166
-144
-117
-86
-52
-17
17
52
84
112
137
156
169
177
179
175
166
151
133
110
85
57
28
0
-30
-59
-86
-111
-133
-152
-167
-177
-183
-185
-183
-176
-166
-153
-136
-118
-99
-79
-59
-40
-23
-7
5
16
23
27
28
26
20
12
2
-8
-21
-34
-47
-59
-70
-79
-86
-91
-94
-94
-92
-86
-78
-68
-55
-39
-22
-4
15
35
55
74
92
109
124
136
145
152
155
156
153
148
141
132
121
109
97
85
74
63
54
46
40
35
32
29
28
27
27
26
24
22
18
13
6
-2
-12
-23
-35
-48
-61
-74
-86
-99
-110
-120
-129
-136
-141
-144
-144
-143
-139
-132
-123
-112
-99
-84
-67
-48
-28
-8
12
33
52
70
85
97
105
109
108
101
90
73
53
29
2
-26
-55
-84
-112
-137
-159
-177
-190
-197
-199
-194
-184
-167
-146
-121
-92
-62
-31
0
27
53
76
94
108
118
124
126
127
125
124
123
123
126
131
140
151
165
180
197
214
229
241
251
255
255
250
239
222
201
176
148
117
84
51
19
-10
-38
-63
-85
-102
-114
-122
-126
-125
-120
-112
-101
-87
-72
-55
-39
-23
-8
5
17
26
34
39
41
42
41
38
34
28
21
13
4
-4
-13
-23
-34
-44
-54
-64
-73
-82
-90
-97
-103
-107
-109
-110
-109
-106
-103
-98
-93
-88
-83
-79
-75
-73
-72
-73
-74
-77
-81
-85
-88
-91
-93
-93
-91
-86
-78
-67
-54
-39
-22
-5
12
30
46
61
73
84
92
97
100
100
99
96
91
86
80
75
70
66
62
60
59
58
59
60
61
63
65
68
71
74
78
82
86
91
97
102
107
111
114
116
116
114
110
103
92
79
62
41
16
-12
-44
-80
-119
-161
-205
-249
-293
-336
-376
-413
-444
-470
-488
-499
-501
-494
-478
-453
-420
-378
-330
-276
-217
-156
-94
-33
25
81
132
178
218
252
279
300
314
323
326
325
320
311
300
288
274
261
247
235
224
215
207
202
200
199
200
203
206
209
210
209
204
193
176
153
122
83
38
-12
-68
-127
-186
-244
-297
-345
-384
-414
-434
-441
-438
-423
-398
-365
-324
-277
-227
-176
-125
-76
-30
10
46
77
103
123
139
151
160
166
171
176
179
183
187
190
193
196
197
196
193
188
180
169
156
140
123
105
86
67
48
30
14
-1
-15
-28
-40
-51
-61
-70
-79
-85
-91
-95
-97
-97
-95
-90
-82
-73
-60
-45
-29
-11
7
26
45
63
80
94
106
114
119
120
116
109
99
85
68
49
28
7
-13
-33
-52
-68
-82
-93
-100
-104
-105
-103
-98
-92
-83
-74
-64
-53
-42
-32
-21
-11
-1
8
18
29
39
49
60
69
78
86
93
98
100
100
97
91
82
70
55
38
20
0
-20
-41
-61
-79
-95
-108
-118
-125
-128
-129
-126
-121
-114
-105
-96
-85
-75
-65
-55
-45
-36
-28
-20
-14
-8
-3
0
3
5
6
7
8
8
9
10
12
15
18
23
30
37
47
57
68
80
92
104
114
121
127
128
126
120
110
96
78
58
35
10
-14
-40
-64
-87
-108
-126
-141
-152
-160
-164
-165
-163
-158
-151
-141
-130
-117
-104
-90
-75
-60
-46
-32
-19
-6
5
17
28
38
47
56
64
71
77
82
85
88
89
89
87
85
81
77
72
66
61
54
48
41
34
26
19
11
3
-4
-12
-19
-26
-31
-35
-37
-37
-34
-28
-19
-5
10
31
55
81
109
137
165
192
215
234
247
255
255
248
234
213
185
151
113
71
27
-16
-60
-100
-137
-170
-197
-219
-234
-245
-250
-250
-247
-241
-232
-223
-213
-203
-193
-184
-175
-167
-160
-152
-144
-136
-128
-119
-109
-100
-90
-82
-76
-71
-69
-71
-76
-84
-96
-110
-127
-144
-161
-177
-191
-201
-207
-207
-200
-187
-166
-139
-105
-66
-22
23
71
120
167
211
253
290
323
352
377
397
414
426
436
442
445
445
443
437
429
418
404
388
369
348
325
300
273
245
216
187
157
127
97
68
39
12
-14
-39
-63
-87
-111
-135
-159
-185
-212
-242
-274
-308
-345
-383
-422
-459
-495
-527
-554
-574
-584
-585
-574
-551
-517
-470
-414
-348
-275
-198
-118
-39
37
110
176
235
286
329
362
388
405
415
418
414
406
392
373
351
326
297
266
233
198
162
125
87
50
12
-23
-58
-92
-123
-150
-173
-191
-204
-210
-210
-203
-189
-169
-144
-114
-80
-43
-5
32
68
101
131
155
174
185
189
187
177
160
138
111
80
48
15
-16
-45
-70
-90
-105
-113
-115
-110
-100
-85
-65
-44
-20
2
23
42
57
68
74
75
71
63
51
36
19
1
-16
-33
-49
-63
-74
-83
-89
-93
-95
-95
-94
-93
-92
-92
-93
-96
-99
-104
-109
-114
-119
-123
-125
-125
-122
-116
-106
-94
-78
-60
-39
-17
6
30
53
76
98
117
134
149
161
171
178
183
186
188
187
185
181
176
170
162
153
143
132
120
108
95
81
66
51
35
18
0
-18
-38
-58
-79
-100
-122
-144
-166
-188
-211
-233
-256
-277
-298
-317
-335
-349
-361
-369
-373
-372
-367
-357
-343
-323
-298
-268
-234
-195
-152
-106
-57
-6
45
97
146
193
235
272
302
325
341
349
350
344
333
316
297
274
251
226
202
178
155
131
108
84
59
33
5
-23
-54
-86
-117
-148
-177
-203
-224
-241
-252
-257
-255
-246
-230
-207
-178
-144
-105
-63
-18
27
73
117
158
196
228
255
276
291
298
299
293
282
265
244
218
190
159
127
94
61
29
-1
-30
-57
-82
-104
-125
-143
-158
-171
-182
-189
-193
-195
-193
-188
-180
-169
-154
-136
-115
-92
-66
-38
-9
20
51
82
112
142
169
194
216
235
250
261
267
268
266
260
250
237
221
204
186
167
147
128
108
89
70
51
32
12
-8
-31
-54
-80
-106
-134
-162
-190
-217
-242
-265
-285
-300
-312
-319
-320
-318
-310
-299
-284
-267
-247
-227
-205
-185
-165
-147
-132
-119
-110
-103
-100
-99
-101
-104
-108
-112
-115
-117
-115
-109
-100
-85
-65
-40
-9
25
64
107
153
201
251
300
350
398
445
489
529
564
593
616
630
636
632
618
594
560
518
468
411
349
283
214
144
75
6
-60
-123
-183
-238
-287
-330
-365
-394
-415
-428
-434
-434
-428
-417
-402
-385
-367
-349
-332
-316
-303
-292
-283
-277
-272
-268
-264
-259
-252
-241
-228
-210
-188
-163
-135
-106
-76
-46
-19
4
24
40
51
56
58
55
48
39
28
16
4
-6
-16
-25
-30
-33
-33
-29
-22
-11
2
20
40
63
89
117
147
179
211
245
279
312
343
372
397
417
430
436
433
420
397
364
320
267
205
135
60
-19
-101
-183
-263
-339
-409
-470
-522
-562
-590
-604
-605
-593
-568
-531
-483
-425
-360
-288
-213
-135
-58
17
90
158
220
275
324
365
398
425
445
459
468
472
471
467
460
450
438
424
408
391
373
353
331
308
283
256
226
194
159
121
80
36
-10
-58
-108
-157
-205
-249
-290
-324
-351
-370
-379
-378
-367
-347
-318
-283
-243
-201
-159
-119
-83
-54
-33
-21
-18
-25
-41
-65
-96
-132
-171
-211
-251
-289
-323
-351
-374
-388
-395
-392
-380
-358
-328
-289
-242
-188
-128
-65
0
66
132
196
256
312
362
407
446
478
506
528
545
559
569
575
579
581
579
575
567
557
542
523
500
472
440
404
363
319
272
222
169
115
60
4
-51
-108
-164
-219
-273
-325
-374
-420
-462
-499
-530
-556
-575
-587
-593
-593
-587
-575
-560
-540
-518
-494
-468
-442
-415
-387
-359
-329
-299
-267
-232
-196
-157
-116
-73
-30
14
58
100
140
176
208
234
255
270
278
281
279
273
264
253
241
229
218
210
205
204
207
214
226
241
260
280
302
323
341
356
366
370
365
352
329
297
255
204
146
82
13
-57
-129
-198
-264
-325
-379
-424
-460
-487
-503
-510
-508
-497
-479
-454
-424
-391
-355
-317
-278
-240
-202
-166
-131
-97
-66
-37
-9
15
39
61
82
101
120
138
156
174
191
209
227
244
260
275
287
297
302
304
300
291
277
258
235
207
176
143
109
75
41
9
-19
-45
-67
-85
-99
-109
-114
-116
-115
-111
-105
-97
-89
-81
-73
-66
-61
-58
-57
-59
-62
-68
-75
-84
-93
-101
-108
-114
-116
-116
-111
-102
-90
-74
-55
-34
-13
6
24
39
49
54
54
48
36
19
0
-24
-49
-75
-101
-125
-146
-165
-179
-190
-196
-197
-195
-188
-178
-165
-149
-131
-112
-93
-73
-54
-34
-15
2
19
36
52
67
81
93
103
112
118
123
125
126
125
123
121
118
116
114
113
113
114
116
120
124
129
134
138
142
144
144
141
135
127
115
100
83
