-2058
-1932
-1805
-1679
-1553
-1427
-1298
-1165
-1026
-880
-726
-564
-395
-222
-45
132
307
479
644
803
955
1100
1238
1371
1499
1623
1744
1863
1977
2086
2188
2279
2359
2423
2469
2495
2499
2480
2438
2374
2288
2182
2059
1921
1773
1618
1461
1305
1154
1012
880
760
651
552
459
369
277
178
69
-53
-191
-346
-514
-693
-878
-1061
-1236
-1395
-1531
-1637
-1706
-1737
-1727
-1676
-1588
-1468
-1321
-1155
-980
-803
-632
-476
-340
-228
-143
-87
-57
-51
-66
-97
-138
-184
-230
-271
-304
-326
-335
-332
-318
-294
-264
-231
-199
-172
-152
-143
-146
-161
-190
-230
-280
-338
-400
-463
-521
-573
-615
-642
-655
-649
-626
-584
-525
-449
-357
-251
-133
-3
137
286
444
609
779
954
1130
1307
1480
1645
1800
1938
2054
2144
2203
2226
2210
2154
2058
1924
1755
1557
1338
1106
869
635
413
210
30
-122
-246
-342
-411
-457
-483
-496
-499
-499
-499
-504
-516
-537
-566
-601
-642
-684
-722
-753
-771
-771
-750
-705
-635
-539
-419
-279
-124
39
206
367
516
645
749
823
865
872
846
788
701
588
454
304
144
-20
-186
-346
-498
-636
-758
-862
-944
-1005
-1041
-1054
-1043
-1009
-954
-880
-791
-692
-588
-483
-384
-297
-227
-178
-154
-156
-186
-241
-319
-418
-530
-652
-776
-899
-1013
-1116
-1204
-1275
-1328
-1364
-1382
-1385
-1373
-1350
-1317
-1275
-1225
-1169
-1106
-1036
-960
-878
-788
-690
-583
-467
-340
-204
-59
95
258
427
600
774
945
1112
1270
1416
1548
1662
1758
1833
1886
1916
1924
1909
1873
1817
1742
1650
1546
1431
1309
1183
1058
936
819
710
609
516
431
352
277
203
127
48
-37
-131
-234
-345
-463
-586
-711
-835
-953
-1063
-1160
-1243
-1309
-1359
-1393
-1412
-1417
-1413
-1400
-1382
-1361
-1338
-1314
-1289
-1262
-1231
-1193
-1147
-1087
-1013
-921
-810
-678
-528
-361
-180
9
203
396
580
750
901
1030
1132
1207
1256
1279
1280
1263
1232
1192
1146
1098
1052
1008
967
928
891
852
809
760
701
629
545
446
334
210
75
-64
-208
-349
-483
-606
-712
-797
-859
-894
-901
-880
-830
-755
-655
-535
-398
-250
-94
64
222
374
516
647
763
864
949
1018
1073
1113
1142
1161
1172
1175
1172
1163
1149
1130
1106
1076
1039
995
942
882
811
731
639
536
420
292
152
0
-161
-331
-508
-687
-866
-1040
-1204
-1353
-1483
-1590
-1670
-1720
-1738
-1724
-1678
-1603
-1501
-1376
-1232
-1075
-909
-739
-569
-404
-246
-98
39
166
283
391
490
583
670
753
832
908
980
1049
1113
1171
1223
1266
1299
1321
1330
1324
1301
1260
1200
1120
1020
901
765
612
448
274
96
-82
-256
-422
-575
-712
-830
-927
-1002
-1054
-1084
-1093
-1083
-1056
-1014
-960
-895
-822
-743
-661
-577
-493
-411
-332
-258
-191
-130
-78
-36
-3
17
27
26
12
-13
-50
-98
-154
-217
-283
-351
-415
-474
-524
-562
-587
-599
-597
-583
-558
-526
-489
-449
-411
-375
-344
-318
-298
-282
-270
-260
-250
-239
-224
-203
-176
-141
-99
-48
10
76
148
223
301
380
456
530
599
663
722
775
824
868
908
945
980
1011
1038
1062
1080
1093
1100
1098
1089
1072
1045
1011
968
917
858
790
712
626
528
419
296
159
8
-158
-340
-535
-741
-956
-1175
-1394
-1609
-1813
-2001
-2168
-2310
-2421
-2498
-2540
-2543
-2509
-2439
-2334
-2200
-2040
-1860
-1665
-1463
-1258
-1057
-863
-680
-512
-359
-222
-101
4
97
179
251
317
378
435
491
546
601
655
710
763
815
865
913
960
1007
1055
1107
1166
1234
1313
1405
1510
1627
1753
1884
2014
2135
2240
2322
2373
2387
2359
2287
2171
2010
1810
1574
1308
1019
715
404
94
-208
-496
-763
-1004
-1214
-1391
-1532
-1637
-1706
-1740
-1743
-1717
-1668
-1601
-1520
-1432
-1340
-1249
-1162
-1082
-1008
-939
-876
-814
-752
-687
-616
-538
-452
-357
-256
-150
-43
61
159
247
321
379
417
435
434
415
381
335
283
229
180
140
115
109
125
165
228
314
418
537
664
793
919
1033
1132
1210
1265
1295
1301
1282
1243
1187
1118
1039
956
871
787
706
628
554
481
410
339
266
191
113
31
-53
-140
-229
-317
-404
-487
-565
-637
-703
-760
-810
-853
-889
-919
-944
-965
-980
-989
-992
-987
-971
-943
-902
-846
-776
-692
-595
-490
-380
-269
-164
-70
8
66
102
114
102
69
20
-38
-101
-159
-204
-229
-227
-195
-130
-33
90
236
394
554
706
838
940
1005
1026
1000
927
810
655
468
259
37
-186
-402
-601
-775
-919
-1027
-1099
-1133
-1131
-1095
-1030
-939
-829
-704
-569
-429
-290
-155
-29
85
185
267
329
367
378
360
311
228
110
-41
-225
-438
-673
-923
-1177
-1424
-1650
-1844
-1994
-2089
-2123
-2090
-1989
-1824
-1599
-1324
-1009
-666
-308
52
405
739
1047
1323
1565
1771
1942
2080
2188
2268
2326
2363
2382
2385
2375
2351
2315
2267
2207
2136
2055
1964
1864
1756
1641
1520
1392
1259
1120
976
826
670
508
340
168
-6
-181
-354
-521
-677
-820
-944
-1048
-1129
-1186
-1218
-1229
-1220
-1196
-1162
-1123
-1085
-1053
-1030
-1018
-1019
-1030
-1050
-1073
-1095
-1109
-1110
-1094
-1057
-997
-915
-814
-699
-577
-457
-347
-256
-192
-164
-175
-228
-324
-458
-627
-821
-1030
-1245
-1453
-1643
-1805
-1930
-2010
-2042
-2023
-1953
-1835
-1673
-1474
-1243
-989
-719
-438
-154
128
405
675
934
1181
1414
1632
1832
2012
2170
2303
2409
2486
2533
2549
2535
2493
2426
2339
2235
2120
2000
1879
1763
1654
1555
1467
1388
1318
1254
1190
1123
1049
961
858
736
594
432
252
57
-147
-357
-567
-768
-956
-1124
-1268
-1384
-1469
-1522
-1545
-1540
-1508
-1455
-1384
-1302
-1213
-1121
-1032
-948
-872
-805
-749
-704
-669
-643
-624
-611
-601
-593
-585
-576
-565
-551
-536
-518
-499
-478
-457
-436
-414
-390
-365
-336
-305
-270
-231
-190
-147
-105
-64
-27
3
27
43
51
50
40
23
0
-30
-64
-100
-138
-174
-208
-238
-263
-281
-292
-297
-295
-287
-276
-261
-244
-227
-210
-193
-175
-157
-137
-114
-87
-54
-16
28
79
136
197
262
330
400
471
542
614
687
760
834
908
984
1060
1136
1212
1285
1354
1418
1475
1523
1559
1583
1592
1586
1564
1526
1473
1407
1327
1238
1141
1038
932
825
717
611
507
406
309
217
130
49
-23
-89
-145
-190
-224
-247
-256
-254
-239
-214
-181
-140
-97
-53
-12
21
45
57
54
34
0
-52
-118
-197
-287
-385
-488
-595
-703
-812
-919
-1024
-1127
-1227
-1322
-1410
-1492
-1562
-1621
-1664
-1690
-1696
-1682
-1648
-1594
-1522
-1434
-1333
-1222
-1105
-986
-867
-751
-640
-537
-443
-358
-284
-220
-167
-123
-86
-57
-31
-8
16
44
79
123
176
240
316
402
497
599
706
813
920
1022
1117
1204
1280
1344
1396
1436
1466
1485
1496
1499
1497
1489
1478
1462
1440
1413
1378
1333
1276
1205
1118
1016
897
763
615
457
292
124
-40
-199
-345
-474
-583
-669
-730
-767
-780
-775
-754
-724
-691
-663
-645
-643
-661
-703
-770
-862
-976
-1108
-1254
-1409
-1565
-1716
-1856
-1978
-2078
-2149
-2189
-2196
-2168
-2104
-2005
-1874
-1711
-1519
-1301
-1060
-799
-523
-236
56
350
640
919
1182
1424
1638
1821
1969
2079
2150
2181
2173
2127
2045
1929
1783
1610
1416
1205
982
753
522
296
79
-123
-307
-471
-610
-725
-815
-880
-923
-946
-952
-947
-933
-916
-898
-884
-876
-875
-882
-896
-914
-934
-951
-959
-955
-932
-886
-813
-710
-575
-411
-219
-5
224
461
698
926
1136
1322
1477
1599
1686
1737
1754
1739
1696
1629
1541
1437
1319
1192
1058
921
784
649
520
399
287
186
96
18
-50
-109
-162
-210
-255
-300
-347
-397
-450
-508
-570
-635
-700
-765
-825
-878
-922
-953
-968
-966
-947
-909
-853
-782
-698
-604
-501
-394
-285
-177
-70
33
133
230
322
409
492
569
639
702
755
797
827
843
844
829
797
747
679
593
488
366
230
80
-78
-243
-408
-567
-717
-849
-960
-1044
-1097
-1118
-1104
-1058
-979
-873
-744
-597
-439
-276
-116
35
173
293
391
465
515
541
545
530
500
460
415
368
326
290
265
252
252
263
283
311
342
372
397
415
422
418
402
374
337
293
246
199
154
115
84
62
50
48
54
66
82
99
114
123
123
111
85
42
-16
-92
-182
-285
-394
-506
-615
-714
-796
-857
-890
-893
-863
-799
-704
-581
-435
-273
-103
65
226
369
488
576
630
648
629
575
490
379
247
102
-49
-200
-344
-476
-591
-684
-755
-801
-822
-819
-795
-751
-689
-613
-526
-429
-325
-215
-99
19
142
268
396
525
652
774
889
993
1081
1151
1197
1218
1211
1175
1109
1015
892
744
573
380
170
-53
-288
-531
-778
-1024
-1265
-1497
-1713
-1909
-2078
-2216
-2316
-2374
-2387
-2352
-2268
-2136
-1960
-1744
-1495
-1221
-930
-633
-339
-56
206
443
648
820
955
1056
1123
1162
1176
1169
1149
1118
1081
1043
1005
971
940
912
889
868
848
829
810
790
767
743
717
689
663
637
616
599
589
587
594
611
636
669
708
753
799
847
893
937
976
1012
1041
1065
1082
1091
1090
1076
1048
1002
936
847
733
592
425
232
14
-224
-480
-748
-1021
-1295
-1559
-1808
-2034
-2229
-2386
-2500
-2568
-2586
-2553
-2472
-2347
-2183
-1987
-1767
-1534
-1295
-1061
-838
-632
-449
-292
-161
-56
23
83
125
155
177
198
220
250
291
345
416
505
612
738
882
1041
1212
1392
1574
1752
1918
2065
2182
2263
2298
2284
2214
2088
1907
1675
1397
1084
746
396
47
-286
-594
-863
-1085
-1252
-1360
-1407
-1395
-1327
-1210
-1051
-863
-656
-443
-237
-48
111
234
313
344
325
256
142
-12
-203
-420
-655
-901
-1148
-1389
-1615
-1820
-1998
-2143
-2253
-2322
-2349
-2333
-2272
-2168
-2022
-1836
-1615
-1361
-1081
-778
-459
-130
204
539
867
1185
1486
1766
2021
2245
2437
2592
2708
2785
2822
2818
2775
2694
2578
2427
2247
2041
1812
1565
1306
1040
773
510
257
20
-198
-393
-563
-706
-821
-909
-970
-1007
-1021
-1014
-990
-951
-898
-835
-764
-688
-610
-532
-456
-385
-321
-267
-222
-189
-167
-158
-159
-171
-192
-221
-257
-297
-342
-390
-440
-493
-548
-607
-670
-740
-818
-904
-1000
-1106
-1221
-1341
-1464
-1584
-1696
-1790
-1861
-1900
-1901
-1858
-1767
-1627
-1440
-1209
-940
-641
-321
8
337
656
956
1228
1467
1668
1827
1945
2021
2058
2059
2028
1969
1889
1792
1682
1566
1445
1322
1200
1078
956
835
713
590
465
339
212
87
-33
-147
-250
-339
-409
-457
-482
-481
-455
-404
-330
-237
-129
-11
111
234
351
460
556
638
705
758
797
825
843
854
860
862
863
861
858
852
841
824
799
764
717
655
578
485
377
254
119
-27
-181
-339
-499
-655
-804
-944
-1071
-1182
-1277
-1354
-1411
-1450
-1469
-1470
-1453
-1419
-1370
-1307
-1231
-1144
-1046
-939
-825
-705
-581
-454
-327
-203
-83
29
132
223
301
364
410
440
453
452
437
410
375
334
290
245
202
164
131
106
89
81
81
88
102
120
141
163
182
197
206
207
199
184
160
129
93
54
14
-22
-55
-81
-100
-109
-109
-99
-81
-55
-23
11
49
86
122
154
182
204
221
233
239
241
