-4
-3
-3
-3
-3
-4
-6
-10
-14
-21
-28
-37
-47
-58
-68
-78
-86
-92
-96
-96
-93
-86
-75
-61
-44
-25
-5
16
37
58
78
96
112
126
136
144
150
152
153
152
149
146
142
138
134
130
126
121
117
111
104
95
84
71
56
38
18
-2
-24
-47
-68
-87
-103
-114
-121
-122
-118
-107
-92
-71
-47
-21
5
31
56
76
92
102
107
105
97
83
64
41
15
-12
-41
-70
-97
-121
-143
-161
-174
-184
-189
-190
-186
-179
-168
-154
-138
-120
-100
-79
-57
-37
-17
1
17
32
43
52
58
62
65
66
66
66
66
67
69
72
76
81
86
91
96
101
105
108
109
110
110
109
108
106
104
102
101
100
99
97
96
94
91
87
82
76
68
59
49
39
28
18
8
0
-7
-13
-18
-22
-24
-26
-26
-27
-27
-28
-29
-31
-34
-38
-43
-48
-54
-61
-67
-73
-78
-82
-84
-85
-85
-83
-79
-74
-68
-61
-54
-47
-39
-33
-27
-22
-19
-17
-17
-19
-23
-28
-34
-42
-51
-59
-68
-77
-84
-90
-93
-94
-92
-87
-78
-66
-51
-33
-13
7
29
51
72
91
109
123
135
143
149
150
149
144
137
128
118
106
94
82
70
58
47
37
26
16
7
-2
-11
-20
-29
-37
-45
-52
-57
-62
-64
-65
-64
-61
-56
-49
-41
-31
-21
-11
-2
6
13
19
22
23
22
19
14
7
0
-8
-17
-25
-32
-38
-42
-44
-43
-39
-33
-25
-15
-4
8
20
33
45
57
67
76
84
90
95
98
99
99
96
92
86
78
68
58
46
33
21
8
-4
-17
-29
-41
-52
-63
-74
-84
-94
-104
-113
-121
-127
-132
-135
-135
-134
-130
-123
-115
-106
-95
-85
-76
-68
-63
-60
-60
-62
-67
-74
-82
-89
-96
-101
-104
-105
-102
-96
-88
-77
-64
-51
-36
-22
-9
2
12
20
27
32
35
37
39
41
43
48
54
63
75
89
106
125
145
166
188
208
226
242
254
263
266
266
260
250
235
217
195
171
145
118
92
65
40
17
-3
-21
-36
-49
-58
-63
-65
-64
-60
-53
-45
-35
-25
-16
-8
-3
-1
-2
-8
-18
-32
-50
-71
-94
-119
-144
-168
-191
-212
-228
-241
-250
-253
-252
-247
-237
-223
-206
-187
-165
-142
-117
-93
-69
-46
-24
-4
13
29
43
55
65
73
79
84
87
89
90
90
88
85
82
77
71
65
58
50
41
32
22
12
1
-9
-20
-31
-42
-51
-60
-67
-73
-76
-77
-76
-72
-66
-57
-46
-34
-20
-5
10
26
41
57
71
85
98
110
122
132
143
153
164
175
187
198
210
221
230
238
243
245
243
236
224
208
187
162
134
104
73
41
10
-19
-46
-71
-92
-110
-126
-138
-147
-154
-159
-161
-161
-159
-155
-150
-142
-134
-124
-114
-103
-92
-81
-71
-61
-52
-43
-36
-30
-24
-21
-18
-18
-19
-21
-24
-29
-33
-38
-43
-47
-50
-52
-53
-53
-52
-51
-48
-44
-40
-36
-31
-26
-21
-16
-11
-7
-3
0
2
4
6
7
7
6
5
3
0
-3
-7
-12
-17
-22
-27
-31
-33
-34
-33
-30
-25
-19
-11
-2
6
15
23
31
38
45
50
55
60
66
72
81
91
104
120
139
160
182
206
230
252
273
289
302
309
310
304
292
274
250
220
186
149
109
68
28
-11
-49
-83
-114
-142
-166
-186
-202
-215
-224
-231
-236
-238
-237
-235
-232
-226
-220
-212
-203
-194
-183
-172
-160
-147
-134
-120
-106
-91
-76
-62
-48
-35
-23
-13
-5
0
3
4
3
0
-4
-10
-18
-28
-37
-47
-57
-65
-73
-78
-82
-84
-84
-82
-79
-74
-68
-62
-56
-51
-45
-41
-37
-34
-32
-30
-28
-26
-23
-18
-11
-2
8
22
39
57
77
97
118
139
157
174
188
199
205
208
206
199
188
174
156
135
112
88
63
38
15
-5
-24
-40
-52
-61
-67
-69
-68
-64
-58
-50
-40
-30
-20
-11
-3
2
6
7
5
0
-7
-18
-31
-46
-62
-78
-93
-107
-118
-127
-131
-132
-129
-122
-112
-100
-85
-70
-54
-39
-26
-15
-7
-1
1
1
0
-3
-8
-13
-17
-21
-22
-21
-18
-11
-1
11
26
44
62
80
98
114
127
138
145
148
147
143
136
125
112
97
81
63
44
24
5
-14
-33
-52
-70
-86
-101
-113
-123
-129
-132
-131
-126
-117
-104
-87
-67
-44
-20
5
31
56
79
100
117
131
141
147
148
144
136
124
107
88
66
43
19
-3
-24
-43
-58
-69
-75
-77
-74
-66
-54
-39
-21
0
21
44
67
90
111
132
151
168
183
196
207
216
222
225
226
224
218
209
197
181
161
138
112
84
53
21
-12
-46
-80
-113
-145
-174
-202
-227
-250
-269
-285
-297
-305
-310
-311
-308
-302
-293
-280
-264
-246
-225
-202
-178
-153
-126
-100
-74
-49
-25
-3
16
34
50
64
75
85
93
100
106
111
116
121
125
129
132
135
136
136
135
130
123
113
100
84
64
42
17
-8
-34
-60
-83
-104
-121
-133
-139
-139
-134
-123
-108
-89
-66
-43
-19
3
24
43
58
69
75
78
77
71
63
53
41
28
16
4
-4
-11
-15
-15
-12
-6
1
12
24
37
49
60
70
78
83
85
85
81
76
68
58
47
36
25
13
3
-6
-14
-21
-26
-30
-32
-33
-33
-31
-29
-25
-20
-14
-8
-1
5
12
19
24
29
32
34
34
32
28
22
15
6
-2
-12
-23
-32
-41
-49
-55
-59
-62
-62
-61
-57
-53
-47
-41
-34
-27
-20
-13
-6
0
5
10
15
20
24
29
32
35
37
37
36
34
29
22
14
3
-8
-22
-36
-50
-63
-75
-84
-90
-93
-93
-89
-81
-70
-57
-41
-24
-5
12
30
48
64
78
90
100
108
113
117
118
118
117
114
110
106
101
95
89
82
74
66
56
47
36
26
15
5
-4
-13
-20
-26
-30
-33
-33
-32
-30
-26
-21
-15
-10
-4
0
4
6
7
6
3
-1
-6
-13
-21
-29
-37
-44
-50
-56
-59
-61
-62
-60
-58
-54
-49
-44
-39
-34
-30
-27
-25
-24
-23
-24
-25
-25
-26
-26
-25
-23
-21
-17
-12
-6
-1
4
10
15
20
23
24
24
22
18
13
5
-4
-15
-27
-41
-56
-71
-86
-101
-114
-125
-133
-139
-141
-140
-136
-127
-116
-101
-84
-64
-43
-21
1
23
45
66
85
102
116
128
136
141
143
142
139
132
123
113
101
87
74
60
45
31
17
4
-8
-20
-31
-41
-50
-57
-64
-68
-71
-72
-71
-67
-62
-54
-44
-32
-18
-2
13
29
46
61
75
86
95
102
105
106
104
99
92
84
74
64
54
44
35
27
21
16
13
11
9
8
6
4
1
-2
-8
-15
-23
-31
-41
-50
-58
-66
-72
-77
-80
-80
-79
-75
-70
-64
-57
-50
-42
-35
-29
-24
-20
-17
-14
-13
-12
-12
-12
-11
-11
-10
-10
-9
-8
-8
-8
-9
-10
-12
-15
-18
-22
-26
-30
-34
-37
-39
-41
-41
-39
-36
-31
-25
-17
-9
0
8
17
25
32
37
40
42
42
40
38
34
30
26
23
20
19
19
21
24
29
35
41
48
55
61
67
71
73
75
75
73
71
68
65
62
59
57
55
54
53
53
54
55
56
56
56
55
53
49
44
38
31
22
13
3
-6
-16
-25
-34
-41
-47
-52
-55
-57
-57
-55
-53
-50
-46
-43
-39
-37
-36
-35
-36
-39
-42
-46
-51
-56
-61
-66
-71
-75
-79
-83
-86
-88
-90
-91
-92
-92
-91
-90
-88
-86
-82
-78
-72
-65
-58
-49
-40
-31
-21
-13
-5
1
6
10
12
13
13
11
9
6
3
0
-2
-5
-7
-8
-9
-8
-6
-3
1
6
12
18
25
32
38
44
50
55
59
63
66
69
71
73
74
76
77
79
80
81
81
81
81
79
76
72
67
60
53
45
37
29
21
13
6
1
-4
-8
-12
-16
-20
-24
-29
-35
-41
-48
-55
-63
-72
-79
-87
-93
-97
-99
-99
-97
-92
-85
-77
-66
-55
-44
-33
-24
-15
-8
-3
0
2
3
3
2
2
1
2
3
5
8
12
17
23
30
37
44
50
56
61
64
66
66
65
62
58
52
46
39
32
25
18
12
7
2
-1
-3
-5
-6
-6
-5
-5
-4
-2
-1
0
2
3
6
8
11
14
17
20
23
26
29
31
33
33
32
30
28
24
19
13
7
1
-5
-11
-17
-23
-29
-34
-39
-43
-48
-52
-56
-60
-65
-70
-74
-79
-84
-88
-92
-95
-97
-97
-95
-90
-82
-71
-57
-39
-18
4
30
56
82
108
131
151
168
180
188
191
189
182
172
159
144
127
111
95
80
67
57
48
42
37
34
32
30
28
25
21
16
10
2
-6
-16
-27
-39
-51
-63
-74
-84
-94
-102
-108
-113
-117
-119
-119
-117
-113
-107
-99
-89
-76
-60
-42
-22
0
24
50
76
101
126
149
169
185
197
203
204
198
187
170
147
120
90
57
24
-8
-39
-68
-92
-111
-126
-135
-139
-139
-135
-127
-116
-104
-91
-77
-64
-52
-41
-32
-25
-20
-18
-17
-18
-21
-25
-30
-36
-42
-48
-53
-59
-64
-69
-74
-79
-84
-89
-93
-98
-102
-106
-109
-112
-112
-111
-107
-100
-90
-76
-60
-40
-19
3
25
47
66
82
94
101
103
100
92
80
65
48
29
11
-6
-22
-35
-45
-51
-55
-54
-51
-44
-35
-24
-11
3
18
35
52
68
85
101
116
130
142
151
157
160
160
156
150
140
127
112
96
78
60
43
26
10
-3
-15
-26
-34
-42
-48
-53
-59
-65
-72
-81
-92
-105
-121
-138
-157
-177
-197
-216
-234
-249
-261
-269
-273
-273
-268
-259
-246
-228
-207
-184
-158
-130
-101
-71
-41
-11
17
45
71
96
118
137
153
167
177
184
189
190
189
186
181
174
167
159
150
141
133
125
117
111
106
102
100
98
98
97
97
97
96
93
90
84
77
68
58
46
33
19
6
-7
-19
-29
-38
-45
-49
-50
-50
-47
-42
-36
-29
-22
-16
-10
-6
-3
-2
-2
-5
-8
-13
-18
-24
-29
-34
-37
-40
-40
-39
-35
-30
-23
-14
-4
5
16
26
35
42
47
50
52
51
48
44
39
33
28
24
21
19
19
22
26
31
38
46
54
61
68
74
77
79
79
76
72
65
57
48
38
27
17
8
0
-8
-14
-19
-23
-26
-28
-30
-31
-32
-33
-34
-35
-37
-39
-41
-44
-47
-51
-55
-59
-64
-70
-75
-81
-86
-91
-96
-99
-102
-103
-102
-100
-96
-90
-82
-72
-60
-47
-33
-18
-3
