23
38
50
56
56
52
42
27
8
-12
-36
-61
-86
-109
-129
-146
-158
-166
-168
-165
-156
-143
-125
-104
-81
-56
-31
-6
17
39
58
74
87
97
104
108
109
109
107
104
101
97
92
88
84
79
75
69
64
57
50
43
34
25
15
5
-4
-14
-23
-31
-38
-44
-48
-51
-52
-52
-51
-49
-47
-44
-41
-39
-37
-35
-35
-35
-35
-37
-39
-42
-46
-49
-53
-57
-60
-62
-64
-64
-62
-60
-55
-50
-43
-36
-28
-19
-11
-2
5
12
19
25
29
31
32
31
27
22
14
4
-6
-19
-33
-47
-61
-74
-87
-100
-111
-120
-128
-135
-138
-140
-138
-133
-124
-112
-96
-76
-53
-26
2
34
67
101
135
168
198
224
246
261
270
271
264
250
228
199
164
125
83
40
-1
-42
-78
-110
-136
-155
-167
-172
-170
-161
-147
-128
-105
-79
-51
-22
6
34
62
88
112
133
152
167
180
190
196
200
200
198
193
185
175
164
151
137
123
109
96
84
74
65
59
55
53
52
53
55
57
59
60
59
57
52
46
38
27
15
2
-10
-24
-37
-48
-57
-63
-66
-66
-63
-56
-46
-34
-20
-5
9
24
38
49
59
66
69
69
65
58
47
33
17
-2
-23
-45
-68
-91
-113
-134
-153
-170
-184
-196
-204
-210
-213
-213
-210
-204
-197
-187
-175
-161
-146
-130
-113
-95
-77
-60
-43
-27
-13
-1
8
15
19
20
18
13
6
0
-9
-17
-24
-30
-34
-36
-35
-32
-27
-20
-12
-3
5
14
23
30
36
40
42
42
41
37
32
26
19
12
5
-1
-7
-11
-13
-13
-10
-5
1
10
22
34
47
60
72
83
93
100
106
109
109
108
105
101
95
88
79
70
60
49
37
24
10
-3
-17
-32
-47
-62
-77
-92
-107
-121
-134
-148
-160
-172
-184
-195
-206
-216
-225
-233
-239
-244
-247
-247
-243
-236
-224
-208
-187
-160
-130
-95
-57
-16
24
65
105
141
173
199
220
235
243
244
240
231
218
201
182
161
139
117
94
71
48
24
1
-22
-45
-67
-87
-106
-121
-132
-138
-139
-134
-122
-105
-83
-56
-25
6
40
73
104
132
156
175
189
197
201
200
194
185
173
158
142
125
107
89
71
54
38
23
10
0
-10
-18
-25
-30
-34
-37
-39
-40
-41
-41
-40
-39
-37
-34
-31
-26
-21
-16
-9
-2
5
14
22
30
38
45
51
55
57
58
56
53
48
42
36
29
23
17
13
10
8
8
9
11
13
15
17
17
16
13
8
1
-7
-17
-29
-42
-54
-67
-78
-87
-93
-97
-97
-94
-87
-77
-63
-47
-29
-10
9
28
47
64
78
90
100
106
110
111
110
107
103
98
94
89
85
82
79
77
75
72
69
65
59
51
42
31
18
4
-10
-26
-40
-54
-67
-77
-86
-91
-95
-96
-95
-92
-89
-85
-81
-77
-74
-72
-71
-71
-72
-72
-73
-72
-70
-67
-61
-53
-44
-33
-22
-12
-3
2
3
1
-6
-18
-34
-54
-76
-98
-118
-137
-151
-161
-164
-162
-154
-141
-123
-100
-75
-48
-21
6
32
57
80
100
117
132
143
150
154
154
151
144
134
122
107
92
75
59
43
29
18
10
4
2
4
7
14
21
30
39
47
53
57
59
58
53
45
34
20
3
-14
-34
-55
-76
-98
-118
-138
-155
-170
-182
-191
-196
-198
-196
-190
-180
-167
-152
-135
-117
-98
-80
-62
-46
-32
-19
-9
-2
3
7
8
9
8
7
5
4
4
5
7
12
18
27
37
48
60
73
86
100
113
126
139
151
164
177
191
204
217
230
242
252
261
266
269
267
261
249
232
208
179
145
106
63
17
-29
-75
-121
-163
-201
-233
-259
-279
-292
-298
-298
-292
-281
-267
-251
-233
-214
-196
-179
-164
-150
-139
-129
-122
-116
-112
-109
-108
-107
-106
-106
-106
-106
-106
-106
-105
-104
-102
-99
-95
-89
-81
-71
-58
-42
-23
-1
23
51
81
112
144
175
204
229
250
266
276
280
277
270
257
241
222
202
183
165
149
136
128
122
120
120
121
123
125
125
121
115
105
91
74
54
31
8
-14
-36
-56
-73
-86
-96
-101
-102
-100
-96
-89
-82
-75
-69
-63
-60
-58
-57
-58
-59
-61
-62
-62
-61
-58
-54
-49
-43
-36
-29
-22
-16
-11
-7
-4
-2
-2
-2
-3
-4
-5
-6
-7
-7
-6
-5
-3
-1
1
3
4
4
2
-1
-7
-16
-27
-39
-53
-68
-82
-95
-106
-115
-120
-123
-121
-116
-107
-94
-77
-58
-36
-12
13
40
67
93
118
142
164
183
199
212
221
226
228
225
219
210
197
182
164
146
127
107
88
70
52
35
20
5
-8
-22
-34
-45
-56
-65
-73
-79
-83
-84
-84
-81
-76
-69
-61
-51
-41
-30
-20
-11
-3
2
6
9
10
9
8
6
3
0
-2
-5
-8
-11
-14
-18
-21
-25
-30
-35
-40
-46
-52
-57
-63
-68
-73
-76
-78
-79
-79
-77
-73
-68
-62
-55
-47
-40
-33
-27
-22
-19
-16
-15
-14
-14
-14
-15
-14
-14
-12
-9
-6
-2
2
6
10
13
15
16
14
11
6
0
-7
-14
-21
-26
-29
-29
-26
-19
-10
2
16
33
49
66
80
93
103
110
114
113
110
103
94
83
71
58
45
32
20
8
-2
-14
-25
-37
-51
-65
-80
-96
-113
-129
-144
-157
-167
-174
-177
-175
-170
-160
-146
-129
-110
-89
-68
-47
-27
-9
5
18
28
36
42
47
51
55
61
67
76
87
100
116
132
150
167
184
200
213
223
230
233
231
225
214
199
180
158
133
106
77
48
20
-7
-33
-58
-79
-98
-114
-126
-135
-141
-143
-143
-141
-136
-130
-123
-116
-109
-103
-97
-94
-92
-92
-93
-97
-101
-107
-113
-120
-125
-130
-133
-134
-133
-130
-126
-119
-112
-103
-93
-83
-73
-63
-53
-44
-34
-24
-14
-4
5
15
25
34
42
49
54
57
59
58
56
52
48
43
38
35
34
35
39
47
58
73
91
111
133
154
174
192
206
217
223
224
220
212
200
184
166
145
122
99
75
51
28
7
-12
-30
-47
-61
-74
-85
-95
-103
-110
-117
-122
-127
-130
-133
-135
-135
-135
-133
-130
-126
-121
-116
-110
-103
-96
-89
-83
-76
-69
-63
-57
-51
-45
-38
-32
-25
-17
-10
-2
6
15
23
32
40
48
55
61
66
69
70
70
68
65
60
53
46
37
28
18
8
0
-9
-16
-23
-28
-31
-32
-31
-28
-22
-15
-6
3
15
27
41
54
66
78
88
95
100
102
100
95
86
74
58
40
20
-1
-23
-45
-66
-84
-99
-110
-116
-117
-112
-101
-86
-67
-43
-18
8
35
60
82
101
116
125
130
130
126
117
106
93
79
64
50
37
24
14
4
-3
-9
-15
-19
-23
-26
-29
-31
-34
-36
-38
-40
-42
-43
-44
-44
-44
-42
-41
-38
-33
-28
-21
-13
-4
6
17
29
40
51
61
70
78
83
87
90
91
92
93
95
97
99
103
107
112
116
120
122
123
120
115
106
93
77
57
35
9
-17
-45
-73
-101
-127
-152
-175
-194
-210
-223
-233
-238
-241
-239
-235
-228
-218
-206
-193
-179
-164
-148
-133
-118
-105
-92
-81
-71
-63
-57
-51
-47
-43
-41
-38
-36
-34
-32
-29
-26
-22
-17
-11
-4
2
10
19
27
35
43
50
56
61
65
69
73
77
81
84
87
90
93
94
95
94
93
91
88
86
85
84
86
89
95
103
114
126
139
153
166
178
189
197
202
204
201
195
185
172
155
135
112
88
62
35
7
-20
-47
-75
-101
-126
-151
-173
-194
-213
-229
-243
-254
-262
-268
-270
-268
-264
-256
-246
-233
-217
-199
-180
-159
-138
-117
-96
-75
-56
-38
-22
-8
3
11
18
21
22
21
19
15
10
5
0
-3
-7
-10
-12
-13
-12
-10
-7
-3
2
8
15
22
30
37
45
53
60
68
75
83
91
99
107
114
122
128
134
138
141
142
141
138
134
127
119
108
97
85
72
58
45
33
21
10
1
-6
-13
-18
-22
-24
-26
-27
-27
-27
-26
-25
-23
-22
-19
-17
-14
-11
-8
-4
0
3
7
12
17
23
30
37
46
55
65
77
89
102
116
131
145
160
174
186
196
204
209
210
207
199
187
170
148
122
93
60
25
-10
-48
-85
-121
-156
-188
-217
-242
-262
-277
-288
-294
-295
-292
-286
-277
-265
-252
-238
-223
-208
-192
-177
-161
-144
-127
-110
-92
-73
-55
-38
-22
-10
-2
0
-3
-13
-30
-54
-84
-119
-157
-197
-237
-275
-308
-335
-354
-363
-362
-349
-326
-293
-250
-200
-144
-84
-22
38
97
152
202
246
284
315
341
360
375
386
394
399
402
404
403
401
396
389
378
364
346
324
298
268
235
200
164
128
93
61
33
9
-9
-23
-31
-35
-34
-30
-24
-17
-11
-6
-5
-8
-16
-28
-46
-69
-95
-124
-154
-184
-213
-238
-259
-276
-286
-291
-291
-284
-273
-258
-240
-219
-197
-175
-153
-132
-113
-96
-82
-70
-60
-52
-45
-39
-34
-28
-22
-16
-8
0
9
19
30
41
53
64
74
84
93
101
108
113
117
120
121
120
119
117
114
110
107
104
101
99
97
96
96
97
98
99
102
105
108
111
115
119
123
126
129
130
130
127
123
117
108
98
87
74
62
50
39
30
23
18
16
17
20
25
32
39
47
55
61
66
69
69
68
63
57
48
36
23
8
-8
-27
-46
-66
-86
-106
-124
-142
-158
-171
-181
-188
-192
-192
-188
-179
-167
-150
-130
-107
-81
-52
-22
7
37
67
94
120
142
161
175
185
190
190
185
175
160
140
116
89
60
29
-2
-33
-63
-90
-113
-132
-147
-156
-161
-160
-155
-146
-134
-120
-105
-89
-75
-62
-51
-42
-37
-34
-34
-37
-41
-48
-57
-66
-77
-88
-100
-112
-124
-136
-147
-156
-165
-171
-176
-177
-176
-170
-161
-148
-132
-111
-87
-61
-32
-2
28
58
86
113
136
156
172
184
192
195
195
191
184
175
163
150
136
122
107
93
80
68
56
46
36
28
21
15
11
9
8
9
11
15
20
25
31
36
40
42
43
41
37
31
22
11
0
-15
-30
-45
-61
-76
-89
-102
-112
-120
-126
-130
-131
-130
-128
-124
-119
-114
-109
-104
-101
-100
-100
-102
-107
-113
-120
-128
-136
-144
-149
-152
-152
-147
-138
-124
-106
-84
-59
-30
-1
28
58
87
113
137
159
178
194
207
219
228
235
241
245
248
249
249
246
241
233
223
208
191
170
145
118
89
58
27
-2
-32
-59
-83
-104
