36
41
46
50
53
55
56
56
53
48
42
32
21
7
-7
-24
-41
-59
-77
-94
-109
-122
-134
-142
-148
-151
-151
-148
-143
-136
-127
-117
-106
-94
-81
-67
-52
-37
-21
-5
10
27
44
59
74
87
97
105
109
110
107
100
89
76
59
41
22
3
-14
-29
-41
-49
-52
-51
-45
-34
-19
-1
18
40
61
81
99
114
125
132
134
132
126
115
101
83
64
42
20
0
-21
-41
-58
-71
-81
-88
-90
-88
-83
-75
-65
-53
-41
-29
-17
-8
0
5
8
9
8
5
1
-4
-9
-15
-20
-24
-26
-27
-26
-23
-19
-14
-8
-1
4
10
15
19
21
21
20
17
14
9
3
-2
-8
-14
-19
-25
-30
-34
-37
-40
-42
-43
-43
-43
-42
-40
-38
-36
-33
-30
-28
-25
-22
-20
-17
-14
-11
-8
-5
-2
0
2
4
5
5
4
3
0
-2
-6
-10
-14
-18
-20
-21
-21
-20
-16
-11
-3
5
16
29
43
58
75
91
108
124
138
151
162
170
175
176
175
169
161
150
137
121
104
86
68
49
31
13
-2
-17
-30
-42
-53
-63
-73
-81
-90
-98
-107
-115
-124
-131
-138
-144
-149
-152
-154
-153
-150
-146
-139
-131
-122
-111
-100
-87
-75
-63
-51
-40
-30
-21
-14
-8
-4
-1
0
0
0
-1
-2
-2
-3
-2
-2
0
2
5
9
13
18
22
27
32
36
41
45
49
53
56
60
63
67
70
73
75
78
80
81
82
83
83
82
81
80
77
73
68
62
54
46
36
26
16
5
-5
-15
-25
-34
-42
-49
-54
-58
-60
-60
-57
-53
-46
-38
-28
-17
-5
6
19
30
40
49
55
60
61
60
57
51
42
31
18
4
-11
-27
-43
-59
-75
-89
-102
-113
-122
-128
-132
-133
-132
-127
-120
-110
-98
-84
-69
-54
-38
-23
-10
1
11
19
25
28
30
31
30
28
25
22
19
17
16
17
19
22
28
35
43
53
64
75
86
97
106
113
117
119
118
114
107
97
85
72
57
41
26
12
0
-9
-17
-22
-25
-24
-21
-16
-8
0
9
20
29
38
45
49
52
51
48
43
35
26
16
5
-4
-14
-22
-29
-34
-37
-38
-38
-36
-33
-29
-25
-20
-16
-13
-12
-12
-14
-19
-27
-37
-51
-68
-87
-108
-130
-153
-174
-194
-211
-224
-231
-232
-226
-213
-191
-161
-124
-81
-32
19
73
127
179
227
269
305
333
353
364
367
361
348
329
304
275
243
210
176
142
109
79
51
26
3
-15
-33
-48
-62
-74
-86
-97
-109
-120
-132
-144
-156
-167
-177
-186
-193
-198
-200
-200
-198
-193
-187
-180
-173
-167
-161
-158
-157
-159
-165
-173
-184
-198
-214
-230
-246
-261
-273
-282
-286
-284
-278
-265
-247
-224
-196
-165
-132
-97
-61
-26
8
40
71
98
123
145
165
181
196
209
222
233
245
257
269
282
295
308
321
334
344
353
358
359
356
348
335
317
295
268
238
205
170
135
100
65
33
2
-24
-49
-70
-88
-102
-113
-122
-128
-131
-133
-134
-134
-134
-133
-132
-132
-131
-129
-128
-126
-124
-122
-119
-117
-114
-113
-113
-113
-115
-119
-123
-128
-132
-137
-140
-141
-140
-136
-128
-117
-103
-86
-66
-44
-21
2
26
49
70
90
107
121
132
141
147
152
154
156
156
156
155
154
153
152
150
148
145
142
138
133
128
121
113
104
94
83
71
58
45
31
17
4
-7
-19
-29
-37
-44
-49
-52
-54
-53
-52
-49
-45
-40
-34
-27
-20
-13
-6
0
5
11
15
19
22
24
25
25
25
25
25
24
24
24
24
25
26
28
31
33
36
39
41
43
44
44
43
40
36
31
25
18
11
4
-2
-9
-15
-20
-25
-28
-31
-33
-35
-36
-37
-39
-40
-42
-45
-47
-51
-54
-58
-61
-64
-66
-67
-67
-65
-62
-57
-50
-41
-31
-19
-7
4
17
28
38
46
51
53
51
46
38
27
13
-3
-20
-39
-57
-73
-87
-99
-107
-111
-110
-106
-98
-87
-74
-59
-44
-29
-14
-2
7
15
20
22
23
21
19
15
11
7
3
0
-2
-3
-4
-4
-4
-4
-3
-3
-4
-6
-9
-12
-17
-23
-30
-37
-45
-52
-59
-66
-72
-77
-80
-82
-83
-82
-79
-75
-69
-61
-52
-42
-32
-20
-8
4
16
27
38
46
53
57
58
56
51
43
32
19
3
-13
-31
-49
-67
-84
-98
-110
-119
-123
-122
-117
-107
-91
-71
-47
-20
9
40
71
102
130
154
175
191
201
206
205
198
187
171
151
129
104
79
54
29
7
-12
-28
-41
-51
-56
-58
-57
-52
-46
-37
-27
-17
-7
1
10
17
23
27
28
28
25
21
15
7
-1
-11
-21
-31
-41
-51
-60
-68
-74
-78
-81
-82
-80
-76
-70
-62
-53
-41
-29
-16
-2
11
24
37
48
58
66
73
77
79
80
78
74
69
63
55
46
36
25
13
1
-11
-24
-37
-49
-61
-72
-82
-90
-96
-101
-104
-104
-103
-99
-93
-85
-75
-63
-49
-35
-19
-4
10
24
37
49
58
66
72
76
78
79
79
78
77
75
73
71
69
67
66
64
62
61
59
58
56
55
55
54
54
54
53
53
52
51
49
47
44
40
37
33
30
27
26
26
29
32
38
44
51
59
66
71
75
76
74
69
61
49
34
17
-1
-21
-41
-60
-78
-93
-105
-114
-119
-121
-120
-117
-112
-105
-97
-88
-79
-71
-63
-55
-47
-40
-34
-27
-20
-13
-6
0
8
15
23
30
37
42
46
48
49
47
43
36
28
19
8
-2
-13
-24
-33
-41
-48
-52
-54
-54
-52
-49
-45
-39
-34
-30
-26
-24
-24
-27
-31
-38
-46
-54
-64
-72
-80
-85
-88
-88
-85
-78
-69
-57
-43
-28
-12
3
18
31
42
51
57
59
59
56
50
42
32
21
10
-2
-14
-25
-36
-46
-54
-60
-63
-65
-64
-61
-55
-46
-36
-24
-10
4
19
35
50
65
79
91
101
109
115
119
120
118
114
107
98
87
74
60
45
30
16
3
-8
-17
-24
-29
-31
-30
-28
-24
-20
-15
-11
-8
-6
-6
-7
-9
-14
-19
-26
-33
-40
-48
-56
-63
-70
-75
-80
-84
-87
-88
-89
-89
-88
-86
-83
-80
-76
-72
-67
-61
-54
-46
-37
-28
-19
-8
1
11
21
30
39
45
50
53
54
52
47
40
31
21
10
0
-11
-20
-26
-30
-30
-27
-20
-10
2
18
36
56
75
95
113
130
144
155
163
167
168
166
161
153
144
132
119
105
90
76
61
46
32
18
5
-6
-18
-29
-39
-49
-57
-65
-72
-78
-83
-87
-90
-91
-92
-91
-90
-87
-84
-80
-75
-70
-64
-57
-50
-43
-35
-26
-17
-8
1
11
21
31
41
50
58
66
72
77
81
83
85
85
84
83
81
78
76
73
70
67
64
61
57
53
49
44
39
33
26
19
12
6
0
-6
-12
-17
-21
-25
-27
-29
-30
-31
-31
-31
-31
-31
-31
-32
-34
-37
-40
-44
-49
-53
-57
-61
-64
-66
-68
-68
-68
-66
-64
-61
-57
-53
-48
-44
-41
-38
-37
-36
-37
-39
-41
-43
-45
-47
-47
-46
-44
-39
-34
-27
-18
-9
0
11
22
32
42
52
61
68
74
79
82
83
83
82
80
76
71
66
60
54
47
40
34
28
22
18
14
11
9
8
7
7
7
7
6
5
4
3
2
1
1
1
1
2
4
7
9
12
15
17
18
18
17
14
9
1
-7
-17
-30
-43
-57
-70
-83
-94
-102
-108
-110
-109
-104
-95
-82
-66
-48
-28
-7
13
34
54
72
87
100
110
117
122
123
123
119
114
107
97
87
74
60
45
30
13
-3
-19
-36
-52
-67
-82
-95
-107
-118
-128
-136
-142
-146
-148
-148
-146
-142
-136
-127
-118
-107
-95
-84
-74
-65
-58
-53
-50
-50
-53
-59
-66
-76
-86
-97
-107
-117
-124
-129
-130
-129
-123
-114
-102
-86
-67
-46
-22
2
27
53
79
103
126
146
164
179
190
197
200
201
198
193
185
176
166
156
145
135
126
117
108
100
92
84
76
67
58
48
37
25
14
2
-8
-19
-28
-37
-45
-51
-56
-60
-62
-64
-66
-67
-67
-67
-67
-67
-67
-66
-65
-63
-61
-59
-56
-53
-50
-47
-44
-42
-40
-39
-39
-39
-39
-40
-41
-41
-41
-40
-38
-35
-30
-25
-18
-10
-1
7
16
25
34
42
49
56
61
65
68
69
68
66
62
57
51
44
36
28
21
13
7
1
-2
-4
-6
-5
-3
0
3
8
12
16
20
22
23
22
20
17
14
11
8
6
6
8
13
19
28
39
52
66
81
96
111
124
136
146
152
156
155
152
144
134
121
106
89
72
54
37
22
8
-3
-13
-20
-24
-26
-26
-24
-21
-17
-12
-9
-6
-5
-5
-8
-13
-20
-29
-39
-50
-62
-74
-86
-96
-105
-113
-118
-121
-122
-121
-118
-114
-108
-101
-93
-85
-77
-69
-61
-55
-49
-44
-41
-39
-39
-40
-42
-46
-50
-55
-60
-66
-70
-75
-78
-82
-84
-86
-87
-88
-88
-88
-86
-83
-79
-73
-65
-56
-45
-32
-17
-1
15
33
52
71
89
106
122
136
148
157
162
165
165
161
154
144
132
118
103
86
69
51
34
17
1
-14
-28
-40
-51
-60
-67
-72
-75
-76
-76
-74
-70
-66
-61
-54
-47
-39
-31
-21
-12
-2
6
15
24
31
37
42
45
46
46
43
38
32
23
12
0
-14
-29
-45
-60
-75
-88
-99
-107
-111
-111
-107
-99
-86
-71
-52
-32
-11
10
30
50
67
82
94
104
111
117
120
122
123
122
122
120
118
116
113
109
104
97
89
78
67
53
39
23
8
-7
-22
-36
-48
-58
-66
-72
-76
-78
-78
-77
-75
-73
-69
-66
-61
-57
-52
-48
-43
-38
-34
-29
-25
-21
-17
-13
-9
-5
-1
3
7
11
14
16
18
18
17
15
12
8
4
0
-6
-10
-14
-16
-16
-14
-10
-3
6
18
32
48
64
81
98
113
127
138
147
152
154
153
148
139
127
111
93
72
49
25
1
-21
-42
-62
-78
-90
-98
-101
-101
-96
-89
-78
-66
-53
-40
-27
-17
-9
-4
-2
-3
-7
-14
-23
-33
-44
-55
-65
-74
-81
-86
-89
-89
-88
-84
-80
-73
-66
-59
-51
-44
-37
-31
-25
-20
-16
-12
-8
-5
-2
0
3
6
8
10
12
13
13
13
11
9
7
4
0
-3
-7
-12
-17
-22
-28
-35
-42
-49
-55
-62
-68
-73
-76
-78
-77
-75
-71
-64
-55
-44
-32
-18
-4
9
24
37
50
62
72
82
90
98
