-816
-762
-691
-601
-489
-356
-201
-24
169
379
600
827
1054
1277
1488
1682
1855
2003
2122
2210
2267
2294
2291
2262
2210
2137
2048
1946
1836
1720
1601
1483
1368
1258
1155
1059
973
895
826
765
709
657
605
550
490
421
340
246
138
16
-119
-267
-424
-586
-750
-911
-1064
-1206
-1332
-1438
-1522
-1582
-1618
-1629
-1617
-1585
-1534
-1470
-1395
-1313
-1228
-1142
-1057
-976
-897
-822
-750
-680
-611
-541
-471
-400
-327
-253
-180
-107
-37
28
88
141
185
219
244
258
265
263
257
248
239
232
231
236
251
275
310
354
408
470
537
609
682
754
824
889
947
997
1037
1068
1089
1101
1104
1100
1089
1074
1057
1038
1019
1001
984
968
953
937
919
897
868
831
782
720
643
550
441
316
176
23
-139
-310
-484
-657
-827
-988
-1136
-1268
-1380
-1467
-1529
-1562
-1566
-1541
-1488
-1411
-1311
-1194
-1064
-926
-786
-648
-516
-396
-291
-203
-136
-91
-70
-74
-103
-155
-231
-326
-437
-560
-688
-816
-935
-1040
-1124
-1181
-1206
-1197
-1151
-1071
-957
-813
-646
-460
-263
-62
136
325
500
656
787
892
968
1015
1031
1019
979
915
830
728
615
495
373
254
143
43
-42
-111
-162
-195
-210
-208
-191
-163
-124
-78
-28
23
73
121
163
199
227
247
258
259
252
237
214
185
150
113
74
37
4
-21
-36
-38
-24
6
56
124
210
310
421
536
651
759
852
926
976
996
986
944
873
774
653
515
366
214
64
-76
-202
-310
-396
-459
-500
-521
-525
-516
-501
-483
-469
-462
-466
-484
-516
-562
-619
-686
-760
-837
-914
-989
-1058
-1119
-1171
-1213
-1243
-1262
-1267
-1260
-1240
-1206
-1157
-1094
-1017
-923
-815
-691
-553
-400
-235
-60
122
310
498
682
859
1023
1171
1301
1410
1497
1562
1608
1637
1652
1657
1654
1648
1640
1631
1622
1612
1598
1577
1547
1503
1442
1361
1259
1135
988
821
635
434
223
4
-217
-438
-654
-863
-1062
-1248
-1420
-1577
-1718
-1841
-1947
-2033
-2101
-2149
-2177
-2186
-2174
-2142
-2089
-2014
-1918
-1798
-1655
-1488
-1297
-1084
-850
-599
-334
-62
211
480
736
970
1176
1347
1478
1565
1606
1602
1556
1473
1358
1220
1066
905
745
593
455
336
238
162
107
72
54
48
52
59
68
73
74
68
56
38
16
-7
-30
-49
-63
-68
-64
-50
-28
2
38
78
118
156
188
214
231
238
236
223
202
172
136
95
49
1
-49
-103
-158
-216
-278
-343
-412
-485
-561
-640
-718
-794
-864
-924
-972
-1004
-1016
-1008
-977
-925
-851
-759
-650
-529
-399
-264
-129
2
127
243
346
434
507
564
606
632
645
646
638
624
606
586
567
551
538
531
528
530
538
549
563
579
596
613
630
645
658
668
675
678
679
675
669
660
648
633
615
594
569
540
505
465
419
366
308
244
177
108
40
-23
-80
-126
-160
-179
-182
-169
-140
-98
-46
13
78
142
204
260
308
347
376
395
405
407
402
390
372
347
317
280
234
180
115
40
-46
-143
-250
-365
-485
-607
-728
-842
-948
-1040
-1116
-1172
-1208
-1222
-1215
-1188
-1142
-1082
-1011
-934
-855
-779
-711
-654
-612
-585
-575
-578
-594
-617
-643
-667
-684
-687
-673
-636
-574
-485
-368
-224
-54
138
349
573
802
1029
1245
1442
1612
1746
1838
1884
1881
1829
1731
1593
1420
1222
1008
788
569
361
170
0
-145
-265
-360
-433
-485
-521
-544
-558
-567
-573
-579
-587
-598
-611
-626
-643
-660
-677
-691
-704
-713
-720
-725
-729
-733
-735
-738
-739
-737
-731
-719
-697
-664
-619
-560
-489
-407
-316
-219
-121
-26
61
139
201
248
275
284
273
245
200
142
75
1
-74
-148
-215
-272
-316
-342
-351
-340
-309
-259
-191
-107
-9
99
216
340
466
592
716
834
943
1040
1123
1189
1236
1264
1270
1255
1221
1168
1098
1013
916
809
695
574
448
320
190
59
-69
-195
-317
-432
-538
-633
-715
-782
-835
-871
-892
-898
-891
-873
-846
-813
-777
-741
-707
-677
-652
-636
-626
-625
-630
-640
-654
-669
-683
-692
-696
-690
-673
-644
-601
-544
-474
-389
-291
-181
-59
70
209
354
501
649
794
932
1059
1172
1267
1341
1393
1419
1422
1402
1361
1302
1231
1151
1068
987
913
850
800
766
749
747
758
779
807
835
860
877
880
866
832
776
696
594
469
323
158
-21
-212
-412
-615
-817
-1013
-1197
-1363
-1506
-1622
-1705
-1753
-1762
-1732
-1664
-1560
-1424
-1261
-1078
-882
-681
-483
-295
-125
20
138
223
274
288
266
210
121
3
-138
-299
-475
-658
-844
-1025
-1196
-1353
-1490
-1603
-1690
-1748
-1774
-1766
-1724
-1646
-1533
-1385
-1204
-994
-757
-501
-229
48
325
594
846
1076
1277
1445
1577
1673
1733
1759
1754
1724
1673
1605
1527
1443
1357
1272
1191
1116
1047
984
927
874
826
780
737
695
655
617
582
550
523
500
483
470
460
454
448
440
430
414
392
362
323
275
217
150
76
-6
-94
-188
-284
-380
-475
-564
-646
-717
-775
-818
-844
-854
-847
-825
-790
-746
-696
-645
-595
-552
-517
-494
-483
-486
-501
-528
-564
-605
-649
-691
-727
-755
-771
-774
-763
-739
-703
-656
-601
-542
-480
-417
-357
-298
-243
-189
-138
-86
-33
20
75
132
189
244
294
337
370
391
399
394
376
347
309
265
218
171
126
86
52
25
5
-8
-15
-16
-12
-4
7
23
43
67
96
130
169
214
266
323
385
451
519
586
650
709
759
799
826
840
841
831
812
785
755
726
700
681
672
675
690
717
755
801
852
903
951
991
1017
1027
1017
985
932
858
766
660
545
426
309
198
100
17
-48
-96
-126
-141
-144
-140
-133
-128
-130
-143
-171
-216
-279
-361
-461
-575
-700
-833
-969
-1102
-1229
-1344
-1444
-1526
-1586
-1622
-1635
-1623
-1587
-1528
-1449
-1352
-1240
-1117
-987
-853
-719
-588
-464
-350
-247
-159
-85
-28
12
35
42
34
11
-23
-68
-121
-181
-243
-308
-374
-439
-502
-563
-622
-677
-729
-774
-813
-842
-860
-865
-853
-823
-773
-703
-611
-498
-367
-218
-54
118
297
478
654
821
974
1108
1221
1310
1373
1410
1422
1411
1380
1332
1271
1202
1127
1051
975
903
836
774
718
667
619
575
531
487
441
394
344
292
239
186
134
84
38
-3
-40
-73
-102
-127
-150
-171
-191
-209
-224
-236
-242
-240
-227
-202
-162
-106
-34
52
151
259
371
483
589
683
761
818
851
858
837
788
714
615
498
364
220
71
-78
-225
-363
-489
-601
-697
-776
-836
-879
-903
-909
-898
-871
-828
-772
-704
-627
-545
-463
-384
-315
-260
-224
-213
-229
-275
-353
-462
-600
-762
-945
-1139
-1339
-1535
-1717
-1878
-2008
-2100
-2150
-2152
-2106
-2012
-1872
-1692
-1478
-1236
-976
-703
-428
-155
108
357
590
804
999
1174
1331
1471
1598
1713
1819
1918
2010
2096
2176
2249
2314
2368
2410
2438
2451
2447
2426
2388
2334
2264
2178
2078
1963
1835
1694
1540
1375
1200
1016
826
633
439
249
66
-104
-261
-400
-519
-619
-697
-757
-799
-828
-846
-858
-866
-875
-888
-905
-928
-957
-991
-1029
-1070
-1111
-1149
-1182
-1209
-1228
-1238
-1238
-1228
-1209
-1182
-1146
-1105
-1057
-1004
-946
-883
-817
-746
-673
-598
-522
-447
-374
-306
-244
-188
-139
-98
-62
-31
-4
21
47
75
105
138
175
214
255
297
338
376
410
438
459
470
472
463
445
417
381
338
291
240
188
137
88
41
-3
-46
-89
-134
-182
-236
-297
-365
-443
-528
-619
-715
-812
-906
-995
-1074
-1138
-1186
-1213
-1217
-1196
-1150
-1078
-983
-865
-729
-579
-421
-261
-106
37
164
268
346
395
414
405
370
314
241
157
69
-17
-97
-166
-219
-254
-269
-263
-236
-188
-122
-37
62
176
301
436
577
721
865
1006
1140
1264
1374
1467
1539
1588
1611
1607
1575
1514
1425
1310
1171
1012
836
649
456
261
71
-110
-278
-429
-561
-671
-758
-821
-861
-878
-874
-850
-808
-750
-678
-593
-499
-397
-289
-179
-70
36
138
231
313
382
436
474
494
497
483
453
408
351
283
209
130
50
-28
-103
-171
-232
-284
-327
-360
-383
-397
-402
-398
-387
-367
-339
-304
-260
-207
-147
-79
-5
74
158
244
330
415
494
567
631
684
726
754
768
767
751
721
676
619
549
468
379
283
183
83
-15
-107
-191
-264
-322
-363
-387
-391
-378
-347
-301
-241
-172
-96
-18
58
131
195
249
291
321
337
342
338
327
314
302
295
296
308
333
372
424
488
562
641
721
798
867
924
964
985
985
963
917
851
764
661
544
417
283
146
8
-125
-255
-379
-496
-607
-711
-809
-903
-993
-1081
-1168
-1252
-1335
-1415
-1489
-1556
-1612
-1653
-1677
-1679
-1657
-1609
-1534
-1433
-1306
-1158
-993
-815
-630
-444
-262
-90
68
208
328
427
502
555
587
599
593
573
542
502
456
408
360
315
273
236
206
184
169
162
163
172
189
213
244
281
325
373
426
482
541
603
666
729
791
851
907
958
1000
1033
1053
1058
1045
1012
956
875
769
636
477
294
88
-137
-378
-631
-889
-1147
-1400
-1642
-1869
-2076
-2258
-2413
-2538
-2630
-2690
-2715
-2706
-2664
-2590
-2486
-2354
-2196
-2015
-1814
-1597
-1368
-1130
-887
-644
-406
-176
40
240
419
576
708
814
894
947
977
984
973
947
911
869
827
790
762
747
750
771
812
873
952
1044
1147
1254
1360
1459
1545
1613
1658
1678
1670
1633
1568
1476
1360
1224
1072
909
739
568
400
239
89
-46
-166
-270
-357
-426
-480
-518
-544
-557
-559
-552
-537
-515
-487
-455
-421
-384
-349
-316
-287
-264
-249
-241
-243
-254
-272
-298
-328
-361
-393
-422
-446
-461
-465
-457
-436
-400
-351
-290
-217
-134
-45
47
142
236
326
411
488
557
616
665
704
735
756
770
775
774
765
749
726
696
657
611
557
495
426
351
270
184
95
3
-90
-184
-278
-372
-465
-556
-645
-730
-811
-885
-952
-1010
-1057
-1091
-1111
-1116
-1107
-1083
-1044
-993
-930
-858
-780
-696
-610
-523
-438
-355
-276
-203
-134
-72
-15
36
84
128
170
210
250
290
332
374
417
462
507
553
599
645
691
737
781
825
868
910
950
987
1022
1052
1078
1098
1113
1121
1123
1118
1106
1088
1062
1030
990
943
888
824
751
669
577
474
363
242
113
-20
-159
-298
-435
-566
-688
-798
-893
-970
-1027
-1064
-1081
-1078
-1058
-1022
-975
-918
-858
-796
-737
-685
-641
-607
-584
-572
-571
-578
-593
-611
-631
-649
-662
-668
-666
-653
-629
-594
-548
-493
-429
-360
-286
-212
-139
-69
-5
50
97
133
159
175
181
178
169
155
138
119
101
85
72
62
55
52
51
52
54
57
61
65
70
77
85
97
113
134
161
195
237
285
340
399
461
524
585
640
687
723
746
753
743
717
673
614
542
459
371
279
189
104
29
-34
-84
-118
-137
-139
-128
-103
-67
-22
29
85
142
197
248
293
327
350
359
352
330
292
240
175
102
22
-59
-139
-213
-278
-330
-368
-389
-394
-383
