-42
-36
-29
-22
-15
-10
-4
0
3
6
9
10
11
12
13
12
12
11
10
9
8
6
4
3
1
0
-2
-4
-7
-9
-12
-15
-18
-21
-24
-26
-27
-28
-28
-26
-24
-21
-18
-13
-8
-2
4
11
18
26
34
42
50
58
65
71
77
81
84
85
85
83
79
73
65
55
45
33
21
9
-2
-12
-21
-28
-32
-34
-34
-31
-26
-19
-11
-1
9
20
31
42
51
60
67
73
76
77
76
73
68
60
52
42
32
23
13
5
-1
-6
-11
-14
-16
-18
-20
-21
-24
-27
-31
-37
-43
-51
-61
-72
-84
-97
-112
-127
-143
-160
-176
-193
-208
-223
-235
-246
-254
-260
-262
-261
-255
-246
-233
-215
-194
-168
-139
-106
-71
-33
6
46
86
124
161
194
223
248
268
282
292
296
295
291
282
270
255
239
222
205
189
174
160
150
141
136
132
130
129
128
126
123
116
106
92
72
48
18
-16
-54
-96
-140
-185
-229
-271
-308
-339
-364
-380
-388
-386
-375
-356
-329
-295
-256
-213
-169
-124
-80
-39
-1
31
59
81
99
110
117
120
119
115
109
100
91
80
68
57
46
36
26
19
14
11
11
14
21
31
44
61
81
103
127
153
178
202
224
243
259
269
275
275
270
260
245
226
202
176
148
119
88
58
28
0
-26
-51
-73
-92
-108
-121
-131
-138
-142
-144
-144
-142
-139
-134
-129
-122
-116
-110
-105
-100
-96
-94
-93
-93
-94
-95
-97
-98
-99
-98
-95
-91
-84
-75
-64
-51
-36
-20
-4
10
23
34
41
45
44
39
29
15
-1
-22
-44
-68
-92
-116
-139
-161
-181
-199
-214
-226
-234
-239
-239
-235
-226
-211
-190
-164
-133
-97
-56
-11
36
85
136
186
234
280
320
355
384
404
416
420
415
402
381
354
322
285
247
207
167
128
91
56
25
-2
-28
-50
-70
-88
-104
-120
-135
-150
-165
-180
-195
-209
-223
-235
-246
-254
-260
-262
-262
-258
-250
-240
-227
-211
-194
-176
-156
-137
-117
-99
-81
-65
-50
-37
-26
-17
-10
-4
0
1
3
4
6
8
11
16
22
31
41
54
68
83
99
115
131
146
161
174
186
197
206
213
217
220
219
216
210
202
191
177
160
142
122
100
77
52
28
3
-21
-44
-66
-87
-105
-120
-132
-141
-146
-147
-145
-140
-131
-118
-103
-86
-66
-45
-23
-1
20
42
62
80
97
112
125
136
144
151
156
160
162
162
162
159
156
150
143
134
123
110
94
76
55
33
9
-15
-41
-66
-90
-113
-133
-150
-163
-173
-179
-180
-178
-173
-164
-152
-138
-122
-105
-87
-68
-49
-31
-13
3
18
32
44
53
61
66
70
71
71
69
65
61
56
51
47
42
39
36
35
34
34
35
37
38
38
38
37
34
30
24
18
10
2
-4
-11
-17
-22
-24
-25
-23
-19
-13
-5
3
12
22
31
38
44
48
49
47
43
36
27
17
4
-8
-21
-34
-47
-59
-70
-80
-89
-96
-102
-108
-112
-115
-118
-120
-122
-123
-123
-123
-123
-122
-120
-118
-115
-111
-107
-102
-96
-90
-83
-76
-68
-59
-49
-39
-29
-19
-9
-1
5
11
14
16
15
13
9
3
-2
-9
-16
-22
-27
-30
-32
-30
-27
-21
-13
-4
4
14
23
30
34
36
34
28
18
4
-13
-33
-56
-79
-103
-125
-144
-160
-171
-178
-178
-173
-162
-145
-123
-97
-68
-35
0
35
72
109
145
180
214
245
274
300
322
341
356
366
372
374
372
365
354
340
322
302
279
255
231
207
185
164
146
130
118
108
100
93
86
77
65
49
28
0
-33
-74
-120
-171
-225
-281
-336
-389
-437
-479
-513
-538
-554
-560
-556
-543
-521
-492
-456
-414
-368
-319
-269
-218
-167
-117
-69
-24
17
57
93
125
155
181
204
223
239
252
261
266
269
268
264
258
249
239
227
215
202
190
178
168
160
154
151
150
152
156
163
172
182
194
206
219
231
241
250
256
260
260
257
249
238
223
204
182
157
130
102
73
45
17
-7
-31
-52
-71
-88
-103
-117
-130
-144
-158
-173
-190
-207
-226
-246
-266
-287
-307
-327
-345
-360
-372
-380
-384
-382
-374
-359
-337
-308
-272
-230
-182
-131
-76
-21
33
86
135
179
216
246
269
283
289
288
281
268
250
229
205
180
155
130
107
85
67
51
38
29
23
19
18
18
18
19
20
19
16
11
4
-4
-15
-27
-40
-54
-68
-80
-91
-101
-107
-112
-113
-112
-109
-105
-100
-95
-90
-87
-86
-86
-89
-94
-100
-108
-116
-124
-131
-136
-139
-139
-136
-131
-122
-112
-100
-88
-77
-67
-61
-58
-61
-69
-82
-101
-125
-152
-183
-214
-245
-274
-299
-319
-332
-338
-336
-327
-310
-287
-257
-223
-184
-143
-101
-58
-15
26
66
103
138
171
200
227
251
271
288
302
312
319
322
321
318
311
303
294
284
274
266
260
256
255
256
260
265
270
275
278
278
274
266
252
232
207
176
141
103
63
22
-16
-52
-84
-111
-130
-143
-148
-145
-136
-121
-100
-76
-49
-22
4
28
50
68
81
90
94
95
91
85
77
67
58
49
43
39
39
43
52
66
84
105
129
153
178
200
218
230
233
226
208
177
133
75
4
-77
-168
-266
-367
-468
-564
-652
-729
-791
-837
-864
-873
-864
-838
-797
-744
-681
-613
-541
-469
-399
-332
-271
-216
-168
-125
-88
-55
-25
1
29
56
86
117
151
187
225
264
304
344
382
419
453
483
509
529
544
553
555
550
538
520
494
463
427
388
346
304
261
221
183
149
119
92
69
49
31
13
-3
-22
-44
-69
-97
-130
-166
-205
-245
-285
-324
-358
-386
-406
-414
-409
-390
-356
-307
-242
-163
-72
28
136
247
358
466
565
653
726
781
815
829
821
792
743
677
596
504
405
301
198
96
1
-86
-165
-233
-290
-336
-371
-396
-411
-418
-418
-412
-402
-389
-374
-359
-345
-333
-323
-317
-313
-313
-316
-321
-327
-333
-338
-342
-342
-337
-329
-315
-297
-274
-249
-222
-195
-170
-148
-132
-123
-121
-129
-146
-172
-205
-245
-288
-333
-376
-414
-444
-463
-469
-459
-434
-392
-335
-263
-179
-85
16
123
232
339
443
540
629
708
776
831
874
903
920
924
917
900
874
840
801
758
712
665
616
568
521
474
428
383
336
289
239
186
130
69
3
-66
-139
-214
-290
-365
-436
-500
-556
-601
-633
-651
-655
-645
-621
-584
-537
-482
-421
-357
-293
-231
-174
-123
-81
-47
-23
-8
-1
-3
-10
-23
-39
-56
-74
-91
-107
-119
-129
-135
-138
-138
-135
-130
-123
-115
-107
-98
-90
-82
-74
-68
-63
-59
-55
-53
-51
-50
-49
-47
-45
-43
-39
-35
-29
-23
-17
-11
-6
-2
0
0
-1
-6
-13
-23
-34
-48
-62
-78
-93
-108
-122
-134
-145
-152
-156
-157
-153
-145
-132
-114
-91
-62
-28
11
55
103
153
206
259
311
361
408
449
483
511
529
540
541
533
518
494
464
428
388
344
298
251
205
161
119
81
47
18
-5
-25
-39
-49
-56
-59
-61
-61
-61
-61
-62
-64
-68
-73
-80
-89
-99
-109
-118
-127
-134
-138
-139
-137
-130
-119
-103
-84
-63
-39
-14
9
32
52
69
82
89
92
89
82
69
54
35
14
-6
-26
-45
-61
-73
-81
-85
-85
-81
-74
-65
-54
-42
-31
-21
-14
-9
-7
-8
-12
-18
-27
-37
-47
-56
-64
-70
-73
-73
-69
-61
-50
-37
-21
-5
10
25
37
45
49
48
41
28
9
-14
-43
-75
-109
-144
-179
-212
-243
-271
-294
-313
-328
-337
-341
-341
-335
-325
-310
-290
-266
-239
-208
-175
-139
-102
-62
-22
18
60
101
143
184
223
262
298
332
363
391
414
432
446
453
455
450
439
422
398
368
333
294
250
204
157
109
61
16
-27
-67
-103
-134
-161
-184
-201
-213
-221
-225
-224
-220
-212
-202
-188
-173
-156
-137
-118
-98
-77
-57
-37
-18
0
17
33
48
62
74
84
92
99
103
105
104
101
96
88
77
64
50
33
15
-2
-21
-40
-58
-75
-91
-106
-118
-129
-138
-145
-149
-153
-154
-155
-154
-153
-152
-150
-148
-146
-143
-140
-137
-132
-125
-117
-107
-95
-80
-62
-42
-20
4
30
57
84
110
136
160
181
199
214
225
232
234
234
229
222
212
200
188
174
161
147
134
120
106
92
76
58
39
17
-6
-32
-59
-87
-115
-143
-168
-189
-207
-219
-226
-227
-221
-210
-192
-170
-144
-114
-83
-50
-18
13
43
70
94
115
132
146
157
165
171
175
177
178
178
178
178
178
177
176
174
171
167
162
155
146
135
122
107
90
72
52
31
9
-12
-35
-59
-83
-107
-132
-157
-182
-206
-230
-253
-273
-292
-307
-320
-329
-335
-338
-337
-334
-329
-321
-311
-300
-287
-273
-258
-241
-223
-203
-183
-161
-138
-115
-91
-65
-40
-13
13
41
70
98
128
157
186
215
243
269
294
316
335
350
361
368
369
365
357
344
328
309
288
267
245
225
206
189
173
158
145
131
117
103
87
69
49
27
4
-20
-46
-73
-100
-126
-151
-174
-195
-212
-227
-238
-245
-248
-247
-242
-234
-222
-207
-190
-172
-152
-131
-111
-91
-72
-55
-41
-28
-19
-11
-7
-4
-4
-6
-10
-17
-26
-38
-51
-68
-86
-107
-128
-151
-173
-194
-213
-229
-240
-247
-248
-244
-233
-218
-197
-171
-143
-112
-80
-47
-15
15
44
72
98
123
147
170
193
215
236
257
276
293
308
320
327
331
330
325
315
303
287
270
252
234
218
203
189
179
170
163
157
152
147
141
134
124
112
97
80
60
38
15
-8
-31
-53
-73
-89
-101
-108
-110
-107
-97
-83
-64
-42
-18
7
32
55
76
92
103
107
105
96
78
54
21
-17
-62
-112
-166
-221
-278
-332
-383
-429
-467
-496
-515
-523
-519
-504
-477
-441
-395
-343
-285
-225
-163
-102
-43
11
61
107
147
183
214
241
265
285
302
317
329
336
340
339
332
319
298
271
236
194
146
92
33
-27
-91
-155
-218
-278
-335
-387
-433
-473
-505
-529
-545
-553
-552
-542
-523
-495
-458
-412
-357
-294
-223
-145
-62
25
116
208
299
388
473
551
621
681
729
766
789
798
794
777
748
708
659
603
542
478
413
349
286
227
172
122
76
35
0
-31
-59
-82
-102
-118
-130
-138
-142
-144
-142
-139
-135
-131
-129
-129
-133
-142
-157
-179
-206
-240
-279
-322
-368
-416
-463
-507
-548
-582
-610
-629
-638
-638
-629
-609
-581
-544
-500
-449
-393
-333
-269
-203
-135
-67
0
64
127
186
239
287
329
364
391
411
423
428
426
