4
-6
-18
-31
-43
-55
-66
-76
-84
-91
-95
-98
-98
-95
-91
-84
-75
-64
-51
-37
-21
-5
11
28
45
61
75
87
98
106
112
115
116
114
111
105
99
91
82
74
65
55
46
38
29
21
13
5
-2
-10
-17
-24
-32
-39
-47
-54
-61
-68
-74
-79
-83
-84
-84
-81
-75
-68
-58
-46
-34
-20
-6
7
21
34
46
56
65
73
79
83
85
86
86
85
83
81
79
77
76
75
74
74
73
72
69
66
61
53
43
30
15
-2
-23
-46
-70
-96
-123
-148
-172
-194
-211
-225
-232
-234
-230
-221
-205
-185
-161
-135
-106
-77
-48
-21
3
26
45
60
72
81
87
90
91
91
89
87
86
84
83
83
83
84
85
87
88
89
89
88
85
80
73
64
54
41
27
13
-2
-17
-32
-46
-58
-69
-78
-86
-91
-94
-96
-96
-95
-93
-90
-87
-83
-79
-75
-70
-65
-58
-51
-43
-34
-24
-13
-2
7
17
26
34
41
46
51
53
55
56
57
58
59
60
62
65
69
73
78
83
89
95
100
103
106
106
103
97
88
76
60
43
23
2
-19
-40
-60
-79
-95
-108
-117
-124
-127
-127
-124
-119
-110
-100
-89
-76
-62
-47
-32
-17
-3
11
25
39
51
63
74
83
90
95
99
101
101
99
95
90
84
76
67
57
47
35
23
9
-3
-17
-31
-45
-59
-72
-84
-96
-106
-115
-121
-126
-128
-127
-123
-116
-105
-91
-75
-55
-34
-11
11
35
57
79
98
114
128
137
142
143
140
134
124
113
99
86
72
59
48
38
30
23
17
12
7
2
-2
-9
-17
-26
-36
-48
-61
-74
-87
-100
-112
-122
-130
-136
-140
-141
-138
-134
-127
-117
-106
-94
-81
-67
-54
-41
-29
-18
-8
0
7
13
18
23
27
32
36
41
47
52
58
64
69
74
77
79
78
76
72
66
58
49
38
27
15
4
-5
-13
-20
-23
-24
-23
-19
-13
-5
3
12
21
29
36
42
46
48
49
49
48
45
43
40
37
34
32
30
29
28
28
28
28
28
27
25
22
19
13
7
0
-8
-18
-27
-36
-44
-51
-57
-62
-65
-66
-66
-64
-61
-56
-51
-44
-37
-30
-22
-14
-7
0
7
14
20
27
32
37
42
46
48
50
49
46
41
33
21
7
-10
-30
-54
-79
-106
-134
-161
-186
-208
-225
-238
-244
-244
-237
-223
-204
-179
-150
-119
-85
-50
-15
18
51
83
114
143
170
196
220
242
262
278
292
301
306
305
299
287
269
245
216
183
147
108
68
29
-8
-43
-75
-102
-124
-141
-152
-159
-161
-160
-155
-147
-137
-126
-114
-101
-87
-74
-61
-49
-37
-27
-18
-11
-5
-2
-1
-2
-5
-10
-16
-24
-33
-42
-52
-61
-69
-76
-81
-86
-88
-89
-89
-88
-85
-82
-79
-75
-70
-66
-62
-58
-54
-51
-47
-43
-39
-36
-32
-28
-23
-19
-13
-7
-1
6
16
27
40
56
73
92
112
134
156
177
197
215
230
241
247
247
242
231
214
192
166
136
105
72
40
8
-20
-46
-68
-87
-101
-112
-119
-123
-124
-123
-121
-118
-114
-110
-107
-105
-103
-102
-102
-102
-101
-101
-99
-95
-89
-81
-70
-57
-41
-24
-5
14
35
54
73
90
106
119
130
139
146
152
156
158
160
161
161
160
158
155
150
144
136
126
114
100
84
67
49
30
12
-4
-20
-33
-43
-51
-57
-60
-62
-62
-62
-61
-61
-61
-62
-64
-67
-71
-75
-81
-86
-93
-99
-106
-113
-120
-127
-133
-140
-146
-151
-155
-157
-156
-153
-147
-138
-125
-109
-91
-70
-48
-26
-3
17
37
55
69
81
89
93
95
94
91
87
82
77
72
68
65
63
61
61
61
61
61
60
58
55
52
47
42
38
33
28
24
21
18
16
14
12
10
8
5
1
-2
-8
-15
-23
-31
-40
-49
-58
-66
-72
-77
-80
-81
-80
-78
-74
-68
-61
-52
-43
-32
-21
-9
3
15
28
40
51
60
67
72
74
73
69
61
51
37
21
3
-15
-35
-53
-70
-84
-95
-101
-102
-98
-89
-76
-58
-38
-15
9
33
57
79
99
117
131
141
148
152
151
148
141
132
121
108
94
80
65
52
39
28
18
11
4
0
-2
-5
-6
-8
-10
-13
-18
-25
-34
-47
-62
-81
-103
-127
-153
-180
-207
-232
-255
-275
-290
-301
-305
-304
-296
-283
-264
-239
-211
-179
-146
-110
-75
-40
-7
24
53
80
103
124
141
157
170
181
191
199
208
215
222
229
235
240
245
247
248
248
244
239
231
221
208
193
175
156
134
111
86
60
32
5
-22
-50
-77
-102
-126
-147
-166
-182
-196
-206
-213
-216
-217
-215
-210
-203
-194
-183
-170
-157
-142
-126
-109
-92
-75
-56
-38
-20
-2
15
32
48
63
76
87
96
103
108
111
113
113
113
112
110
107
104
101
96
91
85
78
70
61
52
42
31
21
10
0
-10
-20
-28
-36
-43
-49
-53
-55
-56
-56
-53
-49
-44
-37
-28
-19
-9
0
8
16
23
28
31
33
33
32
30
28
25
23
21
20
20
21
23
26
30
35
40
45
50
55
59
62
64
64
63
61
58
54
48
42
36
29
22
15
8
1
-5
-12
-19
-26
-33
-40
-48
-56
-66
-77
-89
-103
-117
-131
-146
-159
-171
-181
-188
-190
-189
-183
-173
-159
-141
-119
-95
-69
-42
-15
9
33
54
72
87
99
107
112
115
116
116
116
116
118
120
124
129
136
142
150
156
161
164
165
162
156
146
133
117
97
76
52
27
2
-22
-47
-70
-92
-111
-128
-143
-155
-165
-173
-178
-180
-181
-179
-176
-170
-163
-154
-143
-132
-119
-106
-92
-79
-66
-53
-42
-33
-24
-17
-12
-7
-4
-2
-1
-1
-2
-4
-7
-11
-16
-21
-28
-34
-40
-46
-51
-54
-55
-53
-49
-42
-32
-20
-6
8
23
39
52
64
73
79
80
78
73
64
52
39
25
11
0
-11
-18
-23
-24
-22
-16
-8
2
14
28
42
56
70
83
95
105
114
122
129
135
140
145
150
155
161
167
175
183
192
201
209
215
220
222
222
217
210
199
184
166
146
124
100
74
48
21
-6
-34
-62
-91
-119
-148
-176
-203
-229
-254
-276
-295
-311
-323
-330
-333
-330
-322
-309
-290
-266
-238
-205
-169
-131
-91
-50
-11
26
62
94
122
145
164
177
185
189
187
182
173
160
145
129
111
93
74
56
38
20
2
-15
-34
-53
-73
-94
-115
-138
-160
-182
-202
-221
-237
-250
-259
-264
-264
-259
-249
-234
-214
-190
-161
-129
-94
-58
-21
15
51
84
114
141
164
183
197
208
215
219
219
217
213
207
199
189
179
167
155
143
130
117
105
92
80
69
58
47
37
28
19
11
4
-2
-9
-15
-21
-27
-33
-39
-45
-50
-56
-60
-64
-67
-69
-70
-69
-66
-62
-57
-51
-44
-38
-32
-28
-25
-24
-25
-28
-33
-39
-46
-54
-62
-69
-74
-79
-81
-82
-81
-78
-74
-68
-61
-54
-46
-37
-28
-18
-8
1
12
23
35
46
58
69
80
90
98
104
107
107
104
96
85
70
53
33
11
-10
-31
-51
-70
-85
-96
-103
-106
-104
-98
-87
-73
-56
-38
-19
0
17
32
44
53
58
59
58
55
50
45
40
37
36
39
44
52
64
78
94
112
129
146
161
174
183
189
192
190
184
175
163
149
132
115
98
80
64
49
36
25
15
8
3
0
-1
-2
-3
-4
-6
-8
-11
-15
-20
-26
-32
-38
-45
-51
-58
-64
-70
-76
-81
-87
-92
-97
-102
-107
-111
-115
-118
-120
-121
-122
-122
-121
-120
-118
-116
-115
-114
-114
-115
-117
-120
-124
-129
-135
-140
-146
-151
-154
-155
-154
-151
-144
-134
-122
-107
-90
-71
-52
-33
-15
1
15
28
38
45
49
52
52
51
49
47
46
45
47
50
56
63
73
84
97
110
123
136
146
155
161
164
165
163
159
153
147
141
135
129
125
123
121
121
121
122
122
122
120
118
113
107
99
90
79
69
58
46
35
25
15
5
-3
-12
-21
-30
-40
-50
-61
-73
-85
-98
-111
-123
-134
-143
-149
-152
-150
-145
-135
-122
-106
-87
-67
-48
-29
-13
-1
7
10
9
4
-5
-19
-35
-53
-71
-89
-105
-118
-128
-132
-132
-126
-115
-99
-78
-54
-28
0
27
53
76
96
112
123
129
129
125
117
104
88
69
49
27
5
-16
-37
-57
-76
-92
-107
-120
-131
-140
-149
-156
-162
-167
-171
-174
-176
-176
-175
-171
-166
-158
-148
-136
-121
-104
-86
-65
-43
-20
3
28
54
79
104
128
151
172
190
207
220
231
239
245
247
247
245
240
233
225
216
205
194
183
172
161
150
140
130
120
110
100
90
79
67
55
41
26
10
-6
-25
-45
-66
-88
-111
-134
-158
-181
-202
-222
-240
-254
-265
-273
-276
-275
-269
-259
-245
-227
-206
-182
-156
-130
-103
-78
-54
-33
-15
0
12
21
27
31
33
34
35
35
35
37
39
43
47
53
60
67
74
81
88
94
98
102
104
104
103
100
96
92
86
80
73
66
60
53
47
41
35
30
26
22
20
17
16
15
15
16
17
17
18
19
19
20
20
21
22
25
29
35
44
55
69
85
104
123
142
160
175
186
191
191
184
170
149
122
90
53
13
-28
-69
-108
-144
-176
-202
-221
-234
-239
-239
-232
-221
-205
-186
-165
-142
-120
-97
-75
-54
-35
-16
0
15
30
43
56
69
81
92
103
113
121
128
133
135
135
132
125
116
103
88
71
51
31
11
-9
-29
-47
-64
-78
-90
-99
-105
-108
-108
-105
-100
-93
-84
-74
-64
-54
-44
-36
-29
-24
-21
-19
-20
-23
-27
-32
-37
-43
-48
-51
-53
-53
-50
-45
-38
-29
-18
-7
4
15
26
35
42
48
51
53
53
51
48
43
38
32
26
20
15
11
8
6
5
6
8
11
14
18
22
27
31
35
39
43
46
49
50
51
50
49
46
41
36
29
22
13
3
-7
-18
-30
-42
-54
-64
-74
-83
-89
-94
-96
-96
-94
-91
-86
-80
-72
-64
-56
-47
-38
-30
-21
-14
-7
-1
2
5
6
5
2
-2
-8
-15
-23
-31
-39
-45
-51
-54
-56
-55
-53
-48
-42
-34
-25
-15
-6
3
11
19
26
32
36
40
42
44
46
47
48
50
53
57
62
69
76
85
94
103
111
118
124
127
129
128
125
119
112
104
94
84
74
63
54
45
36
29
22
15
8
1
-7
-16
-28
-40
-55
-70
