-111
-99
-88
-77
-66
-56
-46
-37
-29
-22
-16
-10
-5
-1
2
7
11
16
22
28
35
43
52
60
69
76
82
87
90
90
89
85
80
73
65
57
48
40
33
28
24
23
24
28
34
42
52
64
76
89
102
114
126
136
144
151
155
157
155
151
144
133
119
101
80
55
28
-1
-33
-66
-99
-132
-162
-190
-215
-234
-248
-255
-256
-251
-239
-221
-198
-171
-141
-108
-75
-42
-11
18
46
70
92
111
127
140
150
159
166
172
177
181
185
187
188
187
184
179
171
159
145
127
105
81
55
27
0
-28
-55
-81
-103
-122
-137
-149
-157
-161
-163
-162
-159
-154
-149
-144
-138
-133
-128
-123
-118
-113
-107
-102
-96
-89
-81
-73
-64
-54
-42
-30
-17
-2
11
26
41
55
68
80
89
97
102
105
105
102
98
91
83
73
63
51
40
28
17
8
0
-7
-13
-17
-19
-20
-19
-17
-14
-10
-6
-1
4
9
14
18
21
23
24
23
21
17
13
8
2
-3
-8
-14
-19
-23
-27
-30
-32
-33
-33
-32
-30
-27
-24
-20
-16
-11
-5
0
5
11
18
24
30
36
40
45
47
49
50
49
47
44
39
34
27
20
13
5
-2
-10
-18
-25
-31
-36
-40
-43
-45
-46
-46
-46
-45
-44
-42
-40
-39
-37
-35
-34
-32
-31
-31
-30
-30
-30
-31
-31
-31
-30
-29
-27
-24
-20
-15
-8
-1
7
16
26
35
45
53
60
65
68
68
66
62
55
45
35
22
9
-4
-18
-31
-44
-56
-67
-76
-85
-92
-98
-102
-104
-105
-104
-101
-96
-88
-79
-68
-54
-40
-24
-7
9
26
43
60
75
89
103
114
125
133
141
146
150
152
152
150
145
138
129
118
103
87
69
49
28
6
-15
-36
-57
-75
-91
-104
-113
-119
-120
-118
-113
-104
-93
-80
-65
-51
-36
-22
-9
1
10
18
24
28
30
31
31
30
29
27
25
23
21
20
19
19
19
20
21
21
21
20
18
14
8
0
-8
-19
-32
-45
-58
-71
-84
-94
-103
-109
-112
-112
-108
-102
-92
-79
-64
-48
-31
-14
2
18
32
45
55
64
70
74
77
78
79
79
79
79
79
80
81
82
83
83
83
82
80
77
73
69
63
57
51
45
38
32
27
21
15
10
4
0
-6
-12
-18
-25
-31
-38
-44
-50
-56
-60
-63
-65
-65
-64
-61
-57
-52
-46
-40
-33
-27
-21
-16
-11
-7
-4
-2
0
0
0
0
-1
-1
-2
-2
-1
0
4
9
15
23
31
40
49
58
66
73
79
82
84
85
84
81
78
74
69
64
59
55
50
45
41
36
30
24
16
7
-2
-15
-29
-45
-62
-80
-99
-118
-136
-153
-168
-181
-190
-197
-199
-198
-193
-185
-173
-159
-143
-125
-106
-88
-70
-54
-40
-27
-17
-9
-2
2
6
10
14
18
23
29
35
43
50
58
65
71
75
77
76
74
68
60
50
38
24
10
-3
-17
-30
-40
-49
-54
-56
-55
-50
-41
-29
-15
1
20
40
61
82
102
121
138
154
168
179
187
193
195
195
191
184
173
160
143
125
104
82
60
38
17
-2
-21
-37
-52
-65
-75
-85
-93
-100
-107
-114
-120
-127
-135
-142
-149
-156
-162
-167
-170
-171
-170
-166
-161
-153
-143
-131
-117
-102
-87
-71
-55
-39
-24
-10
2
14
24
34
42
50
56
62
67
71
73
74
74
71
67
62
54
46
36
26
15
4
-5
-15
-23
-30
-35
-38
-39
-38
-35
-29
-22
-14
-4
5
15
26
36
45
54
63
70
77
84
90
96
101
105
108
110
112
112
111
109
106
103
98
94
89
85
80
75
71
67
63
59
55
52
48
44
41
36
32
27
22
17
11
6
0
-5
-10
-14
-18
-22
-25
-28
-30
-32
-35
-37
-39
-42
-45
-49
-53
-57
-62
-67
-71
-76
-81
-85
-89
-92
-95
-97
-98
-98
-97
-96
-93
-89
-84
-78
-71
-64
-57
-50
-43
-38
-33
-30
-29
-29
-30
-32
-35
-38
-41
-44
-45
-44
-42
-38
-32
-24
-14
-2
10
24
38
52
65
77
87
95
102
107
110
111
112
111
110
109
108
107
107
107
108
109
109
110
109
108
104
99
91
82
70
56
41
25
8
-6
-21
-34
-45
-54
-61
-65
-67
-67
-66
-63
-60
-57
-54
-52
-52
-53
-55
-60
-66
-73
-81
-89
-97
-105
-111
-116
-119
-119
-117
-113
-106
-97
-86
-73
-59
-44
-28
-12
3
19
35
49
63
75
87
97
105
112
116
118
117
113
107
97
85
70
53
35
15
-5
-25
-45
-64
-81
-96
-109
-120
-128
-133
-136
-136
-134
-130
-124
-116
-107
-97
-85
-72
-59
-45
-30
-15
0
15
29
43
55
66
74
81
86
89
90
91
90
89
88
87
87
87
88
89
91
92
92
92
90
87
81
73
63
51
37
22
5
-11
-28
-44
-59
-71
-80
-87
-90
-90
-86
-79
-70
-58
-44
-29
-15
0
11
22
29
34
36
34
30
24
16
8
0
-5
-10
-12
-11
-7
0
10
22
36
50
64
75
83
88
87
82
71
56
36
13
-11
-38
-65
-92
-116
-138
-157
-171
-182
-189
-192
-192
-189
-184
-177
-170
-163
-156
-150
-144
-139
-135
-131
-125
-118
-109
-96
-80
-61
-37
-10
19
51
84
117
149
178
202
223
237
246
248
244
235
221
202
181
158
135
112
90
71
55
42
34
29
29
33
39
48
59
70
81
90
97
101
101
98
91
81
68
52
34
15
-4
-23
-41
-57
-72
-84
-93
-98
-101
-101
-98
-92
-85
-76
-66
-57
-48
-40
-33
-28
-26
-25
-27
-30
-35
-42
-50
-58
-66
-74
-81
-85
-88
-88
-86
-81
-74
-64
-53
-41
-29
-17
-7
0
6
9
10
8
4
-1
-9
-17
-27
-36
-44
-51
-57
-60
-60
-58
-52
-44
-33
-20
-6
9
25
40
55
69
81
90
97
101
103
103
100
96
90
84
78
72
66
61
57
54
51
47
44
40
34
27
20
11
1
-8
-19
-28
-37
-44
-49
-52
-52
-50
-46
-40
-32
-23
-13
-4
4
12
18
23
26
28
28
26
25
23
21
20
20
23
27
34
44
55
68
82
96
110
122
132
139
142
141
135
125
110
92
70
47
21
-5
-32
-59
-85
-110
-133
-153
-171
-186
-198
-207
-213
-216
-216
-213
-208
-199
-187
-173
-157
-138
-119
-99
-78
-58
-39
-21
-4
9
22
32
41
47
52
54
54
52
48
42
34
26
16
7
-2
-11
-18
-24
-27
-28
-25
-21
-13
-3
7
20
33
45
57
67
74
79
82
81
78
72
65
57
48
39
32
26
23
22
25
32
41
54
68
85
101
117
132
144
152
156
156
151
141
126
108
86
62
36
9
-17
-42
-65
-86
-103
-117
-127
-134
-136
-136
-132
-126
-118
-108
-96
-84
-71
-57
-44
-30
-17
-5
5
15
23
30
35
38
40
39
37
34
30
24
18
11
4
-1
-8
-14
-20
-25
-29
-32
-34
-34
-33
-32
-29
-25
-20
-16
-11
-6
-1
3
7
11
15
18
21
24
27
30
33
36
40
43
47
51
54
57
58
58
57
53
46
38
26
13
-2
-19
-37
-56
-76
-94
-112
-128
-143
-156
-166
-175
-180
-183
-184
-181
-176
-168
-157
-144
-128
-110
-89
-67
-43
-18
7
32
56
79
100
118
134
146
155
161
164
163
161
156
149
140
131
121
110
98
87
75
64
52
42
32
23
16
11
7
6
6
8
11
15
19
23
27
29
30
30
27
24
19
12
5
-1
-9
-18
-25
-33
-40
-46
-52
-57
-61
-65
-68
-71
-74
-76
-78
-79
-79
-79
-77
-74
-70
-65
-58
-51
-42
-33
-24
-16
-8
-1
3
7
9
9
8
5
1
-2
-7
-12
-17
-20
-23
-25
-25
-24
-23
-21
-18
-15
-12
-9
-5
-2
2
7
13
20
29
39
50
63
77
91
106
121
134
147
158
167
174
177
178
176
170
162
151
138
123
107
90
72
54
35
17
0
-17
-33
-49
-63
-75
-85
-93
-99
-103
-105
-104
-102
-98
-92
-85
-78
-70
-61
-53
-46
-40
-35
-33
-33
-35
-41
-49
-59
-73
-88
-105
-123
-141
-159
-175
-190
-202
-210
-214
-214
-209
-199
-185
-166
-143
-118
-90
-60
-30
0
29
58
86
112
137
159
180
198
214
228
238
245
249
249
245
238
227
214
197
179
159
138
117
97
77
59
43
29
17
7
0
-5
-10
-13
-15
-17
-19
-20
-21
-22
-23
-24
-25
-26
-28
-30
-32
-35
-39
-43
-48
-54
-61
-69
-78
-88
-98
-110
-121
-133
-144
-156
-166
-175
-183
-188
-191
-192
-189
-182
-172
-157
-140
-119
-96
-71
-44
-18
7
32
53
72
87
97
104
106
105
100
93
84
74
63
52
42
34
26
21
18
16
16
17
18
20
23
25
26
27
27
27
27
27
28
29
30
33
36
41
46
51
57
62
67
71
73
73
72
68
61
53
42
29
15
1
-13
-26
-38
-48
-54
-58
-58
-55
-48
-39
-28
-14
0
14
28
42
53
63
70
74
76
75
73
69
64
59
54
49
45
41
38
35
33
31
29
26
23
19
15
10
4
-2
-9
-16
-23
-29
-34
-38
-41
-43
-43
-42
-41
-38
-35
-33
-30
-28
-28
-28
-29
-31
-35
-39
-45
-50
-55
-60
-64
-66
-67
-66
-64
-61
-56
-51
-46
-42
-38
-35
-34
-34
-36
-39
-43
-48
-53
-58
-61
-64
-65
-65
-63
-59
-53
-46
-37
-28
-19
-10
-2
5
12
17
22
26
30
33
37
41
45
50
56
62
68
74
79
84
87
89
90
88
85
79
72
63
52
41
29
17
5
-4
-14
-22
-29
-35
-38
-41
-42
-42
-40
-37
-33
-27
-21
-14
-6
2
10
19
27
34
40
45
49
51
53
53
53
53
53
54
55
57
61
66
71
78
84
90
95
98
99
98
94
87
77
65
51
36
20
3
-12
-28
-42
-54
-65
-74
-81
-86
-90
-91
-92
-91
-90
-88
-85
-82
-80
-78
-77
-76
-75
-76
-76
-77
-77
-76
-74
-71
-66
-59
-50
-40
-28
-15
-2
10
21
32
39
44
45
43
37
28
15
1
-13
-30
-45
-60
-72
-81
-87
-88
-85
-78
-65
-49
-29
-6
18
43
69
93
116
136
153
166
176
181
183
181
177
170
161
150
139
127
115
104
93
82
73
64
55
46
37
27
16
4
-8
-21
-34
-48
-60
-70
-79
-84
-86
-84
-78
-69
-56
-41
-25
-8
8
22
