25
33
42
51
61
71
80
88
94
97
99
97
94
88
80
70
59
47
33
19
4
-10
-25
-41
-56
-71
-86
-99
-112
-123
-132
-140
-146
-149
-150
-149
-146
-140
-132
-121
-108
-93
-77
-59
-40
-21
-2
17
35
53
71
87
102
116
130
142
153
163
171
177
182
183
183
179
173
164
152
137
120
101
81
59
38
16
-4
-23
-40
-55
-68
-78
-85
-90
-92
-92
-91
-87
-83
-78
-71
-65
-59
-52
-47
-43
-40
-39
-39
-42
-47
-54
-63
-74
-87
-101
-117
-133
-149
-166
-182
-197
-211
-223
-233
-240
-244
-245
-242
-236
-226
-211
-193
-171
-146
-117
-86
-53
-19
15
50
83
115
144
170
192
209
221
228
230
225
216
202
184
163
141
119
98
79
63
52
45
44
47
54
65
78
93
108
123
136
146
153
157
157
153
146
136
123
109
93
77
61
44
29
14
0
-13
-25
-36
-46
-54
-61
-66
-71
-74
-76
-78
-80
-82
-84
-87
-91
-97
-103
-110
-118
-126
-135
-143
-151
-158
-164
-168
-171
-172
-171
-169
-164
-158
-151
-142
-133
-123
-113
-102
-91
-80
-69
-57
-45
-31
-17
-1
15
34
53
73
93
113
132
149
164
177
187
194
197
196
193
186
177
166
153
140
126
112
99
85
72
59
47
34
22
10
-1
-12
-22
-31
-38
-43
-47
-47
-46
-41
-34
-25
-14
-2
11
25
38
51
63
73
81
88
92
94
94
92
87
82
74
66
57
48
39
30
22
14
7
1
-3
-7
-11
-13
-16
-17
-18
-17
-17
-15
-12
-9
-5
0
4
10
15
19
23
26
27
28
27
25
22
17
11
5
-3
-12
-22
-32
-43
-55
-66
-76
-86
-95
-103
-110
-116
-120
-122
-122
-121
-117
-112
-106
-98
-89
-80
-72
-64
-56
-50
-45
-42
-39
-38
-37
-36
-36
-36
-36
-35
-33
-31
-28
-24
-19
-13
-7
0
5
11
17
22
25
28
29
29
28
26
23
19
14
9
3
-2
-7
-13
-17
-20
-22
-22
-20
-16
-10
-4
3
11
20
28
35
40
44
46
46
43
39
32
24
15
5
-4
-13
-22
-30
-36
-40
-43
-45
-45
-44
-43
-41
-39
-37
-35
-32
-30
-26
-22
-17
-10
-2
7
18
31
45
59
73
87
100
111
121
127
130
131
128
122
114
103
90
76
61
46
31
17
4
-7
-16
-25
-31
-36
-39
-41
-42
-42
-41
-40
-39
-38
-37
-36
-34
-33
-32
-30
-29
-27
-26
-24
-22
-21
-20
-18
-17
-16
-15
-14
-13
-12
-11
-10
-9
-7
-4
-2
1
5
9
13
18
22
26
30
33
35
36
36
35
34
31
29
26
24
22
20
18
16
15
13
12
10
8
5
1
-2
-6
-11
-17
-23
-29
-34
-40
-45
-49
-53
-55
-57
-58
-57
-55
-52
-47
-41
-33
-24
-14
-3
8
19
31
41
51
59
66
70
72
72
69
63
55
45
34
21
8
-5
-18
-31
-43
-53
-61
-67
-72
-75
-75
-73
-70
-64
-56
-47
-36
-24
-11
1
14
27
39
50
59
66
71
74
76
75
72
68
62
56
48
41
33
26
20
15
11
8
6
5
5
4
4
3
2
1
0
-3
-6
-9
-12
-16
-19
-21
-23
-24
-25
-24
-23
-22
-19
-17
-15
-13
-12
-11
-12
-14
-17
-21
-26
-31
-36
-42
-47
-52
-57
-60
-62
-63
-63
-61
-57
-52
-45
-38
-30
-21
-12
-4
2
8
13
15
17
16
15
12
8
5
1
-1
-3
-3
-2
0
3
8
13
20
26
33
39
45
50
54
56
58
58
57
55
52
47
42
35
28
20
12
3
-4
-13
-21
-29
-35
-40
-44
-46
-45
-43
-39
-34
-26
-17
-6
5
17
29
40
51
61
69
75
79
82
82
81
78
74
69
63
56
48
41
33
26
18
11
4
-2
-9
-16
-22
-28
-34
-38
-41
-43
-44
-43
-40
-36
-32
-27
-21
-16
-12
-8
-6
-4
-3
-3
-4
-5
-5
-4
-3
0
3
9
16
24
32
41
48
54
58
59
56
51
41
29
14
-3
-22
-42
-62
-82
-100
-117
-132
-144
-154
-161
-165
-166
-164
-160
-153
-144
-133
-121
-108
-94
-80
-65
-51
-37
-23
-10
0
11
21
29
36
42
46
49
52
54
56
57
59
62
64
66
69
71
72
71
69
66
60
52
42
31
18
5
-8
-21
-33
-45
-54
-62
-69
-73
-75
-75
-74
-70
-65
-58
-50
-40
-28
-16
-3
10
25
39
53
67
79
89
97
102
105
105
102
96
87
76
63
49
33
18
4
-7
-17
-25
-30
-32
-31
-28
-23
-16
-8
0
6
13
18
22
24
24
22
19
15
10
6
2
-1
-3
-4
-4
-2
-1
0
1
1
0
-3
-9
-17
-27
-38
-50
-62
-74
-85
-93
-100
-103
-104
-101
-94
-85
-73
-59
-43
-26
-9
7
22
34
44
51
54
54
50
43
35
25
14
3
-6
-14
-20
-23
-24
-21
-15
-5
7
22
40
59
81
103
124
146
165
182
196
206
210
210
203
191
173
149
120
88
53
17
-18
-53
-85
-112
-134
-149
-158
-159
-154
-142
-124
-102
-76
-48
-20
8
35
60
82
100
115
126
132
135
134
129
121
109
96
81
64
47
29
13
-2
-17
-30
-40
-49
-55
-58
-59
-57
-53
-46
-38
-29
-18
-8
1
9
17
22
26
28
29
29
29
28
28
30
32
36
42
48
56
63
70
75
78
78
75
68
57
43
25
4
-18
-44
-70
-97
-123
-148
-171
-192
-210
-224
-234
-241
-243
-242
-237
-228
-216
-202
-184
-165
-144
-123
-100
-78
-56
-35
-15
1
15
27
35
39
40
38
33
26
19
10
2
-3
-8
-11
-11
-9
-5
0
8
16
25
34
42
49
55
58
60
59
55
50
43
34
23
12
1
-10
-20
-29
-37
-42
-46
-48
-47
-46
-42
-38
-33
-27
-20
-13
-6
1
9
18
28
39
51
64
78
94
110
127
145
161
176
187
195
197
194
183
164
137
103
61
12
-40
-96
-153
-208
-259
-305
-342
-369
-384
-388
-379
-357
-324
-281
-229
-170
-106
-40
24
87
145
197
240
274
298
311
315
309
295
274
247
216
183
147
111
76
43
12
-14
-39
-59
-75
-87
-95
-99
-99
-95
-89
-81
-71
-59
-48
-36
-25
-14
-5
2
8
13
16
18
18
17
16
14
12
10
9
9
10
13
17
23
29
36
43
49
54
58
59
58
55
50
45
38
33
28
25
25
27
31
39
48
59
70
80
90
97
100
100
96
88
75
58
38
16
-7
-31
-54
-75
-93
-107
-115
-119
-117
-110
-99
-83
-64
-43
-21
1
24
46
66
84
100
112
121
126
128
125
119
108
93
74
51
25
-2
-33
-65
-98
-129
-159
-185
-208
-225
-237
-243
-242
-234
-220
-199
-173
-142
-108
-71
-34
2
37
69
97
121
140
154
164
168
168
164
157
147
135
122
109
96
84
72
62
54
46
40
34
28
22
16
9
0
-9
-20
-33
-46
-60
-74
-87
-98
-107
-114
-117
-117
-114
-109
-101
-91
-81
-70
-60
-51
-43
-37
-34
-32
-32
-34
-37
-40
-43
-46
-48
-48
-47
-44
-39
-33
-25
-17
-8
0
9
16
23
30
35
40
44
48
51
55
59
63
67
71
74
76
77
77
74
70
63
54
42
29
14
0
-15
-30
-44
-56
-66
-73
-79
-82
-84
-84
-84
-83
-83
-83
-84
-85
-87
-89
-89
-89
-86
-80
-70
-56
-38
-16
10
39
71
104
137
168
195
218
235
245
249
246
235
219
197
171
142
111
79
48
18
-8
-32
-52
-69
-81
-89
-94
-96
-95
-93
-90
-86
-83
-80
-79
-80
-82
-87
-93
-100
-108
-117
-125
-133
-140
-145
-147
-147
-144
-138
-129
-117
-102
-86
-67
-48
-28
-9
9
26
41
53
63
69
72
72
70
64
56
47
36
25
14
3
-5
-14
-20
-25
-28
-29
-28
-26
-22
-17
-12
-7
-1
2
5
7
7
6
3
-1
-6
-12
-17
-22
-26
-28
-28
-26
-22
-16
-7
3
15
30
46
64
82
101
121
141
160
179
196
212
226
237
244
249
249
244
236
222
204
181
155
124
91
55
18
-19
-56
-92
-127
-158
-186
-210
-229
-244
-253
-258
-259
-254
-246
-235
-220
-202
-182
-159
-135
-110
-84
-58
-32
-8
15
36
55
71
85
96
103
109
112
113
113
111
109
106
104
101
98
96
93
91
89
86
84
81
79
75
72
68
63
59
54
49
44
39
34
28
22
15
7
-1
-12
-24
-38
-53
-70
-86
-103
-118
-132
-143
-151
-156
-156
-152
-144
-133
-118
-100
-80
-58
-36
-12
10
34
56
77
96
114
129
142
152
160
165
166
166
162
156
147
137
125
111
96
80
63
46
29
12
-4
-20
-35
-50
-64
-77
-89
-101
-111
-120
-128
-134
-139
-142
-143
-143
-141
-138
-133
-127
-120
-113
-104
-96
-86
-76
-66
-54
-43
-31
-19
-7
3
13
22
29
34
38
39
39
37
35
31
27
23
19
15
11
7
5
2
1
0
0
0
0
0
1
2
4
5
6
7
8
9
9
9
8
8
7
6
4
3
2
1
1
1
1
1
2
2
3
4
4
5
5
6
7
8
9
11
13
15
17
19
20
22
23
24
24
23
21
19
15
10
5
-1
-8
-15
-23
-30
-38
-44
-50
-55
-59
-62
-63
-63
-61
-59
-55
-50
-44
-38
-32
-26
-21
-16
-11
-7
-4
-2
0
1
4
6
10
14
19
25
32
40
48
58
67
77
85
93
100
104
107
108
107
104
99
94
87
79
71
64
56
48
42
35
30
25
22
19
16
15
14
12
11
10
8
6
3
0
-3
-7
-11
-16
-20
-24
-28
-33
-37
-41
-46
-51
-56
-62
-68
-74
-80
-87
-94
-100
-106
-112
-117
-120
-123
-124
-124
-123
-121
-118
-114
-109
-104
-98
-91
-84
-76
-67
-58
-48
-37
-26
-15
-3
7
19
30
42
53
63
74
84
95
105
116
126
136
146
155
163
169
174
176
176
174
168
160
150
136
121
104
86
67
48
30
12
-3
-17
-30
-40
-49
-55
-60
-64
-66
-67
-67
-67
-67
-67
-67
-68
-68
-68
-69
-68
-68
-66
-64
-61
-58
-54
-50
-46
-42
-38
-34
-32
-29
-28
-27
-26
-26
-27
-28
-29
-30
-30
-29
-28
-25
-21
-15
-9
-2
5
13
20
27
33
37
41
43
44
45
44
44
43
43
43
43
43
43
43
42
42
40
37
33
28
21
13
