10
5
2
0
0
1
5
10
18
27
37
48
59
71
81
90
98
104
108
109
107
103
97
87
76
62
46
28
9
-10
-31
-53
-74
-94
-113
-130
-144
-156
-164
-170
-172
-171
-167
-160
-151
-140
-127
-112
-96
-79
-61
-42
-23
-3
14
32
48
62
73
81
85
87
85
79
72
62
51
40
29
19
11
5
2
1
4
8
15
24
33
42
51
59
66
70
72
72
69
65
57
49
38
27
16
4
-6
-16
-25
-32
-38
-41
-44
-44
-43
-42
-39
-36
-34
-32
-31
-31
-33
-37
-43
-51
-61
-73
-87
-102
-117
-133
-148
-163
-176
-187
-196
-201
-203
-201
-195
-184
-168
-149
-124
-97
-66
-32
2
38
73
108
141
172
200
224
245
262
275
285
290
293
292
288
282
274
263
251
238
224
209
194
179
163
148
133
117
101
84
66
47
27
5
-17
-41
-66
-91
-116
-141
-164
-185
-204
-220
-232
-241
-246
-247
-245
-240
-233
-224
-213
-202
-191
-180
-170
-160
-152
-144
-138
-131
-125
-118
-111
-102
-94
-84
-74
-64
-54
-45
-37
-32
-28
-27
-29
-33
-39
-48
-58
-69
-81
-91
-101
-107
-111
-111
-107
-98
-86
-70
-51
-29
-7
15
37
58
76
92
104
113
119
122
123
123
121
119
117
116
116
116
116
117
117
118
117
115
113
109
105
100
95
90
85
81
78
75
73
71
70
69
68
66
65
63
60
58
55
51
48
45
42
40
38
38
38
39
41
43
46
48
50
51
51
49
46
41
34
25
14
2
-10
-24
-38
-53
-68
-83
-97
-111
-123
-134
-144
-153
-160
-165
-168
-168
-167
-164
-158
-151
-141
-130
-118
-104
-90
-76
-63
-50
-39
-31
-24
-20
-18
-18
-21
-24
-29
-34
-38
-42
-43
-43
-39
-33
-23
-11
4
22
42
63
84
104
123
140
153
164
171
174
175
172
168
161
153
144
134
125
115
107
99
92
86
81
76
72
68
64
60
55
49
43
36
29
21
14
6
0
-5
-9
-13
-14
-15
-14
-12
-9
-6
-2
1
5
8
10
10
8
4
-1
-10
-20
-31
-42
-54
-65
-74
-82
-86
-88
-86
-81
-73
-63
-50
-36
-20
-5
9
23
36
47
55
62
67
69
70
69
66
63
58
53
47
40
33
26
18
10
1
-8
-18
-30
-42
-56
-69
-83
-96
-108
-118
-127
-133
-137
-140
-140
-138
-135
-131
-126
-120
-113
-105
-95
-83
-69
-52
-33
-11
12
38
66
94
122
148
171
191
204
211
210
201
183
156
122
80
33
-16
-69
-120
-169
-214
-253
-284
-307
-321
-326
-322
-311
-291
-266
-236
-203
-167
-131
-95
-60
-27
3
31
57
80
102
121
139
156
172
187
201
214
226
235
243
248
251
249
244
235
223
207
189
168
145
122
99
77
56
36
18
2
-11
-24
-35
-44
-53
-60
-67
-73
-78
-83
-87
-90
-92
-93
-94
-94
-93
-91
-89
-87
-84
-81
-78
-74
-70
-64
-57
-49
-39
-27
-14
1
18
35
54
71
88
103
115
124
129
130
127
119
108
93
76
56
36
16
-3
-21
-36
-48
-56
-60
-59
-55
-48
-37
-24
-10
4
19
34
47
58
67
73
76
77
75
70
63
55
45
35
24
13
2
-8
-19
-30
-42
-54
-66
-80
-93
-107
-121
-135
-147
-158
-167
-173
-176
-176
-171
-163
-150
-133
-112
-89
-63
-37
-10
14
37
57
73
85
92
94
91
85
75
62
48
33
18
4
-7
-18
-28
-36
-44
-52
-61
-73
-87
-104
-125
-150
-177
-206
-236
-265
-291
-312
-328
-336
-336
-326
-307
-278
-240
-194
-142
-85
-25
35
94
150
202
248
286
317
340
355
363
365
361
353
341
327
312
295
278
262
245
229
213
197
180
163
145
127
107
87
66
45
25
5
-12
-30
-45
-60
-73
-84
-94
-103
-111
-118
-124
-131
-137
-143
-149
-155
-161
-166
-171
-175
-177
-178
-177
-174
-169
-161
-151
-139
-125
-108
-90
-71
-50
-28
-6
14
35
54
71
85
96
105
110
112
111
107
102
95
87
78
70
61
53
46
41
36
32
30
28
28
28
29
31
33
36
39
42
46
50
54
58
62
67
71
75
78
81
83
84
84
82
79
75
70
63
56
49
40
32
22
12
2
-9
-21
-34
-48
-62
-76
-90
-102
-112
-119
-122
-120
-114
-102
-85
-64
-39
-12
16
44
72
96
117
133
145
151
152
149
140
128
113
95
77
57
39
22
6
-5
-15
-22
-26
-27
-26
-24
-20
-16
-13
-9
-7
-5
-4
-4
-5
-6
-8
-10
-11
-12
-12
-11
-10
-8
-5
-1
1
6
9
13
15
16
16
14
11
6
0
-8
-17
-28
-39
-51
-65
-78
-93
-107
-121
-136
-149
-162
-174
-184
-193
-199
-203
-204
-203
-199
-192
-183
-172
-160
-146
-132
-117
-104
-91
-79
-68
-59
-50
-42
-34
-26
-16
-6
6
21
38
56
76
97
118
140
160
179
195
209
220
228
233
234
232
226
218
208
195
181
165
149
133
117
101
87
73
61
51
43
36
31
27
23
20
16
11
5
-2
-12
-24
-38
-53
-70
-86
-102
-117
-128
-136
-138
-136
-127
-112
-91
-65
-35
-2
30
63
93
118
137
148
151
145
131
109
80
47
9
-28
-66
-101
-133
-159
-180
-194
-202
-204
-200
-192
-179
-162
-142
-120
-97
-71
-45
-18
8
34
61
86
110
133
153
171
186
197
205
209
210
206
198
187
173
155
135
113
90
65
41
16
-7
-31
-53
-73
-92
-108
-123
-137
-148
-158
-167
-175
-183
-190
-198
-205
-212
-219
-224
-229
-232
-232
-231
-226
-219
-209
-196
-182
-166
-151
-135
-121
-108
-99
-92
-90
-91
-96
-104
-116
-130
-145
-160
-174
-186
-195
-199
-197
-190
-176
-156
-129
-96
-57
-13
35
87
141
197
253
308
361
410
453
491
521
542
554
557
551
535
512
481
445
405
362
318
273
230
188
148
111
77
44
14
-14
-42
-68
-93
-117
-141
-162
-182
-200
-216
-230
-241
-249
-254
-256
-256
-253
-248
-240
-231
-220
-208
-195
-182
-168
-155
-142
-130
-119
-109
-100
-92
-86
-81
-77
-75
-74
-73
-73
-72
-71
-69
-65
-59
-51
-41
-29
-16
-2
11
26
39
51
62
70
77
82
85
87
89
91
95
101
109
121
137
156
178
202
226
251
274
293
308
318
321
317
307
290
268
242
212
181
148
115
82
52
23
-2
-26
-47
-65
-80
-93
-104
-113
-119
-124
-128
-129
-129
-127
-122
-117
-109
-100
-89
-78
-66
-54
-42
-31
-21
-11
-3
4
10
15
19
21
22
22
20
16
11
4
-2
-10
-19
-27
-35
-42
-49
-54
-58
-61
-62
-61
-59
-55
-50
-43
-35
-25
-14
-2
11
26
42
59
76
94
112
128
144
158
169
176
180
179
174
164
149
131
109
84
56
27
-3
-34
-65
-96
-127
-157
-185
-211
-236
-257
-275
-288
-297
-300
-297
-287
-271
-249
-220
-186
-148
-106
-62
-18
23
63
98
128
151
167
176
178
172
161
144
124
100
74
48
23
-1
-23
-43
-60
-74
-86
-94
-101
-106
-110
-113
-115
-117
-118
-120
-121
-122
-123
-122
-120
-117
-113
-107
-99
-90
-80
-69
-57
-46
-36
-27
-19
-13
-9
-6
-6
-6
-7
-9
-11
-12
-13
-13
-12
-10
-6
0
6
16
27
39
53
68
83
98
113
127
139
150
159
166
170
173
173
171
167
161
152
142
130
116
102
87
72
57
43
29
18
8
0
-6
-11
-15
-17
-19
-21
-23
-25
-28
-32
-37
-44
-52
-61
-71
-82
-92
-103
-113
-122
-130
-136
-140
-143
-143
-142
-138
-132
-125
-116
-106
-95
-83
-71
-59
-47
-36
-24
-13
-2
7
18
28
39
50
61
73
85
97
110
124
138
152
167
180
193
205
214
221
225
225
222
214
203
188
170
150
128
105
82
60
40
23
8
-1
-8
-12
-12
-10
-6
-1
2
5
7
5
1
-6
-17
-30
-46
-63
-80
-97
-112
-126
-136
-143
-147
-147
-143
-136
-127
-114
-99
-82
-64
-45
-25
-5
13
32
50
67
82
95
106
116
123
127
129
128
125
120
113
104
93
81
68
55
42
28
15
2
-9
-20
-31
-42
-51
-60
-69
-77
-84
-92
-98
-104
-110
-114
-118
-121
-123
-124
-124
-124
-123
-121
-119
-117
-114
-110
-105
-99
-91
-81
-70
-56
-41
-24
-5
13
33
53
71
87
99
107
110
108
99
84
64
39
9
-21
-54
-87
-118
-145
-168
-185
-196
-200
-197
-187
-170
-148
-121
-90
-57
-22
12
45
76
103
126
145
158
166
168
166
159
148
135
119
102
85
68
52
37
23
11
1
-6
-14
-20
-26
-31
-36
-41
-46
-49
-53
-54
-55
-54
-51
-45
-38
-28
-17
-4
10
25
40
54
68
79
89
97
102
104
104
102
99
94
88
82
77
72
68
65
64
64
66
69
74
79
85
91
96
100
102
101
99
93
85
74
61
45
29
11
-5
-22
-38
-52
-64
-74
-82
-87
-91
-93
-94
-94
-93
-93
-93
-93
-94
-95
-96
-98
-99
-100
-100
-99
-96
-93
-89
-84
-78
-72
-65
-58
-52
-45
-39
-34
-29
-24
-20
-15
-10
-4
1
7
14
20
27
34
40
45
49
53
55
56
56
55
53
50
46
40
34
28
21
14
7
2
-1
-3
-2
0
5
13
23
34
47
60
74
87
98
108
116
120
121
118
110
97
80
57
30
0
-34
-69
-105
-141
-175
-205
-231
-250
-264
-270
-268
-258
-241
-217
-187
-152
-114
-76
-39
-5
23
45
58
63
58
44
23
-5
-38
-74
-111
-147
-180
-208
-230
-246
-253
-253
-246
-232
-212
-187
-159
-129
-97
-65
-34
-3
24
52
77
101
123
144
163
181
198
214
228
241
252
261
267
271
271
268
261
251
237
221
203
182
160
136
113
90
67
46
28
12
0
-10
-16
-18
-18
-15
-9
-2
5
13
20
26
30
32
31
27
21
13
3
-8
-21
-33
-46
-57
-68
-76
-82
-87
-89
-89
-88
-85
-81
-77
-72
-68
-63
-60
-56
-53
-50
-47
-44
-40
-35
-29
-22
-15
-8
0
7
14
21
27
33
38
43
48
52
57
62
67
72
77
83
88
93
98
101
105
107
109
111
112
114
115
117
118
119
120
120
119
117
114
109
103
95
86
77
67
56
46
35
25
15
5
-4
-14
-24
-34
-45
-56
-68
-80
-93
-106
-119
-132
-144
-155
-164
-172
-178
-182
-184
-184
-181
-175
-167
-156
-141
-124
-103
-80
-55
-29
-1
25
51
74
95
111
123
