11
18
24
30
34
36
37
36
33
28
22
14
5
-3
-11
-20
-27
-32
-36
-38
-38
-36
-32
-27
-21
-14
-7
0
8
15
21
27
31
34
35
35
34
32
29
27
24
21
18
15
12
8
3
-3
-12
-24
-38
-55
-74
-96
-119
-143
-166
-189
-211
-229
-243
-253
-258
-258
-251
-239
-221
-198
-171
-141
-108
-74
-39
-6
25
55
81
103
122
136
146
151
153
150
145
136
124
111
97
82
66
51
37
24
12
2
-7
-14
-21
-26
-31
-34
-36
-36
-36
-35
-32
-28
-24
-18
-11
-3
4
12
20
28
36
42
48
53
57
60
63
65
67
68
70
72
74
77
80
83
86
89
92
94
95
95
92
88
81
71
59
45
29
12
-6
-24
-42
-59
-73
-86
-96
-103
-107
-108
-107
-103
-97
-89
-81
-72
-62
-54
-46
-40
-36
-34
-35
-37
-41
-46
-52
-58
-64
-68
-71
-71
-69
-64
-56
-45
-32
-15
3
24
46
70
93
116
138
158
176
190
201
207
210
208
201
191
177
160
141
121
100
79
60
41
25
11
0
-8
-15
-20
-24
-26
-28
-29
-31
-33
-35
-38
-41
-45
-49
-52
-55
-57
-58
-58
-56
-53
-49
-44
-38
-32
-25
-19
-12
-6
0
8
16
26
37
50
65
82
100
121
142
164
186
206
224
238
246
249
245
234
215
190
158
121
80
36
-7
-50
-90
-125
-156
-181
-199
-211
-216
-216
-211
-202
-191
-178
-164
-150
-138
-127
-118
-111
-107
-104
-103
-103
-103
-104
-105
-105
-105
-104
-102
-99
-97
-94
-92
-90
-90
-91
-93
-97
-103
-109
-116
-123
-130
-135
-138
-139
-136
-131
-122
-110
-96
-79
-61
-41
-21
-2
17
35
52
67
80
92
102
111
119
125
131
137
143
150
156
164
171
179
187
193
199
203
204
202
196
186
171
151
127
99
66
31
-5
-42
-79
-114
-145
-172
-192
-206
-213
-213
-205
-191
-171
-146
-118
-87
-56
-25
3
28
49
64
74
78
75
67
53
35
12
-12
-39
-67
-94
-119
-142
-161
-176
-186
-191
-190
-183
-172
-155
-134
-110
-83
-55
-26
1
28
53
76
95
111
123
131
136
136
133
128
120
110
99
88
77
67
57
49
43
38
34
32
31
31
32
33
36
38
41
45
49
54
60
65
72
78
84
90
94
98
100
99
96
91
83
72
60
47
33
18
5
-6
-16
-23
-28
-29
-28
-25
-20
-13
-6
1
9
15
21
25
28
29
29
28
26
24
23
22
22
23
26
30
34
40
47
53
59
65
70
73
76
76
74
71
65
58
49
38
26
13
0
-12
-25
-38
-51
-63
-74
-85
-94
-102
-109
-113
-116
-116
-115
-111
-104
-97
-87
-77
-65
-54
-43
-32
-22
-14
-7
-1
2
4
4
3
1
-1
-5
-10
-15
-21
-27
-33
-39
-45
-50
-56
-61
-65
-69
-71
-71
-70
-67
-61
-52
-40
-26
-9
10
31
54
77
101
123
144
161
175
185
189
189
183
172
157
138
116
92
66
39
13
-11
-35
-56
-76
-93
-108
-121
-132
-142
-151
-158
-165
-171
-176
-180
-182
-182
-181
-177
-171
-162
-152
-139
-124
-109
-92
-76
-60
-44
-30
-18
-7
1
8
12
15
17
17
17
15
14
11
9
6
3
0
-4
-10
-15
-22
-29
-35
-42
-49
-55
-61
-65
-69
-71
-73
-73
-72
-69
-65
-59
-51
-41
-28
-13
3
24
46
70
96
122
149
174
198
220
238
252
263
268
269
266
258
247
232
214
194
173
151
128
107
85
65
47
30
14
0
-12
-24
-34
-44
-52
-60
-68
-75
-81
-87
-92
-96
-99
-101
-102
-101
-99
-96
-91
-85
-79
-72
-65
-58
-51
-44
-39
-34
-31
-28
-27
-27
-28
-30
-31
-33
-34
-34
-34
-33
-31
-27
-23
-18
-13
-6
0
6
14
21
28
35
41
46
50
53
55
56
55
53
51
47
44
40
36
33
31
29
28
28
29
31
34
37
40
43
45
46
46
44
40
35
28
19
11
2
-6
-14
-20
-25
-27
-28
-26
-22
-16
-8
0
9
19
28
37
45
51
56
59
60
59
56
52
46
39
31
23
15
6
-1
-9
-16
-22
-29
-34
-40
-45
-49
-53
-57
-60
-63
-65
-67
-67
-67
-66
-65
-63
-61
-59
-58
-56
-55
-54
-52
-51
-49
-47
-44
-40
-36
-30
-24
-17
-9
-1
7
15
23
31
37
41
43
42
39
33
25
13
0
-15
-32
-49
-66
-82
-96
-108
-117
-122
-124
-121
-115
-104
-89
-72
-51
-28
-4
20
45
68
90
110
127
141
152
159
162
162
158
150
139
126
109
90
70
48
27
6
-12
-29
-44
-54
-62
-66
-66
-64
-59
-52
-44
-35
-26
-16
-8
0
7
13
19
24
29
33
37
40
42
44
44
44
42
39
34
28
19
8
-4
-18
-35
-52
-69
-87
-104
-119
-132
-142
-148
-151
-150
-145
-136
-123
-107
-89
-68
-46
-23
-1
20
41
61
78
93
106
116
124
130
134
136
137
137
137
136
136
135
136
137
138
138
138
137
135
130
122
111
97
79
57
32
4
-25
-56
-88
-119
-149
-176
-200
-220
-236
-247
-252
-253
-249
-240
-228
-213
-196
-177
-157
-137
-116
-96
-76
-57
-38
-20
-3
13
30
46
61
76
89
102
113
123
131
137
141
142
141
138
132
124
114
103
90
76
62
48
36
24
15
7
0
-3
-7
-9
-11
-13
-15
-18
-21
-26
-31
-36
-41
-46
-50
-52
-53
-51
-48
-42
-35
-25
-15
-4
7
17
27
35
40
43
43
41
35
27
18
6
-5
-17
-29
-40
-50
-57
-63
-66
-66
-63
-59
-52
-43
-34
-23
-12
-2
7
16
24
29
33
35
36
35
32
29
26
22
19
17
15
14
14
15
17
20
23
26
30
33
36
39
41
43
43
43
41
39
35
31
26
20
16
11
7
5
3
2
2
3
4
4
4
3
0
-3
-8
-14
-21
-28
-36
-42
-48
-52
-54
-54
-52
-48
-42
-35
-26
-17
-7
1
9
16
21
25
26
26
23
19
13
6
-1
-10
-19
-27
-35
-41
-46
-50
-51
-49
-45
-39
-29
-18
-4
11
28
45
63
80
95
110
122
131
138
142
142
140
136
129
119
108
96
82
68
54
39
25
11
-1
-13
-25
-36
-46
-55
-63
-70
-75
-79
-81
-81
-79
-75
-70
-63
-54
-45
-35
-26
-16
-9
-2
1
3
2
0
-4
-11
-19
-28
-37
-45
-53
-59
-63
-66
-66
-64
-60
-55
-48
-41
-34
-28
-23
-20
-19
-21
-26
-33
-43
-56
-69
-84
-99
-114
-127
-138
-147
-152
-153
-151
-144
-133
-118
-99
-78
-55
-31
-6
16
37
56
70
81
87
89
87
81
72
61
48
36
24
14
6
0
-1
0
4
11
20
32
44
56
68
79
89
97
103
107
109
110
109
108
106
104
102
100
99
97
96
95
93
90
87
83
77
71
64
57
50
44
39
35
32
31
31
32
34
35
37
37
36
33
29
22
14
4
-7
-20
-33
-46
-59
-72
-82
-91
-98
-103
-105
-106
-103
-100
-94
-88
-81
-73
-66
-60
-54
-50
-47
-46
-45
-46
-48
-51
-53
-56
-59
-60
-61
-61
-61
-59
-58
-56
-54
-53
-52
-52
-53
-55
-57
-59
-61
-61
-60
-57
-51
-43
-33
-20
-6
8
23
38
51
62
69
73
72
66
57
43
27
8
-12
-32
-51
-68
-82
-91
-95
-94
-87
-73
-55
-32
-4
24
55
85
114
140
162
179
191
196
196
190
179
163
143
121
97
72
48
25
4
-13
-28
-39
-47
-51
-52
-51
-46
-40
-32
-22
-12
-1
10
21
33
44
55
65
75
83
91
98
103
107
110
110
107
102
93
80
64
44
21
-3
-30
-58
-85
-111
-134
-155
-171
-183
-191
-194
-193
-189
-181
-172
-160
-148
-136
-124
-112
-102
-92
-84
-77
-70
-64
-58
-52
-45
-39
-32
-25
-18
-11
-4
2
9
16
22
29
34
39
44
48
51
53
54
55
54
53
51
49
46
42
39
35
32
28
25
22
20
19
17
17
17
18
19
21
24
27
31
36
41
47
53
58
63
68
71
74
75
75
75
74
72
70
68
67
65
65
65
66
68
71
74
78
82
87
90
93
95
95
93
89
83
75
66
55
43
30
18
6
-3
-12
-20
-26
-30
-32
-33
-31
-29
-24
-19
-12
-4
4
14
24
34
44
53
62
69
75
79
80
79
75
68
58
45
30
11
-8
-29
-52
-75
-98
-120
-140
-159
-175
-189
-200
-208
-212
-214
-213
-209
-202
-193
-181
-168
-154
-139
-123
-106
-90
-74
-58
-43
-29
-15
-2
8
19
28
36
42
47
50
51
49
45
39
30
19
5
-10
-27
-47
-67
-87
-106
-124
-140
-153
-162
-167
-167
-163
-154
-141
-124
-103
-80
-55
-28
-1
25
52
77
102
124
145
164
181
196
208
219
227
232
235
235
233
228
220
210
198
184
168
151
134
116
98
80
63
47
32
17
4
-7
-18
-28
-38
-47
-55
-64
-72
-79
-87
-94
-100
-106
-111
-115
-118
-121
-122
-123
-123
-123
-122
-121
-120
-119
-118
-118
-118
-118
-118
-117
-116
-114
-110
-105
-99
-90
-81
-69
-57
-43
-29
-15
-2
10
21
30
38
42
45
45
43
38
33
26
18
11
5
0
-2
-2
0
3
10
19
29
41
53
66
77
88
97
104
109
111
112
111
109
106
102
98
95
93
93
94
96
99
103
107
111
114
116
116
114
109
103
95
85
74
62
49
36
23
10
-1
-11
-21
-31
-39
-46
-52
-57
-61
-63
-65
-65
-64
-62
-59
-55
-51
-46
-42
-38
-34
-31
-29
-28
-27
-27
-27
-28
-29
-30
-30
-31
-30
-29
-27
-25
-22
-18
-14
-10
-6
-3
-1
0
0
0
-3
-6
-10
-14
-18
-23
-27
-30
-32
-33
-33
-31
-27
-22
-15
-7
0
9
18
26
33
38
41
41
39
35
29
20
11
1
-8
-18
-28
-36
-43
-48
-50
-51
-49
-45
-39
-31
-21
-11
0
12
23
34
43
51
57
60
62
61
57
52
44
34
23
11
-1
-14
-27
-39
-50
-59
-67
-73
-77
-79
-80
-78
-75
-71
-65
-59
-52
-44
-36
-28
-20
-13
-7
-1
2
6
8
9
8
7
5
1
-1
-6
-10
-14
-18
-21
-24
-26
-27
-27
-27
-25
-23
-20
-16
-11
-6
0
6
13
20
27
34
41
47
52
56
59
59
58
55
50
43
35
25
14
2
-9
-21
-32
-41
-49
-56
-59
-61
-59
