-1522
-1545
-1540
-1508
-1455
-1384
-1302
-1213
-1121
-1032
-948
-872
-805
-749
-704
-669
-643
-624
-611
-601
-593
-585
-576
-565
-551
-536
-518
-499
-478
-457
-436
-414
-390
-365
-336
-305
-270
-231
-190
-147
-105
-64
-27
3
27
43
51
50
40
23
0
-30
-64
-100
-138
-174
-208
-238
-263
-281
-292
-297
-295
-287
-276
-261
-244
-227
-210
-193
-175
-157
-137
-114
-87
-54
-16
28
79
136
197
262
330
400
471
542
614
687
760
834
908
984
1060
1136
1212
1285
1354
1418
1475
1523
1559
1583
1592
1586
1564
1526
1473
1407
1327
1238
1141
1038
932
825
717
611
507
406
309
217
130
49
-23
-89
-145
-190
-224
-247
-256
-254
-239
-214
-181
-140
-97
-53
-12
21
45
57
54
34
0
-52
-118
-197
-287
-385
-488
-595
-703
-812
-919
-1024
-1127
-1227
-1322
-1410
-1492
-1562
-1621
-1664
-1690
-1696
-1682
-1648
-1594
-1522
-1434
-1333
-1222
-1105
-986
-867
-751
-640
-537
-443
-358
-284
-220
-167
-123
-86
-57
-31
-8
16
44
79
123
176
240
316
402
497
599
706
813
920
1022
1117
1204
1280
1344
1396
1436
1466
1485
1496
1499
1497
1489
1478
1462
1440
1413
1378
1333
1276
1205
1118
1016
897
763
615
457
292
124
-40
-199
-345
-474
-583
-669
-730
-767
-780
-775
-754
-724
-691
-663
-645
-643
-661
-703
-770
-862
-976
-1108
-1254
-1409
-1565
-1716
-1856
-1978
-2078
-2149
-2189
-2196
-2168
-2104
-2005
-1874
-1711
-1519
-1301
-1060
-799
-523
-236
56
350
640
919
1182
1424
1638
1821
1969
2079
2150
2181
2173
2127
2045
1929
1783
1610
1416
1205
982
753
522
296
79
-123
-307
-471
-610
-725
-815
-880
-923
-946
-952
-947
-933
-916
-898
-884
-876
-875
-882
-896
-914
-934
-951
-959
-955
-932
-886
-813
-710
-575
-411
-219
-5
224
461
698
926
1136
1322
1477
1599
1686
1737
1754
1739
1696
1629
1541
1437
1319
1192
1058
921
784
649
520
399
287
186
96
18
-50
-109
-162
-210
-255
-300
-347
-397
-450
-508
-570
-635
-700
-765
-825
-878
-922
-953
-968
-966
-947
-909
-853
-782
-698
-604
-501
-394
-285
-177
-70
33
133
230
322
409
492
569
639
702
755
797
827
843
844
829
797
747
679
593
488
366
230
80
-78
-243
-408
-567
-717
-849
-960
-1044
-1097
-1118
-1104
-1058
-979
-873
-744
-597
-439
-276
-116
35
173
293
391
465
515
541
545
530
500
460
415
368
326
290
265
252
252
263
283
311
342
372
397
415
422
418
402
374
337
293
246
199
154
115
84
62
50
48
54
66
82
99
114
123
123
111
85
42
-16
-92
-182
-285
-394
-506
-615
-714
-796
-857
-890
-893
-863
-799
-704
-581
-435
-273
-103
65
226
369
488
576
630
648
629
575
490
379
247
102
-49
-200
-344
-476
-591
-684
-755
-801
-822
-819
-795
-751
-689
-613
-526
-429
-325
-215
-99
19
142
268
396
525
652
774
889
993
1081
1151
1197
1218
1211
1175
1109
1015
892
744
573
380
170
-53
-288
-531
-778
-1024
-1265
-1497
-1713
-1909
-2078
-2216
-2316
-2374
-2387
-2352
-2268
-2136
-1960
-1744
-1495
-1221
-930
-633
-339
-56
206
443
648
820
955
1056
1123
1162
1176
1169
1149
1118
1081
1043
1005
971
940
912
889
868
848
829
810
790
767
743
717
689
663
637
616
599
589
587
594
611
636
669
708
753
799
847
893
937
976
1012
1041
1065
1082
1091
1090
1076
1048
1002
936
847
733
592
425
232
14
-224
-480
-748
-1021
-1295
-1559
-1808
-2034
-2229
-2386
-2500
-2568
-2586
-2553
-2472
-2347
-2183
-1987
-1767
-1534
-1295
-1061
-838
-632
-449
-292
-161
-56
23
83
125
155
177
198
220
250
291
345
416
505
612
738
882
1041
1212
1392
1574
1752
1918
2065
2182
2263
2298
2284
2214
2088
1907
1675
1397
1084
746
396
47
-286
-594
-863
-1085
-1252
-1360
-1407
-1395
-1327
-1210
-1051
-863
-656
-443
-237
-48
111
234
313
344
325
256
142
-12
-203
-420
-655
-901
-1148
-1389
-1615
-1820
-1998
-2143
-2253
-2322
-2349
-2333
-2272
-2168
-2022
-1836
-1615
-1361
-1081
-778
-459
-130
204
539
867
1185
1486
1766
2021
2245
2437
2592
2708
2785
2822
2818
2775
2694
2578
2427
2247
2041
1812
1565
1306
1040
773
510
257
20
-198
-393
-563
-706
-821
-909
-970
-1007
-1021
-1014
-990
-951
-898
-835
-764
-688
-610
-532
-456
-385
-321
-267
-222
-189
-167
-158
-159
-171
-192
-221
-257
-297
-342
-390
-440
-493
-548
-607
-670
-740
-818
-904
-1000
-1106
-1221
-1341
-1464
-1584
-1696
-1790
-1861
-1900
-1901
-1858
-1767
-1627
-1440
-1209
-940
-641
-321
8
337
656
956
1228
1467
1668
1827
1945
2021
2058
2059
2028
1969
1889
1792
1682
1566
1445
1322
1200
1078
956
835
713
590
465
339
212
87
-33
-147
-250
-339
-409
-457
-482
-481
-455
-404
-330
-237
-129
-11
111
234
351
460
556
638
705
758
797
825
843
854
860
862
863
861
858
852
841
824
799
764
717
655
578
485
377
254
119
-27
-181
-339
-499
-655
-804
-944
-1071
-1182
-1277
-1354
-1411
-1450
-1469
-1470
-1453
-1419
-1370
-1307
-1231
-1144
-1046
-939
-825
-705
-581
-454
-327
-203
-83
29
132
223
301
364
410
440
453
452
437
410
375
334
290
245
202
164
131
106
89
81
81
88
102
120
141
163
182
197
206
207
199
184
160
129
93
54
14
-22
-55
-81
-100
-109
-109
-99
-81
-55
-23
11
49
86
122
154
182
204
221
233
239
241
240
236
229
221
211
199
184
166
143
115
82
43
0
-47
-96
-143
-185
-220
-243
-253
-248
-227
-191
-141
-81
-12
60
133
204
269
326
376
418
454
485
514
543
575
609
648
690
733
774
808
831
836
818
773
696
587
443
268
65
-158
-397
-642
-882
-1110
-1315
-1491
-1632
-1734
-1795
-1815
-1797
-1744
-1662
-1557
-1436
-1307
-1177
-1052
-941
-848
-777
-733
-717
-729
-769
-835
-921
-1023
-1134
-1248
-1357
-1453
-1529
-1579
-1598
-1582
-1528
-1436
-1306
-1140
-942
-716
-468
-205
65
338
603
856
1087
1292
1465
1603
1705
1768
1797
1792
1760
1706
1636
1557
1477
1401
1336
1286
1253
1240
1245
1268
1305
1352
1404
1455
1499
1532
1549
1545
1520
1471
1398
1304
1189
1057
911
754
591
425
259
96
-60
-209
-349
-479
-598
-706
-805
-896
-979
-1055
-1126
-1192
-1252
-1307
-1355
-1396
-1427
-1447
-1453
-1445
-1420
-1378
-1318
-1240
-1144
-1031
-903
-762
-608
-445
-275
-101
74
247
414
574
723
858
977
1079
1161
1224
1267
1289
1291
1274
1238
1186
1118
1038
947
848
744
637
529
423
322
227
140
64
0
-52
-90
-115
-127
-126
-113
-91
-59
-20
24
72
122
172
220
263
300
329
348
356
354
340
315
281
240
191
138
80
19
-46
-117
-196
-285
-387
-503
-635
-783
-947
-1124
-1311
-1502
-1691
-1870
-2033
-2171
-2277
-2344
-2366
-2339
-2259
-2126
-1940
-1705
-1424
-1106
-757
-388
-9
370
741
1095
1423
1718
1975
2188
2355
2471
2534
2542
2495
2393
2237
2034
1787
1507
1201
880
557
241
-56
-327
-565
-763
-920
-1034
-1107
-1142
-1143
-1117
-1071
-1011
-944
-876
-812
-758
-714
-682
-660
-648
-642
-636
-629
-614
-588
-549
-494
-422
-336
-235
-125
-10
105
216
317
403
470
514
534
528
499
445
372
280
174
57
-67
-194
-323
-448
-567
-677
-776
-862
-931
-983
-1015
-1027
-1019
-989
-940
-872
-786
-685
-571
-445
-310
-168
-21
129
282
435
587
735
878
1014
1140
1253
1353
1435
1499
1543
1565
1564
1542
1499
1437
1357
1263
1158
1044
926
805
684
565
449
337
228
122
18
-84
-188
-293
-401
-511
-623
-736
-849
-958
-1061
-1155
-1235
-1299
-1343
-1365
-1363
-1336
-1286
-1212
-1116
-1002
-871
-727
-574
-415
-254
-94
61
209
348
475
587
685
768
836
888
928
955
971
979
980
975
966
953
937
919
898
873
846
816
784
750
717
685
657
635
621
618
627
650
686
735
796
866
942
1020
1096
1164
1218
1255
1268
1256
1213
1140
1035
899
735
545
334
107
-128
-369
-606
-835
-1049
-1242
-1411
-1551
-1660
-1735
-1776
-1784
-1761
-1708
-1631
-1533
-1419
-1296
-1169
-1044
-925
-818
-724
-648
-590
-550
-527
-519
-523
-536
-554
-572
-589
-599
-602
-594
-575
-545
-502
-449
-386
-314
-236
-153
-69
13
91
162
222
269
301
316
313
293
256
204
141
68
-10
-89
-166
-236
-295
-340
-369
-378
-367
-336
-286
-217
-133
-37
67
177
288
395
494
582
657
716
757
781
788
779
757
724
683
635
585
534
483
433
386
340
295
251
206
160
112
62
10
-45
-101
-160
-218
-276
-331
-384
-432
-475
-511
-540
-561
-573
-578
-573
-560
-538
-507
-468
-421
-367
-307
-241
-172
-102
-32
35
96
150
193
223
240
241
226
196
152
96
32
-36
-106
-172
-230
-276
-306
-317
-308
-279
-231
-165
-86
2
96
192
284
369
444
506
556
593
619
633
640
639
635
627
616
604
590
573
552
526
493
451
401
342
273
197
115
31
-52
-132
-203
-262
-304
-329
-333
-316
-278
-223
-153
-71
17
108
197
279
349
405
442
459
454
426
375
302
209
98
-26
-161
-302
-442
-577
-701
-809
-896
-957
-990
-992
-965
-909
-826
-722
-602
-472
-339
-212
-96
1
77
126
148
143
112
60
-8
-87
-171
-253
-327
-386
-428
-448
-446
-420
-372
-305
-221
-124
-18
91
203
314
420
521
614
699
776
842
898
943
975
994
1000
990
967
930
880
819
748
671
587
500
410
319
227
133
38
-58
-158
-261
-368
-477
-588
-699
-808
-912
-1009
-1094
-1166
-1221
-1257
-1271
-1263
-1232
-1179
-1105
-1011
-899
-773
-636
-491
-344
-197
-55
78
199
305
393
462
511
539
548
538
512
472
423
368
311
256
209
173
151
144
156
185
231
292
364
444
528
611
689
757
812
851
872
872
851
809
746
664
564
450
324
191
55
-79
-207
-323
-424
-505
-563
-597
-606
-589
-550
-490
-413
-323
-227
-129
-34
52
127
187
229
254
260
250
225
188
142
89
34
-21
-74
-123
-166
-202
-231
-254
-270
-282
-291
-298
-303
-310
-317
-324
-333
-341
-349
-354
-355
-352
-344
-331
-312
-288
-261
-231
-200
-170
-143
-119
-102
-92
-90
-97
-113
-140
-178
-226
-284
-352
-427
-508
-592
-677
-758
-830
-890
-933
-954
-950
-915
-848
-747
-613
-445
-248
-25
216
470
727
978
1215
1429
1611
1755
1856
1911
1918
1879
1798
1677
1525
1348
1153
949
743
543
354
183
32
-92
-192
-263
-307
-325
-318
-288
-239
-175
-98
-15
71
157
238
309
366
408
430
432
413
373
314
239
153
59
-36
-129
-215
-290
-352
-399
-433
-453
-464
-468
-467
-466
-468
-473
-486
-505
-533
-567
-608
-654
-701
-749
-793
-832
-862
-880
-886
-878
-854
-816
-765
-702
-630
-552
-471
-393
-319
-254
-202
-163
-142
-137
-149
-178
-220
-273
-333
-397
-459
-514
-559
-588
-598
-587
-550
-489
-402
-290
-156
-3
