-338
-393
-447
-496
-539
-572
-595
-604
-599
-578
-542
-491
-428
-353
-269
-178
-85
9
102
192
277
356
428
494
553
605
650
689
722
749
769
784
792
794
789
776
757
730
694
651
599
538
470
394
310
220
125
26
-74
-177
-278
-378
-472
-560
-640
-709
-765
-807
-833
-841
-831
-802
-756
-691
-611
-517
-412
-300
-182
-64
51
162
264
354
431
492
537
563
571
562
535
494
440
377
308
236
166
100
43
-2
-37
-59
-68
-67
-57
-43
-26
-11
-1
0
-8
-29
-63
-110
-168
-235
-310
-390
-472
-552
-629
-700
-765
-821
-868
-907
-936
-958
-971
-977
-974
-963
-942
-911
-868
-811
-740
-654
-551
-433
-301
-155
0
162
328
492
651
801
938
1060
1165
1252
1322
1374
1409
1431
1439
1436
1424
1404
1378
1347
1313
1275
1235
1193
1149
1105
1060
1016
974
934
897
863
834
807
783
758
732
700
661
610
544
462
361
240
98
-62
-240
-432
-635
-844
-1054
-1260
-1458
-1642
-1808
-1952
-2070
-2160
-2219
-2246
-2242
-2205
-2139
-2045
-1925
-1783
-1623
-1449
-1264
-1072
-877
-683
-493
-310
-136
24
173
306
424
527
614
687
746
794
832
861
883
900
911
918
920
917
910
896
876
848
813
768
714
651
578
496
406
307
202
92
-18
-129
-234
-331
-414
-478
-519
-532
-514
-463
-376
-254
-99
86
297
526
767
1010
1246
1465
1658
1817
1934
2005
2027
1999
1922
1801
1639
1444
1223
986
739
491
250
22
-187
-376
-540
-680
-796
-890
-966
-1029
-1084
-1136
-1192
-1257
-1336
-1432
-1548
-1683
-1835
-1998
-2166
-2331
-2483
-2613
-2709
-2764
-2769
-2721
-2615
-2453
-2236
-1970
-1662
-1322
-961
-589
-218
140
477
784
1054
1283
1467
1607
1703
1759
1779
1768
1731
1674
1603
1522
1436
1347
1259
1174
1093
1018
951
892
842
801
772
752
742
742
749
762
778
795
811
822
827
822
808
782
744
695
635
565
486
398
304
205
101
-6
-116
-227
-339
-451
-560
-667
-768
-863
-950
-1027
-1093
-1145
-1182
-1204
-1210
-1200
-1174
-1133
-1078
-1012
-936
-853
-765
-675
-585
-497
-414
-337
-266
-203
-148
-101
-62
-30
-5
14
27
36
40
41
39
35
28
20
10
0
-11
-22
-33
-42
-50
-56
-58
-58
-53
-44
-31
-15
2
23
44
65
84
102
117
129
140
148
155
162
170
179
190
205
223
245
271
301
335
371
409
449
488
525
559
588
610
624
629
622
605
575
533
480
416
343
263
179
94
11
-66
-134
-191
-233
-259
-267
-258
-232
-190
-134
-68
5
83
162
239
310
372
422
459
480
484
473
446
405
353
293
227
161
98
40
-8
-45
-70
-81
-78
-63
-37
-2
38
82
126
167
200
224
236
232
212
174
119
46
-42
-144
-257
-377
-499
-619
-733
-836
-923
-992
-1038
-1062
-1061
-1037
-991
-927
-847
-756
-658
-558
-460
-367
-284
-211
-150
-102
-66
-40
-22
-10
-1
6
16
29
46
65
86
107
127
142
150
151
142
123
95
59
18
-27
-72
-116
-155
-188
-213
-230
-238
-240
-236
-229
-220
-212
-206
-202
-201
-201
-200
-197
-189
-172
-144
-102
-45
27
115
218
332
453
577
698
811
911
994
1056
1095
1112
1106
1080
1035
977
907
830
749
667
586
508
432
360
292
225
160
94
27
-41
-114
-191
-271
-354
-439
-523
-605
-682
-753
-815
-867
-908
-938
-955
-961
-956
-942
-920
-891
-858
-820
-781
-741
-702
-665
-631
-600
-575
-554
-538
-528
-524
-525
-532
-545
-562
-584
-610
-637
-663
-687
-703
-708
-699
-670
-620
-544
-441
-313
-160
11
198
392
586
772
940
1084
1196
1272
1308
1304
1259
1178
1064
925
768
602
436
279
140
26
-54
-99
-106
-72
-1
103
238
394
566
744
919
1085
1233
1356
1450
1511
1537
1527
1484
1409
1309
1190
1059
923
790
667
560
472
407
364
341
336
342
355
367
373
367
346
307
249
174
85
-14
-119
-223
-322
-411
-487
-548
-593
-624
-644
-657
-668
-682
-703
-737
-786
-853
-937
-1038
-1152
-1275
-1401
-1523
-1635
-1729
-1800
-1842
-1851
-1826
-1766
-1672
-1547
-1395
-1223
-1036
-839
-640
-443
-252
-71
98
254
397
526
643
746
837
916
981
1031
1067
1085
1084
1064
1022
960
877
776
660
533
399
265
137
18
-84
-167
-229
-269
-285
-281
-258
-221
-172
-115
-55
4
62
116
165
207
244
276
303
328
351
373
397
422
449
480
512
547
583
619
652
682
705
719
722
712
689
652
602
539
466
387
304
221
143
73
14
-30
-59
-73
-71
-54
-26
11
54
100
144
183
214
234
242
235
213
174
118
43
-49
-162
-295
-446
-616
-802
-1001
-1208
-1417
-1622
-1815
-1987
-2131
-2240
-2306
-2325
-2294
-2213
-2082
-1907
-1691
-1444
-1175
-895
-613
-342
-91
129
314
457
555
609
623
600
548
475
390
301
215
139
77
32
5
-3
1
17
40
64
85
98
99
85
53
2
-66
-152
-251
-358
-469
-574
-668
-741
-787
-798
-769
-696
-578
-415
-209
32
303
596
899
1202
1495
1767
2008
2211
2371
2482
2543
2554
2519
2441
2326
2181
2012
1828
1635
1440
1247
1061
885
719
566
425
294
173
60
-45
-145
-240
-329
-413
-492
-565
-632
-691
-743
-787
-824
-854
-878
-895
-907
-914
-917
-915
-910
-902
-891
-877
-861
-843
-824
-806
-788
-772
-758
-749
-744
-744
-748
-757
-770
-785
-800
-814
-825
-829
-826
-812
-787
-750
-700
-637
-561
-474
-376
-270
-157
-39
80
203
325
445
562
675
783
883
976
1061
1137
1204
1260
1308
1345
1373
1390
1398
1394
1379
1350
1306
1245
1167
1070
953
819
668
503
329
150
-25
-194
-348
-480
-587
-663
-706
-714
-688
-631
-547
-442
-322
-194
-66
56
166
262
339
398
439
464
478
483
483
482
483
486
493
502
511
518
519
511
489
453
400
329
243
143
35
-77
-189
-294
-386
-462
-517
-549
-558
-545
-512
-461
-398
-327
-253
-179
-112
-52
-3
33
60
76
83
83
78
71
62
53
43
33
21
6
-12
-37
-68
-106
-152
-204
-262
-324
-389
-456
-523
-588
-651
-711
-768
-822
-872
-919
-962
-1003
-1039
-1071
-1098
-1118
-1132
-1136
-1131
-1115
-1089
-1050
-1000
-939
-866
-782
-687
-580
-462
-333
-192
-41
120
290
466
646
825
999
1164
1314
1445
1554
1636
1688
1710
1701
1662
1594
1499
1382
1247
1097
940
780
622
472
336
216
117
42
-8
-35
-38
-20
15
66
127
195
263
329
388
438
475
498
505
496
470
427
367
292
200
92
-29
-165
-314
-474
-644
-819
-998
-1176
-1348
-1511
-1658
-1788
-1897
-1982
-2043
-2079
-2094
-2087
-2064
-2026
-1976
-1919
-1855
-1786
-1712
-1633
-1546
-1448
-1336
-1208
-1059
-888
-694
-477
-239
15
282
554
823
1083
1323
1538
1720
1864
1967
2028
2047
2027
1974
1893
1793
1680
1565
1454
1356
1275
1215
1178
1164
1169
1188
1215
1243
1263
1269
1253
1210
1136
1028
887
714
512
287
45
-206
-460
-709
-944
-1160
-1351
-1510
-1636
-1726
-1779
-1797
-1782
-1737
-1667
-1576
-1469
-1352
-1228
-1102
-976
-854
-735
-621
-512
-406
-301
-197
-92
15
125
239
355
472
588
702
811
913
1006
1087
1157
1213
1253
1278
1285
1274
1245
1196
1129
1042
939
819
687
544
394
241
89
-59
-200
-332
-451
-556
-644
-716
-772
-811
-836
-847
-848
-841
-830
-816
-804
-794
-787
-785
-786
-788
-789
-785
-772
-746
-705
-645
-564
-462
-341
-201
-47
116
285
452
614
763
896
1007
1095
1158
1193
1202
1185
1144
1080
995
893
775
645
505
359
209
59
-88
-230
-365
-491
-605
-707
-796
-872
-935
-986
-1026
-1056
-1076
-1086
-1089
-1082
-1067
-1043
-1009
-965
-908
-839
-756
-659
-548
-422
-283
-131
29
197
370
545
717
885
1045
1193
1326
1442
1537
1609
1657
1677
1670
1636
1576
1491
1384
1260
1123
977
827
678
533
397
273
162
66
-11
-72
-116
-142
-151
-144
-124
-91
-50
-4
43
87
124
148
155
141
103
38
-54
-175
-322
-494
-686
-893
-1108
-1325
-1534
-1729
-1902
-2046
-2154
-2223
-2249
-2231
-2169
-2064
-1921
-1742
-1532
-1299
-1046
-781
-508
-234
37
302
557
799
1025
1234
1423
1590
1732
1847
1933
1987
2006
1988
1933
1840
1711
1550
1361
1151
927
698
473
261
69
-94
-227
-326
-390
-423
-427
-409
-374
-329
-280
-232
-188
-150
-119
-92
-67
-40
-6
37
94
168
260
367
489
620
755
886
1007
1110
1187
1232
1239
1205
1128
1007
843
640
401
132
-161
-474
-798
-1127
-1455
-1774
-2079
-2363
-2620
-2843
-3025
-3161
-3246
-3274
-3242
-3146
-2986
-2763
-2480
-2143
-1759
-1338
-891
-430
32
484
914
1313
1673
1988
2254
2471
2639
2759
2835
2872
2873
2844
2789
2710
2612
2496
2362
2212
2046
1864
1666
1455
1232
1001
765
531
303
86
-115
-299
-462
-606
-732
-844
-947
-1045
-1145
-1252
-1369
-1500
-1644
-1799
-1961
-2125
-2282
-2425
-2544
-2632
-2679
-2681
-2632
-2531
-2377
-2173
-1925
-1638
-1322
-986
-641
-297
35
347
632
884
1098
1272
1404
1496
1547
1558
1532
1469
1370
1237
1072
876
654
409
148
-124
-400
-671
-928
-1162
-1365
-1529
-1647
-1714
-1726
-1681
-1579
-1422
-1213
-957
-662
-334
15
379
747
1109
1456
1780
2074
2331
2545
2712
2829
2894
2904
2859
2760
2608
2406
2159
1871
1551
1207
850
489
138
-193
-494
-754
-965
-1123
-1223
-1266
-1254
-1193
-1090
-954
-796
-626
-456
-294
-148
-25
69
134
169
176
155
112
51
-24
-109
-200
-293
-387
-480
-571
-660
-747
-834
-919
-1004
-1087
-1167
-1240
-1304
-1355
-1389
-1401
-1387
-1344
-1270
-1164
-1026
-857
-660
-439
-200
52
311
569
819
1054
1267
1454
1608
1728
1810
1855
1864
1838
1782
1700
1595
1473
1339
1195
1046
896
747
601
462
330
208
98
0
-83
-153
-208
-250
-278
-295
-302
-301
-293
-280
-261
-237
-208
-171
-126
-71
-5
72
162
263
373
489
606
720
825
916
986
1031
1046
1028
974
886
765
614
439
246
44
-159
-357
-542
-707
-846
-958
-1040
-1093
-1118
-1118
-1099
-1064
-1017
-965
-909
-853
-799
-747
-698
-651
-604
-558
-511
-464
-415
-367
-319
-272
-228
-186
-147
-111
-76
-43
-10
24
63
106
155
209
269
334
400
465
524
573
607
620
609
570
500
401
273
120
-50
-234
-421
-604
-774
-922
-1042
-1130
-1182
-1197
-1174
-1117
-1029
-913
-774
-617
-448
-270
-88
92
269
438
596
739
864
968
1048
1104
1132
1131
1102
1044
959
850
721
575
420
260
103
-43
-174
-282
-362
-411
-428
-412
-365
-292
-198
-89
24
137
239
322
380
406
397
350
265
142
-16
-206
-422
-659
-911
-1168
-1426
-1675
-1909
-2119
-2301
-2447
-2552
-2614
-2630
-2599
-2520
-2397
-2231
-2028
-1792
-1529
-1245
-948
-644
-339
-42
242
509
752
966
1150
1300
1416
1497
1546
1564
1556
1524
1473
1407
1330
1247
1160
1072
987
905
829
759
697
643
598
560
531
508
493
482
475
469
464
457
446
430
407
377
338
292
238
179
116
51
-10
-68
-118
-157
-183
