4
14
22
29
33
35
35
33
30
25
19
14
8
2
-1
-3
-5
-4
-2
0
5
11
18
25
33
41
49
57
64
71
76
81
84
86
86
84
81
75
69
60
50
39
27
14
1
-11
-23
-35
-45
-53
-59
-63
-63
-61
-56
-49
-40
-29
-18
-7
2
11
19
24
27
28
27
24
20
15
11
7
5
5
7
11
18
28
40
53
68
82
96
107
117
122
124
121
114
103
88
72
55
38
24
12
4
1
1
5
12
21
31
40
46
49
47
39
26
8
-15
-42
-73
-104
-135
-163
-188
-208
-222
-230
-231
-226
-216
-201
-182
-159
-135
-109
-82
-54
-26
1
29
57
83
108
130
150
166
178
185
188
185
176
163
145
123
98
69
39
8
-22
-53
-82
-109
-134
-156
-174
-189
-201
-208
-211
-210
-204
-195
-181
-164
-143
-119
-93
-65
-38
-10
14
38
58
75
88
97
101
101
98
91
83
73
64
55
49
44
43
45
50
56
65
74
83
90
96
98
97
93
85
74
59
42
23
4
-15
-34
-52
-67
-80
-90
-96
-100
-101
-100
-96
-92
-86
-79
-71
-62
-53
-42
-31
-18
-4
11
29
47
66
84
103
119
134
145
153
156
155
149
139
125
107
86
64
41
19
0
-18
-32
-44
-53
-59
-64
-68
-73
-79
-88
-100
-115
-132
-153
-174
-196
-217
-236
-252
-263
-269
-270
-266
-256
-241
-222
-199
-175
-149
-121
-94
-66
-39
-11
15
43
72
101
130
160
189
217
242
265
283
296
303
304
299
287
270
249
224
197
169
142
117
96
78
65
57
52
51
53
56
58
60
58
54
45
32
14
-7
-32
-59
-88
-116
-144
-168
-189
-205
-215
-220
-218
-210
-196
-176
-152
-124
-94
-61
-28
3
35
64
90
112
130
144
153
158
158
154
146
135
121
105
88
71
54
37
22
8
-4
-16
-27
-39
-51
-64
-79
-95
-113
-132
-150
-168
-183
-194
-200
-200
-193
-178
-155
-124
-86
-43
4
54
104
153
198
237
269
291
304
307
300
283
258
226
188
148
106
65
26
-9
-39
-64
-82
-95
-101
-102
-98
-89
-78
-64
-49
-33
-18
-4
8
18
26
31
33
32
28
21
11
0
-12
-26
-40
-54
-67
-80
-91
-101
-109
-115
-120
-122
-122
-119
-114
-106
-96
-83
-67
-50
-32
-12
8
28
49
69
89
106
123
136
148
155
159
159
154
145
130
112
89
62
33
2
-29
-61
-91
-120
-145
-168
-186
-200
-211
-217
-219
-218
-213
-205
-194
-181
-166
-148
-130
-110
-89
-68
-48
-29
-11
4
17
27
35
39
41
39
36
30
24
17
11
5
1
-1
-2
-1
1
5
10
15
21
27
33
38
43
46
50
52
55
56
58
60
62
65
67
71
74
78
83
87
91
95
98
99
100
99
96
92
86
79
70
61
51
40
30
20
11
2
-5
-13
-19
-25
-30
-34
-38
-41
-43
-45
-46
-47
-47
-48
-48
-48
-48
-49
-50
-52
-55
-58
-63
-68
-74
-80
-86
-92
-97
-102
-107
-110
-112
-114
-113
-111
-107
-100
-91
-79
-64
-46
-24
0
28
58
90
123
156
188
218
244
267
284
295
299
296
285
267
243
212
175
135
92
48
4
-36
-75
-108
-136
-157
-172
-179
-180
-175
-164
-150
-131
-111
-88
-65
-42
-20
1
22
41
59
75
89
100
107
112
112
108
99
86
68
46
20
-8
-39
-71
-103
-134
-162
-185
-204
-217
-224
-223
-216
-202
-183
-158
-129
-96
-62
-27
7
40
71
99
124
144
161
173
181
184
185
181
175
166
154
141
126
110
94
78
63
49
36
25
16
10
5
2
1
1
2
2
2
0
-3
-8
-16
-26
-39
-53
-68
-84
-100
-116
-130
-142
-152
-159
-162
-162
-158
-151
-141
-128
-112
-94
-74
-54
-33
-13
5
22
37
49
58
64
67
67
65
62
57
52
47
42
37
33
30
26
22
17
11
4
-4
-14
-27
-41
-56
-71
-87
-102
-116
-129
-139
-147
-151
-152
-150
-145
-136
-124
-109
-92
-73
-53
-32
-10
11
33
54
75
94
112
128
141
151
157
160
160
156
149
138
126
112
96
79
62
45
28
12
-4
-20
-35
-50
-63
-76
-87
-96
-103
-106
-105
-101
-91
-76
-56
-31
-1
32
68
105
142
177
209
234
253
263
264
255
237
209
173
129
79
24
-33
-91
-149
-204
-255
-299
-336
-364
-382
-390
-386
-373
-349
-317
-278
-233
-184
-134
-83
-35
9
50
85
115
140
159
173
183
190
193
194
194
192
189
186
182
178
174
170
166
162
158
154
150
147
144
141
138
136
134
133
131
128
124
118
109
98
83
65
43
19
-7
-36
-65
-94
-122
-148
-170
-189
-204
-213
-218
-218
-213
-203
-189
-172
-151
-128
-104
-79
-53
-28
-5
16
35
50
62
70
73
71
63
51
34
12
-12
-39
-68
-96
-123
-147
-167
-183
-193
-198
-198
-193
-185
-174
-161
-147
-133
-119
-106
-95
-84
-75
-67
-59
-52
-44
-35
-25
-14
-1
14
31
50
70
92
115
139
162
185
207
228
248
265
280
293
302
308
310
309
303
294
281
264
244
221
195
168
138
106
74
40
6
-27
-61
-94
-127
-158
-186
-213
-236
-255
-270
-278
-281
-276
-264
-243
-215
-179
-136
-88
-36
17
70
120
166
204
234
254
264
262
250
227
196
156
111
61
9
-42
-93
-140
-182
-217
-244
-263
-274
-276
-271
-259
-241
-221
-198
-174
-151
-130
-112
-96
-83
-72
-63
-54
-44
-32
-18
0
23
50
82
119
157
198
239
277
313
343
367
384
393
394
387
373
352
326
296
264
229
194
159
125
92
62
35
11
-10
-27
-41
-52
-59
-62
-62
-59
-53
-46
-39
-31
-25
-20
-18
-19
-23
-31
-43
-57
-74
-93
-113
-133
-153
-173
-191
-208
-223
-235
-245
-253
-258
-261
-261
-259
-255
-249
-241
-230
-218
-203
-187
-169
-150
-131
-113
-96
-80
-67
-56
-48
-43
-41
-41
-44
-49
-55
-62
-69
-76
-81
-84
-85
-82
-74
-62
-45
-22
5
37
73
112
153
193
232
269
301
328
349
364
372
373
367
356
341
321
299
275
250
224
199
173
148
124
99
74
49
23
-2
-29
-55
-83
-109
-136
-162
-186
-208
-228
-244
-257
-266
-272
-273
-270
-263
-253
-241
-228
-213
-199
-186
-176
-168
-163
-163
-166
-174
-184
-198
-213
-229
-245
-259
-271
-278
-280
-277
-267
-251
-227
-198
-162
-121
-77
-30
17
65
111
155
194
228
256
277
292
300
301
296
286
271
253
232
210
187
165
145
127
112
100
92
87
85
85
88
93
98
104
110
116
121
125
129
132
135
138
141
144
147
151
155
158
161
163
163
160
153
142
125
104
77
46
9
-30
-72
-116
-160
-202
-241
-275
-303
-325
-339
-344
-342
-332
-315
-290
-260
-225
-186
-144
-100
-54
-7
40
87
135
181
225
268
308
344
376
403
423
437
443
440
430
412
387
356
319
279
235
191
146
103
61
22
-12
-45
-73
-98
-120
-139
-155
-168
-178
-187
-192
-196
-197
-197
-194
-189
-182
-174
-165
-155
-144
-132
-120
-109
-97
-86
-75
-65
-55
-47
-40
-35
-32
-31
-32
-36
-42
-51
-63
-77
-93
-110
-129
-149
-167
-185
-201
-214
-223
-227
-227
-222
-212
-197
-177
-154
-127
-99
-69
-38
-7
22
51
78
103
126
145
162
175
185
191
193
192
187
179
167
153
137
119
100
81
61
43
25
9
-3
-15
-24
-32
-37
-42
-45
-47
-49
-51
-52
-52
-52
-52
-51
-49
-47
-45
-42
-40
-38
-37
-37
-39
-41
-46
-51
-57
-63
-69
-75
-80
-83
-85
-84
-81
-76
-67
-57
-44
-28
-12
5
24
43
61
77
92
104
112
117
119
116
110
101
89
75
59
43
27
11
-2
-13
-22
-27
-29
-27
-20
-11
2
19
40
63
89
118
148
178
210
240
268
294
315
331
340
341
333
317
293
260
219
173
121
66
10
-44
-97
-145
-187
-222
-249
-268
-278
-280
-275
-264
-248
-228
-207
-184
-163
-142
-122
-104
-88
-73
-59
-46
-32
-18
-3
12
29
47
65
82
97
110
119
124
123
116
104
85
62
34
2
-30
-64
-97
-129
-157
-182
-201
-216
-225
-229
-228
-221
-211
-198
-181
-162
-141
-119
-97
-73
-50
-26
-2
22
46
70
94
117
139
160
179
196
212
224
234
240
244
244
241
235
225
213
197
178
157
133
106
77
47
15
-16
-48
-79
-108
-134
-157
-176
-191
-200
-204
-203
-196
-183
-165
-142
-114
-84
-52
-18
14
44
71
93
108
116
116
108
92
69
40
6
-30
-67
-104
-138
-168
-191
-208
-216
-216
-208
-193
-171
-144
-114
-82
-49
-18
10
34
54
68
76
80
78
72
61
48
32
13
-5
-26
-47
-68
-88
-107
-125
-140
-153
-163
-170
-172
-170
-163
-151
-135
-115
-92
-65
-37
-9
18
43
65
82
94
100
100
93
81
65
45
23
2
-17
-33
-44
-49
-46
-34
-15
10
43
81
122
165
207
246
281
311
333
348
355
353
344
326
302
271
235
195
153
110
67
26
-11
-44
-73
-95
-112
-123
-128
-128
-123
-115
-102
-88
-71
-53
-35
-17
0
14
28
40
51
59
65
69
72
73
72
69
65
58
50
39
26
10
-6
-26
-47
-68
-90
-111
-131
-148
-163
-174
-181
-183
-181
-175
-164
-149
-131
-111
-90
-68
-47
-27
-8
7
21
33
42
48
53
55
55
54
51
47
41
34
27
18
9
-1
-12
-24
-36
-49
-60
-71
-80
-87
-92
-93
-92
-88
-82
-73
-63
-52
-42
-32
-23
-15
-9
-4
-1
1
5
9
14
20
29
39
52
65
79
92
105
116
124
128
129
124
115
102
84
62
37
10
-16
-44
-71
-96
-118
-136
-151
-160
-166
-166
-163
-155
-143
-127
-109
-88
-65
-42
-18
4
26
46
64
78
88
95
98
96
91
83
72
59
45
30
16
4
-5
-12
-15
-13
-7
2
17
37
60
85
111
137
162
183
200
211
214
210
199
179
153
121
84
45
4
-36
-75
-111
-143
-171
-193
-209
-219
-223
-221
-214
-202
-185
-163
-138
-109
-79
-48
-17
12
40
64
83
98
106
110
107
100
88
73
56
39
23
10
0
-5
-7
-4
2
11
23
36
47
57
64
67
66
61
51
39
25
10
-3
-13
-19
-19
-12
0
22
49
81
117
155
192
225
254
275
288
291
283
266
239
204
161
114
64
13
-35
-82
-124
-161
-191
-216
-235
-248
-257
-261
-261
-259
-254
-246
