771
771
771
771
772
772
772
772
772
772
772
772
772
773
773
773
773
773
773
773
773
773
774
774
774
774
774
774
774
774
774
775
775
775
775
775
775
775
775
775
776
776
776
776
776
776
776
776
776
776
777
777
777
777
777
777
777
777
777
778
778
778
778
778
778
778
778
778
778
779
779
779
779
779
779
779
779
779
780
780
780
780
780
780
780
780
780
780
781
781
781
781
781
781
781
781
781
781
782
782
782
782
782
782
782
782
782
782
783
783
783
783
783
783
783
783
783
783
783
784
784
784
784
784
784
784
784
784
784
785
785
785
785
785
785
785
785
785
785
785
786
786
786
786
786
786
786
786
786
786
786
787
787
787
787
787
787
787
787
787
787
787
788
788
788
788
788
788
788
788
788
788
788
789
789
789
789
789
789
789
789
789
789
789
790
790
790
790
790
790
790
790
790
790
790
790
791
791
791
791
791
791
791
791
791
791
791
792
792
792
792
792
792
792
792
792
792
792
792
793
793
793
793
793
793
793
793
793
793
793
793
793
794
794
794
794
794
794
794
794
794
794
794
794
795
795
795
795
795
795
795
795
795
795
795
795
795
796
796
796
796
796
796
796
796
796
796
796
796
796
797
797
797
797
797
797
797
797
797
797
797
797
797
798
798
798
798
798
798
798
798
798
798
798
798
798
798
799
799
799
799
799
799
799
799
799
799
799
799
799
799
800
800
800
800
800
800
800
800
800
800
800
800
800
800
800
801
801
801
801
801
801
801
801
801
801
801
801
801
801
801
802
802
802
802
802
802
802
802
802
802
802
802
802
802
802
803
803
803
803
803
803
803
803
803
803
803
803
803
803
803
803
804
804
804
804
804
804
804
804
804
804
804
804
804
804
804
804
804
805
805
805
805
805
805
805
805
805
805
805
805
805
805
805
805
805
806
806
806
806
806
806
806
806
806
806
806
806
806
806
806
806
806
806
807
807
807
807
807
807
807
807
807
807
807
807
807
807
807
807
807
807
807
808
808
808
808
808
808
808
808
808
808
808
808
808
808
808
808
808
808
808
808
808
809
809
809
809
809
809
809
809
809
809
809
809
809
809
809
809
809
809
809
809
809
810
810
810
810
810
810
810
810
810
810
810
810
810
810
810
810
810
810
810
810
810
810
811
811
811
811
811
811
811
811
811
811
811
811
811
811
811
811
811
811
811
811
811
811
811
811
811
812
812
812
812
812
812
812
812
812
812
812
812
812
812
812
812
812
812
812
812
812
812
812
812
812
812
812
813
813
813
813
813
813
813
813
813
813
813
813
813
813
813
813
813
813
813
813
813
813
813
813
813
813
813
813
813
813
814
814
814
814
814
814
814
814
814
814
814
814
814
814
814
814
814
814
814
814
814
814
814
814
814
814
814
814
814
814
814
814
814
814
815
815
815
815
815
815
815
815
815
815
815
815
815
815
815
815
815
815
815
815
815
815
815
815
815
815
815
815
815
815
815
815
815
815
815
815
815
815
815
815
815
816
816
816
816
816
816
816
816
816
816
816
816
816
816
816
816
816
816
816
816
816
816
816
816
816
816
816
816
816
816
816
816
816
816
816
816
816
816
816
816
816
816
816
816
816
816
816
816
816
816
816
816
816
816
816
816
816
817
817
817
817
817
817
817
817
817
817
817
817
817
817
817
817
817
817
817
817
817
817
817
817
817
817
817
817
817
817
817
817
817
817
817
817
817
817
817
817
817
817
817
817
817
817
817
817
817
817
817
817
817
817
817
817
817
817
817
817
817
817
817
817
817
817
817
817
817
817
817
817
817
817
817
817
817
817
817
817
817
817
817
817
817
817
817
817
817
817
817
817
817
817
817
817
817
817
817
817
817
817
817
817
817
817
817
817
817
817
817
817
817
817
817
817
817
817
817
817
817
817
817
817
817
817
817
817
817
817
817
817
817
817
817
817
817
817
817
817
817
817
817
817
817
817
817
817
817
817
817
817
817
817
817
817
817
817
817
817
817
817
817
817
817
817
817
817
817
817
817
817
817
817
817
817
817
817
817
817
817
817
817
817
817
817
817
817
817
817
817
817
817
817
817
817
817
817
817
817
817
817
817
817
817
817
817
817
817
817
817
817
817
817
817
817
817
817
817
817
817
817
817
817
817
817
816
816
816
816
816
816
816
816
816
816
816
816
816
816
816
816
816
816
816
816
816
816
816
816
816
816
816
816
816
816
816
816
816
816
816
816
816
816
816
816
816
816
816
816
816
816
816
816
816
816
816
816
816
816
816
816
816
816
816
815
815
815
815
815
815
815
815
815
815
815
815
815
815
815
815
815
815
815
815
815
815
815
815
815
815
815
815
815
815
815
815
815
815
815
815
815
815
815
815
815
815
815
815
814
814
814
814
814
814
814
814
814
814
814
814
814
814
814
814
814
814
814
814
814
814
814
814
814
814
814
814
814
814
814
814
814
814
814
814
813
813
813
813
813
813
813
813
813
813
813
813
813
813
813
813
813
813
813
813
813
813
813
813
813
813
813
813
813
813
813
813
813
812
812
812
812
812
812
812
812
812
812
812
812
812
812
812
812
812
812
812
812
812
812
812
812
812
812
812
812
812
811
811
811
811
811
811
811
811
811
811
811
811
811
811
811
811
811
811
811
811
811
811
811
811
811
811
811
811
810
810
810
810
810
810
810
810
810
810
810
810
810
810
810
810
810
810
810
810
810
810
810
810
810
809
809
809
809
809
809
809
809
809
809
809
809
809
809
809
809
809
809
809
809
809
809
809
809
808
808
808
808
808
808
808
808
808
808
808
808
808
808
808
808
808
808
808
808
808
808
807
807
807
807
807
807
807
807
807
807
807
807
807
807
807
807
807
807
807
807
807
807
806
806
806
806
806
806
806
806
806
806
806
806
806
806
806
806
806
806
806
806
806
805
805
805
805
805
805
805
805
805
805
805
805
805
805
805
805
805
805
805
805
804
804
804
804
804
804
804
804
804
804
804
804
804
804
804
804
804
804
804
803
803
803
803
803
803
803
803
803
803
803
803
803
803
803
803
803
803
803
802
802
802
802
802
802
802
802
802
802
802
802
802
802
802
802
802
802
801
801
801
801
801
801
801
801
801
801
801
801
801
801
801
801
801
801
800
800
800
800
800
800
800
800
800
800
800
800
800
800
800
800
800
799
799
799
799
799
799
799
799
799
799
799
799
799
799
799
799
799
798
798
798
798
798
798
798
798
798
798
798
798
798
798
798
798
798
797
797
797
797
797
797
797
797
797
797
797
797
797
797
797
797
796
796
796
796
796
796
796
796
796
796
796
796
796
796
796
796
795
795
795
795
795
795
795
795
795
795
795
795
795
795
795
794
794
794
794
794
794
794
794
794
794
794
794
794
794
794
793
793
793
793
793
793
793
793
793
793
793
793
793
793
793
792
792
792
792
792
792
792
792
792
792
792
792
792
792
792
791
791
791
791
791
791
791
791
791
791
791
791
791
791
791
790
790
790
790
790
790
790
790
790
790
790
790
790
790
789
789
789
789
789
789
789
789
789
789
789
789
789
789
788
788
788
788
788
788
788
788
788
788
788
788
788
788
787
787
787
787
787
787
787
787
787
787
787
787
787
787
786
786
786
786
786
786
786
786
786
786
786
786
786
786
785
785
785
785
785
785
785
785
785
785
785
785
785
784
784
784
784
784
784
784
784
784
784
784
784
784
783
783
783
783
783
783
783
783
783
783
783
783
783
782
782
782
782
782
782
782
782
782
782
782
782
782
781
781
781
781
781
781
781
781
781
781
781
781
781
780
780
780
780
780
780
780
780
780
780
780
780
780
779
779
779
779
779
779
779
779
779
779
779
779
779
778
778
778
778
778
778
778
778
778
778
778
778
777
777
777
777
777
777
777
777
777
777
777
777
777
776
776
776
776
776
776
776
776
776
776
776
776
775
775
775
775
775
775
775
775
775
775
775
775
774
774
774
774
774
774
774
774
774
774
774
774
773
773
773
773
773
773
773
773
773
773
773
773
772
772
772
772
772
772
772
772
772
772
772
772
771
771
771
771
771
771
771
771
771
771
771
771
770
770
770
770
770
770
770
770
770
770
770
770
769
769
769
769
769
769
769
769
769
769
769
769
768
768
768
768
768
768
768
768
768
768
768
767
767
767
767
767
767
767
767
767
767
767
767
766
766
766
766
766
766
766
766
766
766
766
765
765
765
765
765
765
765
765
765
765
765
765
764
764
764
764
764
764
764
764
764
764
764
763
763
763
763
763
763
763
763
763
763
763
762
762
762
762
762
762
762
762
762
762
762
761
761
761
761
761
761
761
761
761
761
761
760
760
760
760
760
760
760
760
760
760
760
760
759
759
759
759
759
759
759
759
759
759
759
758
758
758
758
758
758
758
758
758
758
758
757
757
757
757
757
757
757
757
757
757
756
756
756
756
756
756
756
756
756
756
756
755
755
755
755
755
755
755
755
755
755
755
754
754
754
754
754
754
754
754
754
754
754
753
753
753
753
753
753
753
753
753
