-78
-84
-88
-90
-89
-86
-80
-73
-64
-54
-44
-33
-23
-13
-4
3
9
14
17
17
16
13
7
0
-9
-20
-32
-45
-57
-69
-79
-88
-94
-98
-98
-94
-87
-76
-62
-44
-24
-1
23
48
74
100
124
147
167
184
198
207
213
214
211
204
192
178
161
141
120
98
75
53
31
10
-9
-26
-42
-56
-68
-78
-86
-93
-98
-102
-105
-107
-108
-109
-108
-107
-106
-103
-101
-97
-94
-90
-86
-82
-78
-74
-70
-65
-60
-55
-50
-45
-40
-35
-30
-27
-24
-23
-23
-23
-25
-26
-28
-29
-29
-27
-24
-19
-11
-1
9
22
36
49
62
74
83
90
93
93
89
82
71
58
43
28
13
0
-11
-19
-23
-23
-18
-10
0
14
30
46
62
77
90
101
109
114
117
116
113
108
100
92
82
73
63
53
44
35
27
19
11
4
-3
-10
-18
-25
-33
-41
-48
-55
-62
-68
-73
-78
-82
-85
-88
-90
-92
-93
-94
-94
-94
-94
-93
-92
-90
-88
-85
-82
-78
-74
-70
-65
-60
-54
-47
-40
-32
-23
-13
-2
9
22
35
48
60
72
82
90
96
100
102
100
97
91
83
73
61
49
36
22
9
-3
-16
-27
-38
-47
-55
-62
-68
-71
-73
-73
-70
-65
-58
-48
-36
-22
-6
9
26
42
58
71
82
91
96
98
97
93
85
75
62
48
32
15
-1
-18
-34
-49
-63
-75
-86
-95
-103
-108
-113
-115
-116
-115
-112
-108
-101
-93
-83
-72
-58
-44
-28
-12
5
22
39
56
72
88
102
114
125
134
141
146
148
149
147
144
139
133
125
116
107
98
88
79
70
61
54
47
41
37
33
30
28
26
25
25
25
25
25
26
26
26
25
25
23
21
18
14
9
3
-3
-11
-21
-31
-43
-55
-67
-80
-93
-105
-117
-127
-137
-145
-151
-156
-160
-161
-161
-159
-156
-150
-143
-134
-124
-112
-100
-86
-72
-57
-43
-29
-16
-4
6
15
23
29
34
37
39
39
39
38
36
34
32
30
29
29
30
31
34
37
42
46
51
56
61
66
70
73
76
77
78
77
75
72
68
63
58
51
44
36
29
21
15
8
3
0
-2
-2
0
3
9
17
27
39
52
65
79
92
104
114
122
128
130
128
122
113
99
81
60
36
10
-18
-47
-76
-104
-130
-155
-176
-193
-207
-216
-222
-223
-221
-216
-208
-199
-189
-177
-166
-156
-146
-137
-129
-121
-115
-108
-102
-94
-87
-78
-68
-57
-45
-32
-20
-7
5
17
28
39
49
58
65
71
77
80
83
83
83
81
78
73
68
61
55
47
40
33
26
19
13
8
4
1
0
-2
-2
-2
-2
-2
-2
-3
-5
-8
-13
-19
-27
-37
-47
-58
-68
-78
-86
-93
-96
-96
-93
-86
-76
-63
-47
-29
-9
11
32
52
72
89
104
116
125
131
133
132
129
124
117
110
102
95
88
83
79
77
77
78
80
84
87
90
92
93
91
87
79
69
56
41
23
5
-14
-33
-52
-70
-86
-101
-113
-123
-131
-135
-137
-136
-132
-125
-115
-103
-90
-75
-59
-43
-27
-11
2
16
28
39
48
55
61
66
70
73
76
78
79
81
82
83
84
85
85
85
84
83
81
79
76
73
71
68
65
63
60
59
57
56
55
54
53
51
50
47
44
39
32
24
13
1
-12
-28
-45
-64
-82
-101
-119
-135
-150
-161
-170
-174
-175
-171
-164
-153
-138
-121
-102
-80
-59
-36
-15
5
24
41
56
67
76
81
84
84
81
77
71
65
58
52
46
42
39
38
38
39
41
44
47
50
53
55
56
56
54
52
49
45
40
35
29
23
18
12
6
0
-6
-13
-21
-30
-39
-48
-58
-67
-75
-83
-89
-93
-95
-95
-93
-89
-83
-75
-66
-57
-47
-36
-27
-18
-11
-5
-1
0
0
-2
-6
-11
-16
-23
-29
-35
-40
-44
-46
-47
-45
-41
-36
-27
-17
-6
6
20
33
46
58
67
75
80
83
83
81
77
72
66
59
52
45
39
33
28
23
20
16
13
11
8
5
1
-2
-7
-13
-20
-27
-35
-43
-51
-57
-63
-66
-68
-67
-63
-57
-49
-39
-27
-15
-3
8
19
28
35
39
41
40
37
33
27
21
15
9
4
0
-2
-4
-5
-6
-5
-4
-3
-2
-1
-1
-2
-5
-8
-13
-18
-25
-32
-40
-48
-56
-63
-68
-72
-74
-74
-72
-66
-59
-48
-36
-21
-5
11
27
43
58
70
79
84
87
86
82
75
67
57
47
37
27
19
12
7
3
1
0
1
2
5
7
10
13
16
17
18
18
16
12
8
2
-4
-12
-21
-29
-38
-47
-55
-62
-69
-75
-79
-83
-85
-85
-84
-82
-79
-74
-68
-61
-54
-46
-38
-30
-21
-13
-6
1
8
14
20
26
30
35
38
41
43
44
44
42
40
36
31
26
20
14
7
1
-4
-10
-15
-19
-21
-23
-23
-21
-18
-13
-7
0
8
16
26
35
44
52
59
65
70
72
73
71
67
61
52
42
31
19
7
-4
-14
-22
-27
-30
-30
-28
-23
-16
-8
1
10
19
28
35
41
46
48
49
48
45
41
34
26
17
7
-3
-15
-26
-38
-49
-59
-69
-77
-84
-90
-95
-98
-98
-97
-94
-89
-82
-73
-61
-48
-33
-17
0
18
36
55
72
88
102
114
122
127
129
127
121
112
100
86
70
54
37
22
8
-2
-12
-18
-22
-23
-22
-20
-17
-13
-10
-8
-6
-6
-7
-10
-13
-17
-20
-24
-27
-29
-29
-28
-25
-21
-16
-9
-1
5
13
20
26
30
32
32
31
28
24
19
15
11
8
7
7
8
11
14
18
22
25
28
29
29
27
24
19
12
5
-3
-11
-20
-29
-37
-44
-49
-52
-54
-54
-52
-50
-46
-43
-39
-37
-35
-34
-36
-39
-43
-50
-58
-68
-79
-90
-102
-114
-125
-135
-142
-147
-150
-149
-145
-138
-128
-115
-99
-81
-62
-41
-20
0
22
42
62
80
96
111
123
133
140
144
144
141
134
123
109
91
72
50
28
6
-13
-30
-44
-54
-59
-59
-54
-45
-33
-16
1
21
40
59
77
92
103
111
115
115
111
103
93
81
67
52
37
22
8
-4
-16
-26
-35
-42
-48
-53
-56
-59
-62
-63
-65
-66
-66
-66
-66
-65
-64
-62
-59
-56
-52
-47
-42
-36
-30
-23
-17
-10
-4
0
4
7
9
11
11
11
11
11
11
12
14
16
19
23
27
31
35
39
42
44
45
45
44
42
40
37
33
30
26
23
20
17
15
13
11
9
7
6
4
3
1
0
0
0
0
0
2
4
7
11
14
18
21
23
25
26
27
26
24
22
19
16
14
12
10
10
10
12
16
20
26
33
39
46
53
58
62
64
64
61
56
48
37
25
10
-4
-20
-35
-50
-63
-74
-83
-89
-92
-92
-90
-85
-78
-70
-61
-51
-40
-29
-18
-7
3
13
24
35
45
56
65
75
83
91
97
102
105
106
107
105
102
98
93
87
81
73
66
59
51
44
37
30
22
15
8
0
-7
-15
-24
-33
-42
-52
-61
-70
-79
-87
-95
-102
-108
-112
-115
-117
-118
-117
-115
-113
-109
-106
-102
-99
-95
-92
-88
-85
-81
-76
-71
-64
-57
-48
-39
-28
-17
-6
4
16
26
36
45
52
58
62
63
63
61
55
48
38
25
10
-6
-25
-45
-66
-87
-107
-126
-141
-153
-161
-163
-160
-152
-138
-120
-98
-72
-45
-18
7
32
54
72
87
97
103
106
104
100
94
86
78
69
60
51
43
37
31
26
23
20
19
19
20
22
26
30
36
41
47
53
58
63
66
68
70
70
69
67
65
62
59
55
51
47
43
38
33
27
21
14
7
-1
-10
-20
-31
-42
-53
-64
-75
-85
-93
-100
-105
-108
-110
-109
-106
-101
-94
-87
-78
-68
-58
-47
-37
-26
-16
-6
3
12
20
27
34
39
44
47
49
50
50
48
44
39
34
27
19
11
2
-5
-13
-21
-27
-32
-36
-37
-38
-36
-33
-28
-23
-16
-10
-4
1
5
8
10
10
10
9
7
6
6
7
10
14
20
26
34
43
52
61
69
77
84
90
94
96
97
97
95
92
89
85
81
78
75
73
72
72
73
74
75
76
77
77
75
73
69
64
57
49
40
29
16
3
-10
-25
-39
-53
-66
-78
-88
-95
-101
-103
-103
-100
-94
-86
-75
-62
-47
-32
-15
1
17
33
47
59
69
77
82
84
84
81
77
70
62
52
42
31
21
10
0
-8
-17
-25
-32
-39
-45
-50
-54
-58
-61
-63
-65
-65
-65
-64
-62
-60
-57
-55
-53
-50
-49
-47
-46
-46
-47
-48
-50
-53
-57
-62
-68
-74
-81
-89
-97
-105
-114
-123
-131
-139
-147
-154
-159
-163
-165
-165
-162
-157
-150
-141
-129
-115
-100
-83
-66
-47
-28
-9
9
28
48
67
87
106
125
144
163
182
200
217
234
249
263
275
285
294
299
302
302
299
293
284
272
257
239
218
195
170
142
113
83
51
20
-11
-42
-72
-102
-131
-159
-185
-210
-234
-256
-275
-293
-306
-316
-322
-323
-319
-310
-296
-276
-252
-224
-192
-158
-122
-86
-51
-18
11
37
58
73
81
83
79
68
51
30
4
-24
-54
-84
-112
-137
-157
-172
-179
-179
-171
-156
-133
-104
-70
-32
7
47
87
125
158
188
212
230
243
249
249
245
235
222
206
187
167
147
126
106
88
70
54
39
25
13
1
-8
-18
-28
-37
-46
-55
-64
-73
-81
-89
-96
-101
-105
-106
-104
-99
-91
-80
-66
-50
-31
-10
10
32
54
75
94
110
124
135
142
146
147
144
138
129
118
104
89
73
56
39
22
5
-9
-24
-37
-49
-59
-67
-74
-79
-82
-84
-84
-82
-78
-73
-66
-57
-47
-35
-22
-8
7
24
41
58
76
93
108
123
135
144
151
155
155
151
145
135
124
110
96
81
66
52
40
29
21
15
11
9
9
10
12
15
17
18
19
18
15
11
5
-2
-12
-23
-34
-46
-58
-69
-80
-90
-98
-105
-111
-116
-119
-121
-122
-122
-121
-119
-116
-113
-109
-104
-100
-95
-91
-87
-84
-82
-80
-80
-81
-83
-86
-90
-96
-103
-110
-119
-127
-136
-144
-152
-158
-162
-165
-164
-161
-153
-142
-127
-107
-84
-56
-26
7
42
77
113
147
178
206
230
249
262
269
271
267
258
244
226
205
181
157
131
106
82
59
38
20
4
-8
-18
-25
-29
-30
-28
-25
-19
-12
-3
5
14
22
29
35
