171
162
150
135
117
96
74
50
26
3
-17
-37
-52
-65
-72
-76
-75
-71
-63
-53
-42
-30
-19
-10
-2
1
2
0
-4
-12
-23
-36
-50
-64
-79
-93
-105
-116
-124
-130
-133
-133
-131
-126
-119
-110
-100
-90
-80
-72
-65
-60
-59
-61
-66
-75
-87
-102
-119
-138
-157
-175
-191
-205
-215
-222
-224
-222
-216
-206
-193
-177
-160
-141
-123
-106
-90
-77
-66
-58
-53
-50
-49
-49
-51
-53
-54
-54
-53
-49
-43
-34
-21
-5
13
36
63
92
124
157
192
227
262
295
326
354
378
397
411
419
421
416
404
386
361
329
292
250
205
156
107
57
8
-37
-80
-118
-151
-178
-198
-212
-219
-220
-215
-205
-191
-173
-153
-132
-111
-91
-72
-56
-43
-33
-27
-24
-25
-29
-36
-45
-55
-66
-76
-85
-92
-96
-97
-94
-88
-78
-65
-49
-31
-11
9
30
51
71
89
104
117
127
133
137
137
136
132
126
120
114
108
102
98
95
93
93
94
96
100
104
108
113
117
120
122
122
120
115
108
98
86
72
56
40
23
6
-8
-23
-35
-45
-52
-57
-59
-58
-56
-51
-45
-38
-30
-22
-15
-9
-4
-2
-1
-2
-5
-9
-14
-20
-25
-30
-33
-33
-31
-26
-18
-6
8
26
47
69
92
115
138
159
178
193
205
213
216
214
207
196
180
160
138
112
84
56
26
-2
-31
-59
-86
-112
-135
-157
-176
-192
-206
-216
-224
-229
-230
-229
-225
-218
-209
-198
-185
-171
-157
-142
-127
-112
-98
-85
-73
-63
-54
-46
-40
-36
-33
-32
-32
-34
-38
-43
-50
-60
-71
-84
-100
-116
-134
-152
-169
-185
-198
-207
-211
-209
-201
-185
-162
-132
-95
-52
-6
43
93
141
187
226
259
284
299
305
301
289
269
244
214
182
150
118
89
64
43
26
15
7
3
3
4
6
9
12
14
14
14
12
9
6
2
0
-4
-7
-9
-11
-11
-12
-12
-12
-12
-13
-16
-20
-26
-33
-43
-54
-66
-79
-92
-105
-118
-130
-140
-150
-157
-163
-168
-171
-172
-172
-170
-167
-162
-156
-147
-136
-123
-107
-89
-70
-48
-25
-2
21
45
69
91
112
131
147
161
172
180
185
186
185
181
174
166
157
146
136
126
117
108
101
96
92
89
88
87
86
85
83
80
76
69
59
47
33
17
0
-19
-38
-57
-75
-92
-107
-119
-128
-134
-136
-136
-133
-126
-117
-106
-93
-79
-63
-46
-29
-12
4
20
34
47
57
64
69
70
69
64
58
50
40
31
22
14
7
2
0
1
4
9
17
27
38
49
59
69
76
80
80
76
68
55
38
18
-3
-27
-50
-73
-93
-109
-121
-128
-129
-125
-115
-100
-81
-59
-35
-11
11
33
51
64
73
77
76
71
62
50
37
24
12
2
-4
-9
-10
-8
-4
1
7
12
15
16
12
4
-7
-24
-44
-67
-91
-115
-138
-158
-173
-183
-186
-183
-173
-156
-134
-107
-77
-45
-13
16
42
63
79
87
89
85
76
62
45
27
9
-7
-20
-30
-35
-36
-32
-23
-9
6
25
45
65
84
102
118
131
141
149
153
154
154
151
146
140
133
126
118
110
102
94
88
81
75
70
64
58
51
44
35
24
12
-1
-17
-34
-51
-69
-87
-103
-119
-132
-143
-151
-156
-157
-154
-148
-138
-124
-106
-85
-62
-36
-9
18
45
72
96
118
136
150
160
164
164
159
149
135
117
96
73
49
24
0
-21
-42
-61
-77
-90
-99
-105
-108
-107
-104
-97
-88
-76
-63
-49
-35
-21
-8
1
9
13
14
11
4
-5
-18
-33
-51
-69
-87
-104
-120
-134
-144
-151
-155
-154
-149
-141
-128
-112
-93
-71
-47
-22
3
28
53
77
99
119
136
149
159
165
167
165
159
150
137
123
106
88
71
53
38
24
12
3
-2
-5
-5
-3
0
4
9
14
18
21
23
24
23
22
20
19
17
17
18
20
24
28
34
40
45
49
52
52
48
41
31
17
0
-19
-40
-62
-83
-104
-121
-136
-147
-154
-157
-155
-149
-139
-125
-109
-92
-73
-54
-36
-20
-6
3
10
14
13
9
2
-8
-20
-34
-48
-63
-77
-90
-102
-112
-121
-127
-132
-135
-137
-137
-137
-136
-135
-133
-130
-127
-122
-116
-109
-99
-86
-70
-52
-30
-6
20
49
79
110
141
171
200
225
248
266
280
289
293
291
284
271
255
234
211
185
159
132
106
81
59
38
21
6
-5
-15
-22
-27
-31
-34
-37
-39
-43
-47
-52
-58
-65
-72
-80
-88
-95
-101
-105
-107
-107
-104
-98
-89
-77
-63
-47
-29
-10
9
28
47
64
79
91
99
103
102
96
86
71
51
27
0
-30
-63
-96
-129
-160
-190
-216
-237
-254
-266
-272
-273
-268
-260
-247
-230
-211
-189
-164
-137
-109
-78
-45
-11
24
62
100
139
177
213
247
278
304
325
340
349
352
348
339
324
305
282
258
232
206
180
156
133
113
95
80
67
55
46
38
32
27
22
17
13
8
3
-1
-8
-15
-22
-31
-40
-49
-57
-66
-73
-79
-83
-84
-83
-79
-73
-64
-53
-41
-28
-16
-6
1
6
7
2
-6
-21
-40
-64
-91
-121
-151
-182
-210
-237
-259
-278
-291
-299
-301
-298
-291
-278
-262
-242
-219
-194
-166
-137
-106
-75
-42
-10
21
52
83
111
137
161
180
196
208
215
217
214
207
195
179
160
138
114
90
67
45
25
9
-3
-11
-15
-15
-11
-4
5
15
26
36
45
52
57
58
55
50
41
30
17
3
-11
-24
-36
-46
-53
-55
-54
-49
-41
-28
-14
2
21
39
56
72
85
95
100
102
99
93
82
68
52
34
16
-2
-20
-36
-50
-62
-71
-77
-80
-80
-77
-72
-66
-58
-49
-41
-34
-28
-24
-23
-24
-28
-35
-43
-52
-62
-70
-77
-81
-82
-80
-73
-62
-48
-31
-11
9
31
51
71
89
104
116
124
130
132
131
127
120
110
97
82
64
43
21
-1
-25
-48
-70
-91
-109
-124
-136
-144
-149
-150
-147
-142
-133
-123
-111
-97
-83
-68
-53
-38
-24
-9
4
17
31
44
57
70
84
97
110
123
134
145
154
160
164
166
164
159
152
141
129
116
102
88
76
65
56
51
48
47
49
53
58
63
68
72
74
74
71
65
57
46
34
20
6
-7
-20
-31
-40
-47
-51
-52
-52
-50
-47
-44
-42
-40
-39
-40
-42
-46
-51
-55
-60
-65
-68
-70
-70
-67
-62
-55
-46
-35
-23
-11
1
12
23
31
36
38
36
31
22
9
-5
-24
-44
-67
-91
-115
-139
-163
-185
-205
-221
-235
-244
-249
-249
-243
-233
-219
-200
-177
-153
-126
-98
-70
-44
-18
3
23
40
53
62
68
70
70
68
65
61
57
53
52
51
53
57
63
71
81
92
104
116
129
142
155
166
176
185
192
197
199
199
196
190
181
168
151
130
106
77
46
11
-26
-65
-106
-147
-187
-226
-263
-297
-327
-351
-370
-383
-389
-387
-378
-362
-338
-308
-273
-233
-189
-142
-95
-48
-2
40
80
115
146
171
190
204
213
216
214
209
201
190
178
164
150
136
121
107
93
80
67
54
43
31
21
11
2
-5
-11
-17
-21
-24
-26
-27
-27
-27
-26
-25
-25
-24
-24
-25
-26
-26
-27
-26
-25
-22
-17
-10
-1
10
24
40
58
76
95
112
129
143
154
162
165
165
162
154
143
130
114
97
79
61
44
27
12
-1
-13
-23
-31
-38
-42
-45
-47
-47
-46
-44
-41
-38
-34
-29
-24
-19
-14
-9
-5
-1
1
2
2
0
-2
-7
-13
-19
-27
-34
-41
-48
-54
-59
-62
-65
-67
-69
-69
-69
-69
-68
-67
-66
-64
-61
-58
-53
-48
-42
-34
-25
-15
-4
7
21
35
50
65
81
97
112
127
141
155
167
177
186
194
199
201
201
198
192
182
168
151
131
108
84
58
33
9
-12
-31
-45
-55
-60
-61
-57
-50
-39
-27
-13
0
12
22
31
37
40
40
38
34
29
23
17
11
5
1
0
-1
0
2
6
9
13
15
16
14
10
2
-9
-25
-43
-65
-90
-117
-145
-174
-203
-231
-258
-283
-305
-324
-339
-349
-355
-356
-353
-344
-331
-313
-291
-266
-239
-209
-179
-148
-117
-87
-59
-34
-10
10
28
44
59
72
85
98
112
127
143
160
178
196
214
231
246
257
264
267
264
255
242
224
202
177
150
123
97
72
50
30
15
2
-6
-12
-16
-19
-21
-23
-25
-28
-31
-35
-39
-42
-44
-44
-41
-35
-27
-15
-1
14
31
46
60
70
75
73
65
49
26
-2
-36
-74
-113
-153
-190
-224
-253
-275
-291
-298
-297
-289
-272
-248
-218
-183
-145
-104
-62
-20
18
55
87
115
138
154
166
171
172
167
159
146
131
113
94
74
54
34
15
-3
-20
-36
-51
-65
-79
-91
-103
-114
-125
-134
-141
-147
-150
-150
-146
-139
-128
-112
-92
-68
-40
-9
23
59
95
132
167
200
231
257
280
297
310
317
320
319
314
306
297
285
273
261
249
236
224
211
197
183
166
148
128
105
79
52
22
-7
-38
-69
-99
-127
-153
-176
-196
-213
-226
-235
-241
-242
-241
-236
-227
-216
-203
-187
-169
-151
-131
-111
-91
-72
-53
-36
-21
-7
3
12
19
23
25
26
24
21
17
12
6
0
-6
-14
-21
-29
-37
-45
-53
-60
-68
-75
-81
-87
-91
-94
-95
-94
-91
-84
-74
-61
-43
-22
1
28
56
86
116
144
171
195
216
232
244
250
252
249
242
230
215
198
178
158
137
117
97
79
61
45
28
12
-4
-21
-40
-59
-79
-99
-118
-137
-154
-169
-182
-191
-196
-198
-196
-190
-181
-168
-152
-135
-116
-96
-75
-55
-35
-16
0
16
30
42
53
62
69
75
79
83
85
86
87
86
85
84
82
80
78
77
75
74
72
70
68
65
62
57
52
45
37
28
18
8
-1
-10
-20
-28
-36
-43
-48
-54
-58
-63
-67
-72
-77
-82
-88
-93
-99
-104
-110
-115
-121
-126
-131
-135
-138
-141
-142
-143
-142
-140
-137
-133
-130
-127
-124
-123
-124
-127
-132
-138
-146
-154
-163
-171
-178
-182
-183
-180
-173
-161
-143
-120
-91
-57
-19
23
68
115
163
209
253
294
330
361
385
404
415
420
419
412
399
382
362
338
313
285
257
229
200
172
144
117
90
65
40
16
-6
-28
-48
-68
-86
-103
-119
-133
-145
-156
-165
-173
-178
-183
-186
-188
-189
-189
-189
-188
-187
-185
-183
-180
-176
-171
-165
-159
-152
-145
-137
-129
-121
-113
-104
-96
-87
-78
-69
-60
-50
-40
-30
-20
-11
-3
3
8
