-7
-9
-11
-12
-13
-13
-11
-9
-6
-2
1
7
13
19
27
35
43
52
61
71
81
91
101
110
119
127
133
138
141
141
138
132
122
110
94
76
55
34
12
-9
-29
-47
-62
-74
-83
-88
-89
-86
-80
-70
-58
-44
-29
-13
2
18
33
46
58
68
76
82
86
87
88
86
84
81
77
72
68
64
59
55
51
47
43
38
33
27
20
12
3
-7
-18
-31
-45
-59
-74
-88
-102
-116
-127
-137
-145
-151
-153
-154
-152
-147
-140
-130
-119
-105
-90
-73
-55
-35
-14
6
29
51
73
94
114
133
149
164
175
182
187
187
183
174
162
145
125
102
76
49
22
-5
-32
-58
-81
-103
-122
-139
-153
-165
-175
-184
-190
-195
-199
-201
-201
-201
-199
-196
-191
-186
-178
-170
-160
-148
-135
-120
-104
-86
-66
-45
-22
1
26
51
77
102
125
148
168
185
199
210
216
219
218
213
204
192
177
159
138
116
93
69
46
24
3
-14
-29
-41
-49
-54
-55
-52
-46
-38
-28
-16
-4
8
19
29
38
44
48
48
47
42
36
27
17
6
-4
-16
-28
-39
-49
-59
-68
-76
-84
-90
-96
-101
-105
-108
-110
-110
-109
-106
-102
-96
-89
-81
-72
-63
-53
-44
-36
-29
-23
-19
-16
-15
-15
-17
-19
-23
-27
-31
-36
-40
-43
-46
-48
-48
-48
-47
-45
-42
-38
-34
-29
-25
-20
-15
-9
-3
2
10
18
27
36
47
58
69
80
91
101
111
120
127
133
138
142
145
146
147
147
147
146
144
142
140
137
133
129
123
117
109
100
90
80
68
57
45
32
21
9
-1
-12
-23
-33
-43
-52
-62
-72
-82
-92
-103
-113
-122
-132
-140
-147
-152
-157
-159
-160
-160
-158
-155
-150
-144
-137
-129
-120
-110
-99
-88
-76
-64
-51
-39
-27
-15
-4
6
16
25
33
40
45
48
50
49
47
43
37
29
20
10
0
-10
-20
-29
-37
-43
-46
-46
-43
-38
-28
-16
-1
16
36
58
81
104
127
150
171
191
208
222
234
243
249
252
252
248
242
232
220
204
185
164
140
114
86
56
25
-4
-35
-64
-92
-117
-140
-159
-175
-187
-196
-200
-200
-198
-192
-183
-173
-161
-148
-135
-122
-109
-96
-84
-73
-63
-53
-43
-34
-25
-17
-8
0
6
14
21
28
34
40
44
46
48
47
45
41
35
29
21
12
3
-4
-12
-18
-23
-27
-28
-28
-26
-22
-17
-10
-3
4
12
19
27
34
40
46
51
55
58
61
64
66
68
70
72
75
77
79
82
83
85
85
84
81
77
70
62
51
39
24
8
-8
-26
-44
-63
-81
-98
-113
-127
-140
-150
-159
-165
-169
-172
-173
-172
-169
-165
-159
-151
-142
-130
-117
-102
-85
-66
-45
-23
0
23
47
71
95
117
137
156
171
184
193
199
201
200
195
187
177
164
150
134
118
102
87
71
56
42
28
14
1
-10
-22
-34
-45
-55
-65
-73
-80
-86
-90
-92
-93
-92
-90
-86
-81
-77
-72
-67
-64
-61
-60
-61
-62
-65
-69
-74
-79
-84
-89
-93
-97
-100
-102
-103
-104
-104
-103
-102
-101
-98
-95
-90
-84
-76
-66
-53
-38
-20
0
23
48
74
100
126
151
173
191
204
213
215
212
202
187
167
142
115
85
55
25
-2
-27
-48
-65
-77
-83
-84
-81
-73
-61
-46
-30
-13
3
18
32
43
51
56
57
56
51
45
36
26
16
6
-2
-9
-15
-19
-20
-19
-17
-13
-7
-2
3
9
13
16
17
17
15
10
5
-2
-10
-20
-29
-38
-47
-54
-60
-65
-67
-68
-67
-64
-60
-54
-47
-40
-32
-25
-17
-11
-5
-1
1
3
2
0
-2
-7
-12
-19
-26
-33
-40
-45
-50
-53
-54
-53
-50
-44
-37
-28
-18
-6
4
16
28
39
48
56
63
68
71
72
72
70
67
63
59
54
50
47
45
44
45
47
51
56
62
68
73
78
81
82
81
77
71
62
52
40
26
13
0
-12
-23
-31
-37
-40
-40
-36
-29
-19
-8
4
17
30
42
50
56
57
54
45
32
15
-5
-29
-55
-81
-107
-130
-151
-167
-179
-186
-188
-185
-177
-165
-149
-131
-109
-86
-62
-37
-13
9
32
52
71
87
101
113
121
127
130
130
127
122
113
103
91
77
62
46
31
16
2
-10
-21
-31
-38
-44
-48
-50
-51
-50
-47
-44
-39
-35
-30
-25
-20
-16
-13
-10
-9
-8
-7
-7
-6
-6
-5
-4
-2
-1
0
1
2
2
1
0
-2
-5
-8
-11
-14
-17
-19
-21
-22
-22
-23
-23
-24
-24
-26
-28
-31
-35
-39
-43
-48
-52
-55
-57
-57
-56
-53
-48
-41
-32
-21
-9
2
15
26
37
47
55
61
65
68
69
70
70
70
70
70
71
71
71
71
71
69
67
64
59
54
48
41
35
29
23
18
15
13
13
14
17
20
24
27
29
30
28
23
15
3
-11
-28
-48
-69
-90
-111
-130
-145
-157
-165
-168
-166
-159
-148
-134
-116
-97
-76
-55
-33
-13
5
22
38
51
61
69
75
78
79
79
77
74
71
68
64
61
59
58
59
61
64
69
76
84
93
102
111
119
126
131
132
131
126
118
105
90
72
51
29
5
-17
-40
-63
-83
-102
-118
-131
-142
-149
-154
-156
-155
-152
-147
-140
-131
-122
-111
-101
-90
-80
-70
-60
-52
-43
-36
-28
-22
-15
-9
-4
0
5
9
12
15
17
19
19
19
18
16
13
9
4
-1
-6
-12
-17
-21
-24
-25
-24
-21
-16
-9
-1
9
20
33
45
58
70
80
89
96
100
102
100
96
89
80
69
56
43
29
15
3
-8
-17
-24
-30
-33
-34
-34
-32
-29
-25
-21
-17
-13
-9
-5
-2
1
4
7
10
13
15
16
17
17
17
16
14
11
8
5
3
0
-1
-2
-2
-1
1
4
9
15
22
29
35
41
45
48
47
43
36
26
12
-3
-22
-41
-60
-79
-95
-108
-117
-123
-123
-120
-112
-101
-88
-73
-57
-41
-27
-14
-4
2
7
9
9
8
5
3
1
1
1
2
5
8
12
16
20
23
25
26
27
27
27
26
26
27
28
30
33
37
42
47
52
58
63
67
70
72
73
73
71
68
64
58
53
46
40
33
27
21
16
10
5
1
-2
-7
-10
-14
-17
-20
-23
-25
-27
-28
-30
-31
-32
-32
-32
-33
-32
-32
-31
-29
-26
-23
-19
-14
-9
-3
2
8
13
17
21
23
23
23
21
19
16
13
9
6
2
0
-3
-5
-8
-10
-12
-14
-16
-17
-19
-20
-22
-24
-27
-30
-34
-38
-43
-49
-55
-61
-66
-71
-75
-78
-80
-80
-78
-75
-70
-64
-57
-49
-41
-33
-26
-20
-16
-13
-12
-13
-15
-19
-23
-28
-34
-38
-42
-45
-47
-46
-43
-37
-28
-16
0
18
40
64
92
121
151
181
211
239
265
287
305
317
324
323
316
301
279
249
214
172
127
78
26
-24
-74
-122
-165
-204
-236
-261
-279
-290
-293
-289
-279
-263
-243
-221
-196
-170
-144
-118
-94
-71
-50
-31
-14
0
13
24
33
41
46
50
51
51
50
46
42
37
32
27
21
16
11
7
3
0
-3
-7
-10
-13
-16
-19
-23
-26
-29
-32
-35
-37
-38
-39
-38
-37
-34
-31
-26
-20
-12
-3
6
17
29
41
54
66
77
86
94
100
104
105
104
100
94
86
76
65
52
38
24
10
-2
-15
-26
-35
-43
-49
-52
-54
-54
-52
-49
-45
-41
-37
-33
-29
-27
-25
-23
-23
-23
-23
-23
-22
-21
-18
-14
-9
-2
6
15
26
37
47
57
66
72
77
78
77
72
65
55
43
29
13
-2
-18
-33
-48
-60
-70
-78
-83
-85
-84
-81
-75
-68
-59
-49
-39
-28
-18
-9
0
6
12
16
19
19
19
16
13
8
2
-4
-11
-18
-25
-31
-36
-40
-42
-43
-42
-39
-34
-27
-19
-11
-1
7
16
25
32
39
44
47
49
49
48
47
45
43
41
41
41
43
47
52
58
65
73
81
88
95
101
105
108
109
108
105
101
95
88
80
72
63
53
44
35
27
19
12
5
0
-4
-8
-11
-14
-16
-18
-20
-21
-23
-24
-26
-28
-30
-32
-35
-38
-41
-45
-49
-54
-59
-64
-70
-76
-83
-90
-97
-104
-111
-118
-124
-128
-131
-133
-132
-130
-126
-120
-113
-105
-96
-86
-76
-64
-53
-41
-28
-16
-3
8
20
31
40
49
55
59
61
60
57
51
43
33
21
9
-2
-14
-24
-33
-40
-45
-48
-49
-47
-45
-40
-35
-29
-21
-13
-4
5
15
27
39
52
65
78
92
104
115
125
133
138
140
140
136
129
119
106
91
74
56
37
19
1
-14
-28
-41
-51
-59
-66
-70
-73
-75
-75
-74
-72
-69
-65
-60
-55
-49
-43
-36
-29
-21
-13
-4
4
12
21
30
38
46
53
59
64
68
72
74
75
76
75
73
70
66
60
53
44
33
21
8
-5
-20
-36
-53
-70
-86
-102
-116
-129
-139
-147
-151
-152
-150
-143
-133
-120
-103
-84
-62
-39
-14
10
36
62
86
110
131
150
166
179
188
193
194
190
183
171
155
136
114
89
62
35
7
-19
-44
-67
-86
-101
-113
-119
-121
-119
-113
-103
-90
-75
-59
-42
-26
-10
3
15
25
31
35
35
33
28
22
14
5
-3
-12
-19
-25
-30
-32
-33
-31
-28
-23
-17
-10
-4
2
8
13
17
21
23
25
26
27
27
26
25
24
23
21
20
18
17
17
18
21
25
30
38
46
55
65
74
81
87
90
89
86
80
70
57
42
26
8
-9
-26
-42
-57
-71
-83
-93
-102
-111
-119
-127
-135
-143
-151
-159
-165
-170
-172
-172
-169
-163
-153
-141
-125
-108
-90
-70
-52
-34
-19
-6
2
8
10
8
3
-5
-16
-28
-42
-56
-68
-80
-89
-96
-99
-99
-96
-89
-80
-68
-54
-38
-22
-6
9
25
40
54
67
80
92
104
115
127
138
148
159
168
176
184
189
193
195
195
194
190
185
178
170
161
150
139
127
114
101
88
75
63
50
37
24
11
-1
-14
-26
-39
-51
-63
-74
-85
-94
-101
-108
-113
-116
-118
-119
-119
-118
-117
-114
-111
-107
-104
-100
-96
-92
-89
-86
-83
-81
-79
-77
-76
-74
-72
-69
-66
-61
-55
-48
-40
-30
-19
-7
4
18
31
44
57
69
81
92
101
110
117
124
129
133
137
139
139
139
137
133
128
121
113
103
92
80
68
55
41
28
14
1
-10
-22
-32
-42
-49
-56
-60
-64
-66
-67
-67
-67
-67
-67
