-30
-25
-22
-20
-20
-20
-22
-25
-28
-32
-35
-38
-41
-43
-44
-45
-46
-46
-46
-45
-44
-44
-42
-41
-39
-37
-34
-31
-27
-22
-16
-9
-2
5
14
23
32
41
51
60
68
77
84
91
97
103
107
110
111
111
110
106
100
93
83
73
60
47
33
19
4
-10
-25
-40
-54
-68
-81
-93
-104
-113
-120
-126
-129
-130
-128
-124
-118
-110
-100
-89
-77
-64
-52
-41
-31
-22
-15
-8
-3
1
6
12
20
29
40
53
68
85
104
122
141
158
172
184
191
193
190
181
166
146
122
93
62
28
-4
-38
-69
-99
-124
-146
-163
-176
-184
-188
-187
-182
-173
-161
-145
-128
-108
-87
-65
-43
-22
-2
15
32
46
58
68
76
82
86
89
90
90
88
85
82
77
71
63
55
45
33
20
6
-8
-25
-42
-60
-78
-96
-112
-127
-140
-150
-158
-161
-161
-158
-151
-141
-128
-112
-94
-75
-54
-33
-11
10
31
52
72
91
108
124
139
151
161
169
174
175
173
168
159
148
134
118
101
83
65
47
31
16
4
-5
-13
-18
-22
-23
-22
-21
-18
-15
-12
-9
-7
-4
-2
0
0
2
3
5
7
10
13
17
21
27
33
41
48
57
65
74
81
87
91
92
91
86
78
66
52
34
15
-4
-25
-46
-65
-83
-99
-112
-122
-129
-134
-136
-136
-133
-129
-124
-118
-111
-104
-97
-90
-84
-79
-76
-74
-73
-74
-77
-81
-85
-89
-93
-96
-98
-98
-96
-92
-86
-78
-70
-60
-51
-42
-34
-28
-23
-21
-21
-24
-27
-32
-37
-42
-45
-46
-44
-38
-28
-14
2
23
45
69
93
115
135
152
165
173
177
175
170
160
147
131
115
97
81
66
54
44
39
36
37
42
48
57
66
76
85
92
98
102
102
101
96
89
80
69
56
42
27
12
-4
-20
-36
-52
-66
-80
-92
-102
-111
-117
-120
-120
-118
-113
-106
-95
-83
-69
-53
-37
-20
-3
12
27
40
51
59
64
66
63
57
48
35
19
2
-16
-35
-54
-70
-84
-95
-102
-105
-105
-101
-94
-84
-72
-59
-46
-33
-21
-10
-1
5
10
13
15
16
17
19
21
24
29
34
41
48
54
60
65
67
68
66
61
53
42
29
13
-2
-19
-36
-52
-67
-78
-87
-92
-93
-90
-84
-73
-60
-44
-26
-6
13
34
54
73
90
105
118
129
137
143
148
150
151
151
151
151
151
151
151
152
153
153
152
151
148
144
138
131
121
108
94
78
60
40
20
0
-20
-40
-59
-76
-91
-105
-116
-126
-133
-140
-145
-149
-152
-154
-156
-158
-160
-161
-163
-166
-168
-170
-173
-174
-176
-176
-175
-172
-168
-161
-152
-142
-129
-114
-97
-79
-59
-39
-18
1
21
40
57
71
83
91
96
97
95
90
81
70
57
41
25
9
-7
-23
-38
-51
-62
-70
-75
-78
-77
-74
-68
-60
-50
-38
-24
-10
4
19
34
49
64
78
90
102
112
120
127
131
133
133
132
128
123
117
109
101
93
84
76
68
61
55
51
48
46
45
45
46
47
49
50
51
50
49
47
43
38
31
22
12
0
-12
-25
-39
-53
-67
-80
-92
-102
-110
-117
-122
-124
-124
-122
-118
-111
-103
-94
-83
-71
-60
-48
-37
-26
-16
-6
1
8
15
20
25
29
31
33
35
35
35
35
34
33
32
30
28
25
22
18
14
9
3
-2
-8
-16
-24
-32
-41
-50
-59
-68
-77
-85
-92
-97
-100
-101
-99
-95
-88
-79
-68
-54
-40
-24
-8
8
23
38
51
63
72
80
85
89
91
91
90
88
85
82
78
73
68
62
56
50
43
37
30
24
18
13
9
5
2
0
-1
-2
-3
-3
-2
-1
0
1
2
4
6
7
9
10
12
13
15
16
17
17
17
16
15
12
8
3
-2
-9
-17
-25
-33
-41
-48
-54
-59
-63
-66
-68
-68
-68
-67
-64
-62
-58
-54
-50
-45
-40
-35
-28
-22
-16
-9
-2
3
9
14
18
21
23
24
24
22
20
17
13
8
3
0
-5
-8
-11
-14
-15
-15
-14
-13
-12
-10
-9
-8
-7
-7
-8
-10
-11
-13
-15
-15
-14
-12
-7
0
10
23
38
56
76
97
120
142
163
183
201
215
225
230
230
224
213
196
173
145
113
78
41
3
-33
-69
-101
-130
-154
-173
-188
-197
-201
-200
-197
-189
-180
-169
-156
-143
-130
-117
-104
-91
-79
-67
-54
-42
-30
-18
-5
7
20
32
44
55
65
73
79
82
83
80
74
64
52
37
20
1
-18
-37
-56
-72
-87
-98
-106
-110
-111
-107
-100
-89
-76
-61
-45
-28
-11
4
19
32
44
54
61
67
71
73
74
74
73
71
69
68
66
65
65
65
65
65
66
65
65
63
60
55
49
42
34
25
15
4
-6
-16
-26
-35
-44
-51
-56
-60
-63
-64
-63
-61
-58
-55
-51
-46
-42
-38
-35
-31
-28
-26
-24
-22
-20
-19
-18
-18
-19
-20
-22
-25
-29
-34
-39
-45
-51
-57
-63
-68
-72
-74
-75
-74
-71
-66
-59
-50
-41
-30
-20
-9
0
9
18
25
30
35
39
42
44
46
48
50
51
54
56
60
65
72
80
89
100
112
125
138
151
163
174
182
188
190
188
182
171
156
137
114
88
61
32
3
-24
-51
-74
-95
-111
-124
-132
-135
-135
-131
-123
-114
-102
-90
-78
-66
-56
-47
-41
-36
-33
-31
-31
-32
-33
-34
-35
-35
-34
-33
-31
-29
-26
-23
-20
-17
-16
-15
-16
-19
-23
-29
-36
-44
-53
-61
-68
-74
-77
-76
-73
-65
-54
-41
-25
-7
10
27
43
57
68
75
78
78
74
68
59
48
36
25
14
5
-1
-6
-8
-6
-2
3
12
23
36
49
63
76
89
100
110
117
122
125
126
123
119
112
103
93
82
70
58
46
36
26
18
13
9
7
8
10
14
19
24
31
38
45
53
61
69
78
87
96
106
115
124
132
138
142
143
141
135
125
110
92
69
42
13
-18
-50
-82
-113
-142
-168
-191
-210
-226
-238
-247
-253
-258
-261
-262
-262
-262
-261
-258
-255
-250
-244
-236
-227
-215
-203
-190
-176
-162
-149
-136
-125
-115
-108
-102
-97
-95
-93
-93
-93
-94
-95
-97
-100
-103
-106
-111
-115
-120
-125
-129
-132
-132
-131
-126
-117
-104
-86
-64
-37
-7
25
60
96
132
167
200
230
255
277
294
307
315
320
321
320
316
311
306
299
292
285
276
267
257
246
233
218
201
182
161
139
115
90
64
39
15
-7
-28
-47
-62
-75
-84
-90
-94
-95
-94
-93
-91
-89
-88
-88
-91
-96
-104
-115
-128
-143
-159
-177
-194
-211
-226
-238
-248
-254
-256
-255
-250
-241
-229
-214
-196
-177
-156
-134
-112
-89
-67
-46
-25
-6
11
28
43
58
71
84
95
106
116
125
133
140
146
151
155
159
161
163
165
166
167
167
167
166
164
161
157
152
146
138
129
118
107
96
84
72
59
47
34
21
9
-2
-14
-26
-38
-48
-57
-65
-70
-73
-73
-70
-64
-54
-41
-26
-9
9
28
47
65
81
95
106
115
121
125
127
127
127
125
124
123
122
121
121
120
119
118
116
113
109
103
97
89
81
72
64
56
48
42
36
32
29
26
24
23
21
19
16
12
7
0
-7
-17
-28
-40
-52
-65
-77
-89
-101
-111
-121
-130
-139
-146
-153
-160
-165
-170
-175
-178
-180
-181
-181
-180
-176
-172
-166
-159
-151
-142
-133
-123
-113
-104
-95
-87
-80
-74
-68
-63
-59
-55
-51
-47
-42
-38
-33
-28
-22
-17
-12
-8
-4
-1
0
1
1
1
0
-1
-2
-4
-5
-5
-4
-1
1
6
13
20
29
38
46
55
62
68
73
75
76
76
73
70
66
62
57
53
49
45
43
41
39
38
38
38
37
37
37
36
35
34
32
29
26
22
17
12
5
-2
-10
-19
-29
-38
-48
-56
-64
-71
-76
-80
-81
-81
-78
-74
-67
-59
-49
-38
-26
-13
-1
9
20
29
36
41
44
45
44
42
39
35
30
26
22
18
14
11
8
5
3
0
-1
-4
-6
-9
-11
-13
-15
-17
-18
-19
-19
-19
-19
-19
-19
-20
-20
-20
-21
-22
-23
-24
-25
-25
-24
-22
-19
-15
-9
-2
5
13
21
29
35
41
44
45
45
42
37
31
23
15
6
-1
-8
-13
-17
-19
-18
-16
-12
-7
-1
5
12
19
26
32
36
40
41
41
40
36
32
25
18
10
1
-6
-15
-23
-30
-36
-41
-45
-46
-46
-44
-41
-35
-28
-19
-8
2
15
28
41
54
66
77
86
93
98
101
101
99
95
88
80
70
59
47
34
22
9
-2
-13
-24
-34
-43
-51
-58
-64
-69
-72
-75
-77
-77
-75
-72
-67
-60
-51
-40
-28
-15
0
13
28
41
53
64
73
79
82
83
82
78
72
64
55
44
34
23
13
3
-5
-12
-18
-23
-26
-28
-28
-27
-25
-23
-20
-17
-15
-12
-10
-9
-8
-8
-8
-9
-10
-11
-13
-15
-18
-21
-25
-28
-31
-35
-37
-40
-41
-42
-42
-41
-39
-36
-33
-29
-24
-19
-14
-10
-6
-3
-1
0
0
-1
-4
-6
-10
-13
-17
-20
-22
-23
-24
-23
-21
-18
-14
-8
-1
5
13
21
28
35
41
45
48
48
47
43
37
28
19
8
-3
-15
-25
-35
-42
-47
-50
-49
-46
-39
-31
-20
-7
5
19
32
45
56
65
72
77
80
80
78
74
68
61
53
44
34
25
15
6
-1
-8
-14
-20
-24
-27
-29
-31
-32
-33
-33
-33
-33
-32
-32
-31
-29
-27
-25
-23
-21
-18
-16
-14
-13
-12
-13
-14
-17
-21
-26
-32
-39
-47
-56
-64
-73
-80
-87
-92
-96
-98
-98
-95
-90
-83
-73
-62
-48
-33
-16
0
18
37
55
72
88
102
114
123
129
133
133
130
124
116
105
93
79
64
50
36
23
12
3
-3
-8
-11
-13
-12
-11
-10
-8
-7
-7
-8
-11
-15
-20
-26
-33
-41
-48
-54
-60
-64
-66
-67
-66
-63
-58
-53
-46
-38
-29
-20
-11
-2
5
13
20
27
32
36
40
42
44
45
46
46
46
45
44
42
40
37
33
29
24
19
14
9
4
1
-1
-4
-5
-5
-5
-5
-4
-3
-2
-2
-2
-3
-5
-7
-11
-16
-21
-27
-32
-38
-42
-46
-49
-49
-49
-46
-43
-37
-31
-23
-15
-7
1
10
18
25
31
37
40
43
44
43
42
40
37
34
31
28
27
26
26
27
29
32
34
37
39
40
39
37
34
29
23
15
7
0
-8
-15
-22
