0
14
28
42
55
66
75
82
86
87
86
82
76
68
58
48
37
25
13
1
-11
-23
-35
-46
-57
-68
-77
-85
-91
-95
-98
-98
-97
-94
-89
-83
-77
-71
-64
-58
-53
-49
-46
-45
-44
-45
-46
-48
-51
-53
-56
-58
-60
-62
-63
-63
-62
-60
-57
-54
-49
-43
-37
-30
-22
-14
-7
0
6
12
16
19
20
20
18
15
10
4
-2
-9
-17
-24
-31
-37
-42
-46
-49
-50
-49
-47
-44
-39
-33
-26
-18
-9
0
7
15
21
26
29
30
28
25
19
11
3
-6
-15
-23
-31
-36
-39
-39
-36
-31
-22
-12
0
14
29
44
59
73
85
96
105
111
116
118
117
115
110
104
96
86
75
64
51
38
25
12
0
-12
-24
-36
-46
-57
-66
-75
-83
-91
-98
-105
-110
-114
-117
-118
-118
-115
-109
-101
-91
-77
-61
-42
-22
0
23
47
69
90
108
122
131
136
135
129
119
105
88
68
47
27
7
-10
-25
-38
-46
-51
-53
-51
-46
-39
-31
-22
-12
-4
1
6
8
7
4
0
-8
-16
-26
-35
-44
-52
-59
-63
-65
-64
-60
-54
-46
-36
-24
-10
3
17
32
45
58
69
77
84
89
91
91
88
84
77
69
60
50
39
28
17
6
-2
-11
-18
-23
-26
-27
-27
-24
-19
-13
-6
0
7
13
18
21
22
21
18
13
7
0
-7
-14
-20
-25
-28
-30
-31
-30
-28
-25
-21
-18
-14
-10
-7
-4
-1
2
5
10
15
20
27
35
43
51
60
68
75
81
85
86
86
82
77
69
59
48
36
24
12
0
-9
-17
-25
-30
-35
-38
-41
-42
-44
-45
-46
-47
-49
-51
-53
-55
-57
-58
-59
-59
-58
-56
-54
-50
-46
-42
-37
-32
-27
-22
-17
-12
-7
-2
2
6
10
13
15
17
17
15
13
9
4
-1
-8
-15
-23
-30
-37
-43
-47
-50
-51
-51
-49
-46
-42
-36
-29
-22
-14
-6
1
9
16
24
31
38
44
49
54
58
61
63
64
63
60
56
50
43
35
27
18
10
3
-3
-8
-12
-13
-13
-11
-8
-3
2
9
17
24
32
39
45
51
55
58
60
60
58
56
52
47
41
35
28
20
12
3
-6
-16
-27
-38
-49
-60
-71
-81
-90
-98
-104
-107
-108
-106
-102
-94
-84
-72
-58
-43
-27
-11
3
15
26
33
36
36
33
26
16
5
-7
-19
-31
-41
-48
-53
-55
-53
-49
-42
-33
-22
-10
1
12
23
33
41
47
51
54
55
54
53
51
48
45
42
40
37
35
34
33
32
31
31
30
29
28
27
26
25
23
22
21
20
19
19
19
20
21
22
24
26
28
30
31
33
33
33
32
30
26
21
13
4
-5
-17
-30
-43
-57
-70
-82
-93
-102
-110
-115
-119
-120
-119
-117
-112
-106
-99
-90
-81
-71
-61
-51
-40
-30
-19
-9
1
11
21
32
42
53
63
73
83
93
102
110
116
121
123
124
121
116
108
97
84
69
53
36
18
1
-15
-30
-44
-56
-65
-72
-75
-77
-75
-71
-65
-57
-48
-38
-28
-18
-9
0
5
9
12
12
10
6
0
-6
-14
-22
-31
-40
-47
-53
-58
-61
-63
-62
-60
-56
-50
-44
-37
-30
-22
-15
-7
-1
4
10
15
18
21
24
25
26
26
26
25
23
22
20
18
16
14
12
10
9
8
7
7
7
8
9
11
14
18
22
27
33
39
46
52
59
64
69
71
71
69
64
56
45
33
18
2
-14
-31
-48
-64
-78
-89
-98
-104
-106
-105
-101
-93
-84
-72
-58
-44
-29
-14
0
12
24
35
44
51
57
61
65
67
68
68
68
67
65
63
61
58
55
52
48
45
41
37
34
31
28
26
25
24
23
22
21
20
18
14
10
4
-1
-9
-18
-26
-35
-43
-51
-58
-63
-66
-68
-68
-66
-63
-58
-52
-44
-36
-27
-18
-8
0
9
17
24
31
36
39
41
41
39
34
28
21
12
2
-7
-16
-25
-32
-38
-43
-46
-48
-48
-47
-45
-42
-39
-35
-31
-27
-22
-17
-12
-7
-2
2
6
9
12
13
13
12
10
6
2
-1
-5
-8
-10
-10
-8
-3
3
13
25
39
54
70
86
100
113
123
130
133
132
127
118
105
90
72
53
34
16
0
-13
-24
-31
-35
-35
-32
-26
-17
-7
3
15
27
39
49
57
64
69
71
71
68
62
54
43
31
16
1
-14
-30
-46
-61
-74
-86
-96
-104
-109
-113
-114
-113
-110
-104
-96
-86
-74
-61
-46
-31
-15
0
15
29
42
53
61
68
71
71
69
63
54
43
29
13
-4
-22
-40
-58
-76
-92
-107
-120
-131
-140
-147
-152
-154
-155
-153
-149
-144
-137
-128
-119
-108
-96
-84
-72
-61
-49
-39
-29
-21
-13
-7
-2
1
5
9
13
18
24
31
39
49
59
70
80
90
97
102
103
100
93
81
65
44
21
-4
-30
-56
-80
-102
-120
-132
-140
-142
-138
-128
-114
-95
-72
-46
-17
12
43
74
103
131
156
178
196
210
219
222
220
214
202
187
167
145
121
95
70
45
23
2
-15
-31
-43
-53
-60
-64
-67
-67
-66
-64
-62
-58
-54
-50
-46
-43
-40
-39
-38
-38
-39
-42
-45
-48
-52
-56
-60
-64
-67
-68
-69
-68
-65
-61
-54
-45
-35
-23
-11
1
12
23
31
37
40
39
35
28
18
5
-7
-22
-36
-49
-60
-69
-75
-78
-77
-72
-64
-54
-40
-25
-9
7
25
42
59
75
90
104
116
126
135
143
149
153
157
159
161
162
161
160
158
154
148
141
132
121
108
93
76
58
39
19
-1
-21
-41
-60
-78
-94
-107
-118
-125
-129
-130
-127
-121
-111
-98
-82
-65
-46
-26
-7
11
28
43
56
66
73
76
76
73
67
58
48
37
25
13
2
-8
-17
-24
-30
-34
-35
-34
-31
-27
-20
-13
-5
3
11
18
25
30
34
37
38
39
39
38
36
35
32
30
26
21
15
7
-2
-14
-28
-44
-61
-79
-96
-113
-129
-142
-152
-158
-161
-160
-155
-147
-137
-124
-111
-96
-81
-67
-53
-40
-28
-17
-8
0
6
11
16
19
21
22
22
22
21
21
21
20
20
19
19
18
17
15
14
12
11
10
10
10
12
16
21
28
37
47
59
72
85
99
112
123
133
140
144
145
143
136
126
113
96
78
57
36
15
-5
-25
-43
-58
-70
-80
-87
-91
-92
-91
-88
-84
-79
-72
-66
-59
-52
-44
-37
-30
-22
-15
-8
-1
5
12
19
25
31
37
42
46
50
53
56
59
61
62
64
64
64
62
59
55
49
42
34
24
14
4
-5
-14
-22
-28
-33
-36
-37
-36
-35
-32
-29
-26
-24
-23
-24
-28
-33
-41
-51
-63
-77
-93
-109
-125
-141
-156
-169
-181
-189
-194
-195
-192
-186
-175
-161
-143
-123
-101
-78
-54
-31
-8
13
33
50
65
77
86
93
97
99
99
97
94
90
85
79
74
68
63
58
54
51
48
47
47
48
51
56
63
72
82
95
109
124
139
154
169
180
190
195
196
193
185
172
155
134
111
86
60
34
9
-12
-32
-48
-60
-69
-73
-74
-71
-66
-58
-49
-40
-31
-23
-17
-12
-10
-11
-13
-18
-24
-31
-39
-47
-55
-62
-68
-72
-75
-78
-79
-81
-83
-86
-91
-98
-108
-120
-135
-152
-171
-193
-214
-236
-256
-273
-288
-298
-302
-301
-294
-282
-264
-240
-213
-183
-151
-118
-85
-53
-23
4
29
52
73
92
109
125
141
155
169
183
195
205
213
219
221
220
216
208
197
184
169
153
136
120
104
91
80
72
66
63
63
65
70
75
82
88
94
99
102
104
103
100
95
87
77
66
53
39
25
11
-1
-13
-23
-31
-37
-41
-43
-43
-42
-40
-37
-35
-34
-34
-36
-40
-45
-52
-61
-70
-81
-91
-101
-111
-119
-126
-131
-135
-137
-138
-137
-135
-132
-128
-123
-118
-111
-104
-96
-88
-80
-71
-61
-52
-42
-32
-22
-11
0
10
22
33
44
53
62
69
75
79
82
83
83
83
81
80
78
77
76
75
75
76
77
78
79
80
81
82
83
83
83
82
81
80
78
77
75
73
71
68
66
63
60
57
54
50
46
42
38
33
29
24
20
16
11
7
3
0
-4
-8
-11
-14
-16
-18
-19
-20
-20
-21
-21
-20
-20
-19
-18
-16
-14
-12
-10
-7
-3
0
4
8
13
18
23
28
32
35
37
39
39
37
34
30
24
18
11
3
-4
-12
-19
-27
-34
-41
-47
-53
-59
-64
-69
-73
-77
-80
-81
-82
-82
-80
-78
-74
-69
-64
-58
-51
-45
-38
-32
-26
-21
-17
-14
-12
-11
-11
-11
-13
-14
-16
-18
-19
-21
-22
-22
-23
-23
-23
-24
-24
-25
-26
-28
-31
-33
-37
-40
-43
-45
-47
-48
-46
-44
-39
-32
-24
-14
-3
9
22
35
49
62
75
86
96
105
112
118
122
124
125
125
123
120
116
111
104
97
88
78
67
56
43
31
18
5
-6
-18
-29
-40
-50
-58
-66
-73
-77
-81
-82
-82
-80
-75
-69
-61
-51
-40
-29
-17
-5
5
15
22
27
29
27
23
15
5
-7
-21
-36
-50
-64
-76
-86
-94
-99
-103
-104
-104
-103
-102
-101
-99
-99
-98
-97
-96
-94
-91
-86
-78
-68
-55
-38
-18
3
28
53
79
104
127
148
164
176
183
184
181
173
161
145
127
107
87
67
48
31
17
6
-1
-5
-6
-3
1
10
20
32
45
59
72
84
95
103
110
114
115
113
109
102
93
81
68
53
37
19
1
-17
-36
-55
-73
-91
-107
-122
-134
-145
-152
-157
-160
-159
-156
-151
-143
-133
-123
-111
-98
-86
-73
-62
-51
-41
-33
-27
-22
-19
-17
-17
-18
-20
-22
-24
-25
-26
-26
-24
-20
-15
-9
-2
5
14
23
31
39
46
52
57
60
62
62
61
58
54
48
42
35
27
19
11
4
-2
-9
-14
-19
-22
-23
-23
-22
-19
-14
-9
-2
4
12
20
27
35
41
46
50
52
52
50
47
42
36
28
20
11
2
-6
-15
-23
-30
-35
-38
-38
-37
-33
-27
-19
-10
0
9
17
25
30
32
32
30
24
16
7
-4
-16
-29
-42
-54
-67
-78
-88
-97
-104
-111
-116
-119
-121
-121
-119
-116
-110
-103
-93
-82
-70
-56
-41
-26
-11
4
18
31
43
54
63
70
75
79
81
81
80
78
74
70
66
61
57
53
50
49
48
49
50
53
55
57
59
60
59
56
52
46
37
27
15
3
-9
-21
-32
