16
17
17
18
18
17
15
13
9
4
-1
-8
-17
-25
-34
-42
-50
-56
-62
-65
-67
-67
-66
-62
-56
-49
-41
-31
-20
-9
0
10
18
26
31
35
37
38
38
38
38
37
37
38
39
41
43
45
47
49
51
52
53
53
52
52
50
48
46
44
42
39
37
34
32
29
27
24
21
18
14
10
6
1
-4
-10
-16
-23
-30
-38
-46
-55
-64
-74
-85
-96
-107
-118
-128
-138
-147
-154
-160
-163
-165
-164
-162
-157
-149
-140
-130
-118
-105
-91
-77
-63
-48
-34
-19
-5
9
23
37
50
63
75
87
97
107
115
121
125
127
127
125
120
113
104
93
81
67
53
39
25
12
0
-10
-19
-25
-29
-31
-31
-27
-22
-14
-4
7
20
34
48
62
75
87
97
104
108
110
109
104
98
89
78
66
54
41
29
17
7
-1
-8
-13
-17
-20
-21
-22
-22
-21
-21
-21
-20
-21
-22
-23
-25
-28
-32
-37
-43
-49
-55
-61
-67
-73
-78
-81
-84
-86
-86
-85
-83
-80
-76
-71
-66
-61
-56
-50
-45
-41
-36
-31
-27
-23
-19
-15
-11
-8
-4
0
3
6
10
14
18
21
25
28
31
33
35
37
38
39
40
40
40
40
41
41
42
43
44
45
46
48
49
51
52
53
54
56
57
58
59
60
61
61
60
59
56
53
48
42
35
27
18
8
-1
-11
-22
-32
-41
-49
-55
-60
-63
-63
-62
-58
-52
-45
-36
-26
-16
-5
5
15
25
33
40
44
47
47
45
41
34
26
16
6
-4
-13
-22
-28
-31
-31
-27
-20
-10
1
16
32
49
65
79
91
99
104
105
101
93
82
67
50
31
11
-8
-28
-46
-63
-77
-88
-97
-103
-106
-107
-105
-101
-95
-88
-79
-71
-62
-53
-46
-39
-34
-30
-28
-28
-30
-34
-39
-46
-54
-62
-71
-79
-87
-93
-97
-100
-100
-99
-95
-91
-85
-79
-73
-66
-60
-54
-49
-44
-40
-36
-33
-30
-27
-26
-24
-22
-21
-19
-17
-14
-10
-5
0
7
15
24
33
43
54
64
74
84
93
101
109
115
119
123
125
125
125
123
121
117
114
109
104
99
94
87
81
74
66
57
48
37
27
16
5
-6
-16
-27
-36
-45
-52
-58
-63
-66
-67
-67
-65
-63
-59
-55
-51
-46
-40
-35
-30
-25
-21
-17
-13
-10
-7
-4
-2
0
1
2
3
4
4
4
3
2
1
0
-1
-2
-2
-1
0
1
3
6
9
12
15
16
17
17
16
14
10
6
1
-4
-10
-15
-20
-23
-24
-23
-20
-14
-5
5
18
33
49
65
81
96
110
121
128
132
131
127
117
104
86
66
43
18
-6
-30
-53
-73
-89
-101
-109
-111
-109
-103
-92
-78
-61
-43
-24
-5
11
27
40
49
56
59
58
54
48
39
29
17
4
-7
-20
-32
-43
-52
-59
-65
-68
-69
-68
-65
-61
-55
-49
-42
-35
-29
-23
-19
-14
-11
-8
-6
-3
0
3
7
12
18
24
30
37
43
49
54
57
58
58
55
50
43
34
24
13
1
-10
-21
-31
-40
-48
-53
-56
-57
-55
-51
-44
-36
-26
-15
-4
7
17
27
35
41
44
44
41
36
29
20
10
0
-11
-21
-31
-39
-45
-49
-52
-52
-52
-49
-46
-42
-38
-33
-29
-26
-23
-21
-20
-19
-20
-21
-22
-24
-26
-28
-30
-31
-32
-32
-32
-32
-31
-29
-28
-26
-24
-22
-19
-16
-12
-8
-4
1
6
12
17
23
27
31
34
35
34
33
29
25
19
13
6
0
-4
-7
-9
-7
-2
4
15
28
43
59
75
91
104
115
122
126
125
120
111
98
82
64
44
23
3
-15
-32
-46
-57
-64
-68
-68
-64
-59
-51
-41
-31
-21
-11
-2
5
11
15
18
19
19
18
15
13
9
6
2
-1
-4
-8
-10
-13
-15
-16
-17
-17
-17
-16
-15
-13
-12
-11
-11
-11
-12
-15
-18
-22
-27
-31
-36
-40
-43
-45
-45
-45
-42
-39
-35
-30
-25
-21
-17
-13
-11
-10
-10
-11
-13
-15
-17
-18
-18
-16
-12
-6
2
13
26
41
56
72
88
102
114
123
129
132
130
125
115
102
84
64
41
17
-7
-32
-56
-77
-96
-110
-119
-124
-123
-117
-106
-91
-73
-52
-30
-8
14
34
53
68
80
88
91
91
87
81
71
60
48
36
24
13
3
-5
-12
-17
-21
-25
-27
-28
-30
-31
-33
-34
-36
-39
-40
-42
-43
-43
-43
-41
-39
-36
-33
-30
-27
-24
-23
-22
-22
-23
-26
-29
-33
-38
-43
-47
-51
-55
-57
-58
-58
-56
-54
-50
-45
-39
-33
-27
-21
-16
-11
-7
-4
-1
1
4
8
12
18
24
32
41
51
62
73
84
94
104
113
119
124
127
127
125
121
114
106
96
85
73
60
48
37
26
16
7
0
-7
-12
-17
-21
-24
-27
-30
-32
-35
-37
-39
-41
-43
-44
-45
-46
-45
-45
-43
-42
-40
-38
-36
-34
-32
-30
-29
-28
-28
-28
-29
-29
-30
-30
-30
-30
-30
-29
-27
-24
-21
-17
-12
-7
-2
3
10
16
22
28
34
38
42
45
47
47
46
44
41
37
33
28
24
20
17
15
13
13
14
15
17
19
22
24
25
25
25
24
21
17
13
7
1
-5
-12
-20
-28
-37
-46
-55
-64
-72
-80
-87
-92
-95
-96
-95
-91
-84
-75
-63
-50
-34
-18
-1
15
31
46
59
70
78
84
87
88
86
81
75
67
58
48
37
26
14
3
-8
-19
-29
-38
-46
-52
-56
-58
-58
-57
-53
-48
-42
-34
-26
-17
-7
1
11
21
31
41
51
60
69
77
84
89
94
96
97
96
94
89
83
76
67
58
47
37
27
16
7
-1
-9
-16
-22
-28
-33
-37
-41
-44
-48
-52
-56
-61
-65
-70
-75
-80
-85
-89
-93
-96
-98
-98
-98
-96
-93
-89
-83
-77
-71
-64
-57
-50
-44
-39
-35
-32
-29
-28
-27
-28
-28
-29
-29
-29
-29
-27
-25
-21
-16
-10
-3
4
13
22
32
41
50
58
66
73
79
84
87
89
90
90
89
87
84
80
76
70
64
57
50
41
32
23
13
2
-7
-16
-25
-32
-38
-41
-43
-43
-40
-36
-30
-22
-14
-5
4
13
21
28
33
37
38
38
35
31
26
21
15
8
3
-1
-5
-8
-10
-11
-10
-8
-5
-1
2
8
14
20
26
32
38
42
46
48
48
47
44
40
34
27
18
8
-2
-13
-26
-38
-50
-61
-71
-79
-86
-91
-93
-93
-90
-84
-76
-66
-54
-40
-25
-10
4
19
33
45
55
64
70
74
76
76
75
72
67
61
55
47
39
30
21
11
0
-9
-20
-32
-43
-54
-66
-77
-88
-98
-107
-114
-121
-125
-128
-128
-127
-124
-119
-112
-104
-95
-85
-75
-63
-51
-37
-23
-9
7
24
43
63
84
107
130
153
176
198
218
236
249
259
264
264
259
249
234
214
191
165
137
107
78
48
21
-4
-27
-48
-65
-80
-91
-100
-107
-111
-114
-116
-117
-117
-117
-118
-118
-119
-120
-121
-122
-122
-122
-121
-119
-116
-111
-106
-101
-96
-91
-86
-83
-82
-82
-83
-85
-88
-91
-94
-95
-96
-94
-90
-83
-74
-63
-49
-34
-17
0
16
32
47
60
70
78
82
83
81
76
68
57
45
32
18
5
-5
-15
-22
-26
-27
-25
-18
-9
3
17
34
53
71
90
107
123
136
147
154
158
159
156
149
140
128
114
98
80
60
40
20
0
-21
-41
-60
-77
-92
-105
-115
-122
-125
-126
-123
-117
-108
-96
-83
-68
-53
-38
-23
-9
2
13
21
27
31
33
32
29
24
18
11
4
-2
-9
-15
-20
-24
-26
-27
-26
-24
-22
-18
-14
-9
-4
0
5
9
13
16
19
21
23
24
24
23
22
21
19
17
14
12
10
8
6
5
5
6
9
12
17
23
30
37
44
51
57
61
64
66
66
64
60
56
50
44
38
31
25
19
13
8
3
0
-3
-7
-9
-12
-14
-16
-17
-19
-20
-22
-23
-24
-25
-26
-26
-26
-26
-25
-24
-22
-20
-18
-15
-12
-10
-7
-4
-2
0
3
5
8
10
13
16
20
23
27
30
34
37
40
42
43
44
43
41
38
35
30
25
19
13
7
2
-2
-7
-11
-14
-17
-19
-21
-22
-23
-24
-24
-25
-25
-24
-24
-22
-21
-18
-15
-12
-9
-5
-1
1
4
6
8
9
9
8
6
4
1
-1
-4
-7
-9
-10
-9
-8
-5
-2
2
7
12
17
22
26
29
31
32
32
31
28
26
22
18
14
9
5
1
-2
-6
-10
-14
-17
-20
-23
-25
-28
-30
-32
-34
-36
-38
-41
-44
-47
-50
-54
-57
-60
-63
-66
-68
-69
-69
-69
-67
-64
-60
-56
-51
-46
-42
-37
-33
-29
-25
-21
-17
-13
-8
-2
3
11
19
28
37
47
56
64
71
77
81
83
83
81
76
71
64
56
47
38
30
22
14
8
2
-3
-8
-12
-17
-22
-27
-33
-39
-45
-52
-60
-66
-72
-77
-81
-82
-81
-78
-72
-63
-52
-39
-24
-7
10
28
47
64
80
94
106
116
122
126
127
125
120
114
105
96
86
75
65
54
44
34
25
15
6
-3
-13
-23
-34
-45
-56
-67
-77
-87
-96
-103
-108
-112
-113
-111
-107
-100
-92
-82
-70
-59
-47
-36
-26
-17
-11
-6
-3
-2
-2
-4
-6
-9
-12
-16
-18
-20
-22
-23
-23
-23
-23
-23
-22
-22
-23
-23
-24
-24
-24
-23
-22
-19
-15
-9
-2
6
16
27
38
50
62
73
84
93
101
107
111
114
114
112
109
103
96
87
77
66
54
41
28
15
1
-11
-25
-37
-49
-59
-69
-76
-82
-86
-87
-87
-84
-80
-74
-66
-56
-46
-34
-22
-9
3
15
27
37
46
54
59
63
65
65
63
59
54
48
40
32
23
14
5
-4
-13
-22
-31
-39
-46
-52
-57
-61
-63
-63
-62
-59
-55
-50
-44
-37
-29
-21
-14
-7
0
6
12
17
22
27
32
36
40
44
47
51
53
55
57
58
58
57
55
53
49
44
38
32
24
15
6
-3
-13
-25
-36
-48
-60
-71
-83
-93
-101
-108
-113
-114
-112
-107
-97
-85
-69
-50
-30
-8
13
35
56
75
92
106
118
126
131
132
131
128
122
114
104
93
81
69
57
44
33
22
11
2
-6
-13
-19
-23
-27
-28
-29
-28
-25
-22
-17
-12
-7
-3
1
4
7
8
8
6
3
0
-5
-11
-17
-24
-30
-36
-41
-46
-49
-52
-54
-55
-56
-57
-58
-59
-60
-62
-64
-66
-69
-72
-74
-77
