-337
-331
-323
-314
-303
-290
-275
-258
-239
-220
-199
-177
-155
-134
-113
-93
-75
-58
-42
-26
-12
2
17
33
49
66
85
103
121
138
154
168
179
187
193
197
200
202
205
209
216
226
238
254
272
291
309
326
340
349
351
347
335
315
288
255
217
175
132
90
50
15
-13
-34
-48
-53
-51
-44
-32
-18
-6
2
5
0
-17
-45
-86
-139
-202
-274
-352
-433
-513
-588
-654
-708
-748
-769
-772
-756
-720
-666
-596
-512
-417
-314
-206
-97
10
114
212
302
384
455
517
569
610
641
662
673
675
668
654
631
601
565
523
476
426
374
320
266
212
160
110
64
21
-16
-48
-76
-98
-114
-126
-132
-134
-132
-127
-120
-111
-103
-94
-87
-81
-77
-74
-73
-73
-75
-77
-80
-83
-87
-91
-94
-97
-99
-101
-101
-100
-98
-93
-85
-75
-61
-44
-23
0
24
51
79
107
133
158
180
199
214
225
233
237
239
238
235
230
225
218
212
205
198
190
182
173
163
152
139
125
110
94
78
61
45
29
14
0
-12
-23
-35
-45
-56
-67
-78
-90
-103
-116
-130
-145
-160
-174
-188
-201
-214
-224
-233
-241
-246
-249
-251
-251
-249
-246
-242
-238
-233
-227
-222
-217
-213
-209
-206
-204
-204
-205
-207
-211
-216
-222
-228
-233
-237
-238
-235
-228
-216
-198
-173
-143
-108
-68
-24
20
67
113
156
195
230
258
279
292
298
297
290
278
261
243
224
206
190
178
169
165
166
170
178
188
199
210
219
226
230
230
226
216
202
184
161
135
106
74
40
4
-31
-69
-106
-143
-179
-214
-247
-277
-305
-328
-347
-361
-369
-370
-364
-350
-329
-302
-267
-227
-182
-135
-86
-37
8
51
89
119
143
158
165
163
154
137
114
86
55
21
-13
-46
-78
-107
-131
-150
-164
-171
-173
-170
-162
-149
-134
-118
-100
-83
-67
-52
-39
-28
-19
-12
-8
-5
-3
-4
-5
-8
-11
-15
-19
-23
-25
-25
-23
-17
-7
6
25
49
77
110
146
185
225
266
304
340
373
400
422
437
446
449
445
436
423
405
384
360
335
309
282
255
228
201
174
147
120
92
64
35
7
-21
-50
-78
-106
-132
-157
-181
-203
-224
-244
-261
-278
-292
-304
-315
-323
-329
-333
-334
-333
-330
-326
-319
-311
-301
-290
-278
-263
-247
-228
-206
-182
-154
-123
-89
-53
-15
23
62
100
136
169
198
222
241
254
260
261
255
243
226
205
181
155
128
101
76
52
32
15
2
-6
-12
-14
-12
-8
-2
5
14
24
34
44
53
61
67
72
75
76
77
76
75
73
73
73
76
80
86
94
104
115
126
137
147
155
161
163
163
158
150
139
124
105
84
61
36
9
-17
-45
-73
-99
-124
-146
-165
-181
-193
-201
-204
-202
-195
-183
-166
-144
-119
-90
-59
-28
0
27
50
66
76
77
70
54
31
1
-33
-72
-113
-153
-191
-226
-255
-279
-297
-307
-312
-311
-304
-294
-280
-264
-247
-229
-212
-195
-179
-166
-154
-144
-136
-131
-127
-126
-127
-130
-134
-139
-145
-151
-155
-159
-159
-157
-150
-140
-125
-105
-81
-53
-21
12
47
83
119
153
185
214
240
262
280
293
302
307
308
306
301
294
285
277
268
260
253
247
243
240
238
236
235
234
232
229
225
219
211
201
189
174
158
139
119
96
72
46
20
-7
-35
-64
-92
-119
-145
-170
-193
-215
-235
-253
-270
-286
-300
-313
-324
-333
-341
-347
-350
-351
-348
-342
-332
-319
-301
-278
-252
-221
-187
-151
-113
-75
-37
-1
30
58
80
97
107
110
107
99
86
70
51
33
15
0
-12
-20
-24
-23
-17
-7
5
20
36
53
69
83
94
104
111
116
120
123
126
131
138
148
161
177
198
221
247
275
303
332
360
385
408
426
441
451
455
455
450
440
426
407
385
358
328
294
258
219
178
137
95
54
14
-22
-56
-86
-112
-133
-150
-164
-173
-179
-183
-184
-184
-183
-182
-182
-182
-182
-183
-185
-187
-188
-188
-187
-185
-181
-176
-169
-161
-153
-145
-137
-130
-125
-120
-116
-112
-109
-105
-101
-97
-91
-85
-78
-71
-63
-56
-50
-45
-41
-40
-40
-42
-47
-53
-62
-73
-85
-98
-113
-128
-143
-157
-171
-184
-194
-203
-208
-211
-211
-207
-201
-192
-180
-167
-151
-135
-118
-101
-84
-69
-54
-40
-28
-16
-5
5
16
29
43
60
79
101
126
153
182
211
241
269
295
318
337
351
359
362
359
349
334
314
289
260
228
194
159
124
90
58
28
0
-23
-44
-63
-80
-95
-110
-124
-138
-153
-169
-185
-202
-219
-235
-251
-264
-274
-281
-284
-282
-277
-267
-254
-238
-221
-203
-186
-171
-160
-153
-151
-154
-161
-173
-188
-206
-223
-240
-255
-265
-270
-269
-262
-247
-226
-198
-164
-124
-81
-35
11
59
106
152
195
235
271
303
332
357
378
396
411
424
434
443
449
453
455
454
450
442
431
416
397
374
348
319
287
252
216
179
141
103
66
30
-3
-34
-63
-89
-111
-129
-143
-152
-158
-159
-156
-150
-140
-129
-115
-101
-87
-73
-60
-49
-40
-33
-29
-27
-26
-27
-30
-33
-37
-41
-44
-47
-49
-50
-49
-48
-46
-44
-40
-37
-32
-28
-22
-16
-9
-1
7
17
28
38
48
57
65
71
74
75
73
69
62
54
43
31
17
4
-9
-22
-34
-44
-53
-59
-63
-65
-64
-61
-56
-50
-43
-35
-28
-21
-16
-13
-13
-15
-20
-28
-38
-50
-64
-79
-95
-109
-123
-134
-144
-150
-152
-151
-145
-135
-122
-104
-84
-61
-35
-9
16
41
64
85
102
116
125
130
130
126
117
106
92
77
61
45
30
18
8
2
0
1
5
11
20
28
36
42
45
45
41
32
18
1
-18
-40
-64
-88
-110
-130
-147
-159
-166
-167
-163
-153
-138
-118
-94
-67
-38
-9
19
47
72
94
112
127
137
142
144
141
135
125
112
97
80
61
41
20
-1
-22
-44
-64
-83
-100
-116
-129
-140
-149
-155
-159
-160
-159
-155
-149
-141
-131
-119
-104
-87
-68
-48
-25
-1
22
47
70
93
113
131
145
155
161
162
159
151
140
126
110
93
76
60
46
36
29
25
25
28
34
41
49
57
64
70
74
75
74
72
68
63
57
52
48
45
43
43
45
48
53
57
62
66
68
69
66
61
54
43
30
16
1
-13
-28
-41
-52
-61
-68
-73
-75
-76
-75
-73
-70
-67
-63
-61
-58
-57
-57
-58
-61
-65
-71
-78
-85
-94
-102
-110
-116
-120
-122
-120
-114
-105
-92
-76
-59
-40
-21
-4
11
24
34
40
43
42
39
33
25
17
9
2
-2
-4
-4
0
5
14
25
37
50
61
72
80
85
86
84
77
67
54
38
19
0
-19
-38
-54
-68
-78
-82
-82
-76
-65
-49
-30
-7
15
38
59
78
93
103
108
108
102
92
77
58
36
11
-15
-45
-75
-105
-135
-164
-192
-218
-242
-262
-280
-294
-305
-311
-314
-313
-308
-300
-289
-275
-259
-241
-221
-201
-181
-161
-142
-124
-108
-93
-79
-66
-55
-43
-32
-20
-7
6
21
38
56
75
95
114
133
151
166
179
190
198
203
206
207
206
206
205
205
207
210
215
221
229
238
247
257
266
274
280
285
288
289
287
282
274
264
251
235
216
194
170
142
111
78
43
6
-31
-69
-106
-142
-174
-203
-227
-245
-256
-259
-254
-241
-220
-192
-157
-118
-75
-32
10
51
87
118
142
158
166
166
159
145
125
100
72
42
12
-16
-44
-68
-89
-105
-118
-127
-132
-135
-137
-137
-137
-139
-141
-145
-151
-159
-167
-175
-183
-190
-193
-194
-190
-182
-168
-150
-127
-100
-70
-38
-6
25
55
82
106
127
144
157
168
175
180
184
186
188
188
188
187
185
182
177
171
162
152
140
126
111
95
79
63
49
37
28
22
21
25
33
46
64
85
109
134
161
187
211
232
250
262
269
270
265
254
238
216
189
159
126
91
54
18
-18
-53
-88
-121
-153
-183
-211
-237
-262
-285
-306
-324
-340
-353
-362
-368
-369
-365
-355
-340
-319
-292
-260
-223
-182
-138
-93
-49
-6
33
69
99
122
139
150
153
151
142
128
110
88
63
36
8
-19
-46
-73
-99
-122
-144
-162
-178
-191
-201
-207
-210
-210
-207
-202
-194
-185
-175
-164
-153
-141
-129
-117
-104
-90
-76
-60
-42
-24
-4
17
39
62
84
106
127
146
162
174
182
186
184
177
164
146
123
96
66
34
2
-28
-56
-80
-99
-112
-118
-118
-111
-98
-80
-57
-33
-6
19
44
66
86
102
114
123
129
132
134
135
135
136
138
140
144
149
155
161
168
174
179
182
182
180
173
162
147
126
102
74
43
9
-24
-58
-90
-121
-148
-172
-192
-207
-218
-225
-228
-227
-224
-217
-209
-198
-186
-172
-159
-145
-131
-117
-104
-93
-82
-73
-66
-61
-58
-57
-58
-61
-66
-72
-78
-84
-89
-92
-92
-89
-83
-72
-58
-40
-20
3
29
55
82
108
133
154
173
188
199
206
208
207
203
195
185
174
161
147
132
117
102
88
73
59
45
32
20
9
0
-8
-15
-19
-22
-21
-18
-13
-4
6
19
33
48
64
79
93
105
114
120
122
121
116
108
97
85
72
58
44
32
22
14
9
6
6
9
13
19
25
32
39
44
47
48
47
43
37
29
19
8
-2
-13
-23
-32
-39
-45
-48
-49
-49
-47
-44
-40
-36
-31
-27
-24
-21
-20
-19
-20
-21
-22
-24
-26
-28
-29
-30
-30
-30
-30
-30
-30
-32
-34
-39
-46
-54
-65
-76
-88
-100
-111
-119
-124
-125
-122
-115
-103
-87
-69
-48
-25
-3
18
39
57
72
84
92
95
95
90
82
72
59
45
30
16
2
-10
-21
-30
-37
-42
-46
-47
-47
-45
-41
-36
-30
-23
-15
-7
0
5
10
11
10
5
-2
-15
-31
-51
-74
-99
-125
-151
-176
-198
-217
-230
-238
-239
-233
-220
-201
-176
-145
-112
-75
-38
0
35
68
98
125
146
163
175
181
183
180
174
164
152
138
124
109
95
83
72
63
55
50
46
43
41
40
39
39
38
38
37
36
36
35
35
35
35
36
37
38
40
41
42
43
42
41
38
33
27
19
9
-1
-14
-26
-39
-52
-63
-73
-81
-87
-91
-92
-91
-88
-83
-77
-71
-65
-59
-55
-52
-51
-52
-56
-61
-67
-74
-82
-88
-94
-97
-98
-95
-89
-80
-68
-53
-36
-18
0
15
29
40
47
50
48
42
33
22
9
-3
-15
-25
-32
-34
-31
-23
-9
9
32
60
89
119
149
176
200
219
233
241
