10
15
19
22
25
27
30
33
36
40
44
50
56
62
68
73
76
78
77
75
69
62
54
44
34
25
18
13
11
13
18
27
40
56
73
92
111
128
144
155
162
164
161
151
137
118
95
71
45
21
0
-18
-32
-39
-41
-36
-26
-11
7
29
52
74
94
110
122
128
126
118
102
79
50
15
-24
-66
-111
-155
-199
-239
-276
-307
-333
-353
-366
-373
-373
-366
-353
-335
-311
-284
-253
-220
-185
-151
-117
-85
-56
-29
-6
12
28
40
49
56
62
66
71
76
82
89
98
108
119
131
143
154
166
176
184
191
197
201
203
203
202
199
196
191
186
180
173
165
155
144
131
115
97
77
54
29
2
-24
-51
-78
-103
-125
-144
-159
-169
-176
-178
-176
-169
-160
-147
-132
-114
-96
-77
-57
-38
-19
-1
15
30
44
56
66
74
81
85
86
86
82
76
67
55
41
25
7
-12
-31
-51
-70
-88
-104
-118
-129
-137
-143
-146
-145
-142
-137
-128
-118
-106
-93
-79
-64
-49
-34
-20
-7
3
12
19
22
23
21
16
9
0
-10
-20
-31
-40
-48
-53
-55
-54
-50
-42
-31
-17
-2
14
31
48
63
76
87
95
100
102
101
98
94
89
84
79
74
71
70
70
72
76
81
87
93
99
105
109
111
110
106
100
90
78
64
49
33
18
3
-9
-19
-27
-32
-34
-34
-30
-24
-16
-6
4
16
29
41
52
62
69
75
77
78
75
70
64
55
46
37
27
18
10
2
-3
-8
-11
-14
-17
-19
-22
-26
-32
-40
-49
-61
-73
-87
-101
-115
-127
-137
-144
-147
-147
-143
-136
-125
-112
-98
-83
-68
-55
-43
-33
-26
-21
-18
-17
-18
-19
-21
-22
-23
-22
-19
-15
-9
-2
5
13
22
30
38
44
49
52
53
53
51
48
45
41
38
35
34
34
35
37
40
43
45
47
47
45
41
34
26
15
3
-9
-22
-35
-46
-56
-64
-69
-71
-70
-66
-60
-51
-41
-29
-17
-5
4
13
20
24
25
24
19
13
5
-3
-12
-21
-29
-35
-40
-42
-41
-38
-32
-24
-14
-3
7
19
30
40
49
57
64
70
74
78
82
84
86
88
88
87
86
83
78
72
65
56
46
36
24
13
2
-8
-18
-26
-33
-39
-43
-45
-47
-47
-47
-46
-46
-45
-45
-46
-47
-48
-49
-51
-53
-54
-54
-54
-54
-53
-51
-50
-49
-48
-48
-49
-51
-55
-60
-68
-76
-86
-96
-107
-117
-125
-132
-136
-136
-131
-123
-110
-93
-71
-47
-21
6
33
59
82
101
116
126
130
129
124
114
101
87
73
60
50
44
41
44
52
65
81
101
123
145
167
185
201
211
215
214
205
190
169
142
111
77
40
3
-33
-69
-102
-131
-157
-177
-193
-204
-209
-210
-206
-199
-188
-175
-159
-141
-123
-104
-86
-68
-51
-35
-22
-10
0
6
12
16
18
19
19
18
16
15
13
12
12
13
15
18
23
29
36
43
52
60
69
77
84
91
96
99
101
101
100
97
92
86
79
71
63
54
46
37
29
22
16
10
5
1
-2
-6
-10
-14
-19
-24
-29
-35
-42
-48
-54
-59
-64
-67
-69
-70
-69
-66
-62
-57
-51
-45
-38
-31
-24
-18
-13
-9
-7
-5
-4
-4
-5
-6
-8
-9
-11
-12
-12
-12
-11
-9
-5
0
5
12
21
30
39
49
57
64
70
73
74
73
69
62
54
43
31
19
5
-7
-20
-31
-42
-50
-57
-61
-63
-63
-60
-55
-48
-40
-30
-20
-9
1
12
22
32
40
48
53
57
59
58
56
52
47
40
33
26
20
15
12
11
11
14
19
24
31
37
43
47
49
48
43
35
23
9
-8
-27
-48
-69
-89
-108
-124
-137
-147
-153
-156
-154
-150
-142
-131
-118
-103
-88
-71
-54
-37
-21
-5
8
21
32
41
48
53
56
57
57
54
51
46
41
35
28
21
14
8
1
-4
-11
-16
-22
-27
-31
-34
-37
-38
-38
-37
-34
-29
-22
-14
-5
4
14
25
35
44
52
58
63
66
68
68
66
63
60
56
51
47
42
38
33
30
26
23
20
16
13
9
5
1
-3
-8
-13
-18
-22
-25
-27
-27
-27
-25
-23
-19
-15
-12
-8
-6
-4
-4
-5
-7
-10
-13
-18
-22
-26
-30
-32
-34
-35
-34
-33
-30
-27
-24
-21
-18
-16
-14
-14
-15
-18
-21
-25
-30
-34
-38
-41
-42
-42
-39
-34
-27
-18
-7
5
19
34
50
65
79
92
102
110
115
116
113
106
96
83
67
50
31
12
-5
-21
-36
-47
-56
-61
-63
-61
-57
-51
-43
-34
-25
-16
-8
-1
4
8
10
11
10
9
6
3
0
-1
-3
-3
-2
0
4
11
19
29
41
53
65
77
87
96
101
103
101
95
84
70
51
29
5
-20
-46
-72
-95
-116
-134
-147
-155
-158
-156
-149
-136
-120
-101
-78
-54
-29
-4
19
42
63
82
98
111
122
129
133
134
131
126
118
107
94
78
60
40
19
-2
-24
-46
-66
-84
-100
-111
-118
-121
-120
-113
-103
-90
-74
-56
-38
-20
-4
8
19
26
28
27
22
13
2
-11
-26
-41
-54
-66
-74
-79
-79
-74
-64
-49
-31
-9
15
41
67
93
116
137
153
165
172
173
169
161
148
133
114
95
74
54
35
17
0
-13
-25
-34
-41
-46
-50
-51
-51
-50
-48
-46
-44
-42
-40
-39
-38
-37
-36
-36
-36
-36
-37
-38
-40
-42
-45
-48
-51
-54
-57
-59
-60
-60
-59
-57
-54
-51
-47
-42
-39
-35
-32
-29
-27
-25
-22
-18
-13
-7
1
12
26
42
60
80
100
120
139
155
168
175
177
173
163
146
124
97
66
33
0
-34
-66
-95
-120
-139
-152
-159
-160
-155
-146
-131
-114
-94
-72
-51
-31
-13
2
14
22
26
26
22
14
3
-9
-24
-39
-55
-70
-83
-95
-106
-114
-119
-123
-125
-125
-124
-120
-115
-108
-99
-88
-74
-58
-39
-19
3
27
51
74
96
115
130
140
145
145
139
128
113
94
73
51
30
12
0
-9
-11
-6
3
20
42
67
93
120
145
166
182
192
196
192
181
164
141
114
85
54
23
-6
-32
-56
-75
-91
-102
-111
-116
-120
-123
-124
-126
-128
-130
-132
-135
-139
-142
-144
-146
-147
-147
-144
-140
-134
-125
-115
-103
-89
-74
-58
-41
-23
-5
13
31
48
65
81
94
106
114
120
122
122
118
112
104
95
86
76
67
60
54
50
48
48
49
53
57
62
66
70
73
75
74
72
67
60
51
41
29
17
5
-5
-14
-23
-29
-33
-35
-35
-34
-32
-28
-25
-21
-18
-16
-14
-15
-16
-19
-23
-28
-33
-39
-44
-49
-51
-52
-50
-45
-37
-26
-12
3
21
41
62
82
100
117
131
142
148
150
148
142
132
119
102
84
65
45
24
5
-13
-30
-46
-60
-72
-82
-90
-96
-99
-101
-101
-99
-95
-89
-82
-73
-64
-53
-42
-30
-20
-10
-1
4
7
8
5
0
-10
-22
-37
-53
-70
-87
-103
-117
-127
-133
-134
-129
-118
-101
-78
-50
-18
15
51
87
120
150
175
194
206
212
210
202
189
171
149
125
100
74
51
28
9
-7
-22
-33
-43
-50
-57
-62
-67
-71
-75
-79
-83
-86
-88
-88
-88
-86
-83
-79
-74
-68
-63
-58
-54
-51
-50
-49
-50
-52
-54
-56
-57
-57
-55
-51
-45
-36
-25
-12
1
17
33
49
64
78
89
99
105
108
108
104
97
86
73
57
39
19
0
-20
-40
-60
-78
-94
-108
-120
-129
-134
-137
-135
-130
-121
-109
-94
-76
-55
-33
-10
12
34
55
74
91
104
113
119
121
119
114
105
94
80
66
51
35
21
7
-4
-15
-23
-30
-35
-39
-40
-40
-39
-36
-32
-27
-22
-16
-10
-4
0
5
10
14
18
22
26
31
35
40
45
51
56
61
65
68
70
71
70
68
64
59
52
44
35
25
16
6
-2
-10
-17
-22
-27
-29
-31
-31
-30
-29
-26
-24
-22
-20
-18
-16
-15
-14
-14
-14
-14
-14
-14
-14
-14
-14
-15
-15
-17
-19
-22
-26
-32
-39
-48
-57
-67
-78
-90
-101
-111
-121
-129
-136
-139
-140
-138
-133
-125
-114
-100
-85
-68
-51
-34
-18
-3
10
22
33
42
49
56
62
67
72
76
80
84
87
89
90
91
90
87
83
78
71
63
55
46
38
30
22
16
11
8
7
8
11
15
22
30
39
49
59
68
77
85
92
96
99
99
96
91
84
75
64
52
39
26
13
1
-9
-19
-26
-32
-36
-38
-39
-38
-38
-37
-37
-38
-40
-43
-48
-54
-62
-71
-80
-90
-100
-109
-117
-123
-128
-131
-132
-131
-128
-123
-115
-105
-94
-82
-68
-53
-38
-23
-8
6
20
33
45
55
64
71
75
77
77
75
71
66
59
53
46
40
34
30
27
25
24
25
26
28
30
32
35
37
39
41
42
44
45
47
48
50
52
54
55
57
59
60
62
63
63
64
63
63
61
59
56
52
47
42
36
29
22
15
8
2
-2
-6
-9
-10
-10
-10
-8
-5
-2
0
1
2
2
0
-2
-7
-14
-21
-30
-39
-48
-57
-64
-70
-74
-75
-74
-72
-67
-60
-53
-45
-37
-30
-23
-18
-15
-13
-13
-15
-17
-21
-25
-28
-31
-33
-34
-33
-31
-28
-23
-18
-14
-9
-6
-3
-2
-3
-4
-6
-9
-12
-15
-16
-17
-16
-14
-11
-6
-1
3
8
13
17
20
21
20
18
14
8
1
-7
-17
-28
-38
-49
-59
-67
-75
-80
-83
-83
-81
-76
-69
-60
-48
-36
-23
-11
0
10
18
24
27
29
28
25
22
17
13
8
5
4
4
6
10
17
25
35
46
57
68
78
87
94
100
103
105
104
101
97
91
83
74
65
54
43
32
21
11
1
-6
-13
-18
-22
-25
-28
-30
-32
-34
-37
-40
-45
-50
-56
-63
-68
-73
-77
-78
-77
-73
-66
-56
-43
-27
-10
7
24
41
55
66
72
74
72
65
53
38
20
0
-20
-40
-58
-74
-85
-92
-93
-89
-80
-65
-45
-21
4
32
61
89
115
138
157
171
180
182
179
169
153
132
107
78
46
12
-21
-53
-84
-112
-135
-154
-168
-177
-180
-178
-171
-160
-144
-126
-106
-83
-61
-38
-15
5
23
40
54
64
71
75
76
73
67
58
47
34
19
3
-12
-28
-43
-57
-70
-80
-87
-91
-92
-90
-84
-74
-62
-46
-29
-10
8
27
46
64
80
94
106
117
125
131
135
138
139
139
137
133
128
121
112
102
90
76
