9
-28
-66
-101
-133
-159
-180
-194
-202
-204
-200
-192
-179
-162
-142
-120
-97
-71
-45
-18
8
34
61
86
110
133
153
171
186
197
205
209
210
206
198
187
173
155
135
113
90
65
41
16
-7
-31
-53
-73
-92
-108
-123
-137
-148
-158
-167
-175
-183
-190
-198
-205
-212
-219
-224
-229
-232
-232
-231
-226
-219
-209
-196
-182
-166
-151
-135
-121
-108
-99
-92
-90
-91
-96
-104
-116
-130
-145
-160
-174
-186
-195
-199
-197
-190
-176
-156
-129
-96
-57
-13
35
87
141
197
253
308
361
410
453
491
521
542
554
557
551
535
512
481
445
405
362
318
273
230
188
148
111
77
44
14
-14
-42
-68
-93
-117
-141
-162
-182
-200
-216
-230
-241
-249
-254
-256
-256
-253
-248
-240
-231
-220
-208
-195
-182
-168
-155
-142
-130
-119
-109
-100
-92
-86
-81
-77
-75
-74
-73
-73
-72
-71
-69
-65
-59
-51
-41
-29
-16
-2
11
26
39
51
62
70
77
82
85
87
89
91
95
101
109
121
137
156
178
202
226
251
274
293
308
318
321
317
307
290
268
242
212
181
148
115
82
52
23
-2
-26
-47
-65
-80
-93
-104
-113
-119
-124
-128
-129
-129
-127
-122
-117
-109
-100
-89
-78
-66
-54
-42
-31
-21
-11
-3
4
10
15
19
21
22
22
20
16
11
4
-2
-10
-19
-27
-35
-42
-49
-54
-58
-61
-62
-61
-59
-55
-50
-43
-35
-25
-14
-2
11
26
42
59
76
94
112
128
144
158
169
176
180
179
174
164
149
131
109
84
56
27
-3
-34
-65
-96
-127
-157
-185
-211
-236
-257
-275
-288
-297
-300
-297
-287
-271
-249
-220
-186
-148
-106
-62
-18
23
63
98
128
151
167
176
178
172
161
144
124
100
74
48
23
-1
-23
-43
-60
-74
-86
-94
-101
-106
-110
-113
-115
-117
-118
-120
-121
-122
-123
-122
-120
-117
-113
-107
-99
-90
-80
-69
-57
-46
-36
-27
-19
-13
-9
-6
-6
-6
-7
-9
-11
-12
-13
-13
-12
-10
-6
0
6
16
27
39
53
68
83
98
113
127
139
150
159
166
170
173
173
171
167
161
152
142
130
116
102
87
72
57
43
29
18
8
0
-6
-11
-15
-17
-19
-21
-23
-25
-28
-32
-37
-44
-52
-61
-71
-82
-92
-103
-113
-122
-130
-136
-140
-143
-143
-142
-138
-132
-125
-116
-106
-95
-83
-71
-59
-47
-36
-24
-13
-2
7
18
28
39
50
61
73
85
97
110
124
138
152
167
180
193
205
214
221
225
225
222
214
203
188
170
150
128
105
82
60
40
23
8
-1
-8
-12
-12
-10
-6
-1
2
5
7
5
1
-6
-17
-30
-46
-63
-80
-97
-112
-126
-136
-143
-147
-147
-143
-136
-127
-114
-99
-82
-64
-45
-25
-5
13
32
50
67
82
95
106
116
123
127
129
128
125
120
113
104
93
81
68
55
42
28
15
2
-9
-20
-31
-42
-51
-60
-69
-77
-84
-92
-98
-104
-110
-114
-118
-121
-123
-124
-124
-124
-123
-121
-119
-117
-114
-110
-105
-99
-91
-81
-70
-56
-41
-24
-5
13
33
53
71
87
99
107
110
108
99
84
64
39
9
-21
-54
-87
-118
-145
-168
-185
-196
-200
-197
-187
-170
-148
-121
-90
-57
-22
12
45
76
103
126
145
158
166
168
166
159
148
135
119
102
85
68
52
37
23
11
1
-6
-14
-20
-26
-31
-36
-41
-46
-49
-53
-54
-55
-54
-51
-45
-38
-28
-17
-4
10
25
40
54
68
79
89
97
102
104
104
102
99
94
88
82
77
72
68
65
64
64
66
69
74
79
85
91
96
100
102
101
99
93
85
74
61
45
29
11
-5
-22
-38
-52
-64
-74
-82
-87
-91
-93
-94
-94
-93
-93
-93
-93
-94
-95
-96
-98
-99
-100
-100
-99
-96
-93
-89
-84
-78
-72
-65
-58
-52
-45
-39
-34
-29
-24
-20
-15
-10
-4
1
7
14
20
27
34
40
45
49
53
55
56
56
55
53
50
46
40
34
28
21
14
7
2
-1
-3
-2
0
5
13
23
34
47
60
74
87
98
108
116
120
121
118
110
97
80
57
30
0
-34
-69
-105
-141
-175
-205
-231
-250
-264
-270
-268
-258
-241
-217
-187
-152
-114
-76
-39
-5
23
45
58
63
58
44
23
-5
-38
-74
-111
-147
-180
-208
-230
-246
-253
-253
-246
-232
-212
-187
-159
-129
-97
-65
-34
-3
24
52
77
101
123
144
163
181
198
214
228
241
252
261
267
271
271
268
261
251
237
221
203
182
160
136
113
90
67
46
28
12
0
-10
-16
-18
-18
-15
-9
-2
5
13
20
26
30
32
31
27
21
13
3
-8
-21
-33
-46
-57
-68
-76
-82
-87
-89
-89
-88
-85
-81
-77
-72
-68
-63
-60
-56
-53
-50
-47
-44
-40
-35
-29
-22
-15
-8
0
7
14
21
27
33
38
43
48
52
57
62
67
72
77
83
88
93
98
101
105
107
109
111
112
114
115
117
118
119
120
120
119
117
114
109
103
95
86
77
67
56
46
35
25
15
5
-4
-14
-24
-34
-45
-56
-68
-80
-93
-106
-119
-132
-144
-155
-164
-172
-178
-182
-184
-184
-181
-175
-167
-156
-141
-124
-103
-80
-55
-29
-1
25
51
74
95
111
123
130
131
128
120
108
94
77
59
41
24
10
-1
-10
-15
-16
-14
-9
-1
7
18
29
39
49
56
62
65
66
65
61
54
46
36
25
12
0
-14
-27
-40
-52
-64
-74
-84
-93
-101
-109
-116
-122
-127
-131
-134
-135
-134
-130
-125
-116
-105
-92
-76
-59
-40
-20
-1
17
33
46
55
60
59
53
42
26
5
-18
-45
-73
-100
-126
-148
-166
-180
-187
-187
-181
-169
-150
-127
-99
-69
-37
-6
23
50
73
92
106
116
120
122
120
117
112
108
104
102
100
100
101
102
103
104
102
99
92
83
70
55
36
15
-6
-29
-51
-72
-90
-105
-116
-121
-122
-118
-109
-96
-80
-62
-43
-24
-6
9
21
30
35
36
33
27
18
9
-1
-11
-20
-27
-31
-33
-32
-28
-22
-13
-4
5
15
24
32
38
42
44
45
45
43
42
40
40
40
41
43
46
50
54
58
63
67
70
73
74
75
74
71
67
61
54
46
36
25
13
0
-12
-26
-39
-53
-65
-76
-86
-94
-100
-104
-105
-103
-99
-92
-82
-70
-56
-39
-21
-2
17
37
57
76
94
111
125
136
145
152
155
155
153
148
140
130
119
106
91
76
60
44
28
13
0
-14
-27
-39
-50
-60
-69
-77
-84
-90
-94
-97
-97
-95
-90
-84
-75
-64
-52
-40
-27
-15
-3
7
16
24
30
34
37
37
37
34
31
26
19
12
4
-3
-12
-21
-29
-37
-44
-50
-55
-59
-61
-62
-62
-61
-59
-57
-56
-54
-52
-50
-47
-45
-42
-37
-32
-26
-18
-9
1
12
25
39
53
67
82
96
109
121
132
139
145
147
147
144
139
132
123
112
102
91
80
70
61
52
45
38
31
23
15
6
-4
-17
-32
-50
-70
-92
-116
-140
-164
-188
-209
-228
-242
-252
-256
-254
-246
-232
-213
-189
-160
-128
-93
-57
-21
14
49
81
110
135
156
172
182
188
189
185
176
164
149
132
113
94
73
53
33
14
-3
-20
-37
-52
-67
-81
-94
-106
-117
-127
-135
-142
-146
-149
-150
-148
-144
-138
-130
-120
-109
-97
-83
-69
-55
-41
-27
-14
-1
11
23
34
44
53
61
68
74
78
81
82
81
79
76
73
69
66
63
60
59
59
60
62
65
69
73
77
81
84
87
89
91
92
92
91
89
87
84
80
76
71
66
60
54
47
39
31
23
13
3
-6
-18
-30
-43
-55
-68
-80
-92
-103
-112
-119
-124
-126
-126
-122
-115
-105
-92
-77
-60
-41
-22
-3
14
31
47
61
73
84
93
100
106
110
113
114
114
112
107
100
90
77
61
43
21
-1
-27
-53
-80
-106
-130
-152
-171
-185
-195
-200
-200
-194
-183
-168
-149
-126
-102
-77
-53
-30
-10
5
18
26
30
30
26
20
12
4
-2
-8
-12
-12
-9
-1
8
22
39
57
75
93
109
122
133
139
141
138
131
119
104
85
64
41
19
-2
-22
-40
-53
-62
-66
-65
-58
-47
-31
-12
8
31
53
75
94
109
120
125
125
119
107
91
71
49
25
1
-22
-43
-62
-77
-89
-97
-101
-102
-99
-94
-87
-78
-68
-58
-48
-39
-30
-23
-16
-11
-8
-5
-3
-2
-2
-1
0
0
3
6
10
15
21
28
34
41
46
50
52
52
50
45
37
26
13
-1
-19
-38
-57
-76
-95
-112
-127
-139
-147
-151
-151
-148
-140
-130
-116
-101
-84
-66
-48
-31
-15
0
13
24
34
42
49
54
58
61
63
64
65
66
67
67
67
66
64
62
59
56
51
47
42
38
34
31
29
28
28
29
31
32
34
35
35
34
33
30
26
22
18
14
10
7
5
5
6
9
13
18
23
30
36
41
46
49
51
52
51
49
46
42
38
33
29
26
23
21
19
17
16
16
15
14
13
12
10
9
6
4
0
-2
-7
-11
-17
-23
-29
-36
-44
-52
-60
-67
-74
-79
-83
-85
-85
-83
-80
-74
-68
-60
-52
-45
-37
-31
-26
-22
-20
-19
-19
-21
-23
-26
-29
-32
-34
-35
-35
-33
-30
-26
-20
-13
-6
2
10
19
26
33
38
42
45
45
44
41
37
32
26
20
14
9
4
1
-2
-4
-6
-7
-9
-10
-12
-14
-17
-21
-26
-31
-37
-43
-51
-58
-67
-75
-84
-93
-101
-109
-116
-122
-126
-129
-129
-127
-122
-114
-103
-90
-74
-56
-36
-15
5
25
45
63
78
92
103
111
117
120
122
122
120
117
113
108
102
96
90
83
77
72
67
63
60
57
55
53
51
49
47
43
39
33
26
18
8
-2
-15
-28
-41
-53
-65
-75
-83
-88
-90
-89
-85
-77
-65
-51
-35
-16
3
23
44
65
84
101
117
129
138
143
144
141
135
125
111
95
77
57
35
13
-8
-30
-52
-72
-91
-108
-122
-134
-142
-148
-151
-151
-148
-143
-137
-129
-120
-110
-101
-91
-82
-73
-64
-56
-48
-39
-31
-22
-12
0
11
25
41
57
74
91
107
121
133
141
146
146
143
136
125
112
97
80
64
47
31
18
6
-2
-9
-12
-13
-12
-8
-3
3
10
18
25
33
40
46
52
57
61
64
67
69
69
69
67
65
62
58
54
51
47
44
41
39
37
37
37
38
39
41
44
47
50
53
