-57
-54
-49
-42
-33
-23
-13
-1
10
21
32
42
51
59
65
70
74
77
80
83
86
90
95
100
107
114
122
130
138
145
150
153
153
150
143
133
120
104
85
64
42
20
-2
-23
-42
-59
-74
-85
-92
-96
-96
-92
-85
-76
-63
-49
-34
-18
-3
12
26
39
50
59
66
71
74
75
74
73
70
66
62
56
50
44
36
27
17
6
-5
-18
-32
-46
-60
-73
-86
-97
-106
-113
-117
-117
-115
-108
-97
-83
-64
-42
-16
10
40
71
102
132
161
187
210
230
245
256
262
263
260
252
239
222
202
178
151
121
89
55
19
-16
-52
-88
-123
-156
-186
-213
-235
-253
-266
-273
-276
-273
-266
-255
-241
-224
-205
-185
-163
-140
-116
-92
-67
-42
-17
8
33
58
82
104
126
145
161
175
185
192
194
193
188
178
165
148
128
106
82
58
33
10
-11
-30
-46
-58
-66
-69
-67
-61
-51
-38
-22
-5
13
32
51
69
87
105
122
139
156
172
189
206
222
237
250
262
270
275
275
270
259
242
219
191
158
121
81
40
-1
-43
-82
-120
-154
-184
-211
-234
-253
-269
-281
-291
-297
-302
-304
-303
-301
-296
-290
-281
-271
-258
-244
-227
-209
-190
-171
-150
-131
-111
-94
-78
-64
-53
-44
-39
-36
-37
-39
-44
-50
-57
-65
-73
-80
-87
-93
-97
-100
-102
-103
-102
-100
-98
-95
-92
-88
-84
-80
-75
-70
-64
-56
-47
-35
-22
-7
9
27
47
67
87
106
124
140
154
165
174
179
181
180
176
169
159
147
133
118
103
87
71
57
43
30
19
10
2
-3
-9
-13
-16
-19
-22
-24
-27
-29
-32
-34
-35
-36
-36
-35
-32
-28
-23
-17
-10
-1
7
16
25
35
45
55
65
75
85
95
105
114
122
129
134
137
137
133
125
113
97
77
54
28
1
-26
-53
-78
-100
-117
-128
-134
-135
-130
-119
-105
-87
-68
-48
-29
-11
3
15
23
28
29
26
22
15
8
0
-6
-13
-18
-21
-23
-24
-23
-21
-18
-14
-11
-7
-4
0
2
5
9
12
16
21
26
31
37
44
51
57
63
68
73
76
78
79
78
75
72
68
63
57
52
48
44
41
40
39
40
41
44
46
48
50
51
51
50
47
44
40
35
31
27
25
25
27
31
38
47
59
71
84
97
108
117
124
128
128
124
116
105
90
72
53
32
10
-10
-30
-48
-65
-79
-90
-100
-107
-113
-119
-124
-129
-136
-143
-152
-162
-173
-184
-195
-206
-214
-219
-220
-216
-207
-193
-172
-146
-116
-82
-45
-8
28
64
96
123
145
160
169
169
162
148
126
97
63
23
-19
-65
-111
-158
-202
-244
-282
-314
-341
-360
-372
-376
-372
-360
-340
-312
-278
-238
-194
-146
-97
-48
0
44
85
120
149
170
183
189
186
176
160
138
112
84
56
29
5
-14
-29
-39
-43
-43
-38
-29
-19
-8
1
10
15
18
16
11
3
-6
-18
-29
-39
-47
-51
-51
-46
-36
-22
-4
16
40
64
87
110
130
148
162
173
180
184
185
182
178
172
164
155
145
135
124
113
102
91
79
68
57
46
36
26
17
8
1
-3
-8
-11
-13
-13
-12
-9
-5
0
6
14
23
33
43
54
66
76
86
95
103
109
113
115
115
113
109
103
95
85
72
57
39
19
-2
-27
-52
-79
-105
-130
-154
-175
-192
-205
-212
-214
-210
-200
-184
-163
-138
-108
-76
-42
-8
24
56
86
111
134
152
166
177
185
191
194
196
197
198
199
200
201
202
202
201
199
194
187
177
163
147
127
103
78
50
20
-9
-38
-67
-95
-119
-141
-160
-175
-187
-195
-199
-200
-198
-194
-187
-178
-168
-157
-144
-131
-117
-103
-88
-72
-57
-42
-26
-11
2
16
29
41
51
60
67
72
75
77
76
75
72
68
64
60
57
54
51
50
49
48
46
44
41
36
30
21
10
-1
-15
-30
-46
-62
-77
-92
-104
-114
-122
-127
-128
-126
-122
-114
-105
-94
-83
-72
-62
-54
-48
-45
-45
-48
-54
-62
-72
-84
-96
-108
-120
-129
-136
-140
-141
-138
-132
-123
-111
-97
-81
-65
-48
-31
-14
0
14
27
38
47
56
62
69
74
80
85
91
98
104
111
117
122
126
129
128
125
119
109
96
81
63
43
22
2
-17
-34
-48
-59
-66
-69
-68
-63
-56
-46
-35
-23
-13
-4
2
6
7
5
0
-9
-21
-34
-50
-66
-82
-98
-113
-126
-137
-144
-148
-149
-145
-137
-125
-108
-88
-64
-38
-10
18
47
75
101
125
145
161
172
180
182
181
177
169
160
149
138
127
117
107
99
92
87
82
78
75
71
68
64
60
56
51
45
38
30
22
12
1
-9
-20
-32
-44
-55
-64
-72
-78
-81
-82
-80
-74
-66
-56
-44
-31
-18
-5
5
14
20
23
23
18
10
0
-14
-31
-48
-66
-84
-100
-114
-124
-131
-132
-129
-120
-106
-86
-62
-34
-3
28
61
94
124
150
172
187
196
197
190
176
154
125
91
52
11
-31
-73
-113
-149
-181
-206
-225
-237
-241
-238
-228
-212
-191
-165
-137
-106
-75
-45
-16
10
35
56
74
89
100
110
117
121
124
126
126
125
123
120
117
114
111
107
104
101
97
95
92
90
88
88
88
89
92
96
102
108
115
122
128
134
138
139
139
135
128
117
103
85
64
39
12
-17
-47
-79
-110
-140
-167
-192
-212
-229
-240
-247
-248
-244
-236
-223
-206
-185
-162
-136
-109
-81
-54
-26
0
22
44
62
78
89
96
99
98
93
84
71
55
36
15
-5
-28
-50
-71
-90
-107
-122
-135
-145
-152
-158
-162
-165
-167
-168
-170
-171
-173
-174
-175
-175
-174
-171
-166
-157
-145
-129
-109
-86
-60
-32
-2
28
59
91
121
149
176
200
222
241
257
269
278
284
286
285
281
273
262
249
233
216
196
176
155
133
112
91
70
51
32
14
-1
-16
-30
-42
-54
-64
-73
-81
-88
-94
-100
-104
-108
-111
-114
-116
-118
-121
-123
-125
-127
-129
-130
-131
-130
-128
-125
-119
-111
-101
-89
-75
-60
-43
-27
-11
3
16
27
35
40
42
40
36
28
19
9
-2
-13
-25
-35
-44
-51
-55
-57
-56
-53
-47
-39
-30
-19
-8
2
13
24
34
43
51
59
66
73
79
84
88
91
93
94
93
89
84
76
66
53
39
24
8
-7
-22
-36
-48
-57
-62
-63
-60
-53
-43
-29
-13
3
20
36
50
62
71
77
79
78
74
68
60
52
45
38
33
31
32
36
43
53
65
80
95
111
125
138
148
154
156
153
146
133
116
96
71
45
17
-10
-37
-63
-86
-105
-120
-131
-137
-138
-134
-127
-116
-101
-85
-66
-47
-27
-8
10
27
41
53
61
66
67
64
57
47
34
18
0
-19
-39
-60
-81
-100
-119
-135
-149
-161
-169
-175
-178
-177
-173
-167
-158
-147
-134
-120
-105
-89
-73
-57
-42
-28
-15
-4
4
11
16
20
23
26
28
32
36
42
49
57
67
77
89
100
110
119
126
131
133
133
130
124
116
107
96
85
75
66
58
52
48
46
45
46
48
51
53
54
53
51
47
41
33
25
15
6
-1
-8
-13
-16
-16
-14
-9
-3
5
14
23
32
40
47
52
54
55
53
49
44
37
28
19
10
0
-8
-18
-28
-38
-48
-59
-72
-85
-101
-118
-136
-156
-176
-197
-217
-235
-252
-266
-276
-281
-282
-278
-269
-255
-236
-212
-183
-151
-115
-77
-36
6
49
92
134
174
211
244
273
298
317
330
337
338
334
324
309
288
263
234
201
166
128
88
47
6
-33
-73
-111
-146
-179
-208
-233
-254
-271
-282
-289
-290
-287
-279
-268
-252
-234
-212
-189
-164
-137
-110
-83
-55
-27
0
24
49
71
91
109
124
135
143
147
148
145
140
132
122
110
97
84
71
59
48
40
32
27
24
21
20
20
20
19
18
17
14
11
7
3
-1
-6
-10
-14
-17
-19
-19
-17
-14
-10
-4
2
9
16
23
28
30
31
28
23
15
4
-8
-23
-38
-54
-69
-82
-94
-103
-109
-113
-113
-110
-105
-97
-88
-77
-67
-56
-45
-36
-28
-20
-14
-9
-4
0
3
8
13
20
27
35
44
54
65
77
89
102
114
126
138
149
159
167
173
177
179
178
174
167
158
145
130
113
93
72
50
26
2
-21
-45
-68
-90
-111
-130
-146
-159
-169
-174
-176
-173
-166
-155
-140
-121
-99
-74
-48
-20
6
33
58
81
100
116
128
134
136
132
124
111
94
75
53
30
7
-13
-33
-50
-63
-73
-79
-81
-79
-75
-68
-60
-51
-42
-34
-27
-22
-19
-17
-17
-17
-19
-21
-24
-26
-27
-28
-27
-24
-20
-14
-6
2
13
24
37
49
60
71
80
87
93
97
98
99
97
95
91
87
83
79
76
73
71
70
70
71
73
76
79
82
84
85
86
85
83
80
75
69
61
52
41
28
14
0
-17
-35
-54
-74
-94
-114
-133
-152
-168
-183
-195
-205
-211
-215
-215
-212
-206
-198
-189
-177
-165
-152
-140
-128
-118
-108
-101
-95
-91
-88
-87
-86
-85
-85
-83
-81
-76
-70
-62
-51
-38
-23
-6
11
30
49
67
85
102
116
128
138
144
148
148
145
139
131
120
108
95
82
68
55
43
31
21
12
4
-2
-7
-10
-13
-13
-13
-11
-8
-4
1
7
15
23
32
42
51
60
67
73
77
78
76
72
66
58
49
39
29
20
12
7
3
1
2
4
7
10
13
16
18
18
16
12
6
-1
-10
-20
-30
-41
-50
-59
-65
-70
-73
-74
-74
-72
-70
-68
-66
-65
-64
-64
-65
-67
-70
-73
-77
-80
-84
-87
-88
-89
-88
-86
-82
-76
-69
-60
-50
-39
-27
-15
-2
9
22
33
44
54
62
69
75
79
81
81
80
78
74
69
63
57
51
46
41
37
35
34
35
37
41
47
53
59
66
72
76
79
79
77
73
65
55
42
27
12
-3
-19
-34
-46
-56
-63
-65
-64
-58
-49
-36
-20
-1
17
37
57
76
92
106
117
124
128
128
125
119
110
100
88
76
64
52
42
33
26
20
16
13
11
10
9
9
7
6
3
0
-3
-7
-12
-17
-22
-27
-33
-39
-44
-50
-56
-61
-67
-72
-77
-81
-84
-87
-88
-89
-88
-87
-84
-80
-75
-69
-62
-56
-49
-42
-37
-32
-28
-26
-25
-25
-26
-28
-31
-35
-39
-44
-49
-53
-58
-62
-65
-67
-67
-66
-64
-59
-54
-46
-38
-29
-20
-11
