-346
-365
-375
-376
-367
-347
-317
-275
-224
-162
-92
-15
68
155
246
337
428
517
601
680
751
813
865
904
930
942
939
921
887
838
775
698
610
511
404
290
172
52
-67
-185
-298
-404
-502
-589
-663
-724
-771
-803
-819
-821
-807
-781
-742
-693
-635
-571
-503
-433
-363
-295
-231
-172
-119
-73
-34
-3
21
39
52
60
63
62
59
53
46
37
28
18
8
0
-7
-13
-17
-17
-14
-7
3
19
39
64
93
125
159
195
231
266
299
328
354
374
389
399
402
399
391
376
357
333
305
273
240
204
169
135
103
74
48
28
12
1
-3
-4
-1
5
14
24
35
45
54
59
62
61
55
46
32
13
-8
-35
-65
-98
-135
-175
-217
-261
-306
-352
-397
-441
-481
-517
-546
-567
-578
-578
-565
-539
-499
-446
-381
-304
-217
-123
-24
77
178
278
372
459
537
604
658
699
726
739
738
724
699
664
620
569
515
457
399
341
285
233
184
139
98
62
30
1
-24
-48
-70
-91
-113
-135
-158
-183
-210
-240
-272
-307
-345
-386
-430
-476
-523
-571
-618
-663
-706
-743
-776
-801
-818
-827
-826
-816
-797
-768
-732
-687
-635
-577
-514
-446
-374
-300
-224
-147
-70
6
81
155
226
294
358
418
473
523
566
603
633
656
672
682
685
683
676
664
648
630
608
585
560
534
506
478
448
417
385
350
313
273
230
185
137
86
34
-18
-72
-126
-178
-228
-275
-318
-357
-391
-420
-442
-459
-470
-475
-476
-471
-463
-451
-435
-418
-398
-377
-355
-332
-308
-283
-258
-232
-207
-180
-154
-128
-102
-76
-50
-25
-1
21
44
66
87
108
127
146
163
180
196
212
227
242
256
269
282
292
301
308
312
313
310
304
294
280
263
244
223
201
179
157
137
119
104
93
86
83
84
89
97
108
120
132
143
152
158
159
155
145
130
110
85
56
24
-9
-42
-75
-106
-133
-155
-171
-181
-184
-180
-168
-150
-126
-98
-66
-31
4
38
71
100
125
143
155
160
158
149
134
113
89
61
31
1
-27
-55
-81
-103
-121
-134
-143
-148
-147
-141
-131
-117
-99
-78
-55
-30
-4
20
44
66
86
101
113
120
121
117
107
92
71
45
15
-18
-54
-93
-132
-172
-212
-251
-288
-325
-359
-391
-421
-448
-472
-492
-509
-520
-526
-527
-521
-509
-491
-467
-436
-401
-360
-316
-269
-220
-171
-122
-75
-31
9
45
78
106
129
149
166
180
192
202
212
222
232
242
253
265
278
292
306
320
334
346
357
365
369
370
366
356
341
320
293
260
222
178
129
77
22
-34
-91
-147
-201
-251
-297
-337
-370
-395
-412
-420
-419
-409
-391
-365
-333
-294
-251
-205
-157
-109
-61
-17
23
58
87
110
125
133
134
128
117
100
80
57
33
9
-13
-34
-53
-67
-78
-85
-87
-85
-80
-72
-61
-49
-36
-23
-11
0
9
16
21
24
24
23
21
19
16
14
12
13
14
17
22
28
36
44
52
60
68
74
79
83
85
86
85
83
80
77
74
71
68
67
67
68
71
75
80
87
96
106
117
130
144
159
175
192
209
226
242
258
272
284
294
302
307
309
308
303
294
281
264
243
218
189
157
123
88
51
15
-19
-53
-83
-110
-132
-150
-162
-168
-168
-163
-152
-137
-116
-93
-66
-37
-7
22
52
81
109
133
155
172
185
193
196
194
187
175
159
140
119
98
77
57
40
26
17
12
13
17
26
37
51
66
81
94
106
114
118
117
112
101
87
68
45
19
-8
-37
-67
-97
-126
-154
-180
-204
-226
-245
-261
-275
-286
-295
-301
-305
-308
-309
-308
-306
-302
-297
-290
-281
-272
-261
-250
-238
-226
-214
-202
-192
-182
-173
-166
-159
-154
-150
-146
-143
-141
-139
-136
-134
-131
-127
-123
-117
-110
-103
-94
-85
-75
-66
-56
-47
-39
-31
-24
-17
-11
-4
2
9
19
29
42
58
75
96
118
142
167
193
218
241
262
280
294
304
308
308
302
292
278
260
240
217
193
168
144
119
95
72
50
29
9
-9
-26
-43
-58
-73
-86
-98
-109
-118
-127
-134
-140
-145
-147
-148
-147
-144
-140
-133
-125
-115
-105
-93
-82
-71
-60
-51
-43
-36
-32
-29
-28
-28
-30
-32
-36
-40
-43
-46
-48
-48
-47
-44
-39
-33
-25
-16
-7
2
11
19
26
31
35
36
35
33
29
23
17
11
5
0
-2
-4
-3
-1
3
11
20
31
44
57
70
84
96
108
118
127
134
139
142
143
142
140
135
130
123
115
106
98
89
81
74
68
63
60
58
58
59
62
65
69
74
80
85
90
94
98
100
100
99
95
89
81
70
56
41
23
4
-15
-35
-56
-77
-96
-115
-131
-146
-160
-171
-180
-188
-194
-199
-202
-204
-205
-204
-203
-200
-196
-190
-183
-175
-165
-154
-142
-129
-116
-102
-89
-76
-64
-53
-43
-33
-23
-13
-3
8
20
35
50
67
86
105
125
144
162
180
195
207
217
224
228
228
227
222
216
208
199
190
179
169
157
146
134
121
108
93
78
61
43
23
3
-17
-39
-61
-82
-103
-123
-140
-156
-168
-178
-184
-187
-186
-182
-175
-164
-152
-137
-122
-106
-91
-76
-63
-50
-40
-30
-22
-16
-10
-5
0
3
6
8
11
12
13
14
14
13
12
9
5
0
-7
-17
-29
-42
-58
-76
-95
-114
-134
-154
-172
-189
-202
-212
-217
-217
-211
-200
-182
-158
-129
-95
-58
-18
21
62
101
137
169
196
217
233
243
246
245
238
227
213
196
177
157
138
119
102
86
73
62
54
49
46
45
47
50
55
62
70
78
87
96
104
111
117
120
122
122
120
116
110
102
94
85
76
68
60
53
47
42
38
35
32
29
25
19
11
1
-11
-27
-45
-66
-88
-112
-136
-160
-184
-206
-227
-246
-263
-279
-292
-303
-312
-319
-324
-327
-327
-323
-316
-305
-289
-267
-240
-208
-170
-128
-83
-35
13
62
107
149
185
214
235
247
251
245
231
210
182
148
110
70
29
-10
-48
-82
-112
-137
-155
-168
-175
-176
-172
-163
-151
-136
-119
-101
-82
-63
-44
-27
-10
5
19
33
45
57
68
79
89
100
110
119
129
138
145
152
158
163
167
169
171
173
175
176
179
181
184
187
189
191
191
189
185
177
166
151
132
109
84
55
25
-5
-36
-67
-95
-121
-144
-164
-179
-190
-197
-199
-197
-191
-182
-170
-156
-140
-124
-108
-92
-77
-64
-53
-44
-37
-32
-28
-27
-27
-28
-30
-33
-37
-40
-44
-47
-50
-52
-53
-53
-52
-49
-45
-39
-31
-21
-9
5
22
41
63
87
112
138
165
191
215
237
255
268
276
278
275
265
249
228
203
175
144
112
81
50
21
-4
-27
-46
-62
-74
-83
-88
-92
-94
-94
-93
-92
-90
-87
-84
-81
-76
-70
-62
-52
-41
-27
-12
4
21
39
57
73
87
99
107
112
114
112
106
97
86
72
56
39
20
0
-19
-41
-62
-84
-105
-127
-148
-168
-186
-203
-218
-229
-237
-240
-239
-232
-221
-204
-182
-157
-128
-96
-63
-30
1
31
58
81
100
114
122
124
121
112
99
81
60
37
12
-12
-37
-61
-83
-102
-117
-128
-136
-139
-137
-132
-123
-111
-96
-79
-62
-44
-27
-12
0
11
20
25
28
27
24
18
10
1
-9
-20
-31
-41
-48
-53
-54
-51
-44
-33
-17
2
25
51
78
106
134
161
185
207
225
240
249
254
255
252
244
233
218
201
181
159
136
110
84
56
26
-3
-34
-65
-96
-127
-156
-184
-210
-233
-253
-269
-280
-287
-289
-286
-278
-266
-249
-228
-204
-178
-151
-123
-96
-71
-48
-30
-16
-8
-5
-8
-17
-30
-48
-68
-91
-113
-135
-153
-168
-177
-181
-178
-169
-153
-131
-105
-74
-41
-6
28
62
94
123
150
173
194
212
228
242
255
267
278
289
299
308
316
323
328
331
331
330
325
319
310
298
285
270
253
236
218
200
183
165
147
130
113
96
78
61
42
23
4
-16
-36
-56
-76
-95
-112
-127
-140
-150
-157
-161
-163
-161
-157
-152
-145
-137
-129
-121
-114
-107
-101
-96
-90
-85
-79
-73
-65
-57
-46
-34
-21
-7
7
23
38
52
64
74
82
87
88
85
79
70
57
42
25
5
-14
-35
-56
-76
-94
-110
-122
-132
-137
-137
-134
-126
-114
-100
-83
-65
-47
-29
-14
0
9
15
18
16
10
1
-10
-25
-42
-60
-79
-97
-114
-130
-144
-155
-162
-167
-167
-164
-157
-146
-131
-112
-91
-66
-39
-10
20
52
85
118
152
184
216
246
274
300
323
343
358
369
374
374
368
356
339
316
287
255
219
180
140
99
58
18
-20
-57
-92
-124
-153
-180
-203
-224
-241
-254
-264
-269
-269
-264
-255
-240
-221
-198
-172
-143
-114
-84
-55
-28
-3
17
34
48
57
61
62
58
50
38
21
0
-26
-56
-90
-129
-170
-213
-257
-301
-343
-381
-414
-441
-460
-471
-472
-464
-446
-420
-386
-345
-299
-249
-196
-143
-90
-38
9
55
96
132
164
191
213
231
245
256
263
268
270
270
268
265
260
255
248
241
234
226
218
210
202
194
186
179
173
167
162
157
153
149
146
142
137
131
123
112
100
84
67
47
25
3
-19
-41
-62
-80
-96
-109
-118
-124
-127
-126
-123
-118
-111
-103
-94
-85
-76
-67
-59
-52
-45
-39
-34
-28
-22
-16
-9
0
9
21
34
49
64
80
96
111
125
137
147
155
160
162
161
157
150
140
127
112
94
75
54
33
11
-9
-30
-49
-65
-79
-91
-99
-104
-107
-107
-105
-101
-96
-91
-86
-82
-78
-76
-74
-73
-73
-73
-72
-71
-68
-63
-57
-47
-35
-20
-3
14
34
55
75
94
111
127
139
149
157
161
163
163
160
155
147
138
126
113
98
81
63
45
27
10
-4
-18
-29
-37
-42
-44
-42
-38
-31
-21
-10
1
13
25
37
46
54
59
62
62
59
54
46
37
27
15
2
-11
-26
-42
-59
-77
-96
-117
-137
-159
-179
-199
-218
-233
-246
-254
-258
-257
-251
-239
-222
-201
-175
-146
-115
-81
-47
-13
20
51
80
105
126
143
154
161
162
157
148
135
117
97
74
49
24
-2
-28
-54
-80
-104
-127
-149
-168
-184
-198
-208
-214
-216
-215
-209
-199
-185
-168
-149
-127
-103
-79
-56
-33
-12
5
20
32
39
44
45
44
40
36
30
25
19
15
11
7
4
1
-1
-6
-11
-19
-27
-37
-48
-59
-70
-80
-88
-93
-95
-93
-87
-76
-60
-40
-17
10
39
71
103
135
167
