651
633
628
635
649
667
684
695
694
678
643
587
511
414
300
174
39
-96
-227
-348
-454
-540
-604
-645
-664
-662
-643
-610
-568
-522
-475
-431
-394
-366
-350
-346
-355
-376
-408
-451
-502
-558
-618
-679
-739
-794
-844
-887
-920
-944
-956
-957
-948
-928
-900
-866
-827
-788
-752
-722
-702
-693
-698
-718
-754
-803
-865
-935
-1010
-1084
-1154
-1212
-1253
-1273
-1265
-1227
-1156
-1050
-909
-735
-532
-303
-55
203
466
725
972
1198
1399
1568
1702
1800
1860
1886
1879
1844
1786
1709
1619
1521
1417
1310
1203
1096
989
880
768
651
529
399
261
117
-33
-187
-341
-490
-631
-757
-865
-950
-1007
-1036
-1033
-1000
-938
-850
-739
-611
-471
-326
-180
-39
91
208
310
393
459
506
536
551
552
542
521
492
456
414
369
321
271
221
171
123
77
33
-8
-48
-88
-128
-169
-213
-260
-311
-367
-427
-490
-555
-620
-683
-741
-792
-833
-862
-876
-874
-857
-822
-772
-706
-627
-535
-433
-323
-207
-87
33
152
268
376
475
561
634
689
728
748
751
738
709
669
620
565
508
452
402
360
329
309
304
311
333
366
410
462
520
581
641
697
745
784
810
819
811
784
735
666
577
469
344
205
57
-95
-248
-395
-531
-651
-749
-823
-869
-886
-874
-834
-768
-680
-575
-457
-333
-206
-83
31
135
225
299
355
394
416
423
416
398
371
338
301
263
225
191
162
138
119
107
100
96
94
93
90
83
70
50
22
-14
-59
-111
-170
-234
-300
-365
-426
-479
-522
-550
-562
-554
-526
-478
-411
-328
-232
-129
-24
76
167
244
301
337
349
337
302
247
173
86
-10
-113
-217
-319
-416
-506
-586
-657
-718
-769
-811
-845
-870
-889
-901
-905
-903
-894
-878
-854
-823
-784
-738
-686
-628
-565
-497
-424
-348
-269
-186
-99
-10
81
174
268
362
453
541
622
694
757
806
842
863
868
858
833
795
746
689
625
559
494
431
373
323
281
248
224
209
202
201
205
212
220
226
230
229
223
210
189
162
130
92
53
13
-24
-57
-84
-102
-110
-109
-97
-77
-49
-16
17
51
79
101
112
110
93
61
14
-48
-124
-211
-306
-404
-502
-595
-678
-749
-803
-838
-853
-845
-817
-768
-701
-618
-522
-416
-303
-186
-68
47
160
267
368
459
541
612
671
717
750
768
774
766
747
717
679
634
585
532
479
427
377
330
286
247
213
182
155
132
111
92
74
57
40
23
7
-8
-23
-37
-48
-56
-61
-60
-55
-44
-27
-6
17
43
68
89
105
113
110
96
70
33
-14
-70
-132
-196
-258
-317
-368
-411
-442
-462
-471
-468
-456
-436
-410
-381
-349
-318
-289
-264
-242
-225
-213
-205
-201
-199
-197
-195
-191
-184
-172
-157
-137
-114
-89
-64
-40
-20
-5
4
7
5
-1
-10
-19
-25
-26
-20
-5
18
50
89
131
172
209
236
250
247
222
176
106
15
-96
-223
-362
-506
-651
-789
-915
-1024
-1111
-1173
-1206
-1211
-1186
-1133
-1054
-951
-827
-685
-530
-365
-193
-19
153
322
483
634
771
892
995
1079
1142
1184
1207
1210
1196
1166
1125
1073
1015
954
891
830
772
720
675
636
604
579
559
542
526
508
488
462
430
389
341
285
222
153
81
7
-67
-139
-209
-275
-338
-397
-455
-511
-567
-624
-682
-740
-799
-857
-912
-962
-1006
-1042
-1069
-1087
-1096
-1098
-1094
-1085
-1072
-1057
-1040
-1022
-1000
-974
-942
-901
-850
-787
-712
-623
-521
-409
-287
-159
-28
101
226
343
448
538
611
666
703
723
728
720
703
680
654
630
609
594
586
585
591
603
621
644
670
699
731
765
801
839
877
916
953
987
1016
1037
1048
1048
1034
1006
965
912
849
778
704
629
558
493
436
389
353
327
308
295
286
275
262
241
210
168
113
44
-36
-128
-228
-333
-439
-541
-635
-718
-784
-831
-855
-856
-833
-786
-717
-628
-524
-407
-283
-158
-37
73
172
252
311
347
359
348
317
267
204
131
56
-16
-80
-130
-160
-167
-148
-102
-29
66
183
315
457
600
739
865
971
1050
1097
1106
1074
1000
882
721
521
287
23
-261
-559
-862
-1162
-1450
-1719
-1962
-2174
-2350
-2487
-2584
-2642
-2659
-2639
-2585
-2499
-2387
-2253
-2100
-1934
-1758
-1576
-1389
-1199
-1008
-814
-616
-414
-207
6
228
457
692
932
1174
1415
1649
1872
2080
2268
2431
2564
2665
2730
2757
2745
2694
2605
2480
2321
2132
1919
1686
1440
1186
932
683
446
226
26
-147
-294
-413
-504
-570
-613
-639
-653
-662
-672
-689
-720
-768
-837
-928
-1039
-1167
-1309
-1458
-1608
-1750
-1879
-1986
-2065
-2110
-2117
-2083
-2006
-1886
-1723
-1520
-1282
-1014
-721
-413
-97
217
521
807
1065
1289
1472
1610
1701
1744
1740
1692
1607
1490
1349
1192
1027
861
702
553
420
302
200
110
31
-44
-121
-206
-304
-419
-554
-709
-882
-1071
-1268
-1466
-1657
-1830
-1977
-2089
-2160
-2184
-2159
-2086
-1966
-1804
-1607
-1382
-1137
-882
-625
-373
-134
85
283
455
600
716
805
867
905
920
915
894
860
818
771
724
682
649
628
623
636
667
717
783
863
954
1051
1149
1243
1328
1401
1456
1492
1507
1499
1469
1417
1346
1257
1154
1039
916
787
655
523
393
267
146
32
-73
-170
-258
-337
-406
-467
-520
-565
-603
-637
-666
-692
-716
-738
-759
-778
-795
-810
-820
-825
-823
-812
-791
-758
-714
-656
-588
-508
-419
-323
-222
-119
-18
78
168
249
318
374
414
439
449
444
425
396
358
316
273
233
198
174
161
162
178
208
251
305
366
430
493
550
597
628
641
633
601
545
466
365
245
109
-36
-187
-339
-486
-624
-749
-858
-950
-1024
-1079
-1118
-1140
-1149
-1145
-1130
-1106
-1072
-1029
-978
-918
-850
-773
-688
-595
-495
-390
-279
-164
-45
74
197
321
446
572
698
824
951
1076
1199
1317
1428
1529
1617
1687
1735
1760
1757
1726
1666
1577
1462
1324
1166
994
813
628
447
274
114
-28
-151
-250
-327
-381
-415
-430
-432
-423
-409
-394
-380
-370
-366
-368
-376
-388
-402
-415
-426
-433
-434
-430
-419
-405
-388
-371
-357
-348
-346
-352
-368
-393
-427
-467
-513
-560
-607
-651
-688
-716
-734
-739
-731
-709
-674
-628
-572
-510
-445
-381
-322
-271
-233
-209
-202
-211
-236
-274
-322
-376
-430
-479
-518
-541
-544
-524
-479
-409
-314
-198
-63
83
239
397
550
695
824
936
1025
1091
1133
1149
1141
1111
1060
991
906
808
699
581
457
329
200
72
-53
-173
-286
-390
-484
-566
-636
-693
-739
-773
-797
-812
-818
-818
-812
-799
-780
-755
-721
-679
-627
-564
-489
-402
-303
-192
-72
55
187
320
451
575
690
792
877
943
990
1015
1020
1006
974
927
868
800
727
651
577
506
440
382
331
289
256
231
214
205
201
204
210
220
232
246
259
271
281
287
288
283
271
252
224
188
144
92
31
-35
-110
-191
-278
-370
-467
-569
-675
-784
-896
-1009
-1122
-1234
-1343
-1446
-1542
-1627
-1698
-1753
-1787
-1799
-1786
-1744
-1674
-1573
-1442
-1283
-1098
-890
-663
-422
-174
75
320
556
777
978
1157
1312
1441
1545
1624
1680
1714
1728
1723
1700
1660
1604
1530
1441
1336
1216
1083
939
788
633
478
329
189
64
-42
-129
-192
-233
-253
-253
-237
-210
-177
-143
-113
-90
-79
-80
-95
-123
-161
-206
-254
-300
-340
-370
-386
-387
-370
-338
-292
-235
-172
-108
-47
5
46
73
84
81
64
39
8
-21
-45
-58
-56
-36
3
64
144
241
352
472
596
720
837
944
1035
1109
1160
1189
1191
1167
1115
1034
924
784
615
416
189
-64
-341
-637
-948
-1265
-1581
-1888
-2176
-2437
-2661
-2841
-2971
-3047
-3067
-3029
-2937
-2794
-2604
-2375
-2113
-1827
-1524
-1212
-898
-589
-293
-14
242
473
675
846
986
1094
1173
1223
1248
1251
1235
1203
1160
1109
1053
997
943
896
858
832
822
828
850
889
941
1006
1077
1152
1224
1290
1343
1380
1398
1393
1364
1310
1231
1129
1005
862
702
529
346
159
-29
-215
-394
-563
-717
-853
-968
-1060
-1127
-1167
-1178
-1161
-1116
-1044
-947
-829
-692
-543
-386
-227
-71
75
207
322
416
487
534
559
561
544
510
462
403
336
266
195
127
64
9
-37
-74
-101
-120
-130
-135
-136
-136
-139
-146
-159
-179
-209
-247
-294
-349
-410
-477
-548
-621
-696
-770
-842
-911
-974
-1030
-1076
-1108
-1126
-1124
-1102
-1056
-985
-890
-770
-628
-467
-292
-110
73
249
412
553
666
748
794
804
779
723
641
538
425
308
196
97
19
-33
-58
-52
-16
46
132
238
356
482
611
737
858
969
1069
1157
1233
1295
1345
1381
1402
1407
1394
1360
1304
1222
1113
976
811
622
410
181
-58
-301
-538
-763
-966
-1142
-1283
-1385
-1448
-1470
-1452
-1399
-1314
-1202
-1071
-925
-772
-617
-465
-322
-192
-79
16
91
144
177
189
182
159
122
74
20
-36
-90
-139
-179
-205
-215
-206
-177
-129
-61
23
122
230
343
454
558
648
719
766
787
781
747
686
604
503
390
270
147
29
-81
-180
-266
-338
-396
-442
-477
-503
-525
-544
-563
-584
-609
-637
-670
-707
-747
-788
-828
-867
-904
-935
-962
-982
-996
-1002
-1000
-989
-969
-938
-895
-838
-767
-680
-578
-460
-330
-188
-38
115
270
423
570
708
835
951
1055
1145
1221
1284
1333
1365
1382
1380
1359
1317
1255
1174
1075
962
838
710
581
459
349
256
184
135
111
112
135
177
235
302
372
439
496
537
555
547
510
440
339
207
49
-130
-327
-532
-739
-941
-1128
-1294
-1432
-1536
-1603
-1628
-1611
-1550
-1449
-1309
-1135
-933
-711
-476
-236
0
223
428
607
753
864
936
968
962
920
845
741
614
471
316
155
-5
-161
-309
-445
-567
-672
-761
-832
-884
-917
-930
-925
-899
-854
-788
-703
-599
-477
-341
-191
-32
132
298
462
620
768
902
1020
1119
1198
1257
1295
1313
1312
1294
1260
1214
1155
1085
1005
915
817
709
592
467
335
198
59
-79
-212
-337
-449
-544
-621
-676
-709
-720
-711
-684
-641
-587
-522
-452
-378
-302
-226
-152
-80
-10
56
120
183
243
300
354
404
446
480
502
508
498
467
417
346
256
151
35
-86
-207
-321
-422
-504
-563
-597
-606
-590
-552
-496
-426
-349
-268
-190
-118
-55
-5
30
51
58
52
34
6
-28
-67
-108
-148
-183
-211
-231
-240
-239
-226
-203
-169
-129
-83
-34
15
61
103
139
167
186
197
200
197
190
178
166
153
140
130
121
114
108
102
95
87
75
60
41
17
-10
-41
-74
-108
-141
-169
-192
-206
-210
-201
-178
-141
-88
-20
59
152
253
360
469
576
678
769
846
905
942
953
936
889
811
703
567
405
222
24
-180
-386
-584
-766
-926
-1057
-1154
-1216
-1241
-1231
-1189
-1120
-1032
-930
-825
-724
-635
-565
-517
-496
-501
-531
-580
-645
-716
-785
-843
-883
-897
-879
-826
-735
-607
-444
-250
-32
203
450
701
947
1182
1399
1594
1761
1897
1999
