-100
-96
-90
-82
-73
-64
-53
-43
-33
-23
-15
-7
-1
3
6
9
10
11
11
12
12
12
12
13
13
14
15
17
18
19
21
22
23
24
24
23
22
20
17
13
9
3
-1
-7
-13
-19
-25
-29
-33
-36
-38
-39
-38
-36
-33
-29
-25
-20
-16
-11
-7
-4
-1
0
2
3
4
5
6
7
8
10
12
14
17
19
22
24
25
25
24
22
19
14
8
2
-4
-12
-19
-27
-34
-40
-46
-50
-54
-56
-58
-59
-58
-57
-55
-53
-50
-46
-41
-36
-31
-25
-18
-10
-1
8
19
31
44
57
71
84
96
107
116
123
127
128
126
121
114
104
92
79
65
50
35
22
9
-1
-9
-16
-20
-21
-20
-18
-13
-7
0
7
15
22
28
33
36
37
35
32
26
17
7
-4
-17
-31
-46
-60
-74
-87
-99
-108
-117
-123
-128
-131
-132
-132
-131
-129
-125
-120
-113
-106
-97
-87
-76
-64
-52
-39
-26
-13
0
11
23
34
44
53
60
65
69
71
72
72
70
68
65
62
59
56
54
52
51
50
50
50
51
51
52
51
50
48
45
40
33
25
16
5
-6
-18
-31
-45
-58
-71
-83
-95
-105
-114
-121
-127
-130
-131
-129
-125
-118
-108
-96
-82
-66
-49
-31
-14
3
19
33
46
57
66
72
77
80
81
80
79
76
72
68
62
56
48
40
30
19
7
-5
-20
-35
-52
-68
-85
-101
-115
-127
-136
-142
-143
-140
-132
-119
-101
-79
-53
-24
7
39
70
101
129
153
172
187
196
199
196
187
173
154
131
106
79
51
24
-2
-27
-50
-70
-87
-100
-109
-115
-116
-113
-106
-96
-82
-65
-45
-24
-2
19
40
60
78
93
104
113
118
119
117
112
105
95
83
70
57
43
28
15
1
-10
-21
-30
-38
-44
-49
-51
-51
-48
-43
-37
-28
-17
-4
8
22
37
51
64
76
87
95
101
105
105
102
97
88
77
63
47
29
10
-10
-31
-53
-74
-94
-113
-131
-146
-158
-168
-176
-180
-181
-179
-173
-165
-154
-139
-123
-103
-82
-60
-37
-14
8
30
51
69
85
97
107
114
117
117
114
109
101
91
80
68
55
42
29
17
5
-4
-12
-19
-24
-28
-30
-31
-31
-30
-28
-26
-25
-23
-22
-22
-22
-24
-26
-30
-35
-40
-46
-52
-58
-63
-67
-70
-70
-69
-65
-59
-51
-42
-31
-20
-9
0
9
16
21
23
23
20
16
10
3
-3
-9
-14
-17
-18
-16
-11
-4
5
16
28
41
52
62
70
76
77
76
71
63
53
40
26
11
-2
-16
-27
-36
-42
-44
-43
-37
-26
-12
5
27
52
78
106
133
160
184
205
222
234
241
241
234
221
202
177
147
113
75
35
-5
-45
-85
-121
-155
-183
-207
-224
-236
-242
-242
-236
-225
-211
-193
-172
-150
-126
-103
-79
-57
-36
-17
0
13
26
36
43
49
51
52
51
48
43
37
30
22
14
5
-2
-10
-17
-24
-29
-33
-35
-36
-35
-32
-28
-22
-15
-7
2
13
25
37
50
63
76
88
99
109
119
126
133
138
141
142
142
141
137
131
124
115
103
90
75
59
42
25
9
-6
-20
-32
-41
-46
-47
-44
-37
-27
-13
2
20
38
56
73
87
99
107
111
112
110
104
95
83
69
53
36
17
-1
-21
-41
-61
-81
-99
-117
-133
-147
-158
-168
-176
-181
-184
-185
-184
-183
-180
-177
-174
-171
-168
-165
-161
-157
-152
-146
-138
-128
-116
-102
-86
-68
-48
-27
-5
15
37
57
77
94
110
124
137
147
156
164
171
176
181
185
188
190
189
187
183
176
167
155
141
125
107
89
70
52
34
17
1
-12
-25
-36
-46
-54
-61
-66
-70
-73
-75
-76
-76
-76
-74
-73
-70
-66
-62
-56
-49
-41
-31
-21
-10
1
13
25
37
48
58
67
75
81
87
91
95
97
98
98
98
96
95
92
89
85
80
74
66
57
47
36
23
9
-4
-19
-34
-48
-62
-75
-86
-96
-103
-108
-111
-111
-109
-103
-95
-85
-72
-57
-41
-24
-6
10
27
42
55
66
75
81
85
86
85
82
76
70
62
53
43
33
23
14
5
-2
-8
-14
-18
-20
-21
-20
-17
-13
-7
0
7
16
24
33
40
47
52
55
57
56
54
49
43
35
26
16
5
-5
-16
-27
-37
-45
-53
-58
-61
-63
-62
-59
-55
-49
-42
-33
-25
-16
-8
-1
5
10
13
16
18
18
19
19
18
18
19
19
20
22
24
26
28
31
33
35
36
38
38
39
39
39
38
38
38
37
37
36
34
32
29
25
20
13
6
-1
-9
-18
-26
-34
-42
-48
-53
-57
-59
-60
-60
-59
-57
-55
-53
-52
-51
-50
-50
-51
-51
-52
-53
-53
-52
-50
-47
-43
-38
-31
-24
-15
-6
2
12
21
31
40
48
56
64
70
76
81
85
88
90
90
88
85
81
75
67
58
48
37
25
13
0
-10
-21
-31
-39
-46
-50
-53
-54
-53
-50
-47
-42
-37
-32
-26
-21
-17
-13
-10
-9
-8
-8
-8
-9
-10
-11
-11
-11
-10
-8
-6
-3
0
3
6
9
12
14
16
17
17
17
16
15
12
10
6
2
-2
-7
-12
-18
-23
-29
-34
-39
-43
-47
-49
-51
-53
-53
-53
-52
-50
-48
-46
-42
-39
-35
-30
-25
-21
-16
-11
-7
-4
-1
0
0
0
-2
-5
-9
-14
-19
-25
-30
-35
-40
-43
-46
-47
-46
-45
-42
-38
-33
-27
-20
-12
-4
4
13
21
29
36
43
49
53
57
60
62
63
64
64
63
62
61
60
59
57
54
51
46
40
32
22
9
-4
-19
-36
-54
-72
-90
-106
-121
-134
-145
-154
-159
-162
-163
-160
-155
-147
-136
-123
-108
-91
-72
-52
-32
-11
8
28
46
62
76
88
98
104
107
107
103
96
87
74
59
42
24
5
-14
-33
-51
-68
-83
-95
-105
-112
-116
-117
-115
-110
-103
-94
-83
-72
-60
-48
-36
-25
-14
-5
2
8
14
18
21
24
25
27
29
30
31
33
35
36
38
39
39
39
37
35
31
26
21
14
8
1
-5
-12
-19
-25
-30
-35
-39
-42
-45
-48
-50
-52
-53
-55
-57
-58
-60
-61
-62
-63
-63
-63
-63
-62
-61
-60
-58
-57
-55
-54
-53
-52
-51
-50
-48
-46
-44
-41
-38
-34
-30
-25
-20
-16
-11
-6
-2
0
2
4
4
3
2
0
-3
-7
-11
-15
-19
-22
-24
-26
-28
-28
-28
-28
-27
-26
-24
-23
-22
-21
-21
-22
-24
-28
-33
-40
-48
-58
-68
-78
-88
-97
-104
-110
-112
-112
-108
-100
-89
-75
-59
-41
-22
-3
15
32
47
60
69
76
79
80
78
75
70
65
59
54
49
45
42
40
39
39
40
41
42
43
44
44
43
42
39
35
31
25
19
12
4
-2
-10
-17
-25
-31
-37
-43
-48
-52
-55
-58
-60
-61
-62
-62
-61
-60
-58
-55
-52
-49
-46
-43
-40
-38
-37
-37
-38
-40
-43
-47
-50
-54
-58
-62
-65
-67
-69
-69
-68
-66
-63
-59
-54
-47
-41
-34
-27
-20
-14
-8
-3
0
2
3
3
3
2
1
0
-1
-2
-1
-1
0
3
7
12
17
23
28
32
36
38
40
41
41
41
40
40
41
42
44
46
49
52
55
58
60
61
62
61
60
57
54
50
45
40
35
30
24
19
15
10
5
1
-3
-9
-15
-23
-33
-43
-56
-69
-84
-99
-114
-129
-143
-155
-166
-174
-179
-181
-180
-175
-166
-155
-140
-123
-105
-86
-66
-47
-28
-10
5
20
33
45
57
68
79
91
103
116
129
144
158
172
185
197
205
209
209
204
193
177
156
131
102
70
37
4
-27
-58
-86
-111
-132
-148
-160
-167
-170
-169
-163
-155
-143
-129
-114
-98
-82
-67
-52
-38
-25
-14
-5
2
7
11
13
12
9
3
-4
-14
-26
-40
-54
-69
-85
-99
-113
-125
-135
-143
-148
-149
-147
-140
-129
-113
-93
-69
-42
-12
18
50
81
111
138
161
182
198
211
220
225
228
228
226
222
218
212
206
200
194
187
181
175
168
162
155
147
140
132
123
114
104
94
84
75
66
59
52
47
44
41
39
38
37
35
33
31
27
22
17
11
4
-1
-8
-14
-20
-26
-31
-36
-41
-45
-48
-51
-52
-52
-51
-49
-45
-40
-34
-27
-20
-12
-4
2
9
16
22
28
32
37
40
43
44
45
45
44
43
41
39
37
35
34
34
35
37
41
46
52
59
67
75
84
92
99
106
111
116
120
123
126
129
132
135
139
143
147
152
156
160
163
165
166
165
162
157
150
141
130
117
103
89
74
59
45
32
21
11
4
-1
-4
-4
-3
0
4
10
17
25
34
42
51
59
67
74
81
88
93
98
102
105
107
108
107
105
101
96
89
81
72
61
51
39
28
18
8
0
-6
-11
-14
-15
-14
-10
-5
2
11
22
33
45
57
68
78
86
93
96
97
96
91
85
76
66
55
43
32
23
15
9
6
6
8
12
18
24
31
37
42
46
47
47
44
39
32
24
15
5
-3
-12
-20
-28
-34
-40
-44
-49
-53
-57
-61
-65
-69
-74
-78
-82
-86
-90
-93
-95
-97
-97
-97
-95
-91
-84
-76
-65
-52
-37
-21
-3
13
29
43
0
0
0
0
0
0
0
0
0
0
0
0
0
0
0
0
0
0
0
0
0
0
0
0
0
0
0
0
0
0
0
0
0
0
0
0
0
0
0
0
0
0
0
0
0
0
0
0
0
0
0
0
0
0
0
0
0
0
0
0
0
0
0
0
0
0
0
0
0
0
0
0
0
0
0
0
0
0
0
0
0
0
0
0
0
0
0
0
0
0
0
0
0
0
0
0
0
0
0
0
0
0
0
0
0
0
0
0
0
0
0
0
0
0
0
0
0
0
0
0
0
0
0
0
0
0
0
0
0
0
0
0
0
0
0
0
0
0
0
0
0
0
0
0
0
0
0
0
0
0
0
0
0
0
0
0
0
0
0
0
0
0
0
0
0
0
0
0
0
0
0
0
0
0
0
0
0
0
0
0
0
0
0
0
0
0
0
0
0
0
0
0
0
0
0
0
0
0
0
0
0
0
0
0
0
0
0
0
0
0
0
0
0
0
0
0
0
0
0
0
0
0
0
0
0
0
0
0
0
0
0
0
0
0
