197
225
251
273
293
308
319
325
326
323
314
301
282
260
234
205
173
139
104
68
33
0
-33
-63
-89
-112
-131
-146
-157
-163
-165
-164
-159
-150
-139
-126
-111
-94
-77
-59
-42
-26
-12
0
10
17
22
24
24
21
18
13
8
3
-1
-5
-8
-10
-11
-11
-10
-7
-3
0
6
11
17
22
26
30
32
32
31
28
25
21
16
12
10
9
10
15
22
33
47
64
83
104
126
147
168
186
201
211
217
217
212
200
181
156
126
90
49
4
-42
-90
-139
-186
-229
-269
-302
-328
-347
-357
-359
-353
-339
-317
-289
-255
-217
-175
-130
-84
-38
8
53
97
138
177
212
243
270
292
309
321
326
326
319
306
287
262
232
196
156
113
67
20
-26
-72
-116
-157
-192
-222
-246
-262
-270
-270
-263
-248
-226
-198
-166
-131
-95
-59
-26
4
29
50
64
72
73
68
58
44
26
6
-14
-34
-54
-71
-85
-95
-102
-105
-105
-101
-95
-87
-76
-65
-53
-41
-28
-16
-5
5
15
24
33
42
50
59
67
76
85
94
103
112
120
127
134
139
143
147
149
149
149
148
146
144
141
138
135
132
129
126
123
119
115
110
104
97
88
77
65
52
38
23
7
-8
-24
-40
-56
-71
-85
-98
-109
-118
-125
-130
-131
-130
-125
-117
-107
-95
-82
-68
-55
-43
-33
-26
-23
-23
-28
-36
-48
-64
-83
-103
-126
-148
-171
-192
-212
-229
-243
-255
-262
-266
-266
-262
-254
-242
-227
-208
-186
-160
-132
-102
-70
-37
-4
28
60
90
119
145
169
190
207
221
232
240
244
246
244
239
232
220
206
189
168
145
119
92
65
38
12
-9
-28
-43
-53
-58
-59
-55
-49
-40
-30
-20
-12
-5
0
1
1
0
-5
-10
-16
-22
-26
-29
-29
-27
-21
-13
-2
10
25
41
57
72
85
96
103
106
104
97
86
69
49
25
0
-29
-57
-85
-112
-136
-158
-175
-188
-198
-203
-204
-202
-196
-189
-179
-169
-158
-147
-136
-125
-116
-107
-99
-91
-85
-78
-73
-68
-62
-57
-51
-45
-37
-28
-17
-4
10
26
44
63
82
100
117
132
143
150
153
152
148
140
129
117
104
91
78
66
55
45
36
28
19
11
2
-7
-17
-27
-38
-48
-56
-63
-67
-67
-64
-56
-44
-27
-5
20
49
81
115
149
183
215
243
268
288
302
309
310
304
290
271
245
215
179
141
99
56
13
-30
-72
-112
-149
-182
-211
-236
-256
-271
-281
-286
-285
-281
-272
-259
-244
-226
-207
-186
-165
-144
-124
-105
-87
-70
-54
-40
-27
-15
-4
5
15
24
32
39
46
53
59
65
71
76
81
85
90
95
99
104
110
115
120
125
129
131
131
128
122
112
99
82
61
37
11
-16
-45
-74
-101
-127
-151
-171
-187
-200
-209
-214
-216
-215
-211
-205
-198
-190
-180
-171
-161
-151
-140
-130
-120
-110
-100
-89
-77
-65
-51
-35
-18
1
21
43
66
89
112
134
153
170
184
193
199
199
196
187
175
158
138
116
92
67
43
18
-3
-24
-42
-58
-70
-79
-85
-88
-88
-84
-78
-70
-59
-46
-31
-15
1
19
37
55
72
90
106
122
137
151
164
176
186
196
204
210
216
219
222
222
221
219
215
209
202
194
185
176
167
159
151
145
138
133
127
121
115
107
97
86
72
57
40
22
4
-13
-30
-45
-58
-67
-74
-76
-76
-71
-64
-55
-43
-30
-18
-5
4
13
18
21
19
14
6
-4
-18
-34
-51
-68
-84
-100
-113
-124
-131
-135
-136
-132
-125
-115
-102
-88
-72
-57
-42
-30
-20
-14
-11
-12
-16
-22
-31
-40
-48
-55
-59
-59
-55
-46
-33
-16
2
22
41
58
72
82
86
84
76
63
46
26
3
-19
-42
-63
-81
-96
-106
-112
-112
-108
-98
-85
-69
-51
-32
-13
5
22
36
49
59
65
69
70
68
63
55
43
28
10
-11
-35
-62
-90
-120
-149
-178
-206
-231
-254
-273
-288
-298
-304
-305
-302
-294
-283
-268
-252
-233
-214
-195
-177
-159
-142
-126
-111
-95
-80
-63
-45
-26
-4
19
44
71
99
128
157
185
211
236
257
275
289
299
305
305
301
293
281
264
244
220
193
163
130
96
60
24
-12
-49
-85
-120
-153
-184
-213
-239
-263
-284
-301
-316
-326
-332
-333
-328
-319
-303
-282
-256
-225
-190
-151
-111
-70
-29
9
45
76
103
124
138
146
149
146
138
128
114
100
86
72
60
50
43
38
35
34
35
37
40
42
45
47
50
52
54
57
60
65
70
78
87
98
110
125
140
156
172
188
201
212
220
224
224
220
212
199
184
166
147
127
108
90
74
61
50
42
37
33
30
27
23
17
10
0
-13
-29
-46
-65
-84
-103
-119
-134
-145
-152
-155
-154
-148
-138
-125
-109
-90
-71
-53
-35
-19
-6
3
10
14
16
16
15
14
13
13
13
15
18
22
27
31
36
39
42
43
43
41
38
33
29
24
20
17
16
18
22
30
41
54
70
87
105
124
141
158
173
185
194
201
204
204
201
195
186
174
160
142
123
101
76
50
23
-5
-34
-63
-92
-119
-143
-165
-183
-198
-207
-212
-213
-209
-201
-190
-176
-161
-146
-132
-119
-110
-103
-101
-102
-107
-115
-125
-137
-150
-162
-172
-181
-186
-188
-186
-180
-170
-156
-140
-121
-101
-80
-61
-44
-30
-20
-16
-19
-27
-42
-62
-87
-114
-143
-172
-198
-220
-237
-247
-249
-245
-233
-214
-188
-158
-124
-88
-50
-12
24
59
91
120
145
167
185
200
212
220
226
230
232
232
231
230
227
224
221
217
213
209
204
199
194
188
182
175
168
162
155
148
142
137
133
129
126
123
119
115
110
103
94
83
68
52
32
9
-15
-43
-72
-104
-136
-168
-199
-229
-257
-281
-302
-319
-331
-338
-340
-337
-329
-317
-300
-280
-256
-230
-202
-172
-142
-111
-82
-54
-28
-5
13
29
40
48
52
52
50
47
43
39
37
37
41
50
63
81
103
130
160
192
224
256
284
308
325
335
337
330
314
290
257
218
173
124
74
23
-25
-70
-109
-143
-169
-186
-195
-195
-186
-169
-145
-113
-77
-36
7
52
97
140
180
215
244
267
283
291
292
285
271
251
226
197
166
133
99
67
37
10
-12
-31
-46
-58
-66
-72
-76
-78
-81
-85
-89
-95
-103
-112
-122
-134
-145
-156
-165
-173
-177
-179
-176
-170
-159
-143
-124
-101
-74
-45
-14
16
48
78
106
132
153
170
183
190
193
192
187
178
167
154
139
124
108
92
76
60
42
24
6
-13
-34
-56
-79
-102
-124
-146
-168
-187
-205
-221
-234
-245
-252
-256
-258
-255
-250
-242
-231
-217
-201
-183
-164
-144
-123
-101
-80
-58
-38
-19
-1
15
29
42
52
60
67
71
75
77
79
80
82
83
86
88
91
94
96
98
97
95
90
82
71
56
37
16
-6
-31
-55
-79
-101
-119
-133
-142
-145
-142
-134
-120
-102
-81
-58
-33
-8
14
36
55
70
81
88
90
89
84
76
65
53
39
24
9
-3
-16
-26
-35
-40
-42
-42
-38
-32
-23
-13
-2
8
19
29
38
45
51
55
57
58
58
58
57
57
57
57
58
59
61
62
64
65
65
64
63
60
56
50
43
35
26
15
3
-9
-24
-40
-57
-75
-93
-112
-131
-149
-166
-181
-194
-203
-209
-210
-206
-196
-180
-157
-129
-95
-57
-15
29
74
118
159
196
227
250
265
271
267
255
233
204
169
129
85
41
-3
-45
-83
-116
-144
-164
-177
-183
-182
-176
-163
-147
-128
-106
-84
-62
-41
-21
-3
12
26
38
47
55
62
67
73
78
83
89
96
103
111
119
126
133
139
143
146
147
147
144
140
134
126
116
105
92
77
61
43
24
4
-15
-36
-58
-78
-99
-118
-136
-152
-167
-181
-192
-201
-208
-213
-215
-213
-208
-200
-187
-171
-150
-124
-95
-62
-25
13
54
96
138
178
215
248
276
298
312
319
317
306
286
258
221
177
127
72
14
-44
-101
-156
-206
-250
-286
-313
-332
-343
-344
-337
-323
-302
-275
-244
-208
-169
-129
-87
-45
-4
34
71
105
134
159
179
195
205
211
212
209
203
195
184
171
157
143
128
113
98
83
68
52
35
18
1
-16
-34
-51
-68
-83
-96
-106
-113
-117
-117
-114
-106
-96
-83
-67
-51
-34
-18
-3
8
18
24
27
26
21
13
3
-7
-20
-32
-43
-53
-60
-65
-65
-62
-55
-44
-30
-14
4
23
42
59
74
86
93
96
95
90
81
68
54
37
20
3
-12
-27
-40
-50
-58
-62
-63
-62
-57
-50
-42
-32
-22
-13
-5
1
6
9
9
8
5
1
-3
-8
-13
-17
-21
-23
-25
-26
-26
-26
-26
-26
-27
-29
-31
-36
-41
-47
-54
-61
-67
-72
-75
-75
-72
-65
-55
-41
-23
-2
20
44
70
95
120
142
163
181
197
209
218
225
229
230
228
224
218
210
200
188
175
160
144
127
109
91
73
54
35
16
-3
-23
-43
-64
-85
-105
-125
-145
-163
-179
-194
-207
-218
-227
-233
-238
-240
-241
-240
-237
-233
-227
-220
-211
-201
-189
-176
-163
-148
-134
-119
-105
-92
-81
-71
-63
-59
-56
-57
-59
-64
-69
-76
-82
-86
-89
-88
-84
-75
-61
-42
-17
13
49
91
137
186
238
290
341
388
430
465
491
507
511
503
482
449
404
348
284
212
135
56
-22
-98
-169
-232
-285
-328
-358
-376
-381
-374
-356
-329
-295
-256
-213
-169
-125
-84
-45
-11
17
41
60
75
85
92
95
95
93
90
85
78
71
63
53
43
33
22
11
0
-9
-19
-27
-34
-39
-42
-44
-43
-41
-38
-33
-27
-22
-16
-11
-7
-4
-3
-3
-3
-5
-6
-8
-9
-9
-9
-7
-4
0
6
14
23
33
44
56
67
78
88
96
102
106
106
104
98
88
76
60
43
23
3
-17
-37
-56
-72
-86
-96
-103
-106
-105
-102
-95
-86
-76
-65
-54
-44
-36
-30
-26
-25
-27
-31
-37
-43
-50
-56
-60
-62
-62
-58
-52
-41
-28
-12
6
26
48
69
90
110
127
143
155
165
172
177
179
180
179
178
177
176
175
176
177
179
182
185
187
189
189
187
184
177
168
156
140
121
99
74
47
17
-12
-43
-73
-101
-127
-149
-167
-181
-190
-195
-196
-195
-191
-186
-182
-179
-178
-179
-184
-191
-202
-215
-231
-247
-264
-279
-293
-303
-310
-312
-310
-302
-290
-273
-252
-229
-203
-176
-149
-124
-100
-79
-61
-45
-31
-18
-6
7
22
39
60
83
109
