95
116
142
171
201
231
259
282
298
305
304
292
269
236
194
144
88
29
-30
-88
-143
-192
-232
-264
-285
-297
-298
-289
-273
-248
-218
-184
-146
-106
-66
-25
13
52
89
126
162
198
234
271
308
347
385
423
459
491
518
537
546
544
528
497
452
391
316
229
131
26
-82
-193
-300
-400
-491
-569
-632
-679
-708
-720
-715
-694
-658
-612
-555
-492
-425
-356
-289
-225
-166
-115
-73
-41
-19
-7
-7
-16
-33
-58
-88
-121
-155
-188
-218
-243
-261
-271
-271
-261
-240
-208
-166
-113
-52
16
90
167
246
323
397
467
528
581
624
655
675
682
678
664
640
608
571
530
488
446
407
372
342
317
298
284
273
266
260
253
245
232
214
189
156
113
62
1
-67
-143
-224
-308
-391
-471
-545
-610
-664
-705
-730
-740
-733
-711
-674
-624
-562
-492
-415
-335
-255
-177
-103
-35
23
73
112
141
159
167
166
156
139
116
90
61
32
3
-22
-44
-62
-75
-83
-87
-87
-84
-79
-73
-69
-66
-66
-69
-76
-86
-100
-116
-135
-156
-177
-197
-216
-233
-245
-254
-258
-257
-252
-243
-230
-215
-200
-185
-171
-161
-155
-154
-159
-169
-184
-204
-227
-251
-276
-299
-318
-331
-337
-333
-320
-297
-263
-220
-168
-108
-44
23
92
161
227
288
343
391
432
465
490
509
521
527
530
529
527
524
520
517
514
512
511
510
507
504
498
489
477
460
438
410
378
339
296
247
194
137
76
13
-50
-114
-177
-238
-294
-344
-388
-423
-448
-464
-469
-464
-449
-425
-393
-355
-312
-266
-221
-176
-135
-98
-67
-43
-26
-16
-13
-17
-25
-38
-53
-69
-85
-99
-109
-114
-113
-105
-91
-69
-41
-8
28
68
108
148
186
220
250
274
292
305
312
314
313
308
302
295
287
281
276
272
269
268
267
265
264
261
257
252
245
237
227
216
205
194
183
172
163
154
145
138
130
121
112
101
87
72
54
33
11
-12
-37
-62
-86
-108
-128
-145
-158
-167
-171
-172
-169
-163
-154
-143
-131
-119
-107
-97
-88
-81
-77
-74
-73
-74
-76
-79
-83
-87
-90
-94
-96
-98
-100
-100
-99
-97
-93
-89
-83
-76
-67
-57
-46
-33
-19
-4
12
31
51
73
96
119
142
164
183
199
211
217
218
211
198
178
153
122
88
50
11
-27
-64
-101
-134
-163
-189
-211
-229
-243
-253
-260
-263
-263
-260
-255
-247
-236
-224
-210
-195
-179
-163
-149
-136
-126
-119
-115
-115
-118
-126
-137
-151
-167
-184
-202
-220
-237
-252
-264
-273
-278
-280
-277
-271
-261
-248
-234
-218
-201
-184
-169
-155
-143
-134
-127
-122
-120
-120
-120
-121
-122
-122
-120
-115
-106
-93
-76
-53
-25
7
45
88
135
184
236
288
339
387
432
471
504
530
547
557
557
550
536
516
491
463
432
400
368
336
305
274
244
215
186
156
126
95
64
33
3
-25
-52
-77
-98
-116
-130
-141
-148
-152
-154
-155
-156
-156
-158
-160
-165
-171
-179
-189
-199
-210
-220
-229
-235
-240
-240
-238
-231
-220
-204
-186
-163
-139
-113
-87
-61
-38
-18
-2
8
14
15
10
0
-12
-29
-47
-66
-83
-99
-111
-119
-123
-122
-117
-108
-95
-80
-63
-45
-27
-8
9
28
46
66
86
109
133
160
190
223
258
293
330
365
398
428
452
471
482
487
484
475
459
438
414
388
361
336
312
291
274
260
249
241
234
228
220
210
196
176
150
117
76
27
-29
-95
-167
-246
-329
-414
-501
-585
-666
-740
-805
-859
-900
-927
-939
-935
-916
-881
-831
-768
-692
-605
-509
-405
-295
-183
-69
44
155
262
363
456
541
616
680
735
778
811
833
845
848
843
829
808
780
746
705
659
607
549
487
420
348
272
193
111
26
-60
-147
-235
-322
-408
-490
-569
-644
-712
-773
-826
-869
-903
-925
-935
-932
-917
-890
-851
-801
-742
-674
-601
-524
-446
-367
-292
-220
-153
-93
-40
6
47
81
111
136
157
175
190
202
211
218
222
225
226
227
226
225
224
222
220
218
216
213
210
208
207
207
209
213
220
229
240
253
268
283
298
312
324
335
344
351
356
360
363
365
368
371
375
380
386
393
400
406
411
413
412
405
391
371
342
306
262
210
153
90
24
-44
-112
-179
-243
-304
-360
-410
-454
-492
-523
-549
-570
-585
-595
-601
-602
-599
-593
-583
-570
-553
-533
-511
-487
-461
-435
-409
-384
-360
-337
-317
-298
-280
-265
-250
-237
-224
-211
-197
-182
-166
-149
-129
-108
-84
-59
-33
-5
23
53
84
117
150
185
221
259
298
338
379
418
456
492
524
551
573
589
600
605
604
599
589
574
557
535
511
482
450
414
373
327
274
215
149
76
-1
-86
-174
-265
-356
-444
-527
-601
-664
-711
-742
-753
-743
-713
-661
-590
-501
-398
-284
-164
-40
80
196
301
394
470
530
572
595
600
590
564
524
473
413
345
270
191
109
24
-61
-147
-231
-313
-391
-464
-530
-589
-639
-678
-706
-723
-726
-717
-695
-661
-616
-561
-498
-430
-357
-283
-208
-135
-65
0
61
118
170
217
260
298
332
363
391
415
436
454
469
479
485
487
484
475
461
441
416
385
351
312
270
225
179
132
84
37
-10
-58
-107
-156
-206
-258
-311
-365
-420
-475
-529
-581
-628
-669
-702
-724
-735
-733
-717
-686
-642
-584
-513
-432
-342
-245
-145
-43
55
151
239
318
387
444
489
522
543
554
557
553
545
535
525
517
512
512
518
529
544
564
585
606
626
641
650
651
642
624
595
556
508
451
389
322
254
186
120
59
3
-46
-89
-126
-156
-180
-199
-214
-225
-233
-239
-243
-246
-247
-247
-246
-244
-241
-237
-233
-229
-225
-221
-218
-216
-215
-215
-215
-215
-215
-212
-207
-199
-186
-168
-145
-118
-87
-53
-18
17
51
81
107
127
140
144
140
127
104
74
36
-8
-56
-107
-159
-209
-255
-296
-330
-356
-373
-380
-378
-368
-349
-324
-294
-260
-223
-184
-145
-107
-69
-33
1
34
67
98
129
160
191
222
252
282
310
336
359
379
395
408
416
420
421
418
412
404
394
381
365
347
326
299
268
229
183
129
65
-6
-87
-176
-271
-371
-473
-574
-673
-766
-851
-925
-988
-1038
-1075
-1098
-1108
-1104
-1090
-1064
-1029
-986
-935
-877
-813
-742
-664
-578
-483
-380
-266
-143
-9
132
281
434
589
741
887
1021
1140
1240
1316
1368
1391
1387
1353
1293
1206
1096
967
821
664
500
333
170
15
-128
-255
-363
-449
-513
-552
-568
-561
-535
-492
-435
-368
-296
-222
-150
-84
-27
17
50
68
74
66
47
18
-16
-56
-97
-138
-175
-206
-231
-247
-255
-253
-242
-223
-195
-161
-122
-79
-33
13
60
106
149
188
222
250
271
284
288
284
270
247
215
175
128
76
21
-33
-86
-135
-178
-211
-234
-246
-245
-233
-210
-176
-134
-84
-30
26
84
142
197
250
298
342
380
413
440
462
478
490
497
499
497
490
480
466
449
427
402
373
341
305
267
225
181
136
89
41
-6
-52
-96
-136
-172
-201
-225
-240
-247
-245
-233
-213
-184
-147
-104
-55
-2
52
106
159
208
252
288
316
335
344
344
333
313
284
248
206
160
111
60
10
-38
-85
-129
-172
-213
-253
-292
-331
-371
-412
-453
-495
-535
-574
-609
-640
-664
-680
-687
-683
-668
-642
-606
-559
-503
-439
-371
-301
-230
-162
-100
-45
0
36
61
75
79
74
62
45
25
3
-17
-35
-49
-58
-60
-56
-45
-29
-6
20
50
83
118
152
186
219
249
277
303
325
343
358
370
377
380
379
373
363
348
329
306
279
249
218
184
150
115
79
44
7
-29
-68
-108
-152
-198
-249
-304
-363
-425
-491
-559
-627
-692
-754
-808
-852
-885
-904
-907
-894
-864
-817
-755
-678
-589
-491
-386
-277
-167
-60
42
137
223
298
361
411
448
473
486
489
483
471
453
434
414
395
379
368
362
361
365
374
386
400
415
428
438
444
443
436
421
397
365
325
278
224
165
103
40
-21
-80
-134
-180
-219
-249
-270
-282
-286
-282
-271
-256
-236
-214
-191
-167
-145
-124
-106
-91
-80
-73
-70
-70
-73
-76
-80
-83
-82
-78
-69
-53
-30
-1
34
75
122
171
222
272
319
360
394
419
433
435
426
405
375
337
293
246
198
152
111
76
48
28
16
11
12
17
25
32
38
41
40
33
21
3
-17
-41
-67
-92
-116
-137
-154
-167
-176
-179
-180
-177
-172
-167
-162
-157
-155
-156
-160
-167
-177
-190
-205
-221
-237
-252
-264
-273
-277
-276
-269
-256
-237
-212
-182
-150
-115
-80
-48
-19
4
21
30
30
22
5
-16
-44
-75
-105
-132
-153
-166
-167
-156
-131
-92
-38
26
103
189
282
378
477
575
670
761
846
923
990
1047
1092
1123
1139
1139
1122
1086
1031
957
864
755
630
492
346
193
39
-110
-254
-386
-504
-603
-682
-740
-775
-788
-781
-756
-716
-664
-606
-545
-487
-434
-391
-359
-342
-339
-350
-372
-404
-442
-483
-523
-558
-585
-603
-608
-599
-577
-541
-493
-434
-366
-291
-214
-137
-62
5
64
113
149
171
179
173
154
122
81
32
-21
-78
-135
-190
-241
-285
-322
-351
-371
-382
-384
-378
-365
-346
-323
-297
-270
-245
-223
-207
-198
-198
-209
-230
-263
-308
-362
-424
-491
-561
-627
-687
-734
-764
-772
-754
-707
-629
-520
-381
-213
-21
189
412
641
868
1085
1285
1462
1611
1727
1808
1854
1864
1842
1790
1713
1615
1500
1374
1241
1106
971
839
712
591
478
372
273
181
94
12
-64
-137
-208
-275
-340
-402
-460
-516
-567
-614
-657
-696
-730
-760
-787
-810
-831
-848
-863
-874
-882
-886
-885
-877
-862
-838
-805
-763
-709
-646
-573
-490
-400
-305
-205
-104
-3
95
189
277
358
431
496
553
601
640
672
695
711
718
716
706
687
659
621
575
520
458
389
314
235
155
76
-1
-73
-138
-194
-241
-276
-301
-314
-317
-312
-299
-281
-258
-233
-207
-181
-155
-129
-104
-80
-57
-34
-12
8
27
47
65
83
101
119
137
155
175
194
213
232
250
267
282
296
308
318
327
335
343
350
357
365
373
381
391
401
412
424
437
449
462
473
484
492
498
501
500
496
487
473
455
432
406
375
341
305
265
224
180
132
82
27
-32
-98
-170
-248
-331
-419
-509
-599
-685
-766
-836
-894
-937
-963
-972
-963
-938
-900
-852
-799
-744
-694
-652
-623
-610
-616
-640
-682
-738
-805
-877
-947
-1008
-1054
-1077
-1072
-1037
-968
-867
-736
-579
-401
-210
-13
180
363
529
670
782
862
907
918
897
846
771
675
566
450
332
218
114
23
-51
-108
-146
-166
-168
-154
-127
-89
-43
9
