-992
-994
-1005
-1027
-1062
-1111
-1173
-1247
-1330
-1419
-1508
-1590
-1661
-1714
-1743
-1742
-1707
-1636
-1526
-1376
-1189
-966
-710
-428
-124
194
521
849
1170
1478
1766
2029
2262
2461
2623
2744
2825
2863
2859
2814
2730
2610
2458
2279
2078
1863
1637
1408
1181
959
747
547
360
186
24
-124
-264
-395
-521
-641
-757
-869
-976
-1078
-1171
-1255
-1327
-1383
-1423
-1444
-1446
-1430
-1395
-1343
-1277
-1199
-1112
-1018
-920
-821
-721
-623
-527
-434
-345
-260
-179
-103
-32
31
88
139
182
219
249
274
294
311
326
339
351
363
374
384
394
402
408
411
410
405
393
374
346
308
259
198
126
43
-49
-148
-252
-357
-460
-557
-647
-726
-793
-848
-890
-921
-940
-949
-947
-936
-916
-884
-841
-785
-714
-627
-523
-403
-268
-118
42
210
380
549
712
863
1000
1119
1218
1297
1356
1396
1419
1427
1424
1412
1391
1365
1333
1296
1254
1204
1146
1079
1002
913
813
701
579
447
306
160
11
-139
-288
-432
-569
-695
-808
-907
-990
-1055
-1103
-1134
-1149
-1147
-1131
-1102
-1060
-1006
-943
-870
-788
-699
-603
-503
-398
-292
-186
-82
15
106
187
254
305
339
354
348
323
279
219
146
63
-24
-113
-196
-271
-332
-376
-401
-405
-388
-350
-292
-218
-130
-31
74
183
291
396
496
587
670
743
806
861
907
947
980
1009
1035
1057
1077
1094
1110
1122
1132
1139
1143
1143
1139
1133
1122
1107
1089
1066
1038
1005
965
919
863
798
720
629
523
401
262
107
-63
-246
-440
-639
-839
-1033
-1216
-1381
-1524
-1639
-1723
-1773
-1790
-1773
-1726
-1650
-1550
-1431
-1298
-1156
-1011
-867
-728
-598
-479
-374
-285
-213
-157
-117
-93
-83
-87
-101
-123
-152
-185
-219
-252
-282
-307
-327
-340
-346
-346
-340
-330
-316
-302
-288
-275
-264
-255
-248
-241
-232
-220
-203
-180
-148
-108
-60
-5
54
115
175
230
277
313
335
341
332
307
268
217
158
93
26
-38
-99
-153
-198
-231
-253
-262
-257
-237
-203
-153
-88
-6
91
206
338
485
647
824
1012
1209
1412
1617
1820
2015
2198
2361
2501
2612
2689
2729
2730
2691
2611
2493
2338
2150
1933
1690
1425
1142
843
531
210
-117
-448
-781
-1109
-1429
-1735
-2022
-2281
-2509
-2697
-2840
-2936
-2981
-2975
-2920
-2820
-2682
-2514
-2324
-2123
-1923
-1734
-1566
-1429
-1329
-1273
-1261
-1296
-1374
-1489
-1636
-1805
-1986
-2169
-2343
-2498
-2626
-2717
-2766
-2767
-2717
-2614
-2459
-2253
-2001
-1707
-1378
-1020
-643
-254
137
525
901
1257
1589
1891
2158
2388
2577
2725
2830
2893
2914
2894
2836
2741
2613
2455
2272
2067
1847
1616
1381
1147
921
710
519
352
216
113
45
13
17
55
123
217
333
463
603
745
885
1016
1135
1237
1321
1384
1424
1443
1440
1417
1374
1313
1234
1140
1032
911
778
634
481
321
154
-15
-187
-359
-527
-689
-843
-985
-1114
-1226
-1320
-1393
-1445
-1473
-1476
-1455
-1410
-1341
-1249
-1138
-1010
-869
-720
-566
-415
-270
-138
-24
67
133
170
175
149
92
5
-106
-237
-383
-535
-686
-827
-949
-1046
-1111
-1138
-1123
-1066
-966
-826
-651
-447
-220
19
264
504
732
939
1118
1264
1373
1441
1467
1450
1391
1293
1157
990
795
579
348
110
-127
-358
-575
-772
-943
-1086
-1196
-1273
-1316
-1326
-1305
-1256
-1182
-1086
-973
-847
-710
-566
-416
-264
-110
45
200
355
508
658
805
946
1081
1207
1323
1427
1517
1592
1651
1694
1720
1730
1724
1702
1667
1620
1561
1493
1419
1339
1257
1174
1092
1013
939
870
809
755
709
670
637
610
586
563
539
512
480
439
388
323
244
149
36
-94
-243
-407
-584
-772
-965
-1160
-1350
-1530
-1697
-1844
-1968
-2067
-2139
-2182
-2197
-2184
-2144
-2080
-1992
-1883
-1755
-1611
-1452
-1280
-1099
-910
-716
-521
-327
-138
42
209
361
491
598
676
724
739
722
672
591
483
351
200
36
-134
-305
-469
-620
-751
-857
-933
-974
-979
-947
-879
-776
-644
-488
-315
-132
53
234
403
556
688
796
876
930
957
959
939
899
843
774
697
615
532
450
373
302
240
187
144
112
91
81
80
88
105
128
157
192
230
272
315
359
403
443
479
507
524
527
514
481
427
352
255
140
8
-135
-285
-437
-583
-719
-837
-933
-1003
-1043
-1053
-1032
-982
-906
-806
-689
-559
-422
-282
-145
-13
110
223
325
415
492
557
611
654
686
707
718
718
708
687
656
617
571
520
467
414
365
322
289
267
257
260
275
300
333
369
406
438
463
477
478
464
437
395
343
282
216
149
82
20
-35
-85
-129
-168
-204
-241
-279
-321
-370
-426
-489
-557
-630
-703
-775
-843
-902
-950
-985
-1006
-1012
-1004
-981
-947
-904
-854
-800
-747
-697
-654
-620
-599
-593
-601
-626
-665
-716
-778
-846
-915
-982
-1042
-1089
-1121
-1133
-1125
-1094
-1041
-967
-871
-757
-627
-482
-324
-156
18
199
383
568
750
926
1094
1249
1390
1513
1616
1697
1757
1794
1810
1807
1785
1747
1695
1631
1556
1472
1381
1283
1180
1073
964
854
744
636
534
437
349
270
203
147
103
71
50
40
40
47
61
79
98
115
128
132
126
105
69
15
-54
-139
-236
-343
-454
-564
-667
-760
-836
-893
-929
-943
-936
-909
-867
-811
-747
-679
-611
-544
-482
-426
-375
-329
-286
-245
-204
-161
-114
-63
-8
48
107
165
219
268
310
344
370
387
398
404
409
414
421
434
451
474
501
529
556
577
590
589
571
532
470
384
274
140
-15
-188
-374
-568
-765
-958
-1143
-1313
-1465
-1594
-1698
-1777
-1828
-1853
-1851
-1824
-1772
-1696
-1597
-1475
-1330
-1164
-979
-776
-560
-335
-107
118
336
538
721
880
1012
1117
1195
1250
1283
1301
1306
1304
1298
1290
1284
1278
1273
1266
1255
1237
1209
1169
1114
1042
953
848
728
596
455
309
162
20
-112
-232
-335
-419
-481
-519
-533
-524
-492
-440
-369
-283
-184
-75
39
159
279
399
515
627
732
830
918
996
1062
1114
1153
1175
1179
1164
1127
1067
983
874
739
577
390
178
-55
-311
-586
-876
-1180
-1492
-1811
-2129
-2444
-2747
-3033
-3294
-3523
-3711
-3853
-3941
-3972
-3943
-3852
-3701
-3493
-3234
-2929
-2586
-2215
-1822
-1418
-1011
-608
-216
158
512
841
1144
1419
1668
1889
2085
2256
2403
2528
2631
2711
2767
2800
2808
2790
2745
2672
2572
2447
2297
2125
1937
1735
1527
1316
1109
912
728
564
420
301
206
135
86
59
50
56
74
100
133
168
204
237
267
290
306
311
304
282
244
188
113
17
-97
-231
-382
-547
-722
-903
-1083
-1257
-1418
-1559
-1674
-1758
-1805
-1811
-1774
-1694
-1573
-1414
-1223
-1008
-776
-538
-302
-79
122
295
434
536
597
618
602
553
475
375
259
136
11
-108
-217
-311
-384
-435
-461
-460
-432
-378
-300
-198
-76
61
212
371
534
695
851
997
1127
1239
1330
1395
1435
1449
1436
1397
1335
1252
1152
1037
912
780
645
510
378
252
134
26
-70
-155
-228
-288
-337
-376
-405
-425
-438
-446
-448
-447
-443
-437
-428
-417
-404
-388
-371
-351
-330
-309
-290
-273
-262
-258
-264
-281
-309
-350
-402
-463
-533
-606
-679
-748
-809
-855
-883
-889
-871
-825
-751
-651
-526
-379
-216
-42
135
310
475
624
751
849
916
950
951
918
856
769
661
539
408
274
144
21
-89
-186
-266
-328
-374
-402
-415
-414
-401
-379
-349
-315
-279
-242
-207
-175
-148
-125
-107
-94
-86
-81
-78
-76
-72
-65
-54
-36
-9
25
69
123
185
254
326
400
470
535
589
628
650
651
629
585
518
429
322
200
68
-69
-205
-337
-457
-561
-645
-707
-745
-758
-748
-717
-669
-607
-536
-462
-390
-324
-267
-224
-196
-185
-189
-209
-242
-285
-334
-386
-435
-477
-508
-524
-521
-498
-453
-386
-299
-193
-71
60
200
343
483
615
737
843
932
1001
1051
1079
1089
1081
1058
1022
976
922
864
802
739
676
612
547
483
417
350
282
213
145
78
14
-43
-94
-135
-166
-185
-190
-182
-161
-128
-84
-32
26
88
150
209
262
305
334
348
344
321
280
219
143
52
-48
-157
-269
-382
-493
-601
-704
-803
-898
-991
-1083
-1176
-1270
-1368
-1468
-1571
-1675
-1778
-1877
-1968
-2048
-2113
-2159
-2181
-2177
-2142
-2074
-1972
-1836
-1667
-1466
-1239
-988
-720
-438
-148
144
437
725
1006
1278
1538
1785
2016
2230
2425
2599
2750
2875
2973
3043
3084
3095
3077
3030
2956
2856
2732
2586
2419
2234
2033
1820
1596
1365
1129
894
660
433
215
8
-183
-360
-520
-663
-789
-899
-994
-1077
-1149
-1214
-1274
-1330
-1387
-1445
-1505
-1567
-1632
-1699
-1765
-1828
-1886
-1935
-1975
-2001
-2013
-2009
-1988
-1950
-1897
-1830
-1750
-1661
-1565
-1465
-1363
-1262
-1164
-1070
-980
-894
-810
-726
-638
-545
-442
-327
-197
-51
110
288
480
683
892
1103
1311
1511
1698
1867
2015
2139
2237
2308
2352
2370
2364
2335
2286
2220
2140
2047
1946
1838
1724
1605
1482
1354
1220
1080
932
775
608
432
247
56
-140
-338
-534
-725
-905
-1072
-1222
-1351
-1457
-1537
-1590
-1616
-1614
-1587
-1535
-1462
-1370
-1264
-1146
-1021
-894
-767
-645
-531
-427
-335
-257
-192
-142
-104
-79
-63
-54
-50
-48
-44
-36
-21
2
37
83
139
206
280
358
437
513
580
636
674
694
691
665
616
546
456
351
236
114
-7
-124
-231
-325
-402
-461
-499
-519
-521
-508
-482
-447
-406
-361
-314
-266
-219
-171
-121
-70
-16
41
104
170
239
310
380
447
507
558
596
620
628
617
588
542
478
400
309
208
102
-7
-116
-222
-322
-414
-496
-566
-624
-669
-700
-718
-723
-716
-697
-668
-629
-582
-529
-471
-409
-344
-280
-216
-154
-97
-45
0
39
69
89
101
103
96
81
59
30
-2
-38
-75
-110
-141
-167
-183
-190
-184
-164
-130
-80
-14
64
157
259
369
483
596
703
801
886
954
1001
1027
1032
1015
979
927
862
789
713
637
565
501
445
399
363
333
308
285
259
226
185
131
64
-16
-109
-213
-323
-435
-545
-646
-734
-804
-851
-874
-869
-838
-781
-702
-603
-490
-368
-243
-121
-6
96
183
251
300
328
337
327
302
263
215
158
98
36
-25
-83
-138
-186
-227
-262
-289
-310
-324
-332
-337
-337
-335
-330
-324
-316
-306
-295
-283
-267
-249
-229
-205
-177
-146
-113
-76
-36
4
48
94
142
191
243
296
351
408
467
527
589
650
710
768
822
870
911
942
964
975
974
962
940
907
864
813
753
684
606
517
416
303
174
31
-127
-301
-488
-684
-885
-1086
-1280
-1461
-1623
-1758
-1862
-1931
-1962
-1955
-1910
-1829
-1718
-1580
-1421
-1247
-1065
-881
-699
-524
-362
-214
-83
28
120
194
250
290
315
329
334
333
330
327
328
334
348
373
408
454
512
579
656
738
823
907
987
1058
1115
1156
1178
1176
1151
1102
1029
934
819
689
547
398
248
102
-33
-155
-258
-338
-391
-415
-410
-376
-315
-231
-127
-11
111
232
345
442
515
560
571
546
482
382
246
80
-111
-320
-541
-762
-977
-1175
-1348
-1490
-1594
-1656
-1673
-1645
-1573
-1460
-1313
-1138
-942
-735
-523
-316
-121
