95
92
90
88
88
88
89
92
96
102
108
115
122
128
134
138
139
139
135
128
117
103
85
64
39
12
-17
-47
-79
-110
-140
-167
-192
-212
-229
-240
-247
-248
-244
-236
-223
-206
-185
-162
-136
-109
-81
-54
-26
0
22
44
62
78
89
96
99
98
93
84
71
55
36
15
-5
-28
-50
-71
-90
-107
-122
-135
-145
-152
-158
-162
-165
-167
-168
-170
-171
-173
-174
-175
-175
-174
-171
-166
-157
-145
-129
-109
-86
-60
-32
-2
28
59
91
121
149
176
200
222
241
257
269
278
284
286
285
281
273
262
249
233
216
196
176
155
133
112
91
70
51
32
14
-1
-16
-30
-42
-54
-64
-73
-81
-88
-94
-100
-104
-108
-111
-114
-116
-118
-121
-123
-125
-127
-129
-130
-131
-130
-128
-125
-119
-111
-101
-89
-75
-60
-43
-27
-11
3
16
27
35
40
42
40
36
28
19
9
-2
-13
-25
-35
-44
-51
-55
-57
-56
-53
-47
-39
-30
-19
-8
2
13
24
34
43
51
59
66
73
79
84
88
91
93
94
93
89
84
76
66
53
39
24
8
-7
-22
-36
-48
-57
-62
-63
-60
-53
-43
-29
-13
3
20
36
50
62
71
77
79
78
74
68
60
52
45
38
33
31
32
36
43
53
65
80
95
111
125
138
148
154
156
153
146
133
116
96
71
45
17
-10
-37
-63
-86
-105
-120
-131
-137
-138
-134
-127
-116
-101
-85
-66
-47
-27
-8
10
27
41
53
61
66
67
64
57
47
34
18
0
-19
-39
-60
-81
-100
-119
-135
-149
-161
-169
-175
-178
-177
-173
-167
-158
-147
-134
-120
-105
-89
-73
-57
-42
-28
-15
-4
4
11
16
20
23
26
28
32
36
42
49
57
67
77
89
100
110
119
126
131
133
133
130
124
116
107
96
85
75
66
58
52
48
46
45
46
48
51
53
54
53
51
47
41
33
25
15
6
-1
-8
-13
-16
-16
-14
-9
-3
5
14
23
32
40
47
52
54
55
53
49
44
37
28
19
10
0
-8
-18
-28
-38
-48
-59
-72
-85
-101
-118
-136
-156
-176
-197
-217
-235
-252
-266
-276
-281
-282
-278
-269
-255
-236
-212
-183
-151
-115
-77
-36
6
49
92
134
174
211
244
273
298
317
330
337
338
334
324
309
288
263
234
201
166
128
88
47
6
-33
-73
-111
-146
-179
-208
-233
-254
-271
-282
-289
-290
-287
-279
-268
-252
-234
-212
-189
-164
-137
-110
-83
-55
-27
0
24
49
71
91
109
124
135
143
147
148
145
140
132
122
110
97
84
71
59
48
40
32
27
24
21
20
20
20
19
18
17
14
11
7
3
-1
-6
-10
-14
-17
-19
-19
-17
-14
-10
-4
2
9
16
23
28
30
31
28
23
15
4
-8
-23
-38
-54
-69
-82
-94
-103
-109
-113
-113
-110
-105
-97
-88
-77
-67
-56
-45
-36
-28
-20
-14
-9
-4
0
3
8
13
20
27
35
44
54
65
77
89
102
114
126
138
149
159
167
173
177
179
178
174
167
158
145
130
113
93
72
50
26
2
-21
-45
-68
-90
-111
-130
-146
-159
-169
-174
-176
-173
-166
-155
-140
-121
-99
-74
-48
-20
6
33
58
81
100
116
128
134
136
132
124
111
94
75
53
30
7
-13
-33
-50
-63
-73
-79
-81
-79
-75
-68
-60
-51
-42
-34
-27
-22
-19
-17
-17
-17
-19
-21
-24
-26
-27
-28
-27
-24
-20
-14
-6
2
13
24
37
49
60
71
80
87
93
97
98
99
97
95
91
87
83
79
76
73
71
70
70
71
73
76
79
82
84
85
86
85
83
80
75
69
61
52
41
28
14
0
-17
-35
-54
-74
-94
-114
-133
-152
-168
-183
-195
-205
-211
-215
-215
-212
-206
-198
-189
-177
-165
-152
-140
-128
-118
-108
-101
-95
-91
-88
-87
-86
-85
-85
-83
-81
-76
-70
-62
-51
-38
-23
-6
11
30
49
67
85
102
116
128
138
144
148
148
145
139
131
120
108
95
82
68
55
43
31
21
12
4
-2
-7
-10
-13
-13
-13
-11
-8
-4
1
7
15
23
32
42
51
60
67
73
77
78
76
72
66
58
49
39
29
20
12
7
3
1
2
4
7
10
13
16
18
18
16
12
6
-1
-10
-20
-30
-41
-50
-59
-65
-70
-73
-74
-74
-72
-70
-68
-66
-65
-64
-64
-65
-67
-70
-73
-77
-80
-84
-87
-88
-89
-88
-86
-82
-76
-69
-60
-50
-39
-27
-15
-2
9
22
33
44
54
62
69
75
79
81
81
80
78
74
69
63
57
51
46
41
37
35
34
35
37
41
47
53
59
66
72
76
79
79
77
73
65
55
42
27
12
-3
-19
-34
-46
-56
-63
-65
-64
-58
-49
-36
-20
-1
17
37
57
76
92
106
117
124
128
128
125
119
110
100
88
76
64
52
42
33
26
20
16
13
11
10
9
9
7
6
3
0
-3
-7
-12
-17
-22
-27
-33
-39
-44
-50
-56
-61
-67
-72
-77
-81
-84
-87
-88
-89
-88
-87
-84
-80
-75
-69
-62
-56
-49
-42
-37
-32
-28
-26
-25
-25
-26
-28
-31
-35
-39
-44
-49
-53
-58
-62
-65
-67
-67
-66
-64
-59
-54
-46
-38
-29
-20
-11
-3
4
10
15
18
21
22
22
22
22
21
20
20
21
22
24
25
27
29
31
33
34
35
35
35
36
36
37
38
40
43
47
50
54
58
62
65
66
66
64
60
54
46
36
24
12
0
-12
-23
-33
-41
-47
-49
-49
-45
-39
-31
-20
-9
3
15
26
37
45
52
56
57
56
52
46
37
26
13
-1
-17
-33
-51
-68
-84
-100
-114
-126
-136
-142
-146
-146
-143
-137
-129
-118
-105
-91
-77
-63
-50
-38
-28
-20
-15
-11
-10
-10
-12
-15
-19
-24
-29
-33
-37
-40
-41
-41
-39
-35
-29
-21
-10
1
15
31
48
66
83
101
118
134
149
161
170
177
180
181
178
173
165
155
143
130
115
100
86
71
57
45
33
23
15
7
1
-3
-6
-9
-10
-11
-10
-9
-7
-4
0
2
6
9
12
13
13
11
7
2
-4
-13
-23
-33
-45
-56
-67
-77
-85
-93
-98
-102
-103
-102
-99
-95
-88
-81
-73
-63
-53
-43
-33
-22
-12
-2
7
15
23
29
33
37
38
39
38
36
34
31
28
25
21
18
15
11
7
3
0
-3
-7
-11
-14
-17
-19
-21
-22
-23
-23
-22
-21
-20
-19
-17
-15
-13
-12
-10
-8
-6
-3
0
3
8
13
20
26
34
42
49
56
62
67
70
70
68
64
56
45
32
16
-1
-20
-40
-59
-77
-93
-106
-114
-119
-119
-114
-105
-91
-74
-52
-28
-2
25
53
81
108
132
154
171
184
192
194
190
181
166
147
123
96
67
37
6
-24
-52
-78
-101
-120
-134
-144
-149
-150
-147
-140
-130
-118
-103
-87
-71
-55
-40
-26
-14
-3
4
10
13
15
15
13
10
7
4
0
-2
-5
-7
-8
-9
-10
-11
-11
-13
-15
-19
-25
-32
-40
-49
-58
-68
-76
-83
-87
-89
-88
-83
-75
-64
-51
-35
-18
0
17
33
48
61
71
78
81
81
78
72
64
55
46
36
28
21
16
14
14
16
20
25
31
37
43
47
50
52
52
50
46
41
35
29
22
15
8
3
-1
-5
-8
-10
-11
-12
-14
-15
-18
-21
-25
-30
-36
-42
-49
-56
-62
-69
-74
-78
-81
-82
-82
-79
-76
-70
-63
-55
-46
-37
-28
-19
-11
-4
1
5
7
8
8
6
3
1
-1
-4
-5
-6
-5
-3
0
5
12
20
28
37
46
54
61
67
72
76
78
79
79
78
77
76
75
74
74
74
75
77
78
79
81
81
81
80
77
74
68
62
54
44
33
22
9
-3
-16
-28
-41
-52
-62
-71
-78
-83
-86
-88
-88
-86
-82
-77
-71
-63
-54
-45
-35
-25
-15
-6
1
8
14
18
19
19
17
14
8
2
-3
-10
-17
-23
-27
-31
-33
-33
-32
-30
-27
-23
-19
-14
-10
-7
-4
-1
0
2
4
7
12
17
25
34
45
57
70
85
99
113
127
139
150
158
165
169
170
168
164
158
149
138
125
111
96
80
64
47
30
13
-2
-19
-35
-51
-66
-81
-95
-108
-119
-130
-138
-144
-148
-150
-149
-146
-140
-132
-122
-110
-97
-83
-69
-55
-42
-30
-20
-11
-4
1
5
7
8
7
5
2
-2
-9
-16
-24
-34
-43
-53
-64
-74
-83
-93
-101
-108
-115
-120
-124
-126
-128
-129
-129
-128
-127
-125
-124
-121
-119
-115
-111
-105
-98
-89
-78
-66
-51
-35
-18
0
18
36
53
69
83
96
106
114
119
123
124
123
120
116
111
105
99
92
86
79
73
67
61
55
49
43
37
31
26
20
16
12
9
7
6
5
6
7
8
10
11
13
15
16
18
19
21
23
24
26
28
30
31
32
32
31
30
27
23
19
13
6
-1
-10
-19
-29
-38
-48
-57
-65
-72
-78
-83
-86
-87
-87
-86
-84
-80
-75
-69
-63
-55
-47
-37
-27
-17
-6
4
16
27
38
49
59
69
78
86
92
96
99
99
96
91
82
71
58
42
25
8
-9
-26
-42
-56
-68
-77
-83
-85
-84
-79
-70
-59
-44
-27
-8
11
32
52
72
89
104
117
126
133
137
139
138
136
131
126
120
113
106
98
90
83
75
67
59
51
43
35
26
17
8
0
-9
-17
-24
-31
-36
-41
-44
-46
-47
-46
-45
-43
-40
-35
-30
-24
-17
-9
-2
5
12
18
23
26
27
27
25
21
17
12
7
2
-2
-5
-6
-6
-5
-1
3
9
17
24
32
39
45
49
50
50
46
40
31
19
5
-10
-28
-47
-67
-86
-104
-121
-136
-148
-157
-162
-165
-163
-158
-151
-140
-128
-115
-101
-87
-73
-59
-47
-35
-25
-16
-8
-1
5
11
16
21
26
31
35
39
42
45
47
49
49
48
47
45
42
39
36
33
30
28
26
25
25
26
27
28
30
32
35
37
39
41
42
43
43
41
38
34
28
21
13
3
-6
-17
-28
-39
-49
-58
-66
-73
-78
-81
-82
-81
-78
-75
-70
-65
-60
-55
-51
-48
-46
-45
-46
-49
-52
-57
-62
-67
-72
-76
-79
-80
-80
-77
-72
-65
-56
-45
-33
-21
-8
3
15
25
34
41
47
51
52
52
51
48
43
36
29
20
10
0
-9
-19
-29
-37
-43
-47
-49
-49
-46
-41
-34
-24
-14
-2
10
23
36
49
62
75
87
99
111
121
132
141
