-6
-9
-12
-14
-16
-16
-16
-15
-13
-11
-8
-4
-1
2
5
8
10
13
14
16
18
19
21
23
26
29
34
39
45
52
59
66
74
80
86
90
92
92
89
84
77
67
55
41
26
10
-5
-21
-36
-50
-63
-73
-82
-88
-92
-93
-93
-91
-88
-83
-79
-74
-69
-65
-61
-59
-57
-56
-55
-54
-53
-50
-46
-41
-33
-23
-12
1
16
32
49
65
81
94
106
114
119
119
116
108
95
79
60
37
12
-13
-39
-65
-90
-112
-130
-145
-155
-161
-162
-158
-150
-138
-125
-110
-94
-80
-66
-54
-45
-38
-34
-31
-31
-32
-35
-37
-40
-42
-44
-44
-43
-42
-39
-36
-33
-29
-26
-24
-22
-21
-21
-21
-21
-22
-22
-21
-19
-15
-11
-6
0
5
12
18
24
28
31
31
30
26
20
12
3
-6
-17
-27
-35
-42
-46
-47
-45
-39
-30
-18
-3
13
31
50
69
87
103
116
127
134
138
138
136
131
124
115
105
95
84
74
64
54
45
37
29
22
16
10
5
0
-5
-9
-15
-20
-26
-32
-38
-45
-51
-57
-63
-67
-70
-73
-74
-74
-73
-71
-68
-66
-63
-60
-57
-56
-55
-55
-56
-58
-62
-66
-70
-75
-80
-84
-86
-87
-86
-83
-77
-69
-58
-44
-28
-10
9
30
51
72
91
109
124
136
145
149
151
148
142
134
123
111
98
85
72
61
51
43
36
33
31
31
32
34
37
40
42
43
42
40
36
30
23
15
6
-2
-11
-18
-25
-30
-33
-34
-34
-32
-28
-23
-18
-12
-6
-1
3
6
8
8
7
5
3
0
-2
-5
-6
-6
-5
-1
2
8
16
24
33
41
50
57
64
68
72
73
72
69
64
57
49
40
30
19
9
-1
-10
-19
-26
-33
-38
-43
-47
-51
-55
-60
-65
-71
-78
-86
-94
-102
-110
-117
-122
-125
-126
-125
-122
-115
-107
-96
-83
-68
-53
-37
-20
-4
10
24
36
46
54
60
64
66
67
66
65
64
62
61
60
60
59
59
58
57
55
53
49
45
40
35
30
25
21
17
14
13
13
14
17
20
25
30
35
39
43
45
45
44
40
34
26
16
5
-7
-20
-33
-45
-56
-66
-75
-81
-86
-88
-89
-88
-86
-83
-78
-73
-67
-61
-54
-47
-41
-34
-27
-20
-14
-7
-2
3
7
11
14
16
18
18
17
15
12
8
3
-1
-5
-9
-12
-14
-14
-12
-8
-2
4
12
21
30
38
44
49
53
54
53
50
45
39
31
23
13
4
-4
-13
-21
-28
-34
-39
-42
-45
-46
-47
-47
-45
-42
-38
-33
-27
-19
-9
0
12
24
37
50
62
73
83
91
96
99
99
96
90
81
69
55
40
23
6
-10
-27
-42
-56
-68
-78
-85
-89
-91
-91
-89
-85
-80
-75
-69
-63
-57
-53
-49
-46
-44
-42
-42
-41
-41
-40
-40
-38
-36
-34
-30
-25
-19
-12
-3
5
14
24
34
43
51
58
62
64
64
61
55
48
38
27
14
1
-11
-24
-36
-46
-55
-63
-68
-72
-75
-75
-75
-74
-72
-69
-65
-61
-56
-50
-43
-35
-26
-15
-4
8
22
36
50
64
78
90
102
113
122
130
136
139
142
142
140
137
132
125
117
108
98
87
75
63
50
37
25
13
1
-8
-17
-24
-29
-33
-34
-34
-32
-29
-25
-21
-17
-15
-13
-14
-16
-20
-25
-32
-39
-47
-54
-60
-64
-67
-67
-65
-61
-54
-47
-39
-30
-21
-13
-6
-1
2
5
6
5
3
0
-3
-8
-13
-18
-22
-26
-30
-32
-33
-33
-31
-28
-24
-19
-13
-5
2
10
19
28
37
46
54
61
68
74
78
81
83
83
81
78
72
65
56
45
33
20
6
-8
-22
-36
-50
-62
-72
-81
-88
-93
-96
-97
-96
-94
-90
-86
-80
-74
-68
-61
-55
-49
-44
-39
-33
-28
-21
-14
-6
3
13
25
39
52
66
80
92
104
113
121
126
129
129
126
121
114
106
96
85
74
64
54
45
38
33
29
26
26
27
29
33
38
44
52
59
67
75
82
87
90
90
87
81
70
56
37
16
-8
-35
-63
-93
-122
-151
-178
-203
-224
-242
-256
-265
-269
-269
-265
-257
-245
-231
-214
-197
-178
-159
-141
-122
-105
-88
-71
-55
-39
-24
-9
5
20
35
49
63
75
86
96
103
108
111
111
109
105
99
92
84
77
69
63
59
56
55
56
58
62
67
73
78
83
87
90
91
90
87
83
77
70
63
55
48
41
36
32
29
27
26
25
25
24
23
22
18
14
8
1
-7
-17
-28
-40
-52
-65
-79
-92
-105
-118
-131
-143
-154
-164
-172
-179
-183
-185
-184
-181
-174
-165
-153
-138
-121
-103
-83
-63
-42
-22
-3
14
29
43
53
61
66
69
69
67
64
60
56
52
48
45
43
42
42
43
45
47
51
55
60
64
68
72
75
77
77
76
74
70
64
57
50
42
34
26
20
16
13
13
14
19
25
33
42
51
61
69
77
82
86
88
88
85
82
76
70
62
53
44
34
23
12
0
-13
-26
-41
-56
-72
-89
-106
-122
-137
-152
-164
-173
-180
-182
-181
-175
-166
-152
-134
-113
-89
-64
-37
-10
16
42
66
89
108
125
138
148
155
159
161
159
156
151
144
137
128
119
109
99
88
77
65
53
41
29
19
9
2
-3
-7
-9
-8
-6
-3
1
6
11
16
19
22
22
21
19
14
8
2
-5
-13
-20
-26
-32
-35
-37
-38
-37
-35
-33
-30
-28
-27
-28
-30
-34
-41
-49
-59
-70
-82
-93
-105
-115
-124
-130
-135
-136
-135
-131
-124
-116
-106
-94
-81
-68
-54
-41
-27
-14
-2
9
21
31
41
49
57
63
68
71
72
71
68
64
58
50
41
31
21
12
3
-3
-9
-12
-13
-11
-7
-1
6
14
24
34
43
51
58
64
67
69
68
66
62
56
49
42
34
26
19
12
6
2
-1
-3
-5
-5
-5
-4
-3
-2
-1
0
0
1
1
1
1
1
1
0
0
-1
-2
-5
-9
-14
-20
-29
-39
-51
-64
-78
-92
-105
-118
-128
-135
-139
-139
-135
-127
-115
-99
-80
-60
-37
-14
8
30
50
68
83
96
105
110
113
112
108
101
93
83
71
59
47
35
23
13
3
-4
-11
-16
-21
-25
-28
-31
-34
-37
-40
-43
-46
-49
-53
-56
-59
-61
-62
-63
-62
-59
-55
-49
-42
-33
-23
-12
-1
10
21
32
42
51
58
64
69
73
76
78
79
80
81
80
79
77
75
71
67
62
56
50
43
36
29
23
17
11
7
3
1
1
1
3
5
8
11
14
17
19
21
22
24
24
25
25
25
25
25
24
22
21
19
16
13
10
7
4
2
0
-1
-2
-2
-1
0
2
4
7
10
12
13
13
12
10
6
1
-4
-10
-18
-25
-33
-40
-46
-51
-55
-58
-59
-58
-56
-52
-48
-43
-37
-33
-29
-27
-27
-29
-33
-40
-48
-59
-70
-83
-95
-106
-116
-124
-130
-134
-135
-133
-128
-122
-113
-104
-94
-84
-75
-67
-60
-56
-53
-51
-51
-52
-52
-52
-51
-48
-44
-38
-30
-21
-12
-3
4
11
14
15
13
8
0
-10
-22
-34
-45
-54
-60
-62
-59
-51
-37
-19
3
30
59
90
122
153
182
209
232
251
265
274
277
276
269
259
244
227
207
186
164
143
121
102
83
67
54
42
33
26
20
16
13
10
7
4
0
-5
-12
-20
-30
-40
-51
-62
-73
-84
-93
-101
-108
-112
-114
-114
-112
-108
-103
-97
-90
-83
-76
-70
-64
-59
-55
-51
-49
-47
-46
-46
-46
-47
-47
-48
-49
-50
-51
-51
-51
-52
-52
-51
-51
-51
-51
-51
-51
-51
-51
-51
-51
-50
-49
-47
-45
-41
-36
-31
-24
-17
-10
-2
6
14
22
29
35
40
44
47
48
48
47
46
44
43
42
42
43
45
48
51
56
61
66
71
76
80
84
87
90
92
94
96
98
100
103
107
111
116
123
130
138
146
154
161
167
172
175
175
173
168
160
149
136
120
102
82
60
37
14
-9
-32
-54
-75
-95
-112
-127
-140
-151
-159
-165
-168
-170
-170
-169
-166
-162
-157
-152
-146
-140
-133
-125
-116
-106
-95
-84
-72
-59
-47
-35
-23
-13
-3
4
12
19
24
29
34
37
40
42
43
42
41
38
34
29
22
15
6
-2
-12
-21
-31
-39
-47
-52
-57
-59
-59
-58
-54
-50
-44
-39
-33
-27
-22
-19
-17
-16
-17
-19
-23
-28
-33
-39
-44
-49
-54
-57
-59
-59
-59
-57
-54
-50
-46
-41
-37
-32
-28
-24
-21
-18
-16
-15
-13
-12
-11
-9
-7
-5
-2
1
5
9
14
19
25
30
35
41
45
50
53
56
59
60
61
62
62
62
62
62
63
65
68
72
77
83
89
96
102
108
113
115
116
115
112
106
99
89
78
66
53
40
27
14
2
-9
-19
-27
-34
-40
-44
-47
-49
-51
-53
-54
-56
-59
-63
-67
-72
-78
-84
-91
-98
-105
-112
-117
-122
-125
-127
-127
-125
-121
-116
-109
-100
-89
-78
-65
-53
-40
-28
-16
-6
2
9
14
17
18
17
14
10
5
0
-6
-11
-15
-18
-20
-20
-18
-14
-8
-1
7
17
27
38
48
59
68
77
85
92
98
103
108
111
114
117
119
120
120
120
118
115
111
106
99
90
80
69
57
44
30
16
2
-11
-25
-37
-48
-57
-63
-66
-67
-65
-59
-51
-41
-28
-15
-1
13
26
39
50
58
64
67
67
65
60
53
44
35
25
15
6
-1
-9
-15
-19
-23
-25
-27
-28
-28
-27
-26
-24
-22
-20
-17
-14
-10
-7
-3
0
3
7
11
14
17
20
22
23
24
23
22
20
17
14
10
6
1
-2
-6
-9
-12
-14
-16
-17
-18
-18
-18
-18
-19
-21
-23
-26
-31
-36
-42
-48
-53
-59
-63
-66
-68
-68
-66
-63
-59
-53
-47
-40
-33
-27
-21
-15
-11
-9
-8
-9
-11
-15
-21
-27
-33
-39
-45
-50
-53
-55
-55
-53
-50
-45
-39
-31
-23
-14
-5
4
12
21
28
35
41
45
48
50
51
51
51
49
46
43
39
35
31
26
21
16
11
7
4
1
0
-2
-3
-4
-5
-5
-6
-7
-8
-10
-11
-13
-14
-14
-15
-14
-13
-12
-10
-7
-4
0
2
6
10
14
19
23
27
31
36
40
43
46
49
50
51
51
49
47
44
39
35
30
25
20
16
13
10
9
8
8
8
7
6
3
-1
-7
-17
-29
-45
-62
-82
-103
-124
-144
-162
-177
-188
