91
101
108
112
114
111
106
97
85
71
55
37
20
3
-12
-25
-36
-44
-50
-53
-54
-53
-51
-48
-45
-42
-40
-38
-38
-39
-40
-43
-46
-50
-54
-58
-62
-65
-67
-69
-69
-68
-66
-62
-58
-53
-48
-42
-35
-29
-22
-15
-8
0
5
12
18
23
26
28
29
28
26
22
17
12
7
2
-2
-5
-7
-7
-6
-4
0
4
9
14
18
22
25
27
28
27
25
21
18
14
9
5
2
0
-2
-3
-2
-2
0
2
4
7
9
11
12
12
11
9
6
2
-2
-8
-13
-19
-24
-28
-32
-35
-36
-37
-36
-34
-31
-28
-24
-19
-15
-10
-7
-4
-2
-1
-1
-3
-5
-9
-14
-20
-26
-32
-39
-46
-52
-57
-62
-65
-68
-69
-69
-67
-64
-60
-54
-48
-41
-33
-24
-15
-6
3
14
24
36
47
59
70
81
91
99
105
109
108
104
96
82
64
41
13
-17
-51
-86
-120
-153
-183
-206
-224
-233
-234
-226
-210
-185
-153
-115
-74
-30
14
58
99
136
169
197
219
235
246
252
254
252
247
240
231
222
212
201
191
181
171
161
151
141
131
120
109
98
87
75
63
50
38
25
12
-1
-15
-29
-43
-57
-72
-86
-99
-113
-125
-137
-149
-159
-169
-178
-185
-192
-197
-201
-204
-206
-206
-205
-203
-200
-195
-188
-181
-172
-162
-151
-140
-127
-114
-101
-88
-76
-63
-51
-40
-30
-20
-12
-5
1
7
12
18
24
30
36
43
51
58
66
74
81
87
93
97
100
102
103
103
103
103
103
104
106
108
112
118
124
132
140
149
157
165
171
176
178
177
173
166
155
142
125
106
84
61
36
11
-14
-39
-63
-86
-107
-126
-143
-158
-170
-178
-184
-187
-187
-183
-177
-168
-156
-142
-126
-109
-91
-71
-52
-32
-12
7
26
44
61
76
90
102
112
119
123
124
122
118
110
100
87
72
55
37
19
0
-18
-36
-53
-68
-81
-90
-97
-100
-101
-98
-92
-83
-73
-61
-48
-35
-22
-10
0
10
18
24
28
31
32
31
29
26
23
19
16
12
9
7
5
4
2
1
-1
-4
-8
-13
-19
-26
-33
-41
-50
-57
-64
-69
-73
-75
-75
-72
-68
-62
-54
-46
-36
-26
-17
-7
1
10
18
25
33
40
47
55
63
72
82
93
104
116
127
139
149
158
165
169
170
168
163
154
143
129
114
98
81
65
50
37
25
16
8
1
-3
-8
-13
-18
-25
-32
-41
-51
-62
-74
-87
-99
-111
-121
-130
-137
-141
-143
-142
-139
-134
-126
-117
-105
-92
-78
-62
-46
-30
-14
0
13
25
33
38
39
37
31
21
8
-7
-24
-42
-60
-76
-89
-99
-104
-105
-101
-92
-79
-63
-44
-24
-3
16
33
49
61
69
73
74
72
66
58
49
38
28
18
10
3
-1
-4
-4
-3
-1
2
5
9
12
14
16
16
14
12
9
6
2
-1
-4
-7
-9
-10
-11
-12
-12
-11
-10
-9
-8
-6
-2
1
7
15
25
37
52
68
85
104
122
140
157
171
183
192
198
199
198
192
184
172
157
140
121
99
76
52
26
0
-26
-53
-79
-104
-128
-149
-167
-181
-192
-198
-199
-197
-189
-179
-165
-150
-134
-118
-104
-92
-84
-79
-78
-80
-85
-93
-102
-111
-120
-126
-130
-130
-126
-118
-105
-87
-67
-43
-17
8
34
60
83
104
121
135
146
153
156
157
156
153
148
142
135
127
118
109
99
88
77
65
52
40
28
15
4
-6
-16
-25
-32
-38
-41
-43
-43
-42
-39
-35
-30
-25
-20
-15
-10
-7
-4
-2
-2
-3
-6
-11
-18
-27
-39
-53
-69
-87
-105
-124
-143
-161
-177
-190
-199
-204
-204
-199
-189
-172
-151
-125
-96
-64
-30
2
35
65
93
116
135
149
159
164
165
163
158
151
142
133
124
114
105
95
85
75
63
51
37
22
5
-11
-30
-48
-65
-81
-94
-104
-110
-112
-109
-102
-91
-75
-56
-35
-12
11
34
56
75
92
106
116
123
126
126
123
119
113
106
98
90
83
76
70
64
59
54
50
45
40
35
30
23
16
8
0
-8
-18
-28
-38
-47
-56
-65
-72
-78
-82
-85
-87
-86
-84
-80
-75
-68
-60
-51
-42
-33
-23
-15
-7
0
5
10
14
16
18
19
20
20
21
21
22
23
24
25
26
26
27
27
27
28
28
29
30
32
34
37
39
42
45
47
49
49
48
46
41
34
25
14
2
-12
-26
-41
-56
-69
-81
-91
-98
-103
-105
-105
-103
-98
-92
-85
-76
-67
-58
-49
-41
-33
-25
-19
-13
-8
-4
-1
1
3
4
5
5
4
4
3
2
2
1
1
2
3
4
7
10
15
20
27
34
43
53
64
75
87
98
109
118
125
131
133
132
128
121
110
96
80
62
42
22
2
-17
-36
-53
-68
-82
-93
-101
-107
-110
-111
-109
-104
-96
-86
-75
-61
-47
-32
-17
-3
8
18
26
31
32
31
26
19
9
-2
-16
-30
-46
-61
-75
-88
-99
-108
-115
-119
-120
-118
-114
-107
-97
-86
-73
-58
-43
-27
-12
2
16
28
38
46
51
55
56
55
52
48
42
36
30
23
17
11
6
3
2
2
5
9
15
22
31
40
50
59
68
75
82
88
92
94
96
96
95
94
92
90
88
87
85
84
83
82
81
80
79
77
73
69
64
57
48
38
27
14
0
-15
-32
-50
-69
-88
-108
-126
-144
-160
-174
-185
-193
-198
-198
-195
-188
-177
-163
-147
-129
-109
-90
-71
-52
-36
-21
-9
0
7
12
16
18
19
20
22
24
28
32
39
46
55
64
74
83
92
100
105
109
111
110
108
103
97
91
83
75
68
61
55
49
45
41
38
35
33
31
29
27
24
21
16
10
3
-5
-16
-29
-43
-58
-75
-92
-110
-128
-145
-161
-176
-190
-200
-208
-212
-212
-208
-200
-188
-172
-152
-130
-105
-80
-53
-27
-2
21
43
62
80
94
107
117
126
133
138
142
145
147
149
149
149
148
145
142
137
132
124
116
106
96
85
73
61
50
39
29
20
12
6
0
-3
-6
-9
-11
-12
-12
-11
-10
-9
-7
-5
-2
0
1
3
5
5
5
4
2
0
-4
-10
-16
-23
-30
-38
-45
-52
-57
-62
-65
-66
-66
-64
-60
-54
-47
-40
-31
-23
-15
-7
0
5
10
13
16
17
17
17
15
13
10
7
3
0
-4
-8
-12
-16
-19
-22
-24
-26
-27
-28
-28
-27
-25
-23
-20
-16
-12
-7
-2
2
7
11
16
20
23
26
28
30
31
32
32
33
33
34
34
35
36
37
38
39
39
40
40
40
40
39
38
37
35
33
31
28
24
20
14
8
0
-8
-17
-28
-39
-50
-62
-73
-83
-92
-100
-106
-110
-112
-112
-110
-106
-100
-93
-84
-75
-64
-54
-43
-32
-22
-12
-3
5
13
21
29
36
42
47
51
54
55
54
52
48
42
36
28
19
10
1
-6
-14
-21
-26
-30
-33
-34
-34
-33
-30
-27
-23
-19
-14
-10
-6
-3
0
2
5
7
10
13
17
21
26
32
37
43
48
53
58
61
64
66
67
67
66
65
63
60
56
52
47
42
37
32
27
23
19
16
13
10
8
7
6
4
3
2
0
-1
-3
-6
-9
-12
-16
-20
-24
-28
-33
-37
-41
-44
-47
-49
-50
-51
-51
-50
-48
-45
-41
-37
-33
-29
-25
-22
-19
-17
-15
-14
-14
-13
-13
-13
-13
-12
-11
-10
-8
-6
-4
-2
0
2
4
6
8
10
11
12
14
16
18
20
23
26
28
30
31
31
30
29
26
23
20
17
14
12
11
12
13
16
20
24
29
33
37
40
42
43
42
39
35
30
24
18
11
5
1
-2
-5
-6
-5
-4
-1
2
6
10
15
18
21
24
25
24
22
18
13
6
-1
-10
-20
-30
-40
-50
-59
-67
-74
-80
-85
-88
-89
-89
-87
-83
-78
-71
-63
-55
-45
-36
-26
-16
-7
0
7
12
17
19
20
18
15
11
5
-1
-9
-16
-24
-31
-37
-42
-45
-46
-45
-43
-39
-34
-29
-22
-15
-8
-2
3
9
13
17
19
21
22
23
23
22
22
22
23
24
26
28
32
36
41
47
53
59
66
73
79
86
92
98
102
105
107
107
106
103
98
91
82
71
59
47
33
19
5
-8
-22
-34
-46
-56
-65
-73
-79
-84
-88
-90
-91
-91
-91
-90
-88
-87
-85
-83
-81
-79
-77
-75
-73
-69
-65
-60
-54
-47
-38
-29
-19
-8
3
15
27
39
50
61
71
78
84
87
88
84
78
68
55
40
22
2
-17
-38
-58
-76
-93
-106
-117
-124
-128
-127
-124
-116
-106
-93
-79
-62
-44
-26
-7
11
30
48
64
80
94
106
116
125
131
134
136
135
133
129
125
119
113
108
103
98
95
91
89
86
84
81
77
72
66
58
48
38
26
13
0
-14
-28
-42
-54
-66
-76
-84
-90
-95
-98
-100
-100
-99
-96
-93
-88
-82
-74
-65
-55
-43
-29
-14
1
17
34
50
65
79
92
103
111
116
119
119
117
111
103
93
81
67
52
35
19
1
-15
-32
-49
-65
-81
-96
-110
-123
-135
-146
-155
-163
-169
-174
-176
-177
-175
-171
-164
-156
-147
-136
-124
-112
-101
-91
-82
-75
-70
-67
-66
-67
-69
-73
-77
-80
-82
-81
-78
-71
-60
-45
-26
-4
20
46
73
99
125
148
168
184
197
206
210
210
206
198
186
170
152
131
109
87
65
45
27
13
3
-2
-3
0
6
18
31
47
63
79
93
104
111
114
112
105
92
76
55
32
7
-18
-43
-67
-88
-105
-118
-126
-129
-126
-119
-107
-91
-71
-49
-26
-2
21
42
61
76
86
92
91
84
72
54
31
3
-27
-60
-94
-128
-160
-189
-213
-231
-244
-249
-248
-240
-227
-207
-184
-157
-129
-100
-72
-45
-21
0
17
32
43
52
58
62
66
69
74
79
85
92
101
110
120
129
138
144
149
151
151
147
142
133
123
112
99
86
72
59
46
33
21
9
-1
-12
-22
-31
-39
-46
-51
-55
-56
-56
-53
-47
-39
-29
-17
-3
11
27
43
58
72
84
93
100
104
106
104
99
92
82
71
59
46
33
20
9
-1
-11
-20
-29
-37
-45
-53
-61
-71
-81
-92
-103
-115
-127
-138
-148
-156
-162
-165
-164
-159
-150
-137
-120
-100
-76
-51
-24
2
28
53
75
95
111
123
131
136
137
135
129
122
112
101
89
76
63
51
39
27
16
5
-4
-13
