130
131
128
120
108
94
77
59
41
24
10
-1
-10
-15
-16
-14
-9
-1
7
18
29
39
49
56
62
65
66
65
61
54
46
36
25
12
0
-14
-27
-40
-52
-64
-74
-84
-93
-101
-109
-116
-122
-127
-131
-134
-135
-134
-130
-125
-116
-105
-92
-76
-59
-40
-20
-1
17
33
46
55
60
59
53
42
26
5
-18
-45
-73
-100
-126
-148
-166
-180
-187
-187
-181
-169
-150
-127
-99
-69
-37
-6
23
50
73
92
106
116
120
122
120
117
112
108
104
102
100
100
101
102
103
104
102
99
92
83
70
55
36
15
-6
-29
-51
-72
-90
-105
-116
-121
-122
-118
-109
-96
-80
-62
-43
-24
-6
9
21
30
35
36
33
27
18
9
-1
-11
-20
-27
-31
-33
-32
-28
-22
-13
-4
5
15
24
32
38
42
44
45
45
43
42
40
40
40
41
43
46
50
54
58
63
67
70
73
74
75
74
71
67
61
54
46
36
25
13
0
-12
-26
-39
-53
-65
-76
-86
-94
-100
-104
-105
-103
-99
-92
-82
-70
-56
-39
-21
-2
17
37
57
76
94
111
125
136
145
152
155
155
153
148
140
130
119
106
91
76
60
44
28
13
0
-14
-27
-39
-50
-60
-69
-77
-84
-90
-94
-97
-97
-95
-90
-84
-75
-64
-52
-40
-27
-15
-3
7
16
24
30
34
37
37
37
34
31
26
19
12
4
-3
-12
-21
-29
-37
-44
-50
-55
-59
-61
-62
-62
-61
-59
-57
-56
-54
-52
-50
-47
-45
-42
-37
-32
-26
-18
-9
1
12
25
39
53
67
82
96
109
121
132
139
145
147
147
144
139
132
123
112
102
91
80
70
61
52
45
38
31
23
15
6
-4
-17
-32
-50
-70
-92
-116
-140
-164
-188
-209
-228
-242
-252
-256
-254
-246
-232
-213
-189
-160
-128
-93
-57
-21
14
49
81
110
135
156
172
182
188
189
185
176
164
149
132
113
94
73
53
33
14
-3
-20
-37
-52
-67
-81
-94
-106
-117
-127
-135
-142
-146
-149
-150
-148
-144
-138
-130
-120
-109
-97
-83
-69
-55
-41
-27
-14
-1
11
23
34
44
53
61
68
74
78
81
82
81
79
76
73
69
66
63
60
59
59
60
62
65
69
73
77
81
84
87
89
91
92
92
91
89
87
84
80
76
71
66
60
54
47
39
31
23
13
3
-6
-18
-30
-43
-55
-68
-80
-92
-103
-112
-119
-124
-126
-126
-122
-115
-105
-92
-77
-60
-41
-22
-3
14
31
47
61
73
84
93
100
106
110
113
114
114
112
107
100
90
77
61
43
21
-1
-27
-53
-80
-106
-130
-152
-171
-185
-195
-200
-200
-194
-183
-168
-149
-126
-102
-77
-53
-30
-10
5
18
26
30
30
26
20
12
4
-2
-8
-12
-12
-9
-1
8
22
39
57
75
93
109
122
133
139
141
138
131
119
104
85
64
41
19
-2
-22
-40
-53
-62
-66
-65
-58
-47
-31
-12
8
31
53
75
94
109
120
125
125
119
107
91
71
49
25
1
-22
-43
-62
-77
-89
-97
-101
-102
-99
-94
-87
-78
-68
-58
-48
-39
-30
-23
-16
-11
-8
-5
-3
-2
-2
-1
0
0
3
6
10
15
21
28
34
41
46
50
52
52
50
45
37
26
13
-1
-19
-38
-57
-76
-95
-112
-127
-139
-147
-151
-151
-148
-140
-130
-116
-101
-84
-66
-48
-31
-15
0
13
24
34
42
49
54
58
61
63
64
65
66
67
67
67
66
64
62
59
56
51
47
42
38
34
31
29
28
28
29
31
32
34
35
35
34
33
30
26
22
18
14
10
7
5
5
6
9
13
18
23
30
36
41
46
49
51
52
51
49
46
42
38
33
29
26
23
21
19
17
16
16
15
14
13
12
10
9
6
4
0
-2
-7
-11
-17
-23
-29
-36
-44
-52
-60
-67
-74
-79
-83
-85
-85
-83
-80
-74
-68
-60
-52
-45
-37
-31
-26
-22
-20
-19
-19
-21
-23
-26
-29
-32
-34
-35
-35
-33
-30
-26
-20
-13
-6
2
10
19
26
33
38
42
45
45
44
41
37
32
26
20
14
9
4
1
-2
-4
-6
-7
-9
-10
-12
-14
-17
-21
-26
-31
-37
-43
-51
-58
-67
-75
-84
-93
-101
-109
-116
-122
-126
-129
-129
-127
-122
-114
-103
-90
-74
-56
-36
-15
5
25
45
63
78
92
103
111
117
120
122
122
120
117
113
108
102
96
90
83
77
72
67
63
60
57
55
53
51
49
47
43
39
33
26
18
8
-2
-15
-28
-41
-53
-65
-75
-83
-88
-90
-89
-85
-77
-65
-51
-35
-16
3
23
44
65
84
101
117
129
138
143
144
141
135
125
111
95
77
57
35
13
-8
-30
-52
-72
-91
-108
-122
-134
-142
-148
-151
-151
-148
-143
-137
-129
-120
-110
-101
-91
-82
-73
-64
-56
-48
-39
-31
-22
-12
0
11
25
41
57
74
91
107
121
133
141
146
146
143
136
125
112
97
80
64
47
31
18
6
-2
-9
-12
-13
-12
-8
-3
3
10
18
25
33
40
46
52
57
61
64
67
69
69
69
67
65
62
58
54
51
47
44
41
39
37
37
37
38
39
41
44
47
50
53
55
56
56
55
53
49
44
38
31
24
17
11
6
1
-1
-3
-4
-4
-3
-2
-2
-2
-4
-7
-12
-20
-29
-40
-53
-66
-78
-90
-99
-106
-109
-109
-105
-97
-86
-72
-56
-39
-22
-7
6
17
25
28
26
20
9
-7
-27
-51
-78
-107
-138
-168
-197
-224
-249
-269
-284
-293
-297
-294
-284
-269
-249
-224
-195
-164
-131
-99
-67
-38
-12
9
27
39
47
50
47
39
28
12
-6
-27
-50
-74
-97
-119
-139
-156
-169
-178
-182
-181
-173
-159
-139
-112
-78
-39
4
53
104
157
209
259
305
346
378
403
417
421
415
400
375
342
304
261
215
169
124
82
44
12
-13
-32
-45
-51
-52
-48
-40
-30
-19
-8
1
10
15
17
16
12
5
-5
-17
-30
-44
-58
-71
-84
-94
-103
-110
-115
-118
-119
-119
-118
-116
-113
-111
-108
-106
-105
-105
-105
-105
-106
-107
-107
-106
-104
-100
-95
-88
-79
-68
-56
-43
-29
-15
-2
11
23
34
43
51
57
61
63
65
66
66
67
69
72
76
82
89
98
107
117
126
135
142
147
150
151
148
142
133
121
107
91
73
55
37
20
5
-7
-17
-23
-25
-22
-16
-6
6
20
36
52
66
78
86
90
90
86
77
64
48
30
11
-7
-25
-40
-51
-59
-62
-59
-52
-40
-24
-4
18
43
70
96
122
146
168
187
202
213
221
225
224
221
214
205
193
179
163
145
126
105
83
60
36
12
-12
-36
-60
-83
-104
-122
-138
-150
-160
-165
-168
-167
-163
-156
-149
-140
-131
-123
-117
-113
-111
-114
-120
-129
-142
-158
-176
-196
-216
-236
-255
-272
-285
-294
-298
-296
-288
-272
-251
-223
-189
-150
-108
-64
-18
25
68
108
143
173
198
216
229
236
237
234
226
215
200
184
166
147
127
107
88
68
49
31
13
-3
-20
-36
-52
-67
-81
-94
-107
-118
-129
-138
-146
-152
-157
-160
-162
-161
-158
-153
-146
-137
-126
-114
-101
-87
-72
-57
-41
-26
-12
1
15
27
39
49
59
67
73
79
83
85
86
85
83
80
76
71
64
58
51
43
36
29
22
15
8
1
-4
-10
-16
-22
-28
-33
-38
-42
-46
-48
-50
-51
-51
-49
-46
-42
-36
-29
-22
-12
-2
8
20
33
46
59
72
84
95
104
112
117
119
118
115
109
100
89
76
61
45
28
11
-5
-21
-36
-49
-60
-69
-74
-76
-76
-72
-65
-56
-44
-32
-19
-7
5
16
25
33
38
42
43
43
41
38
35
32
29
27
27
29
32
37
44
51
60
68
77
85
92
98
104
108
111
112
112
111
109
105
100
92
84
73
61
48
33
18
2
-12
-27
-40
-53
-63
-71
-76
-79
-80
-78
-74
-69
-62
-55
-47
-39
-31
-24
-18
-13
-9
-6
-5
-5
-6
-9
-13
-19
-25
-33
-41
-50
-59
-68
-77
-84
-91
-96
-98
-99
-96
-91
-83
-72
-59
-44
-27
-10
7
24
40
55
67
76
83
87
89
88
87
84
80
77
75
74
74
76
79
84
90
96
103
110
115
119
120
119
116
109
99
87
72
55
36
16
-3
-23
-42
-60
-76
-90
-102
-111
-118
-122
-123
-123
-121
-117
-112
-107
-102
-96
-91
-87
-84
-82
-80
-79
-77
-76
-74
-72
-68
-63
-56
-48
-39
-29
-17
-5
6
18
28
37
44
49
51
50
46
40
32
23
13
3
-6
-14
-21
-26
-29
-30
-30
-29
-28
-27
-27
-28
-32
-37
-44
-52
-61
-71
-80
-88
-94
-97
-96
-93
-86
-75
-62
-46
-28
-9
9
27
45
61
75
88
99
108
116
124
131
137
143
148
153
156
159
159
157
153
145
135
121
105
86
64
41
18
-5
-29
-51
-71
-88
-103
-114
-121
-125
-125
-121
-114
-104
-92
-77
-61
-44
-26
-8
9
25
41
54
65
73
77
78
75
69
59
46
30
12
-6
-26
-47
-66
-84
-100
-114
-124
-132
-136
-137
-135
-130
-123
-114
-103
-92
-80
-68
-57
-46
-35
-26
-17
-9
-2
4
10
15
20
24
27
30
31
31
31
28
25
20
14
8
0
-7
-14
-21
-27
-32
-34
-35
-33
-29
-23
-14
-4
7
20
33
47
59
71
80
87
92
94
93
90
84
78
70
62
54
47
41
36
33
32
32
34
36
39
41
42
42
41
37
31
23
12
0
-15
-31
-47
-64
-79
-93
-105
-113
-117
-117
-112
-103
-89
-70
-47
-20
8
38
69
100
128
154
176
193
205
212
213
208
198
183
164
141
116
90
62
35
9
-16
-39
-61
-80
-97
-112
-124
-134
-142
-146
-148
-147
-143
-136
-126
-115
-102
-87
-73
-59
-46
-35
-26
-21
-18
-19
-23
-30
-41
-53
-68
-83
-97
-110
-120
-126
-128
-125
-116
-103
-84
-62
-36
-8
21
52
82
111
137
160
179
193
202
205
201
191
175
153
125
92
54
14
-27
-69
-111
-150
-186
-217
-243
-261
-273
-277
-273
-261
-240
-213
-179
-139
-94
-46
2
51
99
142
181
213
238
254
262
262
254
240
220
196
169
142
115
89
65
44
26
12
0
-7
-12
-15
-16
-15
-13
-10
-6
-1
3
7
12
16
20
23
25
26
27
26
23
19
14
7
0
-9
-20
-31
-42
-54
-65
-76
-87
-96
-105
-112
-118
-123
-126
