108
119
129
136
142
146
149
150
151
151
151
150
150
149
148
147
146
144
142
139
135
130
124
117
109
101
91
81
71
60
50
40
30
22
14
7
1
-2
-6
-9
-11
-12
-12
-13
-12
-12
-11
-9
-8
-8
-7
-7
-8
-10
-13
-18
-24
-32
-41
-53
-65
-79
-93
-108
-123
-138
-151
-163
-174
-182
-187
-189
-188
-183
-175
-162
-145
-124
-100
-72
-42
-9
24
59
93
126
156
182
204
220
230
234
230
220
203
180
153
123
90
57
25
-4
-30
-51
-67
-77
-81
-80
-73
-63
-49
-34
-18
-2
11
22
31
35
36
32
26
16
5
-7
-20
-33
-45
-55
-64
-71
-77
-82
-86
-89
-93
-98
-103
-110
-117
-126
-136
-147
-157
-168
-177
-185
-191
-194
-194
-190
-183
-172
-158
-140
-120
-98
-75
-50
-25
-1
20
41
60
77
91
102
110
116
120
123
124
123
122
121
119
117
115
113
111
108
106
104
102
100
98
96
94
92
89
86
82
77
71
64
57
49
41
33
25
18
12
7
4
2
1
2
4
7
12
16
21
25
28
29
29
26
22
15
6
-4
-17
-31
-45
-60
-75
-88
-100
-109
-116
-120
-121
-118
-112
-102
-89
-74
-57
-39
-21
-2
14
30
45
58
69
79
86
92
97
99
100
100
98
95
91
85
79
72
64
57
50
43
37
31
26
22
18
14
10
5
0
-5
-11
-19
-27
-36
-44
-53
-61
-68
-74
-78
-81
-83
-83
-81
-77
-73
-67
-59
-51
-41
-31
-20
-8
3
15
27
38
48
56
62
66
68
66
61
53
42
29
14
-1
-18
-33
-47
-58
-66
-71
-72
-70
-65
-56
-46
-34
-21
-8
4
16
27
36
43
48
51
53
52
51
48
45
41
37
33
29
25
21
18
14
11
7
3
0
-5
-10
-14
-19
-24
-28
-33
-37
-41
-44
-48
-51
-53
-55
-56
-56
-56
-55
-54
-51
-48
-44
-39
-34
-29
-23
-18
-13
-8
-4
0
4
8
12
16
20
24
27
31
34
37
39
40
41
41
40
39
38
35
33
30
26
21
16
11
5
0
-6
-12
-17
-22
-26
-29
-30
-31
-30
-28
-24
-19
-14
-7
0
7
15
22
29
35
40
43
44
43
41
36
30
23
14
5
-4
-15
-25
-34
-44
-52
-59
-64
-69
-72
-73
-74
-72
-70
-66
-61
-55
-47
-39
-30
-20
-10
1
13
25
37
50
62
74
86
97
107
116
124
130
135
138
139
137
133
127
119
108
96
82
67
51
35
19
3
-10
-22
-33
-41
-46
-49
-49
-47
-43
-37
-31
-24
-17
-11
-6
-1
1
3
4
5
4
2
0
-3
-7
-12
-19
-26
-34
-43
-53
-65
-77
-90
-103
-116
-129
-141
-151
-159
-164
-166
-165
-160
-152
-140
-125
-108
-88
-68
-46
-25
-4
15
33
49
63
75
84
91
96
99
100
100
98
95
92
87
82
76
70
63
55
47
39
31
23
15
7
0
-5
-11
-15
-17
-18
-16
-13
-8
-2
5
13
22
31
39
46
51
55
57
57
54
49
43
34
24
11
-1
-16
-31
-46
-61
-75
-89
-101
-111
-119
-125
-128
-128
-124
-118
-109
-96
-81
-63
-44
-23
-2
18
39
58
76
91
104
113
120
124
125
122
118
110
101
90
77
64
50
36
22
9
-3
-15
-25
-35
-44
-52
-59
-65
-71
-77
-81
-86
-90
-93
-95
-97
-96
-95
-91
-86
-79
-71
-60
-49
-36
-23
-10
2
13
23
32
38
41
43
42
39
35
29
23
16
9
3
-1
-6
-8
-10
-10
-9
-7
-4
-1
0
2
2
1
0
-4
-9
-15
-21
-28
-34
-39
-43
-45
-45
-43
-38
-29
-18
-5
10
27
46
64
82
98
113
124
133
138
140
139
136
130
123
114
105
96
87
79
72
66
61
58
55
52
50
48
45
41
36
29
21
11
0
-12
-25
-38
-51
-63
-74
-84
-92
-98
-103
-105
-105
-103
-98
-91
-81
-69
-54
-38
-20
-1
17
36
53
67
79
88
93
95
93
88
80
70
58
46
32
19
6
-5
-17
-28
-38
-47
-55
-61
-67
-72
-75
-78
-80
-81
-81
-81
-80
-78
-76
-73
-68
-64
-58
-52
-45
-38
-31
-24
-17
-10
-4
1
7
11
16
19
22
24
26
26
26
26
24
22
20
18
16
13
11
8
5
2
0
-4
-9
-14
-20
-26
-33
-39
-46
-52
-58
-63
-66
-69
-69
-68
-65
-59
-50
-39
-25
-8
10
32
55
80
105
130
155
179
201
221
238
252
263
269
272
272
267
258
246
231
212
190
165
138
108
78
46
14
-17
-48
-77
-105
-130
-153
-173
-190
-203
-214
-222
-226
-228
-228
-225
-220
-213
-205
-196
-187
-178
-168
-158
-149
-140
-131
-121
-112
-102
-92
-81
-69
-57
-45
-33
-21
-9
1
11
19
26
30
31
29
25
17
8
-3
-17
-30
-44
-56
-67
-75
-80
-81
-79
-73
-64
-51
-36
-19
-1
16
35
53
69
83
95
104
110
113
114
111
107
100
93
85
76
68
60
54
48
44
41
39
39
39
39
40
40
40
40
39
37
36
34
32
31
30
29
29
30
31
33
35
38
42
46
50
54
57
61
63
65
65
63
60
56
50
42
33
23
11
0
-11
-22
-33
-42
-49
-55
-59
-60
-59
-56
-52
-46
-39
-31
-25
-18
-14
-11
-10
-12
-16
-22
-30
-39
-50
-61
-72
-82
-91
-98
-104
-106
-106
-102
-95
-85
-72
-56
-38
-19
0
19
37
53
65
73
77
76
70
60
45
27
6
-15
-38
-60
-79
-96
-108
-114
-115
-111
-101
-87
-68
-48
-26
-4
15
33
48
58
64
66
63
57
48
37
25
13
1
-8
-17
-22
-25
-25
-22
-17
-9
0
11
24
37
50
62
74
85
96
105
113
119
125
128
131
132
131
128
122
115
106
95
82
67
52
36
19
4
-10
-24
-36
-46
-53
-58
-60
-60
-59
-55
-50
-44
-38
-33
-28
-25
-23
-23
-24
-26
-30
-33
-37
-40
-43
-44
-44
-42
-40
-36
-32
-28
-24
-19
-16
-12
-10
-8
-7
-6
-5
-5
-5
-5
-4
-2
0
2
6
10
14
19
25
30
35
39
42
45
47
47
45
43
38
33
27
20
13
6
0
-4
-7
-8
-6
-2
3
12
23
35
47
60
72
81
88
91
90
84
72
56
35
11
-15
-44
-72
-100
-125
-147
-164
-176
-183
-184
-180
-170
-156
-139
-118
-95
-71
-47
-24
-3
15
31
45
55
61
65
65
63
58
51
43
33
22
11
1
-8
-16
-22
-25
-25
-22
-16
-7
4
18
33
49
64
77
88
96
101
102
99
92
82
68
53
36
19
3
-11
-24
-35
-42
-46
-47
-45
-40
-33
-25
-16
-7
1
9
16
21
23
22
18
12
3
-7
-21
-36
-51
-68
-84
-99
-113
-125
-135
-143
-148
-151
-151
-148
-143
-137
-128
-117
-105
-92
-78
-62
-46
-29
-12
4
22
38
53
67
80
90
98
103
106
106
104
101
95
88
81
72
62
53
43
33
24
15
6
-1
-8
-14
-19
-23
-26
-27
-26
-24
-20
-15
-9
-2
4
12
20
28
35
42
47
52
57
60
63
66
67
69
69
69
69
68
66
64
61
59
56
53
50
46
43
39
34
29
23
17
10
2
-5
-14
-23
-33
-43
-54
-65
-76
-87
-97
-107
-115
-121
-126
-128
-127
-123
-117
-107
-95
-81
-65
-47
-29
-10
7
24
40
53
64
72
77
81
82
81
79
76
71
66
60
54
48
42
35
30
25
21
18
16
15
15
15
16
17
18
19
19
18
16
14
11
8
6
3
1
0
0
0
1
4
8
13
19
25
32
39
46
52
58
62
66
67
67
65
62
56
48
39
28
16
3
-10
-24
-38
-51
-63
-72
-80
-85
-89
-90
-88
-85
-80
-74
-67
-59
-51
-43
-36
-30
-25
-22
-20
-20
-20
-22
-25
-28
-32
-35
-38
-41
-43
-44
-45
-46
-46
-46
-45
-44
-44
-42
-41
-39
-37
-34
-31
-27
-22
-16
-9
-2
5
14
23
32
41
51
60
68
77
84
91
97
103
107
110
111
111
110
106
100
93
83
73
60
47
33
19
4
-10
-25
-40
-54
-68
-81
-93
-104
-113
-120
-126
-129
-130
-128
-124
-118
-110
-100
-89
-77
-64
-52
-41
-31
-22
-15
-8
-3
1
6
12
20
29
40
53
68
85
104
122
141
158
172
184
191
193
190
181
166
146
122
93
62
28
-4
-38
-69
-99
-124
-146
-163
-176
-184
-188
-187
-182
-173
-161
-145
-128
-108
-87
-65
-43
-22
-2
15
32
46
58
68
76
82
86
89
90
90
88
85
82
77
71
63
55
45
33
20
6
-8
-25
-42
-60
-78
-96
-112
-127
-140
-150
-158
-161
-161
-158
-151
-141
-128
-112
-94
-75
-54
-33
-11
10
31
52
72
91
108
124
139
151
161
169
174
175
173
168
159
148
134
118
101
83
65
47
31
16
4
-5
-13
-18
-22
-23
-22
-21
-18
-15
-12
-9
-7
-4
-2
0
0
2
3
5
7
10
13
17
21
27
33
41
48
57
65
74
81
87
91
92
91
86
78
66
52
34
15
-4
-25
-46
-65
-83
-99
-112
-122
-129
-134
-136
-136
-133
-129
-124
-118
-111
-104
-97
-90
-84
-79
-76
-74
-73
-74
-77
-81
-85
-89
-93
-96
-98
-98
-96
-92
-86
-78
-70
-60
-51
-42
-34
-28
-23
-21
-21
-24
-27
-32
-37
-42
-45
-46
-44
-38
-28
-14
2
23
45
69
93
115
135
152
165
173
177
175
170
160
147
131
115
97
81
66
54
44
39
36
37
42
48
57
66
76
85
92
98
102
102
101
96
89
80
69
56
42
27
12
-4
-20
-36
-52
-66
-80
-92
-102
-111
-117
-120
-120
-118
-113
-106
-95
-83
-69
-53
-37
-20
-3
12
27
40
51
59
64
66
63
57
48
35
19
2
-16
-35
-54
-70
-84
-95
-102
-105
-105
-101
-94
-84
-72
-59
-46
-33
-21
-10
-1
5
10
13
15
16
17
19
21
24
29
34
41
48
54
60
65
67
68
66
61
53
42
29
13
-2
-19
-36
-52
-67
-78
-87
-92
-93
-90
-84
-73
-60
-44
-26
-6
13
34
54
73
90
105
118
129
137
143
148
150
151
151
151
151
151
151
151
152
153
153
152
151
148
144
138
131
121
108
94
78
60
40
20
0
-20
-40
-59
-76
-91
-105
-116
-126
-133
-140
-145
-149
-152
-154
-156
-158
-160
-161
-163
