-48
-54
-59
-64
-69
-72
-74
-75
-74
-73
-70
-66
-60
-54
-46
-37
-27
-17
-6
4
14
24
33
41
47
52
55
56
56
54
52
48
44
40
35
30
25
20
15
10
5
0
-3
-8
-11
-14
-16
-17
-16
-13
-8
-2
5
15
26
37
48
59
69
77
83
86
85
82
75
65
52
37
21
4
-12
-28
-43
-56
-66
-74
-78
-80
-79
-75
-68
-60
-51
-41
-31
-22
-13
-7
-2
0
-1
-4
-11
-20
-32
-46
-62
-80
-98
-117
-135
-152
-167
-179
-186
-189
-186
-177
-162
-142
-115
-83
-46
-6
36
80
125
168
209
246
278
305
326
340
348
349
344
333
317
295
269
240
207
173
138
102
67
34
2
-27
-53
-76
-95
-111
-123
-130
-135
-135
-133
-128
-120
-110
-99
-86
-72
-58
-45
-32
-21
-12
-5
-1
0
0
-4
-10
-18
-26
-36
-45
-53
-61
-67
-72
-75
-77
-78
-79
-80
-81
-82
-85
-88
-92
-96
-100
-104
-108
-110
-111
-110
-106
-101
-93
-83
-71
-57
-42
-25
-6
12
32
52
72
92
112
131
148
163
177
187
194
198
198
193
184
170
151
129
103
75
45
14
-16
-45
-72
-96
-115
-131
-141
-146
-147
-142
-133
-120
-104
-85
-65
-46
-26
-9
5
16
23
25
23
17
6
-8
-26
-46
-69
-93
-117
-140
-161
-179
-193
-203
-207
-206
-197
-183
-162
-136
-105
-70
-33
4
42
78
110
139
162
179
191
198
199
196
189
180
169
158
146
135
126
117
110
103
98
92
87
82
76
70
63
56
48
41
34
28
22
19
16
14
13
13
14
14
15
14
14
12
10
6
2
-3
-10
-18
-26
-35
-44
-52
-60
-66
-71
-74
-75
-74
-70
-65
-58
-50
-41
-31
-22
-13
-5
0
4
7
8
7
5
1
-3
-9
-15
-22
-29
-36
-43
-50
-58
-65
-73
-80
-87
-93
-98
-102
-105
-106
-105
-102
-97
-90
-80
-68
-54
-38
-21
-3
15
35
55
75
93
111
128
143
156
167
175
181
185
186
185
181
176
170
163
154
146
137
128
119
110
101
90
79
66
51
34
14
-6
-28
-52
-76
-99
-120
-139
-155
-166
-173
-175
-172
-164
-151
-135
-116
-95
-72
-50
-29
-10
6
19
27
32
31
26
17
4
-11
-31
-51
-73
-95
-116
-135
-151
-164
-172
-176
-175
-168
-156
-140
-120
-96
-70
-42
-13
15
43
68
92
113
130
143
153
159
161
160
156
149
140
130
118
105
93
81
69
58
48
39
32
25
19
13
7
0
-6
-14
-23
-32
-43
-53
-64
-74
-82
-89
-94
-95
-94
-90
-83
-73
-60
-46
-30
-14
1
17
31
43
52
58
61
62
59
53
46
37
26
15
3
-7
-18
-28
-37
-45
-51
-57
-60
-62
-63
-62
-60
-57
-51
-45
-36
-26
-15
-2
12
27
43
59
74
89
102
113
122
128
132
134
133
131
126
121
114
107
100
92
84
76
68
60
52
45
37
29
21
12
3
-6
-16
-27
-38
-48
-59
-68
-77
-84
-90
-94
-97
-98
-98
-96
-93
-88
-82
-75
-66
-57
-47
-37
-27
-17
-8
0
7
13
18
21
24
25
26
26
25
24
23
21
19
17
14
11
8
5
1
-2
-7
-11
-17
-22
-27
-31
-35
-38
-40
-41
-40
-39
-36
-33
-30
-26
-22
-18
-14
-10
-5
-1
3
8
13
19
25
31
38
44
51
57
64
69
74
79
83
86
88
89
90
89
89
87
85
82
79
74
69
64
56
48
38
27
14
-1
-18
-37
-58
-81
-105
-130
-155
-179
-201
-220
-235
-245
-250
-247
-238
-222
-199
-170
-137
-99
-59
-18
22
60
95
125
149
167
178
183
182
174
161
143
122
97
70
41
11
-18
-48
-78
-107
-136
-162
-188
-211
-232
-250
-265
-276
-284
-287
-285
-278
-266
-248
-226
-199
-168
-134
-98
-61
-25
9
42
71
97
118
136
150
160
168
173
175
175
174
170
166
160
153
145
137
128
119
110
102
93
86
79
72
67
62
59
56
55
54
56
58
61
66
71
76
82
87
91
93
93
91
86
79
68
54
39
21
3
-14
-31
-47
-60
-71
-79
-83
-85
-84
-80
-75
-67
-59
-51
-42
-34
-27
-20
-15
-11
-9
-7
-7
-7
-9
-10
-12
-14
-17
-20
-22
-25
-29
-32
-36
-40
-43
-47
-50
-53
-54
-55
-54
-51
-47
-40
-31
-20
-8
6
22
39
56
72
88
101
113
122
128
131
132
130
126
120
112
104
95
85
76
67
58
50
41
33
26
18
11
5
-1
-6
-10
-12
-13
-12
-9
-4
2
10
20
30
40
50
58
64
68
67
63
54
42
25
6
-15
-39
-63
-86
-106
-124
-137
-147
-151
-151
-146
-137
-124
-109
-92
-73
-54
-34
-15
3
21
37
53
67
79
90
101
110
118
125
131
137
141
144
145
145
142
137
129
118
105
89
70
49
27
3
-21
-46
-71
-95
-118
-139
-158
-174
-187
-196
-201
-201
-196
-188
-176
-160
-142
-122
-102
-83
-64
-48
-35
-25
-19
-15
-15
-17
-21
-25
-30
-34
-37
-38
-37
-35
-30
-25
-19
-12
-4
1
7
13
17
19
21
21
20
19
17
14
11
8
5
3
2
1
0
0
1
2
3
5
6
8
9
10
10
10
9
7
5
3
0
-3
-6
-9
-12
-14
-16
-17
-17
-17
-16
-13
-10
-6
-1
5
13
22
32
42
54
65
77
87
97
105
111
115
118
118
117
115
111
107
102
97
93
89
85
82
79
77
74
71
68
63
57
50
41
30
17
4
-10
-26
-43
-59
-75
-90
-104
-117
-129
-139
-147
-153
-157
-159
-159
-157
-153
-147
-139
-129
-117
-103
-87
-71
-53
-35
-17
-1
13
26
37
44
48
50
48
44
39
32
25
18
11
6
2
0
0
0
3
6
11
16
21
26
30
33
34
35
34
32
28
23
16
9
0
-8
-18
-28
-37
-47
-55
-61
-65
-66
-65
-59
-50
-38
-23
-5
14
35
56
77
95
110
121
128
130
126
117
104
86
65
41
17
-7
-31
-53
-72
-88
-102
-112
-120
-125
-129
-131
-133
-135
-137
-139
-141
-143
-144
-145
-145
-143
-140
-134
-126
-115
-103
-89
-73
-57
-40
-23
-6
8
22
34
45
53
60
65
68
70
71
71
71
71
70
71
71
73
75
78
82
88
94
101
109
118
128
138
148
159
169
179
188
196
202
205
205
201
193
181
164
143
118
90
60
28
-3
-34
-64
-91
-115
-135
-152
-164
-172
-176
-177
-175
-172
-166
-160
-153
-146
-139
-133
-126
-119
-112
-105
-96
-87
-76
-64
-50
-35
-20
-3
12
29
46
61
75
88
99
108
114
118
120
119
116
110
103
94
84
73
63
53
45
39
36
35
39
45
55
68
82
98
114
128
141
152
158
161
160
154
144
131
115
97
77
57
38
20
4
-10
-22
-32
-40
-47
-53
-59
-66
-74
-82
-91
-101
-112
-122
-132
-141
-148
-153
-156
-156
-153
-147
-139
-129
-117
-104
-91
-78
-66
-55
-47
-42
-39
-39
-43
-48
-56
-66
-77
-88
-99
-108
-117
-123
-127
-128
-126
-121
-114
-103
-90
-75
-58
-40
-21
-2
15
32
47
61
72
81
87
92
95
96
97
98
99
101
103
107
112
118
125
132
140
146
152
157
161
163
164
163
160
156
151
144
136
126
115
102
88
72
54
34
13
-8
-32
-56
-80
-103
-126
-146
-165
-180
-192
-201
-206
-206
-204
-198
-188
-176
-162
-146
-130
-113
-97
-82
-69
-58
-51
-47
-46
-50
-56
-66
-78
-92
-106
-121
-134
-146
-156
-163
-167
-168
-165
-159
-149
-137
-121
-103
-82
-60
-37
-13
9
32
54
74
92
109
123
136
148
158
167
176
184
193
201
209
218
225
232
238
243
246
246
243
237
228
216
201
182
162
140
116
92
68
44
21
0
-20
-39
-56
-71
-83
-94
-103
-110
-114
-117
-118
-118
-117
-114
-110
-105
-99
-93
-86
-78
-69
-60
-50
-39
-27
-14
-1
13
28
43
58
72
86
98
108
117
123
127
128
127
124
119
112
103
94
84
74
64
54
44
36
28
21
14
7
1
-4
-11
-19
-27
-35
-44
-53
-61
-69
-75
-81
-84
-87
-88
-88
-87
-86
-85
-85
-84
-85
-87
-89
-92
-95
-99
-101
-102
-102
-100
-95
-88
-78
-67
-53
-38
-23
-8
5
17
26
32
34
32
27
18
7
-4
-16
-28
-38
-45
-48
-47
-42
-33
-20
-4
12
30
47
62
74
83
88
90
87
81
72
62
50
38
26
15
7
0
-3
-6
-6
-4
0
3
8
13
19
24
29
33
37
40
43
45
46
47
48
47
46
44
40
35
28
19
9
-2
-15
-28
-42
-56
-68
-79
-88
-94
-98
-99
-97
-92
-84
-75
-64
-51
-38
-26
-14
-3
6
13
19
23
26
26
26
24
22
19
16
12
8
4
1
-2
-5
-8
-10
-12
-13
-12
-12
-10
-8
-5
-3
-1
0
1
0
0
-1
-4
-8
-11
-15
-19
-23
-26
-29
-33
-36
-39
-42
-46
-50
-55
-61
-67
-74
-81
-88
-96
-102
-108
-113
-117
-120
-122
-122
-121
-119
-116
-113
-110
-106
-102
-97
-92
-85
-77
-68
-55
-41
-23
-3
18
43
69
95
121
145
168
188
204
216
225
229
230
228
223
216
208
199
190
181
172
165
158
152
146
140
135
128
121
112
102
91
78
63
47
29
11
-7
-25
-43
-59
-73
-85
-95
-101
-105
-106
-105
-103
-100
-96
-93
-90
-88
-87
-86
-87
-88
-89
-89
-88
-86
-82
-76
-67
-57
-44
-30
-15
0
16
31
45
57
66
74
79
82
83
83
81
78
74
69
63
57
50
43
36
29
22
15
8
2
-3
-8
-13
-17
-22
-25
-28
-31
-33
-34
-35
-35
-34
-32
-30
-27
-24
-22
-19
-17
-16
-15
-15
-14
-13
-12
-11
-8
-6
-2
0
3
6
8
9
8
6
1
-5
-14
-24
-35
-47
-59
-70
-80
-88
-94
-97
-98
-97
-94
-88
-81
-72
-62
-51
-39
-26
-12
1
15
30
44
59
73
87
101
115
128
141
153
165
175
185
193
200
204
207
208
206
201
194
184
172
158
142
124
106
86
67
49
31
14
-1
-16
-30
-42
-54
-66
-76
-87
-97
-108
-118
-128
-137
-146
-154
-162
-168
-172
-175
-177
-176
-174
-170
-164
-157
-148
-138
-127
-116
-103
-91
-78
-65
-53
-42
-31
-21
-13
-5
0
5
9
11
11
11
8
4
0
-8
-16
-26
-37
-49
-61
-73
-84
-94
-101
-105
-105
-102
