-111
-97
-81
-64
-46
-29
-11
4
20
34
47
58
67
73
78
80
81
80
78
75
71
68
64
62
60
60
60
62
63
65
66
67
66
63
59
52
44
33
21
7
-6
-20
-34
-47
-57
-66
-73
-77
-78
-78
-75
-71
-66
-59
-53
-46
-39
-33
-27
-22
-18
-14
-11
-8
-5
-2
0
4
8
13
19
27
35
43
53
62
72
80
88
94
99
101
100
97
92
83
73
60
46
32
17
3
-9
-20
-29
-36
-40
-42
-42
-39
-36
-32
-27
-23
-19
-17
-16
-16
-18
-22
-26
-31
-36
-40
-43
-45
-45
-43
-40
-34
-27
-18
-9
0
10
19
27
35
40
44
45
45
41
36
29
20
9
-1
-12
-23
-33
-42
-48
-51
-52
-49
-43
-33
-21
-5
12
33
55
77
100
121
141
157
171
179
184
183
178
168
155
138
119
98
76
55
34
14
-2
-17
-30
-40
-47
-52
-55
-55
-53
-50
-46
-41
-36
-31
-25
-21
-17
-15
-14
-14
-16
-20
-26
-32
-40
-48
-57
-66
-75
-84
-92
-101
-109
-117
-124
-131
-138
-143
-149
-154
-158
-162
-165
-168
-170
-171
-172
-172
-172
-171
-169
-166
-163
-158
-154
-148
-141
-134
-125
-115
-103
-90
-76
-61
-44
-27
-10
7
25
42
59
76
91
106
121
135
148
161
173
185
197
208
218
228
238
247
254
260
264
266
264
258
248
233
213
187
156
121
81
39
-5
-51
-97
-140
-181
-217
-248
-272
-289
-298
-299
-291
-276
-254
-225
-193
-156
-119
-81
-44
-9
22
50
73
91
104
113
117
117
113
105
96
84
71
58
44
32
21
11
4
-1
-5
-6
-6
-4
-1
3
8
13
19
24
29
32
34
35
35
33
29
25
20
14
10
5
2
0
0
2
5
9
15
21
27
33
39
43
46
48
48
47
45
42
38
34
30
27
24
21
19
18
17
17
16
15
14
11
7
3
-3
-10
-18
-27
-36
-44
-52
-57
-61
-62
-61
-57
-50
-40
-27
-12
4
23
43
63
83
101
118
131
141
147
147
143
133
118
98
76
50
22
-5
-32
-58
-81
-101
-116
-127
-133
-134
-129
-120
-107
-90
-71
-50
-28
-8
10
26
39
48
53
54
53
48
42
36
31
27
26
28
34
44
58
75
94
114
133
152
168
181
190
193
191
183
170
151
127
98
66
30
-7
-45
-84
-121
-157
-189
-217
-241
-259
-272
-280
-282
-279
-271
-259
-242
-223
-201
-177
-152
-126
-100
-75
-51
-27
-6
12
29
43
54
63
68
71
71
69
65
59
52
44
36
28
21
15
11
9
8
9
11
15
20
26
32
39
46
53
59
65
69
72
73
73
70
66
59
51
41
30
17
4
-8
-21
-34
-46
-56
-65
-73
-78
-82
-83
-82
-80
-75
-69
-61
-52
-42
-32
-21
-11
0
8
16
23
28
31
31
30
27
22
16
9
1
-6
-14
-22
-29
-36
-41
-44
-47
-47
-46
-43
-38
-33
-26
-18
-10
-1
6
14
22
29
35
40
43
45
45
43
40
34
26
17
7
-3
-14
-25
-36
-44
-51
-56
-58
-58
-54
-47
-37
-25
-9
7
26
46
66
86
104
121
134
144
150
152
150
144
135
122
107
91
73
56
39
22
7
-5
-16
-26
-34
-41
-47
-52
-57
-62
-67
-72
-78
-83
-89
-93
-97
-99
-100
-99
-97
-92
-86
-79
-70
-61
-51
-41
-32
-23
-16
-9
-5
-1
0
0
0
0
-2
-4
-6
-7
-8
-7
-6
-3
0
4
10
16
22
27
32
35
37
38
36
33
29
24
19
13
8
3
0
-2
-3
-2
0
2
6
11
16
22
27
32
36
39
40
40
39
36
32
26
19
11
2
-6
-15
-24
-32
-38
-42
-44
-44
-41
-36
-27
-16
-3
11
27
45
62
79
95
108
119
127
131
132
129
122
112
99
84
67
48
29
10
-8
-26
-44
-60
-74
-88
-100
-110
-119
-127
-132
-137
-139
-139
-138
-134
-129
-122
-114
-106
-96
-87
-78
-69
-60
-52
-44
-36
-28
-20
-10
0
9
21
33
45
57
69
79
88
94
97
97
94
87
77
64
49
31
13
-4
-22
-39
-53
-64
-72
-76
-76
-72
-65
-55
-42
-27
-12
4
20
35
49
62
72
81
87
92
94
95
94
92
89
86
82
78
73
70
66
64
62
61
60
60
59
59
58
55
52
47
39
30
19
6
-8
-24
-41
-59
-76
-92
-107
-120
-130
-137
-141
-142
-139
-134
-126
-116
-105
-92
-80
-67
-55
-43
-32
-22
-12
-4
2
9
16
22
27
33
38
43
48
52
54
56
56
54
50
45
37
29
20
10
0
-10
-20
-29
-37
-43
-48
-51
-52
-51
-48
-43
-36
-27
-17
-6
5
18
32
46
60
73
85
96
106
113
119
122
123
121
117
112
104
95
85
74
63
51
40
29
18
8
-1
-10
-18
-25
-31
-37
-41
-45
-48
-50
-52
-53
-54
-54
-54
-54
-53
-51
-50
-48
-47
-45
-44
-43
-43
-43
-44
-44
-45
-45
-45
-45
-44
-42
-39
-36
-33
-29
-26
-22
-19
-16
-14
-12
-11
-11
-11
-12
-13
-14
-15
-16
-17
-17
-17
-17
-15
-14
-11
-8
-3
1
6
13
20
27
34
42
49
56
63
70
76
82
87
91
95
98
100
101
102
101
99
96
92
87
81
74
65
55
43
31
18
3
-10
-26
-42
-57
-73
-89
-104
-119
-134
-148
-161
-173
-183
-191
-196
-199
-197
-192
-183
-170
-153
-133
-109
-84
-57
-29
-1
25
50
74
95
112
126
137
144
147
146
143
138
130
121
112
101
91
79
68
56
45
32
20
8
-3
-13
-23
-31
-37
-40
-40
-38
-32
-23
-11
3
20
39
58
78
98
116
131
143
152
156
155
149
139
123
103
80
54
25
-3
-32
-59
-84
-106
-124
-137
-146
-150
-151
-148
-142
-135
-128
-120
-114
-109
-106
-105
-104
-105
-107
-108
-109
-107
-104
-99
-91
-80
-67
-51
-34
-16
1
18
33
47
57
64
66
65
61
52
42
29
15
1
-11
-24
-34
-43
-49
-52
-53
-51
-48
-42
-36
-29
-22
-16
-10
-4
0
2
4
6
7
9
10
12
15
20
26
34
43
55
68
82
97
112
127
141
154
165
173
178
181
180
177
170
160
149
135
119
102
85
68
52
36
22
9
-2
-13
-23
-32
-41
-50
-59
-67
-76
-84
-91
-98
-103
-107
-110
-110
-109
-105
-100
-94
-86
-76
-66
-54
-42
-29
-16
-2
10
22
33
43
52
59
65
69
73
76
78
79
81
83
84
86
88
90
91
91
90
87
82
75
66
53
38
21
2
-17
-38
-58
-78
-96
-111
-123
-131
-136
-136
-133
-126
-116
-103
-88
-72
-55
-39
-24
-11
-1
5
8
8
3
-4
-15
-30
-47
-66
-85
-105
-124
-142
-157
-170
-180
-186
-188
-187
-183
-177
-168
-158
-147
-137
-127
-118
-110
-102
-96
-89
-83
-76
-67
-57
-44
-30
-13
5
25
47
69
90
111
130
145
158
166
170
170
166
159
150
139
127
116
107
99
95
94
96
100
107
116
125
134
141
145
146
144
136
125
109
89
67
42
16
-9
-35
-59
-80
-99
-113
-124
-131
-134
-133
-129
-123
-114
-104
-94
-84
-74
-65
-58
-51
-46
-42
-40
-38
-38
-38
-38
-39
-40
-41
-42
-43
-43
-44
-45
-46
-47
-48
-50
-52
-54
-55
-55
-55
-52
-47
-41
-31
-19
-5
9
26
44
62
78
94
108
119
129
136
140
143
143
141
137
132
125
118
110
103
95
89
84
80
77
76
75
75
75
75
75
73
70
65
59
52
43
34
25
17
10
4
1
1
4
10
18
29
41
54
67
79
90
98
103
105
104
100
92
82
69
55
40
25
9
-4
-19
-32
-44
-55
-64
-73
-80
-86
-91
-94
-96
-97
-95
-93
-88
-82
-74
-65
-54
-42
-29
-15
0
14
28
42
55
66
75
82
86
87
86
82
76
68
58
48
37
25
13
1
-11
-23
-35
-46
-57
-68
-77
-85
-91
-95
-98
-98
-97
-94
-89
-83
-77
-71
-64
-58
-53
-49
-46
-45
-44
-45
-46
-48
-51
-53
-56
-58
-60
-62
-63
-63
-62
-60
-57
-54
-49
-43
-37
-30
-22
-14
-7
0
6
12
16
19
20
20
18
15
10
4
-2
-9
-17
-24
-31
-37
-42
-46
-49
-50
-49
-47
-44
-39
-33
-26
-18
-9
0
7
15
21
26
29
30
28
25
19
11
3
-6
-15
-23
-31
-36
-39
-39
-36
-31
-22
-12
0
14
29
44
59
73
85
96
105
111
116
118
117
115
110
104
96
86
75
64
51
38
25
12
0
-12
-24
-36
-46
-57
-66
-75
-83
-91
-98
-105
-110
-114
-117
-118
-118
-115
-109
-101
-91
-77
-61
-42
-22
0
23
47
69
90
108
122
131
136
135
129
119
105
88
68
47
27
7
-10
-25
-38
-46
-51
-53
-51
-46
-39
-31
-22
-12
-4
1
6
8
7
4
0
-8
-16
-26
-35
-44
-52
-59
-63
-65
-64
-60
-54
-46
-36
-24
-10
3
17
32
45
58
69
77
84
89
91
91
88
84
77
69
60
50
39
28
17
6
-2
-11
-18
-23
-26
-27
-27
-24
-19
-13
-6
0
7
13
18
21
22
21
18
13
7
0
-7
-14
-20
-25
-28
-30
-31
-30
-28
-25
-21
-18
-14
-10
-7
-4
-1
2
5
10
15
20
27
35
43
51
60
68
75
81
85
86
86
82
77
69
59
48
36
24
12
0
-9
-17
-25
-30
-35
-38
-41
-42
-44
-45
-46
-47
-49
-51
-53
-55
-57
-58
-59
-59
-58
-56
-54
-50
-46
-42
-37
-32
-27
-22
-17
-12
-7
-2
2
6
10
13
15
17
17
15
13
9
4
-1
-8
-15
-23
-30
-37
-43
-47
-50
-51
-51
-49
-46
-42
-36
-29
-22
-14
-6
1
9
16
24
31
38
44
49
54
58
61
63
64
63
60
56
50
43
35
27
18
10
3
-3
-8
-12
-13
-13
-11
-8
-3
2
9
17
24
32
39
45
51
55
58
60
60
58
56
52
47
41
35
28
20
12
3
-6
-16
-27
-38
-49
-60
-71
-81
-90
-98
-104
-107
-108
-106
-102
-94
-84
-72
-58
-43
-27
-11
3
15
26
33
36
36
33
26
16
5
-7
-19
-31
-41
-48
-53
-55
-53
-49
-42
-33
-22
-10
1
12
23
33
41
47
51
54
55
54
53
51
48
45
42
40
37
35
34
33
32
31
31
30
29
28
27
26
25
23
22
21
