-43
-39
-35
-31
-27
-24
-20
-17
-13
-10
-6
-2
1
5
10
15
19
23
26
28
29
28
25
21
15
8
0
-8
-17
-26
-34
-41
-46
-49
-49
-47
-42
-34
-24
-11
3
19
36
53
70
87
103
117
129
140
147
152
154
153
149
142
134
123
111
98
85
73
61
49
39
31
23
17
12
7
3
0
-3
-6
-11
-16
-22
-28
-36
-44
-51
-59
-65
-70
-73
-73
-70
-64
-54
-40
-24
-5
16
38
60
81
100
114
124
129
128
122
110
93
73
50
26
1
-22
-44
-64
-81
-95
-105
-112
-116
-117
-116
-112
-108
-103
-97
-91
-86
-80
-76
-71
-67
-63
-59
-55
-51
-46
-41
-36
-30
-25
-19
-12
-6
0
7
13
20
26
32
37
41
44
47
48
48
48
48
47
46
46
45
45
44
43
40
36
31
23
14
3
-9
-23
-39
-54
-70
-84
-98
-110
-120
-127
-132
-134
-133
-129
-124
-116
-106
-96
-84
-72
-60
-48
-36
-25
-13
-2
7
17
27
37
46
55
63
72
79
86
93
99
104
108
112
114
116
116
115
112
108
103
96
87
78
67
56
44
32
20
9
0
-8
-15
-20
-23
-25
-25
-23
-21
-18
-15
-12
-11
-11
-12
-15
-21
-27
-36
-45
-55
-65
-75
-84
-92
-97
-101
-102
-102
-99
-94
-87
-80
-71
-61
-52
-42
-33
-25
-18
-11
-6
-2
1
3
6
8
10
12
15
19
23
28
34
41
48
55
63
71
77
84
89
92
94
94
91
87
81
73
64
53
42
31
19
8
-1
-11
-19
-26
-31
-33
-34
-33
-30
-24
-18
-10
-1
8
17
26
35
42
48
53
56
56
55
52
47
40
32
22
13
3
-6
-16
-25
-33
-40
-46
-51
-55
-59
-61
-64
-66
-67
-68
-68
-67
-66
-63
-60
-55
-49
-41
-32
-22
-11
0
12
24
35
45
53
59
63
65
64
62
58
53
47
40
34
29
24
20
17
15
14
13
13
13
14
14
14
14
13
12
10
8
5
1
-2
-7
-12
-17
-21
-25
-29
-32
-34
-35
-35
-35
-33
-31
-29
-27
-24
-22
-20
-18
-17
-16
-16
-16
-16
-16
-17
-17
-17
-18
-18
-17
-17
-16
-16
-15
-14
-14
-13
-12
-12
-11
-10
-10
-9
-8
-7
-6
-5
-2
0
2
6
10
15
19
24
28
32
35
37
38
38
36
33
29
24
18
11
4
-2
-8
-14
-19
-23
-26
-27
-27
-26
-23
-19
-14
-8
-1
4
10
16
20
24
26
27
27
25
22
17
12
5
0
-7
-14
-20
-25
-30
-34
-37
-40
-42
-44
-46
-47
-48
-48
-48
-48
-46
-44
-40
-36
-30
-23
-16
-8
0
7
15
22
28
33
36
38
39
39
37
35
32
28
23
18
13
7
1
-5
-12
-18
-25
-32
-38
-44
-49
-54
-57
-58
-58
-57
-54
-49
-43
-35
-27
-19
-10
-2
5
11
17
21
25
28
31
35
39
45
53
62
73
86
100
116
132
147
162
174
183
189
190
186
177
164
146
125
101
75
49
23
-1
-24
-44
-61
-75
-84
-90
-93
-92
-88
-82
-75
-65
-55
-45
-35
-25
-16
-8
-2
3
7
9
11
11
10
7
5
1
-2
-6
-9
-13
-15
-17
-19
-20
-20
-20
-20
-21
-22
-23
-24
-26
-27
-28
-29
-28
-26
-22
-17
-9
-1
8
19
30
40
50
58
63
66
66
62
55
45
32
16
-2
-22
-44
-66
-88
-110
-130
-148
-163
-175
-182
-186
-184
-178
-167
-152
-134
-112
-88
-62
-35
-8
18
43
67
88
106
121
133
140
143
142
137
127
113
95
73
47
19
-12
-45
-79
-113
-146
-177
-204
-227
-243
-254
-257
-254
-243
-226
-203
-175
-144
-110
-74
-39
-5
25
53
77
96
111
120
125
125
122
117
110
102
95
88
84
81
82
84
89
97
105
114
124
133
141
146
150
151
150
146
139
130
119
105
91
75
59
42
26
10
-5
-19
-33
-44
-54
-63
-70
-75
-79
-81
-82
-81
-80
-78
-75
-72
-69
-65
-61
-57
-54
-50
-47
-43
-40
-38
-35
-34
-32
-31
-31
-32
-33
-34
-35
-37
-39
-40
-41
-42
-41
-40
-37
-33
-28
-21
-13
-4
5
15
25
35
44
53
60
66
70
72
72
71
67
62
55
47
38
29
21
13
6
1
-1
-3
-2
0
5
11
19
27
36
46
54
63
70
76
80
83
85
86
85
84
82
80
77
75
73
71
69
67
65
64
62
61
59
57
55
54
52
51
50
50
50
51
52
53
53
53
52
50
46
41
33
24
13
1
-12
-28
-44
-61
-78
-95
-111
-126
-140
-152
-162
-169
-174
-175
-172
-166
-156
-143
-126
-106
-84
-61
-37
-14
7
26
42
53
60
61
58
49
36
20
2
-17
-37
-55
-72
-85
-95
-100
-102
-99
-93
-85
-74
-62
-50
-39
-29
-20
-14
-10
-9
-9
-11
-15
-18
-22
-26
-28
-30
-30
-28
-25
-20
-14
-7
0
8
16
24
32
40
46
51
55
57
58
58
57
55
53
50
48
45
44
43
42
43
44
46
49
53
56
60
63
66
67
67
66
63
58
51
43
33
23
13
3
-6
-15
-23
-29
-34
-38
-40
-42
-43
-43
-43
-42
-42
-41
-41
-40
-39
-39
-37
-36
-33
-30
-25
-20
-14
-6
1
10
20
30
40
49
58
66
73
78
82
83
82
79
73
65
54
42
27
11
-4
-21
-38
-54
-68
-81
-91
-100
-105
-108
-108
-107
-103
-97
-90
-81
-72
-62
-51
-40
-29
-19
-8
1
10
18
25
31
36
39
41
42
42
41
39
36
34
31
28
24
21
18
15
13
10
9
7
7
8
10
14
18
24
32
40
48
56
63
69
74
75
74
69
61
49
35
17
-1
-22
-43
-64
-83
-100
-114
-124
-129
-130
-126
-117
-105
-90
-73
-54
-34
-15
2
19
33
45
55
62
68
71
74
75
75
76
75
75
74
74
72
70
67
63
58
52
44
35
24
13
1
-11
-23
-34
-44
-53
-58
-62
-62
-60
-55
-48
-40
-31
-23
-15
-8
-4
-3
-5
-11
-21
-34
-51
-70
-92
-115
-137
-159
-178
-193
-204
-210
-210
-204
-193
-177
-156
-131
-103
-74
-44
-15
12
38
62
82
98
111
121
127
130
130
129
126
123
120
116
113
110
108
105
103
101
98
95
91
86
79
71
62
51
40
28
16
4
-5
-14
-21
-27
-31
-32
-33
-31
-29
-26
-22
-18
-14
-10
-5
-1
3
7
11
14
17
20
22
22
22
20
17
11
4
-4
-15
-27
-41
-55
-70
-84
-98
-110
-121
-130
-136
-140
-142
-142
-141
-138
-133
-128
-122
-114
-107
-99
-90
-80
-70
-59
-47
-34
-20
-6
7
21
36
49
62
74
84
93
100
106
110
112
114
114
114
114
113
112
111
109
107
105
102
98
94
90
84
78
72
66
59
54
49
45
42
40
40
40
40
41
41
40
38
34
29
23
15
6
-3
-13
-22
-31
-39
-46
-51
-54
-54
-53
-50
-44
-37
-30
-21
-13
-5
2
8
12
16
18
19
18
17
15
13
10
7
4
1
0
-1
-1
0
1
4
8
13
18
22
27
30
33
35
36
36
35
33
31
28
25
23
20
17
15
13
10
8
6
4
1
0
-3
-5
-8
-10
-12
-14
-15
-16
-15
-15
-13
-10
-7
-3
1
7
12
18
23
28
32
35
37
37
36
33
29
24
18
11
3
-4
-12
-19
-26
-31
-36
-38
-40
-40
-39
-38
-36
-34
-32
-31
-31
-33
-36
-40
-45
-51
-57
-63
-68
-72
-75
-76
-75
-72
-67
-61
-53
-44
-35
-25
-16
-7
0
7
13
18
21
23
25
25
25
26
26
27
29
31
34
37
40
43
45
46
46
44
42
38
33
27
20
13
5
-2
-10
-18
-26
-34
-42
-48
-54
-59
-63
-66
-68
-68
-66
-63
-59
-54
-47
-40
-33
-25
-18
-11
-5
0
3
6
7
7
6
4
2
-1
-5
-9
-14
-18
-22
-25
-28
-30
-32
-33
-34
-34
-33
-32
-30
-27
-24
-20
-14
-9
-3
3
9
15
20
25
28
29
30
28
25
22
17
12
6
1
-2
-5
-7
-7
-5
-2
2
9
16
24
32
41
48
55
61
65
68
69
69
67
64
59
54
47
39
31
22
13
3
-5
-15
-23
-30
-36
-40
-42
-43
-41
-36
-31
-23
-15
-5
3
13
21
29
35
39
42
43
42
40
38
34
31
27
23
20
16
14
11
9
7
6
4
3
2
0
0
-2
-3
-5
-7
-9
-11
-14
-16
-17
-19
-20
-20
-19
-18
-17
-15
-13
-11
-9
-8
-7
-7
-8
-9
-12
-15
-18
-22
-26
-30
-33
-35
-37
-36
-34
-30
-25
-18
-9
0
10
21
32
42
52
60
67
72
74
74
71
66
59
49
38
26
13
0
-11
-21
-30
-36
-39
-38
-34
-27
-16
-2
14
34
55
78
100
122
143
160
174
184
190
190
185
175
161
141
119
93
64
35
5
-23
-51
-77
-100
-120
-135
-147
-155
-159
-159
-156
-150
-141
-131
-120
-109
-98
-89
-81
-76
-74
-74
-78
-84
-93
-103
-115
-127
-138
-148
-156
-161
-163
-162
-157
-149
-138
-124
-107
-90
-71
-53
-37
-22
-10
-1
3
4
2
-3
-11
-21
-32
-44
-55
-64
-72
-77
-80
-79
-74
-67
-56
-42
-24
-5
16
40
65
91
116
141
163
184
200
213
222
226
225
219
208
194
176
156
134
112
90
70
53
38
28
21
18
18
21
27
33
41
48
53
57
58
56
50
42
30
16
0
-16
-33
-50
-66
-81
-93
-104
-113
-119
-124
-127
-128
-128
-128
-126
-123
-120
-115
-110
-103
-95
-86
-75
-62
-48
-33
-17
0
15
30
44
55
64
70
72
71
67
59
48
35
18
1
-18
-37
-57
-75
-92
-105
-116
-123
-126
-124
-118
-107
-92
-74
-52
-27
-1
26
53
80
105
128
147
164
176
185
189
190
188
182
173
163
151
138
124
111
98
86
75
64
55
48
41
35
30
26
23
21
20
20
20
22
25
29
33
38
43
47
51
54
55
54
52
48
43
37
29
20
11
0
-10
-21
-32
-43
-54
-63
-72
-79
-84
-87
-88
-87
-84
-79
-72
-64
-55
-44
-33
-23
-13
-4
2
8
12
14
15
15
14
13
12
12
12
14
15
18
21
24
26
28
29
29
28
24
19
13
4
-5
-17
-30
-44
-58
-72
-85
-97
-107
-114
-119
-122
-121
-117
-110
-101
-91
-79
-66
