114
88
61
32
3
-24
-51
-74
-95
-111
-124
-132
-135
-135
-131
-123
-114
-102
-90
-78
-66
-56
-47
-41
-36
-33
-31
-31
-32
-33
-34
-35
-35
-34
-33
-31
-29
-26
-23
-20
-17
-16
-15
-16
-19
-23
-29
-36
-44
-53
-61
-68
-74
-77
-76
-73
-65
-54
-41
-25
-7
10
27
43
57
68
75
78
78
74
68
59
48
36
25
14
5
-1
-6
-8
-6
-2
3
12
23
36
49
63
76
89
100
110
117
122
125
126
123
119
112
103
93
82
70
58
46
36
26
18
13
9
7
8
10
14
19
24
31
38
45
53
61
69
78
87
96
106
115
124
132
138
142
143
141
135
125
110
92
69
42
13
-18
-50
-82
-113
-142
-168
-191
-210
-226
-238
-247
-253
-258
-261
-262
-262
-262
-261
-258
-255
-250
-244
-236
-227
-215
-203
-190
-176
-162
-149
-136
-125
-115
-108
-102
-97
-95
-93
-93
-93
-94
-95
-97
-100
-103
-106
-111
-115
-120
-125
-129
-132
-132
-131
-126
-117
-104
-86
-64
-37
-7
25
60
96
132
167
200
230
255
277
294
307
315
320
321
320
316
311
306
299
292
285
276
267
257
246
233
218
201
182
161
139
115
90
64
39
15
-7
-28
-47
-62
-75
-84
-90
-94
-95
-94
-93
-91
-89
-88
-88
-91
-96
-104
-115
-128
-143
-159
-177
-194
-211
-226
-238
-248
-254
-256
-255
-250
-241
-229
-214
-196
-177
-156
-134
-112
-89
-67
-46
-25
-6
11
28
43
58
71
84
95
106
116
125
133
140
146
151
155
159
161
163
165
166
167
167
167
166
164
161
157
152
146
138
129
118
107
96
84
72
59
47
34
21
9
-2
-14
-26
-38
-48
-57
-65
-70
-73
-73
-70
-64
-54
-41
-26
-9
9
28
47
65
81
95
106
115
121
125
127
127
127
125
124
123
122
121
121
120
119
118
116
113
109
103
97
89
81
72
64
56
48
42
36
32
29
26
24
23
21
19
16
12
7
0
-7
-17
-28
-40
-52
-65
-77
-89
-101
-111
-121
-130
-139
-146
-153
-160
-165
-170
-175
-178
-180
-181
-181
-180
-176
-172
-166
-159
-151
-142
-133
-123
-113
-104
-95
-87
-80
-74
-68
-63
-59
-55
-51
-47
-42
-38
-33
-28
-22
-17
-12
-8
-4
-1
0
1
1
1
0
-1
-2
-4
-5
-5
-4
-1
1
6
13
20
29
38
46
55
62
68
73
75
76
76
73
70
66
62
57
53
49
45
43
41
39
38
38
38
37
37
37
36
35
34
32
29
26
22
17
12
5
-2
-10
-19
-29
-38
-48
-56
-64
-71
-76
-80
-81
-81
-78
-74
-67
-59
-49
-38
-26
-13
-1
9
20
29
36
41
44
45
44
42
39
35
30
26
22
18
14
11
8
5
3
0
-1
-4
-6
-9
-11
-13
-15
-17
-18
-19
-19
-19
-19
-19
-19
-20
-20
-20
-21
-22
-23
-24
-25
-25
-24
-22
-19
-15
-9
-2
5
13
21
29
35
41
44
45
45
42
37
31
23
15
6
-1
-8
-13
-17
-19
-18
-16
-12
-7
-1
5
12
19
26
32
36
40
41
41
40
36
32
25
18
10
1
-6
-15
-23
-30
-36
-41
-45
-46
-46
-44
-41
-35
-28
-19
-8
2
15
28
41
54
66
77
86
93
98
101
101
99
95
88
80
70
59
47
34
22
9
-2
-13
-24
-34
-43
-51
-58
-64
-69
-72
-75
-77
-77
-75
-72
-67
-60
-51
-40
-28
-15
0
13
28
41
53
64
73
79
82
83
82
78
72
64
55
44
34
23
13
3
-5
-12
-18
-23
-26
-28
-28
-27
-25
-23
-20
-17
-15
-12
-10
-9
-8
-8
-8
-9
-10
-11
-13
-15
-18
-21
-25
-28
-31
-35
-37
-40
-41
-42
-42
-41
-39
-36
-33
-29
-24
-19
-14
-10
-6
-3
-1
0
0
-1
-4
-6
-10
-13
-17
-20
-22
-23
-24
-23
-21
-18
-14
-8
-1
5
13
21
28
35
41
45
48
48
47
43
37
28
19
8
-3
-15
-25
-35
-42
-47
-50
-49
-46
-39
-31
-20
-7
5
19
32
45
56
65
72
77
80
80
78
74
68
61
53
44
34
25
15
6
-1
-8
-14
-20
-24
-27
-29
-31
-32
-33
-33
-33
-33
-32
-32
-31
-29
-27
-25
-23
-21
-18
-16
-14
-13
-12
-13
-14
-17
-21
-26
-32
-39
-47
-56
-64
-73
-80
-87
-92
-96
-98
-98
-95
-90
-83
-73
-62
-48
-33
-16
0
18
37
55
72
88
102
114
123
129
133
133
130
124
116
105
93
79
64
50
36
23
12
3
-3
-8
-11
-13
-12
-11
-10
-8
-7
-7
-8
-11
-15
-20
-26
-33
-41
-48
-54
-60
-64
-66
-67
-66
-63
-58
-53
-46
-38
-29
-20
-11
-2
5
13
20
27
32
36
40
42
44
45
46
46
46
45
44
42
40
37
33
29
24
19
14
9
4
1
-1
-4
-5
-5
-5
-5
-4
-3
-2
-2
-2
-3
-5
-7
-11
-16
-21
-27
-32
-38
-42
-46
-49
-49
-49
-46
-43
-37
-31
-23
-15
-7
1
10
18
25
31
37
40
43
44
43
42
40
37
34
31
28
27
26
26
27
29
32
34
37
39
40
39
37
34
29
23
15
7
0
-8
-15
-22
-27
-31
-34
-35
-35
-35
-34
-32
-30
-28
-25
-23
-21
-19
-16
-15
-13
-11
-9
-7
-4
-1
2
7
13
19
25
32
39
46
53
59
65
70
74
77
79
80
80
79
76
73
68
63
57
50
43
34
26
16
5
-5
-17
-29
-43
-56
-69
-82
-94
-105
-114
-121
-127
-130
-132
-131
-129
-126
-120
-114
-106
-97
-87
-76
-65
-53
-41
-29
-19
-9
-1
5
9
12
13
12
10
7
3
1
0
0
0
4
11
19
29
40
51
63
75
86
95
103
108
112
113
112
109
103
95
84
73
60
46
32
18
4
-7
-18
-27
-34
-39
-42
-44
-43
-42
-39
-36
-33
-31
-30
-30
-33
-38
-45
-54
-64
-76
-87
-98
-108
-116
-121
-123
-122
-117
-108
-96
-82
-64
-45
-25
-4
15
35
53
69
83
94
103
109
113
114
114
111
108
103
98
93
87
82
77
71
66
61
56
51
45
39
33
26
19
11
3
-5
-13
-21
-29
-37
-44
-50
-55
-58
-61
-61
-61
-59
-55
-50
-45
-39
-33
-28
-23
-20
-18
-19
-21
-25
-31
-39
-47
-57
-66
-75
-84
-91
-97
-101
-102
-101
-97
-90
-81
-70
-58
-44
-31
-18
-5
4
13
20
24
27
28
29
28
28
29
32
37
44
54
67
83
101
120
141
162
182
200
216
228
236
240
240
235
225
212
195
175
152
128
103
78
53
29
7
-13
-33
-50
-66
-79
-90
-100
-108
-114
-118
-120
-122
-122
-121
-120
-118
-117
-117
-117
-118
-120
-123
-126
-129
-132
-136
-138
-140
-141
-142
-142
-141
-138
-135
-131
-126
-120
-113
-105
-97
-89
-80
-71
-62
-54
-46
-39
-32
-26
-21
-17
-13
-10
-8
-5
-3
0
4
10
18
28
40
56
74
94
117
141
166
191
216
238
259
276
289
297
299
297
289
276
258
236
211
184
155
126
98
71
47
25
6
-9
-22
-33
-42
-49
-55
-61
-66
-72
-79
-85
-93
-101
-109
-116
-123
-129
-134
-136
-137
-136
-133
-129
-122
-114
-105
-95
-85
-75
-65
-56
-49
-44
-42
-42
-44
-49
-56
-65
-74
-84
-92
-99
-104
-105
-104
-98
-88
-75
-59
-41
-20
0
21
41
59
75
86
94
96
95
89
78
64
47
27
6
-15
-36
-55
-71
-84
-92
-95
-93
-85
-73
-56
-36
-14
8
32
54
75
94
110
124
134
142
147
150
151
151
149
147
144
141
137
133
128
123
118
111
105
97
88
77
66
52
38
21
3
-15
-35
-56
-77
-98
-119
-138
-154
-168
-178
-183
-184
-180
-170
-155
-136
-114
-89
-63
-37
-12
9
28
42
51
55
53
47
36
22
5
-12
-30
-47
-62
-73
-81
-84
-82
-76
-66
-52
-35
-16
3
23
43
60
75
87
96
100
101
99
94
86
77
66
55
44
33
23
14
6
0
-3
-6
-7
-8
-8
-7
-7
-7
-7
-9
-11
-15
-20
-26
-33
-40
-48
-55
-61
-67
-72
-75
-77
-78
-77
-74
-70
-64
-56
-47
-36
-25
-12
0
11
22
32
40
46
50
51
50
47
42
36
29
21
13
5
0
-6
-10
-12
-13
-11
-8
-3
2
9
17
26
34
43
51
58
65
70
75
78
79
78
76
73
68
61
54
46
39
32
25
20
16
13
12
12
14
17
20
25
30
34
38
42
44
45
44
41
36
29
21
11
0
-10
-22
-34
-46
-57
-67
-76
-83
-89
-94
-97
-98
-98
-97
-95
-92
-88
-83
-78
-73
-67
-60
-54
-47
-41
-35
-29
-23
-18
-14
-10
-6
-2
1
6
11
18
25
33
43
53
63
73
83
92
99
104
107
108
105
101
94
84
74
62
51
39
28
18
9
1
-5
-11
-16
-20
-24
-28
-32
-36
-39
-43
-47
-51
-55
-58
-61
-63
-64
-64
-63
-61
-57
-52
-46
-40
-32
-24
-16
-8
0
7
15
22
28
33
36
39
40
39
38
34
30
25
19
13
7
2
-2
-5
-8
-10
-12
-13
-13
-14
-14
-15
-15
-16
-17
-18
-19
-20
-21
-21
-22
-21
-20
-18
-14
-9
-3
4
12
22
32
42
51
60
68
74
79
82
84
84
83
80
76
71
65
58
51
43
34
25
16
6
-2
-12
-23
-33
-43
-52
-62
-70
-78
-84
-89
-93
-95
-95
-94
-92
-89
-86
-81
-76
-72
-67
-62
-58
-54
-50
-47
-43
-40
-36
-33
-29
-25
-21
-17
-13
-9
-6
-2
0
2
4
6
7
7
7
6
4
2
0
-4
-8
-12
-16
-19
-22
-24
-25
-25
-24
-22
-18
-14
-9
-3
2
9
15
21
27
32
36
40
43
45
46
47
48
48
48
48
47
47
46
46
45
45
44
44
44
44
45
45
45
45
45
44
43
42
40
38
36
33
30
27
23
19
14
9
3
-2
-9
-16
-23
-31
-38
-44
-49
-53
-56
-57
-56
-53
-48
-41
-33
-23
-12
-1
10
20
30
38
45
51
54
56
56
55
52
48
44
38
32
26
19
13
6
0
-4
-9
-13
-17
-19
-22
-23
-25
-26
-28
-30
-32
-35
-38
-41
-45
-48
-52
-55
-58
-60
-62
-62
-62
-61
-58
-55
-50
-44
-36
-29
-20
-12
-3
5
13
21
29
36
43
49
54
59
63
65
66
66
65
62
58
53
47
40
33
26
