98
118
137
152
165
173
178
178
173
164
150
133
110
84
54
20
-15
-54
-95
-138
-180
-221
-260
-296
-328
-354
-374
-387
-393
-392
-383
-367
-344
-316
-283
-245
-204
-161
-117
-72
-28
13
52
88
121
150
174
194
210
223
232
238
242
244
245
244
242
240
236
231
224
216
206
194
179
162
142
121
99
76
53
30
9
-10
-26
-40
-50
-57
-59
-59
-55
-49
-42
-35
-28
-23
-19
-18
-20
-23
-29
-35
-42
-47
-51
-53
-52
-49
-43
-34
-24
-13
-2
7
16
22
26
26
23
16
7
-4
-18
-33
-49
-64
-78
-90
-100
-107
-111
-112
-111
-106
-99
-89
-77
-63
-47
-28
-7
17
44
74
108
145
184
225
267
308
349
387
421
449
471
485
489
484
468
443
408
363
311
251
187
120
51
-17
-83
-146
-203
-254
-298
-334
-363
-383
-397
-404
-406
-403
-396
-387
-375
-362
-348
-333
-317
-302
-286
-270
-254
-237
-221
-205
-189
-173
-156
-141
-125
-109
-94
-80
-66
-53
-41
-29
-19
-10
-3
2
6
8
8
6
1
-3
-11
-19
-27
-35
-42
-48
-51
-50
-46
-36
-22
-3
21
52
87
127
171
217
265
312
358
402
441
474
501
520
530
530
521
501
471
432
383
327
264
197
125
53
-18
-88
-153
-212
-265
-308
-343
-368
-382
-387
-382
-369
-349
-322
-291
-257
-221
-186
-151
-120
-92
-68
-48
-33
-23
-17
-15
-17
-21
-29
-38
-48
-59
-70
-80
-89
-97
-102
-105
-105
-102
-97
-88
-78
-66
-52
-37
-23
-9
2
13
20
25
27
27
24
19
13
7
1
-3
-5
-5
-1
4
14
27
43
60
79
97
116
134
150
165
179
191
201
210
217
223
227
230
230
228
223
215
204
189
170
147
121
93
62
31
0
-31
-59
-85
-107
-124
-137
-145
-148
-147
-142
-134
-124
-113
-102
-92
-83
-78
-75
-76
-80
-86
-94
-103
-112
-120
-125
-128
-127
-122
-113
-100
-84
-65
-44
-21
1
24
46
66
83
98
110
119
124
126
124
119
111
101
88
73
56
39
21
4
-12
-26
-39
-50
-58
-62
-64
-62
-57
-50
-41
-29
-17
-3
9
23
35
46
55
63
67
70
69
65
59
50
39
26
11
-3
-19
-35
-51
-65
-78
-89
-99
-108
-114
-119
-122
-124
-123
-121
-116
-109
-101
-90
-78
-64
-49
-34
-20
-7
3
11
16
17
14
7
-2
-15
-28
-42
-55
-66
-74
-78
-78
-73
-64
-50
-34
-14
6
28
50
71
91
107
121
131
138
140
139
135
127
117
104
90
74
57
39
21
3
-13
-30
-44
-57
-67
-74
-78
-77
-71
-62
-48
-31
-10
11
35
58
81
103
121
137
150
159
165
167
166
162
155
145
133
119
103
85
67
48
28
10
-7
-23
-37
-48
-56
-62
-64
-62
-58
-51
-43
-33
-24
-15
-7
-2
0
0
-3
-8
-16
-24
-32
-38
-42
-42
-38
-30
-16
1
23
47
74
101
126
148
165
176
180
175
162
139
109
71
26
-22
-75
-129
-183
-235
-283
-326
-363
-391
-411
-421
-421
-410
-390
-360
-321
-274
-222
-165
-106
-46
10
64
113
154
187
211
225
229
225
212
193
169
142
114
87
62
41
25
16
13
17
27
42
62
84
108
132
154
173
188
198
202
200
192
178
159
136
110
82
53
24
-2
-28
-51
-70
-86
-99
-108
-115
-118
-120
-120
-118
-115
-111
-107
-102
-96
-89
-82
-75
-67
-59
-52
-46
-41
-38
-37
-39
-43
-50
-59
-71
-83
-97
-110
-122
-132
-138
-141
-139
-133
-122
-106
-88
-66
-44
-22
-2
15
29
39
44
45
43
37
29
20
10
0
-7
-14
-19
-21
-20
-17
-12
-4
4
14
26
37
49
60
69
78
85
90
94
96
96
95
92
89
86
82
78
75
72
70
69
68
68
68
68
67
64
60
53
45
34
21
7
-7
-23
-37
-50
-61
-68
-71
-69
-63
-52
-37
-18
2
24
47
67
86
100
110
115
115
110
100
86
68
49
28
6
-13
-31
-46
-57
-63
-65
-61
-53
-39
-22
-2
20
43
67
90
111
130
145
156
162
164
161
153
140
123
101
75
46
16
-14
-45
-74
-100
-122
-139
-151
-158
-159
-154
-145
-131
-115
-96
-76
-57
-39
-24
-12
-6
-4
-8
-18
-33
-53
-77
-104
-132
-162
-190
-217
-241
-262
-277
-288
-293
-292
-284
-271
-252
-227
-197
-163
-125
-85
-42
0
43
84
124
161
195
224
249
269
284
293
297
296
289
277
261
240
217
191
163
135
108
82
59
38
20
4
-7
-17
-26
-33
-41
-49
-58
-68
-79
-92
-106
-120
-134
-146
-157
-165
-170
-172
-169
-162
-151
-137
-120
-101
-80
-59
-39
-20
-3
11
22
31
37
40
41
40
38
35
32
29
27
26
26
27
29
31
33
35
37
38
37
35
31
26
20
13
5
-2
-11
-19
-26
-33
-38
-43
-46
-49
-51
-53
-53
-53
-52
-51
-48
-44
-38
-31
-22
-10
3
20
40
63
88
116
145
175
206
235
262
287
307
322
332
336
333
324
310
289
264
234
202
167
131
96
61
29
-1
-28
-52
-74
-92
-109
-123
-135
-146
-156
-165
-173
-180
-187
-192
-196
-197
-196
-191
-183
-171
-156
-138
-116
-93
-68
-43
-18
3
23
38
50
56
56
52
42
27
8
-12
-36
-61
-86
-109
-129
-146
-158
-166
-168
-165
-156
-143
-125
-104
-81
-56
-31
-6
17
39
58
74
87
97
104
108
109
109
107
104
101
97
92
88
84
79
75
69
64
57
50
43
34
25
15
5
-4
-14
-23
-31
-38
-44
-48
-51
-52
-52
-51
-49
-47
-44
-41
-39
-37
-35
-35
-35
-35
-37
-39
-42
-46
-49
-53
-57
-60
-62
-64
-64
-62
-60
-55
-50
-43
-36
-28
-19
-11
-2
5
12
19
25
29
31
32
31
27
22
14
4
-6
-19
-33
-47
-61
-74
-87
-100
-111
-120
-128
-135
-138
-140
-138
-133
-124
-112
-96
-76
-53
-26
2
34
67
101
135
168
198
224
246
261
270
271
264
250
228
199
164
125
83
40
-1
-42
-78
-110
-136
-155
-167
-172
-170
-161
-147
-128
-105
-79
-51
-22
6
34
62
88
112
133
152
167
180
190
196
200
200
198
193
185
175
164
151
137
123
109
96
84
74
65
59
55
53
52
53
55
57
59
60
59
57
52
46
38
27
15
2
-10
-24
-37
-48
-57
-63
-66
-66
-63
-56
-46
-34
-20
-5
9
24
38
49
59
66
69
69
65
58
47
33
17
-2
-23
-45
-68
-91
-113
-134
-153
-170
-184
-196
-204
-210
-213
-213
-210
-204
-197
-187
-175
-161
-146
-130
-113
-95
-77
-60
-43
-27
-13
-1
8
15
19
20
18
13
6
0
-9
-17
-24
-30
-34
-36
-35
-32
-27
-20
-12
-3
5
14
23
30
36
40
42
42
41
37
32
26
19
12
5
-1
-7
-11
-13
-13
-10
-5
1
10
22
34
47
60
72
83
93
100
106
109
109
108
105
101
95
88
79
70
60
49
37
24
10
-3
-17
-32
-47
-62
-77
-92
-107
-121
-134
-148
-160
-172
-184
-195
-206
-216
-225
-233
-239
-244
-247
-247
-243
-236
-224
-208
-187
-160
-130
-95
-57
-16
24
65
105
141
173
199
220
235
243
244
240
231
218
201
182
161
139
117
94
71
48
24
1
-22
-45
-67
-87
-106
-121
-132
-138
-139
-134
-122
-105
-83
-56
-25
6
40
73
104
132
156
175
189
197
201
200
194
185
173
158
142
125
107
89
71
54
38
23
10
0
-10
-18
-25
-30
-34
-37
-39
-40
-41
-41
-40
-39
-37
-34
-31
-26
-21
-16
-9
-2
5
14
22
30
38
45
51
55
57
58
56
53
48
42
36
29
23
17
13
10
8
8
9
11
13
15
17
17
16
13
8
1
-7
-17
-29
-42
-54
-67
-78
-87
-93
-97
-97
-94
-87
-77
-63
-47
-29
-10
9
28
47
64
78
90
100
106
110
111
110
107
103
98
94
89
85
82
79
77
75
72
69
65
59
51
42
31
18
4
-10
-26
-40
-54
-67
-77
-86
-91
-95
-96
-95
-92
-89
-85
-81
-77
-74
-72
-71
-71
-72
-72
-73
-72
-70
-67
-61
-53
-44
-33
-22
-12
-3
2
3
1
-6
-18
-34
-54
-76
-98
-118
-137
-151
-161
-164
-162
-154
-141
-123
-100
-75
-48
-21
6
32
57
80
100
117
132
143
150
154
154
151
144
134
122
107
92
75
59
43
29
18
10
4
2
4
7
14
21
30
39
47
53
57
59
58
53
45
34
20
3
-14
-34
-55
-76
-98
-118
-138
-155
-170
-182
-191
-196
-198
-196
-190
-180
-167
-152
-135
-117
-98
-80
-62
-46
-32
-19
-9
-2
3
7
8
9
8
7
5
4
4
5
7
12
18
27
37
48
60
73
86
100
113
126
139
151
164
177
191
204
217
230
242
252
261
266
269
267
261
249
232
208
179
145
106
63
17
-29
-75
-121
-163
-201
-233
-259
-279
-292
-298
-298
-292
-281
-267
-251
-233
-214
-196
-179
-164
-150
-139
-129
-122
-116
-112
-109
-108
-107
-106
-106
-106
-106
-106
-106
-105
-104
-102
-99
-95
-89
-81
-71
-58
-42
-23
-1
23
51
81
112
144
175
204
229
250
266
276
280
277
270
257
241
222
202
183
165
149
136
128
122
120
120
121
123
125
125
121
115
105
91
74
54
31
8
-14
-36
-56
-73
-86
-96
-101
-102
-100
-96
-89
-82
-75
-69
-63
-60
-58
-57
-58
-59
-61
-62
-62
-61
-58
-54
-49
-43
-36
-29
-22
-16
-11
-7
-4
-2
-2
-2
-3
-4
-5
-6
-7
-7
-6
-5
-3
-1
1
3
4
4
2
-1
-7
-16
-27
-39
-53
-68
-82
-95
-106
-115
-120
-123
-121
-116
-107
-94
-77
-58
-36
-12
13
40
67
93
118
142
164
183
199
212
221
226
228
225
219
210
197
182
164
146
127
107
88
70
52
35
20
5
-8
-22
-34
-45
-56
-65
-73
-79
-83
-84
-84
-81
-76
-69
-61
-51
-41
-30
-20
-11
-3
2
6
9
10
9
8
6
3
0
-2
-5
-8
-11
-14
-18
-21
-25
-30
-35
-40
-46
-52
-57
-63
-68
-73
-76
-78
-79
-79
-77
-73
-68
-62
-55
-47
-40
-33
-27
-22
-19
-16
-15
-14
-14
-14
-15
-14
-14
-12
-9
-6
-2
2
6
10
13
15
16
14
11
6
0
-7
-14
-21
-26
-29
-29
-26
-19
-10
2
16
33
49
66
80
93
103
110
114
113
110
103
94
83
71
58
45
32
