-47
-35
-23
-10
1
13
24
33
41
47
53
57
62
66
71
76
82
89
96
103
109
114
117
117
115
109
100
88
73
57
39
21
4
-10
-23
-32
-38
-41
-40
-35
-29
-20
-11
-2
5
11
13
12
8
0
-11
-26
-42
-58
-74
-87
-97
-101
-100
-92
-77
-55
-27
5
42
82
122
161
198
231
260
283
300
310
314
312
303
290
271
248
222
192
161
127
93
58
24
-10
-43
-75
-106
-135
-162
-187
-210
-229
-246
-260
-270
-278
-283
-284
-283
-280
-274
-266
-256
-245
-232
-220
-207
-195
-183
-174
-166
-160
-158
-157
-160
-166
-174
-184
-197
-211
-227
-243
-258
-273
-287
-298
-306
-310
-310
-304
-292
-274
-249
-218
-180
-137
-88
-36
17
73
129
183
235
281
322
357
384
403
413
416
411
399
381
358
332
304
275
246
219
195
174
156
142
131
123
117
111
106
100
93
84
72
58
41
23
3
-16
-36
-55
-71
-84
-92
-97
-96
-91
-82
-68
-52
-34
-14
4
22
38
51
60
65
65
61
52
39
22
3
-19
-43
-69
-95
-120
-143
-165
-183
-198
-208
-214
-215
-212
-204
-192
-177
-158
-138
-115
-92
-68
-45
-22
-1
18
34
48
59
66
69
69
66
60
52
42
31
20
8
-1
-11
-18
-23
-25
-24
-20
-14
-4
6
19
34
48
61
73
83
90
94
94
91
85
77
67
55
43
31
21
12
6
2
1
3
8
17
28
41
57
75
94
114
134
155
175
194
212
229
243
255
265
272
276
276
273
267
257
243
226
206
184
159
134
107
81
56
33
11
-8
-26
-41
-55
-66
-77
-86
-94
-102
-109
-117
-125
-134
-144
-156
-168
-182
-197
-212
-228
-242
-256
-269
-279
-288
-294
-298
-299
-298
-295
-290
-282
-272
-260
-247
-231
-215
-197
-178
-159
-139
-121
-103
-87
-73
-61
-52
-47
-45
-47
-52
-62
-74
-90
-109
-129
-149
-170
-188
-203
-213
-218
-216
-206
-187
-161
-127
-85
-37
15
70
128
184
238
288
332
369
398
419
432
438
436
427
413
395
374
352
329
307
286
267
252
239
229
221
215
211
205
199
191
180
164
144
120
90
56
19
-21
-65
-108
-152
-193
-232
-266
-294
-315
-329
-334
-332
-321
-303
-277
-246
-210
-170
-128
-84
-40
2
43
82
117
147
173
193
206
213
214
207
193
173
146
114
78
37
-5
-50
-94
-136
-175
-210
-238
-260
-273
-277
-273
-261
-241
-214
-183
-147
-110
-73
-37
-4
24
48
67
80
89
92
91
87
80
71
62
52
43
36
30
26
25
26
29
35
43
52
63
74
85
96
105
112
116
117
114
107
96
80
61
38
11
-17
-47
-80
-112
-143
-173
-198
-220
-235
-243
-242
-233
-214
-186
-149
-104
-52
5
66
129
191
251
307
356
398
432
455
469
473
468
453
431
402
367
327
285
240
194
149
105
62
22
-13
-46
-76
-101
-122
-139
-153
-162
-168
-171
-170
-168
-162
-155
-147
-137
-127
-117
-108
-100
-94
-91
-91
-95
-102
-113
-128
-145
-165
-186
-209
-231
-252
-272
-289
-303
-313
-319
-320
-317
-309
-297
-281
-261
-238
-214
-188
-163
-138
-115
-95
-79
-66
-56
-51
-48
-49
-51
-53
-56
-57
-56
-51
-43
-31
-15
4
26
50
76
101
124
145
162
175
183
186
185
180
172
162
151
141
131
124
119
118
120
126
135
147
161
176
193
209
224
237
248
256
260
260
256
249
239
225
209
191
171
150
128
106
83
60
37
14
-7
-29
-50
-69
-87
-103
-116
-126
-133
-138
-139
-138
-135
-130
-124
-118
-112
-106
-101
-98
-96
-96
-96
-97
-99
-102
-104
-105
-106
-106
-104
-101
-96
-90
-83
-74
-66
-56
-47
-39
-30
-22
-15
-8
-2
4
10
15
21
27
33
39
44
49
53
56
58
58
57
54
49
42
34
24
14
3
-7
-18
-29
-39
-48
-55
-62
-67
-70
-72
-72
-71
-68
-64
-58
-52
-45
-38
-31
-24
-17
-12
-8
-5
-3
-3
-4
-7
-11
-17
-25
-34
-45
-56
-68
-79
-89
-97
-103
-105
-103
-96
-84
-66
-43
-14
18
55
94
136
177
217
255
289
318
341
358
367
370
365
353
335
311
283
251
217
182
147
112
79
48
21
-3
-25
-43
-58
-70
-79
-85
-89
-90
-89
-85
-80
-73
-65
-56
-47
-38
-29
-22
-17
-14
-15
-18
-25
-35
-48
-65
-83
-104
-127
-150
-173
-195
-216
-234
-250
-262
-270
-274
-273
-268
-259
-246
-228
-207
-183
-156
-128
-98
-68
-39
-11
14
37
57
74
87
97
103
107
108
107
104
100
94
87
80
71
61
51
41
30
19
9
0
-7
-13
-17
-19
-18
-15
-10
-1
8
21
35
50
66
81
96
109
121
131
138
143
146
147
145
143
139
135
130
127
124
124
125
129
134
142
150
160
170
179
186
192
194
193
187
177
162
142
118
90
58
24
-12
-50
-88
-126
-161
-195
-225
-251
-274
-292
-305
-314
-318
-318
-314
-306
-295
-281
-265
-248
-229
-208
-188
-167
-146
-125
-105
-86
-68
-51
-34
-20
-6
4
14
22
27
30
30
28
24
18
10
1
-8
-18
-28
-37
-45
-51
-55
-56
-54
-49
-40
-28
-12
5
26
48
70
93
115
135
153
168
180
189
194
197
197
194
190
183
175
166
155
144
131
117
102
86
68
49
29
10
-9
-27
-44
-58
-69
-75
-78
-77
-71
-62
-50
-35
-20
-5
9
21
31
36
38
35
27
15
0
-20
-41
-64
-87
-110
-131
-149
-165
-177
-185
-189
-190
-187
-181
-172
-162
-150
-138
-125
-113
-102
-93
-84
-77
-71
-65
-61
-57
-52
-47
-42
-35
-28
-19
-9
2
15
29
45
61
78
96
114
131
148
163
176
186
192
195
194
188
177
162
142
120
95
68
41
15
-8
-30
-49
-63
-73
-78
-79
-76
-70
-60
-47
-33
-18
-3
10
23
33
41
46
48
48
47
44
41
39
37
38
42
48
57
69
84
101
120
140
161
181
200
217
230
239
244
244
238
227
211
192
169
145
119
93
67
44
22
3
-12
-26
-37
-46
-52
-55
-57
-57
-55
-52
-48
-43
-37
-30
-23
-16
-10
-4
0
1
1
-1
-7
-17
-31
-49
-71
-96
-125
-156
-188
-221
-254
-285
-314
-341
-363
-381
-395
-403
-406
-404
-396
-382
-363
-339
-310
-277
-240
-201
-160
-118
-78
-39
-3
28
55
77
93
103
107
107
102
93
82
68
52
35
17
0
-16
-33
-47
-59
-69
-74
-75
-71
-61
-45
-24
2
34
70
108
148
188
227
263
295
322
342
355
360
357
346
328
302
271
235
195
152
109
65
23
-15
-52
-84
-111
-133
-150
-161
-167
-168
-165
-157
-146
-133
-118
-103
-88
-74
-62
-51
-44
-40
-39
-41
-46
-54
-64
-75
-87
-98
-109
-117
-122
-125
-124
-119
-111
-101
-88
-74
-59
-44
-30
-17
-7
1
8
13
16
19
20
22
24
26
30
35
40
47
55
62
70
76
83
88
92
95
97
99
99
100
100
100
100
100
100
100
99
99
97
95
92
88
83
77
71
64
58
51
45
40
36
32
29
28
27
27
29
31
35
41
48
57
68
81
95
111
127
143
159
172
184
192
197
197
193
184
170
151
129
102
73
43
11
-18
-47
-73
-96
-114
-126
-134
-137
-135
-128
-119
-107
-94
-82
-71
-62
-57
-56
-59
-67
-79
-95
-113
-134
-155
-174
-189
-199
-202
-197
-184
-163
-135
-102
-67
-31
1
31
56
75
89
98
102
102
100
96
91
86
82
78
76
75
74
73
72
70
67
61
53
42
28
11
-7
-29
-52
-75
-98
-120
-140
-156
-169
-176
-178
-175
-165
-151
-131
-106
-78
-48
-17
14
45
74
99
121
139
152
159
162
160
152
140
124
104
81
55
28
0
-27
-54
-80
-103
-124
-141
-156
-167
-174
-178
-179
-176
-171
-164
-156
-145
-134
-123
-111
-99
-88
-77
-66
-56
-46
-37
-29
-22
-16
-10
-5
-1
2
7
11
16
22
28
35
43
52
60
69
76
82
87
90
90
89
85
80
73
65
57
48
40
33
28
24
23
24
28
34
42
52
64
76
89
102
114
126
136
144
151
155
157
155
151
144
133
119
101
80
55
28
-1
-33
-66
-99
-132
-162
-190
-215
-234
-248
-255
-256
-251
-239
-221
-198
-171
-141
-108
-75
-42
-11
18
46
70
92
111
127
140
150
159
166
172
177
181
185
187
188
187
184
179
171
159
145
127
105
81
55
27
0
-28
-55
-81
-103
-122
-137
-149
-157
-161
-163
-162
-159
-154
-149
-144
-138
-133
-128
-123
-118
-113
-107
-102
-96
-89
-81
-73
-64
-54
-42
-30
-17
-2
11
26
41
55
68
80
89
97
102
105
105
102
98
91
83
73
63
51
40
28
17
8
0
-7
-13
-17
-19
-20
-19
-17
-14
-10
-6
-1
4
9
14
18
21
23
24
23
21
17
13
8
2
-3
-8
-14
-19
-23
-27
-30
-32
-33
-33
-32
-30
-27
-24
-20
-16
-11
-5
0
5
11
18
24
30
36
40
45
47
49
50
49
47
44
39
34
27
20
13
5
-2
-10
-18
-25
-31
-36
-40
-43
-45
-46
-46
-46
-45
-44
-42
-40
-39
-37
-35
-34
-32
-31
-31
-30
-30
-30
-31
-31
-31
-30
-29
-27
-24
-20
-15
-8
-1
7
16
26
35
45
53
60
65
68
68
66
62
55
45
35
22
9
-4
-18
-31
-44
-56
-67
-76
-85
-92
-98
-102
-104
-105
-104
-101
-96
-88
-79
-68
-54
-40
-24
-7
9
26
43
60
75
89
103
114
125
133
141
146
150
152
152
150
145
138
129
118
103
87
69
49
28
6
-15
-36
-57
-75
-91
-104
-113
-119
-120
-118
-113
-104
-93
-80
-65
-51
-36
-22
-9
1
10
18
24
28
30
31
31
30
29
27
25
23
21
20
19
19
19
20
21
21
21
20
18
14
8
0
-8
-19
-32
-45
-58
-71
-84
-94
-103
-109
-112
-112
-108
-102
-92
-79
-64
-48
-31
-14
2
18
32
45
55
64
70
74
77
78
79
79
79
79
79
80
81
82
83
83
83
82
80
77
73
69
63
57
51
45
38
32
27
21
15
10
4
0
-6
-12
-18
-25
-31
-38
-44
-50
-56
-60
-63
-65
-65
-64
-61
-57
-52
-46
-40
-33
-27
-21
-16
-11
-7
-4
-2
0
0
0
0
-1
-1
-2
-2
-1
0
4
9
15
23
31
40
49
58
66
73
79
82
84
85
84
81
78
74
69
64
