20
19
19
19
20
21
22
24
26
28
30
31
33
33
33
32
30
26
21
13
4
-5
-17
-30
-43
-57
-70
-82
-93
-102
-110
-115
-119
-120
-119
-117
-112
-106
-99
-90
-81
-71
-61
-51
-40
-30
-19
-9
1
11
21
32
42
53
63
73
83
93
102
110
116
121
123
124
121
116
108
97
84
69
53
36
18
1
-15
-30
-44
-56
-65
-72
-75
-77
-75
-71
-65
-57
-48
-38
-28
-18
-9
0
5
9
12
12
10
6
0
-6
-14
-22
-31
-40
-47
-53
-58
-61
-63
-62
-60
-56
-50
-44
-37
-30
-22
-15
-7
-1
4
10
15
18
21
24
25
26
26
26
25
23
22
20
18
16
14
12
10
9
8
7
7
7
8
9
11
14
18
22
27
33
39
46
52
59
64
69
71
71
69
64
56
45
33
18
2
-14
-31
-48
-64
-78
-89
-98
-104
-106
-105
-101
-93
-84
-72
-58
-44
-29
-14
0
12
24
35
44
51
57
61
65
67
68
68
68
67
65
63
61
58
55
52
48
45
41
37
34
31
28
26
25
24
23
22
21
20
18
14
10
4
-1
-9
-18
-26
-35
-43
-51
-58
-63
-66
-68
-68
-66
-63
-58
-52
-44
-36
-27
-18
-8
0
9
17
24
31
36
39
41
41
39
34
28
21
12
2
-7
-16
-25
-32
-38
-43
-46
-48
-48
-47
-45
-42
-39
-35
-31
-27
-22
-17
-12
-7
-2
2
6
9
12
13
13
12
10
6
2
-1
-5
-8
-10
-10
-8
-3
3
13
25
39
54
70
86
100
113
123
130
133
132
127
118
105
90
72
53
34
16
0
-13
-24
-31
-35
-35
-32
-26
-17
-7
3
15
27
39
49
57
64
69
71
71
68
62
54
43
31
16
1
-14
-30
-46
-61
-74
-86
-96
-104
-109
-113
-114
-113
-110
-104
-96
-86
-74
-61
-46
-31
-15
0
15
29
42
53
61
68
71
71
69
63
54
43
29
13
-4
-22
-40
-58
-76
-92
-107
-120
-131
-140
-147
-152
-154
-155
-153
-149
-144
-137
-128
-119
-108
-96
-84
-72
-61
-49
-39
-29
-21
-13
-7
-2
1
5
9
13
18
24
31
39
49
59
70
80
90
97
102
103
100
93
81
65
44
21
-4
-30
-56
-80
-102
-120
-132
-140
-142
-138
-128
-114
-95
-72
-46
-17
12
43
74
103
131
156
178
196
210
219
222
220
214
202
187
167
145
121
95
70
45
23
2
-15
-31
-43
-53
-60
-64
-67
-67
-66
-64
-62
-58
-54
-50
-46
-43
-40
-39
-38
-38
-39
-42
-45
-48
-52
-56
-60
-64
-67
-68
-69
-68
-65
-61
-54
-45
-35
-23
-11
1
12
23
31
37
40
39
35
28
18
5
-7
-22
-36
-49
-60
-69
-75
-78
-77
-72
-64
-54
-40
-25
-9
7
25
42
59
75
90
104
116
126
135
143
149
153
157
159
161
162
161
160
158
154
148
141
132
121
108
93
76
58
39
19
-1
-21
-41
-60
-78
-94
-107
-118
-125
-129
-130
-127
-121
-111
-98
-82
-65
-46
-26
-7
11
28
43
56
66
73
76
76
73
67
58
48
37
25
13
2
-8
-17
-24
-30
-34
-35
-34
-31
-27
-20
-13
-5
3
11
18
25
30
34
37
38
39
39
38
36
35
32
30
26
21
15
7
-2
-14
-28
-44
-61
-79
-96
-113
-129
-142
-152
-158
-161
-160
-155
-147
-137
-124
-111
-96
-81
-67
-53
-40
-28
-17
-8
0
6
11
16
19
21
22
22
22
21
21
21
20
20
19
19
18
17
15
14
12
11
10
10
10
12
16
21
28
37
47
59
72
85
99
112
123
133
140
144
145
143
136
126
113
96
78
57
36
15
-5
-25
-43
-58
-70
-80
-87
-91
-92
-91
-88
-84
-79
-72
-66
-59
-52
-44
-37
-30
-22
-15
-8
-1
5
12
19
25
31
37
42
46
50
53
56
59
61
62
64
64
64
62
59
55
49
42
34
24
14
4
-5
-14
-22
-28
-33
-36
-37
-36
-35
-32
-29
-26
-24
-23
-24
-28
-33
-41
-51
-63
-77
-93
-109
-125
-141
-156
-169
-181
-189
-194
-195
-192
-186
-175
-161
-143
-123
-101
-78
-54
-31
-8
13
33
50
65
77
86
93
97
99
99
97
94
90
85
79
74
68
63
58
54
51
48
47
47
48
51
56
63
72
82
95
109
124
139
154
169
180
190
195
196
193
185
172
155
134
111
86
60
34
9
-12
-32
-48
-60
-69
-73
-74
-71
-66
-58
-49
-40
-31
-23
-17
-12
-10
-11
-13
-18
-24
-31
-39
-47
-55
-62
-68
-72
-75
-78
-79
-81
-83
-86
-91
-98
-108
-120
-135
-152
-171
-193
-214
-236
-256
-273
-288
-298
-302
-301
-294
-282
-264
-240
-213
-183
-151
-118
-85
-53
-23
4
29
52
73
92
109
125
141
155
169
183
195
205
213
219
221
220
216
208
197
184
169
153
136
120
104
91
80
72
66
63
63
65
70
75
82
88
94
99
102
104
103
100
95
87
77
66
53
39
25
11
-1
-13
-23
-31
-37
-41
-43
-43
-42
-40
-37
-35
-34
-34
-36
-40
-45
-52
-61
-70
-81
-91
-101
-111
-119
-126
-131
-135
-137
-138
-137
-135
-132
-128
-123
-118
-111
-104
-96
-88
-80
-71
-61
-52
-42
-32
-22
-11
0
10
22
33
44
53
62
69
75
79
82
83
83
83
81
80
78
77
76
75
75
76
77
78
79
80
81
82
83
83
83
82
81
80
78
77
75
73
71
68
66
63
60
57
54
50
46
42
38
33
29
24
20
16
11
7
3
0
-4
-8
-11
-14
-16
-18
-19
-20
-20
-21
-21
-20
-20
-19
-18
-16
-14
-12
-10
-7
-3
0
4
8
13
18
23
28
32
35
37
39
39
37
34
30
24
18
11
3
-4
-12
-19
-27
-34
-41
-47
-53
-59
-64
-69
-73
-77
-80
-81
-82
-82
-80
-78
-74
-69
-64
-58
-51
-45
-38
-32
-26
-21
-17
-14
-12
-11
-11
-11
-13
-14
-16
-18
-19
-21
-22
-22
-23
-23
-23
-24
-24
-25
-26
-28
-31
-33
-37
-40
-43
-45
-47
-48
-46
-44
-39
-32
-24
-14
-3
9
22
35
49
62
75
86
96
105
112
118
122
124
125
125
123
120
116
111
104
97
88
78
67
56
43
31
18
5
-6
-18
-29
-40
-50
-58
-66
-73
-77
-81
-82
-82
-80
-75
-69
-61
-51
-40
-29
-17
-5
5
15
22
27
29
27
23
15
5
-7
-21
-36
-50
-64
-76
-86
-94
-99
-103
-104
-104
-103
-102
-101
-99
-99
-98
-97
-96
-94
-91
-86
-78
-68
-55
-38
-18
3
28
53
79
104
127
148
164
176
183
184
181
173
161
145
127
107
87
67
48
31
17
6
-1
-5
-6
-3
1
10
20
32
45
59
72
84
95
103
110
114
115
113
109
102
93
81
68
53
37
19
1
-17
-36
-55
-73
-91
-107
-122
-134
-145
-152
-157
-160
-159
-156
-151
-143
-133
-123
-111
-98
-86
-73
-62
-51
-41
-33
-27
-22
-19
-17
-17
-18
-20
-22
-24
-25
-26
-26
-24
-20
-15
-9
-2
5
14
23
31
39
46
52
57
60
62
62
61
58
54
48
42
35
27
19
11
4
-2
-9
-14
-19
-22
-23
-23
-22
-19
-14
-9
-2
4
12
20
27
35
41
46
50
52
52
50
47
42
36
28
20
11
2
-6
-15
-23
-30
-35
-38
-38
-37
-33
-27
-19
-10
0
9
17
25
30
32
32
30
24
16
7
-4
-16
-29
-42
-54
-67
-78
-88
-97
-104
-111
-116
-119
-121
-121
-119
-116
-110
-103
-93
-82
-70
-56
-41
-26
-11
4
18
31
43
54
63
70
75
79
81
81
80
78
74
70
66
61
57
53
50
49
48
49
50
53
55
57
59
60
59
56
52
46
37
27
15
3
-9
-21
-32
-41
-48
-52
-53
-51
-45
-38
-27
-16
-2
10
24
38
51
62
73
82
90
96
101
103
104
102
98
92
83
73
61
48
33
19
4
-9
-22
-34
-44
-52
-57
-61
-61
-60
-56
-50
-42
-34
-26
-17
-10
-4
0
2
2
0
-3
-8
-15
-23
-31
-40
-48
-54
-60
-63
-65
-64
-62
-58
-52
-46
-39
-33
-26
-21
-16
-12
-9
-7
-6
-6
-6
-7
-8
-8
-9
-10
-10
-10
-11
-11
-12
-13
-15
-17
-20
-23
-27
-30
-33
-35
-36
-37
-36
-34
-31
-27
-21
-15
-8
0
7
16
25
35
45
54
63
72
79
86
92
96
100
102
103
104
104
104
103
103
102
102
103
104
106
108
110
112
114
114
113
110
104
95
84
69
51
30
7
-18
-44
-72
-99
-126
-150
-173
-193
-210
-223
-232
-239
-242
-243
-241
-236
-230
-223
-214
-204
-193
-180
-167
-153
-138
-122
-104
-87
-68
-49
-30
-11
6
24
40
56
70
83
94
104
112
119
125
131
135
138
140
142
142
141
138
134
129
122
114
105
95
85
74
63
53
43
33
24
16
8
2
-3
-8
-12
-15
-17
-18
-18
-16
-13
-9
-4
0
6
13
18
23
27
28
28
24
19
11
0
-11
-25
-39
-54
-67
-80
-90
-98
-103
-104
-102
-96
-86
-74
-58
-41
-22
-2
16
35
52
67
79
88
95
98
98
95
90
83
75
66
56
46
37
29
22
16
12
9
8
7
6
6
5
3
1
0
-4
-8
-12
-17
-21
-24
-27
-29
-29
-29
-27
-24
-20
-15
-9
-2
4
11
18
24
30
35
39
41
41
39
35
29
20
11
0
-12
-24
-36
-48
-58
-67
-73
-77
-79
-78
-76
-71
-65
-59
-51
-44
-37
-30
-24
-18
-12
-7
-2
2
8
15
23
32
42
54
67
81
95
109
122
133
142
148
151
149
144
135
121
104
82
58
32
4
-23
-50
-76
-100
-120
-136
-148
-156
-160
-160
-156
-149
-140
-129
-117
-105
-93
-82
-71
-62
-54
-48
-43
-39
-36
-35
-34
-35
-35
-37
-38
-40
-41
-43
-44
-46
-47
-49
-50
-51
-53
-54
-55
-56
-57
-57
-56
-53
-50
-45
-39
-32
-23
-14
-4
5
14
23
32
38
44
49
53
55
58
60
62
65
68
72
77
83
90
98
106
115
123
130
136
140
142
142
139
133
126
116
106
94
83
72
62
53
46
41
38
36
35
34
34
32
29
24
17
7
-6
-22
-40
-61
-82
-104
-124
-143
-158
-170
-178
-180
-179
-173
-163
-150
-134
-117
-99
-81
-64
-49
-35
-24
-15
-8
-4
-2
-2
-3
-5
