25
29
31
33
34
34
33
33
33
33
34
36
38
40
43
45
48
50
51
52
53
54
54
55
55
55
54
54
53
51
49
44
39
31
21
9
-5
-22
-41
-61
-81
-102
-122
-140
-156
-170
-180
-186
-189
-189
-185
-178
-169
-158
-147
-136
-126
-118
-112
-108
-106
-107
-109
-113
-118
-122
-126
-127
-127
-124
-118
-108
-95
-78
-58
-35
-10
16
43
70
97
120
141
158
171
179
183
183
179
171
161
149
137
123
111
99
88
79
72
67
65
64
65
67
70
74
78
81
84
86
87
87
86
84
82
79
76
74
71
68
65
62
59
55
52
47
42
36
29
20
11
0
-11
-24
-37
-51
-64
-78
-90
-102
-112
-122
-129
-136
-141
-145
-148
-150
-151
-152
-152
-152
-152
-152
-152
-152
-152
-152
-152
-150
-149
-146
-142
-136
-129
-120
-109
-95
-79
-60
-39
-16
8
34
60
86
111
134
155
172
186
195
201
201
198
191
181
167
152
135
117
99
82
67
53
41
31
24
19
16
15
15
15
16
16
17
16
14
12
8
4
0
-6
-12
-18
-24
-30
-36
-42
-47
-52
-57
-63
-69
-75
-82
-90
-98
-107
-116
-125
-134
-142
-149
-154
-157
-157
-155
-150
-141
-130
-116
-101
-83
-66
-48
-31
-16
-3
6
13
17
19
18
17
14
13
12
14
18
25
36
51
69
90
113
137
161
184
205
223
237
246
250
247
239
225
206
183
157
129
100
72
46
22
2
-13
-25
-34
-38
-40
-39
-37
-35
-32
-30
-30
-30
-31
-33
-36
-38
-40
-40
-39
-37
-33
-27
-20
-13
-6
0
3
4
1
-5
-16
-32
-52
-76
-104
-133
-163
-192
-219
-242
-259
-270
-274
-269
-255
-233
-203
-166
-123
-75
-24
26
77
124
167
204
234
256
271
278
279
274
264
250
234
217
199
182
166
151
138
126
115
104
94
83
72
59
44
29
11
-7
-26
-47
-67
-86
-104
-119
-132
-142
-149
-151
-150
-146
-138
-126
-112
-96
-78
-59
-39
-20
-1
15
31
44
54
61
65
65
63
58
51
42
31
19
7
-4
-14
-24
-31
-37
-40
-42
-41
-39
-37
-35
-33
-33
-35
-39
-45
-53
-63
-74
-86
-97
-107
-115
-120
-123
-122
-117
-108
-96
-81
-63
-43
-21
0
22
43
62
79
92
103
109
112
112
108
102
94
84
74
65
56
49
44
41
41
42
45
49
54
59
63
65
66
64
60
52
43
30
16
1
-15
-30
-45
-58
-69
-77
-83
-86
-86
-84
-81
-77
-73
-69
-66
-63
-61
-60
-60
-60
-60
-61
-61
-60
-59
-58
-56
-54
-51
-49
-47
-46
-46
-46
-47
-49
-51
-53
-55
-56
-57
-57
-55
-52
-48
-43
-38
-31
-25
-19
-13
-8
-5
-2
0
0
0
0
-1
-1
-1
-1
0
1
3
7
12
18
26
35
45
57
69
81
94
106
117
127
134
139
141
140
135
126
115
102
86
70
54
39
26
16
10
7
9
14
23
34
48
63
79
94
108
119
128
134
137
135
130
122
111
97
81
64
46
28
11
-4
-19
-32
-42
-51
-56
-59
-60
-59
-55
-50
-44
-38
-33
-29
-28
-29
-34
-43
-55
-70
-88
-108
-128
-148
-167
-182
-194
-201
-203
-200
-191
-178
-159
-137
-112
-86
-59
-32
-7
16
36
54
68
78
86
91
93
93
92
90
87
85
83
82
81
81
81
81
81
80
79
77
74
71
67
62
57
52
47
43
38
34
31
29
28
28
28
29
31
33
34
35
35
34
31
26
20
12
2
-7
-18
-28
-39
-48
-57
-64
-70
-73
-75
-75
-74
-71
-66
-61
-55
-49
-44
-38
-34
-30
-27
-25
-24
-24
-24
-25
-27
-28
-30
-32
-35
-37
-39
-41
-42
-42
-41
-38
-34
-28
-21
-10
1
15
32
49
68
86
104
120
133
142
148
149
145
136
123
105
83
59
33
5
-22
-49
-75
-98
-118
-135
-148
-157
-161
-161
-157
-149
-139
-127
-114
-100
-87
-74
-63
-55
-48
-44
-42
-43
-47
-52
-60
-68
-77
-87
-96
-103
-110
-115
-117
-118
-117
-115
-111
-106
-101
-95
-88
-81
-73
-64
-55
-46
-35
-24
-13
-1
10
23
36
48
61
73
86
98
109
120
131
141
150
158
166
172
178
183
188
191
193
193
192
190
185
179
171
161
150
137
124
110
96
82
69
56
45
36
28
21
16
11
7
4
0
-3
-8
-14
-20
-27
-35
-42
-49
-57
-65
-72
-80
-88
-97
-106
-115
-124
-133
-143
-151
-159
-166
-171
-174
-175
-173
-169
-161
-151
-137
-121
-102
-81
-59
-35
-12
10
33
53
72
88
102
113
122
129
134
137
139
139
139
139
138
136
134
132
130
127
123
119
115
110
105
100
96
92
88
86
84
83
82
82
82
81
79
77
73
69
62
54
44
33
20
6
-8
-24
-41
-59
-76
-93
-108
-122
-133
-141
-145
-146
-143
-136
-125
-110
-93
-73
-53
-32
-12
4
18
29
35
35
31
22
9
-6
-24
-44
-64
-83
-99
-113
-124
-130
-131
-128
-120
-107
-91
-71
-48
-24
0
24
47
68
85
99
109
114
115
111
104
93
79
62
43
23
2
-18
-39
-59
-79
-96
-112
-126
-136
-144
-148
-149
-147
-142
-134
-124
-111
-97
-81
-64
-46
-29
-11
4
20
34
47
58
67
73
78
80
81
80
78
75
71
68
64
62
60
60
60
62
63
65
66
67
66
63
59
52
44
33
21
7
-6
-20
-34
-47
-57
-66
-73
-77
-78
-78
-75
-71
-66
-59
-53
-46
-39
-33
-27
-22
-18
-14
-11
-8
-5
-2
0
4
8
13
19
27
35
43
53
62
72
80
88
94
99
101
100
97
92
83
73
60
46
32
17
3
-9
-20
-29
-36
-40
-42
-42
-39
-36
-32
-27
-23
-19
-17
-16
-16
-18
-22
-26
-31
-36
-40
-43
-45
-45
-43
-40
-34
-27
-18
-9
0
10
19
27
35
40
44
45
45
41
36
29
20
9
-1
-12
-23
-33
-42
-48
-51
-52
-49
-43
-33
-21
-5
12
33
55
77
100
121
141
157
171
179
184
183
178
168
155
138
119
98
76
55
34
14
-2
-17
-30
-40
-47
-52
-55
-55
-53
-50
-46
-41
-36
-31
-25
-21
-17
-15
-14
-14
-16
-20
-26
-32
-40
-48
-57
-66
-75
-84
-92
-101
-109
-117
-124
-131
-138
-143
-149
-154
-158
-162
-165
-168
-170
-171
-172
-172
-172
-171
-169
-166
-163
-158
-154
-148
-141
-134
-125
-115
-103
-90
-76
-61
-44
-27
-10
7
25
42
59
76
91
106
121
135
148
161
173
185
197
208
218
228
238
247
254
260
264
266
264
258
248
233
213
187
156
121
81
39
-5
-51
-97
-140
-181
-217
-248
-272
-289
-298
-299
-291
-276
-254
-225
-193
-156
-119
-81
-44
-9
22
50
73
91
104
113
117
117
113
105
96
84
71
58
44
32
21
11
4
-1
-5
-6
-6
-4
-1
3
8
13
19
24
29
32
34
35
35
33
29
25
20
14
10
5
2
0
0
2
5
9
15
21
27
33
39
43
46
48
48
47
45
42
38
34
30
27
24
21
19
18
17
17
16
15
14
11
7
3
-3
-10
-18
-27
-36
-44
-52
-57
-61
-62
-61
-57
-50
-40
-27
-12
4
23
43
63
83
101
118
131
141
147
147
143
133
118
98
76
50
22
-5
-32
-58
-81
-101
-116
-127
-133
-134
-129
-120
-107
-90
-71
-50
-28
-8
10
26
39
48
53
54
53
48
42
36
31
27
26
28
34
44
58
75
94
114
133
152
168
181
190
193
191
183
170
151
127
98
66
30
-7
-45
-84
-121
-157
-189
-217
-241
-259
-272
-280
-282
-279
-271
-259
-242
-223
-201
-177
-152
-126
-100
-75
-51
-27
-6
12
29
43
54
63
68
71
71
69
65
59
52
44
36
28
21
15
11
9
8
9
11
15
20
26
32
39
46
53
59
65
69
72
73
73
70
66
59
51
41
30
17
4
-8
-21
-34
-46
-56
-65
-73
-78
-82
-83
-82
-80
-75
-69
-61
-52
-42
-32
-21
-11
0
8
16
23
28
31
31
30
27
22
16
9
1
-6
-14
-22
-29
-36
-41
-44
-47
-47
-46
-43
-38
-33
-26
-18
-10
-1
6
14
22
29
35
40
43
45
45
43
40
34
26
17
7
-3
-14
-25
-36
-44
-51
-56
-58
-58
-54
-47
-37
-25
-9
7
26
46
66
86
104
121
134
144
150
152
150
144
135
122
107
91
73
56
39
22
7
-5
-16
-26
-34
-41
-47
-52
-57
-62
-67
-72
-78
-83
-89
-93
-97
-99
-100
-99
-97
-92
-86
-79
-70
-61
-51
-41
-32
-23
-16
-9
-5
-1
0
0
0
0
-2
-4
-6
-7
-8
-7
-6
-3
0
4
10
16
22
27
32
35
37
38
36
33
29
24
19
13
8
3
0
-2
-3
-2
0
2
6
11
16
22
27
32
36
39
40
40
39
36
32
26
19
11
2
-6
-15
-24
-32
-38
-42
-44
-44
-41
-36
-27
-16
-3
11
27
45
62
79
95
108
119
127
131
132
129
122
112
99
84
67
48
29
10
-8
-26
-44
-60
-74
-88
-100
-110
-119
-127
-132
-137
-139
-139
-138
-134
-129
-122
-114
-106
-96
-87
-78
-69
-60
-52
-44
-36
-28
-20
-10
0
9
21
33
45
57
69
79
88
94
97
97
94
87
77
64
49
31
13
-4
-22
-39
-53
-64
-72
-76
-76
-72
-65
-55
-42
-27
-12
4
20
35
49
62
72
81
87
92
94
95
94
92
89
86
82
78
73
70
66
64
62
61
60
60
59
59
58
55
52
47
39
30
19
6
-8
-24
-41
-59
-76
-92
-107
-120
-130
-137
-141
-142
-139
-134
-126
-116
-105
-92
-80
-67
-55
-43
-32
-22
-12
-4
2
9
16
22
27
33
38
43
48
52
54
56
56
54
50
45
37
29
20
10
0
-10
-20
-29
-37
-43
-48
-51
-52
-51
-48
-43
-36
-27
-17
-6
5
18
32
46
60
73
85
96
106
113
119
122
123
121
117
112
104
95
85
74
63
51
40
29
18
8
-1
-10
-18
-25
-31
-37
-41
-45
-48
-50
-52
-53
-54
-54
-54
-54
-53
-51
-50
-48
-47
-45
-44
-43
-43
-43
-44
-44
-45
-45
-45
-45
-44
-42
-39
-36
-33
-29
-26
-22
-19
-16
-14
-12
-11
-11
-11
-12
-13
-14
-15
-16
-17
-17
-17
-17
-15
-14
-11
-8
-3
1
6
13
20
27
34
42
49
56
