32
44
54
63
69
73
74
73
70
65
58
50
40
30
19
8
-3
-14
-25
-35
-45
-55
-64
-73
-81
-88
-94
-100
-106
-110
-115
-118
-121
-123
-125
-125
-124
-122
-118
-113
-106
-99
-90
-80
-70
-60
-50
-40
-31
-23
-16
-11
-7
-4
-3
-3
-4
-5
-8
-10
-12
-14
-16
-18
-20
-21
-23
-26
-29
-32
-37
-42
-47
-53
-59
-65
-69
-73
-74
-73
-69
-63
-54
-44
-31
-17
-3
9
21
32
41
47
51
53
54
53
53
53
55
59
66
75
88
104
122
142
162
183
203
221
236
248
256
260
260
256
249
239
227
212
196
179
161
142
123
104
85
66
47
28
8
-10
-31
-51
-72
-93
-114
-135
-155
-175
-193
-210
-225
-238
-248
-255
-259
-261
-259
-254
-246
-235
-222
-207
-190
-171
-150
-129
-107
-85
-62
-40
-19
0
20
38
55
71
86
99
110
119
127
132
136
138
138
136
132
128
122
116
109
102
94
88
81
75
69
64
60
55
51
47
43
38
33
29
24
19
15
11
9
7
7
9
12
16
22
30
39
48
58
68
76
83
88
91
90
88
82
74
64
52
40
26
14
1
-8
-17
-24
-28
-30
-29
-26
-21
-15
-8
0
7
15
22
29
34
38
40
41
41
40
37
33
27
19
10
-2
-17
-34
-54
-77
-102
-128
-155
-182
-207
-229
-248
-263
-272
-275
-272
-262
-246
-223
-196
-164
-128
-91
-53
-15
20
54
84
110
132
149
160
167
169
166
160
150
137
122
105
86
66
45
23
1
-21
-45
-68
-92
-115
-136
-156
-172
-186
-195
-199
-199
-194
-184
-170
-152
-131
-108
-83
-57
-32
-7
15
36
55
71
83
92
98
101
101
99
95
88
80
71
61
50
38
27
16
6
-2
-9
-13
-16
-15
-11
-5
3
14
27
41
56
71
86
101
114
125
134
141
146
147
147
143
137
129
118
105
90
75
58
41
25
9
-5
-19
-31
-41
-49
-56
-61
-65
-68
-71
-73
-75
-77
-79
-81
-83
-85
-87
-89
-90
-90
-90
-89
-88
-85
-83
-79
-76
-71
-67
-62
-58
-53
-48
-43
-37
-30
-22
-14
-4
6
19
32
47
62
78
93
107
121
133
143
151
156
159
159
156
151
144
135
124
113
101
89
77
65
54
43
32
21
8
-5
-20
-37
-56
-76
-97
-119
-140
-160
-177
-192
-202
-208
-208
-202
-191
-174
-152
-124
-93
-59
-22
14
50
84
116
143
165
182
193
199
199
194
184
171
156
138
121
103
86
71
58
47
38
32
28
25
24
24
25
26
27
28
28
27
26
23
19
14
6
-3
-15
-31
-50
-72
-97
-124
-154
-186
-217
-248
-277
-301
-321
-334
-340
-339
-329
-311
-286
-254
-216
-175
-131
-87
-44
-3
33
65
91
111
125
133
135
132
124
113
100
86
71
56
43
31
21
15
11
9
10
14
19
26
34
43
52
61
69
77
84
89
94
96
98
97
95
92
88
83
76
70
62
55
48
41
34
28
23
19
15
12
9
7
5
3
1
-1
-4
-8
-14
-20
-28
-37
-47
-59
-72
-85
-98
-111
-123
-132
-140
-145
-148
-147
-143
-136
-127
-115
-102
-87
-71
-56
-41
-27
-14
-3
5
13
18
23
26
29
31
33
36
40
44
48
53
58
63
68
72
75
77
79
79
79
78
76
74
72
70
68
67
67
68
71
75
80
86
93
100
107
113
118
121
122
121
117
111
102
92
81
69
56
45
34
24
17
11
8
6
7
8
10
12
14
15
16
14
12
7
2
-4
-12
-20
-29
-38
-46
-54
-60
-66
-71
-75
-78
-79
-80
-80
-79
-77
-73
-68
-61
-53
-43
-32
-21
-8
3
15
26
36
44
50
53
54
52
47
40
31
20
9
-2
-13
-23
-30
-35
-36
-33
-27
-16
-2
13
32
52
72
91
107
121
130
135
134
127
114
95
71
42
9
-25
-61
-98
-134
-166
-196
-220
-239
-253
-260
-262
-257
-248
-233
-213
-190
-164
-134
-103
-71
-39
-7
22
50
75
97
114
127
135
138
136
129
118
103
85
66
46
26
8
-6
-17
-23
-23
-18
-7
9
30
54
81
108
133
157
176
190
198
199
193
182
164
142
116
88
58
29
1
-23
-46
-65
-81
-94
-103
-109
-113
-115
-116
-116
-116
-116
-118
-120
-124
-129
-135
-142
-148
-155
-160
-164
-166
-166
-164
-159
-151
-142
-130
-116
-100
-83
-66
-47
-29
-11
4
19
33
43
51
56
57
55
50
42
32
20
7
-6
-20
-33
-44
-53
-60
-63
-63
-59
-52
-42
-28
-12
4
22
41
59
75
90
102
112
119
124
126
126
124
120
116
110
104
98
92
86
80
74
69
65
60
57
53
50
47
44
41
38
35
31
28
24
19
14
8
1
-5
-13
-20
-28
-35
-42
-48
-53
-58
-61
-64
-66
-67
-68
-68
-68
-67
-66
-66
-65
-63
-62
-59
-56
-51
-44
-36
-25
-13
0
14
28
42
55
65
73
77
79
76
70
61
49
35
20
4
-12
-28
-43
-57
-68
-78
-85
-90
-92
-92
-89
-84
-77
-68
-57
-44
-30
-15
0
17
34
51
67
82
95
106
115
121
123
123
120
114
106
95
83
70
56
43
29
17
7
-1
-8
-13
-17
-18
-19
-18
-17
-16
-15
-14
-13
-13
-13
-12
-12
-12
-11
-10
-8
-5
-2
2
7
12
19
26
33
41
49
58
67
77
87
98
109
121
132
143
152
160
165
167
164
158
147
132
113
90
63
35
5
-23
-53
-80
-105
-126
-143
-155
-163
-167
-166
-162
-154
-145
-135
-125
-117
-110
-106
-105
-106
-111
-117
-125
-133
-140
-146
-149
-149
-146
-137
-125
-109
-90
-69
-46
-23
-1
18
34
47
55
59
58
53
44
33
19
4
-10
-25
-40
-52
-63
-72
-78
-82
-84
-82
-79
-73
-65
-56
-45
-32
-19
-5
9
23
38
52
66
79
91
102
112
121
128
133
137
139
139
138
134
129
123
115
107
98
90
81
74
67
61
56
52
49
45
42
39
34
29
22
14
4
-6
-20
-35
-51
-68
-85
-102
-117
-131
-143
-152
-159
-161
-161
-158
-152
-143
-133
-122
-111
-99
-88
-78
-68
-60
-53
-47
-42
-37
-34
-30
-27
-24
-20
-16
-11
-6
0
5
12
18
25
32
39
47
54
62
70
79
89
100
112
125
138
151
164
176
185
191
193
191
184
172
154
132
106
77
45
12
-20
-51
-81
-108
-131
-150
-164
-173
-178
-179
-175
-168
-159
-147
-133
-119
-104
-89
-73
-58
-43
-28
-12
2
17
33
48
62
76
90
102
114
124
133
140
146
151
153
153
151
147
141
133
123
110
97
81
65
48
31
13
-4
-21
-37
-52
-66
-77
-87
-94
-99
-100
-98
-94
-86
-76
-64
-50
-35
-19
-3
11
24
36
46
54
59
61
60
56
50
42
31
20
7
-5
-18
-30
-42
-53
-62
-69
-75
-79
-81
-82
-80
-76
-71
-63
-55
-45
-35
-23
-12
0
11
22
33
43
52
58
63
65
64
60
51
39
24
5
-15
-38
-61
-84
-105
-123
-138
-147
-151
-150
-143
-130
-113
-93
-70
-46
-22
0
18
33
42
46
44
38
27
12
-3
-20
-37
-51
-63
-71
-75
-74
-70
-61
-50
-36
-21
-4
11
27
41
55
67
77
87
96
104
112
120
128
135
143
150
157
163
168
171
172
171
168
162
154
143
130
115
99
81
63
45
28
11
-3
-16
-27
-36
-43
-48
-51
-53
-55
-55
-56
-58
-61
-65
-70
-77
-84
-92
-101
-109
-115
-120
-122
-122
-119
-113
-104
-93
-79
-65
-49
-33
-17
-2
12
25
36
46
54
59
63
63
62
58
52
45
36
26
16
5
-4
-14
-22
-30
-36
-41
-46
-49
-51
-53
-54
-55
-56
-56
-56
-56
-54
-52
-48
-42
-35
-26
-16
-4
7
21
35
50
65
79
93
106
117
127
136
142
145
146
145
141
135
126
115
102
87
71
54
37
20
2
-13
-29
-43
-56
-67
-77
-84
-90
-94
-96
-97
-95
-93
-89
-83
-77
-69
-61
-53
-44
-35
-26
-17
-9
0
7
15
23
30
38
45
51
57
61
64
66
66
64
61
56
49
42
34
25
16
8
0
-8
-15
-22
-29
-37
-44
-52
-60
-69
-77
-86
-94
-102
-108
-113
-116
-118
-117
-115
-111
-106
-100
-94
-88
-83
-78
-74
-72
-72
-73
-76
-81
-86
-93
-101
-108
-116
-123
-128
-132
-133
-132
-128
-121
-111
-97
-80
-59
-35
-8
20
51
84
117
150
182
212
239
261
280
293
301
304
302
295
283
267
248
226
201
175
148
121
93
66
40
15
-7
-29
-49
-67
-82
-95
-107
-116
-123
-128
-132
-135
-136
-137
-138
-138
-138
-137
-137
-136
-135
-134
-132
-129
-125
-120
-114
-107
-98
-89
-78
-66
-53
-39
-24
-8
7
23
39
54
68
81
93
102
109
115
118
119
118
115
111
106
101
95
90
85
81
77
75
73
71
70
69
67
64
60
54
48
40
32
23
13
3
-6
-15
-23
-30
-35
-37
-38
-36
-31
-24
-15
-4
7
21
35
50
65
80
94
107
119
130
138
145
149
151
150
146
140
130
117
101
81
58
33
4
-25
-57
-90
-122
-154
-183
-211
-235
-254
-270
-280
-284
-283
-276
-264
-245
-221
-192
-159
-122
-82
-40
1
43
83
121
155
185
210
229
242
250
252
248
240
227
210
190
168
144
119
94
69
45
23
2
-16
-33
-48
-62
-75
-86
-96
-105
-114
-122
-128
-134
-139
-143
-146
-148
-148
-147
-144
-140
-135
-129
-122
-115
-108
-101
-94
-89
-84
-80
-77
-75
-73
-72
-71
-69
-66
-63
-59
-53
-46
-38
-28
-18
-6
4
16
27
37
45
51
55
56
54
50
43
34
24
12
0
-11
-24
-35
-46
-55
-63
-68
-70
-70
-67
-60
-50
-36
-19
0
22
46
72
99
125
151
174
195
212
226
235
239
239
235
226
214
199
181
161
140
118
96
73
50
28
7
-12
-30
-45
-57
-67
-72
-74
-72
-66
-57
-44
-28
-10
9
29
49
68
83
95
103
105
102
93
78
59
35
7
-21
-52
-83
-113
-142
-169
-193
-215
-233
-249
-263
-274
-284
-293
-300
-307
-312
-317
-319
-320
-318
-312
-302
-288
-269
-245
-216
-181
-142
-99
-52
-3
47
99
151
203
252
299
343
383
418
447
471
489
500
504
501
493
477
457
432
403
371
337
303
268
235
203
173
145
119
95
73
51
31
12
-7
-27
-47
-67
