34
24
15
8
2
-1
-3
-2
0
3
8
12
17
21
23
23
21
17
10
0
-10
-22
-34
-47
-58
-67
-73
-76
-75
-70
-61
-49
-34
-17
0
18
35
50
62
70
75
75
71
64
53
40
25
10
-2
-13
-20
-22
-19
-10
4
24
49
78
109
140
170
198
222
240
253
260
260
254
242
226
207
184
160
136
111
87
65
44
26
10
-3
-14
-23
-29
-35
-38
-41
-42
-43
-43
-42
-40
-38
-34
-30
-24
-17
-9
0
9
18
28
37
44
50
55
57
57
56
52
47
42
35
29
22
17
12
9
7
5
5
6
7
9
11
13
14
15
15
15
14
13
11
8
5
1
-3
-8
-13
-18
-23
-28
-33
-36
-39
-40
-40
-39
-36
-31
-26
-20
-12
-4
2
10
18
25
31
36
40
43
45
45
43
40
36
30
23
16
7
-1
-10
-19
-28
-36
-44
-50
-56
-61
-64
-67
-68
-69
-69
-68
-67
-65
-65
-64
-65
-66
-68
-70
-73
-77
-80
-83
-85
-87
-88
-88
-87
-86
-85
-84
-84
-84
-84
-86
-89
-93
-98
-104
-110
-115
-119
-122
-123
-122
-118
-112
-103
-92
-80
-67
-54
-41
-28
-18
-8
-1
4
9
11
13
14
14
15
15
17
20
24
29
36
44
53
61
70
77
83
86
87
84
77
67
53
36
16
-5
-28
-50
-70
-88
-101
-109
-111
-107
-96
-78
-55
-26
5
40
75
109
141
169
191
208
218
222
219
210
196
178
157
134
109
85
61
40
20
4
-8
-18
-24
-28
-29
-27
-23
-17
-10
-1
7
16
25
34
42
49
55
59
61
62
61
58
53
47
40
32
22
13
3
-6
-16
-25
-34
-41
-47
-51
-53
-52
-50
-46
-39
-31
-22
-11
-1
9
18
26
32
34
33
28
19
5
-12
-35
-61
-89
-119
-151
-181
-211
-237
-260
-278
-290
-295
-294
-285
-269
-247
-218
-184
-146
-106
-63
-21
20
60
96
129
157
180
198
211
219
221
220
214
204
192
177
160
141
122
103
84
67
51
38
28
21
18
18
22
28
37
48
59
70
79
87
92
93
91
85
76
63
48
30
10
-11
-33
-56
-78
-99
-119
-137
-153
-166
-176
-184
-189
-191
-191
-189
-184
-178
-169
-158
-146
-131
-114
-96
-75
-54
-31
-8
15
38
60
80
98
114
127
136
142
144
142
136
127
115
100
84
67
49
31
15
0
-11
-22
-30
-37
-40
-42
-42
-40
-37
-32
-26
-19
-11
-2
8
19
31
44
58
72
86
100
113
125
135
144
150
154
155
153
148
139
128
113
96
77
55
33
10
-12
-33
-53
-71
-86
-99
-107
-113
-114
-112
-106
-96
-82
-64
-43
-19
7
35
65
95
123
149
172
190
203
209
210
203
190
171
147
118
87
53
18
-15
-47
-77
-103
-124
-141
-153
-160
-163
-162
-157
-149
-139
-126
-112
-97
-82
-68
-53
-40
-29
-19
-12
-7
-4
-4
-6
-10
-16
-23
-31
-39
-46
-52
-56
-59
-59
-56
-52
-47
-40
-34
-28
-24
-22
-22
-24
-30
-37
-47
-57
-68
-79
-90
-98
-104
-107
-108
-105
-99
-91
-81
-69
-56
-43
-30
-17
-5
5
15
24
31
37
43
48
52
57
61
65
70
74
78
81
83
84
83
80
75
67
57
44
30
13
-4
-23
-43
-63
-83
-102
-120
-138
-154
-168
-181
-192
-202
-210
-216
-220
-222
-221
-217
-210
-199
-184
-166
-143
-115
-84
-50
-13
25
64
104
142
177
208
235
256
272
283
287
287
283
274
263
249
234
218
202
186
171
155
141
127
113
100
88
76
64
53
43
33
23
15
6
-1
-9
-17
-25
-34
-44
-54
-66
-79
-92
-106
-121
-136
-150
-162
-173
-182
-187
-189
-187
-181
-171
-157
-139
-118
-94
-68
-40
-12
14
41
65
86
105
120
132
140
145
147
147
143
137
130
120
108
95
81
67
53
40
28
19
12
8
8
11
17
27
40
56
73
91
110
128
145
160
174
185
193
199
202
203
200
195
187
175
161
144
124
102
77
51
23
-5
-34
-62
-89
-115
-138
-157
-173
-185
-192
-196
-196
-192
-186
-177
-168
-158
-149
-140
-133
-127
-123
-121
-121
-123
-125
-127
-130
-132
-134
-133
-132
-128
-122
-115
-106
-96
-85
-75
-65
-55
-48
-42
-38
-35
-34
-33
-33
-33
-32
-31
-28
-24
-19
-13
-6
1
9
19
28
38
48
57
67
76
85
94
102
109
116
123
129
135
140
144
148
150
151
150
146
139
130
117
102
84
64
43
20
-1
-23
-44
-64
-81
-97
-110
-121
-130
-136
-142
-146
-149
-152
-155
-158
-162
-167
-173
-179
-185
-191
-196
-199
-201
-199
-194
-185
-171
-153
-130
-102
-69
-34
3
42
82
120
156
189
217
240
257
268
273
272
266
255
240
221
200
178
156
133
112
93
75
59
44
32
21
11
2
-6
-13
-21
-28
-34
-39
-44
-47
-49
-49
-48
-45
-40
-33
-24
-14
-3
7
19
31
41
51
58
64
69
71
71
70
68
65
61
57
53
49
46
43
42
40
39
39
38
38
36
35
32
29
24
19
13
5
-2
-11
-22
-33
-44
-56
-68
-78
-88
-97
-103
-108
-112
-113
-113
-113
-111
-110
-108
-107
-106
-106
-107
-108
-109
-110
-111
-112
-112
-111
-110
-107
-104
-99
-93
-85
-77
-67
-57
-47
-37
-28
-20
-13
-7
-3
-1
0
1
2
3
5
8
13
19
27
37
49
62
75
90
104
119
132
144
154
162
166
167
164
158
148
134
118
99
78
57
35
13
-5
-23
-39
-52
-61
-68
-72
-74
-74
-72
-69
-65
-61
-57
-53
-50
-47
-44
-41
-37
-33
-27
-20
-11
0
13
29
46
63
80
96
110
119
125
126
121
110
95
74
49
20
-10
-42
-75
-108
-139
-168
-194
-217
-235
-248
-257
-261
-261
-257
-249
-238
-225
-210
-194
-176
-158
-138
-118
-96
-73
-48
-21
6
36
67
98
131
162
193
221
246
267
283
294
298
295
286
270
248
221
191
159
126
95
66
42
23
10
2
1
5
14
25
40
55
71
86
99
111
120
127
131
133
132
129
123
114
103
90
75
58
40
21
3
-14
-29
-42
-53
-60
-64
-64
-60
-54
-44
-33
-20
-7
5
18
28
36
42
44
44
41
35
28
18
8
-1
-11
-22
-32
-43
-53
-63
-75
-86
-98
-111
-124
-137
-149
-161
-171
-179
-185
-189
-189
-186
-180
-170
-157
-142
-123
-103
-83
-61
-41
-23
-9
1
7
8
4
-4
-18
-36
-56
-78
-100
-121
-139
-152
-161
-163
-157
-145
-124
-97
-62
-22
22
69
117
163
207
246
278
302
316
320
314
298
272
239
198
154
106
59
13
-28
-65
-96
-119
-134
-142
-143
-137
-127
-112
-95
-76
-58
-40
-24
-11
-1
5
9
10
9
5
0
-7
-14
-22
-30
-37
-44
-50
-55
-60
-63
-65
-67
-69
-69
-70
-71
-72
-73
-75
-76
-77
-77
-76
-73
-68
-61
-51
-38
-22
-5
14
34
55
76
95
112
126
137
145
149
150
148
144
137
128
119
108
96
84
71
57
43
29
15
0
-13
-27
-40
-52
-63
-72
-80
-86
-90
-91
-91
-89
-84
-78
-70
-60
-49
-36
-23
-8
7
23
39
55
71
86
100
113
124
132
138
142
142
139
132
123
109
93
74
52
28
3
-23
-50
-77
-104
-130
-155
-178
-199
-217
-233
-244
-251
-253
-249
-240
-224
-202
-174
-141
-103
-61
-16
31
79
127
174
217
257
292
321
343
359
367
369
363
352
334
312
286
257
226
194
161
130
99
71
44
20
-1
-21
-39
-56
-72
-87
-102
-116
-131
-146
-162
-177
-192
-206
-220
-232
-242
-249
-253
-254
-250
-241
-228
-211
-189
-164
-135
-104
-72
-38
-5
26
56
84
108
128
143
154
160
161
157
150
140
126
112
95
79
62
45
28
11
-4
-20
-36
-51
-67
-81
-96
-109
-122
-134
-144
-152
-159
-163
-165
-164
-160
-153
-143
-130
-114
-97
-78
-58
-38
-20
-2
11
23
32
36
38
36
31
24
15
6
-2
-10
-17
-20
-20
-15
-7
5
21
41
62
85
108
130
149
165
177
184
186
183
174
162
144
124
100
74
47
19
-8
-36
-62
-87
-109
-129
-146
-160
-170
-176
-177
-174
-166
-155
-140
-121
-100
-78
-55
-31
-9
11
29
45
58
68
75
80
82
82
81
78
76
73
71
69
67
67
66
66
66
66
65
64
62
60
57
53
49
44
38
32
25
18
11
3
-4
-13
-21
-30
-38
-46
-53
-59
-65
-71
-75
-78
-80
-80
-79
-77
-72
-66
-59
-49
-39
-26
-13
1
17
33
51
68
86
104
121
137
152
164
175
182
186
187
183
176
165
151
134
114
94
73
53
35
20
7
-1
-6
-8
-7
-4
-1
0
1
0
-7
-18
-34
-55
-81
-111
-144
-179
-215
-249
-281
-308
-331
-347
-355
-356
-349
-333
-309
-278
-241
-198
-151
-101
-50
0
50
98
142
181
216
245
268
285
296
301
301
296
287
274
259
241
222
202
182
162
142
124
106
90
75
61
48
36
24
13
2
-9
-20
-32
-44
-56
-68
-79
-90
-99
-108
-114
-120
-123
-125
-126
-125
-123
-121
-118
-114
-110
-106
-101
-95
-89
-83
-75
-66
-56
-45
-33
-20
-6
7
21
35
47
58
67
73
76
76
72
64
53
37
18
-3
-27
-53
-80
-107
-133
-157
-179
-197
-212
-222
-227
-227
-222
-212
-197
-177
-153
-126
-95
-63
-29
5
39
71
102
129
153
173
189
200
206
208
205
199
189
176
161
145
129
113
99
86
76
68
64
61
61
63
65
68
71
72
72
70
66
59
51
41
29
16
4
-8
-19
-28
-36
-41
-44
-44
-41
-37
-30
-22
-14
-5
1
8
13
16
16
15
10
3
-5
-17
-30
-45
-61
-78
-94
-108
-121
-132
-139
-141
-139
-132
-120
-103
-81
-54
-25
5
38
70
100
128
152
171
186
195
200
200
196
189
180
169
158
146
136
126
118
112
107
103
99
97
94
91
87
81
75
66
57
45
33
19
5
-9
-24
-39
-53
-67
-80
-92
-103
-113
-121
-129
-135
-139
-142
-144
-145
-145
-144
-142
-140
-137
-134
-131
-127
-123
-119
-115
-110
-105
-100
-95
-90
-85
-79
-74
-69
-64
-58
-52
-45
-38
-30
-22
-13
-5
2
9
15
17
17
13
5
-6
-22
-43
-66
-92
-119
-146
-171
-194
-212
-224
-230
-228
-220
-204
-181
-153
-121
-85
-48
-11
23
54
80
100
114
122
123
120
112
101
88
76
64
