31
25
19
13
8
3
0
-3
-7
-9
-12
-14
-16
-17
-19
-20
-22
-23
-24
-25
-26
-26
-26
-26
-25
-24
-22
-20
-18
-15
-12
-10
-7
-4
-2
0
3
5
8
10
13
16
20
23
27
30
34
37
40
42
43
44
43
41
38
35
30
25
19
13
7
2
-2
-7
-11
-14
-17
-19
-21
-22
-23
-24
-24
-25
-25
-24
-24
-22
-21
-18
-15
-12
-9
-5
-1
1
4
6
8
9
9
8
6
4
1
-1
-4
-7
-9
-10
-9
-8
-5
-2
2
7
12
17
22
26
29
31
32
32
31
28
26
22
18
14
9
5
1
-2
-6
-10
-14
-17
-20
-23
-25
-28
-30
-32
-34
-36
-38
-41
-44
-47
-50
-54
-57
-60
-63
-66
-68
-69
-69
-69
-67
-64
-60
-56
-51
-46
-42
-37
-33
-29
-25
-21
-17
-13
-8
-2
3
11
19
28
37
47
56
64
71
77
81
83
83
81
76
71
64
56
47
38
30
22
14
8
2
-3
-8
-12
-17
-22
-27
-33
-39
-45
-52
-60
-66
-72
-77
-81
-82
-81
-78
-72
-63
-52
-39
-24
-7
10
28
47
64
80
94
106
116
122
126
127
125
120
114
105
96
86
75
65
54
44
34
25
15
6
-3
-13
-23
-34
-45
-56
-67
-77
-87
-96
-103
-108
-112
-113
-111
-107
-100
-92
-82
-70
-59
-47
-36
-26
-17
-11
-6
-3
-2
-2
-4
-6
-9
-12
-16
-18
-20
-22
-23
-23
-23
-23
-23
-22
-22
-23
-23
-24
-24
-24
-23
-22
-19
-15
-9
-2
6
16
27
38
50
62
73
84
93
101
107
111
114
114
112
109
103
96
87
77
66
54
41
28
15
1
-11
-25
-37
-49
-59
-69
-76
-82
-86
-87
-87
-84
-80
-74
-66
-56
-46
-34
-22
-9
3
15
27
37
46
54
59
63
65
65
63
59
54
48
40
32
23
14
5
-4
-13
-22
-31
-39
-46
-52
-57
-61
-63
-63
-62
-59
-55
-50
-44
-37
-29
-21
-14
-7
0
6
12
17
22
27
32
36
40
44
47
51
53
55
57
58
58
57
55
53
49
44
38
32
24
15
6
-3
-13
-25
-36
-48
-60
-71
-83
-93
-101
-108
-113
-114
-112
-107
-97
-85
-69
-50
-30
-8
13
35
56
75
92
106
118
126
131
132
131
128
122
114
104
93
81
69
57
44
33
22
11
2
-6
-13
-19
-23
-27
-28
-29
-28
-25
-22
-17
-12
-7
-3
1
4
7
8
8
6
3
0
-5
-11
-17
-24
-30
-36
-41
-46
-49
-52
-54
-55
-56
-57
-58
-59
-60
-62
-64
-66
-69
-72
-74
-77
-78
-79
-78
-75
-70
-63
-54
-43
-30
-16
-2
12
27
41
54
65
74
81
85
87
87
85
81
77
72
66
61
57
53
51
50
49
50
52
54
57
60
64
66
69
70
71
70
68
65
60
53
46
37
27
16
4
-7
-20
-33
-46
-59
-72
-83
-94
-104
-112
-119
-123
-125
-126
-124
-121
-115
-109
-101
-92
-83
-73
-63
-53
-44
-35
-27
-20
-14
-9
-5
-2
0
0
0
-1
-2
-5
-7
-11
-14
-17
-19
-21
-22
-22
-21
-19
-16
-11
-6
-1
4
10
15
21
25
29
33
35
37
39
39
40
40
40
39
38
37
36
35
33
31
29
26
23
20
16
12
8
4
0
-3
-6
-8
-9
-7
-4
1
8
18
30
42
56
70
83
95
105
113
118
119
117
112
104
93
81
67
52
37
23
9
-2
-13
-23
-30
-36
-41
-43
-44
-43
-41
-37
-32
-26
-19
-12
-5
1
8
14
18
21
22
21
18
12
5
-4
-15
-28
-42
-56
-70
-84
-97
-109
-120
-128
-135
-139
-141
-141
-139
-134
-127
-118
-107
-95
-81
-66
-50
-32
-15
2
19
37
53
68
81
92
101
107
110
110
108
102
95
85
74
62
49
37
25
13
3
-5
-12
-18
-23
-27
-30
-32
-33
-34
-35
-35
-35
-35
-33
-31
-27
-22
-14
-5
6
20
37
55
75
96
117
137
157
174
188
200
207
210
209
204
195
182
166
147
126
102
78
53
27
2
-23
-48
-72
-95
-117
-138
-157
-174
-189
-202
-213
-220
-225
-226
-224
-219
-211
-201
-188
-173
-157
-140
-122
-105
-88
-73
-58
-45
-34
-24
-15
-7
-1
3
6
8
9
9
8
6
3
0
-2
-5
-7
-8
-8
-6
-3
1
7
15
24
33
42
51
59
66
71
74
75
75
72
69
64
59
55
51
49
48
48
49
51
53
56
58
60
60
58
55
50
44
37
29
20
13
6
0
-4
-6
-7
-6
-3
0
6
11
17
22
26
29
30
30
28
24
19
12
5
-1
-9
-17
-24
-31
-38
-44
-49
-54
-57
-60
-61
-61
-60
-57
-53
-48
-42
-35
-27
-18
-10
-2
5
12
18
23
27
30
32
33
33
32
31
28
25
21
17
12
8
3
-1
-5
-8
-11
-13
-15
-15
-16
-15
-14
-13
-12
-10
-8
-6
-4
-2
0
1
3
5
7
9
10
11
11
10
8
6
2
-2
-7
-12
-18
-23
-28
-32
-35
-36
-35
-33
-29
-23
-16
-7
1
12
23
33
44
53
62
69
74
78
80
80
79
76
72
66
60
52
43
34
24
14
3
-6
-16
-25
-34
-41
-47
-51
-54
-56
-56
-55
-52
-49
-44
-38
-32
-25
-17
-9
-1
5
12
17
20
22
22
19
14
7
-1
-12
-25
-39
-54
-70
-85
-99
-112
-123
-132
-137
-139
-136
-131
-121
-108
-93
-75
-56
-37
-17
0
17
32
44
54
62
67
70
72
72
72
72
72
72
72
74
75
77
79
80
80
79
77
73
67
59
50
40
30
19
8
-1
-10
-18
-23
-27
-29
-30
-29
-27
-25
-21
-18
-15
-12
-9
-7
-5
-4
-2
-1
0
0
1
3
5
7
9
11
14
16
19
21
22
24
24
24
24
22
20
18
15
11
8
4
1
-1
-4
-6
-8
-10
-12
-14
-15
-17
-18
-19
-19
-20
-20
-20
-21
-21
-22
-22
-23
-24
-24
-24
-23
-21
-18
-13
-7
0
8
18
28
38
47
55
60
64
64
62
56
48
37
25
11
-2
-16
-29
-40
-50
-58
-63
-65
-64
-61
-56
-49
-39
-29
-18
-6
4
15
25
35
43
50
56
61
64
65
65
63
60
55
48
41
32
23
14
5
-3
-12
-19
-26
-33
-38
-42
-46
-48
-49
-48
-46
-43
-39
-33
-27
-20
-13
-5
2
10
18
26
33
39
45
49
52
54
54
52
49
45
39
33
26
18
10
1
-5
-13
-20
-26
-31
-36
-39
-42
-44
-46
-49
-51
-54
-57
-62
-66
-71
-76
-81
-86
-89
-92
-93
-93
-91
-88
-84
-79
-73
-66
-58
-49
-40
-31
-21
-10
0
10
21
31
42
52
61
70
77
84
88
91
93
92
91
87
83
78
72
65
59
53
48
43
39
36
34
32
32
33
34
36
38
39
40
40
39
37
33
29
24
18
12
7
1
-3
-7
-10
-12
-14
-16
-17
-19
-21
-23
-25
-29
-32
-36
-40
-45
-49
-52
-55
-58
-59
-60
-60
-60
-59
-57
-55
-53
-50
-47
-44
-39
-35
-29
-23
-17
-10
-2
5
13
21
29
36
43
49
55
59
63
65
67
68
68
67
67
66
65
63
62
61
60
58
57
54
52
48
44
39
34
28
22
16
9
3
-2
-8
-13
-18
-22
-26
-29
-32
-35
-37
-40
-43
-47
-50
-54
-59
-63
-68
-73
-78
-82
-86
-89
-91
-93
-93
-93
-91
-89
-85
-81
-75
-68
-60
-51
-41
-31
-20
-9
0
10
19
26
32
37
40
43
44
45
45
45
45
45
44
45
45
46
47
48
49
51
53
54
55
55
54
53
50
46
41
35
28
21
13
6
-1
-8
-14
-19
-24
-28
-32
-35
-37
-40
-42
-44
-46
-47
-47
-47
-46
-43
-39
-35
-29
-24
-18
-14
-10
-8
-8
-10
-15
-22
-33
-45
-60
-76
-92
-108
-123
-135
-145
-151
-152
-148
-140
-126
-107
-84
-58
-28
2
34
66
97
125
150
172
189
202
210
214
215
211
205
196
186
175
163
152
140
129
119
109
98
87
76
64
50
35
19
2
-16
-35
-54
-72
-90
-106
-120
-132
-140
-146
-148
-146
-142
-135
-126
-115
-103
-91
-80
-69
-60
-52
-46
-41
-39
-38
-38
-39
-40
-43
-45
-47
-49
-51
-52
-53
-53
-51
-49
-45
-41
-35
-29
-22
-15
-8
-2
2
6
9
10
10
8
6
4
1
-1
-2
-3
-3
-2
0
5
10
17
25
34
44
54
65
76
86
96
105
114
121
127
132
134
136
135
133
129
124
117
110
101
93
83
74
65
56
48
40
32
25
18
11
5
0
-5
-9
-14
-18
-21
-23
-25
-26
-27
-27
-27
-26
-26
-26
-25
-26
-26
-28
-30
-32
-35
-39
-43
-47
-50
-53
-55
-57
-57
-55
-52
-47
-41
-34
-25
-16
-7
0
7
12
16
18
17
15
11
5
0
-6
-13
-19
-25
-29
-32
-33
-32
-29
-24
-16
-7
4
17
31
46
60
75
87
98
106
112
114
113
108
101
91
78
64
48
32
16
0
-15
-29
-42
-53
-62
-69
-74
-76
-75
-73
-68
-61
-51
-41
-29
-17
-4
7
18
28
36
42
46
48
47
45
40
34
27
18
9
1
-7
-15
-21
-27
-31
-34
-35
-36
-35
-34
-33
-32
-31
-31
-33
-35
-39
-44
-49
-55
-61
-66
-71
-75
-77
-78
-76
-73
-67
-58
-48
-35
-21
-6
9
24
39
53
65
74
81
84
84
80
73
62
47
31
11
-8
-30
-51
-71
-90
-106
-119
-129
-135
-138
-138
-135
-129
-122
-113
-102
-92
-81
-70
-59
-49
-39
-30
-22
-13
-5
2
10
19
28
39
51
64
78
92
108
123
138
151
163
173
180
184
184
181
174
164
151
136
118
99
80
60
41
24
7
-7
-19
-30
-39
-46
-51
-56
-59
-62
-65
-67
-69
-71
-72
-73
-73
-72
-70
-67
-62
-56
-49
-41
-33
-24
-15
-6
0
6
11
15
17
17
17
15
13
9
5
1
-3
-9
-15
-22
-30
-38
-48
-58
-69
-80
-93
-106
-118
-131
-142
-152
-160
-166
-170
-171
-169
-164
-157
-147
-135
-120
-104
-87
-68
-48
-28
-8
11
31
50
68
85
101
117
132
146
161
175
188
201
214
226
238
248
256
263
268
270
270
266
260
250
238
222
204
183
159
135
109
82
56
30
5
-18
-41
-61
-80
-97
-112
-125
-136
-146
-154
-161
-167
-172
-177
-181
-184
-186
-188
-187
-185
-181
-175
-166
-154
