-96
-98
-99
-97
-94
-89
-83
-76
-68
-60
-53
-45
-38
-32
-27
-23
-21
-19
-17
-17
-16
-15
-14
-13
-10
-7
-2
2
8
15
22
29
35
40
45
47
48
46
43
37
30
20
10
0
-10
-20
-29
-35
-38
-39
-37
-32
-23
-13
-1
11
25
39
52
63
74
82
89
94
97
98
98
97
94
91
87
83
78
74
69
65
61
56
52
47
43
38
33
27
21
15
8
0
-7
-16
-24
-34
-43
-53
-63
-73
-83
-93
-103
-113
-122
-131
-138
-144
-148
-151
-151
-150
-147
-141
-134
-125
-114
-102
-90
-77
-64
-51
-38
-26
-15
-4
5
15
25
34
43
51
58
64
70
74
76
77
76
74
70
66
60
55
50
45
41
38
35
33
31
29
27
25
23
20
17
13
10
7
4
2
1
0
1
3
7
12
17
24
31
38
44
49
52
53
51
47
40
31
21
9
-2
-13
-24
-34
-42
-47
-50
-50
-48
-43
-36
-27
-16
-5
5
15
25
33
39
43
44
43
39
33
25
14
2
-10
-25
-40
-56
-72
-86
-100
-111
-121
-127
-129
-128
-123
-113
-99
-81
-58
-33
-4
25
57
88
119
147
173
196
214
228
238
242
242
238
229
216
200
181
160
137
112
87
61
35
9
-15
-38
-60
-80
-98
-113
-125
-134
-139
-141
-141
-137
-130
-122
-112
-101
-90
-79
-70
-61
-54
-49
-46
-44
-43
-44
-45
-47
-49
-51
-53
-54
-54
-52
-50
-45
-40
-32
-24
-14
-3
7
19
30
41
51
61
70
78
85
91
96
101
105
108
111
112
112
111
109
105
100
93
85
76
66
55
44
32
21
9
-1
-12
-22
-31
-39
-47
-53
-59
-63
-66
-68
-69
-68
-66
-63
-59
-55
-50
-45
-39
-34
-29
-24
-20
-15
-10
-6
-1
4
9
15
21
26
31
35
38
38
37
33
26
15
2
-13
-32
-54
-76
-100
-123
-145
-165
-182
-195
-203
-206
-203
-194
-179
-159
-134
-106
-75
-42
-9
22
51
77
99
116
127
133
134
130
122
110
95
79
62
45
28
14
2
-7
-13
-16
-16
-12
-6
1
11
23
35
48
59
69
77
82
83
80
73
61
44
23
-1
-29
-61
-94
-127
-160
-191
-219
-242
-261
-273
-278
-277
-268
-252
-230
-202
-169
-132
-93
-52
-11
27
65
98
127
152
171
184
193
196
195
191
184
175
165
154
144
135
127
121
116
112
110
108
107
106
104
102
99
95
90
83
74
64
52
39
24
9
-6
-22
-37
-51
-64
-74
-82
-88
-91
-91
-89
-85
-79
-71
-62
-52
-42
-31
-22
-14
-7
-2
0
0
0
-4
-9
-15
-22
-29
-35
-41
-46
-50
-52
-53
-54
-53
-52
-51
-50
-49
-49
-48
-48
-48
-48
-47
-45
-41
-35
-27
-18
-6
6
21
36
50
65
78
89
98
105
110
112
111
108
104
97
90
81
71
61
51
41
31
22
13
6
0
-3
-6
-6
-5
-1
3
11
20
30
41
52
63
73
81
89
94
96
97
95
91
85
77
69
59
50
40
31
22
14
8
3
0
-2
-3
-3
-1
0
2
4
6
7
7
7
5
2
0
-5
-10
-16
-23
-30
-37
-44
-51
-58
-64
-69
-73
-76
-78
-79
-78
-76
-74
-71
-68
-64
-61
-58
-55
-54
-54
-54
-55
-57
-59
-62
-64
-65
-65
-64
-62
-58
-53
-47
-41
-34
-27
-20
-15
-11
-9
-9
-11
-15
-20
-27
-36
-45
-54
-63
-72
-79
-85
-88
-89
-88
-84
-78
-69
-58
-45
-30
-14
3
21
40
60
79
98
116
132
148
162
174
184
191
195
196
194
188
179
167
152
136
117
97
78
58
40
24
9
-1
-10
-16
-19
-18
-16
-11
-5
2
10
19
27
35
42
47
52
55
56
57
55
52
48
41
33
22
10
-4
-20
-38
-58
-78
-98
-117
-135
-152
-166
-177
-185
-191
-193
-193
-191
-186
-180
-172
-163
-153
-143
-133
-122
-112
-102
-92
-82
-73
-65
-57
-49
-42
-36
-30
-25
-21
-17
-13
-10
-7
-3
0
5
10
15
21
28
34
39
44
48
51
53
53
52
49
45
40
34
27
21
14
9
4
1
0
1
4
9
16
25
35
45
56
67
76
85
92
98
101
103
102
100
97
92
87
81
76
71
67
64
62
61
60
60
60
60
59
57
54
49
42
33
23
11
-2
-17
-33
-50
-66
-83
-99
-113
-127
-138
-147
-154
-157
-158
-156
-150
-142
-130
-115
-98
-79
-59
-39
-18
0
18
33
46
55
61
64
63
60
53
44
34
22
9
-3
-16
-29
-41
-52
-61
-69
-75
-78
-79
-78
-74
-67
-58
-46
-31
-14
3
22
42
61
79
96
110
122
130
136
139
139
137
133
127
119
110
100
90
79
68
57
46
35
25
15
6
-1
-9
-15
-20
-24
-26
-26
-25
-22
-17
-10
-2
6
16
26
37
48
58
67
76
83
88
92
93
92
89
84
77
69
59
48
37
25
13
2
-8
-19
-28
-36
-43
-48
-52
-54
-54
-53
-50
-45
-39
-32
-25
-17
-10
-3
1
6
8
9
9
6
2
-2
-8
-14
-21
-28
-35
-40
-45
-49
-51
-53
-53
-52
-49
-46
-43
-38
-34
-29
-25
-21
-17
-15
-14
-13
-14
-16
-19
-22
-25
-27
-29
-30
-30
-28
-25
-21
-15
-8
-1
6
14
22
29
36
42
47
51
55
57
58
59
58
57
54
51
47
42
35
28
20
12
4
-3
-11
-17
-23
-27
-29
-30
-30
-29
-28
-27
-26
-25
-25
-26
-28
-31
-34
-37
-40
-42
-44
-44
-43
-40
-36
-32
-26
-21
-15
-10
-5
-2
0
0
0
-1
-3
-8
-13
-19
-27
-36
-46
-57
-68
-79
-91
-102
-111
-120
-127
-131
-133
-132
-129
-123
-115
-105
-94
-82
-70
-59
-48
-39
-32
-26
-22
-20
-18
-18
-18
-19
-19
-19
-18
-16
-13
-8
-2
5
14
24
36
48
62
76
90
105
120
134
148
161
172
182
190
195
197
196
191
183
170
154
134
113
89
65
42
20
0
-16
-29
-38
-44
-46
-44
-41
-36
-29
-23
-18
-15
-13
-14
-18
-24
-32
-42
-52
-62
-72
-79
-85
-87
-86
-82
-75
-66
-54
-42
-29
-16
-4
6
15
22
27
30
31
30
27
23
17
10
3
-4
-11
-18
-25
-31
-36
-40
-44
-46
-48
-49
-49
-48
-45
-42
-37
-31
-24
-15
-5
5
17
29
42
56
70
83
96
108
119
129
138
145
149
152
152
149
144
136
124
110
94
75
54
31
8
-15
-38
-60
-80
-97
-111
-121
-126
-128
-124
-117
-106
-91
-74
-54
-33
-12
8
28
46
62
74
83
88
89
87
80
70
56
40
21
1
-19
-41
-61
-81
-99
-114
-127
-135
-141
-142
-139
-132
-122
-108
-92
-74
-55
-36
-17
0
15
29
40
48
54
58
60
60
59
58
56
56
56
58
60
65
70
77
84
91
98
105
110
114
116
115
113
108
100
91
79
66
51
35
18
1
-15
-32
-49
-64
-78
-91
-102
-111
-118
-122
-125
-125
-123
-119
-114
-108
-102
-97
-92
-89
-87
-88
-91
-96
-104
-113
-123
-134
-145
-155
-163
-168
-170
-169
-163
-154
-141
-125
-106
-85
-64
-42
-20
0
20
37
53
68
80
92
102
112
121
131
141
151
162
173
184
195
205
213
220
225
227
227
224
220
213
205
195
185
173
161
148
136
122
109
95
80
65
49
33
16
-1
-19
-37
-56
-73
-90
-105
-118
-129
-137
-143
-146
-146
-143
-138
-131
-122
-111
-100
-89
-77
-65
-54
-44
-35
-28
-21
-16
-12
-9
-7
-6
-5
-6
-6
-7
-9
-11
-13
-16
-19
-22
-26
-31
-36
-42
-48
-55
-62
-69
-76
-83
-89
-94
-99
-102
-105
-105
-104
-101
-96
-89
-80
-68
-55
-40
-23
-5
13
32
51
69
86
102
117
130
141
149
156
161
163
164
162
158
152
145
135
124
112
99
85
70
55
40
25
10
-3
-17
-29
-40
-50
-58
-63
-66
-67
-65
-60
-54
-46
-37
-27
-17
-7
1
8
14
18
21
22
22
20
19
17
15
13
12
11
11
12
12
12
11
10
7
3
0
-6
-12
-19
-27
-34
-41
-48
-54
-60
-65
-70
-74
-78
-82
-86
-89
-93
-96
-100
-103
-107
-110
-113
-116
-118
-119
-120
-119
-119
-117
-115
-112
-109
-105
-101
-96
-89
-82
-72
-62
-49
-35
-20
-3
14
33
52
71
90
109
127
144
161
176
190
203
214
224
233
241
247
252
255
257
257
254
249
241
231
217
200
181
160
137
112
88
63
39
16
-4
-23
-41
-57
-71
-85
-97
-109
-120
-132
-144
-157
-169
-181
-191
-201
-208
-212
-213
-210
-203
-192
-177
-158
-138
-115
-91
-68
-46
-26
-8
5
16
23
27
28
27
25
21
18
16
15
16
19
23
29
36
44
51
57
62
64
64
61
55
46
36
23
10
-3
-16
-27
-36
-41
-42
-38
-29
-15
2
25
52
81
112
142
172
199
223
242
256
265
268
265
256
242
223
199
171
139
104
67
28
-11
-52
-93
-134
-173
-211
-246
-279
-309
-335
-357
-376
-390
-401
-408
-412
-412
-410
-404
-396
-386
-373
-358
-342
-324
-305
-285
-264
-243
-221
-198
-175
-151
-125
-99
-71
-41
-10
22
56
90
125
160
194
226
257
286
312
336
356
373
388
400
410
418
425
431
435
439
441
443
443
441
436
428
417
401
380
354
323
287
246
201
152
101
48
-4
-55
-105
-151
-192
-229
-260
-286
-306
-320
-330
-335
-336
-334
-330
-325
-318
-311
-304
-298
-291
-285
-280
-274
-269
-264
-259
-254
-249
-243
-236
-229
-220
-210
-197
-181
-161
-138
-111
-79
-43
-4
37
80
122
163
201
232
257
272
277
270
252
222
182
131
71
6
-62
-132
-200
-262
-316
-359
-389
-404
-402
-384
-350
-301
-239
-166
-85
0
88
175
256
331
396
449
490
517
530
531
520
498
467
429
386
340
292
245
199
156
115
79
46
17
-7
-30
-49
-66
-81
-95
-106
-116
-124
-130
-134
-136
-137
-135
-131
-127
-121
-115
-110
-104
-100
-98
-97
-97
-99
-102
-105
-109
-113
-115
-117
-117
-116
-113
-108
-102
-94
-85
-74
-61
-47
-32
-15
2
22
44
66
90
115
140
165
188
210
228
243
254
260
261
258
250
238
224
209
192
176
162
150
140
133
130
129
130
132
135
136
135
131
122
108
88
63
31
-4
-45
-89
-135
-181
-228
-272
-314
-352
-384
-411
-432
-446
-452
-450
-441
-424
-399
-368
-331
-288
-241
-192
-140
-87
-35
