94
96
96
95
94
92
90
88
87
85
84
83
82
81
80
79
77
73
69
64
57
48
38
27
14
0
-15
-32
-50
-69
-88
-108
-126
-144
-160
-174
-185
-193
-198
-198
-195
-188
-177
-163
-147
-129
-109
-90
-71
-52
-36
-21
-9
0
7
12
16
18
19
20
22
24
28
32
39
46
55
64
74
83
92
100
105
109
111
110
108
103
97
91
83
75
68
61
55
49
45
41
38
35
33
31
29
27
24
21
16
10
3
-5
-16
-29
-43
-58
-75
-92
-110
-128
-145
-161
-176
-190
-200
-208
-212
-212
-208
-200
-188
-172
-152
-130
-105
-80
-53
-27
-2
21
43
62
80
94
107
117
126
133
138
142
145
147
149
149
149
148
145
142
137
132
124
116
106
96
85
73
61
50
39
29
20
12
6
0
-3
-6
-9
-11
-12
-12
-11
-10
-9
-7
-5
-2
0
1
3
5
5
5
4
2
0
-4
-10
-16
-23
-30
-38
-45
-52
-57
-62
-65
-66
-66
-64
-60
-54
-47
-40
-31
-23
-15
-7
0
5
10
13
16
17
17
17
15
13
10
7
3
0
-4
-8
-12
-16
-19
-22
-24
-26
-27
-28
-28
-27
-25
-23
-20
-16
-12
-7
-2
2
7
11
16
20
23
26
28
30
31
32
32
33
33
34
34
35
36
37
38
39
39
40
40
40
40
39
38
37
35
33
31
28
24
20
14
8
0
-8
-17
-28
-39
-50
-62
-73
-83
-92
-100
-106
-110
-112
-112
-110
-106
-100
-93
-84
-75
-64
-54
-43
-32
-22
-12
-3
5
13
21
29
36
42
47
51
54
55
54
52
48
42
36
28
19
10
1
-6
-14
-21
-26
-30
-33
-34
-34
-33
-30
-27
-23
-19
-14
-10
-6
-3
0
2
5
7
10
13
17
21
26
32
37
43
48
53
58
61
64
66
67
67
66
65
63
60
56
52
47
42
37
32
27
23
19
16
13
10
8
7
6
4
3
2
0
-1
-3
-6
-9
-12
-16
-20
-24
-28
-33
-37
-41
-44
-47
-49
-50
-51
-51
-50
-48
-45
-41
-37
-33
-29
-25
-22
-19
-17
-15
-14
-14
-13
-13
-13
-13
-12
-11
-10
-8
-6
-4
-2
0
2
4
6
8
10
11
12
14
16
18
20
23
26
28
30
31
31
30
29
26
23
20
17
14
12
11
12
13
16
20
24
29
33
37
40
42
43
42
39
35
30
24
18
11
5
1
-2
-5
-6
-5
-4
-1
2
6
10
15
18
21
24
25
24
22
18
13
6
-1
-10
-20
-30
-40
-50
-59
-67
-74
-80
-85
-88
-89
-89
-87
-83
-78
-71
-63
-55
-45
-36
-26
-16
-7
0
7
12
17
19
20
18
15
11
5
-1
-9
-16
-24
-31
-37
-42
-45
-46
-45
-43
-39
-34
-29
-22
-15
-8
-2
3
9
13
17
19
21
22
23
23
22
22
22
23
24
26
28
32
36
41
47
53
59
66
73
79
86
92
98
102
105
107
107
106
103
98
91
82
71
59
47
33
19
5
-8
-22
-34
-46
-56
-65
-73
-79
-84
-88
-90
-91
-91
-91
-90
-88
-87
-85
-83
-81
-79
-77
-75
-73
-69
-65
-60
-54
-47
-38
-29
-19
-8
3
15
27
39
50
61
71
78
84
87
88
84
78
68
55
40
22
2
-17
-38
-58
-76
-93
-106
-117
-124
-128
-127
-124
-116
-106
-93
-79
-62
-44
-26
-7
11
30
48
64
80
94
106
116
125
131
134
136
135
133
129
125
119
113
108
103
98
95
91
89
86
84
81
77
72
66
58
48
38
26
13
0
-14
-28
-42
-54
-66
-76
-84
-90
-95
-98
-100
-100
-99
-96
-93
-88
-82
-74
-65
-55
-43
-29
-14
1
17
34
50
65
79
92
103
111
116
119
119
117
111
103
93
81
67
52
35
19
1
-15
-32
-49
-65
-81
-96
-110
-123
-135
-146
-155
-163
-169
-174
-176
-177
-175
-171
-164
-156
-147
-136
-124
-112
-101
-91
-82
-75
-70
-67
-66
-67
-69
-73
-77
-80
-82
-81
-78
-71
-60
-45
-26
-4
20
46
73
99
125
148
168
184
197
206
210
210
206
198
186
170
152
131
109
87
65
45
27
13
3
-2
-3
0
6
18
31
47
63
79
93
104
111
114
112
105
92
76
55
32
7
-18
-43
-67
-88
-105
-118
-126
-129
-126
-119
-107
-91
-71
-49
-26
-2
21
42
61
76
86
92
91
84
72
54
31
3
-27
-60
-94
-128
-160
-189
-213
-231
-244
-249
-248
-240
-227
-207
-184
-157
-129
-100
-72
-45
-21
0
17
32
43
52
58
62
66
69
74
79
85
92
101
110
120
129
138
144
149
151
151
147
142
133
123
112
99
86
72
59
46
33
21
9
-1
-12
-22
-31
-39
-46
-51
-55
-56
-56
-53
-47
-39
-29
-17
-3
11
27
43
58
72
84
93
100
104
106
104
99
92
82
71
59
46
33
20
9
-1
-11
-20
-29
-37
-45
-53
-61
-71
-81
-92
-103
-115
-127
-138
-148
-156
-162
-165
-164
-159
-150
-137
-120
-100
-76
-51
-24
2
28
53
75
95
111
123
131
136
137
135
129
122
112
101
89
76
63
51
39
27
16
5
-4
-13
-23
-32
-42
-51
-62
-72
-83
-94
-105
-116
-126
-135
-143
-149
-153
-154
-152
-147
-139
-127
-113
-96
-77
-55
-33
-10
12
35
57
78
97
114
129
141
151
159
164
167
167
166
164
160
154
148
141
134
126
117
108
99
90
80
69
58
47
34
20
5
-10
-27
-45
-63
-82
-100
-118
-134
-147
-158
-165
-170
-170
-168
-162
-153
-142
-130
-115
-100
-85
-69
-53
-38
-22
-7
6
20
34
47
60
72
82
92
101
108
113
117
119
120
119
118
116
113
111
108
105
101
97
92
86
78
69
57
43
26
7
-13
-36
-60
-85
-110
-134
-157
-177
-196
-212
-225
-235
-243
-248
-250
-250
-247
-241
-234
-223
-210
-194
-175
-154
-130
-104
-77
-48
-18
10
40
68
95
121
145
166
185
201
215
226
235
241
245
246
245
241
236
227
217
204
189
172
152
131
109
85
62
38
15
-5
-24
-41
-55
-65
-73
-77
-79
-78
-75
-71
-67
-62
-58
-55
-54
-55
-57
-61
-66
-72
-79
-85
-91
-96
-100
-102
-102
-101
-98
-94
-88
-83
-76
-70
-63
-57
-50
-43
-36
-29
-21
-13
-4
4
13
23
32
41
50
57
63
67
70
71
71
69
66
62
56
50
44
38
32
27
23
19
17
16
17
19
22
26
32
39
46
55
64
74
84
94
104
114
122
129
133
134
132
126
116
102
84
63
39
13
-12
-38
-63
-85
-103
-117
-125
-128
-124
-116
-102
-85
-64
-42
-19
3
24
42
58
70
78
82
83
80
74
66
57
47
37
27
19
12
7
3
1
0
1
1
2
3
2
1
0
-4
-8
-14
-21
-29
-36
-44
-52
-59
-65
-69
-72
-74
-74
-72
-68
-63
-56
-50
-43
-37
-32
-28
-27
-28
-33
-40
-49
-61
-75
-89
-103
-116
-128
-136
-142
-143
-141
-135
-125
-112
-97
-79
-60
-41
-21
-2
14
31
46
60
72
82
91
98
104
109
113
116
118
118
117
115
111
105
98
88
78
65
51
36
20
3
-13
-29
-45
-60
-74
-86
-95
-103
-107
-109
-108
-105
-99
-90
-80
-68
-56
-43
-30
-17
-6
4
13
20
25
28
30
29
28
25
21
18
14
11
8
7
8
10
14
19
26
35
45
56
68
79
90
100
108
114
117
117
113
106
95
81
64
45
25
4
-17
-38
-57
-75
-91
-105
-117
-126
-132
-137
-139
-139
-137
-133
-126
-118
-108
-95
-80
-64
-45
-24
-2
21
45
69
93
115
134
151
163
170
173
169
161
146
128
105
79
52
24
-2
-27
-49
-68
-81
-90
-94
-94
-90
-82
-73
-63
-53
-44
-36
-31
-28
-27
-28
-29
-31
-31
-30
-26
-19
-8
4
20
39
58
78
97
114
128
139
145
146
141
132
118
99
77
53
28
3
-20
-41
-59
-73
-82
-86
-86
-81
-72
-60
-47
-33
-18
-5
5
13
19
21
20
16
8
0
-12
-25
-38
-51
-63
-74
-82
-87
-89
-88
-84
-77
-67
-56
-43
-30
-16
-4
6
16
22
27
28
27
24
18
10
2
-7
-18
-28
-38
-46
-54
-59
-62
-62
-60
-55
-47
-37
-23
-7
9
29
49
70
91
111
130
146
160
171
178
182
183
181
176
168
159
148
137
126
116
106
98
91
86
81
78
75
72
70
66
61
55
47
37
26
14
0
-12
-25
-38
-49
-58
-66
-70
-73
-73
-72
-68
-64
-60
-56
-53
-50
-49
-50
-51
-53
-56
-59
-61
-63
-63
-62
-60
-58
-56
-53
-53
-54
-58
-66
-77
-92
-111
-135
-162
-191
-223
-255
-287
-318
-346
-370
-390
-404
-412
-414
-410
-400
-384
-363
-337
-307
-273
-236
-195
-153
-108
-62
-15
31
78
124
168
209
247
282
313
340
363
381
395
406
413
417
418
416
413
407
398
388
376
361
345
326
305
283
259
233
207
181
154
127
100
74
48
23
0
-24
-46
-68
-89
-108
-127
-145
-161
-176
-190
-203
-214
-223
-230
-235
-238
-239
-237
-232
-225
-217
-206
-195
-183
-170
-158
-146
-135
-125
-117
-109
-102
-96
-91
-86
-82
-77
-72
-67
-63
-58
-52
-48
-43
-38
-34
-30
-25
-21
-16
-11
-6
0
7
15
22
30
38
45
52
57
61
64
66
67
68
69
70
72
74
79
84
92
100
109
118
127
134
141
145
146
145
140
132
122
108
92
74
53
31
7
-16
-41
-65
-89
-111
-132
-151
-167
-179
-189
-194
-196
-193
-186
-174
-158
-137
-111
-81
-47
-10
29
71
113
154
193
229
261
287
307
321
328
328
322
309
290
267
240
210
178
146
114
84
56
32
11
-6
-20
-31
-39
-45
-49
-51
-51
-51
-51
-49
-48
-46
-44
-43
-42
-41
-42
-44
-47
-51
-57
-65
-75
-87
-100
-114
-129
-145
-160
-175
-188
-201
-211
-220
-226
-229
-230
-229
-225
-218
-208
-196
-181
-164
-143
-121
-96
-69
-41
-12
17
47
77
104
130
153
173
189
201
208
210
208
201
191
178
162
145
127
109
92
76
62
50
41
34
30
28
28
31
36
43
50
58
67
76
84
91
98
102
105
106
106
103
98
92
84
75
65
54
43
31
20
9
0
-7
-14
-19
-22
-24
-25
-25
-24
-23
-21
-21
-20
-21
-23
-25
-29
-33
-38
-43
-48
-54
-59
-63
