54
43
31
17
4
-9
-22
-34
-44
-53
-59
-63
-65
-64
-61
-56
-50
-43
-35
-28
-21
-16
-13
-13
-15
-20
-28
-38
-50
-64
-79
-95
-109
-123
-134
-144
-150
-152
-151
-145
-135
-122
-104
-84
-61
-35
-9
16
41
64
85
102
116
125
130
130
126
117
106
92
77
61
45
30
18
8
2
0
1
5
11
20
28
36
42
45
45
41
32
18
1
-18
-40
-64
-88
-110
-130
-147
-159
-166
-167
-163
-153
-138
-118
-94
-67
-38
-9
19
47
72
94
112
127
137
142
144
141
135
125
112
97
80
61
41
20
-1
-22
-44
-64
-83
-100
-116
-129
-140
-149
-155
-159
-160
-159
-155
-149
-141
-131
-119
-104
-87
-68
-48
-25
-1
22
47
70
93
113
131
145
155
161
162
159
151
140
126
110
93
76
60
46
36
29
25
25
28
34
41
49
57
64
70
74
75
74
72
68
63
57
52
48
45
43
43
45
48
53
57
62
66
68
69
66
61
54
43
30
16
1
-13
-28
-41
-52
-61
-68
-73
-75
-76
-75
-73
-70
-67
-63
-61
-58
-57
-57
-58
-61
-65
-71
-78
-85
-94
-102
-110
-116
-120
-122
-120
-114
-105
-92
-76
-59
-40
-21
-4
11
24
34
40
43
42
39
33
25
17
9
2
-2
-4
-4
0
5
14
25
37
50
61
72
80
85
86
84
77
67
54
38
19
0
-19
-38
-54
-68
-78
-82
-82
-76
-65
-49
-30
-7
15
38
59
78
93
103
108
108
102
92
77
58
36
11
-15
-45
-75
-105
-135
-164
-192
-218
-242
-262
-280
-294
-305
-311
-314
-313
-308
-300
-289
-275
-259
-241
-221
-201
-181
-161
-142
-124
-108
-93
-79
-66
-55
-43
-32
-20
-7
6
21
38
56
75
95
114
133
151
166
179
190
198
203
206
207
206
206
205
205
207
210
215
221
229
238
247
257
266
274
280
285
288
289
287
282
274
264
251
235
216
194
170
142
111
78
43
6
-31
-69
-106
-142
-174
-203
-227
-245
-256
-259
-254
-241
-220
-192
-157
-118
-75
-32
10
51
87
118
142
158
166
166
159
145
125
100
72
42
12
-16
-44
-68
-89
-105
-118
-127
-132
-135
-137
-137
-137
-139
-141
-145
-151
-159
-167
-175
-183
-190
-193
-194
-190
-182
-168
-150
-127
-100
-70
-38
-6
25
55
82
106
127
144
157
168
175
180
184
186
188
188
188
187
185
182
177
171
162
152
140
126
111
95
79
63
49
37
28
22
21
25
33
46
64
85
109
134
161
187
211
232
250
262
269
270
265
254
238
216
189
159
126
91
54
18
-18
-53
-88
-121
-153
-183
-211
-237
-262
-285
-306
-324
-340
-353
-362
-368
-369
-365
-355
-340
-319
-292
-260
-223
-182
-138
-93
-49
-6
33
69
99
122
139
150
153
151
142
128
110
88
63
36
8
-19
-46
-73
-99
-122
-144
-162
-178
-191
-201
-207
-210
-210
-207
-202
-194
-185
-175
-164
-153
-141
-129
-117
-104
-90
-76
-60
-42
-24
-4
17
39
62
84
106
127
146
162
174
182
186
184
177
164
146
123
96
66
34
2
-28
-56
-80
-99
-112
-118
-118
-111
-98
-80
-57
-33
-6
19
44
66
86
102
114
123
129
132
134
135
135
136
138
140
144
149
155
161
168
174
179
182
182
180
173
162
147
126
102
74
43
9
-24
-58
-90
-121
-148
-172
-192
-207
-218
-225
-228
-227
-224
-217
-209
-198
-186
-172
-159
-145
-131
-117
-104
-93
-82
-73
-66
-61
-58
-57
-58
-61
-66
-72
-78
-84
-89
-92
-92
-89
-83
-72
-58
-40
-20
3
29
55
82
108
133
154
173
188
199
206
208
207
203
195
185
174
161
147
132
117
102
88
73
59
45
32
20
9
0
-8
-15
-19
-22
-21
-18
-13
-4
6
19
33
48
64
79
93
105
114
120
122
121
116
108
97
85
72
58
44
32
22
14
9
6
6
9
13
19
25
32
39
44
47
48
47
43
37
29
19
8
-2
-13
-23
-32
-39
-45
-48
-49
-49
-47
-44
-40
-36
-31
-27
-24
-21
-20
-19
-20
-21
-22
-24
-26
-28
-29
-30
-30
-30
-30
-30
-30
-32
-34
-39
-46
-54
-65
-76
-88
-100
-111
-119
-124
-125
-122
-115
-103
-87
-69
-48
-25
-3
18
39
57
72
84
92
95
95
90
82
72
59
45
30
16
2
-10
-21
-30
-37
-42
-46
-47
-47
-45
-41
-36
-30
-23
-15
-7
0
5
10
11
10
5
-2
-15
-31
-51
-74
-99
-125
-151
-176
-198
-217
-230
-238
-239
-233
-220
-201
-176
-145
-112
-75
-38
0
35
68
98
125
146
163
175
181
183
180
174
164
152
138
124
109
95
83
72
63
55
50
46
43
41
40
39
39
38
38
37
36
36
35
35
35
35
36
37
38
40
41
42
43
42
41
38
33
27
19
9
-1
-14
-26
-39
-52
-63
-73
-81
-87
-91
-92
-91
-88
-83
-77
-71
-65
-59
-55
-52
-51
-52
-56
-61
-67
-74
-82
-88
-94
-97
-98
-95
-89
-80
-68
-53
-36
-18
0
15
29
40
47
50
48
42
33
22
9
-3
-15
-25
-32
-34
-31
-23
-9
9
32
60
89
119
149
176
200
219
233
241
243
240
232
220
205
188
169
150
130
110
91
73
55
38
21
4
-11
-27
-42
-57
-71
-85
-98
-109
-119
-127
-133
-137
-139
-139
-137
-134
-130
-125
-120
-114
-108
-102
-95
-89
-82
-74
-67
-59
-50
-41
-32
-23
-13
-4
5
15
25
34
44
53
62
71
80
89
97
104
111
117
122
126
128
128
127
123
118
111
102
93
83
74
64
56
49
44
40
38
37
37
38
39
40
40
39
37
34
29
23
17
9
2
-5
-13
-21
-28
-35
-41
-47
-52
-58
-63
-69
-75
-81
-87
-94
-101
-108
-114
-120
-126
-130
-134
-137
-139
-141
-142
-142
-142
-141
-141
-140
-139
-138
-137
-135
-133
-130
-127
-123
-119
-114
-109
-104
-100
-94
-89
-84
-77
-71
-64
-56
-47
-38
-28
-17
-7
3
14
24
33
41
48
53
56
56
55
51
45
37
28
19
11
4
0
-2
0
5
16
32
52
77
105
135
168
200
232
261
287
308
323
332
334
330
319
302
279
253
222
189
155
120
85
52
21
-6
-32
-53
-72
-87
-98
-107
-114
-118
-121
-123
-124
-123
-123
-121
-119
-117
-114
-110
-106
-102
-97
-92
-88
-84
-81
-79
-79
-79
-81
-84
-88
-93
-97
-101
-103
-103
-102
-98
-92
-83
-73
-61
-49
-37
-25
-16
-8
-3
-1
-2
-5
-12
-20
-30
-40
-50
-57
-61
-60
-54
-41
-20
7
44
88
139
196
256
319
381
440
494
540
577
603
616
615
599
570
526
470
401
324
238
147
54
-39
-131
-218
-298
-370
-432
-483
-523
-552
-569
-575
-571
-557
-535
-506
-471
-432
-391
-347
-304
-261
-221
-184
-151
-122
-97
-78
-63
-52
-46
-43
-44
-48
-55
-63
-72
-82
-92
-102
-111
-120
-126
-132
-135
-135
-133
-128
-118
-105
-88
-67
-41
-12
19
53
88
124
158
191
220
244
263
276
283
283
278
268
254
238
219
201
183
168
155
145
139
137
137
140
145
151
156
161
164
164
160
153
143
128
110
89
65
39
11
-16
-44
-72
-98
-123
-146
-166
-184
-198
-209
-215
-218
-216
-211
-201
-187
-170
-150
-128
-105
-82
-59
-38
-19
-4
7
14
17
16
10
1
-11
-26
-42
-60
-77
-93
-108
-120
-130
-136
-139
-138
-133
-124
-110
-93
-71
-46
-18
12
45
79
112
145
175
202
224
242
254
261
262
258
249
237
221
205
187
171
156
144
136
131
130
133
138
145
154
162
168
172
171
166
156
141
120
95
66
34
1
-31
-62
-91
-116
-136
-151
-161
-166
-166
-161
-153
-141
-128
-113
-98
-83
-68
-54
-42
-31
-21
-13
-6
0
4
8
11
14
16
19
21
23
25
28
31
34
39
44
50
58
67
77
89
101
113
125
137
147
156
162
166
167
164
159
150
139
125
109
91
71
50
27
3
-21
-48
-75
-103
-132
-161
-191
-219
-247
-272
-294
-312
-325
-333
-335
-331
-322
-308
-290
-268
-245
-220
-196
-173
-151
-133
-117
-104
-94
-87
-82
-78
-76
-74
-71
-68
-64
-60
-54
-48
-41
-35
-28
-23
-19
-16
-15
-15
-17
-19
-23
-27
-31
-35
-37
-39
-39
-38
-35
-30
-24
-17
-9
-1
7
16
25
34
42
50
59
67
76
86
96
107
120
132
146
159
172
185
196
206
215
221
224
226
224
220
213
204
192
179
163
146
128
109
89
70
51
32
15
0
-14
-26
-35
-42
-46
-47
-47
-44
-41
-37
-33
-29
-26
-25
-25
-27
-31
-36
-43
-50
-59
-67
-75
-83
-89
-93
-96
-97
-96
-94
-90
-84
-78
-71
-64
-57
-50
-43
-36
-29
-22
-14
-5
5
17
30
45
61
77
93
108
121
131
137
139
135
126
113
94
70
42
12
-19
-53
-85
-116
-144
-168
-187
-201
-209
-210
-206
-196
-182
-164
-142
-119
-94
-69
-45
-21
1
23
44
63
82
100
116
133
148
163
176
188
199
209
216
222
226
227
226
223
217
210
200
188
173
157
140
121
100
78
55
32
9
-14
-36
-58
-78
-96
-112
-125
-136
-145
-151
-155
-157
-157
-156
-154
-151
-147
-144
-140
-136
-133
-130
-127
-123
-120
-116
-112
-108
-102
-97
-90
-83
-76
-69
-62
-54
-47
-41
-34
-28
-21
-14
-7
0
8
17
26
35
44
53
62
69
76
81
84
86
85
82
76
69
59
47
34
21
7
-6
-19
-30
-39
-45
-49
-51
-51
-48
-44
-39
-34
-28
-23
-20
-17
-15
-15
-16
-17
-18
-19
-19
-17
-14
-9
-2
6
17
29
41
53
65
75
84
90
94
95
93
89
82
74
64
53
42
31
21
12
4
0
-3
-4
-3
0
3
9
15
22
29
34
38
40
39
36
29
20
7
-7
-24
-42
-60
-78
-95
-111
-124
-135
-142
-147
-149
-148
-144
-138
-128
-117
-104
-88
-72
-54
-36
-18
0
16
32
47
60
72
82
92
100
108
116
122
129
134
139
143
145
145
144
140
135
127
118
107
96
83
69
56
42
29
16
4
-6
-16
-25
-33
-39
-44
-47
-49
-48
-46
-42
-37
-30
-23
-16
-10
-5
-2
-1
-3
-8
-15
-25
-36
-48
-60
-72
-83
-91
-97
-99
-99
-96
-91
-84
-76
-67
-60
-54
-51
-50
-52
-57
-65
-75
-87
-100
-112
-123
-132
-138
-140
-138
-131
-120
-104
-84
-61
-35
-9
