12
14
14
12
8
3
-2
-8
-14
-18
-21
-22
-19
-13
-4
8
24
42
62
83
104
123
141
157
169
177
181
181
176
168
156
142
125
108
91
76
62
51
43
40
40
44
52
64
78
95
112
130
148
164
177
187
193
195
192
184
171
155
135
112
88
64
39
15
-6
-25
-42
-56
-66
-74
-79
-80
-80
-78
-74
-70
-65
-60
-56
-52
-48
-45
-42
-39
-36
-33
-29
-24
-19
-14
-10
-6
-3
-1
-1
-2
-6
-12
-20
-30
-41
-54
-67
-82
-96
-109
-122
-133
-143
-149
-153
-154
-152
-147
-140
-131
-120
-109
-97
-86
-76
-66
-58
-51
-45
-39
-34
-29
-23
-16
-9
-1
7
16
27
37
47
57
67
75
83
90
96
101
106
111
116
120
125
130
134
138
141
142
141
138
133
124
114
101
86
70
54
38
24
11
1
-5
-10
-12
-12
-11
-8
-4
-1
0
1
0
-3
-9
-18
-29
-43
-58
-74
-90
-106
-121
-134
-144
-152
-156
-157
-153
-146
-136
-122
-106
-88
-69
-50
-31
-13
1
14
24
31
34
35
32
27
21
13
5
-2
-10
-16
-21
-25
-27
-27
-26
-22
-17
-11
-2
7
18
31
44
58
72
85
96
105
112
115
115
110
102
91
76
58
38
17
-4
-27
-49
-71
-92
-112
-130
-146
-161
-174
-185
-195
-202
-208
-213
-215
-215
-213
-210
-204
-197
-188
-177
-165
-151
-137
-121
-106
-91
-76
-63
-51
-41
-34
-28
-24
-22
-21
-20
-20
-18
-15
-10
-3
6
19
35
53
73
94
115
135
155
172
187
199
208
215
219
222
222
221
218
215
211
206
201
194
187
178
169
158
146
134
121
108
94
81
69
57
45
35
25
16
8
0
-6
-13
-20
-26
-33
-39
-46
-53
-60
-69
-79
-90
-102
-116
-130
-145
-161
-175
-189
-200
-209
-215
-217
-214
-208
-197
-182
-163
-141
-117
-92
-66
-40
-16
6
26
43
57
67
73
76
76
74
71
67
63
60
60
61
65
72
81
91
103
116
128
140
149
157
161
161
157
148
135
118
97
74
49
25
3
-13
-25
-31
-28
-17
0
26
58
94
132
171
207
239
266
286
298
301
295
281
259
230
195
154
111
65
19
-26
-71
-112
-151
-185
-214
-238
-256
-269
-276
-278
-274
-265
-252
-235
-216
-195
-174
-152
-132
-114
-98
-85
-74
-65
-58
-50
-43
-34
-24
-11
3
21
40
60
81
99
115
128
135
137
134
125
111
94
73
52
30
9
-8
-23
-35
-44
-49
-51
-51
-51
-50
-50
-52
-56
-61
-69
-79
-90
-102
-112
-121
-127
-130
-128
-122
-111
-95
-77
-55
-31
-7
15
36
54
68
78
83
83
79
70
57
41
22
2
-18
-40
-61
-81
-99
-116
-132
-145
-158
-169
-180
-190
-199
-207
-214
-219
-222
-222
-218
-211
-200
-184
-163
-139
-111
-80
-46
-11
23
57
90
121
149
173
194
210
223
232
238
240
239
236
230
222
213
203
191
179
167
154
142
129
117
104
92
81
69
58
47
35
24
13
1
-10
-22
-34
-46
-58
-70
-82
-92
-101
-109
-115
-119
-120
-120
-117
-112
-106
-98
-90
-82
-73
-66
-61
-57
-55
-56
-58
-62
-68
-74
-80
-86
-90
-92
-92
-89
-83
-74
-62
-48
-30
-11
9
31
53
75
97
117
137
154
169
181
190
197
201
201
199
194
186
177
166
154
140
127
113
100
88
76
65
55
47
39
33
28
24
21
18
16
14
12
11
9
7
6
4
2
0
-1
-3
-6
-9
-13
-16
-20
-23
-26
-29
-31
-32
-31
-30
-27
-23
-18
-12
-5
1
8
14
20
24
27
28
28
26
22
17
10
2
-6
-16
-27
-38
-49
-59
-69
-77
-84
-89
-93
-94
-93
-91
-86
-79
-72
-62
-52
-41
-30
-18
-6
5
17
28
39
50
59
67
74
80
85
87
88
86
83
77
69
59
48
35
20
5
-9
-23
-37
-50
-60
-69
-75
-79
-82
-82
-80
-76
-71
-64
-56
-48
-38
-28
-18
-8
1
10
18
26
32
36
39
40
39
36
30
23
14
4
-6
-17
-28
-38
-47
-54
-59
-62
-63
-61
-57
-52
-45
-38
-30
-22
-13
-5
1
8
14
18
22
24
25
25
24
22
19
15
12
7
3
0
-5
-10
-14
-19
-23
-27
-31
-33
-35
-36
-37
-36
-35
-34
-31
-29
-26
-24
-21
-19
-17
-16
-15
-14
-13
-13
-13
-13
-13
-13
-12
-10
-7
-3
1
7
14
22
30
38
44
50
54
56
55
53
47
40
30
20
8
-3
-14
-25
-34
-41
-47
-50
-51
-50
-47
-43
-38
-31
-25
-18
-11
-6
-1
1
3
4
4
2
0
-4
-8
-12
-16
-19
-22
-23
-22
-19
-15
-8
0
11
23
36
51
65
78
91
101
108
112
113
109
101
90
75
56
36
14
-7
-29
-49
-66
-80
-90
-96
-98
-95
-88
-77
-63
-47
-30
-13
3
19
33
45
54
59
62
61
56
49
40
28
15
0
-13
-28
-42
-54
-65
-73
-79
-82
-83
-80
-75
-67
-57
-45
-32
-17
-2
12
27
41
53
64
73
79
84
86
86
84
80
74
66
58
49
40
32
24
16
10
5
2
0
-2
-4
-5
-6
-7
-9
-12
-15
-19
-24
-29
-35
-41
-48
-54
-59
-64
-69
-72
-74
-75
-74
-73
-70
-66
-60
-54
-46
-37
-27
-17
-6
4
14
24
33
41
47
52
55
56
56
54
52
48
44
40
35
30
25
20
15
10
5
0
-3
-8
-11
-14
-16
-17
-16
-13
-8
-2
5
15
26
37
48
59
69
77
83
86
85
82
75
65
52
37
21
4
-12
-28
-43
-56
-66
-74
-78
-80
-79
-75
-68
-60
-51
-41
-31
-22
-13
-7
-2
0
-1
-4
-11
-20
-32
-46
-62
-80
-98
-117
-135
-152
-167
-179
-186
-189
-186
-177
-162
-142
-115
-83
-46
-6
36
80
125
168
209
246
278
305
326
340
348
349
344
333
317
295
269
240
207
173
138
102
67
34
2
-27
-53
-76
-95
-111
-123
-130
-135
-135
-133
-128
-120
-110
-99
-86
-72
-58
-45
-32
-21
-12
-5
-1
0
0
-4
-10
-18
-26
-36
-45
-53
-61
-67
-72
-75
-77
-78
-79
-80
-81
-82
-85
-88
-92
-96
-100
-104
-108
-110
-111
-110
-106
-101
-93
-83
-71
-57
-42
-25
-6
12
32
52
72
92
112
131
148
163
177
187
194
198
198
193
184
170
151
129
103
75
45
14
-16
-45
-72
-96
-115
-131
-141
-146
-147
-142
-133
-120
-104
-85
-65
-46
-26
-9
5
16
23
25
23
17
6
-8
-26
-46
-69
-93
-117
-140
-161
-179
-193
-203
-207
-206
-197
-183
-162
-136
-105
-70
-33
4
42
78
110
139
162
179
191
198
199
196
189
180
169
158
146
135
126
117
110
103
98
92
87
82
76
70
63
56
48
41
34
28
22
19
16
14
13
13
14
14
15
14
14
12
10
6
2
-3
-10
-18
-26
-35
-44
-52
-60
-66
-71
-74
-75
-74
-70
-65
-58
-50
-41
-31
-22
-13
-5
0
4
7
8
7
5
1
-3
-9
-15
-22
-29
-36
-43
-50
-58
-65
-73
-80
-87
-93
-98
-102
-105
-106
-105
-102
-97
-90
-80
-68
-54
-38
-21
-3
15
35
55
75
93
111
128
143
156
167
175
181
185
186
185
181
176
170
163
154
146
137
128
119
110
101
90
79
66
51
34
14
-6
-28
-52
-76
-99
-120
-139
-155
-166
-173
-175
-172
-164
-151
-135
-116
-95
-72
-50
-29
-10
6
19
27
32
31
26
17
4
-11
-31
-51
-73
-95
-116
-135
-151
-164
-172
-176
-175
-168
-156
-140
-120
-96
-70
-42
-13
15
43
68
92
113
130
143
153
159
161
160
156
149
140
130
118
105
93
81
69
58
48
39
32
25
19
13
7
0
-6
-14
-23
-32
-43
-53
-64
-74
-82
-89
-94
-95
-94
-90
-83
-73
-60
-46
-30
-14
1
17
31
43
52
58
61
62
59
53
46
37
26
15
3
-7
-18
-28
-37
-45
-51
-57
-60
-62
-63
-62
-60
-57
-51
-45
-36
-26
-15
-2
12
27
43
59
74
89
102
113
122
128
132
134
133
131
126
121
114
107
100
92
84
76
68
60
52
45
37
29
21
12
3
-6
-16
-27
-38
-48
-59
-68
-77
-84
-90
-94
-97
-98
-98
-96
-93
-88
-82
-75
-66
-57
-47
-37
-27
-17
-8
0
7
13
18
21
24
25
26
26
25
24
23
21
19
17
14
11
8
5
1
-2
-7
-11
-17
-22
-27
-31
-35
-38
-40
-41
-40
-39
-36
-33
-30
-26
-22
-18
-14
-10
-5
-1
3
8
13
19
25
31
38
44
51
57
64
69
74
79
83
86
88
89
90
89
89
87
85
82
79
74
69
64
56
48
38
27
14
-1
-18
-37
-58
-81
-105
-130
-155
-179
-201
-220
-235
-245
-250
-247
-238
-222
-199
-170
-137
-99
-59
-18
22
60
95
125
149
167
178
183
182
174
161
143
122
97
70
41
11
-18
-48
-78
-107
-136
-162
-188
-211
-232
-250
-265
-276
-284
-287
-285
-278
-266
-248
-226
-199
-168
-134
-98
-61
-25
9
42
71
97
118
136
150
160
168
173
175
175
174
170
166
160
153
145
137
128
119
110
102
93
86
79
72
67
62
59
56
55
54
56
58
61
66
71
76
82
87
91
93
93
91
86
79
68
54
39
21
3
-14
-31
-47
-60
-71
-79
-83
-85
-84
-80
-75
-67
-59
-51
-42
-34
-27
-20
-15
-11
-9
-7
-7
-7
-9
-10
-12
-14
-17
-20
-22
-25
-29
-32
-36
-40
-43
-47
-50
-53
-54
-55
-54
-51
-47
-40
-31
-20
-8
6
22
39
56
72
88
101
113
122
128
131
132
130
126
120
112
104
95
85
76
67
58
50
41
33
26
18
11
5
-1
-6
-10
-12
-13
-12
-9
-4
2
10
20
30
40
50
58
64
68
67
63
54
42
25
6
-15
-39
-63
-86
-106
-124
-137
-147
-151
-151
-146
-137
-124
-109
-92
-73
-54
-34
-15
3
21
37
53
67
79
90
101
110
118
125
131
137
141
144
145
145
142
137
129
118
105
89
70
49
27
3
-21
-46
-71
-95
-118
-139
-158
-174
-187
-196
-201
-201
-196
-188
-176
-160
-142
-122
-102
-83
-64
-48
-35
-25
-19
-15
-15
-17
-21
-25
-30
-34
-37
-38
-37
-35
-30
-25
-19
-12
-4
1
7
13
17
19
21
21
20
19
17
14
11
8
5
3
2
1
0
0
1
2
3
5
6
8
