-69
-73
-77
-79
-81
-81
-80
-77
-74
-68
-62
-55
-48
-40
-31
-23
-16
-9
-3
0
3
5
4
1
-2
-9
-17
-26
-36
-48
-59
-69
-79
-88
-95
-100
-103
-105
-104
-102
-98
-93
-87
-81
-73
-66
-59
-51
-44
-36
-28
-20
-11
-2
8
19
31
43
55
68
80
91
100
108
114
118
120
120
118
113
107
99
90
80
69
58
46
36
26
17
8
1
-3
-8
-13
-16
-19
-21
-24
-26
-28
-29
-31
-32
-33
-33
-34
-34
-34
-34
-35
-35
-35
-36
-37
-37
-38
-38
-37
-36
-33
-30
-25
-19
-12
-4
4
13
23
32
40
48
54
58
61
61
60
57
52
46
39
31
23
14
5
-2
-10
-18
-26
-33
-39
-44
-49
-53
-57
-60
-62
-63
-63
-63
-61
-59
-56
-53
-49
-44
-40
-35
-29
-24
-19
-13
-8
-2
2
8
15
21
29
37
46
55
66
77
89
101
113
124
134
142
149
153
154
152
147
139
129
116
101
84
66
47
29
11
-5
-20
-33
-45
-54
-60
-65
-68
-69
-70
-69
-68
-66
-65
-64
-62
-60
-59
-56
-53
-48
-43
-36
-28
-19
-9
1
12
22
32
41
48
54
57
59
58
55
50
43
34
24
12
0
-13
-28
-42
-57
-72
-86
-100
-112
-124
-135
-143
-151
-156
-159
-160
-159
-155
-149
-140
-129
-116
-100
-83
-65
-46
-27
-8
9
26
41
53
63
70
73
74
72
67
60
51
41
30
20
11
4
0
-2
-2
0
6
13
22
32
42
51
59
65
68
69
67
63
57
48
39
28
18
8
0
-9
-15
-20
-23
-24
-23
-21
-18
-14
-10
-6
-3
0
2
4
5
5
4
3
2
1
0
0
0
0
1
4
8
12
16
21
26
30
34
37
39
41
41
42
41
40
39
37
35
33
30
27
24
21
16
11
6
0
-7
-15
-24
-32
-41
-48
-55
-60
-64
-66
-67
-66
-63
-59
-55
-49
-44
-38
-32
-26
-21
-15
-10
-5
0
4
9
14
19
24
29
33
38
43
47
51
55
58
60
61
61
60
57
52
45
37
27
15
3
-10
-25
-40
-54
-68
-80
-91
-100
-107
-111
-113
-112
-108
-101
-91
-78
-62
-44
-24
-3
18
41
63
85
105
124
141
156
168
178
186
191
195
196
196
194
190
186
180
173
165
157
147
135
122
108
91
73
54
32
9
-13
-37
-61
-85
-108
-129
-149
-165
-180
-191
-198
-203
-204
-202
-196
-188
-178
-166
-153
-139
-124
-111
-97
-85
-75
-66
-59
-54
-50
-49
-49
-50
-52
-55
-57
-60
-61
-62
-62
-61
-58
-55
-50
-44
-38
-31
-25
-18
-11
-5
0
6
11
15
20
24
28
33
38
43
49
55
62
68
75
80
86
90
94
97
99
100
99
98
95
91
87
82
76
71
65
60
55
51
47
43
39
36
32
29
25
21
18
14
11
7
5
2
0
-2
-5
-8
-12
-17
-22
-28
-35
-42
-49
-56
-62
-68
-71
-74
-74
-73
-70
-65
-58
-51
-42
-34
-25
-17
-9
-2
2
7
10
12
13
14
13
12
10
8
6
3
1
0
-2
-3
-3
-2
0
2
7
12
19
26
33
41
49
57
64
71
77
81
85
87
87
87
85
82
77
72
65
57
48
38
26
14
2
-10
-22
-34
-45
-54
-61
-67
-70
-71
-71
-69
-65
-59
-52
-44
-35
-25
-13
0
13
27
42
58
73
87
101
112
122
128
133
134
132
126
118
107
94
79
62
45
27
9
-7
-23
-37
-49
-60
-69
-76
-82
-86
-88
-89
-89
-87
-85
-82
-78
-74
-71
-68
-66
-65
-67
-70
-75
-82
-92
-103
-116
-130
-144
-158
-171
-182
-191
-197
-199
-197
-192
-183
-171
-156
-140
-122
-103
-85
-66
-49
-33
-17
-2
11
24
37
51
65
79
93
108
123
138
151
163
173
180
184
185
182
176
168
158
147
135
124
114
105
97
91
87
84
81
79
78
75
72
68
63
57
50
43
35
27
20
13
7
1
-3
-9
-16
-24
-33
-46
-61
-78
-99
-122
-146
-170
-195
-217
-237
-253
-264
-270
-270
-264
-251
-233
-209
-181
-150
-117
-83
-50
-19
8
32
51
64
72
75
73
66
57
45
32
18
6
-5
-14
-20
-23
-22
-18
-9
3
19
38
60
84
110
135
161
186
208
228
244
257
264
267
265
257
245
228
207
183
158
130
103
75
49
24
0
-20
-40
-58
-75
-89
-103
-115
-125
-135
-142
-148
-152
-154
-153
-151
-145
-137
-127
-115
-102
-87
-72
-57
-42
-29
-16
-5
3
11
18
24
29
34
37
41
44
48
51
53
55
55
54
51
46
40
31
21
9
-2
-14
-25
-35
-42
-46
-47
-45
-39
-30
-19
-6
7
21
35
47
58
67
74
78
80
80
77
73
66
59
50
39
28
16
3
-9
-22
-36
-50
-63
-75
-86
-96
-104
-110
-114
-116
-116
-115
-112
-108
-104
-99
-94
-90
-87
-84
-82
-81
-81
-81
-82
-82
-81
-80
-76
-70
-61
-48
-33
-14
7
31
57
84
110
136
161
182
201
215
225
230
230
226
217
205
189
171
150
128
105
81
57
33
9
-14
-37
-59
-80
-99
-115
-130
-141
-148
-151
-150
-143
-133
-118
-98
-76
-51
-23
4
32
58
83
105
123
137
147
152
152
148
140
129
114
96
77
56
33
10
-12
-35
-57
-78
-97
-114
-129
-141
-151
-156
-159
-159
-155
-149
-140
-129
-117
-104
-90
-77
-64
-53
-42
-33
-26
-20
-15
-12
-9
-8
-7
-7
-7
-6
-6
-5
-3
-1
1
4
8
12
17
22
26
30
33
36
38
38
38
38
36
35
33
31
30
30
32
35
39
46
56
67
81
96
113
131
149
166
182
196
207
216
220
221
217
209
198
182
163
141
117
91
64
37
9
-16
-42
-66
-89
-108
-125
-140
-151
-159
-164
-166
-166
-163
-157
-150
-142
-132
-123
-113
-104
-96
-88
-82
-76
-72
-68
-66
-64
-64
-64
-65
-67
-70
-73
-77
-80
-83
-86
-87
-87
-86
-82
-77
-71
-63
-53
-43
-33
-23
-13
-5
0
5
7
8
6
3
0
-4
-8
-11
-12
-10
-6
0
11
24
40
58
77
97
117
136
154
169
181
190
195
196
192
185
173
158
139
118
95
70
46
21
-1
-23
-42
-58
-71
-80
-86
-87
-84
-78
-70
-58
-46
-32
-19
-6
4
14
21
25
27
27
24
19
13
5
-2
-12
-21
-30
-39
-47
-55
-62
-69
-75
-80
-85
-89
-92
-94
-95
-95
-95
-93
-89
-85
-81
-75
-69
-62
-55
-48
-41
-33
-26
-19
-12
-5
1
8
14
21
27
33
39
45
52
57
63
69
74
78
81
84
86
86
86
84
81
78
73
67
60
52
44
35
27
19
11
4
-2
-7
-10
-13
-14
-14
-13
-11
-8
-5
-1
1
4
6
7
7
5
3
0
-5
-11
-18
-26
-34
-41
-48
-55
-60
-64
-67
-68
-67
-66
-63
-59
-54
-49
-45
-40
-36
-33
-30
-28
-27
-26
-25
-25
-24
-23
-21
-19
-16
-12
-7
-2
3
10
17
23
30
35
40
43
45
46
44
42
37
32
26
19
13
7
1
-2
-5
-7
-7
-5
-2
2
8
16
24
33
43
51
59
66
71
74
74
73
70
65
59
52
45
37
30
23
17
11
7
4
2
1
2
4
6
10
13
17
21
24
27
29
31
31
31
30
28
26
23
19
15
10
5
0
-5
-11
-17
-22
-28
-32
-36
-40
-42
-43
-43
-42
-39
-36
-31
-25
-18
-10
-1
7
16
25
34
43
51
58
64
69
71
71
69
65
57
48
36
22
7
-8
-25
-42
-59
-75
-88
-100
-110
-117
-121
-122
-121
-117
-111
-104
-95
-86
-76
-65
-55
-46
-37
-29
-23
-18
-13
-11
-9
-8
-8
-9
-9
-9
-9
-8
-5
-2
2
7
12
17
22
25
26
26
24
19
14
7
0
-8
-15
-22
-27
-30
-31
-30
-27
-22
-16
-8
0
9
18
27
35
42
49
53
57
59
61
62
62
62
61
61
61
62
63
65
67
69
70
71
71
70
67
62
55
47
36
24
10
-3
-19
-34
-50
-65
-79
-91
-102
-110
-116
-119
-121
-120
-117
-113
-109
-104
-99
-94
-89
-85
-81
-78
-74
-70
-66
-60
-54
-45
-36
-25
-12
0
14
28
41
53
63
70
75
78
77
73
68
60
50
40
30
19
10
1
-5
-10
-14
-16
-17
-16
-14
-11
-8
-4
0
3
7
11
15
18
22
25
29
33
38
44
50
57
65
73
81
89
96
102
106
108
107
103
96
85
73
57
41
23
5
-10
-25
-38
-47
-52
-54
-51
-45
-36
-24
-10
4
20
36
50
64
75
83
88
91
90
86
80
71
60
47
34
20
6
-8
-22
-37
-51
-65
-79
-92
-106
-118
-130
-141
-150
-158
-164
-167
-168
-166
-162
-155
-146
-134
-120
-104
-88
-70
-52
-34
-16
0
15
29
41
51
59
64
66
66
63
57
49
39
28
15
3
-8
-20
-30
-38
-43
-46
-47
-45
-40
-34
-26
-18
-8
0
8
14
19
22
23
22
19
15
10
6
3
1
1
4
8
16
25
37
50
65
80
95
109
122
133
142
147
150
149
144
136
124
109
92
74
54
34
15
-3
-20
-35
-47
-58
-65
-70
-74
-75
-75
-73
-72
-70
-68
-67
-67
-68
-70
-72
-74
-76
-78
-80
-80
-79
-77
-73
-68
-62
-56
-48
-40
-32
-24
-16
-8
-2
3
8
13
16
19
21
24
26
29
33
37
42
48
56
64
72
81
90
99
108
115
122
127
131
133
134
133
131
127
123
116
109
99
89
76
62
46
29
11
-8
-28
-48
-68
-87
-104
-119
-131
-140
-145
-146
-143
-135
-124
-109
-92
-71
-49
-26
-3
18
39
57
72
84
92
96
96
93
86
77
65
53
39
26
13
1
-8
-16
-22
-26
-28
-28
-26
-24
-20
-16
-11
-7
-2
1
5
8
11
14
16
18
19
20
21
21
21
21
20
18
17
14
11
7
3
-2
-8
-16
-26
-36
-48
-61
-75
-90
-104
-119
-132
-144
-154
-161
-165
-166
-163
-157
-147
-133
-117
-98
-76
-54
-31
-9
12
31
48
62
72
79
83
84
82
78
73
66
60
54
49
44
41
39
39
39
40
42
45
47
49
50
50
49
46
42
35
27
17
5
-7
-21
-35
-48
-62
-74
-84
-93
-99
-103
-104
-102
-98
-91
-82
-72
-60
-47
-34
-22
-11
-1
6
12
16
18
18
16
13
