20
8
-2
-14
-25
-37
-51
-65
-80
-96
-113
-129
-144
-157
-167
-174
-177
-175
-170
-160
-146
-129
-110
-89
-68
-47
-27
-9
5
18
28
36
42
47
51
55
61
67
76
87
100
116
132
150
167
184
200
213
223
230
233
231
225
214
199
180
158
133
106
77
48
20
-7
-33
-58
-79
-98
-114
-126
-135
-141
-143
-143
-141
-136
-130
-123
-116
-109
-103
-97
-94
-92
-92
-93
-97
-101
-107
-113
-120
-125
-130
-133
-134
-133
-130
-126
-119
-112
-103
-93
-83
-73
-63
-53
-44
-34
-24
-14
-4
5
15
25
34
42
49
54
57
59
58
56
52
48
43
38
35
34
35
39
47
58
73
91
111
133
154
174
192
206
217
223
224
220
212
200
184
166
145
122
99
75
51
28
7
-12
-30
-47
-61
-74
-85
-95
-103
-110
-117
-122
-127
-130
-133
-135
-135
-135
-133
-130
-126
-121
-116
-110
-103
-96
-89
-83
-76
-69
-63
-57
-51
-45
-38
-32
-25
-17
-10
-2
6
15
23
32
40
48
55
61
66
69
70
70
68
65
60
53
46
37
28
18
8
0
-9
-16
-23
-28
-31
-32
-31
-28
-22
-15
-6
3
15
27
41
54
66
78
88
95
100
102
100
95
86
74
58
40
20
-1
-23
-45
-66
-84
-99
-110
-116
-117
-112
-101
-86
-67
-43
-18
8
35
60
82
101
116
125
130
130
126
117
106
93
79
64
50
37
24
14
4
-3
-9
-15
-19
-23
-26
-29
-31
-34
-36
-38
-40
-42
-43
-44
-44
-44
-42
-41
-38
-33
-28
-21
-13
-4
6
17
29
40
51
61
70
78
83
87
90
91
92
93
95
97
99
103
107
112
116
120
122
123
120
115
106
93
77
57
35
9
-17
-45
-73
-101
-127
-152
-175
-194
-210
-223
-233
-238
-241
-239
-235
-228
-218
-206
-193
-179
-164
-148
-133
-118
-105
-92
-81
-71
-63
-57
-51
-47
-43
-41
-38
-36
-34
-32
-29
-26
-22
-17
-11
-4
2
10
19
27
35
43
50
56
61
65
69
73
77
81
84
87
90
93
94
95
94
93
91
88
86
85
84
86
89
95
103
114
126
139
153
166
178
189
197
202
204
201
195
185
172
155
135
112
88
62
35
7
-20
-47
-75
-101
-126
-151
-173
-194
-213
-229
-243
-254
-262
-268
-270
-268
-264
-256
-246
-233
-217
-199
-180
-159
-138
-117
-96
-75
-56
-38
-22
-8
3
11
18
21
22
21
19
15
10
5
0
-3
-7
-10
-12
-13
-12
-10
-7
-3
2
8
15
22
30
37
45
53
60
68
75
83
91
99
107
114
122
128
134
138
141
142
141
138
134
127
119
108
97
85
72
58
45
33
21
10
1
-6
-13
-18
-22
-24
-26
-27
-27
-27
-26
-25
-23
-22
-19
-17
-14
-11
-8
-4
0
3
7
12
17
23
30
37
46
55
65
77
89
102
116
131
145
160
174
186
196
204
209
210
207
199
187
170
148
122
93
60
25
-10
-48
-85
-121
-156
-188
-217
-242
-262
-277
-288
-294
-295
-292
-286
-277
-265
-252
-238
-223
-208
-192
-177
-161
-144
-127
-110
-92
-73
-55
-38
-22
-10
-2
0
-3
-13
-30
-54
-84
-119
-157
-197
-237
-275
-308
-335
-354
-363
-362
-349
-326
-293
-250
-200
-144
-84
-22
38
97
152
202
246
284
315
341
360
375
386
394
399
402
404
403
401
396
389
378
364
346
324
298
268
235
200
164
128
93
61
33
9
-9
-23
-31
-35
-34
-30
-24
-17
-11
-6
-5
-8
-16
-28
-46
-69
-95
-124
-154
-184
-213
-238
-259
-276
-286
-291
-291
-284
-273
-258
-240
-219
-197
-175
-153
-132
-113
-96
-82
-70
-60
-52
-45
-39
-34
-28
-22
-16
-8
0
9
19
30
41
53
64
74
84
93
101
108
113
117
120
121
120
119
117
114
110
107
104
101
99
97
96
96
97
98
99
102
105
108
111
115
119
123
126
129
130
130
127
123
117
108
98
87
74
62
50
39
30
23
18
16
17
20
25
32
39
47
55
61
66
69
69
68
63
57
48
36
23
8
-8
-27
-46
-66
-86
-106
-124
-142
-158
-171
-181
-188
-192
-192
-188
-179
-167
-150
-130
-107
-81
-52
-22
7
37
67
94
120
142
161
175
185
190
190
185
175
160
140
116
89
60
29
-2
-33
-63
-90
-113
-132
-147
-156
-161
-160
-155
-146
-134
-120
-105
-89
-75
-62
-51
-42
-37
-34
-34
-37
-41
-48
-57
-66
-77
-88
-100
-112
-124
-136
-147
-156
-165
-171
-176
-177
-176
-170
-161
-148
-132
-111
-87
-61
-32
-2
28
58
86
113
136
156
172
184
192
195
195
191
184
175
163
150
136
122
107
93
80
68
56
46
36
28
21
15
11
9
8
9
11
15
20
25
31
36
40
42
43
41
37
31
22
11
0
-15
-30
-45
-61
-76
-89
-102
-112
-120
-126
-130
-131
-130
-128
-124
-119
-114
-109
-104
-101
-100
-100
-102
-107
-113
-120
-128
-136
-144
-149
-152
-152
-147
-138
-124
-106
-84
-59
-30
-1
28
58
87
113
137
159
178
194
207
219
228
235
241
245
248
249
249
246
241
233
223
208
191
170
145
118
89
58
27
-2
-32
-59
-83
-104
-120
-133
-141
-144
-144
-139
-132
-122
-109
-96
-82
-68
-56
-44
-35
-28
-24
-22
-22
-24
-29
-34
-39
-45
-50
-54
-57
-57
-56
-52
-47
-40
-31
-22
-14
-5
1
6
8
9
6
1
-5
-14
-24
-35
-45
-56
-65
-73
-79
-84
-86
-87
-86
-83
-79
-74
-68
-62
-56
-50
-44
-38
-34
-30
-26
-23
-21
-19
-16
-13
-9
-3
3
13
25
40
56
73
92
110
129
146
162
176
188
197
203
207
209
207
204
198
190
180
169
156
142
127
112
96
80
64
48
32
17
3
-9
-21
-32
-40
-46
-50
-51
-49
-45
-38
-29
-18
-6
6
20
33
46
57
66
72
76
76
73
66
57
44
29
13
-4
-22
-40
-56
-72
-86
-98
-109
-118
-125
-131
-137
-141
-145
-149
-152
-154
-157
-158
-159
-160
-158
-156
-151
-145
-135
-124
-110
-93
-75
-55
-34
-13
5
24
40
52
61
66
66
62
54
43
30
15
0
-13
-25
-33
-37
-37
-32
-22
-7
10
31
53
76
98
118
135
147
155
157
155
147
134
118
98
77
55
33
12
-5
-21
-34
-44
-51
-55
-56
-56
-54
-51
-49
-47
-46
-47
-49
-53
-57
-62
-67
-71
-73
-72
-68
-61
-50
-36
-19
0
19
40
60
79
94
106
114
118
117
112
104
93
80
67
56
46
40
37
39
46
57
71
88
106
124
141
154
162
165
162
153
136
114
86
53
16
-21
-61
-100
-137
-171
-201
-227
-247
-263
-273
-278
-279
-274
-266
-253
-238
-219
-199
-176
-153
-129
-104
-80
-57
-34
-13
7
26
44
61
75
89
100
109
115
119
121
119
115
108
98
86
71
53
34
13
-8
-31
-54
-77
-98
-117
-133
-146
-155
-160
-161
-158
-151
-140
-126
-109
-90
-70
-49
-28
-6
14
36
56
77
97
118
138
159
180
201
222
242
261
279
293
304
311
313
310
301
286
266
241
212
180
145
110
74
40
7
-22
-49
-73
-93
-110
-123
-134
-141
-147
-151
-155
-157
-159
-161
-163
-165
-169
-172
-176
-181
-185
-189
-193
-195
-197
-197
-196
-193
-189
-183
-176
-169
-160
-151
-141
-130
-119
-107
-94
-81
-67
-53
-38
-23
-7
8
25
42
60
80
100
122
144
166
188
209
227
243
255
263
265
260
249
231
206
174
136
93
45
-4
-55
-105
-153
-196
-232
-261
-281
-292
-293
-284
-267
-242
-211
-175
-136
-95
-55
-16
20
54
84
110
132
150
165
177
187
193
198
201
202
202
201
198
194
190
185
180
174
168
161
154
146
137
127
116
104
90
75
59
42
25
7
-10
-28
-46
-64
-80
-96
-110
-122
-132
-139
-144
-146
-144
-141
-134
-125
-114
-101
-86
-71
-55
-39
-22
-7
7
21
33
43
52
59
64
68
69
69
67
63
59
52
45
37
27
18
7
-2
-12
-22
-32
-41
-49
-57
-63
-69
-73
-76
-78
-78
-78
-76
-73
-69
-63
-55
-46
-35
-23
-10
3
17
32
47
60
72
83
91
97
101
103
102
99
95
88
81
72
62
52
42
33
24
16
10
6
4
3
4
7
10
14
18
22
25
28
29
29
28
26
24
21
17
14
11
9
6
4
2
0
-1
-3
-5
-9
-13
-19
-26
-36
-47
-61
-78
-97
-117
-139
-161
-183
-204
-223
-240
-253
-262
-267
-266
-260
-249
-233
-213
-188
-159
-128
-94
-60
-25
7
39
67
92
112
128
138
143
143
137
128
114
96
77
55
33
11
-10
-29
-47
-62
-74
-83
-88
-91
-90
-86
-80
-72
-62
-51
-39
-26
-14
-2
9
21
32
44
55
66
77
87
97
107
115
122
127
131
133
134
134
132
130
127
124
120
117
114
111
109
106
104
101
98
94
89
84
76
68
58
47
35
22
8
-5
-19
-33
-47
-60
-72
-84
-95
-105
-114
-122
-129
-135
-140
-144
-146
-147
-146
-145
-141
-137
-131
-124
-115
-106
-95
-84
-72
-60
-48
-35
-24
-13
-2
6
14
22
29
34
39
43
47
50
53
55
58
60
63
67
71
75
80
85
91
97
102
108
113
117
121
123
124
123
121
116
111
103
95
85
76
66
56
47
38
31
26
22
19
19
20
22
27
32
38
45
52
58
64
68
71
72
71
68
63
56
47
37
26
15
3
-8
-19
-30
-40
-50
-58
-66
-74
-81
-88
-96
-103
-110
-116
-122
-127
-130
-130
-128
-123
-114
-102
-87
-69
-49
-27
-3
21
46
70
93
114
133
148
160
167
170
169
163
154
141
126
109
90
71
51
31
13
-4
-20
-34
-47
-59
-69
-77
-85
-92
-99
-106
-113
-120
-128
-136
-144
-151
-157
-163
-166
-167
-166
-163
-156
-148
-137
-124
-109
-93
-76
-60
-45
-31
-20
-11
-6
-4
-7
-12
-22
-34
-49
-65
-83
-101
-119
-136
-152
-165
-176
-183
-188
-189
-187
-183
-175
-166
-155
-142
-129
-114
-98
-82
-65
-47
-28
-8
11
32
53
75
96
118
138
157
174
190
203
214
223
229
232
233
232
228
223
217
209
199
189
178
165
152
138
122
106
88
70
51
31
11
-9
-28
-47
-64
-80
-93
-104
-113
-119
-124
-127
-128
-129
-130
-131
-133
-135
-138
-142
-145
-148
-149
-149
-145
-138
-127
-113
-95
-73
-48
-22
5
31
57
79
