-36
-31
-28
-27
-28
-29
-31
-31
-30
-26
-19
-8
4
20
39
58
78
97
114
128
139
145
146
141
132
118
99
77
53
28
3
-20
-41
-59
-73
-82
-86
-86
-81
-72
-60
-47
-33
-18
-5
5
13
19
21
20
16
8
0
-12
-25
-38
-51
-63
-74
-82
-87
-89
-88
-84
-77
-67
-56
-43
-30
-16
-4
6
16
22
27
28
27
24
18
10
2
-7
-18
-28
-38
-46
-54
-59
-62
-62
-60
-55
-47
-37
-23
-7
9
29
49
70
91
111
130
146
160
171
178
182
183
181
176
168
159
148
137
126
116
106
98
91
86
81
78
75
72
70
66
61
55
47
37
26
14
0
-12
-25
-38
-49
-58
-66
-70
-73
-73
-72
-68
-64
-60
-56
-53
-50
-49
-50
-51
-53
-56
-59
-61
-63
-63
-62
-60
-58
-56
-53
-53
-54
-58
-66
-77
-92
-111
-135
-162
-191
-223
-255
-287
-318
-346
-370
-390
-404
-412
-414
-410
-400
-384
-363
-337
-307
-273
-236
-195
-153
-108
-62
-15
31
78
124
168
209
247
282
313
340
363
381
395
406
413
417
418
416
413
407
398
388
376
361
345
326
305
283
259
233
207
181
154
127
100
74
48
23
0
-24
-46
-68
-89
-108
-127
-145
-161
-176
-190
-203
-214
-223
-230
-235
-238
-239
-237
-232
-225
-217
-206
-195
-183
-170
-158
-146
-135
-125
-117
-109
-102
-96
-91
-86
-82
-77
-72
-67
-63
-58
-52
-48
-43
-38
-34
-30
-25
-21
-16
-11
-6
0
7
15
22
30
38
45
52
57
61
64
66
67
68
69
70
72
74
79
84
92
100
109
118
127
134
141
145
146
145
140
132
122
108
92
74
53
31
7
-16
-41
-65
-89
-111
-132
-151
-167
-179
-189
-194
-196
-193
-186
-174
-158
-137
-111
-81
-47
-10
29
71
113
154
193
229
261
287
307
321
328
328
322
309
290
267
240
210
178
146
114
84
56
32
11
-6
-20
-31
-39
-45
-49
-51
-51
-51
-51
-49
-48
-46
-44
-43
-42
-41
-42
-44
-47
-51
-57
-65
-75
-87
-100
-114
-129
-145
-160
-175
-188
-201
-211
-220
-226
-229
-230
-229
-225
-218
-208
-196
-181
-164
-143
-121
-96
-69
-41
-12
17
47
77
104
130
153
173
189
201
208
210
208
201
191
178
162
145
127
109
92
76
62
50
41
34
30
28
28
31
36
43
50
58
67
76
84
91
98
102
105
106
106
103
98
92
84
75
65
54
43
31
20
9
0
-7
-14
-19
-22
-24
-25
-25
-24
-23
-21
-21
-20
-21
-23
-25
-29
-33
-38
-43
-48
-54
-59
-63
-67
-70
-72
-73
-72
-70
-66
-61
-53
-44
-33
-20
-6
8
23
38
51
63
73
81
86
88
88
85
79
71
61
51
40
28
18
8
0
-6
-11
-15
-17
-19
-20
-22
-24
-28
-33
-40
-48
-58
-68
-79
-90
-100
-109
-116
-122
-125
-126
-125
-121
-115
-108
-99
-90
-80
-70
-60
-52
-44
-39
-35
-33
-32
-33
-34
-35
-35
-35
-33
-29
-24
-17
-9
0
8
18
27
35
41
46
49
51
50
48
45
41
37
32
27
23
20
17
14
12
10
9
8
7
7
8
8
10
11
13
15
18
20
21
23
24
24
24
24
22
20
17
13
7
1
-7
-16
-27
-38
-51
-63
-74
-85
-95
-103
-108
-112
-112
-110
-106
-99
-91
-81
-70
-58
-46
-34
-23
-12
-3
5
13
21
27
34
40
45
51
57
63
69
74
80
86
91
96
100
104
107
108
109
109
107
103
98
92
84
75
65
54
42
31
20
9
0
-8
-15
-21
-24
-26
-26
-24
-21
-17
-12
-5
1
9
16
25
32
40
47
53
58
63
66
68
69
69
69
68
66
63
60
57
53
48
42
36
29
22
14
6
0
-7
-14
-20
-25
-28
-31
-32
-31
-30
-27
-24
-20
-15
-11
-6
-2
1
4
6
7
8
7
6
3
-1
-7
-15
-26
-39
-55
-75
-97
-122
-150
-178
-207
-236
-263
-287
-308
-323
-332
-335
-332
-321
-303
-279
-249
-215
-177
-138
-97
-57
-17
19
54
86
115
141
165
187
206
223
239
253
266
276
284
290
293
293
289
282
271
256
239
219
197
175
152
131
112
95
82
72
65
61
59
60
61
62
61
58
52
40
24
2
-24
-55
-90
-125
-160
-193
-221
-242
-256
-262
-258
-245
-225
-197
-164
-128
-90
-53
-18
12
37
55
66
69
65
54
36
14
-11
-39
-69
-98
-126
-151
-173
-191
-205
-214
-220
-221
-219
-215
-209
-201
-192
-183
-174
-165
-157
-149
-141
-133
-125
-115
-104
-91
-76
-59
-40
-19
3
26
49
71
93
112
129
144
156
166
173
179
184
189
193
199
204
211
219
227
235
242
247
249
247
239
226
206
179
146
107
63
16
-32
-81
-128
-172
-212
-246
-273
-292
-305
-311
-311
-305
-296
-284
-270
-256
-243
-230
-219
-209
-199
-189
-178
-164
-148
-129
-106
-80
-51
-19
13
47
81
113
145
174
202
229
255
281
307
334
362
391
421
451
481
509
535
556
571
580
580
570
551
521
482
433
376
312
244
172
99
26
-42
-108
-170
-225
-275
-319
-357
-391
-419
-444
-466
-483
-497
-506
-511
-511
-505
-492
-473
-448
-416
-379
-338
-294
-250
-207
-168
-134
-108
-90
-81
-83
-94
-113
-138
-168
-198
-227
-249
-263
-265
-252
-224
-180
-119
-43
44
141
244
348
450
544
628
698
752
789
807
807
791
758
712
655
589
518
442
366
290
216
145
79
18
-35
-84
-126
-161
-190
-211
-225
-233
-235
-230
-220
-205
-187
-167
-145
-123
-103
-84
-69
-58
-51
-49
-51
-58
-68
-81
-96
-113
-130
-146
-160
-172
-180
-184
-182
-176
-163
-146
-123
-97
-67
-34
-1
31
62
91
117
138
155
167
173
174
171
163
151
136
119
100
80
60
39
20
2
-13
-28
-41
-52
-61
-70
-76
-82
-86
-89
-90
-90
-88
-84
-79
-71
-63
-53
-42
-31
-20
-11
-3
2
4
4
0
-6
-17
-29
-43
-58
-72
-85
-96
-103
-107
-107
-102
-93
-81
-66
-48
-29
-10
9
27
44
59
71
81
88
93
95
95
94
91
89
86
84
83
83
84
86
88
90
92
92
90
86
79
70
57
42
25
6
-14
-35
-58
-80
-103
-126
-150
-173
-198
-222
-248
-273
-298
-322
-343
-361
-375
-381
-381
-372
-353
-326
-289
-245
-195
-140
-83
-27
25
72
111
140
157
162
155
137
108
71
28
-18
-66
-111
-152
-187
-213
-230
-236
-232
-218
-195
-163
-123
-78
-29
23
77
131
184
234
281
324
361
391
414
429
436
435
425
408
383
353
317
277
236
193
151
111
75
44
18
-1
-16
-25
-29
-29
-27
-22
-17
-11
-6
-2
0
1
1
0
0
-2
-4
-7
-10
-14
-19
-27
-37
-50
-68
-89
-114
-144
-177
-212
-248
-285
-319
-350
-375
-395
-406
-410
-405
-391
-369
-340
-304
-262
-216
-166
-114
-61
-7
46
98
148
195
239
279
314
345
370
389
402
410
411
407
396
380
359
334
304
272
237
201
164
127
93
60
32
7
-11
-26
-34
-38
-37
-32
-23
-12
0
14
28
41
52
63
71
77
81
84
85
86
85
85
85
86
88
91
95
100
107
114
121
129
137
145
152
158
162
166
168
169
168
165
160
153
144
133
119
104
86
67
46
23
0
-25
-51
-78
-106
-135
-166
-197
-229
-261
-294
-325
-356
-385
-410
-431
-447
-457
-460
-457
-445
-427
-402
-371
-335
-296
-254
-211
-168
-128
-91
-58
-31
-10
4
12
15
12
5
-4
-16
-28
-41
-51
-59
-64
-65
-63
-56
-46
-32
-16
2
22
43
63
83
101
116
129
139
147
153
156
158
159
158
158
156
155
153
152
150
147
143
138
132
124
114
102
88
72
54
34
11
-13
-39
-67
-96
-127
-157
-186
-214
-240
-263
-281
-296
-307
-312
-313
-310
-303
-291
-277
-259
-239
-216
-192
-166
-139
-110
-80
-50
-18
12
44
76
107
137
165
191
214
235
252
266
277
286
294
300
306
313
319
327
335
342
349
353
355
352
344
331
310
282
248
205
156
101
42
-21
-86
-151
-215
-275
-330
-378
-419
-450
-472
-484
-487
-481
-467
-446
-418
-385
-349
-310
-270
-230
-190
-151
-115
-81
-49
-19
7
32
55
77
98
118
137
155
172
189
204
218
230
239
245
249
249
246
241
234
226
218
210
205
203
204
209
218
232
249
270
293
317
342
365
385
402
412
416
413
401
380
350
311
264
210
151
88
22
-44
-109
-171
-230
-282
-328
-367
-398
-422
-438
-447
-450
-448
-441
-432
-420
-408
-396
-384
-373
-364
-356
-349
-343
-336
-328
-318
-306
-290
-271
-249
-223
-194
-161
-126
-89
-50
-10
30
72
113
155
195
234
271
306
337
365
389
408
423
434
439
441
438
431
420
407
390
372
353
332
311
290
269
249
229
210
192
173
155
136
116
95
71
45
16
-15
-49
-85
-124
-163
-203
-243
-282
-320
-355
-387
-416
-440
-459
-471
-477
-477
-468
-453
-430
-400
-365
-324
-278
-230
-181
-133
-87
-45
-8
20
41
52
54
45
27
0
-34
-74
-119
-165
-209
-251
-287
-316
-336
-346
-346
-335
-313
-283
-244
-198
-147
-92
-37
18
72
123
170
213
250
283
311
335
355
371
383
393
401
406
408
409
406
401
393
382
368
349
327
301
272
239
204
166
128
89
51
14
-19
-50
-77
-99
-115
-126
-131
-130
-122
-110
-93
-72
-49
-26
-3
16
33
46
54
57
55
48
38
26
12
-3
-17
-32
-45
-56
-67
-76
-84
-91
-98
-104
-112
-119
-127
-136
-143
-151
-156
-158
-157
-151
-138
-118
-91
-56
-14
35
91
152
214
278
339
396
445
487
517
536
542
535
516
486
444
394
335
271
203
131
58
-14
-87
-159
-227
-293
-354
-409
-458
-500
-532
-556
-570
-573
-567
-552
-529
-499
-464
-426
-387
-348
-312
-279
-252
-230
-215
-207
-203
-205
-210
-216
-223
-229
-231
-230
-224
-213
-197
-176
-152
-125
-96
-66
-37
-9
15
37
55
69
78
82
82
78
71
61
49
36
22
8
-4
-17
-29
-41
-51
-60
-68
-72
-73
-70
-60
-43
-17
17
63
118
182
255
335
419
505
590
669
741
801
847
875
885
874
843
790
719
629
524
405
277
142
4
-133
-269
-399
-520
-632
-732
-819
-891
-949
-992
-1021
-1036
-1038
-1028
-1006
-974
-933
-884
-829
-767
-700
-628
-552
-472
-389
-304
-216
-127
-37
52
140
226
308
384
453
514
565
605
634
653
