-28
-33
-38
-43
-47
-49
-49
-47
-43
-37
-29
-20
-10
0
8
18
25
32
37
39
40
39
35
30
23
16
7
-1
-9
-17
-24
-31
-36
-40
-43
-45
-47
-48
-49
-49
-49
-49
-49
-49
-48
-47
-46
-44
-42
-39
-36
-32
-28
-24
-19
-14
-8
-3
1
7
12
17
22
26
31
35
38
41
42
43
42
41
38
35
30
26
20
15
10
5
0
-4
-8
-13
-19
-25
-33
-42
-51
-63
-75
-88
-102
-116
-129
-142
-153
-161
-168
-171
-171
-168
-162
-152
-139
-124
-105
-85
-63
-40
-16
6
30
51
71
89
105
117
127
134
137
138
137
134
130
124
119
113
108
103
99
96
93
91
88
85
81
75
69
61
52
42
31
19
7
-5
-18
-31
-44
-56
-68
-80
-90
-100
-107
-114
-118
-121
-121
-119
-116
-111
-104
-97
-89
-80
-71
-62
-53
-44
-35
-27
-19
-12
-6
-2
1
3
5
5
4
3
2
0
0
-2
-2
-2
-2
0
1
4
8
13
18
23
27
31
34
36
37
37
35
32
28
24
20
17
15
14
15
19
25
34
45
57
71
85
100
113
124
133
139
140
138
131
120
105
86
65
43
19
-3
-25
-45
-62
-76
-87
-94
-98
-98
-95
-89
-81
-71
-59
-47
-35
-22
-11
0
9
17
24
29
34
37
38
39
39
39
38
37
36
35
34
34
34
34
34
34
34
35
35
35
35
35
35
34
33
32
29
26
22
17
12
7
2
-3
-8
-12
-16
-20
-24
-27
-29
-32
-33
-35
-35
-36
-35
-35
-34
-32
-30
-28
-26
-23
-21
-19
-17
-15
-13
-12
-12
-11
-11
-11
-10
-10
-9
-7
-4
0
3
8
14
19
25
30
35
39
41
43
44
43
41
38
34
29
23
17
11
4
-1
-7
-12
-16
-18
-20
-20
-19
-17
-14
-12
-9
-7
-6
-5
-5
-7
-9
-12
-16
-19
-23
-26
-29
-30
-31
-31
-29
-26
-23
-18
-12
-6
0
9
18
27
38
49
60
71
81
90
98
105
110
113
113
111
107
100
90
78
63
45
26
4
-18
-42
-68
-94
-120
-146
-173
-199
-224
-249
-271
-291
-308
-320
-327
-329
-324
-312
-293
-268
-237
-201
-161
-118
-74
-30
12
52
89
122
149
172
190
201
208
210
208
202
193
181
168
153
137
120
103
86
68
51
35
19
5
-7
-17
-26
-32
-36
-38
-37
-33
-28
-21
-12
-3
6
15
23
29
34
36
36
34
30
24
16
8
0
-9
-17
-24
-29
-32
-33
-32
-29
-23
-16
-7
2
12
23
32
41
47
52
55
55
54
50
46
40
34
28
22
17
13
9
6
4
2
0
-1
-4
-8
-13
-20
-27
-36
-45
-54
-63
-71
-78
-83
-85
-86
-84
-79
-73
-66
-57
-48
-39
-30
-22
-15
-9
-4
0
3
5
7
9
11
13
15
17
21
25
29
35
41
47
54
61
68
74
79
83
85
87
86
84
80
75
69
63
57
51
47
44
42
42
43
45
48
52
55
57
58
56
53
46
38
27
13
0
-16
-32
-47
-60
-72
-80
-86
-87
-85
-79
-70
-59
-45
-29
-13
3
20
37
54
70
85
101
115
129
142
153
163
171
176
178
177
172
163
152
136
118
98
76
52
28
4
-18
-40
-60
-78
-93
-106
-117
-125
-131
-135
-137
-138
-139
-138
-137
-136
-135
-134
-133
-133
-133
-134
-135
-137
-139
-141
-143
-145
-146
-146
-145
-144
-141
-137
-132
-125
-118
-109
-99
-88
-77
-65
-53
-40
-28
-16
-3
7
19
30
40
49
57
63
67
70
71
70
68
65
62
59
56
54
54
55
58
63
69
77
85
93
101
107
111
113
112
108
101
90
76
60
42
23
4
-14
-31
-47
-61
-72
-81
-88
-93
-95
-95
-94
-90
-85
-79
-71
-63
-53
-43
-32
-22
-11
-2
6
13
19
23
26
26
23
18
11
2
-9
-23
-39
-56
-74
-92
-109
-125
-139
-151
-159
-163
-164
-161
-153
-142
-128
-111
-92
-72
-52
-32
-13
3
17
30
39
46
50
52
51
50
47
45
42
41
41
44
49
56
66
78
91
106
121
136
150
163
173
181
186
188
188
184
179
171
161
150
138
125
112
99
87
75
64
54
45
37
29
21
14
7
0
-6
-12
-18
-24
-29
-34
-38
-42
-45
-47
-49
-51
-52
-53
-53
-53
-52
-51
-50
-49
-47
-44
-42
-39
-35
-31
-26
-21
-15
-8
0
7
16
25
33
42
49
56
61
64
66
66
64
61
56
49
42
34
25
16
7
0
-8
-15
-20
-23
-25
-25
-23
-19
-13
-6
2
12
22
32
41
49
55
60
62
63
61
57
51
44
35
25
15
4
-5
-15
-24
-32
-38
-43
-47
-50
-52
-53
-53
-52
-50
-48
-45
-41
-37
-31
-25
-19
-12
-4
2
9
15
21
25
29
31
32
31
28
24
19
12
4
-3
-12
-22
-32
-41
-50
-58
-65
-71
-75
-78
-79
-78
-76
-72
-67
-60
-52
-43
-34
-25
-16
-8
0
6
12
17
21
24
26
27
27
27
27
26
24
23
22
20
19
18
17
15
12
9
4
0
-7
-14
-22
-30
-38
-45
-52
-58
-62
-65
-67
-68
-68
-67
-65
-63
-61
-58
-56
-54
-53
-52
-51
-51
-51
-51
-50
-49
-48
-46
-42
-38
-33
-27
-20
-14
-7
0
5
11
16
22
27
32
37
42
47
53
59
65
71
77
83
89
94
99
102
103
103
102
98
92
84
75
64
52
39
26
12
0
-13
-25
-35
-45
-53
-60
-66
-70
-74
-77
-79
-80
-81
-81
-80
-79
-76
-72
-67
-61
-52
-43
-31
-19
-5
9
24
40
55
68
81
91
98
103
104
103
98
91
81
70
57
43
29
16
3
-7
-18
-27
-35
-42
-48
-53
-57
-60
-63
-65
-67
-68
-69
-69
-68
-66
-63
-59
-55
-49
-44
-38
-32
-26
-21
-16
-11
-8
-5
-3
-1
0
1
3
5
7
10
14
18
24
31
39
48
57
68
78
89
99
108
116
123
127
129
129
126
122
115
106
96
85
74
62
50
38
27
16
5
-4
-14
-23
-32
-41
-50
-58
-66
-73
-79
-83
-86
-87
-86
-84
-79
-73
-65
-56
-47
-37
-27
-17
-9
-2
2
6
8
8
7
4
1
-1
-5
-9
-12
-15
-17
-19
-19
-20
-19
-18
-16
-12
-8
-3
3
10
18
27
36
46
56
65
75
83
91
98
103
106
108
108
106
102
97
91
83
75
66
57
48
40
32
25
18
12
5
0
-6
-12
-19
-27
-35
-44
-54
-63
-73
-83
-93
-101
-108
-113
-115
-114
-111
-103
-92
-78
-60
-41
-19
1
22
40
54
63
66
61
49
28
0
-33
-74
-119
-166
-213
-258
-298
-333
-360
-379
-388
-387
-378
-359
-334
-302
-265
-225
-182
-138
-94
-50
-7
34
75
114
151
187
220
251
279
303
323
338
348
353
352
346
335
319
300
278
253
228
201
175
150
125
102
81
61
44
28
13
1
-10
-20
-30
-39
-48
-56
-63
-70
-77
-83
-87
-91
-93
-94
-93
-90
-87
-82
-77
-71
-65
-59
-55
-52
-50
-50
-52
-56
-62
-70
-80
-90
-100
-110
-119
-126
-130
-131
-128
-120
-108
-91
-70
-45
-17
13
45
78
109
139
165
187
205
218
225
227
224
217
204
189
170
149
127
105
84
63
45
30
17
8
2
-1
-2
-1
1
5
9
13
17
20
22
23
23
21
17
12
6
-1
-10
-20
-31
-42
-54
-66
-79
-92
-104
-118
-131
-144
-156
-169
-180
-190
-199
-205
-210
-211
-210
-206
-198
-188
-175
-159
-140
-119
-97
-73
-49
-24
-1
21
43
62
79
93
104
113
119
123
125
126
126
125
125
125
125
127
129
132
135
139
142
145
148
149
149
148
146
142
137
131
124
116
108
100
93
86
79
73
68
64
60
56
52
48
42
35
26
15
3
-11
-26
-43
-60
-77
-94
-110
-125
-139
-152
-165
-176
-187
-197
-206
-215
-224
-232
-239
-245
-250
-253
-253
-251
-246
-237
-224
-208
-187
-163
-135
-105
-73
-41
-8
23
52
79
102
122
136
146
152
152
148
141
129
115
99
82
64
46
30
16
5
-3
-7
-8
-5
0
10
23
38
55
72
90
107
122
136
147
154
158
159
155
148
137
123
105
86
65
43
22
2
-16
-31
-43
-52
-57
-58
-55
-49
-41
-30
-18
-5
7
19
30
40
48
55
59
61
61
59
55
50
44
38
32
26
21
16
13
11
10
10
11
12
13
15
16
17
17
15
13
8
2
-5
-15
-26
-39
-52
-65
-78
-91
-101
-110
-117
-120
-121
-119
-114
-107
-97
-85
-72
-58
-44
-29
-16
-4
5
12
17
18
16
10
1
-9
-23
-38
-54
-70
-85
-99
-111
-119
-124
-125
-121
-113
-100
-83
-63
-40
-15
11
37
62
86
107
125
139
148
153
153
149
139
126
108
88
65
40
14
-10
-35
-58
-78
-96
-109
-119
-123
-124
-120
-112
-101
-87
-71
-53
-35
-17
0
15
29
41
50
57
61
63
63
61
59
55
51
47
44
42
40
40
40
41
43
45
46
47
46
45
42
38
33
27
20
13
6
0
-6
-10
-13
-14
-14
-13
-10
-7
-3
1
5
10
14
17
20
22
23
23
22
20
16
13
8
3
-2
-7
-13
-18
-22
-25
-27
-28
-29
-28
-27
-26
-25
-25
-25
-25
-27
-29
-33
-36
-41
-45
-48
-50
-51
-51
-48
-43
-36
-27
-16
-4
8
21
34
46
57
66
74
79
82
82
80
76
69
61
51
39
27
15
3
-8
-19
-28
-35
-40
-44
-45
-43
-40
-35
-28
-19
-10
0
11
22
32
42
51
58
63
67
68
69
68
66
63
60
57
55
54
53
54
55
58
61
64
67
69
70
69
66
60
51
39
24
7
-12
-33
-55
-78
-99
-119
-137
-152
-163
-170
-174
-174
-169
-162
-151
-138
-124
-108
-92
-77
-62
-49
-36
-26
-16
-9
-2
2
6
8
10
10
10
8
6
3
0
-2
-6
-9
-11
-13
-14
-13
-12
-10
-6
-1
3
9
15
22
28
34
38
42
44
45
45
44
41
38
34
30
26
23
20
18
17
17
17
18
20
23
26
29
32
35
38
40
42
43
44
44
43
42
40
39
38
37
37
37
38
38
38
38
38
36
34
31
26
21
15
8
1
-5
-12
-19
-25
-31
-36
-40
-43
-45
-46
-45
-44
-42
-38
-34
-30
-25
-20
-15
-11
-8
-6
-6
-6
