64
71
75
76
73
67
59
49
39
30
23
18
18
22
31
45
65
89
117
147
179
210
239
265
285
300
307
306
298
281
257
226
190
149
105
60
14
-31
-74
-115
-152
-185
-213
-236
-255
-268
-277
-281
-281
-278
-271
-262
-250
-236
-221
-204
-187
-168
-150
-131
-114
-97
-81
-67
-55
-45
-37
-32
-30
-30
-33
-38
-44
-53
-62
-72
-81
-90
-97
-102
-105
-105
-102
-97
-89
-79
-68
-56
-45
-33
-22
-13
-5
1
6
9
11
12
12
11
10
9
8
9
10
14
20
28
40
53
70
89
109
131
152
173
192
209
222
230
234
233
227
216
201
182
160
136
112
86
62
39
18
0
-16
-30
-40
-48
-54
-59
-62
-64
-66
-68
-71
-73
-76
-78
-81
-83
-85
-85
-85
-85
-83
-81
-79
-76
-73
-71
-69
-66
-64
-62
-59
-56
-53
-50
-46
-43
-39
-35
-32
-29
-25
-22
-18
-13
-7
0
9
20
34
49
65
83
100
117
132
145
153
158
157
151
140
124
104
81
55
29
3
-20
-42
-59
-72
-81
-84
-82
-76
-66
-53
-38
-23
-7
7
20
32
41
48
52
54
55
54
52
51
49
48
48
49
52
56
61
66
72
78
84
88
92
93
93
90
86
79
71
61
50
37
23
9
-6
-21
-38
-55
-72
-89
-106
-122
-138
-152
-165
-177
-187
-195
-201
-205
-207
-208
-207
-205
-202
-197
-192
-185
-179
-172
-164
-157
-149
-141
-133
-125
-116
-106
-94
-81
-66
-49
-29
-7
15
41
67
93
120
145
169
190
209
224
236
243
247
246
241
232
219
202
182
158
131
101
70
36
2
-31
-64
-96
-125
-150
-171
-188
-199
-205
-205
-201
-193
-180
-164
-147
-127
-108
-89
-71
-55
-40
-28
-19
-11
-5
-1
2
5
8
12
15
20
25
31
37
44
50
56
62
67
71
74
76
76
75
73
70
65
60
54
47
41
34
28
23
18
15
14
15
17
21
26
32
39
46
52
57
61
63
63
61
58
53
48
42
37
32
28
26
25
25
27
30
34
39
44
48
53
57
60
63
64
64
63
62
59
55
49
43
36
27
17
6
-4
-17
-30
-43
-56
-68
-79
-89
-96
-102
-106
-107
-107
-104
-100
-93
-86
-77
-66
-56
-44
-33
-21
-10
0
11
21
31
40
49
57
64
70
76
79
81
82
80
75
69
60
49
37
24
10
-1
-13
-22
-29
-33
-33
-29
-22
-12
1
16
32
49
64
77
87
94
95
92
83
70
52
31
7
-17
-43
-68
-92
-112
-129
-141
-148
-150
-146
-137
-123
-104
-83
-59
-33
-7
17
41
62
81
97
110
118
124
126
125
122
116
109
101
92
82
72
62
51
41
30
19
8
-3
-15
-28
-41
-55
-70
-85
-100
-115
-128
-141
-151
-159
-164
-166
-164
-160
-152
-141
-129
-114
-98
-81
-65
-49
-34
-21
-9
0
8
14
18
21
21
20
17
13
9
4
-1
-7
-13
-18
-23
-27
-30
-32
-33
-33
-31
-28
-24
-19
-14
-9
-5
-1
0
1
0
-3
-9
-16
-23
-31
-38
-44
-48
-48
-44
-36
-24
-7
13
36
62
90
117
144
169
191
210
225
237
244
248
247
244
237
228
216
202
186
168
147
125
101
75
47
19
-10
-39
-68
-97
-123
-147
-168
-186
-200
-211
-217
-219
-218
-214
-208
-200
-190
-179
-168
-157
-146
-135
-124
-112
-100
-88
-75
-62
-49
-35
-21
-8
4
17
28
39
48
55
60
63
64
62
59
54
47
40
31
23
14
7
0
-5
-10
-13
-14
-13
-11
-8
-3
1
6
10
14
16
17
17
15
12
9
5
2
0
0
0
2
6
12
19
28
37
46
55
63
70
76
79
81
80
77
72
66
58
50
41
32
24
16
10
6
3
2
3
5
8
12
16
20
24
27
29
29
28
25
20
15
8
0
-6
-14
-21
-27
-32
-35
-37
-37
-36
-34
-30
-25
-20
-14
-8
-2
3
7
10
12
13
12
11
8
5
1
-3
-7
-12
-16
-20
-23
-26
-27
-28
-28
-27
-26
-24
-21
-17
-12
-7
0
6
15
25
36
47
59
71
82
92
101
107
112
114
114
112
107
100
92
81
69
56
42
27
11
-4
-20
-35
-49
-62
-72
-80
-86
-88
-87
-82
-75
-65
-52
-37
-21
-4
12
28
43
55
64
70
72
70
64
54
42
27
10
-8
-28
-47
-67
-85
-102
-117
-129
-139
-146
-151
-152
-150
-146
-139
-129
-118
-104
-89
-73
-56
-39
-22
-6
8
21
32
40
45
48
48
45
40
32
23
13
1
-10
-22
-34
-46
-56
-66
-73
-78
-80
-78
-73
-64
-52
-36
-17
3
26
49
72
94
114
130
143
151
154
152
146
135
121
104
84
64
44
25
7
-7
-20
-31
-38
-43
-46
-47
-46
-44
-41
-39
-36
-34
-32
-31
-31
-32
-33
-34
-35
-36
-36
-36
-35
-33
-30
-27
-24
-20
-17
-14
-11
-9
-8
-8
-10
-13
-18
-23
-30
-38
-46
-54
-62
-68
-73
-75
-76
-74
-69
-63
-54
-43
-31
-18
-5
8
20
31
41
48
54
57
58
59
58
57
57
57
59
62
67
73
79
86
93
98
101
101
98
92
82
68
52
33
12
-10
-32
-54
-74
-91
-105
-115
-121
-122
-119
-111
-99
-85
-69
-51
-32
-15
0
15
27
35
41
44
45
42
38
33
27
20
15
11
8
7
8
11
16
23
30
39
49
59
69
79
89
98
106
114
120
126
131
135
137
138
138
137
133
128
120
110
97
83
66
48
29
10
-8
-26
-41
-54
-64
-70
-73
-72
-68
-61
-52
-42
-31
-21
-13
-6
-3
-2
-4
-9
-17
-26
-38
-50
-62
-75
-87
-99
-110
-120
-129
-138
-146
-153
-159
-164
-168
-170
-171
-171
-170
-167
-162
-156
-149
-140
-129
-118
-105
-92
-78
-64
-51
-38
-25
-13
-1
9
19
29
39
49
59
69
79
89
99
108
116
123
128
131
131
129
123
115
104
90
74
56
37
18
0
-16
-31
-43
-52
-56
-57
-52
-44
-32
-16
1
21
41
61
79
95
108
117
122
123
120
113
103
90
76
60
43
27
12
-1
-14
-24
-32
-39
-44
-47
-49
-51
-52
-53
-54
-55
-57
-58
-59
-60
-60
-58
-56
-51
-45
-37
-28
-16
-3
10
25
40
56
70
83
94
103
108
110
109
104
96
84
70
55
38
20
2
-14
-31
-46
-59
-70
-80
-86
-91
-93
-93
-90
-84
-76
-66
-54
-41
-27
-12
2
16
29
40
49
55
58
58
56
50
43
35
25
16
8
1
-3
-5
-5
-3
1
9
18
28
39
49
59
68
75
79
81
80
77
71
65
57
50
43
39
36
35
37
41
47
53
60
65
69
71
69
64
56
43
27
9
-11
-33
-55
-77
-97
-114
-128
-138
-143
-144
-140
-131
-118
-102
-84
-64
-43
-22
-2
16
32
45
56
64
68
69
67
63
57
50
42
34
26
19
13
9
6
5
4
5
7
9
11
12
14
15
15
15
14
13
12
10
8
5
2
-1
-6
-12
-19
-28
-38
-49
-62
-74
-86
-98
-109
-118
-125
-130
-133
-133
-132
-128
-123
-116
-109
-101
-94
-87
-80
-75
-70
-66
-63
-60
-57
-54
-51
-46
-40
-32
-24
-15
-4
5
16
26
36
44
51
55
57
57
53
46
36
24
8
-8
-27
-46
-65
-83
-98
-110
-118
-122
-121
-116
-106
-92
-74
-52
-28
-2
24
51
77
101
123
141
156
168
176
180
181
180
176
171
164
157
149
141
133
125
117
109
100
90
79
67
53
39
23
6
-11
-28
-44
-59
-71
-82
-88
-92
-92
-88
-82
-73
-62
-49
-36
-24
-12
-2
5
12
16
18
18
17
14
11
6
1
-3
-8
-13
-18
-23
-28
-33
-38
-42
-46
-51
-56
-61
-66
-71
-77
-83
-88
-93
-97
-100
-101
-101
-99
-96
-91
-86
-80
-73
-67
-60
-54
-49
-44
-39
-34
-30
-25
-19
-12
-5
3
13
24
36
48
60
72
83
92
100
105
108
108
106
101
95
88
80
73
66
61
57
56
57
60
66
74
84
96
109
122
135
148
160
170
178
184
187
186
183
176
166
153
136
118
97
75
52
30
8
-11
-29
-45
-58
-68
-75
-80
-83
-85
-86
-87
-89
-92
-97
-103
-111
-120
-130
-141
-151
-160
-167
-172
-173
-171
-165
-155
-141
-124
-104
-82
-58
-34
-11
11
31
48
62
72
78
79
77
70
59
45
27
7
-13
-35
-57
-78
-96
-112
-125
-133
-137
-136
-132
-124
-112
-99
-84
-69
-53
-39
-25
-13
-3
5
13
20
27
34
42
51
61
73
87
102
117
133
147
160
170
177
179
176
168
155
136
113
85
54
21
-13
-47
-80
-110
-136
-158
-174
-184
-188
-186
-178
-165
-147
-125
-101
-75
-48
-22
1
23
42
56
67
73
76
75
71
65
58
50
43
38
34
33
34
38
44
52
61
72
82
93
102
110
116
120
120
118
114
106
97
85
72
58
44
29
14
0
-13
-27
-39
-50
-60
-68
-75
-81
-84
-86
-87
-86
-84
-81
-78
-74
-70
-67
-63
-61
-58
-56
-53
-51
-47
-44
-39
-33
-26
-19
-10
-1
8
17
27
36
44
52
58
64
68
70
71
71
69
66
61
56
50
44
38
31
25
19
13
9
5
3
2
3
6
10
16
24
32
42
52
62
71
79
84
87
88
84
78
67
54
37
18
-2
-24
-47
-70
-93
-114
-133
-151
-165
-176
-184
-189
-190
-187
-181
-173
-162
-148
-134
-118
-102
-86
-70
-55
-40
-26
-12
0
12
25
37
49
62
75
89
102
116
130
143
154
164
172
177
179
178
173
166
156
144
129
113
96
79
62
47
32
20
9
1
-4
-7
-9
-9
-7
-5
-2
1
5
8
11
12
12
9
4
-2
-12
-24
-39
-56
-74
-93
-113
-133
-151
-169
-184
-198
-208
-216
-221
-223
-221
-217
-210
-201
-191
-178
-165
-151
-136
-121
-106
-90
-74
-58
-41
-24
-7
10
28
46
64
82
100
116
132
146
158
167
174
177
177
173
165
154
140
124
106
88
70
53
38
26
17
12
11
13
20
29
40
52
64
75
84
90
92
90
84
74
59
41
20
-1
-26
-50
-74
-96
-117
-134
-148
-158
-163
-164
-160
-152
-139
-123
-103
-81
-58
-34
-10
12
33
51
67
79
87
91
92
90
84
77
67
56
44
32
20
8
-2
-12
-22
-31
-38
-45
-52
-58
-63
-68
-72
