-75
-77
-79
-79
-78
-76
-72
-67
-61
-53
-44
-33
-21
-8
5
20
35
50
65
80
94
106
116
125
131
135
135
133
128
120
110
98
84
68
53
37
21
7
-5
-16
-24
-30
-33
-33
-30
-24
-16
-4
8
23
39
55
71
85
98
108
116
120
120
117
111
101
88
71
52
31
8
-16
-42
-69
-96
-122
-148
-172
-194
-213
-228
-239
-244
-244
-238
-225
-206
-180
-149
-112
-71
-26
19
66
112
155
195
230
259
281
296
304
304
298
286
268
246
221
193
164
133
103
72
42
12
-17
-46
-74
-102
-129
-156
-181
-205
-228
-248
-266
-281
-292
-300
-303
-303
-299
-291
-279
-264
-246
-225
-202
-178
-153
-128
-102
-78
-54
-31
-10
8
25
40
52
63
71
77
81
83
84
83
82
81
79
78
77
76
77
79
81
84
87
91
94
97
100
101
101
100
98
95
91
87
83
80
76
74
73
74
76
79
83
88
93
98
101
103
103
100
94
84
72
56
39
20
0
-18
-36
-53
-68
-81
-91
-98
-103
-105
-106
-105
-103
-101
-99
-98
-99
-101
-105
-111
-120
-130
-141
-153
-165
-175
-183
-189
-190
-187
-180
-168
-152
-132
-109
-85
-58
-32
-5
19
42
63
80
94
104
109
111
108
101
90
76
60
42
24
4
-13
-29
-43
-54
-61
-63
-61
-54
-43
-28
-9
11
34
58
81
103
123
140
155
166
173
177
177
174
168
159
146
131
114
95
74
53
30
8
-12
-32
-49
-64
-76
-84
-88
-89
-86
-80
-72
-61
-48
-35
-22
-8
4
15
25
34
40
45
47
48
46
42
37
31
25
18
12
7
3
1
0
2
6
12
19
28
38
49
59
69
77
84
89
91
90
87
81
72
62
49
35
20
5
-9
-24
-38
-50
-61
-69
-76
-81
-84
-84
-83
-81
-77
-72
-66
-60
-54
-48
-42
-36
-31
-26
-22
-18
-14
-10
-6
-2
1
6
11
16
21
25
29
33
35
37
37
36
33
30
26
21
17
13
9
7
7
8
11
15
21
27
34
40
46
51
54
55
53
49
43
35
26
15
5
-5
-14
-21
-27
-29
-29
-27
-22
-15
-7
0
9
16
22
25
26
25
20
12
3
-8
-21
-34
-47
-59
-69
-77
-81
-82
-79
-72
-62
-49
-34
-17
0
17
34
50
64
75
83
88
89
87
82
74
63
51
37
22
8
-6
-19
-31
-42
-51
-59
-64
-68
-69
-69
-67
-63
-57
-49
-40
-30
-19
-7
4
15
26
35
43
49
53
54
52
48
40
29
15
0
-18
-38
-59
-81
-103
-125
-145
-164
-181
-195
-206
-213
-217
-216
-210
-200
-186
-167
-144
-118
-90
-59
-28
3
33
62
88
111
130
145
155
161
163
161
155
147
136
124
111
97
84
71
60
51
44
38
35
34
34
36
39
44
48
53
57
61
64
65
65
62
58
51
42
32
19
5
-9
-25
-41
-56
-70
-82
-92
-99
-104
-106
-105
-103
-98
-92
-85
-78
-71
-66
-62
-60
-60
-63
-68
-75
-85
-96
-107
-119
-129
-138
-144
-148
-148
-144
-136
-125
-111
-93
-74
-52
-29
-5
18
43
66
89
111
131
150
166
180
192
202
209
214
218
220
221
220
219
216
214
210
206
202
198
193
188
182
176
169
162
153
143
132
120
105
89
71
51
29
6
-19
-45
-72
-100
-128
-155
-181
-205
-227
-247
-263
-276
-286
-293
-296
-295
-291
-284
-273
-261
-246
-229
-211
-192
-173
-153
-134
-116
-98
-81
-65
-49
-35
-20
-7
6
19
32
45
58
71
83
95
106
115
124
131
136
140
141
140
138
133
126
119
110
100
90
80
70
61
53
46
40
35
32
30
29
29
29
29
28
27
24
20
15
8
0
-9
-20
-32
-44
-56
-68
-79
-88
-96
-101
-103
-102
-98
-91
-81
-68
-53
-37
-20
-3
12
25
36
44
48
48
45
38
27
15
2
-11
-25
-36
-45
-51
-53
-51
-45
-35
-22
-7
9
28
46
65
82
96
109
118
124
126
125
120
112
101
89
74
59
44
30
16
4
-4
-11
-16
-19
-19
-17
-14
-9
-3
3
10
17
23
29
33
36
37
37
35
32
26
20
12
2
-7
-17
-28
-38
-48
-57
-64
-70
-73
-75
-74
-71
-66
-58
-49
-38
-26
-14
-2
9
19
28
36
41
45
47
48
47
45
43
41
39
39
39
42
46
52
60
70
81
93
104
115
124
131
134
133
129
120
108
92
72
51
28
4
-19
-42
-63
-81
-97
-110
-119
-125
-128
-127
-123
-117
-109
-99
-88
-77
-65
-54
-43
-33
-23
-14
-5
2
9
15
21
26
30
33
35
36
36
34
32
28
23
17
9
1
-7
-17
-27
-37
-46
-53
-58
-61
-62
-59
-54
-46
-36
-25
-12
0
13
25
36
45
53
59
63
64
64
62
57
51
43
33
22
8
-6
-22
-39
-57
-76
-95
-113
-130
-145
-158
-168
-175
-179
-180
-178
-173
-165
-155
-144
-131
-118
-105
-92
-79
-68
-58
-49
-42
-37
-34
-33
-33
-35
-37
-41
-45
-50
-54
-58
-62
-64
-64
-63
-60
-55
-46
-35
-22
-6
12
32
54
76
99
121
141
160
177
191
202
209
214
215
212
207
199
188
175
161
147
132
117
103
91
80
70
61
53
46
40
33
26
19
11
2
-7
-19
-32
-46
-61
-76
-91
-105
-118
-128
-136
-141
-143
-142
-138
-132
-123
-113
-102
-90
-78
-67
-56
-46
-36
-28
-20
-13
-6
0
6
12
19
27
35
44
53
64
75
87
99
112
125
139
152
164
175
186
194
200
204
205
204
199
192
182
169
154
137
119
100
81
62
44
27
11
-3
-16
-28
-38
-47
-56
-63
-70
-76
-80
-84
-87
-88
-87
-85
-82
-77
-70
-63
-55
-47
-39
-32
-26
-22
-21
-21
-23
-28
-34
-43
-52
-62
-73
-83
-93
-102
-109
-115
-119
-122
-124
-125
-125
-126
-126
-128
-130
-133
-137
-141
-144
-147
-148
-148
-145
-139
-130
-119
-105
-88
-70
-51
-31
-12
6
22
36
47
55
59
61
59
56
51
44
38
31
26
23
22
23
27
33
42
53
65
78
91
104
116
126
135
141
144
145
144
140
135
129
121
113
105
98
91
85
81
78
76
75
75
75
75
75
74
70
65
58
49
37
23
7
-11
-31
-53
-75
-99
-123
-147
-170
-192
-212
-229
-244
-254
-261
-263
-261
-254
-244
-230
-213
-193
-172
-149
-126
-102
-80
-59
-39
-22
-7
5
15
22
28
31
33
34
35
35
36
38
40
44
50
56
65
74
85
95
106
116
125
131
136
138
137
134
129
122
113
104
94
85
77
70
64
61
60
60
63
68
74
81
88
96
102
108
113
116
117
116
114
110
104
96
88
78
68
57
47
36
26
16
8
0
-5
-9
-13
-14
-15
-14
-12
-9
-6
-3
0
1
2
3
3
1
-1
-4
-9
-15
-22
-29
-36
-43
-50
-55
-59
-61
-61
-60
-56
-51
-44
-35
-26
-16
-6
2
11
18
23
27
28
28
25
21
16
9
2
-5
-12
-19
-24
-29
-33
-36
-38
-40
-42
-44
-47
-50
-55
-60
-67
-74
-82
-90
-98
-104
-109
-111
-111
-108
-103
-95
-84
-71
-58
-43
-28
-13
0
11
20
27
31
33
33
30
26
21
15
10
4
0
-3
-5
-7
-7
-8
-8
-9
-11
-14
-20
-27
-36
-48
-61
-75
-90
-105
-118
-129
-138
-142
-142
-138
-130
-117
-100
-80
-58
-35
-10
13
36
57
75
91
104
114
121
126
129
129
129
128
126
125
124
124
125
126
128
130
132
133
134
132
129
123
115
103
90
74
56
38
19
1
-14
-29
-40
-49
-54
-57
-56
-53
-49
-44
-38
-33
-30
-28
-28
-30
-34
-41
-49
-58
-68
-77
-86
-93
-98
-100
-99
-94
-87
-76
-63
-48
-31
-15
0
15
27
35
41
42
40
34
25
13
0
-12
-25
-36
-43
-47
-47
-42
-33
-19
-2
17
39
61
83
104
122
137
148
154
156
154
147
137
123
107
90
72
53
35
19
4
-7
-17
-25
-31
-35
-37
-37
-37
-37
-36
-35
-34
-34
-34
-35
-37
-39
-43
-46
-51
-56
-62
-69
-76
-84
-92
-101
-110
-120
-129
-138
-146
-152
-156
-158
-156
-151
-143
-131
-116
-99
-79
-57
-34
-12
9
28
46
60
70
77
79
77
72
63
51
37
22
6
-8
-22
-34
-43
-49
-51
-49
-43
-33
-19
-1
18
42
67
92
118
143
165
185
201
213
219
221
218
209
196
180
159
137
112
87
62
38
16
-4
-23
-39
-52
-63
-72
-78
-83
-86
-88
-89
-90
-90
-91
-91
-92
-94
-95
-97
-99
-100
-101
-100
-99
-97
-93
-89
-83
-77
-70
-63
-56
-49
-43
-38
-34
-31
-28
-27
-26
-26
-26
-26
-26
-25
-24
-22
-18
-14
-9
-2
3
10
18
25
31
36
41
44
46
47
47
47
47
47
48
50
55
61
70
80
92
106
119
132
144
154
160
164
163
159
151
140
125
108
89
69
49
29
11
-5
-21
-34
-44
-52
-57
-59
-59
-57
-53
-48
-41
-33
-25
-17
-9
-1
5
10
15
19
21
22
22
20
18
15
11
6
1
-4
-11
-18
-25
-33
-41
-49
-57
-65
-72
-79
-86
-91
-95
-98
-99
-99
-97
-92
-86
-78
-69
-58
-47
-35
-23
-12
-2
6
13
19
24
27
30
32
33
34
36
38
41
44
49
54
60
66
73
80
86
91
95
97
98
96
93
89
83
75
67
58
50
41
32
24
17
10
3
-2
-7
-12
-16
-20
-25
-29
-34
-40
-46
-52
-59
-67
-74
-80
-87
-91
-95
-97
-97
-95
-92
-87
-81
-74
-66
-58
-51
-44
-38
-33
-30
-27
-26
-26
-27
-28
-31
-34
-37
-42
-46
-52
-58
-64
-71
-78
-84
-90
-95
-98
-99
-98
-95
-89
-81
-70
-57
-43
-27
-9
7
25
43
59
75
89
101
112
121
129
135
140
145
148
151
153
155
155
155
154
151
146
140
133
124
114
102
89
76
62
47
33
18
4
-8
-20
-30
-39
-46
-51
-54
-55
-55
-53
-49
-45
-40
-35
-30
-25
-21
-17
-15
-14
-15
-17
-20
-25
-31
-37
-44
-50
-55
-60
-63
-64
-63
-60
-55
-48
-40
-31
-22
-13
-5
2
8
14
18
21
24
26
28
29
32
35
38
42
47
52
58
63
68
72
75
76
74
71
65
56
44
30
15
-2
-21
-40
-59
-79
-98
-117
-135
-152
-168
-183
-196
-207
-216
-221
-223
-221
-213
