-25
-34
-41
-47
-51
-54
-56
-56
-55
-52
-49
-44
-38
-32
-25
-17
-9
-1
5
12
17
20
22
22
19
14
7
-1
-12
-25
-39
-54
-70
-85
-99
-112
-123
-132
-137
-139
-136
-131
-121
-108
-93
-75
-56
-37
-17
0
17
32
44
54
62
67
70
72
72
72
72
72
72
72
74
75
77
79
80
80
79
77
73
67
59
50
40
30
19
8
-1
-10
-18
-23
-27
-29
-30
-29
-27
-25
-21
-18
-15
-12
-9
-7
-5
-4
-2
-1
0
0
1
3
5
7
9
11
14
16
19
21
22
24
24
24
24
22
20
18
15
11
8
4
1
-1
-4
-6
-8
-10
-12
-14
-15
-17
-18
-19
-19
-20
-20
-20
-21
-21
-22
-22
-23
-24
-24
-24
-23
-21
-18
-13
-7
0
8
18
28
38
47
55
60
64
64
62
56
48
37
25
11
-2
-16
-29
-40
-50
-58
-63
-65
-64
-61
-56
-49
-39
-29
-18
-6
4
15
25
35
43
50
56
61
64
65
65
63
60
55
48
41
32
23
14
5
-3
-12
-19
-26
-33
-38
-42
-46
-48
-49
-48
-46
-43
-39
-33
-27
-20
-13
-5
2
10
18
26
33
39
45
49
52
54
54
52
49
45
39
33
26
18
10
1
-5
-13
-20
-26
-31
-36
-39
-42
-44
-46
-49
-51
-54
-57
-62
-66
-71
-76
-81
-86
-89
-92
-93
-93
-91
-88
-84
-79
-73
-66
-58
-49
-40
-31
-21
-10
0
10
21
31
42
52
61
70
77
84
88
91
93
92
91
87
83
78
72
65
59
53
48
43
39
36
34
32
32
33
34
36
38
39
40
40
39
37
33
29
24
18
12
7
1
-3
-7
-10
-12
-14
-16
-17
-19
-21
-23
-25
-29
-32
-36
-40
-45
-49
-52
-55
-58
-59
-60
-60
-60
-59
-57
-55
-53
-50
-47
-44
-39
-35
-29
-23
-17
-10
-2
5
13
21
29
36
43
49
55
59
63
65
67
68
68
67
67
66
65
63
62
61
60
58
57
54
52
48
44
39
34
28
22
16
9
3
-2
-8
-13
-18
-22
-26
-29
-32
-35
-37
-40
-43
-47
-50
-54
-59
-63
-68
-73
-78
-82
-86
-89
-91
-93
-93
-93
-91
-89
-85
-81
-75
-68
-60
-51
-41
-31
-20
-9
0
10
19
26
32
37
40
43
44
45
45
45
45
45
44
45
45
46
47
48
49
51
53
54
55
55
54
53
50
46
41
35
28
21
13
6
-1
-8
-14
-19
-24
-28
-32
-35
-37
-40
-42
-44
-46
-47
-47
-47
-46
-43
-39
-35
-29
-24
-18
-14
-10
-8
-8
-10
-15
-22
-33
-45
-60
-76
-92
-108
-123
-135
-145
-151
-152
-148
-140
-126
-107
-84
-58
-28
2
34
66
97
125
150
172
189
202
210
214
215
211
205
196
186
175
163
152
140
129
119
109
98
87
76
64
50
35
19
2
-16
-35
-54
-72
-90
-106
-120
-132
-140
-146
-148
-146
-142
-135
-126
-115
-103
-91
-80
-69
-60
-52
-46
-41
-39
-38
-38
-39
-40
-43
-45
-47
-49
-51
-52
-53
-53
-51
-49
-45
-41
-35
-29
-22
-15
-8
-2
2
6
9
10
10
8
6
4
1
-1
-2
-3
-3
-2
0
5
10
17
25
34
44
54
65
76
86
96
105
114
121
127
132
134
136
135
133
129
124
117
110
101
93
83
74
65
56
48
40
32
25
18
11
5
0
-5
-9
-14
-18
-21
-23
-25
-26
-27
-27
-27
-26
-26
-26
-25
-26
-26
-28
-30
-32
-35
-39
-43
-47
-50
-53
-55
-57
-57
-55
-52
-47
-41
-34
-25
-16
-7
0
7
12
16
18
17
15
11
5
0
-6
-13
-19
-25
-29
-32
-33
-32
-29
-24
-16
-7
4
17
31
46
60
75
87
98
106
112
114
113
108
101
91
78
64
48
32
16
0
-15
-29
-42
-53
-62
-69
-74
-76
-75
-73
-68
-61
-51
-41
-29
-17
-4
7
18
28
36
42
46
48
47
45
40
34
27
18
9
1
-7
-15
-21
-27
-31
-34
-35
-36
-35
-34
-33
-32
-31
-31
-33
-35
-39
-44
-49
-55
-61
-66
-71
-75
-77
-78
-76
-73
-67
-58
-48
-35
-21
-6
9
24
39
53
65
74
81
84
84
80
73
62
47
31
11
-8
-30
-51
-71
-90
-106
-119
-129
-135
-138
-138
-135
-129
-122
-113
-102
-92
-81
-70
-59
-49
-39
-30
-22
-13
-5
2
10
19
28
39
51
64
78
92
108
123
138
151
163
173
180
184
184
181
174
164
151
136
118
99
80
60
41
24
7
-7
-19
-30
-39
-46
-51
-56
-59
-62
-65
-67
-69
-71
-72
-73
-73
-72
-70
-67
-62
-56
-49
-41
-33
-24
-15
-6
0
6
11
15
17
17
17
15
13
9
5
1
-3
-9
-15
-22
-30
-38
-48
-58
-69
-80
-93
-106
-118
-131
-142
-152
-160
-166
-170
-171
-169
-164
-157
-147
-135
-120
-104
-87
-68
-48
-28
-8
11
31
50
68
85
101
117
132
146
161
175
188
201
214
226
238
248
256
263
268
270
270
266
260
250
238
222
204
183
159
135
109
82
56
30
5
-18
-41
-61
-80
-97
-112
-125
-136
-146
-154
-161
-167
-172
-177
-181
-184
-186
-188
-187
-185
-181
-175
-166
-154
-139
-121
-101
-77
-52
-24
4
34
63
92
120
145
166
183
195
203
205
201
192
179
162
141
118
92
66
39
13
-11
-35
-56
-74
-89
-101
-109
-115
-117
-117
-115
-111
-106
-100
-94
-88
-83
-79
-75
-73
-71
-70
-70
-70
-71
-72
-73
-73
-73
-73
-72
-71
-69
-67
-65
-63
-59
-55
-50
-45
-38
-29
-20
-9
2
14
28
41
54
66
78
87
95
100
103
103
100
94
86
76
65
52
40
28
17
8
1
-2
-3
-1
4
12
23
37
52
68
85
101
116
129
140
149
155
158
158
156
151
145
137
127
116
104
91
77
63
49
34
19
4
-10
-24
-38
-52
-64
-76
-87
-96
-105
-113
-120
-127
-132
-138
-143
-148
-153
-157
-162
-166
-170
-174
-178
-182
-186
-189
-191
-194
-195
-196
-195
-193
-189
-183
-175
-165
-152
-137
-120
-102
-82
-61
-39
-16
6
29
53
76
98
120
140
159
176
190
202
211
218
222
224
225
223
220
216
212
207
201
196
191
185
179
172
165
156
146
133
119
103
84
64
42
19
-3
-26
-48
-70
-89
-106
-120
-132
-141
-146
-149
-150
-148
-143
-137
-129
-120
-109
-98
-86
-74
-62
-49
-38
-27
-16
-7
0
7
13
17
20
21
22
21
19
17
14
10
7
5
2
1
0
0
1
3
6
9
12
16
19
22
25
28
30
32
34
35
37
38
39
40
41
42
42
42
41
40
38
36
33
30
27
24
22
20
18
17
17
17
19
21
23
25
27
29
30
29
27
24
19
11
2
-8
-20
-33
-47
-62
-76
-90
-103
-114
-123
-131
-137
-140
-141
-139
-136
-131
-125
-117
-109
-101
-92
-84
-76
-69
-62
-57
-52
-47
-43
-39
-34
-28
-21
-12
-2
9
23
38
55
73
91
108
125
140
154
165
174
180
183
184
181
176
168
158
145
130
113
93
73
50
27
4
-19
-43
-66
-88
-109
-128
-145
-159
-170
-178
-183
-184
-181
-175
-165
-152
-135
-116
-95
-73
-49
-26
-4
16
34
49
60
67
69
66
59
49
34
18
0
-17
-35
-51
-64
-74
-80
-82
-79
-72
-62
-48
-32
-14
4
23
42
60
75
89
100
109
115
119
120
118
114
109
101
93
84
75
66
58
51
45
42
40
40
43
48
54
62
70
79
87
93
97
99
98
93
85
73
58
40
20
0
-21
-42
-62
-79
-94
-105
-113
-117
-117
-114
-109
-101
-92
-81
-71
-61
-52
-44
-38
-34
-33
-33
-36
-41
-47
-54
-62
-70
-77
-84
-89
-93
-96
-96
-95
-92
-88
-82
-75
-67
-59
-50
-42
-34
-27
-20
-13
-7
-1
3
9
14
20
25
31
37
43
50
57
65
72
79
86
93
99
104
109
113
115
117
117
116
115
111
107
101
93
84
74
62
49
34
19
3
-13
-29
-44
-59
-72
-83
-93
-100
-104
-106
-106
-103
-97
-90
-81
-70
-59
-46
-33
-20
-6
8
23
38
53
68
83
97
109
119
127
131
132
129
121
110
95
76
53
28
1
-27
-57
-86
-114
-140
-164
-183
-199
-209
-214
-214
-208
-198
-182
-162
-138
-111
-82
-51
-19
12
43
72
99
123
143
158
170
177
180
179
174
166
156
143
129
115
99
84
69
55
42
30
19
10
2
-3
-8
-11
-12
-13
-13
-12
-10
-8
-6
-5
-3
-2
-1
-1
-1
-2
-3
-4
-6
-8
-11
-13
-15
-16
-17
-16
-15
-13
-9
-5
0
5
11
17
21
24
25
24
19
11
0
-13
-29
-49
-69
-91
-114
-135
-155
-172
-186
-196
-200
-200
-195
-185
-170
-151
-129
-104
-77
-50
-23
3
29
52
73
92
108
121
131
138
142
143
140
135
126
114
99
82
62
40
17
-6
-29
-52
-73
-91
-105
-116
-122
-124
-120
-113
-101
-85
-66
-44
-21
2
27
50
73
94
112
127
139
148
154
156
156
153
148
141
132
121
110
97
84
70
57
43
29
15
2
-10
-23
-34
-45
-55
-64
-71
-77
-82
-85
-87
-87
-86
-84
-82
-79
-76
-74
-71
-69
-68
-67
-65
-64
-63
-61
-59
-56
-53
-48
-43
-38
-31
-24
-17
-9
-1
6
14
22
28
34
38
41
43
43
41
38
34
29
22
15
8
0
-6
-13
-19
-23
-26
-27
-27
-25
-21
-15
-8
-1
7
16
26
35
44
53
61
69
76
82
87
91
93
94
93
90
85
78
69
58
46
32
16
1
-14
-29
-43
-55
-65
-72
-75
-74
-70
-62
-50
-35
-18
0
19
37
55
70
82
91
96
98
96
91
83
74
64
54
45
36
30
26
23
23
25
29
33
38
43
48
51
52
52
49
43
34
23
10
-5
-23
-41
-60
-79
-98
-114
-129
-140
-149
-153
-154
-151
-145
-135
-123
-109
-94
-79
-64
-51
-39
-31
-25
-23
-24
-27
-33
-41
-49
-58
-67
-76
-83
-88
-91
-93
-92
-90
-85
-80
-72
-64
-56
-47
-38
-29
-20
-12
-4
2
10
17
24
32
40
49
58
68
79
91
103
116
128
139
149
157
163
165
164
160
152
142
129
114
97
80
62
45
29
15
2
-9
-18
-25
-30
-32
-33
-32
-29
-25
-21
-18
-15
-13
-13
-15
-20
-27
-36
-47
-60
-73
-86
-99
-110
-119
-126
-129
-128
