-50
-50
-48
-44
-39
-34
-27
-21
-14
-7
0
5
11
16
20
23
26
27
28
28
28
28
27
27
26
25
23
21
18
14
9
3
-4
-13
-23
-34
-47
-60
-73
-86
-98
-109
-118
-124
-128
-129
-127
-122
-115
-106
-95
-83
-71
-59
-47
-36
-26
-17
-9
-2
3
8
13
17
22
26
30
34
39
44
48
53
57
60
62
63
62
61
57
53
48
41
34
27
20
14
8
3
0
-1
-1
0
3
8
14
21
29
37
44
52
58
64
68
71
72
72
71
68
64
59
52
45
36
27
17
6
-3
-14
-24
-33
-42
-49
-55
-59
-62
-64
-64
-63
-61
-58
-56
-53
-50
-48
-47
-46
-47
-48
-50
-53
-55
-57
-59
-60
-60
-59
-57
-54
-51
-47
-43
-39
-36
-33
-31
-31
-31
-33
-35
-38
-40
-43
-44
-45
-44
-41
-36
-29
-21
-11
0
11
24
37
49
61
73
83
92
101
108
114
120
124
127
130
132
134
135
135
134
133
130
126
120
114
106
97
88
78
68
57
46
35
24
13
2
-8
-18
-28
-38
-46
-54
-61
-67
-71
-75
-78
-80
-81
-82
-83
-83
-83
-84
-84
-84
-84
-83
-82
-80
-76
-71
-64
-55
-45
-33
-20
-6
6
20
32
43
52
59
63
64
62
57
50
41
30
18
6
-5
-16
-27
-36
-44
-49
-53
-55
-55
-53
-49
-44
-38
-30
-22
-14
-5
3
11
18
24
29
33
35
36
36
35
34
32
30
28
27
25
24
23
22
21
21
20
20
20
19
19
17
15
12
8
2
-5
-14
-24
-35
-47
-59
-72
-85
-97
-108
-119
-128
-136
-141
-145
-146
-144
-140
-133
-124
-112
-99
-83
-66
-48
-28
-8
12
34
56
79
101
124
145
167
186
205
220
234
243
249
250
246
237
222
203
179
151
121
88
55
23
-8
-37
-62
-85
-103
-117
-126
-131
-133
-130
-125
-117
-107
-95
-83
-70
-58
-47
-36
-27
-19
-13
-7
-3
0
1
3
4
4
4
3
2
1
0
0
0
-1
-1
-2
-2
-2
-2
-2
-2
-3
-4
-5
-7
-8
-8
-7
-5
-1
4
13
24
37
52
69
87
105
122
138
151
161
167
170
169
163
155
142
127
110
91
72
52
33
15
-1
-17
-31
-43
-55
-64
-73
-82
-90
-97
-104
-111
-118
-123
-128
-132
-134
-136
-135
-133
-130
-125
-118
-110
-102
-92
-81
-70
-59
-48
-38
-28
-21
-14
-10
-7
-6
-7
-8
-11
-14
-17
-19
-21
-22
-22
-20
-17
-14
-9
-4
1
7
13
19
24
28
31
32
33
33
32
30
29
28
28
30
33
38
44
51
60
69
78
86
93
98
101
102
100
95
88
78
66
52
37
20
3
-15
-33
-51
-69
-86
-102
-116
-128
-139
-148
-155
-161
-166
-169
-172
-174
-175
-175
-174
-171
-167
-160
-152
-141
-128
-113
-97
-78
-59
-38
-17
3
25
45
65
83
99
113
124
132
137
138
136
130
121
110
97
82
65
49
32
16
1
-11
-22
-32
-39
-43
-45
-44
-42
-37
-32
-25
-18
-10
-2
5
12
20
26
33
38
43
46
49
51
53
55
57
59
61
64
67
70
73
75
76
75
73
68
62
54
44
34
24
14
5
-1
-6
-8
-7
-4
1
9
19
30
41
52
61
69
74
76
75
71
64
54
42
29
14
0
-14
-28
-39
-49
-56
-60
-61
-59
-55
-48
-40
-31
-21
-11
-3
3
9
12
12
11
8
3
-2
-9
-15
-22
-27
-30
-32
-31
-28
-23
-16
-6
3
14
25
35
43
50
55
57
57
54
49
42
35
26
18
10
4
-1
-4
-6
-7
-6
-4
-1
1
4
7
8
9
9
8
7
5
4
2
2
2
2
4
6
9
12
15
17
18
19
18
16
13
9
3
-2
-9
-17
-25
-33
-40
-48
-55
-60
-65
-69
-71
-72
-71
-69
-66
-61
-56
-50
-44
-38
-33
-28
-24
-21
-19
-18
-18
-19
-20
-22
-24
-26
-28
-30
-32
-35
-37
-40
-43
-46
-51
-55
-60
-65
-71
-76
-81
-85
-87
-88
-86
-82
-76
-67
-56
-43
-28
-13
3
19
34
49
62
74
84
93
100
105
109
112
114
115
116
116
116
115
115
115
115
115
115
115
113
112
108
104
98
90
81
70
58
44
29
14
-2
-18
-34
-49
-64
-77
-87
-96
-102
-106
-108
-107
-105
-101
-96
-90
-85
-80
-76
-74
-73
-74
-77
-81
-86
-92
-98
-102
-106
-107
-106
-102
-95
-86
-74
-59
-43
-26
-7
10
28
45
60
73
83
91
95
95
93
87
79
69
57
44
30
17
4
-7
-18
-27
-34
-39
-42
-42
-40
-36
-31
-24
-15
-6
2
12
22
33
43
53
63
73
84
95
106
118
129
141
152
162
170
176
180
181
178
173
164
153
138
122
103
83
63
43
25
8
-5
-16
-23
-26
-26
-22
-14
-4
7
20
34
47
58
68
75
79
80
77
72
64
54
42
30
17
5
-5
-15
-24
-31
-37
-41
-44
-46
-47
-49
-50
-53
-56
-59
-64
-70
-77
-85
-94
-104
-114
-125
-137
-148
-160
-172
-183
-193
-203
-210
-217
-220
-222
-220
-216
-209
-200
-187
-173
-156
-138
-119
-99
-79
-60
-42
-26
-12
-1
6
10
11
9
3
-4
-15
-28
-42
-56
-70
-83
-95
-104
-110
-113
-112
-107
-99
-88
-73
-57
-39
-20
-2
15
31
45
57
67
75
82
87
92
96
102
110
120
132
147
165
185
206
227
248
266
281
292
297
296
288
273
250
222
187
147
104
58
10
-36
-81
-124
-162
-196
-223
-245
-260
-268
-270
-266
-257
-244
-226
-205
-183
-159
-134
-109
-85
-63
-42
-23
-6
7
19
29
36
42
45
46
46
45
42
38
33
27
20
13
6
0
-6
-12
-18
-24
-29
-33
-38
-42
-45
-48
-50
-50
-49
-46
-40
-32
-22
-9
6
24
43
63
84
104
123
141
156
169
179
185
188
187
183
176
166
153
139
124
108
92
76
61
48
36
27
19
14
10
8
8
9
10
13
16
19
23
26
30
34
37
40
42
43
44
43
42
40
38
35
33
32
31
31
32
34
36
40
44
48
54
59
65
71
76
81
85
87
88
86
82
76
68
57
45
32
17
2
-12
-26
-40
-53
-65
-75
-83
-89
-94
-96
-96
-94
-91
-86
-79
-72
-65
-59
-52
-47
-43
-39
-36
-34
-32
-30
-28
-25
-21
-16
-11
-4
1
8
15
20
24
27
27
24
19
10
-1
-16
-34
-54
-75
-97
-118
-138
-156
-170
-181
-188
-189
-186
-178
-165
-149
-129
-107
-83
-58
-34
-10
10
30
46
59
69
76
79
80
79
76
71
66
60
54
48
42
38
33
29
26
22
19
15
11
7
2
-2
-7
-12
-16
-20
-24
-27
-29
-31
-32
-32
-31
-29
-26
-22
-17
-11
-4
3
12
21
30
39
48
57
64
70
74
77
77
75
70
62
52
39
25
9
-7
-24
-41
-58
-73
-86
-97
-106
-111
-114
-115
-112
-108
-101
-93
-83
-72
-60
-48
-36
-23
-11
0
12
23
32
40
46
50
52
52
50
47
43
38
33
28
24
21
19
19
20
22
26
30
36
42
48
54
60
64
67
69
69
66
62
56
48
39
28
16
3
-10
-24
-38
-52
-66
-79
-91
-101
-109
-116
-120
-122
-122
-120
-115
-109
-101
-91
-81
-70
-59
-48
-37
-27
-18
-9
-1
5
11
17
23
28
33
38
43
48
52
57
60
63
66
67
67
66
64
62
58
54
49
45
40
35
31
28
25
23
23
23
25
28
32
37
42
47
51
55
58
59
58
55
50
43
35
25
14
2
-9
-21
-33
-43
-53
-62
-69
-75
-79
-83
-85
-86
-86
-85
-83
-81
-79
-76
-74
-71
-69
-67
-64
-61
-58
-54
-48
-42
-35
-27
-18
-8
2
13
25
38
51
63
76
88
99
110
118
125
129
132
131
128
123
116
107
97
87
77
67
59
53
48
46
47
50
55
62
69
78
86
93
98
101
101
98
91
81
68
52
34
15
-4
-25
-44
-63
-80
-94
-107
-117
-124
-128
-129
-128
-125
-119
-112
-104
-96
-87
-79
-71
-63
-57
-51
-45
-40
-35
-31
-26
-22
-17
-13
-9
-5
-2
0
1
1
0
-2
-7
-12
-20
-28
-38
-48
-58
-68
-77
-85
-92
-96
-99
-100
-99
-97
-93
-89
-84
-80
-75
-72
-69
-66
-65
-63
-61
-59
-54
-49
-40
-29
-16
0
18
39
61
83
106
127
147
164
178
189
195
198
196
191
181
169
154
137
119
100
82
65
49
35
22
11
1
-7
-15
-23
-32
-41
-51
-61
-72
-84
-95
-106
-115
-123
-129
-131
-130
-126
-118
-106
-91
-74
-56
-36
-18
0
14
27
38
46
51
54
55
55
54
52
51
50
49
49
49
50
51
52
53
53
52
49
46
40
32
23
12
0
-14
-29
-45
-62
-79
-95
-111
-125
-137
-147
-154
-157
-157
-153
-146
-135
-121
-104
-85
-65
-44
-22
-2
17
34
50
62
72
79
83
84
83
79
74
68
62
56
50
46
44
44
46
50
56
64
73
83
94
105
115
124
131
137
140
142
141
139
136
131
126
121
115
109
104
98
92
85
78
70
62
53
43
32
21
9
-2
-15
-27
-38
-48
-57
-65
-70
-74
-75
-74
-72
-67
-61
-54
-46
-37
-27
-17
-6
3
13
24
34
44
53
63
71
79
85
90
93
93
91
86
79
68
54
38
19
-2
-26
-51
-78
-105
-131
-157
-181
-204
-223
-239
-252
-261
-266
-267
-264
-257
-247
-234
-218
-201
-183
-165
-148
-132
-117
-104
-92
-83
-74
-66
-57
-48
-37
-25
-10
6
25
45
67
88
109
128
144
156
164
167
165
160
150
137
122
106
89
73
58
45
34
26
20
16
14
13
14
14
15
15
15
14
13
12
11
10
11
13
17
22
28
36
45
54
63
71
79
85
90
93
94
93
90
85
77
68
57
44
30
14
-1
-17
-34
-51
-67
-83
-97
-110
-121
-131
-138
-143
-146
-147
-146
-143
-139
-135
-130
-126
-121
-117
-114
-111
-109
-107
-104
-102
-99
-95
-91
-86
-79
-72
-64
-55
-46
-36
-26
-15
-5
3
13
22
31
39
48
56
65
74
83
93
102
112
121
130
138
146
152
158
162
164
165
164
161
156
148
139
127
114
100
85
69
53
38
24
11
0
-8
-16
-20
-23
-24
-22
-19
-15
-11
-6
-1
1
4
6
7
7
5
3
0
-2
