-30
-36
-43
-50
-56
-63
-69
-74
-78
-80
-81
-79
-76
-70
-63
-55
-45
-34
-24
-13
-4
4
11
16
19
21
21
19
16
13
9
5
1
-2
-6
-9
-12
-15
-18
-21
-24
-26
-27
-27
-27
-24
-21
-16
-11
-4
2
9
17
24
31
38
44
49
54
59
63
66
70
74
78
82
87
92
97
101
105
107
108
107
103
97
89
79
67
54
39
24
9
-5
-20
-33
-46
-58
-69
-78
-87
-95
-102
-109
-115
-120
-124
-128
-130
-130
-129
-125
-120
-112
-102
-91
-79
-65
-51
-37
-23
-9
3
15
27
38
47
56
64
70
75
80
82
84
84
82
79
74
68
59
49
37
24
10
-4
-20
-35
-49
-62
-72
-81
-87
-90
-91
-88
-84
-78
-70
-62
-53
-45
-38
-33
-29
-28
-29
-32
-37
-42
-49
-55
-59
-63
-63
-61
-56
-47
-36
-21
-3
16
37
59
81
103
123
142
159
173
184
192
196
196
193
187
177
164
148
130
110
88
65
42
18
-4
-25
-45
-63
-78
-90
-100
-107
-112
-115
-117
-117
-117
-117
-116
-115
-115
-114
-114
-113
-112
-110
-107
-103
-98
-92
-85
-77
-69
-60
-52
-43
-36
-30
-24
-20
-16
-13
-10
-7
-3
0
5
12
19
28
36
45
53
60
65
69
71
71
68
64
59
53
47
42
37
34
33
34
37
42
49
57
66
75
84
91
97
100
101
100
96
90
81
71
61
49
38
27
18
9
3
-2
-6
-9
-11
-12
-13
-13
-13
-12
-11
-10
-8
-5
-2
0
3
6
8
10
11
10
8
5
0
-5
-13
-21
-31
-40
-50
-60
-69
-76
-82
-87
-89
-89
-87
-83
-76
-67
-56
-44
-30
-15
0
16
32
48
63
77
90
101
111
118
124
127
127
125
121
114
105
94
81
66
51
35
19
3
-11
-24
-37
-47
-56
-62
-67
-71
-73
-74
-74
-75
-75
-76
-78
-80
-83
-87
-92
-97
-102
-106
-109
-110
-109
-105
-98
-89
-77
-63
-47
-30
-13
3
19
33
46
57
66
72
77
79
80
79
77
74
70
65
61
56
52
49
45
42
40
37
35
33
31
28
26
23
20
16
12
8
4
0
-5
-10
-14
-18
-21
-24
-26
-27
-27
-27
-27
-25
-23
-20
-17
-13
-9
-4
0
5
9
13
16
18
18
17
15
12
7
1
-5
-12
-20
-28
-35
-42
-48
-54
-58
-60
-61
-60
-57
-53
-47
-40
-31
-20
-9
1
13
25
37
47
56
64
69
72
73
72
69
64
58
51
43
36
29
23
18
14
11
10
9
10
11
12
13
13
12
11
8
3
-2
-8
-16
-25
-34
-44
-53
-62
-71
-80
-88
-95
-101
-106
-110
-112
-113
-112
-109
-104
-96
-86
-74
-61
-45
-28
-11
6
23
38
52
64
74
80
83
84
82
78
72
64
56
48
39
31
23
16
9
1
-6
-14
-23
-33
-44
-55
-66
-78
-88
-97
-104
-108
-110
-108
-103
-94
-82
-67
-49
-30
-9
11
31
49
65
77
86
90
91
87
80
70
57
42
26
11
-4
-18
-30
-40
-47
-52
-54
-54
-51
-45
-37
-27
-15
-2
12
27
43
59
75
90
105
118
130
140
149
157
163
168
171
172
172
170
166
160
152
142
131
119
105
90
75
59
43
27
10
-6
-22
-38
-54
-68
-82
-95
-105
-115
-122
-127
-131
-132
-131
-129
-124
-118
-110
-101
-91
-79
-67
-55
-43
-32
-21
-12
-4
1
5
8
8
7
5
0
-4
-11
-18
-26
-35
-43
-51
-58
-65
-71
-75
-79
-81
-82
-82
-81
-78
-75
-71
-67
-62
-58
-53
-48
-45
-41
-38
-35
-33
-30
-27
-24
-19
-14
-8
0
8
18
30
42
56
70
85
101
117
133
149
164
179
193
205
215
222
225
224
218
207
191
170
143
112
78
41
2
-35
-73
-108
-140
-168
-192
-210
-223
-231
-235
-235
-233
-229
-223
-217
-211
-205
-200
-195
-190
-185
-178
-169
-158
-143
-125
-103
-79
-51
-22
7
37
65
91
114
132
146
154
157
156
150
141
129
115
102
88
76
66
59
54
52
53
57
62
69
77
85
92
98
102
104
103
100
94
85
74
60
45
28
9
-9
-27
-46
-64
-80
-95
-108
-118
-127
-134
-138
-140
-140
-138
-133
-127
-118
-107
-94
-78
-61
-42
-22
0
20
42
62
81
97
111
123
131
136
138
137
134
129
122
114
105
95
85
76
67
58
50
43
37
32
28
25
23
22
22
22
23
25
27
29
32
35
38
41
44
46
46
46
44
41
36
30
23
16
7
0
-7
-13
-17
-20
-20
-19
-14
-8
0
11
23
36
50
64
77
89
98
105
109
109
105
99
88
75
60
42
23
3
-16
-35
-54
-72
-88
-101
-111
-118
-122
-123
-120
-115
-108
-99
-89
-78
-69
-60
-53
-48
-47
-48
-52
-59
-69
-81
-94
-109
-124
-138
-152
-163
-172
-177
-178
-174
-165
-151
-131
-105
-74
-37
2
45
90
135
178
219
255
285
307
322
327
323
310
287
255
216
171
122
70
17
-33
-80
-122
-157
-185
-203
-214
-215
-209
-195
-176
-152
-126
-98
-71
-45
-23
-5
8
15
18
15
8
-2
-15
-30
-44
-58
-69
-78
-83
-84
-82
-77
-69
-58
-46
-32
-19
-6
6
17
27
36
44
50
56
60
65
69
72
76
79
82
84
86
85
83
79
72
63
52
37
21
3
-15
-34
-53
-70
-85
-97
-105
-108
-107
-102
-92
-78
-60
-40
-18
4
26
46
64
78
89
95
97
94
88
78
65
49
33
16
0
-16
-30
-43
-53
-62
-68
-72
-73
-73
-70
-66
-60
-53
-45
-36
-26
-16
-7
2
11
19
27
33
40
45
50
55
59
63
66
69
71
72
72
70
68
63
57
50
41
30
18
4
-10
-26
-44
-63
-83
-103
-124
-146
-167
-187
-206
-222
-236
-247
-254
-256
-253
-245
-231
-212
-187
-158
-125
-90
-53
-16
19
53
85
113
137
156
171
181
187
188
185
179
169
156
141
123
104
84
62
40
18
-2
-23
-41
-57
-70
-79
-85
-86
-82
-73
-60
-42
-21
3
31
61
91
120
148
173
194
211
222
228
228
221
209
192
170
145
116
85
52
19
-13
-45
-75
-103
-128
-150
-169
-184
-196
-205
-211
-213
-213
-210
-205
-197
-186
-173
-158
-139
-119
-96
-72
-46
-20
4
28
50
70
85
97
105
108
107
103
97
88
78
69
61
55
52
52
55
62
72
83
97
110
123
134
142
146
147
143
134
120
103
82
58
32
6
-20
-46
-70
-92
-110
-124
-134
-140
-141
-138
-131
-121
-107
-90
-71
-51
-30
-9
10
29
47
62
75
85
91
94
94
90
83
73
61
47
32
15
0
-16
-31
-44
-56
-65
-72
-76
-77
-75
-70
-63
-53
-40
-26
-10
6
24
42
60
77
94
109
122
133
142
148
151
151
148
143
135
125
114
100
85
69
51
31
11
-10
-33
-57
-81
-105
-127
-148
-166
-181
-191
-197
-197
-192
-181
-165
-145
-121
-95
-68
-40
-14
10
31
50
65
77
86
92
95
96
95
94
91
89
86
84
82
81
81
82
83
85
88
91
95
97
99
99
97
92
83
70
53
31
6
-22
-54
-87
-121
-153
-183
-210
-232
-248
-258
-261
-257
-247
-231
-210
-185
-158
-129
-100
-72
-46
-22
-1
16
30
41
48
52
54
53
50
46
42
37
32
28
25
24
23
25
27
31
36
42
48
55
61
67
72
75
77
77
75
71
65
56
46
34
20
4
-11
-28
-46
-63
-79
-93
-105
-115
-122
-126
-127
-125
-121
-114
-107
-98
-88
-78
-69
-60
-52
-45
-40
-35
-31
-27
-23
-19
-15
-10
-4
3
11
21
31
42
53
63
72
80
86
89
89
87
83
76
66
56
44
31
19
8
-1
-9
-14
-17
-17
-15
-10
-3
4
13
23
32
41
48
54
58
60
60
59
55
51
45
39
33
27
20
14
7
1
-3
-9
-14
-18
-22
-26
-29
-31
-33
-34
-35
-35
-35
-35
-35
-35
-35
-36
-36
-37
-38
-38
-38
-37
-35
-33
-30
-26
-21
-15
-9
-3
3
10
17
24
31
38
45
51
57
63
67
70
71
71
68
62
54
43
30
16
0
-14
-30
-43
-53
-60
-63
-61
-54
-42
-26
-6
16
41
67
92
115
135
152
165
172
175
174
168
159
146
131
114
96
77
58
39
21
4
-9
-22
-33
-40
-46
-49
-50
-49
-46
-43
-39
-36
-32
-30
-28
-27
-27
-28
-30
-33
-36
-40
-43
-45
-47
-48
-48
-47
-44
-41
-38
-35
-33
-32
-32
-35
-40
-48
-57
-68
-80
-93
-105
-117
-126
-132
-134
-133
-126
-115
-99
-79
-55
-27
2
32
62
91
115
136
151
159
160
154
141
122
96
66
32
-3
-39
-75
-108
-138
-163
-183
-198
-206
-208
-205
-196
-183
-165
-144
-121
-96
-70
-43
-17
6
29
50
69
84
97
107
115
120
122
123
123
121
118
115
111
106
101
95
90
84
78
71
65
59
53
47
41
35
30
24
19
14
9
4
0
-4
-8
-11
-13
-15
-15
-14
-12
-8
-3
1
7
14
19
24
28
31
32
32
31
28
23
18
12
5
-2
-10
-18
-26
-34
-41
-47
-52
-55
-56
-55
-51
-46
-38
-28
-17
-3
10
24
39
52
64
74
81
84
84
80
73
62
48
32
14
-3
-23
-41
-59
-75
-89
-100
-108
-112
-113
-110
-104
-94
-82
-67
-51
-34
-18
-3
9
19
26
29
29
25
18
10
0
-10
-20
-28
-34
-37
-36
-31
-23
-10
6
25
46
68
90
112
131
148
162
173
180
183
184
183
180
176
171
166
161
157
153
150
147
144
140
135
128
118
106
91
73
52
28
2
-25
-53
-82
-109
-134
-157
-177
-193
-204
-211
-213
-212
-206
-198
-187
-174
-159
-144
-130
-116
-103
-91
-81
-72
-65
-60
-57
-55
-55
-57
-61
-66
-73
-81
-90
-100
-109
-119
-128
-135
-140
-143
-144
-142
-137
-129
-119
-108
-96
-83
-71
-60
-51
-44
-39
-37
-37
-39
-43
-47
-50
-53
-54
-52
-47
-39
-28
-13
4
24
47
69
92
112
130
143
151
154
150
139
123
102
77
50
21
-6
-32
-55
-73
-85
-90
-89
-80
-66
-46
-22
3
31
58
84
106
124
138
146
150
148
142
132
119
104
89
73
58
45
33
25
19
15
14
15
18
22
25
29
32
35
35
35
33
30
26
21
16
10
4
-1
-6
-11
-15
-19
-21
-24
-25
-27
-28
-29
