-72
-75
-77
-79
-80
-81
-82
-82
-82
-81
-79
-77
-74
-70
-65
-59
-52
-45
-37
-29
-21
-13
-7
-1
3
6
7
7
6
3
0
-5
-10
-15
-21
-26
-30
-33
-35
-36
-37
-37
-36
-35
-34
-34
-34
-35
-36
-37
-40
-42
-45
-47
-50
-53
-57
-61
-65
-71
-77
-85
-93
-102
-112
-121
-130
-137
-143
-146
-146
-142
-134
-123
-108
-90
-70
-48
-24
-1
21
42
60
77
90
100
107
111
114
114
113
111
108
105
102
99
97
94
91
88
85
80
76
70
63
56
47
38
28
18
8
-2
-12
-21
-30
-38
-45
-51
-56
-60
-62
-62
-62
-60
-57
-53
-49
-45
-41
-37
-34
-32
-31
-30
-30
-31
-33
-34
-36
-37
-39
-41
-42
-44
-45
-46
-46
-47
-46
-45
-43
-39
-34
-27
-19
-9
1
14
27
41
55
69
82
94
104
112
118
121
122
121
116
110
101
91
80
67
55
42
30
18
8
-1
-9
-17
-22
-27
-29
-30
-30
-27
-23
-18
-12
-5
1
8
14
20
24
27
28
27
26
23
19
14
9
5
1
-2
-4
-6
-6
-6
-4
-2
0
2
4
5
5
4
1
-2
-8
-16
-24
-32
-40
-47
-53
-57
-59
-58
-55
-50
-43
-35
-26
-17
-7
0
7
14
18
21
23
24
23
21
19
15
12
8
4
0
-3
-6
-9
-11
-12
-12
-10
-6
0
7
17
29
43
58
73
89
104
117
129
138
144
147
146
142
134
124
111
95
78
59
40
20
0
-18
-37
-54
-71
-86
-100
-113
-123
-133
-140
-147
-152
-157
-161
-164
-167
-170
-173
-176
-178
-179
-179
-177
-174
-170
-163
-154
-144
-131
-118
-102
-86
-69
-51
-33
-15
1
19
35
51
66
81
93
105
116
124
132
137
140
141
140
137
132
125
117
108
98
89
80
72
64
57
52
47
44
41
40
39
39
40
40
41
41
40
39
37
33
29
24
18
10
2
-5
-15
-25
-35
-45
-55
-65
-74
-83
-90
-96
-101
-104
-106
-107
-107
-105
-103
-100
-96
-91
-86
-80
-74
-67
-60
-54
-48
-44
-40
-38
-38
-39
-43
-48
-55
-63
-72
-81
-89
-96
-100
-102
-99
-93
-82
-67
-46
-21
6
38
72
107
142
175
205
231
252
268
276
278
274
263
247
226
201
174
146
119
92
67
45
26
10
-1
-11
-18
-23
-25
-26
-25
-23
-20
-16
-12
-8
-5
-2
0
0
-2
-5
-10
-17
-25
-35
-45
-55
-66
-75
-83
-89
-93
-93
-89
-82
-72
-57
-40
-19
2
26
50
74
97
119
138
154
167
177
183
186
186
183
177
169
160
150
140
131
122
115
108
103
100
97
94
90
86
80
71
61
47
31
12
-9
-32
-56
-81
-105
-128
-149
-167
-182
-193
-199
-201
-199
-194
-187
-178
-169
-160
-154
-151
-151
-156
-165
-177
-194
-212
-231
-251
-268
-283
-295
-301
-302
-298
-289
-276
-258
-236
-212
-186
-160
-133
-106
-80
-55
-32
-10
9
28
46
63
79
95
110
126
141
156
171
185
199
211
222
232
240
246
251
255
257
257
255
252
248
241
232
221
208
192
173
153
130
105
79
52
24
-1
-27
-51
-72
-89
-103
-113
-118
-119
-116
-110
-102
-92
-82
-72
-63
-56
-51
-49
-49
-51
-54
-59
-63
-67
-70
-70
-67
-61
-53
-41
-26
-9
7
25
42
58
71
80
85
86
82
74
62
45
25
2
-21
-47
-74
-100
-124
-146
-164
-179
-188
-194
-193
-188
-177
-162
-142
-118
-91
-62
-31
0
29
57
83
106
125
140
151
159
164
167
167
166
165
162
160
157
153
149
144
139
132
125
117
107
98
88
79
70
62
55
50
46
44
44
46
49
53
58
63
67
70
72
71
68
61
52
41
27
11
-4
-21
-38
-53
-68
-80
-90
-98
-103
-106
-107
-107
-104
-101
-97
-93
-89
-85
-81
-77
-73
-70
-66
-62
-59
-56
-53
-51
-50
-51
-53
-57
-63
-72
-82
-93
-105
-117
-129
-138
-145
-148
-147
-140
-129
-111
-89
-62
-32
0
32
65
96
124
148
166
179
186
186
180
168
151
130
105
79
51
24
0
-23
-43
-58
-68
-74
-75
-70
-60
-45
-25
0
29
62
98
137
177
217
255
289
318
339
351
352
342
321
287
243
189
127
59
-11
-84
-155
-223
-285
-339
-385
-421
-446
-462
-468
-465
-454
-436
-413
-385
-355
-322
-287
-253
-218
-183
-149
-116
-84
-54
-26
0
21
41
56
68
77
82
83
83
80
76
73
69
67
66
67
70
75
80
87
94
101
108
114
118
120
121
121
119
115
111
107
102
98
95
93
93
94
96
100
106
112
118
125
131
136
140
142
142
140
136
129
119
106
91
72
52
29
4
-20
-45
-70
-93
-115
-133
-149
-161
-168
-172
-172
-168
-160
-149
-135
-118
-100
-80
-60
-40
-20
-2
14
28
40
50
57
62
65
65
64
62
59
55
50
45
39
32
25
17
9
0
-7
-16
-24
-31
-37
-41
-45
-46
-47
-46
-45
-43
-40
-37
-35
-33
-31
-30
-29
-29
-28
-27
-26
-24
-20
-16
-11
-4
2
10
19
27
35
41
46
50
51
50
48
45
41
36
33
31
30
32
36
42
49
58
68
77
84
88
89
86
79
66
49
29
5
-19
-44
-69
-91
-109
-122
-129
-130
-124
-111
-93
-69
-41
-11
19
50
80
106
129
146
158
164
163
156
142
123
99
70
37
2
-34
-71
-107
-140
-171
-196
-216
-230
-238
-238
-232
-219
-200
-176
-147
-115
-81
-46
-11
22
53
80
104
122
135
144
147
145
139
129
118
104
90
77
64
53
43
35
28
21
14
6
-3
-16
-32
-52
-76
-104
-134
-166
-200
-233
-265
-293
-317
-335
-346
-349
-345
-332
-312
-285
-252
-214
-172
-129
-85
-42
-1
36
70
100
126
147
163
175
182
186
186
183
178
170
160
149
135
120
102
83
61
37
12
-13
-40
-67
-91
-114
-132
-145
-153
-155
-150
-138
-119
-95
-67
-34
0
37
73
108
139
168
191
210
224
232
236
234
229
219
207
191
173
153
132
109
85
61
36
12
-11
-33
-55
-75
-92
-108
-121
-130
-137
-141
-142
-140
-135
-128
-118
-108
-96
-84
-71
-59
-48
-38
-29
-22
-16
-12
-9
-7
-5
-4
-2
0
3
9
16
26
37
50
64
79
94
108
121
133
142
148
152
154
153
149
144
137
129
120
111
101
92
84
76
69
62
57
53
50
49
48
49
50
53
58
63
70
78
88
98
109
121
132
142
152
159
164
167
166
162
155
143
128
110
88
65
40
15
-9
-32
-54
-72
-87
-99
-107
-113
-116
-117
-117
-116
-116
-115
-116
-118
-120
-122
-124
-125
-124
-121
-115
-106
-93
-77
-59
-39
-18
2
21
38
52
62
67
68
65
58
48
36
22
8
-4
-16
-26
-34
-39
-42
-41
-37
-31
-23
-13
-2
8
20
32
43
53
62
69
75
80
83
85
85
82
78
71
62
50
34
16
-4
-27
-53
-81
-109
-136
-163
-188
-209
-227
-239
-246
-248
-243
-234
-220
-202
-182
-159
-137
-114
-94
-75
-59
-47
-37
-31
-27
-26
-26
-28
-31
-34
-37
-41
-44
-47
-50
-53
-55
-58
-60
-61
-62
-62
-61
-58
-55
-49
-43
-36
-28
-21
-14
-8
-4
-1
0
1
0
0
-1
-2
-3
-2
0
4
10
18
27
38
50
63
76
90
103
116
128
139
149
158
165
172
177
182
186
189
192
195
197
198
199
199
197
194
189
181
170
156
139
118
94
65
34
0
-37
-77
-117
-157
-197
-236
-272
-305
-335
-360
-380
-396
-406
-411
-411
-407
-399
-387
-371
-353
-331
-306
-279
-251
-220
-189
-156
-123
-91
-59
-28
1
29
55
79
100
120
137
152
164
175
183
190
195
199
201
202
203
202
201
199
197
193
189
183
176
168
159
148
136
122
107
91
73
56
38
21
5
-9
-22
-32
-40
-45
-49
-50
-51
-50
-49
-48
-47
-46
-46
-46
-46
-46
-44
-41
-36
-28
-18
-4
11
31
54
80
108
138
169
199
228
254
277
295
307
313
311
302
286
263
234
201
164
125
86
49
15
-15
-40
-59
-74
-83
-88
-90
-90
-89
-89
-90
-93
-98
-106
-115
-126
-137
-148
-156
-162
-164
-161
-154
-143
-126
-106
-83
-57
-29
0
27
54
79
102
121
136
147
154
156
154
148
138
126
112
96
80
64
49
34
21
10
0
-7
-13
-19
-23
-26
-29
-31
-32
-34
-36
-38
-41
-46
-52
-61
-73
-87
-104
-124
-146
-170
-193
-216
-236
-253
-264
-269
-266
-255
-236
-207
-171
-127
-76
-21
36
96
155
212
265
312
352
385
409
425
433
434
427
413
393
369
339
307
271
233
193
152
112
71
31
-6
-42
-77
-109
-140
-167
-192
-215
-236
-254
-270
-285
-298
-309
-320
-329
-338
-346
-353
-359
-364
-368
-370
-370
-367
-362
-353
-340
-324
-304
-280
-253
-223
-190
-155
-119
-83
-47
-12
20
50
76
100
120
136
149
158
165
170
174
177
179
182
186
191
197
204
211
219
227
233
238
242
242
239
233
222
208
190
169
144
118
90
61
33
7
-15
-34
-49
-59
-63
-63
-57
-48
-35
-21
-6
7
21
32
40
45
48
47
43
37
30
20
10
0
-10
-20
-30
-39
-48
-56
-64
-71
-79
-86
-94
-101
-109
-116
-124
-131
-137
-142
-147
-151
-154
-155
-157
-157
-157
-157
-157
-157
-157
-158
-160
-162
-165
-169
-173
-178
-182
-185
-187
-186
-183
-176
-166
-152
-135
-114
-90
-65
-38
-11
14
38
61
81
99
115
129
141
153
165
177
189
203
218
233
249
264
278
290
300
307
310
310
306
298
286
271
255
236
217
197
178
160
143
127
111
96
81
65
48
28
7
-16
-42
-71
-101
-132
-163
-193
-221
-247
-269
-288
-302
-312
-318
-319
-316
-309
-299
-286
-269
-250
-229
-205
-179
-151
-121
-90
-57
-24
9
43
75
106
134
158
178
194
203
208
206
200
188
173
153
131
107
82
56
31
8
-13
-32
-48
-61
-71
-77
-79
-79
-76
-71
-64
-55
-46
-37
-27
-16
-6
3
13
22
32
41
50
58
65
72
77
82
85
87
88
88
88
87
85
83
81
78
76
74
73
72
71
71
71
72
73
74
75
76
76
75
72
67
60
51
39
24
7
-12
-34
-58
-83
-109
-134
-157
-180
-199
-216
-229
-239
-244
-245
-240
-231
-217
-197
-173
-144
-111
-75
-36
4
45
87
127
166
201
232
259
280
297
307
312
313
308
