-235
-258
-275
-285
-292
-297
-302
-308
-317
-330
-348
-372
-400
-432
-467
-503
-539
-572
-601
-624
-640
-647
-645
-634
-612
-580
-539
-488
-428
-361
-288
-209
-126
-42
42
125
204
279
347
407
459
503
538
566
587
603
616
627
636
646
656
668
679
691
701
708
711
708
698
678
649
610
560
502
434
360
280
198
114
31
-49
-125
-196
-261
-320
-371
-414
-451
-481
-505
-523
-535
-544
-548
-550
-548
-544
-538
-530
-520
-508
-494
-478
-461
-441
-419
-396
-372
-346
-318
-290
-261
-231
-200
-169
-138
-108
-78
-49
-22
3
26
47
64
78
88
94
96
93
87
77
65
51
36
22
9
-1
-8
-11
-9
-3
6
21
38
58
80
101
122
141
158
172
182
189
192
194
193
191
189
188
188
189
193
199
206
215
224
233
240
246
250
250
247
242
233
222
209
194
178
161
144
126
107
89
71
53
36
19
3
-11
-24
-34
-43
-48
-49
-48
-43
-35
-24
-10
3
18
33
46
58
66
71
73
70
64
55
42
26
9
-10
-29
-49
-68
-86
-101
-114
-123
-129
-131
-129
-123
-113
-100
-84
-65
-44
-22
0
24
47
68
87
102
113
120
121
118
109
97
81
62
42
22
2
-14
-30
-42
-51
-57
-60
-62
-62
-63
-65
-69
-78
-90
-108
-129
-154
-183
-212
-242
-269
-293
-312
-325
-330
-328
-318
-301
-277
-248
-215
-180
-145
-110
-79
-50
-27
-10
1
6
6
0
-8
-21
-36
-52
-68
-82
-93
-100
-104
-103
-98
-88
-75
-59
-41
-21
-2
16
33
47
59
67
72
73
71
67
61
54
47
41
35
32
31
33
37
44
53
64
75
87
99
110
120
128
133
137
139
139
138
137
135
135
135
137
141
146
154
163
174
185
197
207
216
222
223
219
209
192
168
137
99
56
9
-41
-92
-143
-191
-235
-272
-303
-325
-339
-345
-343
-333
-317
-296
-271
-243
-213
-183
-153
-123
-94
-64
-35
-6
24
54
86
118
149
180
209
235
257
275
288
295
298
296
290
280
267
252
237
221
206
192
181
171
164
158
154
151
148
145
140
133
123
110
92
70
43
12
-22
-61
-103
-146
-190
-234
-275
-314
-349
-378
-401
-416
-423
-422
-411
-392
-364
-329
-287
-241
-192
-142
-94
-49
-9
23
48
64
70
68
57
39
14
-14
-46
-80
-114
-145
-174
-198
-216
-230
-237
-239
-235
-226
-214
-198
-179
-159
-137
-115
-93
-70
-47
-24
0
23
48
74
100
128
156
184
212
240
267
292
316
336
353
365
374
378
378
374
367
356
342
327
310
292
273
255
236
218
200
183
166
149
131
114
95
75
53
28
2
-26
-58
-91
-126
-163
-200
-237
-272
-306
-338
-366
-391
-411
-426
-437
-441
-441
-434
-423
-406
-385
-360
-331
-301
-268
-235
-202
-169
-136
-106
-77
-49
-24
0
20
39
57
73
88
101
113
124
134
143
151
158
164
171
177
183
190
198
206
215
226
237
249
261
272
281
288
292
291
285
274
257
234
206
175
140
104
68
32
0
-29
-53
-73
-88
-97
-102
-103
-101
-96
-90
-83
-76
-71
-66
-62
-60
-59
-59
-60
-60
-61
-61
-59
-56
-51
-43
-34
-22
-9
5
21
37
54
70
85
99
111
121
129
135
137
137
134
128
119
108
94
78
61
43
26
8
-6
-19
-30
-36
-39
-37
-31
-20
-5
12
33
55
78
101
121
140
154
164
170
170
165
156
143
126
106
84
62
39
17
-3
-22
-40
-56
-70
-84
-96
-107
-118
-129
-140
-151
-163
-174
-186
-198
-210
-220
-230
-238
-244
-249
-251
-250
-247
-241
-232
-221
-208
-193
-177
-160
-143
-127
-112
-98
-85
-73
-63
-54
-45
-37
-28
-19
-8
2
15
30
46
64
83
103
123
143
161
177
190
199
203
203
198
187
172
153
131
106
80
54
29
6
-13
-29
-40
-46
-46
-40
-29
-13
5
27
51
74
96
115
130
140
145
143
135
122
104
81
54
25
-4
-35
-65
-93
-119
-142
-162
-179
-192
-203
-211
-217
-222
-226
-231
-235
-240
-246
-252
-259
-265
-271
-276
-280
-281
-279
-274
-266
-255
-240
-224
-205
-186
-166
-146
-128
-112
-98
-86
-75
-67
-59
-52
-44
-36
-25
-13
1
18
38
61
86
113
142
172
202
231
260
286
311
333
351
366
377
384
388
387
382
373
361
345
327
305
281
256
230
203
176
150
126
104
85
68
55
45
37
33
32
33
35
37
40
42
42
41
36
29
19
5
-10
-29
-49
-72
-94
-117
-138
-158
-175
-189
-200
-207
-210
-209
-204
-196
-184
-170
-154
-137
-118
-99
-80
-61
-44
-28
-14
-3
5
11
15
15
12
6
-2
-15
-30
-48
-68
-90
-115
-140
-166
-191
-215
-237
-255
-269
-277
-279
-274
-262
-242
-214
-180
-139
-92
-40
15
73
134
194
254
312
366
416
460
498
529
552
569
578
579
574
563
545
523
496
466
432
396
359
320
280
241
202
163
126
90
57
25
-2
-29
-52
-73
-92
-109
-125
-141
-156
-173
-191
-211
-234
-259
-287
-317
-349
-383
-417
-450
-482
-511
-536
-556
-571
-580
-581
-575
-561
-541
-513
-479
-439
-395
-347
-296
-243
-190
-137
-84
-32
18
68
115
160
204
244
282
317
348
375
397
415
427
433
433
427
414
395
370
340
305
266
225
183
140
98
59
22
-9
-37
-60
-79
-92
-100
-104
-104
-99
-92
-82
-70
-57
-43
-30
-17
-5
4
12
19
23
25
25
22
19
13
7
0
-8
-17
-26
-36
-45
-56
-66
-77
-87
-99
-110
-121
-132
-143
-152
-160
-166
-170
-171
-169
-164
-157
-146
-133
-117
-100
-80
-60
-38
-18
2
21
38
53
65
75
83
88
90
90
88
84
78
71
62
52
41
31
21
12
4
0
-3
-3
0
5
14
25
39
54
70
86
101
115
127
137
143
146
146
143
136
127
116
103
88
73
57
41
26
11
-1
-14
-24
-33
-40
-45
-48
-49
-48
-45
-40
-33
-25
-16
-7
2
11
20
28
34
38
39
37
33
25
14
0
-14
-32
-50
-68
-87
-104
-120
-135
-147
-156
-164
-168
-169
-168
-163
-155
-145
-131
-115
-97
-77
-55
-33
-9
14
38
63
86
109
131
152
170
186
199
209
216
219
218
213
205
194
180
164
146
128
110
94
80
70
64
63
67
75
88
104
123
142
161
178
191
200
203
199
188
170
145
113
75
31
-15
-66
-119
-173
-226
-278
-326
-370
-409
-442
-468
-487
-498
-500
-496
-484
-465
-440
-410
-377
-340
-301
-261
-220
-178
-136
-95
-53
-11
31
74
117
160
203
246
287
325
360
389
412
428
435
432
419
397
364
324
276
223
167
109
53
0
-47
-88
-122
-148
-166
-175
-177
-172
-161
-146
-128
-108
-88
-68
-49
-33
-20
-10
-4
-1
-1
-4
-9
-16
-24
-33
-42
-51
-58
-65
-70
-74
-75
-75
-73
-70
-67
-64
-61
-60
-61
-65
-72
-82
-95
-110
-127
-145
-163
-179
-193
-203
-209
-211
-209
-203
-195
-184
-172
-160
-150
-142
-137
-135
-137
-143
-151
-162
-173
-184
-193
-200
-203
-201
-195
-182
-163
-139
-109
-74
-36
5
49
95
141
185
228
269
306
340
369
394
414
429
439
444
444
440
430
417
399
378
353
327
299
271
242
215
190
167
147
130
116
106
98
94
92
92
93
95
97
98
97
93
86
75
60
40
17
-9
-39
-71
-104
-137
-167
-195
-218
-235
-246
-250
-248
-238
-222
-202
-177
-150
-121
-93
-66
-41
-21
-4
7
14
17
15
9
0
-10
-22
-34
-45
-54
-61
-64
-63
-57
-48
-36
-20
-2
16
36
56
74
91
106
118
127
133
136
135
131
125
117
107
97
87
78
70
64
60
57
57
58
60
62
62
62
59
55
47
37
25
11
-4
-20
-35
-50
-63
-73
-80
-83
-82
-77
-67
-54
-38
-19
1
22
43
63
81
95
106
111
111
106
96
80
59
35
7
-23
-55
-87
-119
-149
-176
-200
-219
-233
-242
-246
-245
-240
-231
-220
-207
-194
-180
-168
-156
-145
-134
-123
-112
-99
-85
-68
-48
-26
-1
24
52
81
109
135
159
180
197
210
218
221
219
212
200
184
164
141
116
90
63
36
10
-15
-38
-60
-80
-97
-113
-126
-137
-145
-151
-154
-154
-151
-145
-137
-126
-113
-99
-83
-67
-51
-36
-22
-9
0
7
12
13
12
7
0
-10
-22
-37
-53
-69
-86
-103
-119
-133
-145
-155
-163
-167
-169
-169
-167
-163
-159
-154
-149
-146
-142
-140
-137
-134
-129
-122
-111
-96
-76
-49
-17
21
65
115
168
225
282
339
394
444
489
527
556
576
586
585
574
554
524
486
441
391
337
280
222
164
108
55
5
-39
-80
-117
-148
-174
-195
-212
-223
-231
-234
-233
-229
-221
-210
-197
-181
-164
-145
-126
-107
-88
-70
-53
-38
-26
-16
-9
-5
-5
-8
-14
-24
-37
-52
-69
-88
-108
-127
-145
-161
-175
-185
-191
-193
-191
-184
-174
-160
-144
-126
-107
-88
-70
-54
-39
-26
-15
-5
3
11
19
28
39
52
68
87
110
135
164
194
226
259
290
320
347
369
385
395
398
393
381
360
333
299
261
219
174
130
86
46
8
-23
-50
-72
-89
-101
-109
-113
-115
-115
-115
-114
-115
-117
-121
-126
-133
-141
-150
-159
-168
-176
-182
-186
-188
-186
-182
-174
-165
-153
-140
-127
-115
-104
-97
-94
-96
-104
-118
-137
-162
-190
-222
-254
-286
-315
-340
-358
-369
-369
-360
-340
-310
-270
-222
-168
-110
-49
10
68
123
172
214
248
275
293
304
307
305
296
284
268
249
229
208
187
165
144
124
105
87
69
52
36
21
6
-8
-23
-37
-52
-67
-82
-97
-111
-125
-138
-150
-161
-169
-176
-181
-183
-184
-183
-180
-175
-168
-159
-149
-137
-123
-107
-88
-68
-46
-22
3
30
58
86
114
141
166
189
210
226
239
247
251
251
245
236
224
209
191
173
154
135
117
100
85
71
59
50
42
35
30
26
23
20
17
15
12
9
7
5
4
4
6
8
13
19
26
35
44
53
62
71
78
83
86
86
83
75
64
48
29
5
-21
-50
-81
-113
-145
-175
-202
-224
-241
-252
-256
-252
-240
-220
-194
-161
-123
-81
-37
7
51
92
130
164
193
216
235
248
257
262
263
262
258
251
244
234
224
212
199
185
170
153
134
114
93
70
47
23
0
-25
-48
-71
-92
-112
-129
-144
-155
-164
-169
-170
-168
-162
-152
-139
-124
-108
-91
-75
-60
-49
-42
-40
-43
-51
-65
-84
-107
-132
-159
