-125
-118
-108
-96
-82
-67
-51
-36
-21
-8
2
12
19
25
29
32
34
36
37
38
40
43
46
50
55
61
66
72
78
83
87
90
92
92
91
88
84
78
71
64
55
46
37
29
20
13
6
0
-5
-10
-15
-20
-25
-30
-35
-41
-47
-53
-59
-65
-70
-74
-77
-79
-80
-79
-76
-71
-65
-55
-44
-31
-16
0
16
32
47
59
69
74
75
71
63
52
37
20
3
-14
-30
-44
-56
-63
-67
-67
-64
-57
-49
-38
-28
-18
-9
-1
2
5
4
2
-1
-6
-11
-16
-20
-22
-21
-18
-13
-4
7
21
37
55
74
93
113
131
148
162
173
181
186
186
182
174
162
147
128
106
82
57
31
4
-21
-46
-69
-91
-110
-127
-142
-155
-165
-174
-180
-186
-189
-192
-193
-193
-191
-189
-185
-180
-174
-167
-159
-150
-140
-129
-117
-105
-91
-77
-63
-47
-31
-15
1
18
34
51
67
82
97
110
122
133
142
148
153
156
156
155
151
146
140
132
123
112
102
90
78
65
53
40
29
18
8
0
-7
-13
-18
-21
-23
-25
-25
-25
-24
-24
-23
-22
-22
-22
-23
-25
-27
-31
-35
-40
-45
-51
-56
-60
-64
-66
-66
-64
-60
-54
-45
-34
-22
-7
8
24
41
57
72
85
97
105
111
114
113
109
102
92
80
66
52
38
24
12
1
-7
-14
-19
-22
-23
-23
-23
-21
-20
-19
-19
-19
-20
-21
-23
-25
-27
-28
-29
-29
-28
-27
-25
-23
-21
-19
-18
-16
-16
-16
-16
-17
-18
-18
-18
-17
-15
-13
-9
-4
1
7
14
20
27
34
40
45
49
52
53
53
51
48
42
35
27
17
7
-3
-15
-26
-37
-47
-57
-65
-72
-77
-80
-81
-80
-77
-72
-65
-57
-48
-39
-30
-21
-14
-9
-5
-3
-2
-3
-6
-9
-13
-16
-20
-22
-24
-24
-22
-19
-14
-7
0
9
20
30
41
51
61
71
79
85
91
94
96
95
93
88
81
71
59
45
30
13
-2
-18
-33
-47
-57
-65
-69
-70
-67
-60
-50
-37
-22
-6
10
27
43
57
69
79
86
90
91
88
83
76
66
54
40
25
9
-6
-24
-41
-57
-74
-88
-102
-114
-124
-131
-137
-140
-140
-139
-136
-131
-124
-116
-107
-98
-88
-78
-69
-60
-51
-43
-36
-29
-24
-18
-13
-9
-4
0
6
12
19
27
35
45
54
65
75
85
95
104
112
118
123
125
125
123
119
113
106
97
87
77
66
56
46
37
30
23
17
13
10
8
6
5
5
4
3
2
0
-1
-3
-6
-9
-12
-15
-18
-21
-24
-26
-27
-28
-28
-28
-26
-24
-21
-18
-15
-12
-9
-6
-4
-3
-2
-2
-2
-3
-4
-5
-7
-9
-11
-13
-15
-16
-17
-18
-18
-18
-17
-16
-15
-15
-14
-14
-14
-15
-16
-17
-18
-20
-21
-22
-23
-23
-22
-21
-19
-16
-13
-9
-3
1
7
13
18
23
27
30
31
31
30
28
24
20
15
9
4
0
-5
-8
-11
-12
-12
-11
-9
-6
-3
0
2
4
5
5
4
1
-2
-7
-13
-20
-26
-33
-40
-46
-50
-54
-56
-57
-56
-53
-50
-45
-39
-32
-25
-18
-11
-4
2
8
14
20
24
29
32
36
38
41
42
44
44
45
45
46
46
46
46
46
47
47
48
49
50
50
51
51
50
49
46
43
39
34
28
22
15
8
1
-4
-10
-15
-19
-22
-24
-25
-25
-25
-25
-24
-23
-22
-21
-21
-20
-19
-17
-16
-14
-11
-8
-5
-1
1
4
6
7
7
5
3
0
-4
-10
-16
-23
-30
-37
-44
-51
-57
-63
-68
-72
-76
-78
-80
-80
-79
-77
-74
-69
-64
-59
-52
-45
-38
-31
-23
-17
-10
-5
0
4
7
10
13
15
17
20
22
25
28
32
36
41
46
51
57
64
70
76
82
87
92
95
97
97
96
92
87
80
71
62
50
38
26
13
0
-12
-24
-36
-46
-55
-63
-69
-73
-75
-75
-73
-70
-66
-61
-55
-49
-43
-37
-31
-26
-22
-18
-14
-12
-9
-7
-5
-3
-1
1
3
5
7
9
11
11
12
11
10
8
6
4
2
0
-1
-2
-3
-3
-2
-1
0
2
4
7
8
10
12
13
15
16
18
21
25
30
37
45
55
67
80
94
109
124
138
152
163
171
175
175
169
159
142
121
95
66
33
0
-33
-65
-95
-121
-143
-159
-170
-176
-176
-171
-162
-150
-135
-119
-103
-87
-72
-59
-47
-38
-30
-24
-19
-14
-9
-4
0
6
13
21
28
36
43
48
52
54
54
51
45
35
23
7
-12
-33
-57
-82
-107
-132
-155
-175
-190
-201
-206
-206
-199
-186
-168
-144
-118
-88
-56
-24
6
35
62
86
105
120
130
137
139
137
133
126
118
109
100
92
84
78
75
72
72
74
76
80
83
86
88
88
85
81
73
63
50
35
19
2
-15
-32
-48
-62
-74
-84
-91
-95
-95
-93
-88
-80
-71
-59
-47
-34
-22
-10
0
7
13
16
16
14
9
3
-4
-13
-22
-30
-37
-43
-46
-48
-47
-44
-39
-33
-26
-18
-10
-1
6
15
23
32
42
52
64
78
93
110
130
152
175
200
225
249
273
293
309
321
326
325
317
301
277
246
207
163
114
61
6
-49
-104
-157
-206
-250
-289
-321
-345
-363
-373
-376
-374
-365
-352
-334
-314
-291
-266
-241
-214
-188
-162
-137
-112
-88
-65
-43
-23
-3
13
28
41
52
59
63
63
60
54
46
36
24
12
1
-9
-19
-27
-34
-39
-43
-46
-49
-51
-53
-56
-58
-61
-64
-67
-69
-71
-73
-73
-73
-70
-66
-60
-51
-40
-26
-10
7
27
49
73
97
122
146
170
192
212
229
244
255
262
265
265
260
252
240
226
208
188
166
142
117
92
67
42
18
-4
-26
-46
-65
-82
-99
-116
-132
-149
-167
-186
-206
-227
-249
-270
-290
-308
-323
-333
-339
-338
-331
-318
-298
-272
-241
-205
-166
-125
-83
-41
-1
35
68
97
120
138
150
156
157
154
146
136
124
110
96
83
71
60
51
45
41
40
40
43
47
53
60
67
75
82
90
97
104
111
116
121
125
127
128
128
126
122
117
110
102
93
83
72
61
48
36
23
11
-1
-12
-23
-32
-39
-45
-47
-47
-44
-38
-29
-17
-3
11
28
47
65
83
100
116
129
140
148
153
155
154
150
143
134
123
111
98
84
69
55
41
28
15
4
-6
-15
-24
-31
-38
-43
-47
-50
-52
-51
-48
-44
-37
-27
-16
-4
9
23
38
51
63
73
80
85
86
85
80
72
62
49
34
17
0
-17
-34
-51
-67
-81
-93
-103
-111
-116
-118
-119
-117
-113
-108
-101
-92
-83
-73
-62
-51
-40
-29
-18
-8
1
9
15
19
21
20
16
9
-1
-15
-32
-52
-74
-98
-123
-148
-172
-196
-217
-235
-250
-259
-264
-264
-257
-244
-226
-202
-174
-141
-105
-67
-28
9
44
77
105
127
143
152
155
152
143
129
111
91
69
48
28
11
-2
-12
-17
-18
-15
-8
1
14
28
43
58
72
85
96
104
110
113
114
112
109
103
95
87
77
66
55
44
33
22
10
0
-10
-21
-30
-39
-47
-54
-60
-65
-69
-72
-73
-73
-73
-72
-70
-68
-65
-63
-60
-58
-56
-55
-55
-56
-57
-59
-61
-64
-67
-69
-72
-73
-74
-73
-72
-69
-65
-61
-55
-48
-40
-31
-23
-13
-4
4
13
21
29
36
43
49
54
58
62
66
69
73
77
82
88
95
103
112
122
132
142
151
159
164
167
167
163
157
147
133
117
99
78
56
34
11
-11
-33
-54
-72
-89
-102
-113
-121
-125
-126
-125
-121
-114
-105
-95
-83
-71
-58
-45
-33
-21
-10
0
7
14
20
24
26
27
27
26
24
21
18
14
11
8
5
3
1
0
0
-1
-1
-1
-1
-1
0
0
3
6
11
17
25
34
45
57
69
81
91
101
108
112
114
111
106
97
85
71
55
37
20
3
-12
-25
-36
-44
-50
-53
-54
-53
-51
-48
-45
-42
-40
-38
-38
-39
-40
-43
-46
-50
-54
-58
-62
-65
-67
-69
-69
-68
-66
-62
-58
-53
-48
-42
-35
-29
-22
-15
-8
0
5
12
18
23
26
28
29
28
26
22
17
12
7
2
-2
-5
-7
-7
-6
-4
0
4
9
14
18
22
25
27
28
27
25
21
18
14
9
5
2
0
-2
-3
-2
-2
0
2
4
7
9
11
12
12
11
9
6
2
-2
-8
-13
-19
-24
-28
-32
-35
-36
-37
-36
-34
-31
-28
-24
-19
-15
-10
-7
-4
-2
-1
-1
-3
-5
-9
-14
-20
-26
-32
-39
-46
-52
-57
-62
-65
-68
-69
-69
-67
-64
-60
-54
-48
-41
-33
-24
-15
-6
3
14
24
36
47
59
70
81
91
99
105
109
108
104
96
82
64
41
13
-17
-51
-86
-120
-153
-183
-206
-224
-233
-234
-226
-210
-185
-153
-115
-74
-30
14
58
99
136
169
197
219
235
246
252
254
252
247
240
231
222
212
201
191
181
171
161
151
141
131
120
109
98
87
75
63
50
38
25
12
-1
-15
-29
-43
-57
-72
-86
-99
-113
-125
-137
-149
-159
-169
-178
-185
-192
-197
-201
-204
-206
-206
-205
-203
-200
-195
-188
-181
-172
-162
-151
-140
-127
-114
-101
-88
-76
-63
-51
-40
-30
-20
-12
-5
1
7
12
18
24
30
36
43
51
58
66
74
81
87
93
97
100
102
103
103
103
103
103
104
106
108
112
118
124
132
140
149
157
165
171
176
178
177
173
166
155
142
125
106
84
61
36
11
-14
-39
-63
-86
-107
-126
-143
-158
-170
-178
-184
-187
-187
-183
-177
-168
-156
-142
-126
-109
-91
-71
-52
-32
-12
7
26
44
61
76
90
102
112
119
123
124
122
118
110
100
87
72
55
37
19
0
-18
-36
-53
-68
-81
-90
-97
-100
-101
-98
-92
-83
-73
-61
-48
-35
-22
-10
0
10
18
24
28
31
32
31
29
26
23
19
16
12
9
7
5
4
2
1
-1
-4
-8
-13
-19
-26
-33
-41
-50
-57
-64
-69
-73
-75
-75
-72
-68
-62
-54
-46
-36
-26
-17
-7
1
10
18
25
33
40
47
55
63
72
82
93
104
116
127
139
149
158
165
169
170
168
163
154
143
129
114
98
81
65
50
37
25
16
8
1
-3
-8
-13
-18
-25
-32
-41
-51
-62
-74
-87
-99
-111
-121
-130
-137
-141
-143
-142
-139
-134
-126
-117
-105
-92
-78
-62
-46
-30
-14
0
13
25
33
38
39
