47
50
51
50
48
46
42
37
32
26
20
13
5
-2
-10
-19
-27
-35
-43
-51
-58
-65
-71
-77
-84
-89
-95
-100
-105
-109
-112
-114
-115
-113
-111
-106
-98
-89
-77
-63
-46
-28
-8
11
32
52
70
87
100
111
118
122
122
119
112
103
92
80
67
54
41
29
19
10
2
-3
-9
-14
-18
-23
-27
-32
-36
-40
-44
-46
-47
-46
-42
-36
-27
-16
-2
12
29
47
65
82
98
112
123
131
135
135
132
126
117
107
94
81
67
54
40
27
15
3
-8
-18
-28
-37
-45
-52
-57
-62
-64
-66
-65
-62
-58
-52
-43
-33
-21
-8
5
19
34
48
60
71
80
86
89
89
86
80
71
60
47
32
16
0
-18
-35
-51
-67
-81
-93
-103
-111
-115
-117
-117
-114
-108
-101
-91
-81
-69
-56
-42
-28
-14
0
12
25
36
47
56
64
71
76
80
82
84
84
83
82
79
76
71
66
59
52
43
33
22
10
-3
-17
-32
-47
-62
-77
-91
-104
-116
-125
-133
-138
-141
-142
-139
-134
-127
-117
-104
-89
-73
-54
-34
-12
9
33
56
79
102
123
143
161
176
188
196
200
201
196
188
175
158
138
114
88
59
30
1
-26
-52
-75
-95
-111
-121
-127
-128
-124
-116
-104
-89
-71
-52
-32
-12
6
23
38
51
61
68
71
70
66
58
46
32
16
-1
-19
-37
-54
-69
-80
-87
-91
-90
-85
-76
-64
-50
-35
-19
-4
8
19
28
32
33
31
26
18
7
-4
-17
-31
-44
-57
-70
-81
-91
-99
-105
-109
-111
-111
-108
-102
-95
-85
-74
-62
-49
-36
-24
-11
0
9
18
26
33
39
43
48
51
55
58
62
65
69
72
75
77
79
79
79
78
75
72
68
63
59
54
49
44
40
36
32
28
25
22
20
18
16
15
15
14
13
13
11
9
7
3
-1
-7
-14
-22
-30
-38
-46
-54
-61
-66
-70
-72
-73
-71
-68
-62
-55
-46
-36
-24
-12
0
13
26
39
52
64
75
84
92
98
102
103
102
98
92
83
72
59
45
29
12
-4
-21
-37
-52
-66
-78
-87
-93
-97
-97
-95
-90
-84
-76
-67
-57
-48
-39
-30
-21
-14
-6
0
6
12
18
24
31
37
43
49
54
58
61
63
63
62
59
54
48
41
34
27
21
16
12
10
9
9
11
14
16
19
20
21
20
18
15
10
4
-2
-9
-17
-24
-31
-36
-41
-44
-45
-44
-41
-37
-31
-23
-13
-3
7
19
30
42
52
62
70
77
82
86
88
88
88
86
84
80
77
73
69
65
61
57
54
51
49
48
46
45
44
44
43
43
42
41
40
37
34
30
23
15
5
-7
-22
-40
-60
-82
-104
-127
-150
-171
-191
-207
-220
-229
-235
-236
-233
-226
-217
-204
-188
-171
-152
-133
-113
-94
-76
-60
-45
-34
-26
-21
-21
-24
-30
-40
-53
-69
-86
-105
-123
-142
-159
-174
-187
-197
-204
-209
-210
-208
-205
-199
-191
-181
-170
-157
-142
-124
-105
-83
-58
-30
-1
30
63
98
132
165
197
226
251
273
291
303
312
316
317
315
310
304
298
291
285
279
273
268
262
256
248
239
229
216
201
183
163
141
116
90
62
34
5
-24
-52
-80
-106
-131
-153
-174
-191
-207
-219
-229
-236
-240
-241
-239
-234
-227
-216
-203
-188
-171
-153
-134
-115
-96
-78
-62
-47
-34
-24
-15
-8
-3
0
4
8
12
16
21
28
35
43
51
60
69
77
83
88
91
92
91
87
81
74
64
53
42
29
17
5
-5
-16
-25
-32
-38
-42
-43
-42
-38
-31
-21
-8
6
24
43
64
84
104
122
139
153
164
171
176
177
175
171
164
154
144
132
120
108
97
86
76
66
58
51
45
39
33
27
21
15
9
3
-1
-7
-11
-15
-18
-20
-21
-21
-20
-18
-16
-14
-13
-12
-11
-12
-15
-18
-23
-28
-34
-40
-46
-51
-54
-55
-54
-50
-44
-35
-24
-11
1
14
26
37
45
51
53
51
46
37
26
12
-3
-20
-38
-56
-73
-89
-104
-117
-128
-137
-144
-150
-153
-155
-154
-153
-149
-145
-139
-132
-124
-114
-104
-93
-82
-70
-58
-47
-36
-25
-16
-8
-1
4
7
10
10
9
6
2
-2
-8
-15
-22
-30
-37
-45
-51
-56
-60
-62
-62
-61
-57
-52
-44
-36
-26
-15
-3
7
18
29
38
46
53
58
61
62
63
62
62
61
61
63
66
70
77
85
95
106
116
126
134
141
145
146
144
140
132
123
112
100
87
75
63
52
42
32
23
15
7
0
-8
-17
-26
-36
-46
-56
-65
-74
-80
-85
-87
-87
-83
-77
-68
-58
-46
-34
-22
-11
-2
5
9
11
10
6
1
-6
-14
-22
-30
-35
-38
-38
-34
-28
-17
-4
10
27
44
62
78
93
105
114
120
122
119
113
103
90
75
57
38
19
0
-18
-35
-51
-64
-76
-84
-90
-94
-95
-94
-91
-86
-80
-72
-65
-57
-50
-44
-38
-33
-28
-25
-22
-20
-19
-18
-17
-16
-15
-14
-13
-11
-8
-4
0
5
13
22
32
43
54
66
78
88
98
105
111
114
115
112
107
100
90
78
65
51
36
21
6
-7
-21
-35
-48
-60
-72
-83
-95
-105
-115
-125
-134
-141
-147
-152
-155
-156
-155
-152
-146
-138
-128
-115
-100
-84
-65
-45
-24
-3
16
36
54
70
84
95
102
107
108
106
101
94
85
74
62
49
36
24
12
1
-8
-19
-29
-39
-50
-60
-72
-83
-94
-105
-115
-123
-129
-132
-132
-128
-120
-109
-93
-75
-54
-32
-10
11
31
48
61
69
73
72
67
59
49
39
28
20
14
12
14
21
31
46
64
84
105
126
146
163
178
188
194
196
193
187
177
164
150
135
120
106
92
80
68
58
48
38
28
17
6
-5
-18
-33
-48
-63
-79
-94
-108
-121
-132
-141
-148
-152
-153
-152
-148
-143
-137
-129
-121
-113
-106
-98
-92
-86
-81
-77
-73
-70
-68
-66
-64
-62
-59
-57
-54
-50
-46
-42
-37
-32
-27
-21
-16
-11
-7
-3
0
3
5
8
10
13
16
19
23
27
32
37
41
46
50
53
56
58
59
59
59
58
57
56
54
52
50
47
45
43
41
39
38
37
38
39
42
45
50
56
63
70
78
87
95
102
108
112
115
115
112
106
97
85
70
52
33
11
-10
-32
-53
-73
-90
-104
-114
-120
-122
-120
-114
-105
-93
-79
-63
-47
-30
-15
-1
11
21
29
34
36
36
34
30
24
17
10
3
-3
-8
-13
-17
-20
-23
-25
-27
-29
-32
-35
-40
-46
-53
-61
-69
-77
-85
-91
-94
-95
-91
-83
-70
-53
-31
-5
22
53
83
113
140
164
182
196
203
203
197
184
166
142
113
81
48
13
-20
-52
-81
-106
-126
-140
-148
-150
-147
-138
-125
-109
-91
-72
-54
-36
-21
-9
0
5
8
8
5
0
-7
-14
-22
-30
-36
-40
-42
-41
-38
-33
-25
-16
-6
3
13
22
29
33
35
34
30
23
14
2
-11
-26
-41
-56
-70
-81
-91
-97
-101
-101
-98
-93
-85
-75
-63
-50
-36
-21
-6
8
23
37
52
66
80
93
107
119
132
144
156
167
178
187
195
202
206
207
206
201
193
181
166
148
128
105
81
56
30
4
-20
-45
-68
-90
-110
-128
-145
-159
-171
-181
-188
-194
-197
-198
-196
-192
-186
-178
-168
-157
-145
-133
-121
-111
-101
-94
-88
-83
-81
-79
-79
-79
-79
-79
-77
-74
-68
-60
-49
-36
-19
-1
18
39
60
81
99
116
129
139
144
145
142
134
122
106
88
66
43
20
-2
-23
-41
-55
-64
-68
-66
-58
-45
-27
-6
18
44
70
95
118
137
152
162
168
167
162
153
139
121
102
80
58
35
14
-5
-22
-37
-48
-57
-62
-64
-62
-58
-52
-43
-33
-22
-10
0
11
21
30
37
43
46
48
48
47
44
40
36
31
26
22
18
16
14
14
15
17
19
21
23
25
26
26
25
24
21
18
14
11
8
6
6
7
11
16
24
34
46
58
71
84
97
108
116
122
124
123
118
110
97
82
64
44
22
0
-21
-42
-62
-80
-96
-110
-122
-132
-139
-145
-149
-151
-151
-151
-149
-147
-143
-140
-135
-130
-124
-118
-110
-102
-93
-83
-72
-60
-47
-33
-19
-5
9
24
38
51
63
73
82
87
89
87
82
72
58
40
19
-5
-33
-63
-93
-122
-150
-175
-196
-212
-222
-226
-224
-217
-204
-186
-164
-139
-112
-85
-57
-30
-5
17
37
54
68
79
87
93
97
99
99
98
96
94
91
87
84
80
77
75
74
74
75
78
83
89
96
104
113
121
128
135
139
140
139
136
129
119
107
92
76
59
42
25
9
-6
-21
-34
-46
-58
-68
-78
-88
-97
-105
-113
-121
-127
-133
-137
-141
-142
-142
-141
-138
-134
-129
-123
-117
-110
-103
-96
-90
-85
-82
-79
-77
-76
-76
-76
-76
-76
-74
-72
-67
-62
-54
-45
-34
-22
-9
4
19
34
49
64
77
89
100
109
115
120
122
123
121
118
113
107
99
90
80
69
58
47
37
28
20
14
10
9
10
14
19
27
36
47
58
70
82
93
104
114
123
130
136
140
143
143
141
136
130
121
111
99
85
69
53
36
18
1
-14
-29
-42
-53
-61
-66
-69
-68
-64
-57
-48
-38
-26
-14
-2
8
19
28
35
41
44
46
46
44
41
36
31
26
21
16
11
7
3
0
-1
-3
-4
-6
-7
-8
-8
-8
-8
-8
-7
-5
-3
-1
0
1
1
0
-2
-7
-15
-25
-37
-52
-69
-86
-104
-122
-139
-154
-165
-174
-178
-179
-175
-167
-156
-141
-125
-106
-87
-69
-52
-37
-25
-16
-10
-8
-10
-15
-23
-34
-47
-61
-75
-89
-103
-114
-123
-128
-129
-126
-119
-107
-90
-69
-45
-18
9
39
68
96
122
146
166
182
194
202
206
206
203
198
190
180
169
157
144
131
117
104
91
78
65
53
43
33
24
17
11
7
4
2
0
0
-1
-3
-5
-9
-14
-20
-28
-38
-49
-61
-75
-89
-104
-119
-133
-146
-157
-165
-171
-174
-173
-169
-162
-151
-137
-121
-103
-84
-64
-44
-25
-7
8
22
33
41
46
49
49
47
44
39
34
28
23
19
15
14
14
15
19
24
31
39
49
60
71
81
92
101
108
114
118
119
118
115
110
103
94
84
73
60
47
34
20
5
-7
-21
-34
-45
-55
-63
-69
-73
-74
-72
-67
-60
-51
-39
-27
-14
-1
10
21
