-84
-94
-101
-107
-110
-112
-110
-106
-100
-91
-80
-68
-55
-40
-25
-11
3
17
29
41
51
60
67
73
78
82
84
87
88
89
89
89
88
86
84
81
77
73
69
64
59
54
49
45
40
36
33
30
27
25
23
22
21
20
20
20
20
20
19
19
19
18
18
18
18
19
20
22
24
26
28
30
32
32
32
31
28
24
19
13
6
-1
-9
-17
-25
-33
-40
-46
-51
-55
-58
-60
-61
-62
-62
-62
-61
-60
-58
-56
-53
-49
-45
-40
-35
-29
-23
-18
-13
-9
-7
-5
-5
-7
-10
-14
-20
-26
-32
-38
-44
-50
-55
-58
-61
-63
-64
-64
-62
-61
-58
-54
-50
-44
-38
-31
-23
-15
-6
2
11
20
29
38
46
53
60
67
73
78
82
86
89
91
91
91
90
88
85
82
77
72
66
59
52
45
38
31
23
16
9
2
-3
-9
-16
-22
-28
-33
-39
-44
-48
-52
-54
-55
-55
-54
-51
-47
-41
-34
-27
-19
-11
-3
4
11
16
21
24
25
25
22
17
10
2
-7
-17
-29
-40
-50
-60
-69
-76
-81
-85
-87
-87
-86
-84
-80
-77
-73
-69
-64
-60
-56
-52
-47
-42
-36
-29
-22
-14
-5
2
11
19
26
32
37
40
40
40
37
33
28
23
18
12
8
5
2
2
2
4
8
12
17
22
27
32
37
42
46
50
54
57
59
61
62
63
64
63
63
62
62
61
61
61
62
63
64
65
66
68
69
69
69
69
67
65
61
57
51
45
37
29
19
9
-2
-15
-29
-43
-58
-74
-90
-105
-120
-133
-144
-153
-158
-161
-160
-155
-146
-134
-118
-100
-79
-57
-35
-13
8
27
44
57
67
74
76
76
72
67
60
52
44
37
31
26
23
21
21
22
24
27
29
32
34
35
35
34
33
30
27
24
21
19
17
16
16
17
19
21
24
27
29
30
31
29
27
22
16
9
0
-8
-18
-28
-38
-47
-55
-62
-66
-69
-69
-67
-63
-57
-50
-42
-34
-27
-20
-15
-11
-8
-7
-7
-8
-9
-11
-13
-14
-15
-14
-13
-10
-6
-1
3
9
15
20
24
27
29
29
28
25
21
17
13
9
5
3
0
0
-1
-1
-1
-1
-1
-2
-3
-5
-8
-11
-15
-20
-24
-29
-32
-35
-36
-36
-33
-29
-24
-17
-9
0
9
18
27
35
41
47
51
53
54
53
50
46
41
35
28
21
14
7
0
-4
-9
-14
-17
-20
-22
-24
-25
-26
-27
-28
-29
-30
-32
-34
-36
-38
-41
-44
-47
-51
-54
-58
-62
-66
-70
-72
-74
-75
-74
-71
-66
-58
-48
-35
-19
-2
17
37
58
79
99
117
132
143
151
155
154
150
141
129
114
97
79
61
42
25
8
-5
-18
-29
-38
-46
-52
-57
-62
-65
-68
-72
-75
-78
-81
-85
-88
-91
-93
-95
-95
-93
-89
-84
-76
-67
-57
-45
-33
-22
-10
-1
6
12
16
17
14
10
3
-6
-16
-27
-38
-48
-55
-61
-63
-61
-56
-48
-37
-23
-7
9
26
44
60
75
89
100
109
116
120
123
123
122
119
116
113
109
106
103
100
98
96
94
92
90
87
83
79
74
68
61
55
48
42
35
29
24
18
13
7
1
-5
-14
-23
-34
-47
-60
-74
-89
-103
-115
-126
-135
-141
-144
-144
-140
-134
-125
-114
-102
-89
-76
-64
-53
-43
-35
-30
-26
-24
-25
-26
-29
-32
-35
-38
-40
-41
-40
-38
-34
-29
-23
-16
-8
0
7
14
21
26
30
32
34
34
33
33
32
31
31
32
33
36
39
43
47
52
57
62
67
72
76
81
85
88
90
92
93
92
90
87
83
77
70
61
52
42
31
20
9
-1
-11
-21
-29
-36
-41
-44
-46
-46
-44
-41
-36
-31
-25
-19
-12
-6
-1
3
6
9
10
10
8
6
3
0
-4
-8
-11
-15
-18
-20
-23
-25
-27
-30
-33
-37
-42
-48
-54
-61
-67
-74
-79
-83
-85
-85
-83
-77
-70
-59
-46
-31
-14
3
21
40
58
74
89
101
110
116
120
121
119
114
108
100
91
80
69
57
46
34
23
13
4
-3
-9
-14
-18
-20
-22
-22
-21
-19
-17
-14
-11
-8
-5
-2
0
2
3
3
3
1
-1
-6
-12
-19
-28
-38
-49
-61
-73
-85
-97
-107
-115
-121
-125
-125
-122
-115
-105
-93
-77
-59
-40
-20
0
20
40
59
76
92
106
118
128
137
143
147
149
148
144
138
129
117
103
86
67
47
26
5
-16
-36
-55
-73
-87
-99
-108
-113
-114
-112
-106
-98
-87
-75
-62
-48
-35
-23
-12
-4
0
3
4
1
-2
-9
-18
-28
-38
-49
-60
-70
-80
-88
-96
-101
-105
-107
-107
-104
-100
-94
-87
-78
-67
-56
-43
-30
-17
-4
9
22
35
48
59
70
80
89
97
104
110
115
119
122
124
125
125
125
124
122
120
118
115
111
107
102
96
88
80
71
61
51
40
29
18
8
-1
-9
-16
-22
-26
-30
-32
-33
-34
-35
-36
-37
-39
-42
-46
-50
-54
-59
-63
-67
-69
-71
-72
-71
-70
-68
-66
-64
-62
-61
-60
-60
-60
-61
-62
-63
-63
-63
-62
-60
-56
-51
-45
-38
-31
-23
-15
-7
-1
4
8
10
12
11
9
6
3
-1
-6
-12
-18
-25
-32
-39
-46
-52
-58
-63
-66
-67
-65
-60
-52
-39
-23
-3
18
42
68
94
118
141
160
174
184
189
188
182
172
157
140
120
99
78
57
38
20
5
-7
-17
-24
-28
-30
-29
-26
-21
-15
-8
-1
5
11
17
22
26
28
29
29
26
23
17
11
4
-3
-11
-19
-27
-34
-39
-44
-47
-48
-48
-46
-42
-37
-31
-24
-17
-10
-2
3
9
13
15
15
12
8
1
-7
-16
-27
-37
-47
-56
-63
-68
-71
-72
-71
-69
-65
-59
-53
-47
-40
-34
-28
-23
-19
-16
-14
-13
-13
-13
-13
-13
-12
-11
-9
-6
-3
0
4
8
12
15
18
19
20
19
17
14
11
7
3
0
-4
-6
-7
-7
-5
-2
2
8
16
24
33
41
49
56
62
66
68
68
67
63
58
52
44
36
28
20
13
7
2
0
-1
0
2
6
11
16
22
27
31
34
34
33
29
23
16
7
-3
-13
-24
-34
-43
-50
-56
-59
-60
-60
-57
-53
-48
-42
-36
-29
-22
-16
-10
-5
0
3
6
9
12
14
16
17
18
18
18
17
15
12
9
6
2
0
-4
-7
-8
-9
-9
-7
-4
0
4
11
17
24
31
36
39
41
39
35
28
18
5
-9
-25
-41
-57
-71
-84
-94
-100
-103
-102
-97
-89
-77
-63
-47
-30
-13
3
18
30
40
46
49
49
46
41
33
23
13
2
-8
-19
-29
-38
-46
-53
-58
-62
-63
-63
-60
-55
-48
-38
-25
-10
6
26
47
70
93
116
138
158
176
190
201
208
211
210
205
196
185
171
154
136
116
95
75
53
33
13
-5
-22
-38
-53
-65
-76
-85
-92
-97
-101
-103
-104
-103
-101
-98
-94
-89
-84
-79
-73
-68
-63
-58
-54
-50
-46
-44
-42
-43
-45
-49
-56
-65
-76
-89
-104
-119
-134
-148
-161
-170
-176
-178
-176
-169
-159
-144
-125
-104
-81
-56
-32
-8
14
33
50
63
72
77
79
77
73
67
60
51
43
36
30
27
26
27
32
41
52
65
81
97
115
132
147
161
173
181
186
188
187
183
176
166
155
141
126
110
93
75
57
39
21
3
-13
-30
-47
-63
-78
-91
-104
-115
-124
-131
-136
-140
-141
-142
-141
-139
-137
-135
-132
-129
-125
-122
-118
-113
-107
-101
-93
-84
-73
-62
-49
-36
-21
-7
7
21
34
45
54
61
65
67
65
62
57
50
42
33
25
17
10
4
0
-2
-2
0
3
10
19
30
42
55
69
83
96
108
118
127
132
135
134
131
125
116
105
91
77
61
45
29
14
0
-12
-24
-33
-40
-45
-48
-50
-50
-48
-46
-42
-38
-34
-30
-25
-21
-17
-14
-11
-9
-7
-6
-5
-4
-3
-2
-1
0
3
7
11
15
20
25
29
33
36
37
37
36
33
29
23
17
9
2
-4
-11
-15
-18
-19
-17
-13
-6
1
12
24
37
50
61
72
80
85
87
87
82
75
65
52
37
20
3
-14
-32
-50
-68
-84
-99
-113
-125
-135
-144
-150
-154
-156
-156
-154
-150
-144
-136
-126
-115
-102
-89
-74
-59
-44
-29
-15
-2
9
20
28
35
40
43
45
45
44
42
39
37
34
32
30
30
30
32
35
40
45
52
59
66
73
79
84
87
89
89
88
85
81
75
69
62
55
48
40
33
25
18
10
2
-5
-14
-23
-32
-42
-52
-62
-72
-81
-90
-97
-104
-109
-112
-114
-114
-113
-110
-105
-99
-91
-82
-71
-60
-48
-35
-21
-7
6
19
32
43
53
61
66
69
69
68
64
58
51
44
36
28
20
13
7
0
-4
-10
-16
-21
-27
-34
-41
-48
-55
-62
-68
-74
-79
-83
-86
-88
-88
-86
-82
-77
-69
-60
-48
-35
-20
-3
14
32
51
70
87
103
118
130
140
147
151
153
152
149
143
137
129
120
112
102
93
85
76
67
59
51
43
35
27
18
10
1
-7
-15
-24
-32
-40
-47
-54
-59
-64
-68
-71
-73
-74
-75
-74
-72
-70
-67
-64
-60
-57
-54
-50
-47
-44
-41
-38
-34
-30
-25
-19
-12
-5
1
8
16
22
28
32
35
35
34
30
25
18
10
1
-8
-18
-28
-38
-47
-55
-63
-69
-74
-77
-78
-77
-75
-71
-65
-58
-50
-41
-31
-22
-13
-4
3
11
17
23
28
31
34
36
37
38
38
37
36
35
34
33
32
32
32
32
34
36
39
42
46
50
53
56
58
58
57
54
49
43
36
27
18
9
0
-9
-17
-23
-28
-31
-32
-31
-28
-24
-18
-12
-5
0
6
10
14
17
18
18
16
14
12
9
5
2
0
-2
-4
-5
-6
-5
-4
-1
0
3
6
9
11
13
14
15
14
14
12
10
8
4
1
-3
-8
-13
-18
-24
-30
-36
-42
-48
-53
-58
-62
-66
-69
-71
-73
-74
-74
-73
-70
-66
-61
-54
-46
-36
-25
-13
0
12
25
38
49
60
69
75
80
83
83
81
77
71
63
54
45
35
25
16
7
-1
-8
-15
-21
-26
-30
-32
-35
-36
-37
-37
-37
-37
-36
-35
-33
-31
-27
-24
-19
-13
-7
-1
5
12
19
26
31
36
40
43
45
46
46
45
43
40
37
33
30
27
24
21
19
17
16
16
15
16
