-79
-76
-71
-64
-56
-47
-37
-26
-13
0
13
28
44
61
78
96
114
131
148
164
179
192
203
212
218
221
221
217
210
200
186
169
149
128
105
81
58
34
11
-9
-29
-47
-63
-78
-91
-103
-114
-124
-134
-144
-154
-164
-175
-185
-196
-206
-214
-221
-226
-229
-228
-225
-218
-209
-196
-182
-166
-149
-132
-115
-100
-87
-76
-67
-61
-57
-56
-56
-58
-62
-66
-71
-75
-80
-85
-89
-93
-95
-97
-98
-99
-98
-96
-94
-91
-87
-82
-76
-68
-59
-49
-36
-21
-5
13
34
57
82
108
135
164
193
222
251
278
305
330
352
371
387
397
403
402
396
382
362
335
302
263
219
171
120
68
17
-33
-80
-122
-160
-191
-215
-232
-242
-245
-242
-233
-218
-199
-177
-151
-125
-97
-70
-44
-20
0
17
30
40
45
47
46
42
35
28
19
10
1
-6
-12
-17
-21
-22
-21
-19
-16
-11
-6
0
5
10
16
20
24
28
31
34
37
40
42
44
47
49
52
54
56
58
60
62
63
64
64
63
62
59
56
51
47
41
35
29
24
18
13
8
4
0
-1
-3
-5
-5
-5
-4
-2
0
2
5
9
13
16
19
21
22
21
20
17
12
7
1
-4
-11
-18
-25
-31
-37
-42
-47
-51
-54
-56
-57
-56
-53
-49
-44
-37
-30
-22
-13
-5
1
8
13
17
20
20
19
17
13
9
4
-1
-7
-12
-16
-19
-21
-21
-19
-15
-9
-1
8
19
30
42
53
63
72
78
81
81
78
72
63
51
37
21
5
-10
-25
-39
-51
-60
-67
-70
-70
-68
-63
-57
-50
-43
-35
-29
-24
-21
-20
-22
-25
-30
-38
-46
-55
-65
-75
-83
-90
-96
-99
-101
-99
-96
-91
-83
-75
-66
-57
-48
-40
-33
-27
-23
-22
-21
-23
-25
-28
-32
-34
-36
-36
-34
-29
-22
-13
-2
10
25
40
56
72
87
100
112
122
128
132
133
131
125
118
107
96
83
69
56
43
31
20
11
4
-1
-5
-7
-7
-6
-4
-1
2
6
11
15
19
22
24
25
25
24
22
19
15
10
4
-1
-7
-14
-20
-26
-32
-37
-41
-45
-47
-49
-51
-53
-55
-57
-60
-65
-71
-78
-87
-97
-107
-118
-127
-136
-143
-147
-148
-145
-139
-128
-112
-93
-70
-43
-14
15
45
75
104
130
153
173
189
201
209
213
213
210
205
197
188
177
165
154
142
130
120
109
100
91
83
75
68
61
54
47
40
34
27
21
14
7
0
-7
-16
-25
-34
-44
-55
-66
-78
-90
-102
-115
-127
-139
-151
-161
-171
-179
-185
-189
-191
-191
-188
-182
-175
-165
-153
-139
-125
-109
-92
-76
-60
-46
-33
-22
-13
-6
-3
-2
-3
-7
-12
-19
-26
-34
-42
-50
-57
-63
-68
-72
-75
-75
-75
-72
-67
-61
-52
-40
-26
-10
7
27
48
70
92
115
136
155
173
187
199
207
212
214
212
207
200
190
179
167
154
141
129
116
105
95
85
77
69
62
55
48
41
35
28
21
13
6
-1
-9
-17
-26
-35
-45
-55
-67
-78
-91
-103
-115
-127
-137
-146
-153
-159
-162
-162
-160
-156
-149
-139
-128
-115
-100
-85
-68
-52
-37
-23
-10
0
9
16
20
22
23
21
19
15
11
7
3
0
-3
-5
-6
-7
-6
-4
-2
0
3
6
8
10
10
10
9
8
6
4
3
2
3
5
8
13
19
26
35
44
53
62
70
77
83
88
90
91
91
89
85
82
77
73
69
65
62
60
59
60
61
64
68
72
77
81
85
87
88
87
83
77
69
57
44
28
11
-5
-23
-40
-56
-70
-81
-90
-95
-97
-97
-94
-89
-82
-75
-69
-62
-57
-54
-52
-51
-52
-53
-55
-58
-59
-60
-60
-58
-54
-48
-40
-31
-20
-8
5
18
32
45
57
68
78
86
92
96
98
98
96
92
86
78
68
57
44
31
18
4
-8
-20
-31
-41
-48
-53
-56
-57
-55
-51
-45
-38
-30
-21
-13
-5
2
8
13
17
19
21
22
22
22
21
21
20
19
18
17
16
14
11
7
2
-3
-11
-19
-29
-38
-47
-56
-63
-69
-72
-73
-72
-68
-63
-57
-49
-41
-33
-26
-20
-15
-11
-9
-8
-9
-11
-15
-19
-24
-30
-35
-40
-45
-48
-51
-53
-53
-52
-51
-48
-46
-43
-39
-36
-33
-30
-27
-24
-21
-18
-15
-13
-12
-11
-12
-14
-17
-22
-28
-35
-43
-51
-58
-64
-68
-70
-68
-63
-54
-41
-25
-6
15
37
60
82
103
121
135
146
153
155
154
149
141
131
120
107
95
83
71
61
53
46
41
37
35
34
34
34
35
36
36
37
37
36
36
34
32
30
27
24
20
16
12
7
2
-3
-9
-15
-22
-30
-37
-45
-53
-61
-68
-75
-80
-85
-88
-90
-91
-91
-90
-88
-86
-84
-83
-81
-81
-81
-81
-81
-82
-82
-81
-80
-78
-74
-70
-64
-57
-48
-37
-25
-11
3
20
38
57
78
99
120
141
161
181
198
214
226
235
240
241
237
229
217
201
181
159
133
106
78
50
21
-5
-31
-55
-76
-94
-108
-120
-128
-133
-134
-133
-129
-123
-115
-105
-93
-81
-67
-54
-40
-27
-15
-4
4
11
17
20
21
20
17
13
6
-1
-11
-22
-33
-45
-58
-69
-81
-91
-99
-106
-110
-113
-113
-112
-109
-104
-97
-89
-79
-68
-56
-43
-28
-12
3
19
34
49
62
73
82
89
93
95
95
92
89
85
81
77
74
72
72
73
74
76
78
80
80
78
74
67
57
43
26
7
-15
-40
-66
-93
-121
-147
-172
-195
-214
-229
-240
-246
-248
-245
-238
-227
-215
-200
-185
-171
-157
-144
-133
-124
-116
-110
-104
-98
-92
-85
-75
-63
-47
-28
-6
19
47
76
105
134
161
186
207
224
236
245
249
250
248
243
237
229
220
211
202
193
185
177
168
160
152
144
135
125
114
103
92
79
67
54
41
29
16
5
-5
-14
-23
-31
-38
-45
-51
-57
-62
-67
-71
-76
-80
-84
-87
-90
-92
-94
-94
-94
-92
-89
-85
-79
-73
-64
-55
-45
-35
-23
-12
-1
8
18
26
33
37
40
41
40
38
34
29
24
18
13
8
4
0
-1
-2
-2
-2
0
1
4
7
10
13
16
18
20
22
23
24
25
27
30
33
37
43
51
59
69
81
93
105
117
129
140
148
155
158
158
155
148
137
122
104
83
59
33
5
-23
-52
-81
-109
-134
-157
-177
-193
-205
-212
-215
-214
-209
-201
-190
-178
-164
-149
-135
-120
-106
-93
-82
-71
-61
-53
-45
-38
-32
-26
-21
-15
-9
-3
3
10
17
23
29
34
38
40
41
39
36
30
22
11
0
-14
-29
-44
-59
-73
-86
-96
-104
-108
-108
-104
-97
-86
-72
-55
-36
-15
5
26
46
64
80
94
105
112
116
115
111
103
91
76
58
37
15
-8
-32
-56
-78
-99
-117
-132
-142
-149
-152
-150
-144
-134
-121
-105
-88
-69
-49
-30
-11
5
21
36
48
59
68
75
80
84
86
87
87
86
84
82
80
77
73
69
65
60
54
48
41
34
26
17
8
0
-10
-20
-29
-38
-45
-52
-56
-60
-61
-61
-59
-55
-50
-44
-37
-29
-20
-11
-2
6
14
23
30
36
41
44
47
48
48
47
46
44
43
43
43
44
47
50
55
62
69
77
86
96
105
114
123
130
136
140
141
139
135
128
118
106
92
77
62
46
30
15
2
-8
-17
-23
-27
-28
-26
-22
-16
-7
1
11
21
31
40
48
53
57
59
60
58
54
50
43
36
28
19
9
0
-11
-23
-36
-48
-62
-76
-90
-103
-116
-129
-140
-148
-155
-158
-159
-155
-148
-137
-122
-104
-82
-59
-33
-7
19
44
68
89
107
121
131
136
137
134
127
116
103
88
71
53
35
17
0
-18
-34
-49
-63
-76
-87
-97
-105
-112
-117
-120
-121
-121
-119
-115
-110
-104
-96
-87
-78
-68
-58
-49
-40
-31
-23
-16
-9
-2
3
8
12
16
19
21
21
20
17
13
6
-1
-11
-22
-33
-43
-53
-62
-69
-73
-75
-74
-70
-65
-57
-49
-40
-31
-23
-17
-12
-9
-8
-9
-12
-15
-19
-24
-27
-30
-30
-29
-25
-18
-9
1
14
27
41
53
64
73
78
80
79
74
67
57
46
35
24
14
7
1
0
0
1
6
13
21
30
38
44
49
51
51
47
40
31
19
6
-8
-22
-37
-50
-62
-72
-80
-85
-89
-90
-89
-86
-82
-77
-70
-64
-56
-49
-43
-37
-31
-26
-21
-17
-13
-9
-5
-1
3
7
12
16
21
25
30
34
37
41
44
47
51
54
57
61
65
69
74
79
85
91
97
104
111
118
125
131
136
140
142
142
139
134
126
115
101
85
68
49
30
11
-5
-20
-33
-43
-50
-54
-54
-51
-45
-36
-26
-14
-2
10
22
32
41
48
52
54
54
51
46
40
33
25
18
11
5
0
-2
-5
-7
-9
-9
-10
-10
-11
-12
-14
-16
-20
-25
-30
-35
-41
-47
-52
-56
-59
-60
-59
-56
-51
-45
-38
-29
-19
-10
0
8
16
23
28
31
31
29
23
15
5
-7
-21
-36
-51
-66
-79
-91
-100
-106
-110
-112
-111
-108
-104
-98
-91
-85
-79
-73
-68
-64
-61
-58
-56
-53
-51
-47
-42
-36
-29
-20
-10
0
13
26
40
55
69
82
94
105
114
120
123
123
120
113
103
90
74
57
39
20
2
-15
-30
-43
-54
-62
-66
-67
-64
-59
-52
-43
-32
-21
-10
0
10
18
24
29
31
32
31
29
25
19
12
5
-3
-12
-21
-30
-39
-46
-52
-57
-60
-61
-59
-55
-49
-41
-31
-19
-5
9
26
42
59
74
88
101
110
117
121
121
118
112
104
93
81
67
53
39
25
13
1
-8
-16
-23
-28
-31
-34
-35
-36
-37
-36
-36
-36
-36
-36
-36
-37
-39
-42
-47
-52
-58
-65
-72
-80
-88
-95
-102
-108
-112
-114
-114
-112
-108
-103
-95
-86
-76
-67
-57
-49
-41
-36
-32
-30
-29
-28
-28
-28
-27
-25
-21
-17
-12
-6
0
7
13
19
23
27
29
29
29
27
25
23
21
21
22
25
32
41
53
67
84
103
122
142
161
177
191
202
208
210
208
201
190
176
158
139
118
96
74
52
32
13
-3
-18
-31
-41
-49
-56
-61
-64
-66
-67
-68
-67
-67
-66
-65
-64
-64
-64
-65
-66
-69
-73
-79
-85
-93
-102
-112
-121
-130
-138
-145
-149
-151
-149
-144
-137
-126
-113
-99
-83
-67
-52
-39
-26
-17
-9
-4
-1
0
0
-1
