45
51
58
64
70
75
79
80
80
78
73
66
57
46
34
20
6
-7
-21
-34
-46
-56
-63
-69
-71
-72
-69
-65
-59
-51
-41
-31
-20
-9
2
14
25
36
45
54
61
66
69
69
68
64
59
51
42
31
19
6
-7
-21
-35
-50
-64
-77
-89
-101
-111
-118
-124
-128
-129
-128
-124
-119
-110
-101
-89
-76
-61
-46
-29
-13
2
18
34
47
59
70
78
83
86
87
85
82
76
70
62
54
45
37
30
23
18
15
13
13
15
19
24
31
40
49
58
68
77
85
92
97
101
102
100
97
91
83
73
61
47
32
17
1
-15
-31
-47
-62
-76
-89
-100
-109
-117
-121
-124
-124
-121
-116
-108
-97
-84
-70
-53
-36
-17
0
16
31
44
54
61
65
65
61
55
46
35
22
8
-6
-21
-36
-50
-63
-73
-82
-87
-90
-89
-85
-78
-68
-55
-40
-24
-7
9
25
40
54
65
73
79
81
81
78
73
66
58
49
39
30
20
12
4
-2
-8
-13
-19
-25
-31
-38
-46
-56
-66
-76
-87
-98
-108
-117
-123
-127
-129
-127
-122
-114
-103
-90
-76
-60
-43
-27
-12
2
15
26
36
44
50
54
58
60
63
64
66
69
71
74
78
81
85
88
91
93
94
94
92
89
85
80
73
66
59
51
43
35
27
20
13
8
3
0
-3
-4
-6
-6
-7
-7
-8
-9
-10
-12
-14
-16
-18
-19
-21
-22
-23
-24
-24
-24
-23
-22
-22
-21
-20
-20
-19
-19
-19
-19
-20
-20
-20
-21
-21
-21
-20
-20
-19
-18
-17
-16
-14
-13
-10
-8
-5
-2
0
4
8
12
17
21
25
29
33
36
38
40
41
41
41
40
38
37
35
34
33
33
33
35
37
40
43
46
49
51
53
52
51
47
41
32
22
8
-6
-23
-41
-61
-80
-98
-114
-128
-138
-144
-146
-143
-136
-124
-109
-90
-70
-49
-28
-8
10
25
38
48
53
56
56
53
48
42
35
29
23
18
14
12
12
13
16
20
26
31
38
44
49
55
59
63
65
66
66
65
63
59
54
49
42
35
26
17
8
-1
-11
-22
-33
-43
-53
-62
-70
-76
-80
-82
-82
-78
-72
-64
-53
-39
-25
-9
7
23
39
53
64
73
79
81
80
74
65
53
38
20
1
-17
-36
-55
-71
-85
-95
-102
-106
-106
-104
-98
-91
-82
-72
-62
-53
-44
-35
-28
-22
-16
-12
-8
-5
-2
0
1
3
4
5
6
6
7
7
7
6
5
4
3
1
0
-2
-4
-6
-7
-8
-9
-8
-8
-6
-5
-2
0
2
6
9
13
18
22
27
32
37
43
49
55
61
67
73
78
83
87
89
91
90
88
85
80
74
68
62
56
51
48
46
46
47
49
52
55
58
60
61
61
58
54
47
38
27
15
1
-12
-26
-40
-53
-65
-75
-83
-90
-94
-97
-99
-100
-99
-99
-98
-98
-97
-96
-95
-94
-93
-90
-87
-82
-76
-69
-60
-50
-39
-27
-15
-3
7
17
26
32
37
39
39
38
34
29
23
16
8
0
-10
-21
-32
-44
-55
-67
-79
-89
-99
-108
-115
-120
-122
-121
-118
-110
-100
-86
-69
-49
-26
-1
24
51
78
105
130
154
174
192
205
213
216
214
206
191
172
147
117
83
47
9
-29
-67
-103
-135
-163
-186
-201
-210
-212
-206
-193
-174
-150
-121
-91
-59
-27
3
31
55
75
91
102
108
111
109
105
99
91
82
74
66
59
54
50
47
46
45
44
43
42
39
35
30
23
15
6
-3
-13
-24
-34
-43
-51
-57
-61
-63
-62
-58
-52
-43
-32
-18
-4
11
27
43
59
73
85
96
104
110
113
114
112
108
101
93
83
72
60
47
34
21
8
-3
-15
-27
-38
-48
-57
-66
-74
-81
-88
-93
-98
-103
-106
-109
-111
-112
-111
-110
-107
-103
-97
-90
-83
-74
-64
-54
-43
-31
-19
-7
4
16
27
37
47
55
62
68
72
75
77
77
77
75
73
70
67
63
59
54
48
43
37
30
23
17
10
4
-1
-6
-11
-14
-16
-17
-16
-14
-11
-7
-2
3
10
17
24
31
38
46
53
60
68
76
83
91
99
107
114
121
126
130
132
133
130
125
117
105
91
74
55
34
12
-9
-31
-51
-70
-87
-101
-112
-121
-127
-131
-133
-132
-130
-127
-123
-118
-113
-109
-105
-101
-98
-96
-95
-94
-93
-93
-93
-93
-93
-94
-94
-95
-95
-96
-96
-97
-96
-96
-94
-92
-89
-84
-79
-72
-65
-57
-48
-39
-30
-21
-12
-4
4
12
20
27
34
40
46
50
54
58
61
63
66
68
71
74
77
80
83
86
88
88
88
86
82
76
69
59
46
32
17
0
-17
-35
-53
-70
-85
-98
-108
-114
-117
-116
-111
-103
-90
-75
-57
-38
-18
2
22
41
57
72
84
93
99
102
102
99
94
87
78
68
57
46
36
27
19
13
10
8
9
11
16
22
29
37
45
53
61
67
73
76
79
80
79
77
73
67
61
53
44
34
24
12
0
-11
-23
-36
-48
-59
-70
-79
-88
-95
-101
-106
-110
-112
-114
-114
-113
-111
-108
-104
-98
-92
-84
-75
-65
-54
-42
-30
-18
-7
2
11
18
23
24
24
20
13
5
-5
-17
-30
-43
-55
-66
-75
-82
-86
-88
-87
-82
-76
-67
-56
-43
-30
-17
-4
8
20
31
41
50
59
69
79
91
104
118
134
150
168
185
201
216
229
239
245
247
245
239
229
215
197
177
155
132
108
85
63
42
23
5
-9
-22
-34
-44
-53
-61
-67
-73
-78
-83
-87
-90
-93
-95
-97
-99
-100
-100
-100
-98
-97
-94
-91
-87
-83
-79
-75
-71
-68
-66
-64
-63
-62
-62
-62
-62
-61
-60
-58
-56
-52
-48
-44
-38
-32
-26
-21
-15
-10
-6
-3
-1
0
1
1
2
3
4
5
7
8
10
12
14
15
17
18
19
20
21
22
23
24
26
28
30
33
35
38
41
44
46
48
49
50
49
47
45
42
38
34
29
24
19
14
10
5
1
-2
-5
-9
-11
-13
-15
-16
-17
-17
-16
-14
-13
-10
-7
-4
0
2
6
9
13
15
17
19
19
19
17
15
12
8
3
-1
-6
-11
-16
-20
-22
-23
-23
-21
-18
-14
-9
-4
1
7
12
17
21
25
28
30
31
31
30
29
26
22
17
11
5
-1
-8
-15
-22
-27
-32
-36
-38
-39
-39
-38
-36
-34
-31
-28
-26
-24
-22
-21
-21
-22
-24
-27
-31
-35
-40
-45
-50
-54
-57
-60
-61
-61
-60
-57
-53
-49
-44
-38
-32
-27
-22
-18
-15
-14
-13
-13
-14
-16
-17
-18
-19
-18
-15
-11
-5
2
11
21
33
44
56
66
76
84
90
93
94
93
89
83
74
63
51
38
23
9
-4
-17
-29
-40
-49
-55
-60
-63
-63
-62
-59
-53
-47
-39
-30
-20
-10
0
8
18
26
33
39
43
47
49
50
51
50
50
49
48
46
45
44
43
42
41
39
38
35
33
29
26
22
18
14
9
5
1
-2
-5
-7
-9
-10
-10
-10
-8
-6
-3
0
2
5
9
11
14
16
17
17
17
16
14
12
9
6
2
0
-4
-8
-11
-13
-15
-15
-15
-14
-12
-9
-6
-2
2
6
11
15
18
21
22
22
21
18
13
7
0
-8
-16
-23
-30
-36
-40
-42
-41
-39
-35
-29
-22
-14
-5
2
10
17
22
25
26
24
20
13
4
-6
-18
-31
-44
-57
-68
-78
-86
-92
-97
-100
-102
-103
-104
-105
-106
-107
-107
-108
-108
-107
-104
-100
-94
-84
-72
-58
-41
-22
-1
19
41
62
83
101
118
131
143
151
156
158
158
155
150
142
133
121
109
95
80
65
49
32
16
0
-15
-31
-45
-58
-69
-79
-87
-92
-95
-95
-93
-88
-81
-71
-60
-48
-35
-21
-8
4
17
28
37
45
51
55
56
55
52
47
38
28
14
0
-18
-37
-56
-76
-95
-112
-126
-137
-145
-148
-147
-142
-133
-121
-107
-90
-71
-52
-33
-14
4
21
36
50
61
71
78
83
85
86
84
81
76
70
63
54
46
37
29
22
16
12
10
10
13
17
24
31
39
47
54
60
64
66
66
63
58
52
43
33
22
11
0
-10
-19
-27
-33
-37
-38
-38
-35
-31
-24
-17
-9
0
8
17
26
35
43
51
58
64
69
73
75
77
77
75
73
69
64
59
54
49
44
39
35
31
28
25
22
19
15
12
8
4
0
-5
-11
-18
-25
-33
-42
-51
-60
-69
-79
-88
-97
-105
-112
-117
-120
-121
-119
-114
-107
-96
-83
-67
-49
-29
-9
11
31
50
67
82
94
103
109
111
110
105
98
89
77
65
52
39
27
16
7
0
-3
-4
-3
0
4
11
20
29
38
47
55
61
66
69
70
68
63
57
48
37
25
12
-1
-15
-29
-43
-55
-67
-77
-86
-93
-99
-102
-105
-105
-103
-100
-95
-89
-81
-72
-62
-52
-41
-31
-20
-11
-3
3
8
12
14
14
12
8
3
-3
-12
-21
-31
-42
-52
-61
-70
-77
-83
-87
-90
-91
-90
-88
-85
-80
-74
-67
-60
-51
-42
-33
-24
-15
-7
0
7
13
18
21
24
27
29
31
33
36
39
43
47
53
59
65
72
79
86
93
99
105
108
111
112
110
107
102
96
88
80
70
61
52
43
34
27
20
14
9
5
1
-1
-3
-5
-6
-8
-9
-10
-11
-12
-14
-17
-19
-23
-27
-31
-36
-42
-47
-54
-60
-67
-73
-79
-83
-86
-88
-89
-88
-85
-81
-76
-69
-62
-53
-44
-34
-23
-11
0
11
23
33
43
51
58
62
64
65
63
59
53
46
38
29
19
10
0
-8
-15
-22
-27
-31
-33
-34
-33
-31
-27
-23
-18
-14
-9
-5
-1
1
4
6
7
8
9
10
10
11
12
13
15
16
19
21
24
26
29
31
33
34
35
35
35
34
32
31
29
27
26
24
22
21
20
20
19
20
20
21
23
26
29
32
37
42
47
53
58
63
67
71
73
75
75
74
71
68
63
57
50
41
32
22
10
-2
-15
-29
-43
-58
-72
-86
-98
-110
-121
-129
-137
-142
-146
-147
-147
-144
-140
-133
-125
-115
-103
-91
-78
-65
-51
-36
-22
-7
7
23
38
54
70
86
102
116
130
142
152
160
166
168
168
164
157
146
133
116
97
76
53
29
5
-19
-44
-69
-92
-113
-133
-150
-164
-176
-184
-188
-189
-187
-181
-171
-159
-143
-126
-107
-86
-65
