-48
-56
-66
-77
-89
-103
-117
-131
-146
-159
-171
-181
-188
-190
-189
-183
-173
-159
-141
-119
-95
-69
-42
-15
9
33
54
72
87
99
107
112
115
116
116
116
116
118
120
124
129
136
142
150
156
161
164
165
162
156
146
133
117
97
76
52
27
2
-22
-47
-70
-92
-111
-128
-143
-155
-165
-173
-178
-180
-181
-179
-176
-170
-163
-154
-143
-132
-119
-106
-92
-79
-66
-53
-42
-33
-24
-17
-12
-7
-4
-2
-1
-1
-2
-4
-7
-11
-16
-21
-28
-34
-40
-46
-51
-54
-55
-53
-49
-42
-32
-20
-6
8
23
39
52
64
73
79
80
78
73
64
52
39
25
11
0
-11
-18
-23
-24
-22
-16
-8
2
14
28
42
56
70
83
95
105
114
122
129
135
140
145
150
155
161
167
175
183
192
201
209
215
220
222
222
217
210
199
184
166
146
124
100
74
48
21
-6
-34
-62
-91
-119
-148
-176
-203
-229
-254
-276
-295
-311
-323
-330
-333
-330
-322
-309
-290
-266
-238
-205
-169
-131
-91
-50
-11
26
62
94
122
145
164
177
185
189
187
182
173
160
145
129
111
93
74
56
38
20
2
-15
-34
-53
-73
-94
-115
-138
-160
-182
-202
-221
-237
-250
-259
-264
-264
-259
-249
-234
-214
-190
-161
-129
-94
-58
-21
15
51
84
114
141
164
183
197
208
215
219
219
217
213
207
199
189
179
167
155
143
130
117
105
92
80
69
58
47
37
28
19
11
4
-2
-9
-15
-21
-27
-33
-39
-45
-50
-56
-60
-64
-67
-69
-70
-69
-66
-62
-57
-51
-44
-38
-32
-28
-25
-24
-25
-28
-33
-39
-46
-54
-62
-69
-74
-79
-81
-82
-81
-78
-74
-68
-61
-54
-46
-37
-28
-18
-8
1
12
23
35
46
58
69
80
90
98
104
107
107
104
96
85
70
53
33
11
-10
-31
-51
-70
-85
-96
-103
-106
-104
-98
-87
-73
-56
-38
-19
0
17
32
44
53
58
59
58
55
50
45
40
37
36
39
44
52
64
78
94
112
129
146
161
174
183
189
192
190
184
175
163
149
132
115
98
80
64
49
36
25
15
8
3
0
-1
-2
-3
-4
-6
-8
-11
-15
-20
-26
-32
-38
-45
-51
-58
-64
-70
-76
-81
-87
-92
-97
-102
-107
-111
-115
-118
-120
-121
-122
-122
-121
-120
-118
-116
-115
-114
-114
-115
-117
-120
-124
-129
-135
-140
-146
-151
-154
-155
-154
-151
-144
-134
-122
-107
-90
-71
-52
-33
-15
1
15
28
38
45
49
52
52
51
49
47
46
45
47
50
56
63
73
84
97
110
123
136
146
155
161
164
165
163
159
153
147
141
135
129
125
123
121
121
121
122
122
122
120
118
113
107
99
90
79
69
58
46
35
25
15
5
-3
-12
-21
-30
-40
-50
-61
-73
-85
-98
-111
-123
-134
-143
-149
-152
-150
-145
-135
-122
-106
-87
-67
-48
-29
-13
-1
7
10
9
4
-5
-19
-35
-53
-71
-89
-105
-118
-128
-132
-132
-126
-115
-99
-78
-54
-28
0
27
53
76
96
112
123
129
129
125
117
104
88
69
49
27
5
-16
-37
-57
-76
-92
-107
-120
-131
-140
-149
-156
-162
-167
-171
-174
-176
-176
-175
-171
-166
-158
-148
-136
-121
-104
-86
-65
-43
-20
3
28
54
79
104
128
151
172
190
207
220
231
239
245
247
247
245
240
233
225
216
205
194
183
172
161
150
140
130
120
110
100
90
79
67
55
41
26
10
-6
-25
-45
-66
-88
-111
-134
-158
-181
-202
-222
-240
-254
-265
-273
-276
-275
-269
-259
-245
-227
-206
-182
-156
-130
-103
-78
-54
-33
-15
0
12
21
27
31
33
34
35
35
35
37
39
43
47
53
60
67
74
81
88
94
98
102
104
104
103
100
96
92
86
80
73
66
60
53
47
41
35
30
26
22
20
17
16
15
15
16
17
17
18
19
19
20
20
21
22
25
29
35
44
55
69
85
104
123
142
160
175
186
191
191
184
170
149
122
90
53
13
-28
-69
-108
-144
-176
-202
-221
-234
-239
-239
-232
-221
-205
-186
-165
-142
-120
-97
-75
-54
-35
-16
0
15
30
43
56
69
81
92
103
113
121
128
133
135
135
132
125
116
103
88
71
51
31
11
-9
-29
-47
-64
-78
-90
-99
-105
-108
-108
-105
-100
-93
-84
-74
-64
-54
-44
-36
-29
-24
-21
-19
-20
-23
-27
-32
-37
-43
-48
-51
-53
-53
-50
-45
-38
-29
-18
-7
4
15
26
35
42
48
51
53
53
51
48
43
38
32
26
20
15
11
8
6
5
6
8
11
14
18
22
27
31
35
39
43
46
49
50
51
50
49
46
41
36
29
22
13
3
-7
-18
-30
-42
-54
-64
-74
-83
-89
-94
-96
-96
-94
-91
-86
-80
-72
-64
-56
-47
-38
-30
-21
-14
-7
-1
2
5
6
5
2
-2
-8
-15
-23
-31
-39
-45
-51
-54
-56
-55
-53
-48
-42
-34
-25
-15
-6
3
11
19
26
32
36
40
42
44
46
47
48
50
53
57
62
69
76
85
94
103
111
118
124
127
129
128
125
119
112
104
94
84
74
63
54
45
36
29
22
15
8
1
-7
-16
-28
-40
-55
-70
-87
-104
-122
-138
-154
-169
-181
-192
-199
-204
-206
-204
-200
-193
-183
-171
-157
-141
-124
-106
-88
-70
-53
-37
-22
-9
1
10
16
21
24
25
26
26
27
29
34
41
51
65
82
103
126
151
177
203
227
247
264
274
278
275
264
246
222
192
157
119
80
41
3
-30
-59
-83
-101
-113
-118
-117
-111
-101
-87
-72
-55
-38
-23
-9
2
11
16
19
18
14
8
0
-8
-17
-26
-35
-42
-48
-52
-53
-53
-51
-47
-41
-35
-27
-19
-12
-5
0
4
6
6
2
-3
-12
-23
-37
-52
-67
-83
-97
-110
-121
-129
-135
-138
-138
-136
-132
-125
-117
-108
-98
-88
-77
-65
-53
-40
-27
-13
2
19
37
57
77
98
119
138
156
170
181
188
189
185
175
159
138
111
81
46
9
-28
-66
-104
-139
-172
-199
-222
-239
-249
-252
-248
-238
-221
-199
-172
-140
-106
-69
-31
7
45
81
116
147
174
197
215
226
232
231
224
210
191
167
139
109
76
44
12
-17
-45
-69
-90
-106
-118
-126
-129
-128
-123
-114
-102
-87
-70
-52
-34
-15
2
18
33
45
56
64
71
76
79
82
85
87
89
92
95
100
106
113
121
130
141
151
160
168
173
175
172
164
151
132
107
76
41
3
-37
-80
-122
-162
-200
-233
-261
-282
-296
-302
-301
-292
-276
-253
-225
-192
-156
-117
-77
-37
0
37
72
103
131
155
176
192
205
213
218
219
217
210
200
185
167
146
121
94
64
32
0
-32
-64
-95
-122
-147
-167
-183
-194
-199
-199
-193
-181
-164
-143
-117
-88
-55
-19
17
55
94
132
168
203
234
261
284
302
314
319
318
310
296
276
251
222
190
156
122
89
57
28
2
-19
-38
-54
-67
-78
-86
-94
-101
-108
-115
-122
-130
-138
-147
-156
-165
-172
-179
-183
-185
-185
-182
-176
-168
-156
-143
-127
-110
-91
-72
-53
-35
-17
-1
13
25
34
41
44
43
38
30
17
1
-19
-44
-71
-102
-134
-166
-199
-230
-258
-283
-304
-320
-329
-332
-329
-319
-302
-279
-250
-216
-178
-138
-95
-52
-10
29
66
99
127
151
169
183
193
200
205
207
209
210
211
214
216
220
225
230
236
242
246
249
249
246
240
228
211
189
162
130
93
51
7
-39
-87
-136
-183
-228
-270
-307
-339
-364
-382
-392
-394
-387
-372
-349
-319
-283
-241
-195
-147
-98
-49
-2
42
82
118
148
172
191
204
212
216
217
216
214
212
211
211
213
219
227
238
252
269
287
308
329
350
369
387
400
409
411
406
392
370
339
299
252
197
137
73
6
-61
-127
-191
-251
-305
-354
-395
-429
-456
-476
-489
-496
-497
-492
-482
-467
-448
-425
-399
-368
-335
-298
-259
-219
-176
-133
-90
-47
-6
33
69
103
133
159
180
197
210
220
226
229
230
230
230
230
231
233
237
241
247
253
259
264
267
268
266
260
251
237
220
199
175
148
120
91
62
34
7
-17
-40
-61
-78
-93
-105
-114
-120
-123
-124
-122
-118
-112
-105
-96
-86
-76
-65
-54
-43
-33
-24
-16
-10
-5
-3
-3
-4
-8
-14
-20
-28
-35
-43
-49
-55
-59
-61
-61
-59
-57
-53
-48
-44
-40
-37
-36
-37
-41
-47
-55
-65
-76
-89
-102
-115
-127
-137
-145
-151
-155
-156
-153
-148
-141
-131
-119
-105
-90
-74
-58
-42
-26
-12
1
13
24
33
40
46
51
55
57
59
61
62
62
63
64
64
65
65
65
64
63
60
57
53
47
41
34
27
19
13
6
1
-3
-7
-10
-14
-18
-22
-28
-35
-43
-53
-64
-76
-89
-102
-113
-123
-131
-136
-137
-133
-126
-113
-97
-77
-54
-29
-3
22
46
69
88
103
114
120
121
117
109
97
82
64
45
25
5
-12
-28
-41
-50
-55
-56
-52
-44
-32
-17
0
17
37
56
74
92
108
122
133
142
149
152
153
150
144
135
123
109
93
76
58
40
23
7
-6
-17
-25
-31
-33
-33
-31
-28
-23
-19
-15
-12
-10
-11
-14
-19
-26
-35
-47
-60
-73
-88
-102
-115
-127
-137
-144
-148
-149
-146
-140
-130
-117
-102
-84
-65
-44
-22
0
21
42
63
83
102
119
134
147
159
168
176
181
185
187
187
185
182
177
171
163
154
145
135
124
114
104
94
84
75
66
57
48
39
29
19
9
0
-11
-22
-34
-45
-56
-67
-76
-85
-92
-98
-101
-102
-100
-96
-89
-80
-70
-59
-47
-37
-28
-21
-17
-17
-20
-27
-38
-53
-70
-89
-109
-128
-146
-161
-173
-181
-185
-184
-179
-170
-159
-146
-133
-120
-109
-100
-94
-91
-92
-95
-101
-108
-117
-126
-134
-141
-147
-149
-149
-146
-139
-130
-119
-105
-90
-74
-56
-38
-20
-2
15
33
50
67
84
100
115
130
144
158
172
186
199
212
225
237
248
258
266
271
275
275
272
266
257
245
230
212
191
168
143
116
87
57
27
-3
-34
-64
-94
-122
-148
-172
-193
-211
-225
-234
-239
-240
-237
-229
-218
-205
-190
-174
-158
-143
-129
-118
-108
-102
-98
-97
-99
-103
-108
-114
-120
-124
-127
-127
-123
-116
-105
-89
-70
-48
-22
4
32
60
88
114
138
159
177
191
201
208
210
208
203
195
185
172
158
143
126
110
93
76
59
43
27
13
0
-10
-19
-26
