-118
-108
-96
-82
-68
-52
-36
-20
-5
8
20
30
38
43
45
45
42
38
31
24
16
8
0
-7
-14
-19
-23
-27
-29
-31
-32
-32
-33
-33
-33
-33
-32
-32
-30
-29
-26
-24
-20
-17
-14
-11
-9
-7
-7
-7
-9
-10
-12
-14
-16
-17
-17
-16
-14
-12
-9
-6
-3
0
2
3
4
3
1
-1
-6
-12
-19
-27
-36
-45
-55
-65
-75
-85
-94
-103
-110
-116
-121
-123
-124
-123
-121
-116
-110
-103
-94
-84
-73
-61
-50
-38
-27
-16
-6
2
10
18
24
30
35
39
42
45
46
47
48
49
49
49
49
50
50
51
53
54
54
55
54
53
51
48
45
41
37
34
31
31
33
38
46
58
74
93
115
140
167
195
222
247
268
285
294
296
288
272
246
211
169
120
66
10
-46
-102
-154
-201
-241
-273
-297
-311
-317
-314
-303
-287
-265
-239
-211
-182
-153
-126
-101
-78
-58
-42
-29
-19
-11
-6
-3
-2
-1
-2
-3
-4
-4
-5
-5
-5
-4
-2
0
4
8
14
21
29
37
46
56
66
76
85
94
101
108
113
117
119
121
121
120
118
114
110
104
98
90
81
72
61
50
39
28
18
8
0
-8
-15
-20
-24
-26
-27
-26
-24
-21
-16
-11
-6
-1
3
6
8
8
6
2
-2
-9
-16
-25
-34
-43
-51
-59
-67
-73
-78
-83
-87
-89
-91
-93
-93
-92
-91
-88
-84
-79
-72
-64
-54
-43
-31
-17
-3
10
24
37
50
62
72
81
88
93
97
100
101
101
100
98
95
91
87
82
77
71
65
59
52
45
38
31
24
17
9
1
-6
-14
-23
-32
-40
-48
-55
-61
-65
-67
-68
-66
-62
-57
-50
-42
-34
-26
-19
-12
-6
-2
0
0
0
-4
-10
-17
-27
-37
-49
-61
-73
-85
-95
-102
-107
-109
-108
-102
-93
-80
-63
-44
-23
-1
21
42
61
76
88
94
95
90
79
62
40
13
-17
-52
-88
-126
-164
-201
-235
-265
-290
-309
-320
-325
-321
-309
-289
-261
-227
-187
-142
-93
-42
10
63
114
165
212
257
297
334
366
394
416
434
447
455
458
457
450
438
421
400
374
343
309
271
230
187
143
98
52
8
-35
-77
-116
-153
-186
-216
-241
-262
-277
-288
-292
-292
-287
-278
-264
-249
-231
-213
-194
-177
-161
-146
-134
-124
-117
-112
-109
-108
-108
-110
-112
-115
-119
-122
-124
-126
-126
-124
-121
-115
-107
-96
-82
-66
-48
-28
-7
15
37
60
81
102
120
137
151
163
172
179
184
186
186
184
180
174
167
158
147
134
121
106
90
75
60
46
34
24
16
12
10
11
14
18
23
28
32
34
35
34
32
28
25
22
20
20
23
28
36
47
59
73
88
102
115
124
131
133
130
121
107
88
65
37
6
-27
-61
-95
-127
-157
-183
-205
-222
-232
-237
-235
-226
-211
-191
-165
-135
-103
-69
-35
-3
26
50
69
81
87
85
77
62
43
19
-5
-31
-56
-79
-98
-113
-124
-129
-129
-125
-117
-108
-96
-85
-75
-66
-60
-58
-59
-64
-73
-84
-97
-111
-125
-138
-148
-156
-161
-161
-158
-151
-142
-130
-117
-104
-91
-79
-68
-58
-50
-42
-36
-29
-21
-13
-3
8
23
39
58
78
99
121
143
164
185
203
220
234
246
254
260
263
262
259
252
243
230
215
197
177
154
130
105
78
52
27
4
-16
-33
-46
-54
-57
-53
-44
-29
-8
17
47
81
117
154
191
225
256
281
299
309
310
302
284
258
223
181
134
83
31
-20
-71
-119
-162
-200
-232
-259
-279
-293
-302
-305
-305
-300
-292
-281
-268
-252
-236
-218
-199
-179
-160
-140
-120
-101
-83
-67
-52
-39
-28
-20
-14
-10
-7
-5
-3
-1
2
7
14
22
33
46
59
74
89
103
116
128
137
145
150
152
153
151
147
143
137
131
126
122
119
118
120
123
129
136
144
153
160
166
170
169
165
155
141
121
98
71
42
12
-17
-44
-67
-86
-99
-107
-108
-104
-95
-81
-65
-46
-26
-7
11
28
42
54
63
68
70
69
66
60
53
44
35
25
15
5
-5
-15
-27
-39
-52
-67
-85
-105
-127
-153
-182
-213
-247
-283
-320
-356
-392
-425
-454
-477
-493
-502
-502
-492
-474
-446
-411
-369
-321
-270
-216
-163
-111
-62
-17
21
54
80
99
112
119
121
119
114
108
103
98
96
97
102
110
121
136
153
172
191
211
230
248
262
274
281
285
283
278
268
253
235
213
188
161
131
101
69
37
6
-24
-52
-78
-101
-121
-137
-150
-158
-163
-165
-164
-161
-156
-150
-143
-136
-130
-125
-120
-116
-113
-111
-109
-108
-106
-104
-101
-97
-92
-85
-77
-67
-55
-43
-29
-15
0
14
29
43
57
70
82
93
102
110
116
121
124
126
126
124
121
117
112
107
101
96
91
87
85
85
88
93
100
110
121
135
149
163
176
188
198
204
207
205
199
188
173
153
129
103
75
45
16
-11
-37
-60
-80
-96
-108
-118
-124
-127
-129
-129
-129
-128
-128
-127
-127
-127
-127
-127
-126
-125
-123
-119
-115
-108
-100
-91
-79
-66
-52
-37
-22
-6
9
24
39
52
65
77
87
96
103
108
112
114
114
113
110
106
101
95
89
83
78
73
68
64
61
58
57
56
55
55
55
56
58
60
63
67
71
78
85
94
105
116
127
138
147
154
157
155
148
136
117
92
61
27
-10
-50
-90
-129
-164
-195
-219
-237
-248
-252
-248
-238
-223
-204
-182
-159
-136
-116
-98
-85
-77
-74
-75
-82
-92
-106
-121
-136
-152
-166
-177
-185
-190
-191
-188
-182
-172
-159
-144
-126
-107
-86
-64
-41
-17
6
30
55
79
102
124
144
161
175
185
191
193
192
186
177
164
149
131
111
91
69
48
27
8
-9
-24
-37
-47
-53
-57
-58
-56
-52
-46
-39
-31
-24
-17
-11
-8
-7
-9
-15
-24
-36
-50
-67
-85
-103
-120
-134
-146
-155
-158
-158
-152
-143
-129
-112
-92
-70
-47
-25
-3
16
34
50
62
71
77
80
80
79
76
72
69
67
67
69
74
81
92
105
119
134
150
165
178
188
196
200
201
198
192
181
168
152
133
112
90
65
40
14
-11
-37
-63
-88
-112
-134
-156
-175
-193
-208
-220
-229
-235
-237
-235
-228
-219
-205
-188
-169
-147
-124
-100
-76
-53
-31
-11
6
21
33
42
48
51
51
49
44
37
28
19
9
0
-8
-15
-19
-21
-19
-15
-7
2
15
29
45
60
75
89
101
110
116
120
120
118
114
108
102
96
92
90
90
94
101
112
126
141
158
175
191
204
214
219
220
215
205
190
171
149
124
98
72
46
22
1
-18
-34
-48
-59
-68
-75
-80
-85
-88
-92
-95
-97
-100
-103
-106
-109
-111
-112
-113
-112
-110
-106
-99
-90
-78
-62
-43
-21
3
32
63
96
131
165
199
231
258
281
297
305
304
294
273
242
202
153
96
33
-33
-103
-174
-242
-308
-368
-422
-469
-507
-535
-555
-565
-566
-558
-542
-520
-491
-456
-417
-374
-328
-279
-230
-180
-130
-81
-34
8
47
82
110
132
147
155
156
149
136
116
92
64
34
3
-27
-55
-81
-102
-119
-129
-134
-132
-125
-112
-94
-72
-46
-17
12
44
75
105
133
158
181
200
215
227
235
239
239
237
231
224
215
206
196
186
178
171
165
162
160
160
161
163
166
167
168
166
163
157
148
135
120
102
82
59
34
8
-19
-47
-76
-104
-133
-160
-187
-212
-234
-255
-273
-287
-299
-307
-311
-311
-308
-302
-292
-280
-264
-246
-227
-206
-183
-159
-135
-110
-85
-60
-34
-8
17
44
71
98
126
153
181
209
235
261
285
306
325
340
352
359
361
359
351
339
321
299
273
243
210
175
138
102
67
35
5
-19
-40
-55
-65
-70
-71
-67
-61
-52
-43
-34
-27
-22
-20
-22
-28
-38
-52
-70
-90
-113
-136
-158
-179
-198
-213
-223
-229
-230
-225
-215
-201
-182
-160
-135
-107
-77
-47
-16
13
42
70
96
120
141
160
175
189
199
207
212
214
215
212
208
201
191
179
164
146
125
102
76
47
17
-14
-47
-80
-112
-142
-168
-190
-208
-219
-224
-222
-213
-197
-176
-148
-116
-80
-42
-2
38
78
117
153
187
218
244
267
286
300
309
314
315
311
304
292
277
258
235
210
183
153
120
86
50
11
-28
-70
-114
-160
-207
-255
-304
-352
-398
-442
-482
-517
-546
-568
-582
-588
-586
-577
-559
-535
-504
-468
-428
-384
-339
-291
-244
-196
-149
-103
-58
-15
26
65
102
136
167
194
218
237
253
264
272
277
279
278
276
272
268
264
259
255
252
248
245
240
235
228
219
208
194
177
158
137
113
88
63
37
12
-10
-31
-50
-67
-81
-92
-101
-107
-112
-114
-115
-114
-112
-109
-105
-100
-94
-88
-82
-75
-69
-62
-55
-49
-43
-38
-34
-31
-29
-28
-29
-30
-32
-35
-37
-38
-38
-36
-32
-27
-20
-12
-2
8
20
33
45
58
70
82
94
105
117
128
140
151
162
174
185
196
207
216
224
229
233
233
231
225
217
205
190
173
153
131
107
82
55
27
-1
-31
-60
-89
-117
-144
-169
-191
-211
-227
-240
-250
-256
-259
-258
-255
-248
-239
-228
-214
-199
-181
-163
-143
-123
-102
-81
-60
-41
-22
-5
9
22
33
42
50
56
61
66
70
75
80
85
90
94
97
98
98
96
91
83
74
62
49
35
21
8
-3
-13
-21
-26
-28
-27
-23
-17
-9
0
11
22
33
44
54
63
71
78
83
86
88
88
86
83
78
71
64
55
45
34
24
14
4
-5
-14
-22
-29
-36
-43
-50
-56
-63
-69
-75
-81
-86
-91
-95
-98
-101
-103
-105
-106
-106
-106
-105
-104
-102
-100
-97
-93
-88
-82
-75
-66
-56
-45
-32
-18
-3
12
29
46
63
80
96
111
123
133
140
144
144
141
134
123
109
92
73
53
32
11
-8
-26
-42
-55
-65
-73
-76
-77
-74
-67
-57
-44
-28
-9
11
35
60
87
115
144
172
200
226
249
267
281
289
289
282
266
242
209
169
122
69
12
-47
-107
-166
-223
-275
-322
-361
-393
-416
-430
-436
-434
-424
-409
-390
-367
-343
-320
-297
-277
-260
-247
-238
-232
-229
-228
-229
-229
-228
-225
-218
-208
-192
-172
-146
-115
-79
-39
2
47
92
137
181
222
260
294
324
351
373
392
408
421
432
441
447
452
454
454
451
444
433
419
400
378
353
325
295
264
233
203
174
147
121
98
78
59
42
27
14
2
-8
