-40
-7
30
73
118
164
209
251
287
316
337
348
348
339
319
292
257
216
172
127
82
40
0
-34
-63
-88
-108
-123
-134
-142
-147
-150
-152
-152
-152
-151
-149
-145
-140
-132
-122
-109
-93
-74
-52
-28
-1
25
53
80
105
126
143
155
160
158
148
131
107
77
41
2
-37
-78
-117
-153
-183
-207
-225
-235
-238
-235
-224
-209
-188
-165
-139
-112
-85
-60
-37
-16
0
14
24
31
35
36
36
35
33
32
31
31
33
36
41
48
56
65
75
85
96
106
114
122
128
133
136
137
136
135
132
129
125
121
117
114
110
107
104
102
100
98
98
97
97
98
98
99
100
101
101
100
99
96
92
87
79
71
60
49
36
23
10
-2
-15
-28
-39
-50
-61
-70
-79
-87
-94
-101
-106
-111
-114
-117
-118
-117
-116
-113
-110
-105
-101
-95
-90
-85
-81
-77
-75
-74
-74
-75
-77
-81
-85
-90
-96
-101
-106
-111
-114
-117
-118
-117
-115
-112
-106
-100
-92
-83
-74
-64
-54
-44
-34
-25
-16
-9
-2
2
7
10
13
15
16
18
19
20
21
23
26
29
33
36
41
45
49
52
56
59
62
64
67
69
72
75
79
83
87
91
94
97
99
100
99
97
93
87
80
73
64
55
46
38
29
21
14
7
2
-2
-6
-10
-12
-14
-16
-18
-20
-22
-25
-28
-31
-34
-38
-42
-45
-49
-52
-56
-58
-60
-62
-62
-62
-60
-56
-50
-43
-34
-23
-11
1
14
27
40
51
60
68
72
74
74
70
65
57
48
38
28
18
9
1
-4
-9
-11
-12
-11
-9
-6
-3
0
4
7
10
12
13
13
12
10
7
2
-2
-9
-16
-23
-32
-40
-48
-56
-63
-69
-75
-79
-83
-85
-85
-84
-81
-77
-70
-62
-52
-40
-27
-12
2
18
34
49
63
75
85
92
96
97
96
92
86
78
69
60
50
40
30
21
12
3
-5
-14
-24
-34
-44
-55
-67
-79
-91
-102
-112
-119
-124
-124
-121
-113
-100
-82
-60
-33
-4
26
59
93
126
157
185
210
231
247
256
259
256
246
229
207
179
147
112
75
37
0
-35
-68
-98
-123
-144
-161
-173
-180
-183
-182
-178
-171
-161
-150
-139
-126
-115
-103
-93
-85
-77
-70
-64
-58
-51
-44
-36
-26
-15
-3
10
24
38
52
65
76
84
89
91
88
80
68
51
30
6
-20
-48
-78
-106
-134
-158
-179
-196
-209
-216
-217
-214
-205
-191
-173
-151
-127
-101
-75
-49
-25
-2
16
33
46
56
63
68
71
73
75
78
82
89
98
109
123
139
155
172
187
200
210
216
216
211
200
184
162
135
104
71
36
1
-31
-62
-90
-112
-128
-138
-142
-140
-132
-118
-100
-79
-55
-30
-4
20
43
64
83
97
108
116
119
119
116
110
102
92
81
70
59
48
39
30
22
16
10
5
1
-3
-7
-12
-17
-24
-32
-40
-49
-59
-69
-79
-88
-95
-101
-105
-106
-106
-103
-98
-92
-84
-76
-67
-57
-47
-37
-26
-15
-5
6
17
28
39
50
61
71
79
87
92
96
97
96
92
86
78
67
56
44
31
19
7
-2
-10
-17
-21
-23
-23
-22
-18
-14
-9
-3
2
8
13
17
21
24
27
28
29
28
27
26
23
20
17
14
10
6
2
-1
-5
-10
-14
-18
-23
-27
-32
-37
-43
-50
-57
-66
-75
-86
-96
-107
-118
-127
-135
-141
-144
-144
-139
-131
-118
-101
-81
-58
-31
-4
24
52
79
104
126
144
159
169
176
178
177
173
166
157
146
135
123
111
100
90
81
73
65
58
52
45
38
30
21
10
0
-12
-25
-39
-53
-68
-81
-94
-106
-116
-124
-130
-133
-133
-131
-126
-118
-110
-100
-89
-79
-69
-60
-52
-46
-41
-39
-38
-39
-41
-46
-52
-60
-69
-79
-89
-99
-109
-118
-124
-129
-131
-130
-126
-119
-110
-98
-84
-69
-53
-37
-21
-6
7
19
30
40
48
55
62
68
73
80
86
94
102
112
121
131
141
150
159
166
171
174
175
174
171
165
159
151
143
134
125
117
109
102
95
89
83
77
71
65
59
53
47
41
34
28
21
14
7
0
-9
-18
-27
-37
-48
-58
-68
-79
-89
-98
-107
-114
-121
-127
-131
-133
-134
-133
-130
-125
-119
-112
-104
-94
-85
-75
-65
-55
-44
-34
-23
-11
0
10
21
32
42
50
57
63
67
69
70
69
66
61
56
49
41
32
23
15
7
0
-4
-7
-9
-8
-5
0
7
16
26
38
49
61
72
82
90
97
102
105
105
103
98
91
81
69
54
38
20
1
-17
-36
-54
-70
-85
-96
-105
-110
-111
-109
-103
-95
-83
-70
-55
-39
-23
-7
7
21
33
42
49
53
54
52
48
42
33
23
12
0
-11
-22
-34
-44
-53
-62
-68
-74
-77
-80
-80
-80
-79
-77
-75
-74
-73
-74
-76
-80
-87
-95
-106
-118
-132
-146
-161
-175
-188
-198
-204
-206
-203
-195
-182
-163
-140
-114
-84
-54
-23
5
33
57
78
95
108
117
123
127
129
130
132
134
138
143
151
161
172
185
198
212
224
235
243
248
250
247
241
230
214
195
172
146
117
86
53
20
-12
-44
-74
-102
-128
-150
-169
-184
-196
-204
-208
-209
-206
-200
-191
-178
-164
-147
-128
-108
-87
-66
-45
-25
-6
10
25
38
47
53
56
55
51
43
33
19
3
-13
-31
-49
-67
-84
-99
-112
-124
-133
-140
-144
-147
-147
-145
-142
-137
-130
-122
-112
-100
-87
-73
-57
-39
-20
0
21
44
67
90
114
137
158
178
196
210
222
230
235
236
233
226
217
205
192
178
165
153
144
136
132
131
133
136
140
144
147
147
144
138
127
112
92
68
42
13
-16
-46
-75
-102
-126
-146
-161
-172
-177
-178
-175
-168
-158
-146
-132
-118
-103
-89
-76
-65
-54
-46
-39
-33
-28
-24
-21
-18
-14
-10
-5
0
7
15
24
34
44
54
63
71
78
83
86
87
86
82
75
66
55
41
25
8
-9
-28
-47
-65
-81
-94
-104
-111
-114
-112
-107
-99
-87
-74
-60
-45
-31
-19
-8
-1
3
4
3
0
-5
-12
-19
-26
-32
-37
-40
-41
-40
-36
-30
-22
-13
-1
10
23
36
48
60
69
77
82
85
86
84
80
75
68
61
53
47
40
35
32
29
28
29
30
33
36
40
44
47
50
52
53
53
51
49
46
42
37
32
26
21
15
9
2
-4
-12
-20
-29
-39
-49
-59
-68
-77
-85
-91
-96
-98
-99
-97
-92
-86
-78
-69
-59
-49
-40
-31
-24
-20
-17
-17
-19
-24
-31
-40
-50
-61
-72
-82
-91
-98
-104
-106
-106
-103
-98
-91
-82
-72
-62
-51
-41
-32
-23
-16
-10
-5
-1
1
3
5
7
10
13
17
22
29
36
45
54
64
74
84
94
103
111
118
125
130
133
136
136
134
130
123
115
104
91
77
62
47
32
18
5
-5
-14
-21
-26
-29
-31
-32
-32
-32
-32
-31
-31
-32
-32
-32
-32
-30
-28
-24
-19
-11
-1
9
22
37
52
68
83
96
108
118
125
129
130
128
123
116
106
94
80
65
50
33
17
0
-15
-31
-46
-62
-76
-90
-103
-115
-126
-137
-146
-155
-163
-170
-177
-183
-188
-193
-197
-200
-201
-200
-196
-190
-181
-169
-154
-136
-116
-93
-69
-44
-19
5
28
50
70
86
99
109
116
118
118
114
108
99
89
77
64
51
37
23
10
-1
-13
-23
-33
-42
-50
-57
-64
-69
-73
-76
-77
-77
-73
-67
-58
-46
-30
-11
9
33
59
85
111
137
161
182
201
215
226
232
234
232
225
215
202
186
168
149
130
110
91
73
55
39
24
10
-2
-15
-27
-39
-51
-63
-75
-89
-102
-116
-131
-145
-159
-173
-185
-196
-205
-211
-214
-215
-213
-208
-201
-191
-180
-168
-154
-141
-127
-114
-102
-90
-80
-72
-65
-59
-54
-50
-47
-43
-39
-33
-26
-17
-6
6
21
37
54
71
88
103
117
129
138
144
147
147
144
139
131
123
114
104
96
88
82
78
76
76
78
82
87
92
99
105
111
116
120
122
123
121
117
111
102
91
78
62
45
26
6
-14
-35
-55
-75
-92
-107
-120
-128
-133
-134
-130
-123
-111
-96
-77
-56
-32
-7
18
44
69
93
116
135
152
164
173
178
178
174
167
156
142
126
108
88
67
47
26
6
-11
-28
-44
-57
-68
-77
-85
-90
-94
-96
-97
-97
-96
-93
-90
-85
-79
-72
-64
-56
-47
-39
-32
-26
-21
-18
-18
-19
-23
-29
-37
-46
-57
-69
-81
-93
-105
-115
-124
-131
-137
-139
-140
-138
-134
-128
-120
-111
-99
-86
-72
-57
-42
-27
-11
2
16
28
38
46
52
55
56
54
51
45
39
32
24
18
12
8
6
6
9
14
20
28
38
48
59
70
79
88
96
102
106
109
109
106
102
94
85
73
59
44
27
10
-6
-23
-38
-51
-63
-71
-77
-81
-82
-81
-78
-74
-68
-60
-52
-43
-33
-22
-12
-1
8
17
25
32
37
41
42
41
38
33
26
18
9
0
-10
-19
-29
-37
-45
-51
-56
-59
-62
-63
-63
-63
-62
-60
-59
-57
-56
-55
-54
-53
-52
-52
-51
-49
-46
-42
-36
-28
-18
-5
8
24
41
60
78
97
114
129
142
151
157
159
157
151
141
129
114
97
80
64
48
34
22
12
5
0
-3
-5
-5
-4
-2
0
3
6
10
13
16
19
22
24
27
29
30
31
32
32
31
28
25
20
14
6
-2
-12
-22
-34
-46
-57
-68
-78
-87
-94
-97
-98
-94
-87
-74
-57
-36
-11
17
48
81
113
144
172
197
217
231
239
241
237
226
209
188
162
133
102
70
39
10
-16
-40
-60
-76
-88
-96
-100
-101
-99
-95
-90
-84
-78
-72
-68
-65
-63
-64
-66
-70
-76
-83
-90
-99
-108
-116
-125
-133
-140
-147
-153
-157
-161
-163
-164
-163
-161
-158
-154
-150
-145
-141
-137
-133
-130
-127
-125
-123
-120
-118
-114
-109
-103
-95
-85
-74
-61
-47
-33
-19
-5
6
16
23
27
28
25
20
13
3
-5
-14
-22
-28
-30
-29
-23
-13
1
21
45
73
103
136
169
202
233
262
288
308
324
335
339
339
333
323
310
293
273
252
230
208
185
162
139
115
92
68
43
17
-8
-35
-62
-90
-118
-144
-169
-192
-212
-230
-243
-253
-260
-262
-260
-256
-247
-237
-224
-210
-195
-180
-165
-151
-138
-126
-116
-107
-100
-93
-87
-81
-75
-70
-64
-58
-51
-44
-35
-26
-15
-4
8
22
37
52
67
82
95
