110
137
159
177
187
189
184
172
153
129
100
70
39
8
-19
-43
-63
-79
-91
-99
-103
-106
-107
-109
-111
-116
-122
-132
-143
-157
-172
-188
-203
-217
-228
-235
-238
-236
-229
-218
-203
-184
-163
-139
-115
-91
-68
-46
-25
-6
9
23
36
47
57
66
75
85
96
108
123
140
159
180
202
226
250
273
295
314
330
341
347
348
342
329
310
284
253
217
178
136
94
53
15
-19
-48
-72
-90
-102
-110
-113
-114
-113
-113
-114
-119
-129
-145
-169
-201
-243
-293
-353
-421
-496
-577
-661
-747
-830
-908
-978
-1038
-1085
-1118
-1133
-1132
-1113
-1077
-1025
-958
-877
-785
-683
-573
-457
-337
-215
-92
29
149
266
380
490
596
697
794
887
977
1063
1145
1224
1298
1366
1428
1481
1524
1554
1569
1567
1546
1504
1440
1355
1248
1121
976
816
645
468
288
111
-59
-219
-366
-496
-608
-702
-776
-832
-870
-893
-900
-894
-877
-849
-813
-769
-719
-664
-604
-540
-474
-407
-340
-273
-209
-148
-93
-44
-2
30
54
69
74
71
60
43
20
-6
-36
-66
-96
-125
-152
-177
-199
-218
-235
-250
-264
-277
-288
-298
-307
-313
-316
-315
-309
-298
-281
-257
-226
-189
-146
-98
-47
5
58
111
160
206
246
281
311
335
354
368
379
388
395
402
408
416
424
434
445
457
470
483
494
505
513
519
521
519
512
501
484
462
436
404
367
326
282
234
183
131
78
25
-25
-74
-119
-160
-194
-221
-240
-251
-254
-248
-235
-214
-189
-159
-128
-98
-69
-46
-28
-19
-18
-27
-45
-72
-105
-144
-186
-229
-270
-306
-337
-360
-373
-377
-371
-355
-329
-296
-256
-209
-159
-105
-50
5
62
117
170
220
268
311
349
381
406
425
435
437
430
416
393
363
327
286
240
191
139
86
31
-23
-79
-135
-191
-247
-302
-357
-411
-463
-512
-558
-600
-636
-665
-686
-699
-704
-699
-685
-664
-636
-602
-563
-521
-477
-433
-389
-346
-305
-266
-230
-196
-165
-136
-109
-85
-62
-41
-21
-3
13
30
46
62
77
92
108
124
140
158
176
196
216
238
260
282
305
326
346
364
380
393
404
411
416
419
421
421
420
418
416
413
409
405
399
391
380
365
346
321
290
253
209
160
106
48
-13
-76
-138
-199
-257
-309
-355
-394
-424
-446
-458
-462
-457
-445
-425
-398
-367
-331
-293
-253
-212
-172
-134
-98
-65
-36
-12
7
23
33
40
42
40
36
29
21
12
3
-4
-10
-15
-18
-19
-17
-15
-11
-6
-1
2
7
11
14
17
20
22
23
24
24
24
22
20
17
14
10
7
5
5
7
10
17
26
38
53
69
87
106
125
144
162
180
195
208
220
228
234
238
239
237
232
224
214
202
187
169
150
129
107
84
61
38
16
-5
-24
-42
-58
-72
-84
-94
-102
-109
-114
-118
-122
-126
-130
-134
-139
-144
-150
-155
-159
-163
-164
-164
-160
-154
-145
-132
-116
-97
-75
-51
-25
0
27
53
77
99
118
133
144
152
156
156
154
150
146
141
137
134
132
131
132
133
134
135
134
130
124
114
100
82
60
35
6
-24
-56
-87
-117
-144
-166
-184
-196
-201
-201
-196
-185
-170
-152
-133
-111
-90
-69
-50
-31
-14
1
15
30
44
60
76
95
117
141
168
197
229
262
296
330
362
391
417
437
451
457
456
447
430
404
370
329
282
230
175
116
55
-5
-67
-128
-187
-245
-299
-351
-400
-444
-484
-519
-548
-572
-590
-602
-608
-607
-599
-586
-566
-540
-509
-473
-432
-388
-341
-291
-240
-189
-138
-88
-41
2
42
77
106
128
144
152
152
144
129
108
80
47
10
-28
-69
-109
-147
-182
-213
-238
-258
-270
-276
-274
-264
-248
-224
-195
-161
-122
-80
-35
9
55
100
144
186
226
263
297
328
355
378
396
409
418
421
420
414
403
390
373
354
334
314
293
272
252
233
214
195
176
156
135
112
86
59
29
-2
-36
-71
-107
-143
-177
-210
-241
-270
-295
-318
-336
-352
-364
-372
-378
-380
-379
-375
-367
-357
-344
-328
-309
-287
-262
-236
-207
-177
-147
-116
-86
-57
-30
-5
16
36
53
68
80
91
99
105
110
113
115
116
115
114
111
108
104
99
95
90
86
82
78
75
73
71
70
70
71
74
79
86
95
105
118
131
146
161
177
191
205
217
227
233
237
237
233
226
215
200
184
165
145
125
104
84
64
46
28
12
-3
-18
-33
-47
-61
-74
-87
-100
-111
-122
-130
-137
-142
-143
-143
-139
-133
-124
-113
-99
-84
-67
-49
-30
-11
7
25
42
59
73
86
97
104
110
112
112
110
107
102
96
91
87
85
86
90
97
107
121
137
156
175
194
211
226
236
240
238
229
212
189
158
122
82
39
-4
-46
-86
-121
-150
-171
-186
-192
-191
-183
-169
-151
-129
-105
-81
-58
-37
-19
-5
3
8
9
5
-2
-13
-27
-43
-61
-79
-97
-114
-130
-144
-155
-163
-167
-168
-164
-158
-148
-134
-118
-99
-79
-57
-34
-12
10
31
51
68
84
98
109
117
123
126
127
125
121
114
105
94
80
65
48
30
12
-6
-25
-42
-58
-72
-83
-93
-99
-103
-104
-101
-97
-89
-79
-67
-54
-39
-24
-9
5
18
30
40
47
51
53
51
46
38
28
15
0
-16
-35
-53
-72
-90
-107
-122
-135
-145
-152
-156
-156
-154
-148
-139
-129
-117
-103
-89
-76
-62
-50
-40
-32
-26
-22
-21
-22
-25
-31
-37
-45
-54
-63
-71
-77
-82
-84
-82
-76
-66
-53
-35
-14
8
32
58
83
106
127
145
160
171
178
181
181
177
169
159
146
132
116
99
82
66
51
37
25
15
7
0
-4
-8
-13
-18
-25
-35
-48
-64
-84
-108
-134
-162
-190
-218
-242
-262
-276
-283
-280
-268
-247
-216
-176
-129
-76
-20
36
92
145
191
231
260
280
287
284
269
243
209
166
118
67
14
-37
-86
-130
-167
-197
-219
-233
-238
-236
-227
-211
-191
-166
-139
-109
-78
-46
-13
17
49
78
107
133
156
177
194
207
216
221
222
219
213
205
194
183
171
160
150
141
134
129
126
125
127
129
133
138
143
149
153
157
160
162
163
163
161
158
154
149
142
134
125
113
100
85
68
50
29
7
-16
-41
-66
-93
-120
-148
-175
-203
-231
-259
-287
-314
-339
-363
-385
-404
-418
-428
-433
-431
-422
-406
-381
-349
-309
-263
-210
-153
-93
-33
26
83
135
180
218
248
269
282
286
284
275
261
244
224
203
182
162
143
127
113
101
91
83
77
71
65
59
52
44
35
25
13
1
-11
-23
-35
-45
-55
-63
-69
-73
-76
-77
-78
-79
-79
-80
-82
-85
-88
-92
-97
-101
-105
-108
-109
-108
-105
-100
-92
-81
-69
-55
-39
-22
-5
11
27
42
55
66
76
82
87
89
89
89
87
84
82
79
78
78
78
80
83
87
91
97
104
112
121
132
145
160
176
195
214
233
253
271
287
300
309
313
313
307
295
277
254
224
190
151
108
62
14
-34
-82
-130
-175
-215
-251
-280
-302
-316
-323
-321
-313
-298
-278
-255
-231
-206
-184
-166
-152
-144
-143
-147
-158
-174
-193
-215
-237
-257
-274
-287
-293
-293
-285
-271
-250
-223
-193
-161
-128
-97
-68
-44
-24
-11
-3
-1
-3
-10
-18
-28
-37
-44
-49
-49
-45
-36
-23
-5
16
42
69
98
128
158
188
217
244
269
292
313
331
345
355
361
361
356
344
327
303
273
238
198
156
112
68
25
-14
-50
-81
-107
-126
-140
-147
-149
-146
-138
-126
-111
-93
-74
-54
-34
-14
3
20
34
45
52
56
57
54
47
37
25
9
-8
-28
-49
-73
-97
-122
-148
-173
-197
-219
-238
-254
-265
-271
-272
-268
-259
-246
-229
-209
-188
-166
-145
-125
-108
-94
-83
-76
-71
-69
-68
-67
-66
-63
-57
-49
-38
-23
-6
12
32
51
70
85
98
106
110
109
103
94
81
66
49
31
13
-2
-16
-28
-37
-43
-46
-48
-48
-48
-48
-49
-51
-56
-62
-71
-80
-90
-100
-108
-112
-112
-105
-91
-69
-39
-1
45
98
156
217
278
338
394
443
483
513
532
539
533
516
489
453
411
363
312
260
209
161
116
76
42
14
-7
-24
-35
-43
-48
-51
-53
-56
-60
-67
-76
-88
-104
-122
-142
-163
-184
-204
-221
-234
-242
-244
-239
-226
-207
-181
-150
-115
-77
-39
-1
34
66
94
116
133
144
150
151
148
142
133
122
110
97
84
71
59
46
34
22
10
-1
-14
-27
-41
-54
-68
-82
-95
-108
-120
-132
-142
-151
-159
-165
-169
-171
-171
-169
-165
-159
-151
-141
-130
-118
-106
-94
-82
-72
-62
-54
-48
-44
-41
-39
-39
-38
-38
-37
-35
-32
-26
-18
-7
5
20
37
56
75
96
115
135
152
168
181
191
198
202
203
202
197
190
181
170
157
142
126
109
90
70
49
28
7
-13
-33
-51
-67
-81
-92
-100
-104
-105
-101
-95
-85
-72
-57
-41
-24
-7
9
24
37
48
56
62
64
64
61
56
48
39
29
17
5
-7
-21
-34
-47
-60
-71
-82
-92
-101
-108
-113
-118
-121
-124
-127
-129
-132
-135
-140
-145
-151
-158
-164
-171
-177
-182
-185
-186
-185
-181
-174
-163
-150
-133
-114
-92
-69
-44
-18
7
32
57
80
101
119
134
145
153
158
158
156
150
143
134
124
113
102
92
83
74
66
58
50
43
36
29
22
15
8
2
-4
-10
-15
-20
-24
-27
-29
-29
-28
-25
-20
-14
-7
1
11
22
34
47
59
72
85
98
110
122
134
145
155
164
173
180
186
190
194
195
195
194
190
185
179
170
160
149
135
120
104
87
69
51
33
15
-2
-18
-33
-47
-59
-69
-78
-85
-91
-97
-101
-105
-108
-112
-115
-117
-120
-123
-125
-127
-129
-130
-131
-133
-134
-134
-135
-135
-135
-135
-134
-132
-130
-126
-122
-117
-111
-103
-93
-81
-67
-50
-31
-11
11
34
58
81
103
122
139
153
163
170
172
171
166
158
148
135
121
106
92
77
63
51
40
30
23
16
10
5
1
-4
-9
-15
-22
-30
-37
-44
-50
-54
-56
-56
-54
-49
-42
-33
-23
-13
-2
6
13
18
20
17
11
0
-14
-33
-56
-82
-110
-140
-169
-198
-224
-247
-267
-281
-291
-295
-295
-288
-278
-263
-244
-221
-196
-168
-138
-106
-73
-39
-5
28
60
91
120
146
168
186
200
210
216
219
218
214
209
202
195
188
181
175
169
164
159
154
148
141
132
120
106
89
69
47
24
0
-24
-48
-71
-91
-108
-122
-132
-140
-144
-145
-144
-141
-136
