35
41
42
40
34
25
13
0
-12
-25
-36
-43
-47
-47
-42
-33
-19
-2
17
39
61
83
104
122
137
148
154
156
154
147
137
123
107
90
72
53
35
19
4
-7
-17
-25
-31
-35
-37
-37
-37
-37
-36
-35
-34
-34
-34
-35
-37
-39
-43
-46
-51
-56
-62
-69
-76
-84
-92
-101
-110
-120
-129
-138
-146
-152
-156
-158
-156
-151
-143
-131
-116
-99
-79
-57
-34
-12
9
28
46
60
70
77
79
77
72
63
51
37
22
6
-8
-22
-34
-43
-49
-51
-49
-43
-33
-19
-1
18
42
67
92
118
143
165
185
201
213
219
221
218
209
196
180
159
137
112
87
62
38
16
-4
-23
-39
-52
-63
-72
-78
-83
-86
-88
-89
-90
-90
-91
-91
-92
-94
-95
-97
-99
-100
-101
-100
-99
-97
-93
-89
-83
-77
-70
-63
-56
-49
-43
-38
-34
-31
-28
-27
-26
-26
-26
-26
-26
-25
-24
-22
-18
-14
-9
-2
3
10
18
25
31
36
41
44
46
47
47
47
47
47
48
50
55
61
70
80
92
106
119
132
144
154
160
164
163
159
151
140
125
108
89
69
49
29
11
-5
-21
-34
-44
-52
-57
-59
-59
-57
-53
-48
-41
-33
-25
-17
-9
-1
5
10
15
19
21
22
22
20
18
15
11
6
1
-4
-11
-18
-25
-33
-41
-49
-57
-65
-72
-79
-86
-91
-95
-98
-99
-99
-97
-92
-86
-78
-69
-58
-47
-35
-23
-12
-2
6
13
19
24
27
30
32
33
34
36
38
41
44
49
54
60
66
73
80
86
91
95
97
98
96
93
89
83
75
67
58
50
41
32
24
17
10
3
-2
-7
-12
-16
-20
-25
-29
-34
-40
-46
-52
-59
-67
-74
-80
-87
-91
-95
-97
-97
-95
-92
-87
-81
-74
-66
-58
-51
-44
-38
-33
-30
-27
-26
-26
-27
-28
-31
-34
-37
-42
-46
-52
-58
-64
-71
-78
-84
-90
-95
-98
-99
-98
-95
-89
-81
-70
-57
-43
-27
-9
7
25
43
59
75
89
101
112
121
129
135
140
145
148
151
153
155
155
155
154
151
146
140
133
124
114
102
89
76
62
47
33
18
4
-8
-20
-30
-39
-46
-51
-54
-55
-55
-53
-49
-45
-40
-35
-30
-25
-21
-17
-15
-14
-15
-17
-20
-25
-31
-37
-44
-50
-55
-60
-63
-64
-63
-60
-55
-48
-40
-31
-22
-13
-5
2
8
14
18
21
24
26
28
29
32
35
38
42
47
52
58
63
68
72
75
76
74
71
65
56
44
30
15
-2
-21
-40
-59
-79
-98
-117
-135
-152
-168
-183
-196
-207
-216
-221
-223
-221
-213
-200
-182
-159
-131
-99
-63
-25
12
50
87
121
152
178
198
213
222
225
223
216
205
190
173
155
136
117
99
82
66
52
39
28
18
10
4
0
-3
-4
-3
0
3
10
18
28
39
49
60
69
77
82
84
83
78
69
57
41
23
3
-18
-39
-60
-79
-96
-111
-122
-130
-135
-138
-138
-136
-133
-130
-127
-125
-123
-124
-126
-129
-134
-140
-146
-152
-157
-161
-161
-159
-154
-145
-133
-117
-99
-79
-57
-35
-14
4
20
34
43
48
48
45
37
25
12
-2
-17
-32
-44
-53
-59
-61
-59
-52
-41
-26
-9
10
30
52
73
93
111
128
142
153
162
168
173
175
175
175
173
171
169
167
164
162
160
157
154
150
145
139
131
121
110
98
84
69
53
38
25
13
4
-1
-3
0
6
19
36
57
82
110
139
167
194
217
234
245
248
243
228
206
175
137
93
46
-3
-54
-105
-153
-198
-239
-274
-303
-326
-342
-351
-354
-350
-342
-329
-313
-293
-273
-251
-230
-210
-191
-175
-161
-150
-142
-137
-134
-133
-133
-134
-134
-133
-131
-126
-120
-111
-100
-87
-74
-60
-47
-35
-24
-15
-8
-3
0
2
3
4
5
7
10
14
19
25
30
35
38
39
36
29
17
0
-19
-42
-67
-91
-113
-130
-139
-140
-129
-107
-72
-25
31
97
170
248
326
402
474
537
591
633
662
677
678
666
643
608
564
513
456
395
331
267
202
138
75
15
-42
-98
-150
-200
-246
-288
-328
-363
-395
-422
-445
-463
-476
-484
-488
-486
-478
-466
-450
-429
-405
-377
-347
-316
-282
-249
-215
-181
-149
-117
-88
-60
-35
-12
9
28
46
62
76
89
102
112
122
131
138
144
148
150
151
151
148
144
137
129
119
107
93
77
61
43
25
7
-8
-22
-34
-43
-48
-49
-46
-40
-30
-18
-2
13
31
48
65
79
92
102
108
111
112
109
104
98
91
83
76
70
65
62
61
61
63
67
72
78
84
89
94
98
101
101
100
97
93
87
79
71
63
54
46
38
31
24
19
15
11
9
8
8
9
10
12
14
16
17
17
17
15
13
9
5
0
-4
-10
-16
-21
-26
-31
-34
-37
-39
-40
-40
-40
-40
-41
-42
-45
-49
-54
-61
-70
-78
-87
-96
-103
-108
-112
-112
-109
-103
-95
-84
-72
-59
-46
-35
-25
-18
-14
-14
-18
-24
-34
-47
-61
-76
-91
-106
-119
-130
-139
-146
-149
-149
-147
-142
-134
-125
-113
-101
-87
-72
-57
-42
-26
-10
4
20
35
49
63
75
87
97
106
113
119
123
127
129
131
132
133
133
134
134
135
135
135
134
133
132
130
126
123
117
111
103
94
84
72
59
45
31
16
2
-11
-25
-37
-47
-57
-64
-71
-76
-80
-83
-85
-86
-86
-85
-82
-79
-76
-71
-66
-61
-55
-50
-44
-39
-35
-31
-28
-26
-24
-23
-23
-24
-24
-25
-26
-26
-27
-27
-27
-27
-27
-27
-27
-27
-26
-26
-27
-27
-27
-28
-29
-30
-30
-30
-30
-29
-28
-25
-22
-17
-12
-6
0
8
16
24
33
41
50
58
66
74
81
88
93
98
102
104
106
106
105
103
100
96
91
84
77
68
58
48
36
24
12
1
-10
-21
-31
-41
-50
-58
-66
-73
-79
-85
-89
-94
-98
-101
-103
-105
-106
-106
-105
-103
-100
-96
-89
-81
-72
-60
-48
-34
-20
-6
6
18
28
36
40
41
39
33
24
12
-2
-18
-35
-52
-68
-83
-96
-106
-113
-118
-119
-118
-115
-110
-102
-93
-81
-68
-52
-33
-12
10
35
62
91
120
149
177
204
229
250
267
279
287
288
284
275
260
240
217
189
159
127
94
61
29
-2
-32
-60
-86
-109
-129
-146
-161
-172
-180
-185
-188
-188
-186
-182
-176
-168
-159
-149
-137
-125
-112
-99
-85
-71
-57
-44
-31
-19
-9
0
8
15
20
24
28
30
32
33
34
35
36
38
41
44
49
54
61
68
76
84
92
100
106
111
113
113
110
105
97
86
73
59
44
27
11
-3
-17
-30
-41
-50
-58
-63
-66
-67
-66
-63
-59
-53
-45
-37
-28
-19
-10
-2
5
12
18
22
24
25
25
23
20
16
11
6
1
-3
-8
-12
-15
-18
-19
-20
-20
-20
-19
-18
-17
-17
-16
-15
-14
-14
-13
-12
-11
-10
-9
-8
-7
-6
-5
-3
-1
1
4
9
15
21
28
36
43
50
56
61
64
66
66
64
61
57
51
45
38
30
22
14
6
0
-6
-12
-17
-20
-23
-25
-27
-28
-30
-31
-32
-33
-34
-36
-37
-39
-40
-41
-41
-41
-40
-39
-38
-36
-34
-32
-30
-28
-27
-26
-26
-27
-29
-32
-35
-39
-42
-45
-47
-48
-47
-44
-38
-31
-21
-9
3
18
33
48
62
75
85
93
99
101
100
95
88
79
68
55
42
29
16
5
-3
-10
-14
-16
-15
-11
-6
0
9
17
25
32
38
43
45
46
44
40
35
28
19
10
0
-11
-22
-33
-43
-52
-60
-66
-71
-74
-76
-76
-75
-73
-70
-67
-64
-62
-60
-60
-61
-62
-65
-69
-73
-77
-81
-83
-84
-82
-77
-69
-58
-45
-30
-14
1
16
30
41
50
57
60
60
58
54
48
42
35
29
24
20
18
18
19
21
24
29
33
37
41
44
47
49
50
51
51
51
51
50
49
47
46
44
42
40
38
38
38
39
42
46
51
57
64
70
77
82
86
89
90
89
85
79
71
62
51
39
26
14
2
-7
-16
-24
-29
-33
-35
-35
-35
-34
-33
-33
-33
-35
-38
-43
-50
-58
-68
-80
-92
-105
-118
-129
-139
-147
-153
-156
-157
-154
-149
-142
-133
-122
-110
-98
-85
-74
-62
-52
-43
-35
-28
-22
-16
-11
-5
0
5
12
18
25
32
39
46
52
57
61
63
64
63
61
58
53
48
43
37
32
28
24
21
18
17
17
17
18
21
23
26
30
33
37
40
44
47
49
51
53
54
55
55
55
54
53
51
48
45
42
38
33
29
24
18
13
7
1
-5
-11
-17
-23
-29
-34
-38
-42
-45
-46
-45
-43
-38
-32
-23
-12
0
14
29
44
58
72
84
93
99
101
99
93
83
70
53
34
13
-8
-30
-51
-70
-87
-102
-114
-123
-129
-133
-134
-133
-130
-125
-119
-111
-103
-94
-85
-76
-66
-58
-49
-41
-34
-27
-20
-13
-6
1
8
16
24
32
40
47
53
59
62
64
63
60
54
45
33
19
3
-13
-30
-48
-64
-78
-89
-97
-102
-103
-101
-94
-85
-73
-58
-42
-24
-6
11
29
45
61
75
87
98
108
116
124
132
139
146
154
161
168
174
180
184
186
187
186
183
177
169
158
145
131
114
96
78
58
39
20
1
-15
-32
-47
-60
-73
-83
-93
-101
-108
-114
-119
-124
-128
-131
-134
-137
-140
-143
-145
-147
-148
-149
-148
-146
-143
-139
-134
-129
-123
-117
-110
-104
-98
-91
-85
-78
-71
-63
-56
-48
-39
-30
-21
-11
0
10
22
34
46
58
70
81
90
99
105
110
114
115
116
115
112
110
106
102
99
95
92
89
86
84
81
78
75
70
64
57
48
37
24
10
-5
-21
-37
-54
-69
-84
-96
-106
-114
-119
-121
-120
-115
-108
-98
-86
-73
-59
-44
-30
-17
-5
5
14
22
28
33
38
42
46
51
56
62
69
76
84
91
98
103
108
110
110
107
102
94
84
73
60
46
32
18
6
-4
-12
-19
-23
-24
-23
-19
-13
-5
3
13
23
33
42
49
55
58
59
58
54
48
40
30
18
5
-9
-24
-41
-58
-76
-94
-111
-129
-146
-163
-179
-194
-207
-219
-230
-238
-244
-249
-250
-249
-246
-240
-231
-219
-203
-185
-164
-140
-113
-84
-52
-20
12
45
77
108
137
164
187
207
223
236
246
252
254
254
251
246
239
230
219
207
194
180
165
151
136
122
109
96
84
73
62
53
44
36
