-114
-110
-105
-98
-89
-78
-64
-49
-32
-13
6
26
45
64
80
94
105
113
118
118
116
110
102
91
79
66
53
40
27
15
5
-3
-11
-18
-23
-28
-32
-35
-37
-39
-40
-41
-41
-42
-42
-41
-41
-40
-39
-39
-38
-38
-37
-37
-37
-37
-37
-36
-35
-34
-32
-30
-27
-23
-18
-12
-5
2
10
20
30
40
51
60
69
77
84
89
93
95
96
96
95
93
90
87
84
81
78
74
71
67
63
59
55
50
45
40
35
30
24
19
13
8
2
-3
-8
-14
-19
-24
-29
-33
-37
-40
-42
-44
-45
-45
-45
-45
-44
-42
-41
-39
-38
-37
-36
-35
-34
-33
-31
-29
-26
-22
-17
-11
-4
3
12
21
30
39
47
53
58
61
62
62
59
54
48
40
30
19
8
-4
-16
-29
-41
-52
-61
-69
-74
-77
-77
-74
-68
-61
-51
-40
-28
-16
-4
7
16
25
31
34
35
34
31
25
19
11
3
-4
-11
-16
-20
-22
-22
-20
-15
-9
-2
6
15
24
33
42
49
54
58
59
59
56
51
45
38
30
21
12
4
-3
-9
-15
-19
-22
-24
-25
-25
-23
-22
-19
-16
-13
-10
-7
-4
-3
-2
-2
-4
-8
-13
-21
-29
-39
-49
-60
-71
-80
-89
-94
-98
-98
-95
-89
-80
-68
-53
-36
-18
0
18
36
52
66
76
84
89
90
88
84
77
68
58
47
37
27
18
10
5
1
0
-1
0
3
7
11
17
22
27
31
34
36
36
35
33
29
23
17
9
0
-8
-18
-28
-39
-49
-58
-67
-74
-80
-85
-89
-92
-94
-94
-94
-94
-93
-91
-89
-87
-85
-82
-79
-76
-73
-69
-66
-63
-60
-57
-55
-53
-52
-52
-53
-54
-56
-58
-60
-61
-62
-62
-59
-55
-48
-39
-27
-12
4
23
44
66
88
110
132
152
170
186
199
209
217
221
222
221
218
213
207
199
189
179
166
153
138
122
104
86
67
48
29
11
-4
-20
-33
-45
-54
-62
-68
-72
-75
-76
-77
-77
-77
-77
-77
-78
-79
-82
-85
-89
-93
-97
-101
-105
-108
-110
-110
-110
-109
-107
-104
-101
-97
-93
-89
-85
-82
-78
-76
-74
-73
-72
-72
-73
-74
-75
-77
-79
-80
-82
-83
-83
-83
-81
-78
-72
-65
-55
-43
-28
-12
6
25
45
65
84
102
117
130
140
147
151
152
151
148
143
137
132
127
123
121
120
122
126
131
137
144
150
155
159
160
158
153
145
133
119
103
85
66
47
28
10
-5
-20
-32
-42
-51
-57
-61
-64
-66
-67
-67
-68
-69
-70
-72
-74
-77
-79
-82
-85
-88
-91
-93
-95
-95
-95
-92
-89
-84
-77
-70
-61
-52
-43
-34
-25
-17
-10
-4
0
4
7
9
11
11
11
11
10
9
8
8
7
7
7
8
9
10
11
13
14
15
16
17
18
20
21
22
23
24
24
25
24
23
22
20
17
14
10
6
2
-2
-6
-10
-13
-16
-17
-18
-18
-17
-16
-13
-10
-7
-4
0
1
4
5
6
7
7
7
6
6
7
8
11
14
19
26
33
43
53
64
77
89
101
113
123
132
138
142
143
141
134
125
111
95
75
54
32
10
-11
-31
-48
-62
-73
-80
-84
-85
-83
-79
-73
-67
-60
-53
-46
-40
-35
-30
-27
-24
-22
-21
-20
-19
-18
-17
-15
-14
-12
-11
-9
-9
-10
-12
-15
-21
-30
-41
-54
-70
-88
-108
-129
-150
-172
-191
-209
-223
-233
-238
-238
-231
-219
-200
-176
-147
-115
-80
-44
-8
26
58
86
110
128
140
146
147
142
133
120
103
85
67
49
32
18
6
0
-5
-5
-2
2
11
20
31
42
53
62
70
75
79
79
77
73
67
58
48
36
22
7
-7
-24
-40
-57
-74
-89
-104
-117
-128
-137
-143
-146
-146
-142
-135
-125
-110
-92
-71
-47
-20
7
36
65
92
118
140
159
173
183
188
187
183
174
161
145
127
108
88
69
51
34
21
10
3
0
-2
0
2
7
13
18
24
28
31
33
33
32
29
25
20
13
6
-1
-9
-17
-24
-31
-38
-43
-46
-49
-50
-49
-48
-45
-42
-38
-35
-31
-28
-26
-24
-24
-24
-25
-27
-29
-31
-33
-34
-34
-33
-31
-28
-23
-18
-12
-7
-1
2
6
9
10
9
8
5
1
-2
-7
-11
-16
-20
-23
-26
-27
-28
-27
-25
-22
-19
-15
-11
-7
-3
0
2
4
6
8
9
11
12
14
17
20
24
30
37
45
55
65
77
89
101
112
124
134
142
149
154
157
157
155
151
144
135
124
111
96
80
63
46
28
10
-6
-23
-39
-54
-69
-83
-96
-107
-118
-128
-137
-145
-150
-155
-157
-156
-154
-150
-143
-135
-124
-113
-101
-88
-75
-63
-51
-41
-31
-23
-16
-10
-6
-3
-1
0
0
-1
-2
-3
-4
-5
-4
-3
-1
1
5
10
14
18
22
25
27
27
26
23
19
13
5
-2
-12
-22
-32
-43
-52
-61
-68
-74
-77
-77
-76
-71
-63
-52
-39
-23
-6
12
32
51
70
88
103
115
124
129
130
127
120
110
96
80
61
42
22
3
-14
-31
-46
-58
-67
-73
-77
-78
-76
-71
-65
-57
-48
-38
-28
-18
-9
-1
6
11
16
20
22
24
26
27
29
32
36
40
45
51
58
64
70
75
79
80
80
78
73
66
57
46
34
20
6
-7
-21
-34
-46
-56
-63
-69
-71
-72
-69
-65
-59
-51
-41
-31
-20
-9
2
14
25
36
45
54
61
66
69
69
68
64
59
51
42
31
19
6
-7
-21
-35
-50
-64
-77
-89
-101
-111
-118
-124
-128
-129
-128
-124
-119
-110
-101
-89
-76
-61
-46
-29
-13
2
18
34
47
59
70
78
83
86
87
85
82
76
70
62
54
45
37
30
23
18
15
13
13
15
19
24
31
40
49
58
68
77
85
92
97
101
102
100
97
91
83
73
61
47
32
17
1
-15
-31
-47
-62
-76
-89
-100
-109
-117
-121
-124
-124
-121
-116
-108
-97
-84
-70
-53
-36
-17
0
16
31
44
54
61
65
65
61
55
46
35
22
8
-6
-21
-36
-50
-63
-73
-82
-87
-90
-89
-85
-78
-68
-55
-40
-24
-7
9
25
40
54
65
73
79
81
81
78
73
66
58
49
39
30
20
12
4
-2
-8
-13
-19
-25
-31
-38
-46
-56
-66
-76
-87
-98
-108
-117
-123
-127
-129
-127
-122
-114
-103
-90
-76
-60
-43
-27
-12
2
15
26
36
44
50
54
58
60
63
64
66
69
71
74
78
81
85
88
91
93
94
94
92
89
85
80
73
66
59
51
43
35
27
20
13
8
3
0
-3
-4
-6
-6
-7
-7
-8
-9
-10
-12
-14
-16
-18
-19
-21
-22
-23
-24
-24
-24
-23
-22
-22
-21
-20
-20
-19
-19
-19
-19
-20
-20
-20
-21
-21
-21
-20
-20
-19
-18
-17
-16
-14
-13
-10
-8
-5
-2
0
4
8
12
17
21
25
29
33
36
38
40
41
41
41
40
38
37
35
34
33
33
33
35
37
40
43
46
49
51
53
52
51
47
41
32
22
8
-6
-23
-41
-61
-80
-98
-114
-128
-138
-144
-146
-143
-136
-124
-109
-90
-70
-49
-28
-8
10
25
38
48
53
56
56
53
48
42
35
29
23
18
14
12
12
13
16
20
26
31
38
44
49
55
59
63
65
66
66
65
63
59
54
49
42
35
26
17
8
-1
-11
-22
-33
-43
-53
-62
-70
-76
-80
-82
-82
-78
-72
-64
-53
-39
-25
-9
7
23
39
53
64
73
79
81
80
74
65
53
38
20
1
-17
-36
-55
-71
-85
-95
-102
-106
-106
-104
-98
-91
-82
-72
-62
-53
-44
-35
-28
-22
-16
-12
-8
-5
-2
0
1
3
4
5
6
6
7
7
7
6
5
4
3
1
0
-2
-4
-6
-7
-8
-9
-8
-8
-6
-5
-2
0
2
6
9
13
18
22
27
32
37
43
49
55
61
67
73
78
83
87
89
91
90
88
85
80
74
68
62
56
51
48
46
46
47
49
52
55
58
60
61
61
58
54
47
38
27
15
1
-12
-26
-40
-53
-65
-75
-83
-90
-94
-97
-99
-100
-99
-99
-98
-98
-97
-96
-95
-94
-93
-90
-87
-82
-76
-69
-60
-50
-39
-27
-15
-3
7
17
26
32
37
39
39
38
34
29
23
16
8
0
-10
-21
-32
-44
-55
-67
-79
-89
-99
-108
-115
-120
-122
-121
-118
-110
-100
-86
-69
-49
-26
-1
24
51
78
105
130
154
174
192
205
213
216
214
206
191
172
147
117
83
47
9
-29
-67
-103
-135
-163
-186
-201
-210
-212
-206
-193
-174
-150
-121
-91
-59
-27
3
31
55
75
91
102
108
111
109
105
99
91
82
74
66
59
54
50
47
46
45
44
43
42
39
35
30
23
15
6
-3
-13
-24
-34
-43
-51
-57
-61
-63
-62
-58
-52
-43
-32
-18
-4
11
27
43
59
73
85
96
104
110
113
114
112
108
101
93
83
72
60
47
34
21
8
-3
-15
-27
-38
-48
-57
-66
-74
-81
-88
-93
-98
-103
-106
-109
-111
-112
-111
-110
-107
-103
-97
-90
-83
-74
-64
-54
-43
-31
-19
-7
4
16
27
37
47
55
62
68
72
75
77
77
77
75
73
70
67
63
59
54
48
43
37
30
23
17
10
4
-1
-6
-11
-14
-16
-17
-16
-14
-11
-7
-2
3
10
17
24
31
38
46
53
60
68
76
83
91
99
107
114
121
126
130
132
133
130
125
117
105
91
74
55
34
12
-9
-31
-51
-70
-87
-101
-112
-121
-127
-131
-133
-132
-130
-127
-123
-118
-113
-109
-105
-101
-98
-96
-95
-94
-93
-93
-93
-93
-93
-94
-94
-95
-95
-96
-96
-97
-96
-96
-94
-92
-89
-84
-79
-72
-65
-57
-48
-39
-30
-21
-12
-4
4
12
20
27
34
40
46
50
54
58
61
63
66
68
71
74
77
80
83
86
88
88
88
86
82
76
69
59
46
32
17
0
-17
-35
-53
-70
-85
-98
-108
-114
-117
-116
-111
-103
-90
-75
-57
-38
-18
2
22
41
57
72
84
93
99
102
102
99
94
87
78
68
57
46
36
27
19
13
10
8
9
11
16
22
29
37
45
53
61
67
73
76
79
80
79
77
73
67
61
53
44
34
24
12
0
-11
-23
-36
-48
-59
-70
-79
-88
-95
-101
-106
-110
-112
-114
-114
-113
-111
-108
-104
-98
-92
-84
-75
-65
-54
-42
-30
-18
-7
2
11
18
23
24
24
