55
50
49
52
61
73
90
110
132
156
179
201
220
236
246
250
248
238
222
199
171
137
100
59
18
-23
-63
-101
-135
-164
-187
-204
-215
-219
-217
-209
-198
-183
-165
-148
-131
-115
-102
-92
-86
-83
-83
-86
-90
-94
-98
-101
-100
-95
-85
-70
-48
-22
9
45
84
124
165
203
237
266
288
301
306
300
285
261
228
187
140
89
36
-17
-70
-119
-164
-202
-233
-257
-273
-281
-281
-275
-262
-244
-222
-197
-170
-141
-111
-81
-52
-22
7
38
68
99
131
163
195
226
256
285
311
334
353
368
377
381
379
372
358
338
313
282
248
210
170
129
89
50
13
-19
-49
-74
-95
-112
-125
-134
-141
-145
-148
-149
-150
-151
-153
-154
-156
-158
-159
-160
-159
-157
-153
-147
-139
-127
-114
-99
-82
-65
-47
-29
-12
2
16
29
40
49
56
63
69
75
82
89
96
104
113
121
129
136
140
142
141
135
127
114
98
80
61
41
21
4
-10
-21
-27
-29
-27
-19
-9
4
20
37
52
67
78
86
89
89
83
74
62
47
30
12
-5
-22
-37
-51
-63
-72
-79
-84
-87
-87
-87
-84
-81
-77
-73
-68
-65
-62
-60
-60
-62
-66
-72
-81
-93
-107
-124
-143
-165
-188
-212
-236
-259
-280
-298
-311
-319
-322
-317
-307
-290
-269
-242
-213
-181
-148
-116
-85
-57
-31
-9
9
25
38
49
58
67
76
86
97
109
124
139
156
174
193
211
229
246
261
274
284
291
294
294
290
282
271
256
238
218
196
172
146
120
94
68
42
18
-4
-26
-45
-63
-78
-92
-103
-113
-121
-128
-135
-141
-148
-154
-160
-167
-173
-178
-183
-186
-187
-187
-184
-179
-172
-162
-151
-138
-123
-108
-93
-77
-62
-48
-35
-23
-12
-4
3
9
14
18
23
28
33
39
47
54
63
71
78
85
90
93
93
91
87
81
72
63
53
44
35
29
24
23
24
28
34
43
53
64
75
85
94
102
107
110
111
110
107
103
97
92
86
81
77
73
70
67
65
62
58
53
47
39
29
19
7
-4
-16
-27
-38
-49
-57
-65
-71
-76
-80
-83
-84
-85
-86
-87
-87
-87
-87
-87
-86
-85
-84
-81
-78
-73
-67
-60
-53
-44
-36
-27
-18
-9
0
8
17
27
36
47
59
72
86
101
117
133
149
163
176
187
195
200
201
198
191
180
165
146
125
101
76
51
25
0
-21
-42
-59
-73
-84
-92
-96
-97
-96
-92
-87
-81
-75
-70
-65
-62
-60
-61
-64
-70
-78
-88
-101
-115
-130
-146
-161
-176
-190
-201
-210
-215
-217
-216
-210
-201
-189
-173
-155
-135
-113
-91
-69
-48
-28
-11
4
17
28
36
42
47
50
52
54
56
57
60
62
66
69
74
78
82
86
88
90
90
88
84
78
70
59
47
33
19
4
-10
-25
-37
-48
-57
-63
-67
-67
-66
-61
-55
-47
-37
-26
-14
-2
10
22
34
45
55
63
70
76
79
81
81
79
76
72
67
60
54
47
41
35
31
27
24
23
22
21
21
20
19
17
14
10
4
-1
-8
-16
-23
-30
-37
-42
-46
-48
-48
-47
-44
-40
-35
-29
-22
-16
-10
-3
1
6
11
16
20
25
29
33
37
40
44
46
48
50
50
50
49
48
46
44
41
38
36
35
34
34
34
36
38
42
46
50
55
59
63
67
69
71
71
71
68
64
59
53
46
38
29
20
11
2
-6
-15
-22
-29
-34
-38
-40
-40
-39
-37
-34
-29
-25
-20
-15
-11
-7
-4
-1
0
1
2
2
3
4
5
7
10
13
16
20
23
25
27
28
28
26
22
18
11
4
-4
-13
-23
-33
-43
-54
-64
-74
-84
-94
-103
-113
-123
-133
-142
-152
-160
-168
-174
-178
-180
-179
-176
-170
-160
-148
-134
-118
-100
-80
-61
-41
-22
-3
12
27
40
50
57
62
64
63
59
54
46
36
25
13
1
-11
-22
-33
-42
-49
-53
-55
-53
-48
-39
-28
-14
2
20
39
59
79
98
116
132
146
158
168
175
181
184
185
185
183
179
174
166
157
145
131
115
96
75
52
28
3
-23
-49
-75
-100
-124
-146
-167
-185
-202
-216
-228
-238
-245
-250
-253
-253
-251
-246
-239
-230
-217
-202
-184
-163
-139
-113
-84
-53
-22
10
42
72
101
127
149
167
180
188
192
190
185
175
163
148
132
116
101
88
78
71
68
69
74
82
94
107
121
136
150
161
171
178
181
181
178
171
161
149
134
117
98
78
57
37
16
-4
-23
-42
-59
-74
-87
-98
-107
-113
-118
-120
-120
-118
-115
-110
-104
-96
-88
-78
-67
-56
-44
-32
-20
-8
2
11
19
24
27
27
23
16
5
-8
-26
-46
-68
-91
-113
-134
-152
-166
-174
-176
-171
-159
-140
-115
-85
-50
-13
25
62
98
130
156
177
190
197
197
190
178
161
142
121
100
81
64
50
42
38
39
44
55
68
84
101
119
135
149
159
166
168
164
156
143
125
103
78
50
21
-9
-39
-69
-98
-124
-148
-170
-188
-203
-214
-222
-226
-228
-227
-223
-218
-211
-203
-194
-184
-174
-164
-154
-145
-135
-127
-119
-111
-104
-98
-92
-86
-80
-75
-70
-65
-61
-58
-56
-55
-55
-56
-57
-58
-59
-58
-57
-54
-49
-42
-33
-23
-13
-1
10
21
32
42
51
59
65
70
74
77
80
83
86
90
95
100
107
114
122
130
138
145
150
153
153
150
143
133
120
104
85
64
42
20
-2
-23
-42
-59
-74
-85
-92
-96
-96
-92
-85
-76
-63
-49
-34
-18
-3
12
26
39
50
59
66
71
74
75
74
73
70
66
62
56
50
44
36
27
17
6
-5
-18
-32
-46
-60
-73
-86
-97
-106
-113
-117
-117
-115
-108
-97
-83
-64
-42
-16
10
40
71
102
132
161
187
210
230
245
256
262
263
260
252
239
222
202
178
151
121
89
55
19
-16
-52
-88
-123
-156
-186
-213
-235
-253
-266
-273
-276
-273
-266
-255
-241
-224
-205
-185
-163
-140
-116
-92
-67
-42
-17
8
33
58
82
104
126
145
161
175
185
192
194
193
188
178
165
148
128
106
82
58
33
10
-11
-30
-46
-58
-66
-69
-67
-61
-51
-38
-22
-5
13
32
51
69
87
105
122
139
156
172
189
206
222
237
250
262
270
275
275
270
259
242
219
191
158
121
81
40
-1
-43
-82
-120
-154
-184
-211
-234
-253
-269
-281
-291
-297
-302
-304
-303
-301
-296
-290
-281
-271
-258
-244
-227
-209
-190
-171
-150
-131
-111
-94
-78
-64
-53
-44
-39
-36
-37
-39
-44
-50
-57
-65
-73
-80
-87
-93
-97
-100
-102
-103
-102
-100
-98
-95
-92
-88
-84
-80
-75
-70
-64
-56
-47
-35
-22
-7
9
27
47
67
87
106
124
140
154
165
174
179
181
180
176
169
159
147
133
118
103
87
71
57
43
30
19
10
2
-3
-9
-13
-16
-19
-22
-24
-27
-29
-32
-34
-35
-36
-36
-35
-32
-28
-23
-17
-10
-1
7
16
25
35
45
55
65
75
85
95
105
114
122
129
134
137
137
133
125
113
97
77
54
28
1
-26
-53
-78
-100
-117
-128
-134
-135
-130
-119
-105
-87
-68
-48
-29
-11
3
15
23
28
29
26
22
15
8
0
-6
-13
-18
-21
-23
-24
-23
-21
-18
-14
-11
-7
-4
0
2
5
9
12
16
21
26
31
37
44
51
57
63
68
73
76
78
79
78
75
72
68
63
57
52
48
44
41
40
39
40
41
44
46
48
50
51
51
50
47
44
40
35
31
27
25
25
27
31
38
47
59
71
84
97
108
117
124
128
128
124
116
105
90
72
53
32
10
-10
-30
-48
-65
-79
-90
-100
-107
-113
-119
-124
-129
-136
-143
-152
-162
-173
-184
-195
-206
-214
-219
-220
-216
-207
-193
-172
-146
-116
-82
-45
-8
28
64
96
123
145
160
169
169
162
148
126
97
63
23
-19
-65
-111
-158
-202
-244
-282
-314
-341
-360
-372
-376
-372
-360
-340
-312
-278
-238
-194
-146
-97
-48
0
44
85
120
149
170
183
189
186
176
160
138
112
84
56
29
5
-14
-29
-39
-43
-43
-38
-29
-19
-8
1
10
15
18
16
11
3
-6
-18
-29
-39
-47
-51
-51
-46
-36
-22
-4
16
40
64
87
110
130
148
162
173
180
184
185
182
178
172
164
155
145
135
124
113
102
91
79
68
57
46
36
26
17
8
1
-3
-8
-11
-13
-13
-12
-9
-5
0
6
14
23
33
43
54
66
76
86
95
103
109
113
115
115
113
109
103
95
85
72
57
39
19
-2
-27
-52
-79
-105
-130
-154
-175
-192
-205
-212
-214
-210
-200
-184
-163
-138
-108
-76
-42
-8
24
56
86
111
134
152
166
177
185
191
194
196
197
198
199
200
201
202
202
201
199
194
187
177
163
147
127
103
78
50
20
-9
-38
-67
-95
-119
-141
-160
-175
-187
-195
-199
-200
-198
-194
-187
-178
-168
-157
-144
-131
-117
-103
-88
-72
-57
-42
-26
-11
2
16
29
41
51
60
67
72
75
77
76
75
72
68
64
60
57
54
51
50
49
48
46
44
41
36
30
21
10
-1
-15
-30
-46
-62
-77
-92
-104
-114
-122
-127
-128
-126
-122
-114
-105
-94
-83
-72
-62
-54
-48
-45
-45
-48
-54
-62
-72
-84
-96
-108
-120
-129
-136
-140
-141
-138
-132
-123
-111
-97
-81
-65
-48
-31
-14
0
14
27
38
47
56
62
69
74
80
85
91
98
104
111
117
122
126
129
128
125
119
109
96
81
63
43
22
2
-17
-34
-48
-59
-66
-69
-68
-63
-56
-46
-35
-23
-13
-4
2
6
7
5
0
-9
-21
-34
-50
-66
-82
-98
-113
-126
-137
-144
-148
-149
-145
-137
-125
-108
-88
-64
-38
-10
18
47
75
101
125
145
161
172
180
182
181
177
169
160
149
138
127
117
107
99
92
87
82
78
75
71
68
64
60
56
51
45
38
30
22
12
1
-9
-20
-32
-44
-55
-64
-72
-78
-81
-82
-80
-74
-66
-56
-44
-31
-18
-5
5
14
20
23
23
18
10
0
-14
-31
-48
-66
-84
-100
-114
-124
-131
-132
-129
-120
-106
-86
-62
-34
-3
28
61
94
124
150
172
187
196
197
190
176
154
125
91
52
11
-31
-73
-113
-149
-181
-206
-225
-237
-241
-238
-228
-212
-191
-165
-137
-106
-75
-45
-16
10
35
56
74
89
100
110
117
121
124
126
126
125
123
120
117
114
111
107
104
101
97
