-150
-124
-95
-62
-25
13
54
96
138
178
215
248
276
298
312
319
317
306
286
258
221
177
127
72
14
-44
-101
-156
-206
-250
-286
-313
-332
-343
-344
-337
-323
-302
-275
-244
-208
-169
-129
-87
-45
-4
34
71
105
134
159
179
195
205
211
212
209
203
195
184
171
157
143
128
113
98
83
68
52
35
18
1
-16
-34
-51
-68
-83
-96
-106
-113
-117
-117
-114
-106
-96
-83
-67
-51
-34
-18
-3
8
18
24
27
26
21
13
3
-7
-20
-32
-43
-53
-60
-65
-65
-62
-55
-44
-30
-14
4
23
42
59
74
86
93
96
95
90
81
68
54
37
20
3
-12
-27
-40
-50
-58
-62
-63
-62
-57
-50
-42
-32
-22
-13
-5
1
6
9
9
8
5
1
-3
-8
-13
-17
-21
-23
-25
-26
-26
-26
-26
-26
-27
-29
-31
-36
-41
-47
-54
-61
-67
-72
-75
-75
-72
-65
-55
-41
-23
-2
20
44
70
95
120
142
163
181
197
209
218
225
229
230
228
224
218
210
200
188
175
160
144
127
109
91
73
54
35
16
-3
-23
-43
-64
-85
-105
-125
-145
-163
-179
-194
-207
-218
-227
-233
-238
-240
-241
-240
-237
-233
-227
-220
-211
-201
-189
-176
-163
-148
-134
-119
-105
-92
-81
-71
-63
-59
-56
-57
-59
-64
-69
-76
-82
-86
-89
-88
-84
-75
-61
-42
-17
13
49
91
137
186
238
290
341
388
430
465
491
507
511
503
482
449
404
348
284
212
135
56
-22
-98
-169
-232
-285
-328
-358
-376
-381
-374
-356
-329
-295
-256
-213
-169
-125
-84
-45
-11
17
41
60
75
85
92
95
95
93
90
85
78
71
63
53
43
33
22
11
0
-9
-19
-27
-34
-39
-42
-44
-43
-41
-38
-33
-27
-22
-16
-11
-7
-4
-3
-3
-3
-5
-6
-8
-9
-9
-9
-7
-4
0
6
14
23
33
44
56
67
78
88
96
102
106
106
104
98
88
76
60
43
23
3
-17
-37
-56
-72
-86
-96
-103
-106
-105
-102
-95
-86
-76
-65
-54
-44
-36
-30
-26
-25
-27
-31
-37
-43
-50
-56
-60
-62
-62
-58
-52
-41
-28
-12
6
26
48
69
90
110
127
143
155
165
172
177
179
180
179
178
177
176
175
176
177
179
182
185
187
189
189
187
184
177
168
156
140
121
99
74
47
17
-12
-43
-73
-101
-127
-149
-167
-181
-190
-195
-196
-195
-191
-186
-182
-179
-178
-179
-184
-191
-202
-215
-231
-247
-264
-279
-293
-303
-310
-312
-310
-302
-290
-273
-252
-229
-203
-176
-149
-124
-100
-79
-61
-45
-31
-18
-6
7
22
39
60
83
109
138
167
195
222
245
262
274
278
274
262
242
216
186
152
118
85
55
31
14
5
5
13
29
52
80
112
146
179
210
238
260
276
284
285
278
264
244
218
188
155
120
84
49
15
-16
-45
-72
-95
-115
-133
-147
-160
-170
-179
-186
-191
-196
-199
-201
-202
-202
-201
-199
-196
-193
-190
-186
-183
-182
-182
-185
-190
-198
-209
-222
-238
-255
-272
-290
-305
-318
-327
-330
-327
-316
-297
-270
-234
-190
-138
-80
-16
50
119
187
254
315
371
418
457
485
502
508
502
486
460
425
382
334
282
228
173
121
72
29
-7
-37
-59
-72
-78
-77
-70
-58
-43
-25
-7
9
24
36
46
52
54
54
51
46
39
32
25
18
12
7
3
0
-1
-2
-2
-2
-2
-1
-1
0
-1
-1
-2
-3
-5
-7
-9
-12
-15
-18
-22
-27
-31
-37
-42
-48
-54
-60
-67
-73
-79
-85
-90
-94
-98
-100
-100
-98
-95
-88
-79
-67
-52
-34
-14
7
31
55
79
102
123
141
155
165
169
169
163
151
135
114
91
64
37
10
-15
-39
-60
-76
-89
-97
-101
-101
-97
-90
-81
-71
-60
-48
-37
-27
-18
-11
-5
-1
1
3
3
2
1
0
-2
-5
-7
-10
-12
-15
-17
-19
-21
-24
-26
-28
-30
-32
-33
-35
-35
-36
-36
-35
-34
-32
-30
-27
-24
-21
-18
-15
-13
-11
-8
-6
-4
-1
1
5
9
16
23
33
44
56
71
86
102
118
133
147
157
165
167
165
158
145
127
103
75
43
9
-26
-62
-97
-130
-160
-186
-206
-221
-230
-232
-229
-219
-204
-184
-160
-132
-102
-71
-40
-9
19
45
67
85
98
106
108
106
100
90
78
65
52
40
30
23
19
18
20
24
30
36
42
48
51
53
51
48
41
33
23
12
1
-7
-15
-21
-24
-24
-22
-18
-12
-5
1
8
14
18
20
21
20
17
13
7
1
-5
-12
-19
-26
-32
-37
-41
-45
-47
-48
-48
-47
-45
-42
-39
-36
-33
-29
-25
-22
-17
-13
-7
-1
4
12
21
30
40
49
58
66
73
79
83
85
84
80
74
66
54
40
23
5
-14
-35
-56
-75
-94
-110
-123
-132
-138
-139
-136
-130
-119
-106
-89
-71
-51
-30
-9
11
31
50
67
83
96
107
116
122
126
128
127
126
123
119
114
108
101
94
85
76
65
53
40
25
9
-8
-27
-48
-69
-90
-111
-131
-150
-166
-180
-189
-195
-195
-190
-179
-163
-143
-118
-90
-60
-29
0
29
55
77
94
106
111
112
107
97
84
69
53
37
24
13
6
3
4
10
20
33
48
65
81
95
108
117
122
122
117
108
94
76
54
30
5
-20
-45
-69
-89
-106
-119
-126
-130
-128
-123
-113
-101
-86
-70
-54
-38
-23
-11
-1
5
9
9
6
1
-5
-13
-22
-31
-39
-46
-51
-54
-54
-52
-49
-43
-36
-29
-21
-14
-7
-2
1
3
2
0
-4
-10
-17
-26
-35
-44
-52
-59
-63
-65
-64
-59
-50
-37
-20
0
23
48
76
105
133
160
186
208
227
242
251
256
255
250
238
222
201
175
146
114
79
43
6
-29
-63
-95
-123
-145
-163
-174
-178
-176
-167
-152
-132
-107
-79
-49
-19
10
36
60
79
92
101
103
101
92
79
61
39
15
-11
-40
-69
-98
-126
-152
-177
-200
-220
-237
-251
-263
-273
-281
-287
-290
-292
-292
-290
-285
-278
-268
-256
-241
-223
-203
-181
-157
-132
-106
-79
-52
-26
0
25
50
74
98
121
143
164
186
207
228
248
268
288
306
324
340
354
366
376
383
388
389
388
383
374
362
347
327
303
275
243
207
169
128
85
41
-1
-44
-84
-121
-155
-185
-209
-229
-244
-254
-258
-258
-253
-243
-229
-213
-193
-172
-150
-127
-106
-86
-68
-54
-42
-34
-30
-28
-30
-33
-38
-44
-49
-53
-55
-55
-51
-45
-35
-22
-6
11
30
49
67
84
97
108
114
116
114
108
98
86
72
57
41
27
13
2
-6
-13
-17
-18
-17
-14
-9
-2
4
12
20
28
36
43
50
55
60
64
67
70
72
73
74
75
75
76
77
78
80
83
86
91
95
101
106
111
115
118
118
116
111
102
89
72
50
25
-4
-37
-72
-109
-147
-184
-219
-250
-278
-301
-318
-330
-336
-336
-332
-325
-314
-302
-288
-275
-263
-252
-243
-237
-231
-227
-224
-219
-213
-204
-191
-173
-150
-121
-85
-45
0
49
101
154
207
258
306
349
387
418
441
457
466
467
461
449
431
410
384
357
328
298
267
236
204
172
138
103
66
28
-12
-54
-98
-143
-187
-232
-274
-313
-349
-379
-403
-421
-430
-431
-425
-411
-389
-361
-328
-291
-252
-211
-170
-130
-91
-56
-25
2
25
43
57
66
71
72
71
67
62
56
50
44
40
36
34
34
35
37
41
45
49
53
57
60
62
63
63
61
59
55
51
47
43
39
36
33
32
32
33
34
37
40
43
47
51
55
59
64
68
73
79
84
90
96
103
109
115
122
128
134
140
145
149
153
156
158
159
158
155
149
142
132
119
104
87
68
48
28
9
-7
-22
-35
-44
-50
-53
-53
-51
-48
-46
-44
-43
-45
-50
-58
-70
-84
-100
-117
-134
-151
-165
-176
-182
-183
-178
-167
-150
-127
-99
-68
-34
0
34
66
94
117
135
146
151
150
143
132
118
102
86
72
60
52
48
48
52
60
69
80
90
98
103
103
98
88
71
49
21
-11
-47
-86
-125
-164
-201
-235
-264
-287
-305
-315
-320
-317
-309
-295
-276
-254
-228
-200
-171
-142
-113
-86
-60
-37
-17
0
14
26
37
46
54
62
69
77
84
92
98
104
109
111
112
110
106
100
91
80
68
54
40
26
11
-1
-13
-24
-33
-39
-43
-45
-45
-42
-37
-31
-23
-15
-6
2
10
19
26
33
39
43
47
50
53
54
55
55
54
52
49
45
40
33
24
14
3
-9
-23
-38
-53
-68
-82
-96
-109
-119
-127
-133
-135
-133
-129
-120
-109
-94
-77
-58
-38
-17
4
25
46
65
82
98
110
120
127
130
131
127
121
112
100
87
73
58
43
29
16
5
-4
-11
-16
-18
-19
-17
-14
-9
-4
1
7
12
16
19
21
21
20
18
15
11
6
1
-3
-7
-12
-16
-19
-21
-23
-23
-22
-19
-15
-9
-2
6
17
28
39
50
61
70
79
86
91
94
95
93
89
82
73
62
48
32
14
-4
-24
-44
-63
-80
-96
-109
-118
-124
-126
-124
-118
-108
-96
-81
-65
-47
-29
-11
6
22
37
51
63
74
82
89
94
97
99
99
98
95
92
88
84
79
74
69
64
59
55
52
48
45
42
38
34
29
24
18
11
4
-1
-7
-12
-16
-18
-19
-19
-17
-16
-14
-13
-13
-15
-18
-23
-29
-36
-43
-49
-55
-58
-58
-55
-47
-36
-21
-2
18
42
67
91
115
136
153
166
173
174
170
159
143
122
96
68
39
9
-19
-45
-69
-88
-103
-113
-119
-120
-118
-114
-108
-101
-96
-91
-89
-90
-93
-100
-111
-123
-138
-154
-171
-187
-202
-214
-225
-232
-235
-235
-232
-226
-217
-206
-195
-184
-173
-163
-154
-147
-141
-135
-130
-126
-120
-113
-105
-96
-84
-70
-55
-39
-21
-4
12
27
41
53
62
69
73
75
76
75
75
75
76
79
84
92
103
116
132
149
166
183
199
212
222
227
227
222
211
195
175
152
126
99
72
47
25
7
-5
-13
-16
-14
-6
5
20
37
56
73
89
101
109
112
110
102
89
71
50
26
1
-23
-48
-70
-90
-107
-120
-130
-136
-139
-140
-138
-134
-128
-122
-115
-108
-100
-92
-84
-76
-66
-56
-45
-33
-20
-6
7
21
35
47
58
66
73
76
78
77
74
70
64
56
47
38
27
16
4
-7
-18
-29
-39
-47
-53
-56
-56
-53
-47
-37
-25
-10
7
25
45
64
82
99
114
126
