-49
-78
-104
-128
-148
-165
-178
-188
-193
-195
-194
-190
-183
-176
-167
-159
-150
-143
-137
-133
-131
-130
-132
-136
-142
-149
-157
-165
-174
-181
-187
-190
-190
-185
-177
-163
-145
-122
-96
-67
-37
-5
24
54
81
105
125
142
156
166
174
180
184
188
192
196
201
207
215
223
232
242
251
259
266
271
274
274
272
267
260
250
237
223
206
189
171
152
132
113
94
76
57
40
22
5
-11
-29
-46
-64
-82
-100
-118
-134
-150
-163
-174
-182
-187
-188
-185
-179
-169
-157
-141
-124
-105
-85
-64
-44
-25
-7
8
23
35
44
50
52
51
46
36
22
3
-18
-44
-72
-103
-134
-166
-197
-225
-251
-274
-293
-307
-316
-321
-321
-316
-306
-294
-277
-259
-239
-217
-196
-175
-154
-134
-115
-96
-78
-59
-40
-21
0
21
45
69
94
120
145
170
193
213
231
246
258
266
271
273
273
271
269
267
267
268
271
277
284
293
302
311
318
322
323
320
312
300
284
264
240
215
188
160
133
106
81
58
37
18
1
-13
-26
-38
-48
-58
-67
-76
-84
-92
-100
-108
-116
-125
-133
-143
-153
-164
-177
-191
-206
-223
-241
-259
-278
-298
-317
-336
-354
-371
-386
-398
-407
-413
-415
-413
-405
-393
-376
-354
-327
-295
-260
-222
-182
-140
-97
-55
-14
24
61
93
122
146
165
180
189
194
195
192
186
178
167
155
144
132
122
113
107
104
104
108
114
124
136
150
164
179
193
206
216
224
230
233
234
232
228
222
215
207
197
186
172
157
139
117
93
64
32
-3
-43
-86
-131
-178
-225
-271
-316
-358
-395
-428
-453
-472
-482
-483
-476
-460
-437
-406
-368
-326
-280
-232
-183
-134
-86
-40
3
44
83
118
150
180
206
228
247
262
272
278
280
276
268
255
237
216
192
166
139
112
86
61
40
23
10
2
0
0
6
15
27
40
55
69
82
94
103
110
113
113
108
100
89
75
58
40
22
6
-6
-15
-18
-15
-4
13
39
70
106
145
186
225
261
292
316
332
339
335
323
301
271
234
192
148
102
58
16
-21
-54
-81
-101
-116
-125
-130
-132
-132
-131
-131
-132
-134
-139
-146
-154
-164
-174
-183
-191
-197
-201
-202
-200
-196
-190
-181
-172
-162
-151
-140
-128
-116
-104
-90
-76
-61
-44
-26
-8
10
28
44
58
69
75
76
71
60
44
22
-4
-35
-67
-101
-134
-166
-194
-218
-237
-251
-259
-261
-258
-251
-239
-224
-206
-186
-165
-144
-124
-103
-84
-66
-50
-33
-18
-2
14
31
50
70
92
115
140
166
192
217
242
266
288
308
326
341
353
361
367
368
366
360
351
337
320
300
276
250
221
190
158
125
92
59
27
-2
-30
-55
-77
-96
-112
-124
-134
-141
-145
-148
-149
-150
-150
-151
-153
-155
-159
-164
-170
-177
-184
-191
-197
-202
-205
-206
-205
-201
-195
-188
-178
-166
-152
-136
-117
-97
-75
-51
-25
2
31
60
90
119
147
174
198
221
240
256
269
279
285
287
285
279
268
254
235
211
184
152
117
78
37
-6
-51
-97
-141
-183
-221
-254
-281
-300
-311
-314
-308
-294
-274
-248
-217
-185
-152
-121
-93
-68
-49
-34
-25
-20
-19
-20
-22
-24
-24
-22
-16
-6
6
23
42
63
84
104
122
137
149
155
158
156
150
140
128
114
100
86
72
61
51
45
40
39
39
41
46
51
58
65
73
82
91
101
110
118
125
131
134
135
134
129
122
111
98
82
63
43
20
-3
-27
-53
-79
-105
-130
-154
-176
-196
-215
-231
-244
-255
-263
-268
-272
-273
-273
-272
-271
-270
-269
-269
-270
-273
-277
-283
-290
-297
-305
-311
-316
-318
-317
-311
-300
-282
-258
-228
-192
-149
-101
-50
4
60
115
169
219
264
302
334
358
374
382
382
375
362
343
319
292
263
232
200
169
139
111
85
62
41
24
9
-1
-10
-17
-21
-24
-24
-24
-22
-18
-14
-10
-4
1
8
16
24
33
43
53
64
75
86
97
109
120
131
141
150
159
166
171
174
175
173
168
159
147
131
112
90
66
40
13
-13
-39
-62
-82
-98
-110
-117
-120
-117
-112
-102
-91
-79
-66
-53
-42
-33
-26
-22
-19
-18
-17
-17
-16
-14
-10
-3
4
15
28
43
58
73
87
100
111
119
124
126
125
121
114
104
93
81
68
54
40
27
13
0
-13
-27
-42
-59
-76
-96
-116
-138
-160
-182
-204
-224
-243
-259
-271
-279
-283
-282
-277
-266
-250
-229
-204
-176
-145
-112
-78
-44
-10
22
54
83
110
134
155
173
187
198
205
209
209
205
198
188
174
159
140
120
98
74
50
25
0
-23
-46
-67
-85
-101
-113
-121
-125
-125
-122
-114
-104
-91
-76
-60
-43
-27
-12
1
12
20
25
27
25
20
12
1
-11
-25
-40
-54
-68
-81
-90
-97
-100
-99
-95
-86
-73
-57
-38
-18
3
26
48
70
90
108
123
136
146
153
157
159
158
156
151
146
140
133
126
119
112
104
96
87
78
67
56
44
31
18
5
-7
-20
-31
-41
-49
-55
-59
-60
-59
-55
-48
-39
-28
-15
-1
13
28
43
56
68
77
84
89
90
88
84
76
67
55
42
29
15
2
-9
-19
-27
-33
-36
-38
-37
-35
-32
-28
-26
-25
-26
-29
-35
-43
-55
-69
-84
-102
-119
-137
-155
-170
-184
-195
-203
-209
-212
-212
-209
-204
-197
-188
-177
-164
-150
-133
-114
-93
-71
-47
-22
2
27
51
74
95
113
129
141
151
157
160
161
159
156
150
143
135
127
118
108
99
89
78
67
55
42
29
15
0
-14
-29
-44
-57
-69
-79
-86
-90
-91
-88
-81
-70
-57
-40
-23
-4
13
29
43
53
60
62
59
53
42
29
14
-2
-19
-35
-50
-63
-74
-82
-88
-90
-90
-87
-82
-75
-67
-58
-49
-40
-31
-23
-16
-10
-5
-1
2
4
6
8
9
10
10
10
9
8
7
5
2
0
-4
-8
-12
-16
-19
-21
-22
-22
-20
-17
-12
-5
2
11
21
32
43
53
63
72
79
85
88
90
91
89
86
83
78
73
68
63
58
54
51
49
47
47
47
48
50
53
55
58
61
64
67
68
69
69
68
66
63
59
54
49
43
37
31
25
18
12
6
0
-5
-11
-16
-21
-26
-30
-34
-37
-40
-43
-44
-46
-46
-46
-45
-43
-41
-38
-35
-32
-28
-25
-22
-19
-16
-13
-10
-6
-1
4
11
19
28
38
48
59
70
80
89
95
99
99
95
87
74
57
36
12
-14
-42
-71
-99
-125
-148
-167
-183
-193
-198
-198
-193
-184
-170
-153
-134
-114
-93
-73
-55
-39
-26
-15
-8
-4
-3
-4
-7
-12
-17
-22
-27
-31
-33
-32
-29
-23
-14
-2
12
29
47
66
84
102
117
130
140
145
146
143
135
122
105
85
62
36
10
-17
-44
-69
-93
-113
-130
-144
-153
-158
-160
-157
-150
-141
-128
-113
-96
-78
-58
-37
-16
3
24
44
62
79
94
107
118
126
132
135
135
133
128
122
113
102
90
76
61
46
30
14
-1
-16
-31
-44
-56
-67
-76
-83
-89
-94
-97
-100
-101
-102
-101
-100
-98
-94
-90
-85
-80
-74
-69
-64
-61
-58
-58
-59
-63
-68
-76
-85
-96
-108
-121
-133
-144
-154
-161
-165
-164
-160
-150
-136
-118
-95
-69
-40
-9
22
54
85
113
140
163
183
198
211
219
224
226
226
223
219
215
210
206
203
202
202
203
205
209
213
217
220
222
221
219
212
203
189
171
148
122
93
60
26
-9
-44
-77
-108
-136
-159
-177
-189
-196
-198
-195
-188
-179
-168
-156
-146
-137
-131
-129
-130
-134
-141
-151
-161
-172
-182
-190
-194
-195
-192
-184
-171
-154
-133
-109
-82
-53
-23
5
34
61
86
107
124
137
146
152
154
152
149
144
138
131
124
117
110
104
98
93
87
82
77
71
66
60
54
48
42
35
29
22
16
10
5
2
0
0
1
5
10
18
27
37
48
59
71
81
90
98
104
108
109
107
103
97
87
76
62
46
28
9
-10
-31
-53
-74
-94
-113
-130
-144
-156
-164
-170
-172
-171
-167
-160
-151
-140
-127
-112
-96
-79
-61
-42
-23
-3
14
32
48
62
73
81
85
87
85
79
72
62
51
40
29
19
11
5
2
1
4
8
15
24
33
42
51
59
66
70
72
72
69
65
57
49
38
27
16
4
-6
-16
-25
-32
-38
-41
-44
-44
-43
-42
-39
-36
-34
-32
-31
-31
-33
-37
-43
-51
-61
-73
-87
-102
-117
-133
-148
-163
-176
-187
-196
-201
-203
-201
-195
-184
-168
-149
-124
-97
-66
-32
2
38
73
108
141
172
200
224
245
262
275
285
290
293
292
288
282
274
263
251
238
224
209
194
179
163
148
133
117
101
84
66
47
27
5
-17
-41
-66
-91
-116
-141
-164
-185
-204
-220
-232
-241
-246
-247
-245
-240
-233
-224
-213
-202
-191
-180
-170
-160
-152
-144
-138
-131
-125
-118
-111
-102
-94
-84
-74
-64
-54
-45
-37
-32
-28
-27
-29
-33
-39
-48
-58
-69
-81
-91
-101
-107
-111
-111
-107
-98
-86
-70
-51
-29
-7
15
37
58
76
92
104
113
119
122
123
123
121
119
117
116
116
116
116
117
117
118
117
115
113
109
105
100
95
90
85
81
78
75
73
71
70
69
68
66
65
63
60
58
55
51
48
45
42
40
38
38
38
39
41
43
46
48
50
51
51
49
46
41
34
25
14
2
-10
-24
-38
-53
-68
-83
-97
-111
-123
-134
-144
-153
-160
-165
-168
-168
-167
-164
-158
-151
-141
-130
-118
-104
-90
-76
-63
-50
-39
-31
-24
-20
-18
-18
-21
-24
-29
-34
-38
-42
-43
-43
-39
-33
-23
-11
4
22
42
63
84
104
123
140
153
164
171
174
175
172
168
161
153
144
134
125
115
107
99
92
86
81
76
72
68
64
60
55
49
43
36
29
21
14
6
0
-5
-9
-13
-14
-15
-14
-12
-9
-6
-2
1
5
8
10
10
8
4
-1
-10
-20
-31
-42
-54
-65
-74
-82
-86
-88
-86
-81
-73
-63
-50
-36
-20
-5
9
23
36
47
55
62
67
69
70
69
66
63
58
53
47
40
33
26
18
10
1
-8
-18
-30
-42
-56
-69
-83
-96
-108
-118
-127
-133
-137
-140
-140
-138
-135
-131
-126
-120
-113
-105
-95
-83
-69
-52
-33
-11
12
38
66
94
122
148
171
191
204
211
210
201
183
156
122
80
33
-16
-69
-120
-169
-214
-253
-284
-307
-321
-326
-322
-311
-291
