-28
-30
-33
-34
-33
-32
-29
-25
-19
-11
-2
6
16
26
36
45
52
57
60
61
59
53
46
35
23
8
-7
-24
-41
-58
-75
-90
-104
-117
-127
-135
-141
-145
-147
-147
-146
-144
-140
-136
-130
-125
-119
-113
-107
-101
-96
-92
-87
-84
-80
-77
-74
-70
-66
-62
-57
-51
-44
-37
-29
-20
-12
-4
3
10
16
20
24
25
26
26
25
24
23
24
26
30
36
44
54
67
80
94
108
121
133
144
152
158
160
160
156
150
141
130
117
103
88
74
60
48
38
30
24
20
18
17
17
17
17
16
13
9
4
-2
-11
-20
-31
-41
-51
-60
-68
-74
-78
-80
-80
-79
-76
-72
-67
-62
-58
-54
-52
-50
-49
-50
-51
-53
-54
-56
-58
-59
-59
-58
-56
-53
-50
-46
-42
-38
-34
-30
-26
-24
-21
-19
-18
-16
-15
-13
-11
-8
-5
-1
3
9
15
22
30
38
46
54
61
67
72
76
79
81
82
82
82
82
81
80
80
80
80
80
80
79
78
75
71
66
59
50
40
27
13
-1
-17
-32
-47
-60
-72
-81
-87
-90
-89
-85
-78
-67
-53
-37
-19
0
21
42
62
80
97
111
122
130
135
137
137
134
130
124
118
111
105
99
94
89
85
82
79
76
74
73
72
71
70
70
69
69
68
67
65
62
59
53
47
38
27
14
0
-16
-35
-54
-74
-94
-113
-132
-149
-164
-178
-190
-199
-207
-211
-214
-214
-211
-207
-201
-193
-184
-175
-165
-156
-146
-137
-129
-120
-113
-105
-98
-91
-83
-74
-66
-56
-46
-36
-26
-17
-7
0
7
13
17
20
22
23
22
22
21
20
20
20
21
24
28
33
38
45
53
61
70
79
89
98
107
117
125
133
140
146
149
151
151
147
140
131
117
101
81
59
34
8
-18
-44
-70
-93
-114
-132
-146
-156
-162
-165
-164
-160
-152
-143
-132
-119
-106
-93
-79
-67
-55
-43
-33
-23
-13
-3
6
16
27
38
50
61
72
82
91
98
103
106
107
106
102
96
89
80
70
59
49
38
29
20
13
7
2
0
-3
-6
-9
-12
-16
-21
-28
-36
-45
-54
-64
-74
-83
-91
-97
-101
-103
-102
-99
-93
-85
-75
-64
-51
-37
-24
-10
1
12
22
30
37
41
44
45
45
45
43
42
41
39
38
38
37
37
36
35
33
31
28
25
20
16
11
7
3
0
0
0
2
6
13
21
31
42
53
64
75
84
92
97
100
101
99
96
91
84
78
71
65
60
57
56
57
60
65
71
79
86
92
96
99
98
95
87
77
63
47
29
10
-9
-28
-46
-62
-76
-88
-97
-104
-108
-110
-110
-109
-106
-103
-98
-94
-89
-85
-81
-77
-73
-69
-65
-61
-56
-50
-44
-38
-31
-23
-16
-9
-2
3
8
12
15
16
16
15
13
9
4
-1
-9
-17
-27
-37
-48
-59
-69
-80
-89
-98
-105
-111
-116
-119
-121
-121
-120
-117
-113
-107
-100
-92
-83
-73
-64
-54
-44
-35
-26
-18
-11
-4
0
5
9
13
17
21
25
30
35
42
48
56
64
72
80
87
94
99
103
106
107
108
107
104
102
98
95
91
88
85
83
81
79
77
75
72
69
65
60
55
49
42
35
28
21
14
7
0
-5
-12
-19
-26
-34
-42
-50
-59
-68
-77
-86
-94
-101
-107
-112
-116
-117
-117
-115
-111
-105
-97
-87
-76
-64
-51
-37
-24
-10
2
14
25
35
44
51
58
62
66
69
70
71
71
71
71
72
72
73
74
75
76
76
77
76
74
70
65
58
49
37
24
9
-7
-24
-41
-57
-71
-83
-92
-98
-99
-97
-92
-83
-72
-58
-44
-28
-12
3
18
33
46
59
71
82
91
100
108
114
120
124
127
128
127
124
119
112
102
90
76
61
44
27
10
-6
-21
-35
-47
-58
-67
-74
-79
-82
-83
-83
-81
-77
-72
-66
-58
-50
-42
-35
-28
-22
-18
-15
-14
-15
-17
-20
-23
-27
-31
-35
-37
-39
-39
-38
-36
-33
-28
-23
-18
-12
-6
-1
3
7
10
12
13
12
10
7
2
-4
-12
-20
-29
-37
-45
-51
-56
-59
-59
-57
-53
-46
-38
-28
-17
-5
6
17
27
35
42
47
49
50
48
45
40
33
26
17
7
-2
-12
-24
-35
-46
-58
-69
-80
-90
-99
-107
-113
-116
-117
-116
-111
-104
-95
-83
-69
-54
-37
-20
-4
12
27
41
53
64
72
77
81
82
81
78
74
68
62
54
47
39
31
24
18
13
10
8
7
9
12
16
21
28
34
41
48
54
59
63
64
64
61
55
48
38
27
15
3
-8
-20
-30
-38
-44
-48
-50
-50
-47
-44
-39
-33
-26
-18
-10
-2
6
14
23
31
40
47
54
60
65
68
70
69
67
62
55
45
34
20
6
-8
-24
-39
-52
-64
-73
-80
-84
-84
-83
-78
-71
-62
-52
-40
-28
-16
-4
6
15
23
30
34
37
39
39
38
37
37
37
38
40
44
50
58
67
77
88
99
109
119
126
130
132
130
125
116
104
90
73
55
35
15
-3
-21
-38
-52
-64
-73
-79
-82
-83
-81
-78
-74
-69
-65
-61
-58
-56
-56
-57
-59
-62
-67
-72
-78
-84
-90
-96
-101
-106
-110
-113
-115
-116
-116
-115
-114
-111
-106
-101
-94
-86
-77
-66
-53
-40
-26
-11
2
16
28
39
48
55
59
61
62
60
58
55
51
48
45
44
43
44
46
49
54
59
65
71
76
81
84
86
86
84
82
78
73
68
62
57
52
47
43
40
37
34
33
31
30
29
28
27
25
24
22
20
17
14
11
6
1
-4
-10
-17
-24
-32
-40
-48
-55
-62
-69
-74
-78
-81
-84
-85
-85
-84
-83
-80
-77
-74
-71
-67
-64
-62
-60
-60
-61
-64
-68
-74
-82
-90
-99
-109
-118
-127
-135
-140
-144
-145
-142
-137
-128
-116
-102
-85
-66
-46
-25
-5
14
32
49
64
77
88
97
105
112
119
125
130
136
142
148
154
159
163
167
170
170
170
167
162
155
147
137
125
114
102
90
79
70
62
57
53
51
51
52
53
55
56
57
55
52
46
38
27
14
0
-16
-34
-52
-69
-85
-100
-114
-125
-133
-140
-145
-147
-148
-147
-144
-141
-136
-131
-125
-119
-112
-104
-96
-88
-79
-69
-59
-48
-37
-26
-14
-3
6
16
25
33
40
46
51
55
58
61
63
66
68
70
72
75
76
78
79
79
78
76
73
69
63
57
50
42
35
27
20
14
9
5
3
2
3
4
7
10
13
17
21
24
27
30
33
36
38
39
39
39
37
33
29
22
15
6
-2
-12
-22
-32
-40
-47
-53
-57
-58
-57
-55
-50
-44
-36
-28
-19
-10
-1
6
13
19
23
25
26
25
21
15
8
-1
-13
-26
-41
-55
-71
-85
-99
-110
-120
-127
-131
-131
-129
-123
-114
-103
-89
-75
-60
-45
-31
-18
-7
1
8
13
16
17
18
17
17
16
15
15
16
18
21
24
29
34
40
46
53
59
64
69
73
77
79
81
83
83
83
83
82
80
77
74
70
64
58
51
43
35
25
16
6
-3
-12
-21
-29
-36
-42
-47
-51
-53
-53
-53
-52
-50
-47
-44
-41
-38
-35
-32
-29
-27
-25
-23
-22
-21
-20
-19
-18
-17
-16
-15
-15
-14
-14
-13
-13
-13
-14
-14
-14
-14
-13
-13
-11
-9
-7
-4
0
3
8
13
18
23
28
32
36
38
40
41
40
38
35
31
26
20
14
8
3
-1
-6
-9
-12
-14
-16
-17
-17
-17
-16
-15
-13
-10
-7
-4
0
3
7
11
16
20
23
27
29
31
33
34
34
34
33
33
32
31
30
29
29
29
30
31
33
34
36
38
40
40
40
39
37
33
28
21
13
4
-6
-17
-28
-38
-48
-55
-61
-63
-63
-59
-53
-45
-34
-21
-8
5
19
32
44
54
63
69
73
74
73
70
65
58
50
40
30
19
8
-3
-14
-25
-35
-45
-55
-64
-73
-81
-88
-94
-100
-106
-110
-115
-118
-121
-123
-125
-125
-124
-122
-118
-113
-106
-99
-90
-80
-70
-60
-50
-40
-31
-23
-16
-11
-7
-4
-3
-3
-4
-5
-8
-10
-12
-14
-16
-18
-20
-21
-23
-26
-29
-32
-37
-42
-47
-53
-59
-65
-69
-73
-74
-73
-69
-63
-54
-44
-31
-17
-3
9
21
32
41
47
51
53
54
53
53
53
55
59
66
75
88
104
122
142
162
183
203
221
236
248
256
260
260
256
249
239
227
212
196
179
161
142
123
104
85
66
47
28
8
-10
-31
-51
-72
-93
-114
-135
-155
-175
-193
-210
-225
-238
-248
-255
-259
-261
-259
-254
-246
-235
-222
-207
-190
-171
-150
-129
-107
-85
-62
-40
-19
0
20
38
55
71
86
99
110
119
127
132
136
138
138
136
132
128
122
116
109
102
94
88
81
75
69
64
60
55
51
47
43
38
33
29
24
19
15
11
9
7
7
9
12
16
22
30
39
48
58
68
76
83
88
91
90
88
82
74
64
52
40
26
14
1
-8
-17
-24
-28
-30
-29
-26
-21
-15
-8
0
7
15
22
29
34
38
40
41
41
40
37
33
27
19
10
-2
-17
-34
-54
-77
-102
-128
-155
-182
-207
-229
-248
-263
-272
-275
-272
-262
-246
-223
-196
-164
-128
-91
-53
-15
20
54
84
110
132
149
160
167
169
166
160
150
137
122
105
86
66
45
23
1
-21
-45
-68
-92
-115
-136
-156
-172
-186
-195
-199
-199
-194
-184
-170
-152
-131
-108
-83
-57
-32
-7
15
36
55
71
83
92
98
101
101
99
95
88
80
71
61
50
38
27
16
6
-2
-9
-13
-16
-15
-11
-5
3
14
27
41
56
71
86
101
114
125
134
141
146
147
147
143
137
129
118
105
90
75
58
41
25
9
-5
-19
-31
-41
-49
-56
-61
-65
-68
-71
-73
-75
-77
-79
-81
-83
-85
-87
-89
-90
-90
-90
-89
-88
-85
-83
-79
-76
-71
-67
-62
-58
-53
-48
-43
-37
-30
-22
-14
-4
6
19
32
47
62
78
93
107
121
133
143
151
156
159
159
156
151
144
135
124
113
101
89
77
65
54
43
32
21
8
-5
-20
-37
-56
-76
-97
-119
-140
-160
-177
-192
-202
-208
-208
-202
-191
-174
-152
-124
-93
-59
-22
14
50
84
116
143
165
182
193
199
199
194
184
171
156
138
121
103
86
71
58
47
38
32
28
25
24
24
25
26
27
28
28
27
26
