19
21
23
25
28
31
34
39
44
50
58
67
77
89
101
113
125
137
147
156
162
166
167
164
159
150
139
125
109
91
71
50
27
3
-21
-48
-75
-103
-132
-161
-191
-219
-247
-272
-294
-312
-325
-333
-335
-331
-322
-308
-290
-268
-245
-220
-196
-173
-151
-133
-117
-104
-94
-87
-82
-78
-76
-74
-71
-68
-64
-60
-54
-48
-41
-35
-28
-23
-19
-16
-15
-15
-17
-19
-23
-27
-31
-35
-37
-39
-39
-38
-35
-30
-24
-17
-9
-1
7
16
25
34
42
50
59
67
76
86
96
107
120
132
146
159
172
185
196
206
215
221
224
226
224
220
213
204
192
179
163
146
128
109
89
70
51
32
15
0
-14
-26
-35
-42
-46
-47
-47
-44
-41
-37
-33
-29
-26
-25
-25
-27
-31
-36
-43
-50
-59
-67
-75
-83
-89
-93
-96
-97
-96
-94
-90
-84
-78
-71
-64
-57
-50
-43
-36
-29
-22
-14
-5
5
17
30
45
61
77
93
108
121
131
137
139
135
126
113
94
70
42
12
-19
-53
-85
-116
-144
-168
-187
-201
-209
-210
-206
-196
-182
-164
-142
-119
-94
-69
-45
-21
1
23
44
63
82
100
116
133
148
163
176
188
199
209
216
222
226
227
226
223
217
210
200
188
173
157
140
121
100
78
55
32
9
-14
-36
-58
-78
-96
-112
-125
-136
-145
-151
-155
-157
-157
-156
-154
-151
-147
-144
-140
-136
-133
-130
-127
-123
-120
-116
-112
-108
-102
-97
-90
-83
-76
-69
-62
-54
-47
-41
-34
-28
-21
-14
-7
0
8
17
26
35
44
53
62
69
76
81
84
86
85
82
76
69
59
47
34
21
7
-6
-19
-30
-39
-45
-49
-51
-51
-48
-44
-39
-34
-28
-23
-20
-17
-15
-15
-16
-17
-18
-19
-19
-17
-14
-9
-2
6
17
29
41
53
65
75
84
90
94
95
93
89
82
74
64
53
42
31
21
12
4
0
-3
-4
-3
0
3
9
15
22
29
34
38
40
39
36
29
20
7
-7
-24
-42
-60
-78
-95
-111
-124
-135
-142
-147
-149
-148
-144
-138
-128
-117
-104
-88
-72
-54
-36
-18
0
16
32
47
60
72
82
92
100
108
116
122
129
134
139
143
145
145
144
140
135
127
118
107
96
83
69
56
42
29
16
4
-6
-16
-25
-33
-39
-44
-47
-49
-48
-46
-42
-37
-30
-23
-16
-10
-5
-2
-1
-3
-8
-15
-25
-36
-48
-60
-72
-83
-91
-97
-99
-99
-96
-91
-84
-76
-67
-60
-54
-51
-50
-52
-57
-65
-75
-87
-100
-112
-123
-132
-138
-140
-138
-131
-120
-104
-84
-61
-35
-9
17
43
67
89
107
122
133
141
145
147
146
143
139
135
131
128
126
125
126
128
132
136
139
142
143
141
136
128
116
99
79
56
29
1
-29
-59
-90
-120
-149
-175
-199
-221
-239
-255
-268
-277
-285
-289
-291
-290
-286
-279
-268
-253
-234
-210
-182
-150
-115
-77
-37
2
41
77
111
139
161
176
184
183
175
160
138
111
80
48
15
-15
-42
-64
-81
-91
-94
-91
-81
-66
-47
-26
-2
21
45
67
88
105
120
131
139
145
148
149
149
147
145
142
139
136
133
130
129
128
127
127
129
131
133
136
140
143
146
148
149
147
144
138
129
118
104
88
71
53
34
16
-1
-17
-30
-41
-48
-53
-55
-54
-50
-44
-37
-28
-18
-8
1
10
20
28
36
44
50
56
61
65
69
73
75
78
79
80
80
78
74
68
60
50
38
24
8
-7
-23
-39
-53
-65
-74
-80
-83
-82
-78
-71
-61
-50
-38
-26
-15
-7
-1
0
-2
-10
-22
-38
-57
-80
-104
-129
-153
-175
-196
-212
-226
-235
-240
-241
-238
-232
-223
-212
-199
-185
-170
-155
-140
-125
-112
-99
-88
-79
-70
-63
-56
-49
-42
-34
-25
-13
0
15
33
53
75
98
123
147
171
194
214
233
248
260
268
272
271
267
258
245
228
207
183
155
125
94
61
27
-5
-37
-69
-98
-126
-151
-173
-193
-209
-222
-232
-239
-242
-242
-239
-233
-225
-215
-204
-190
-176
-161
-145
-129
-113
-97
-81
-65
-50
-36
-22
-9
1
12
22
31
39
46
53
59
64
68
72
75
78
81
83
84
85
86
86
85
83
79
74
67
58
46
30
12
-9
-34
-61
-90
-120
-149
-177
-201
-221
-235
-242
-242
-234
-219
-197
-168
-134
-95
-54
-12
28
67
103
134
159
178
191
196
196
189
177
162
144
124
105
87
71
59
49
44
43
46
51
60
71
84
98
112
127
141
154
165
174
181
186
188
187
184
179
172
164
155
145
135
126
116
107
99
91
83
76
69
61
54
46
39
31
24
18
13
9
7
8
10
15
23
32
43
56
69
82
94
103
110
114
113
107
97
83
65
44
20
-5
-31
-58
-83
-107
-128
-147
-163
-176
-185
-192
-196
-197
-197
-197
-195
-194
-193
-194
-195
-197
-201
-204
-208
-210
-212
-211
-208
-202
-193
-182
-167
-150
-131
-111
-90
-69
-48
-28
-10
5
19
29
36
39
39
35
27
16
3
-11
-26
-42
-57
-71
-83
-92
-99
-102
-101
-97
-89
-77
-61
-42
-19
5
34
64
96
128
161
193
223
251
277
298
315
327
333
333
326
313
293
267
234
195
151
104
54
2
-48
-98
-144
-185
-219
-245
-262
-269
-266
-254
-232
-202
-165
-123
-78
-32
11
53
89
120
143
158
166
166
160
149
134
115
95
74
53
33
15
-2
-18
-34
-49
-64
-80
-96
-113
-131
-151
-170
-190
-209
-226
-242
-256
-266
-273
-277
-277
-274
-267
-257
-245
-230
-213
-194
-174
-153
-132
-111
-89
-68
-48
-29
-12
3
18
31
42
52
62
71
80
91
103
117
133
151
171
192
213
234
253
270
283
292
296
295
288
276
259
238
215
189
163
137
112
89
68
50
34
21
10
1
-6
-12
-18
-23
-28
-32
-36
-39
-41
-43
-43
-41
-38
-34
-27
-19
-9
0
12
23
34
44
52
57
60
59
56
48
38
25
10
-6
-25
-44
-64
-83
-102
-120
-136
-150
-161
-170
-175
-176
-174
-167
-156
-141
-121
-98
-72
-42
-10
22
55
88
120
149
175
196
213
225
232
233
229
220
207
189
168
144
118
91
64
36
9
-15
-38
-59
-78
-93
-106
-115
-122
-125
-126
-124
-120
-115
-108
-100
-91
-83
-76
-70
-65
-63
-62
-65
-69
-75
-83
-92
-101
-111
-120
-129
-137
-143
-148
-151
-153
-153
-153
-153
-151
-150
-149
-148
-146
-143
-139
-132
-122
-108
-89
-65
-35
0
38
81
127
174
222
267
309
347
378
403
420
428
428
420
404
381
352
319
283
246
208
172
139
109
83
60
42
27
15
5
-2
-9
-15
-22
-30
-39
-49
-61
-74
-88
-102
-117
-132
-145
-157
-167
-174
-180
-183
-184
-183
-181
-179
-176
-174
-173
-173
-175
-179
-184
-192
-201
-211
-223
-235
-247
-258
-268
-275
-280
-283
-281
-277
-268
-256
-240
-220
-197
-171
-142
-111
-78
-43
-8
27
62
97
130
162
192
218
242
263
280
294
305
313
318
320
319
316
310
302
292
280
265
249
230
209
187
164
140
116
93
71
51
33
19
7
-1
-7
-10
-11
-11
-8
-5
-2
0
2
3
3
0
-4
-11
-20
-31
-44
-57
-72
-87
-101
-114
-127
-138
-148
-157
-164
-171
-176
-180
-183
-185
-185
-183
-178
-171
-162
-148
-132
-112
-89
-63
-34
-3
27
60
91
122
150
175
197
215
228
237
242
243
240
233
224
213
200
186
171
156
142
128
114
101
87
73
58
41
22
0
-23
-50
-79
-110
-143
-175
-207
-236
-262
-282
-297
-304
-304
-295
-277
-252
-220
-181
-137
-90
-42
6
52
95
133
165
191
209
220
223
219
209
194
174
151
125
99
73
49
27
8
-6
-18
-25
-29
-29
-27
-23
-18
-13
-8
-5
-3
-3
-5
-9
-15
-23
-31
-39
-47
-54
-59
-63
-64
-64
-61
-57
-52
-46
-39
-32
-26
-19
-13
-7
-1
3
8
13
18
22
25
26
27
26
24
20
15
9
3
-2
-8
-13
-17
-19
-20
-18
-16
-12
-6
-1
5
11
17
23
27
32
35
37
39
40
40
39
36
33
28
22
14
5
-4
-16
-28
-41
-55
-69
-82
-94
-105
-113
-120
-124
-126
-125
-121
-114
-104
-92
-78
-62
-44
-26
-7
11
28
45
59
71
80
87
90
91
89
85
79
72
65
57
49
42
34
27
19
12
4
-2
-10
-18
-25
-32
-37
-41
-44
-45
-43
-40
-36
-31
-25
-19
-14
-9
-6
-4
-3
-4
-6
-9
-12
-15
-17
-18
-18
-16
-12
-5
3
15
29
45
62
79
96
112
126
136
143
146
143
136
123
105
83
56
26
-5
-38
-70
-101
-129
-152
-171
-185
-194
-197
-195
-188
-178
-163
-147
-128
-107
-86
-64
-41
-19
2
24
46
68
89
110
129
147
163
176
187
194
197
197
193
185
174
160
143
124
103
81
58
35
12
-9
-30
-48
-65
-80
-91
-100
-106
-110
-110
-108
-103
-97
-89
-80
-71
-61
-52
-44
-37
-31
-27
-24
-23
-24
-26
-30
-35
-41
-48
-56
-64
-73
-82
-91
-100
-109
-117
-125
-132
-138
-143
-145
-146
-144
-138
-129
-116
-97
-74
-46
-13
23
63
105
148
190
230
267
298
324
344
357
362
361
353
340
322
301
277
252
227
202
179
157
137
118
101
85
68
51
33
15
-4
-25
-46
-68
-88
-107
-124
-138
-150
-159
-164
-167
-168
-166
-163
-159
-154
-149
-144
-139
-136
-133
-132
-133
-135
-138
-144
-152
-161
-172
-185
-198
-213
-227
-240
-252
-261
-268
-271
-269
-263
-252
-237
-217
-193
-165
-136
-105
-74
-44
-15
11
35
57
76
93
107
118
128
135
142
147
152
156
161
165
169
174
178
183
187
192
196
199
202
205
206
206
204
201
195
188
178
167
154
139
124
109
93
78
63
50
38
28
19
12
6
2
0
-3
-4
-5
-7
-8
-11
-14
-19
-25
-33
-43
-54
-67
-82
-97
-113
-128
-143
-156
-167
-176
-181
-182
-179
-172
-160
-144
-125
-103
-78
-52
-26
-1
21
43
61
75
85
91
93
91
85
76
64
50
35
19
3
-11
-25
-36
-45
-50
-52
-50
-43
-32
-16
2
25
51
80
110
140
169
196
220
240
255
263
265
261
249
231
207
177
144
106
67
27
-11
-48
-83
-113
-139
-161
-177
-189
-196
-200
-200
-197
-192
-185
-177
-167
-156
-143
-129
-114
-96
-78
-58
-36
-14
9
32
55
78
98
118
135
149
161
170
175
177
176
