283
270
257
244
230
216
201
187
173
159
147
137
128
122
117
115
113
113
113
113
112
110
105
97
86
71
53
31
6
-21
-51
-82
-113
-144
-174
-203
-229
-253
-274
-292
-306
-317
-323
-325
-322
-314
-300
-281
-256
-227
-193
-156
-116
-74
-32
8
47
83
114
139
157
169
173
170
161
146
127
105
81
57
35
14
-4
-20
-34
-46
-56
-66
-77
-89
-102
-118
-135
-154
-175
-194
-213
-229
-240
-246
-245
-238
-224
-203
-177
-147
-114
-79
-45
-12
17
43
65
83
95
103
106
105
98
88
72
52
27
-2
-38
-78
-122
-170
-221
-273
-326
-376
-423
-465
-499
-523
-535
-535
-520
-490
-445
-385
-311
-225
-128
-24
84
195
305
413
514
606
689
759
816
857
883
892
885
859
816
756
680
589
484
368
245
116
-12
-139
-260
-371
-469
-551
-615
-661
-687
-694
-683
-655
-612
-556
-491
-419
-343
-266
-189
-117
-49
11
63
108
143
171
190
201
205
203
196
183
167
147
124
99
73
47
22
0
-21
-39
-54
-66
-74
-80
-84
-86
-88
-90
-92
-96
-100
-106
-113
-121
-129
-136
-142
-147
-150
-150
-147
-140
-129
-114
-95
-72
-45
-15
18
53
90
128
166
203
237
269
296
319
336
347
352
351
343
330
312
289
264
237
209
181
154
130
108
90
75
63
55
50
47
45
45
45
45
43
41
37
31
23
13
1
-12
-28
-45
-64
-83
-103
-123
-141
-159
-176
-191
-205
-218
-231
-243
-256
-270
-285
-301
-318
-335
-352
-367
-378
-385
-386
-379
-364
-339
-305
-261
-210
-150
-86
-19
48
114
174
228
272
305
326
335
333
320
300
273
243
213
184
160
141
130
126
130
140
156
175
197
219
238
254
266
271
269
260
245
223
196
165
130
92
54
15
-22
-58
-93
-124
-151
-174
-192
-204
-209
-209
-202
-190
-172
-149
-123
-95
-65
-36
-8
16
38
54
66
71
70
63
51
33
12
-11
-36
-62
-86
-108
-127
-142
-151
-156
-155
-148
-137
-121
-101
-78
-54
-28
-1
25
51
76
100
123
144
164
182
197
210
219
225
226
221
209
191
166
134
95
49
0
-53
-109
-165
-220
-271
-317
-357
-389
-413
-427
-433
-429
-417
-398
-373
-343
-310
-275
-241
-207
-174
-144
-116
-90
-66
-42
-20
2
25
48
73
98
123
149
174
199
222
243
262
278
291
300
307
312
315
316
317
317
316
315
312
307
299
287
269
245
214
175
129
77
19
-42
-107
-171
-233
-289
-339
-379
-408
-425
-428
-418
-394
-359
-312
-257
-195
-129
-61
5
68
125
175
214
242
258
260
248
224
187
140
85
23
-39
-103
-163
-216
-261
-294
-316
-324
-318
-301
-272
-233
-186
-133
-76
-17
41
98
153
203
248
287
320
346
364
377
382
380
373
359
340
316
289
258
225
192
158
125
94
64
36
10
-14
-36
-57
-77
-95
-110
-124
-135
-142
-147
-147
-144
-138
-130
-119
-106
-93
-81
-68
-57
-47
-39
-32
-27
-22
-18
-13
-9
-4
0
5
11
15
17
16
12
2
-12
-34
-61
-95
-133
-176
-221
-267
-313
-357
-397
-433
-462
-483
-497
-503
-500
-488
-467
-438
-399
-353
-298
-236
-168
-93
-15
65
148
230
309
385
454
516
568
610
641
660
668
664
650
626
594
554
510
461
410
357
304
251
199
149
103
59
20
-14
-43
-67
-86
-98
-104
-105
-99
-88
-72
-54
-32
-10
10
29
43
52
54
48
34
13
-15
-49
-87
-126
-166
-203
-235
-262
-281
-293
-298
-296
-289
-277
-262
-247
-234
-224
-219
-220
-227
-240
-260
-285
-313
-342
-370
-395
-413
-422
-421
-407
-380
-338
-283
-215
-135
-45
52
156
263
371
476
576
667
746
812
860
890
900
890
859
809
741
658
561
455
343
227
111
-2
-112
-216
-312
-400
-477
-543
-598
-640
-669
-685
-687
-676
-652
-617
-570
-513
-448
-376
-299
-218
-136
-54
25
102
173
238
294
340
375
397
406
402
383
350
303
244
174
96
11
-77
-165
-250
-327
-394
-446
-483
-501
-501
-482
-446
-395
-331
-259
-180
-99
-19
57
127
190
244
289
325
352
370
381
385
382
372
357
336
308
274
234
187
134
75
11
-54
-123
-192
-258
-320
-376
-424
-462
-489
-503
-504
-491
-464
-422
-366
-297
-216
-125
-25
78
186
292
394
488
571
640
694
730
748
748
729
693
642
578
502
419
330
240
151
65
-12
-83
-144
-194
-234
-264
-283
-294
-296
-293
-284
-272
-258
-243
-228
-215
-205
-198
-196
-198
-204
-215
-230
-247
-266
-286
-305
-321
-335
-344
-348
-346
-337
-322
-301
-273
-239
-201
-158
-111
-61
-9
43
96
148
199
248
293
334
370
400
425
442
453
456
453
443
427
405
379
350
319
287
255
225
198
175
155
141
131
126
124
126
130
135
140
144
147
147
145
140
132
123
111
98
85
73
60
48
37
26
15
3
-9
-23
-40
-59
-80
-103
-128
-153
-179
-203
-225
-243
-258
-267
-271
-270
-263
-251
-235
-214
-191
-164
-136
-107
-77
-48
-20
4
27
46
60
69
72
68
58
43
22
-3
-32
-63
-95
-126
-154
-179
-198
-211
-217
-216
-207
-191
-168
-140
-108
-74
-39
-5
26
54
76
93
104
108
106
99
88
72
55
36
18
1
-11
-21
-27
-28
-24
-17
-6
6
20
34
45
53
56
53
44
27
4
-25
-60
-100
-142
-184
-224
-260
-289
-309
-319
-316
-300
-270
-226
-171
-106
-32
46
126
205
279
345
399
440
465
475
467
444
407
358
300
235
167
100
36
-21
-72
-112
-143
-162
-172
-173
-166
-153
-136
-117
-98
-81
-66
-56
-50
-49
-52
-59
-67
-77
-86
-93
-98
-99
-96
-89
-79
-67
-53
-40
-28
-19
-13
-12
-15
-22
-31
-43
-54
-64
-72
-75
-74
-68
-57
-42
-23
-4
15
33
47
56
60
57
49
37
20
1
-17
-35
-50
-61
-68
-69
-65
-57
-46
-32
-18
-4
7
16
20
19
13
2
-13
-32
-54
-77
-101
-122
-141
-157
-168
-174
-176
-173
-167
-156
-143
-127
-110
-92
-73
-53
-33
-12
10
33
58
85
114
145
177
209
240
269
296
318
334
345
348
345
334
318
295
268
237
205
171
139
108
81
59
41
28
20
17
17
21
27
34
43
52
62
71
80
88
95
101
104
105
103
98
88
75
58
36
11
-18
-51
-87
-127
-169
-213
-259
-305
-350
-394
-433
-467
-493
-511
-518
-514
-498
-469
-429
-378
-319
-252
-182
-109
-37
30
93
148
195
232
259
278
288
292
291
286
281
276
272
272
274
280
288
299
310
320
327
331
330
322
307
284
254
216
172
123
71
17
-35
-85
-130
-168
-199
-221
-233
-236
-231
-217
-196
-170
-139
-104
-69
-33
1
34
64
90
112
129
140
146
146
141
129
112
90
62
29
-7
-47
-89
-132
-175
-215
-252
-283
-307
-323
-329
-324
-309
-284
-249
-206
-155
-101
-44
12
66
115
156
188
208
215
209
190
158
115
62
3
-59
-122
-181
-233
-273
-299
-308
-299
-272
-226
-165
-91
-6
82
172
258
336
400
448
476
484
470
434
378
304
215
115
8
-99
-204
-301
-385
-453
-501
-529
-534
-517
-480
-425
-356
-275
-189
-100
-14
65
134
189
229
252
256
243
214
169
114
49
-19
-90
-158
-220
-273
-316
-345
-361
-362
-350
-325
-288
-241
-187
-127
-64
0
63
124
182
236
285
329
368
402
432
458
481
499
515
525
531
531
525
510
487
456
415
365
307
242
171
96
20
-54
-126
-192
-249
-297
-333
-357
-367
-366
-352
-329
-297
-260
-219
-177
-135
-96
-61
-31
-7
10
21
27
28
25
19
12
6
0
-1
-1
3
11
22
36
51
66
81
93
103
109
110
108
102
92
79
63
45
25
4
-16
-39
-61
-83
-104
-124
-143
-159
-173
-184
-191
-193
-189
-180
-165
-144
-117
-84
-46
-5
38
83
128
172
211
246
273
292
302
300
287
261
223
174
113
43
-33
-115
-200
-283
-362
-433
-493
-538
-567
-577
-566
-535
-482
-410
-320
-216
-102
17
137
252
355
443
511
555
573
565
532
474
397
302
197
85
-26
-134
-231
-315
-382
-430
-459
-468
-459
-435
-398
-352
-302
-249
-198
-151
-109
-74
-44
-21
-2
13
27
41
56
75
96
121
149
180
213
246
278
308
335
356
373
384
388
386
377
362
342
317
288
255
221
185
150
116
84
55
29
7
-10
-25
-39
-53
-69
-87
-111
-141
-178
-222
-273
-329
-389
-450
-509
-564
-611
-648
-672
-681
-674
-650
-609
-552
-483
-404
-318
-231
-145
-67
1
56
95
119
126
119
99
70
35
-1
-36
-66
-88
-100
-101
-89
-66
-31
11
62
118
177
235
292
346
395
439
477
509
535
556
571
582
586
586
580
569
552
529
500
466
427
383
336
285
232
178
122
66
10
-44
-98
-150
-198
-244
-285
-321
-352
-378
-398
-412
-420
-422
-419
-411
-398
-381
-361
-338
-313
-288
-262
-236
-210
-184
-158
-131
-103
-73
-40
-4
34
76
120
165
211
255
297
334
365
389
406
414
414
405
389
365
336
302
265
225
183
141
98
56
15
-25
-65
-104
-141
-177
-209
-238
-263
-281
-293
-298
-294
-280
-258
-227
-187
-140
-87
-31
26
83
137
184
224
253
271
275
266
242
205
155
94
25
-49
-127
-206
-280
-348
-407
-454
-487
-505
-509
-497
-472
-435
-388
-332
-270
-203
-133
-63
7
77
146
213
277
338
394
446
492
531
562
585
598
601
594
578
551
516
474
425
371
314
256
199
143
90
42
-1
-39
-73
-103
-128
-151
-172
-192
-211
-230
-248
-264
-279
-290
-297
-298
-293
-282
-263
-237
-206
-170
-132
-92
-55
-21
6
26
37
38
28
9
-19
-55
-98
-145
-194
-243
-290
-333
-371
-402
-424
-438
-441
-435
-417
-390
-353
-307
-254
-194
-131
-65
1
65
125
179
225
263
291
309
318
318
310
296
277
256
233
210
189
170
155
145
138
136
138
144
153
164
176
188
200
209
216
219
217
212
201
186
167
144
118
90
60
30
0
-28
-56
-80
-103
-122
-139
-153
-165
-175
-184
-192
-201
-211
-223
-236
-252
-269
-287
-305
-322
-337
-347
-352
-351
-341
-324
-297
-262
-220
-171
-118
-64
-10
40
86
124
153
172
180
177
164
143
116
84
52
20
-7
-29
-43
-48
-44
-29
-4
28
68
113
160
207
251
290
321
345
358
363
358
345
326
302
275
248
222
198
178
161
148
138
130
124
118
111
101
90
74
56
34
10
-16
-44
-71
-98
-122
-144
