401
456
496
523
537
539
529
510
483
450
411
368
324
278
234
193
155
123
98
82
75
78
90
112
143
182
225
272
320
367
410
447
477
497
508
508
498
477
447
409
363
312
256
197
138
77
18
-39
-95
-149
-201
-250
-299
-345
-390
-433
-474
-512
-547
-578
-603
-622
-633
-637
-631
-615
-590
-556
-512
-461
-402
-339
-272
-203
-133
-65
0
63
121
174
221
263
297
325
344
356
358
352
338
315
284
248
206
162
116
72
30
-5
-35
-56
-70
-75
-71
-60
-42
-19
7
37
67
97
126
152
174
192
206
215
218
217
210
198
182
162
139
114
88
64
41
21
5
-4
-9
-8
-1
9
25
43
61
79
93
103
106
100
87
64
32
-6
-52
-103
-156
-208
-259
-304
-342
-371
-390
-398
-395
-381
-357
-325
-286
-242
-197
-152
-108
-69
-34
-5
17
35
49
62
74
88
105
128
156
190
230
273
318
362
404
439
467
484
490
483
465
434
393
344
289
230
170
113
59
12
-26
-55
-76
-87
-88
-81
-67
-48
-24
1
27
51
72
87
95
94
83
61
29
-13
-67
-128
-198
-272
-349
-427
-502
-572
-635
-687
-728
-756
-769
-768
-751
-721
-677
-621
-556
-482
-403
-320
-235
-151
-69
9
84
153
215
271
320
361
394
419
436
445
447
441
429
412
391
367
341
316
291
268
248
231
218
208
202
198
197
197
197
196
193
187
177
163
144
121
93
63
30
-3
-36
-68
-96
-122
-143
-160
-173
-183
-191
-198
-204
-212
-222
-233
-248
-263
-279
-293
-304
-309
-306
-295
-272
-238
-194
-138
-75
-4
70
145
218
287
347
397
434
458
468
464
447
419
380
333
281
225
168
111
57
6
-39
-80
-116
-147
-172
-191
-206
-215
-219
-219
-215
-208
-197
-184
-170
-154
-138
-121
-105
-90
-77
-65
-54
-45
-37
-31
-27
-24
-21
-20
-18
-17
-15
-12
-8
-2
4
12
22
32
43
53
63
72
79
85
89
90
91
89
87
84
82
80
79
78
79
81
84
86
88
89
88
84
78
67
53
35
12
-13
-43
-75
-110
-145
-179
-212
-241
-264
-280
-289
-288
-278
-258
-229
-192
-149
-102
-51
-1
46
89
126
156
176
186
186
176
158
133
102
67
31
-3
-35
-62
-84
-97
-103
-100
-88
-69
-42
-10
27
69
113
159
204
249
291
329
364
394
419
439
453
462
464
461
453
439
420
396
367
333
294
250
200
146
87
25
-40
-108
-177
-245
-311
-373
-431
-482
-526
-562
-590
-610
-622
-626
-624
-615
-600
-580
-554
-522
-486
-445
-398
-348
-293
-236
-177
-117
-59
-5
45
88
123
149
164
168
161
144
116
80
37
-9
-59
-109
-157
-201
-237
-265
-283
-290
-284
-267
-238
-197
-147
-89
-25
42
112
181
248
310
366
414
453
482
503
513
514
506
490
466
434
397
353
305
252
197
140
82
26
-27
-77
-121
-159
-188
-210
-222
-227
-224
-214
-198
-179
-156
-133
-109
-87
-66
-47
-31
-17
-5
5
14
21
28
33
36
39
40
40
39
36
33
29
25
21
16
11
6
0
-5
-12
-19
-27
-35
-43
-50
-57
-63
-68
-72
-73
-74
-73
-70
-67
-62
-58
-54
-50
-46
-44
-42
-40
-39
-38
-36
-32
-26
-18
-7
5
20
37
54
70
86
98
108
114
116
114
109
102
92
82
73
64
57
53
52
54
59
67
77
89
101
112
120
126
126
122
111
94
70
41
8
-28
-66
-103
-139
-169
-194
-212
-221
-221
-212
-194
-168
-135
-98
-58
-18
21
57
88
114
134
147
155
158
158
156
153
150
150
152
157
165
175
188
203
217
230
241
249
252
249
240
224
202
174
141
103
61
17
-27
-73
-117
-159
-198
-232
-260
-283
-299
-309
-312
-309
-300
-286
-269
-248
-226
-202
-178
-154
-129
-105
-81
-58
-35
-13
7
26
43
57
67
75
78
77
73
67
57
47
36
27
19
15
14
19
28
41
59
80
104
129
153
175
193
206
214
214
206
191
168
137
99
54
3
-51
-109
-169
-228
-284
-335
-379
-415
-441
-456
-459
-451
-432
-404
-367
-323
-275
-224
-172
-121
-72
-27
13
50
81
108
130
148
161
170
175
176
173
165
153
137
117
93
67
38
7
-23
-54
-83
-110
-133
-151
-164
-172
-172
-166
-154
-134
-109
-78
-42
-3
38
82
125
166
205
238
265
284
294
293
280
256
220
173
118
55
-11
-78
-143
-200
-245
-276
-288
-279
-247
-192
-113
-14
101
231
369
509
645
770
879
967
1030
1064
1069
1043
990
911
809
690
557
417
274
134
0
-124
-236
-333
-416
-483
-536
-576
-604
-623
-634
-640
-642
-642
-641
-639
-637
-635
-632
-628
-621
-613
-601
-586
-567
-544
-517
-486
-451
-413
-374
-332
-290
-249
-209
-171
-137
-106
-80
-58
-41
-29
-21
-17
-15
-15
-15
-15
-12
-5
5
22
45
73
106
142
181
219
257
292
323
349
371
387
400
409
415
419
422
424
425
425
423
419
411
398
380
356
325
287
244
195
141
85
28
-28
-83
-134
-180
-218
-249
-269
-280
-280
-270
-248
-217
-176
-127
-71
-12
49
110
168
220
264
298
320
329
326
309
281
243
195
141
82
21
-40
-100
-157
-209
-255
-293
-323
-345
-358
-362
-358
-346
-327
-302
-272
-237
-199
-159
-117
-75
-35
2
36
65
88
103
111
111
102
87
64
36
4
-29
-64
-98
-129
-156
-177
-192
-199
-199
-192
-178
-159
-134
-107
-77
-47
-19
7
29
46
57
63
61
53
39
19
-5
-34
-65
-98
-129
-158
-183
-201
-211
-212
-202
-182
-150
-109
-59
-2
59
123
187
249
306
355
397
429
451
464
468
464
453
439
422
404
385
368
352
337
323
307
290
268
243
212
174
132
84
33
-18
-70
-119
-162
-198
-223
-237
-238
-226
-202
-166
-122
-71
-16
39
92
139
178
206
222
224
211
185
144
91
28
-44
-122
-203
-283
-361
-432
-493
-543
-579
-600
-606
-597
-574
-539
-495
-444
-389
-334
-281
-234
-195
-165
-144
-133
-131
-137
-148
-163
-179
-193
-203
-207
-203
-191
-168
-136
-95
-46
10
71
136
202
268
332
392
447
496
539
574
601
621
634
638
634
622
602
574
537
492
438
378
311
239
164
88
12
-60
-128
-190
-244
-288
-323
-348
-363
-369
-366
-354
-337
-314
-288
-259
-229
-199
-169
-140
-111
-83
-56
-28
-1
26
55
85
114
144
174
203
230
256
278
297
310
318
319
312
296
271
236
194
143
86
25
-38
-101
-162
-219
-270
-313
-348
-373
-390
-399
-400
-395
-385
-372
-358
-343
-329
-316
-306
-299
-294
-292
-291
-292
-292
-292
-289
-284
-275
-262
-243
-220
-193
-160
-123
-81
-37
9
58
108
158
207
254
297
337
372
401
425
443
455
461
462
458
451
440
426
411
396
380
365
350
336
324
311
299
286
271
255
237
215
191
165
135
104
72
39
5
-26
-57
-86
-112
-135
-155
-171
-184
-194
-201
-207
-211
-215
-218
-222
-226
-230
-235
-239
-242
-245
-245
-244
-241
-234
-226
-216
-203
-190
-176
-162
-149
-137
-128
-123
-120
-121
-126
-134
-144
-157
-171
-185
-198
-208
-215
-218
-215
-206
-192
-172
-147
-118
-86
-52
-18
15
46
75
99
118
132
142
148
150
150
149
149
150
153
159
168
180
193
208
222
234
242
246
245
236
220
197
168
132
92
50
7
-34
-71
-103
-128
-144
-150
-147
-135
-114
-86
-52
-15
24
64
104
140
173
200
223
239
248
252
249
241
227
209
187
161
134
104
74
43
13
-15
-43
-68
-91
-111
-128
-140
-149
-154
-156
-155
-152
-148
-142
-137
-133
-130
-128
-128
-130
-134
-138
-144
-150
-155
-160
-164
-165
-165
-162
-157
-150
-140
-128
-114
-98
-82
-65
-48
-32
-17
-3
9
20
29
37
44
50
56
61
67
74
83
94
107
123
141
161
183
205
228
250
269
285
297
303
303
295
280
257
225
187
141
90
34
-24
-83
-142
-199
-251
-296
-335
-364
-384
-393
-391
-378
-354
-320
-276
-224
-165
-102
-37
27
88
145
193
232
260
276
279
271
251
221
184
141
96
50
7
-30
-61
-83
-95
-97
-87
-69
-41
-7
31
73
115
155
192
222
247
265
275
278
274
264
249
230
207
183
157
130
103
75
48
20
-6
-34
-62
-90
-119
-147
-175
-203
-229
-253
-275
-295
-310
-321
-327
-327
-319
-305
-282
-252
-215
-172
-124
-73
-20
30
79
124
161
191
212
224
226
219
204
182
154
123
90
56
24
-5
-31
-53
-69
-82
-89
-93
-93
-91
-86
-79
-70
-60
-48
-35
-20
-4
12
29
47
64
79
92
102
108
110
108
102
93
83
71
60
50
42
37
35
36
40
47
55
63
71
77
80
80
76
67
54
38
19
0
-22
-44
-65
-84
-101
-114
-124
-131
-135
-137
-137
-138
-138
-140
-143
-148
-155
-163
-171
-179
-185
-188
-188
-184
-177
-166
-153
-137
-120
-102
-84
-67
-51
-35
-20
-5
11
29
49
71
97
125
156
189
223
257
290
321
347
368
382
387
384
372
351
320
281
235
182
126
67
7
-51
-106
-157
-201
-239
-268
-288
-300
-304
-301
-292
-280
-267
-254
-244
-239
-242
-254
-276
-309
-351
-403
-463
-529
-599
-669
-738
-802
-858
-905
-940
-961
-966
-954
-925
-877
-812
-729
-630
-516
-390
-253
-108
41
193
344
492
634
767
890
1001
1097
1179
1245
1296
1330
1349
1353
1342
1318
1282
1236
1180
1117
1046
970
889
804
716
624
531
435
338
241
143
45
-50
-144
-234
-320
-400
-473
-539
-596
-643
-681
-708
-725
-732
-730
-719
-701
-677
-648
-616
-582
-548
-514
-481
-451
-423
-398
-375
-353
-333
-312
-290
-267
-242
-213
-181
-145
-105
-62
-16
32
83
134
186
236
285
331
373
412
445
474
497
514
525
530
528
519
503
480
449
413
370
323
273
220
167
115
64
18
-24
-61
-92
-117
-135
-147
-153
-153
-149
-141
-131
-119
-107
-96
-87
-80
-76
-74
-74
-75
-77
-78
-76
-72
-65
-53
-38
-19
2
26
49
72
92
107
118
123
121
113
98
79
55
28
0
-27
-54
-79
-101
-120
-134
-145
-151
-154
-153
-149
-143
-134
-123
-110
-95
-78
-58
-36
-11
16
47
82
121
163
209
258
311
366
423
482
541
599
654
706
751
788
816
831
834
822
795
753
697
628
547
456
356
250
139
24
-92
-210
-330
-449
-567
-685
-802
-916
-1028
-1135
-1237
-1331
-1415
-1486
-1543
-1583
-1603
-1603
-1581
-1537
-1472
-1388
-1286
-1170
-1042
-907
-768
-628
-491
-359
-235
