-158
-144
-129
-113
-98
-81
-63
-45
-26
-7
11
30
48
64
79
91
102
109
115
118
119
118
117
115
112
110
107
106
105
104
104
103
102
100
96
91
82
72
59
43
26
7
-12
-32
-51
-69
-86
-99
-110
-118
-122
-122
-118
-111
-101
-88
-73
-56
-38
-20
-2
14
28
41
50
57
61
61
59
55
49
43
36
30
25
22
22
25
31
41
54
71
90
111
133
156
179
200
219
234
245
251
252
248
237
221
201
175
147
115
81
46
10
-25
-61
-95
-129
-160
-190
-218
-243
-265
-285
-302
-317
-331
-343
-353
-364
-374
-385
-396
-408
-420
-432
-443
-453
-459
-462
-460
-451
-436
-412
-379
-338
-290
-234
-172
-107
-39
27
92
154
209
258
299
331
355
369
375
373
364
348
328
303
275
245
215
185
155
128
103
80
62
47
36
30
29
34
43
58
78
103
131
163
197
232
267
300
329
355
374
388
395
396
389
376
356
332
302
269
233
195
156
116
76
37
-1
-39
-77
-114
-150
-186
-221
-254
-286
-316
-343
-367
-388
-404
-416
-423
-425
-423
-416
-405
-391
-373
-353
-331
-307
-282
-257
-230
-203
-176
-149
-120
-92
-62
-31
0
32
66
99
133
166
197
226
252
274
292
304
310
310
304
292
274
252
226
197
165
134
102
72
45
21
1
-14
-25
-32
-35
-34
-29
-21
-10
2
17
33
49
65
80
93
104
112
117
118
116
110
101
89
73
55
33
8
-19
-50
-84
-120
-157
-196
-236
-275
-313
-349
-382
-410
-434
-452
-463
-466
-462
-449
-428
-398
-362
-318
-267
-212
-151
-87
-19
52
126
204
284
366
451
536
620
703
781
853
915
964
997
1011
1004
973
918
838
736
614
474
322
163
1
-156
-306
-443
-565
-666
-747
-806
-842
-857
-853
-831
-795
-747
-691
-630
-567
-504
-444
-388
-337
-292
-253
-220
-192
-169
-148
-131
-116
-103
-92
-82
-75
-70
-67
-68
-72
-79
-89
-101
-114
-128
-142
-154
-162
-167
-166
-160
-146
-124
-94
-57
-12
38
94
154
215
277
337
393
444
488
524
552
570
578
576
564
543
515
479
438
393
346
298
250
204
161
121
86
55
29
7
-10
-24
-35
-44
-52
-58
-63
-68
-74
-79
-84
-90
-96
-101
-107
-113
-119
-124
-130
-135
-139
-143
-146
-149
-151
-151
-151
-151
-150
-148
-145
-142
-138
-134
-127
-119
-109
-97
-82
-66
-48
-29
-9
9
27
43
57
69
77
82
83
81
74
65
52
36
18
-1
-22
-42
-62
-80
-95
-107
-114
-118
-117
-111
-100
-84
-65
-41
-14
14
46
78
110
141
171
198
222
242
257
268
274
275
270
259
243
221
194
163
127
89
48
6
-35
-78
-119
-158
-194
-227
-255
-278
-295
-304
-307
-301
-287
-265
-235
-198
-155
-107
-55
0
53
107
157
204
246
282
312
335
350
359
361
357
346
331
312
289
262
234
203
171
138
104
70
36
2
-31
-64
-96
-127
-156
-184
-209
-232
-251
-268
-280
-289
-294
-293
-289
-279
-265
-247
-225
-201
-174
-147
-119
-92
-66
-44
-24
-7
4
13
17
18
15
9
1
-8
-20
-31
-42
-52
-61
-67
-70
-70
-68
-63
-55
-45
-34
-20
-6
7
22
37
51
63
75
85
94
100
106
110
112
114
115
115
115
114
113
113
112
112
112
112
112
112
112
111
110
107
104
98
92
84
74
63
52
40
29
17
7
-1
-9
-15
-20
-23
-25
-26
-26
-26
-27
-28
-30
-34
-39
-47
-56
-68
-82
-97
-113
-131
-149
-167
-184
-200
-214
-225
-232
-234
-232
-223
-208
-187
-160
-127
-89
-48
-5
38
80
118
152
179
198
209
211
205
192
172
148
120
91
63
37
14
-3
-16
-24
-28
-27
-23
-16
-9
-1
4
9
11
11
7
1
-6
-16
-26
-38
-48
-58
-67
-73
-78
-81
-83
-84
-84
-84
-85
-85
-87
-88
-90
-91
-92
-91
-89
-84
-76
-66
-54
-38
-21
-2
18
39
59
78
95
109
119
125
127
125
119
110
100
88
76
65
56
48
43
41
41
42
45
49
53
57
60
62
63
63
61
57
52
46
40
33
26
20
15
12
10
9
10
11
14
16
19
21
22
21
20
16
11
5
-2
-10
-18
-26
-33
-39
-43
-44
-44
-41
-37
-30
-23
-16
-8
-1
3
7
9
8
5
0
-5
-12
-20
-27
-32
-36
-37
-35
-30
-22
-11
1
14
28
41
53
61
67
69
68
63
55
45
34
22
11
2
-4
-8
-8
-4
3
14
29
45
63
80
95
108
118
123
124
120
111
97
79
57
32
4
-25
-56
-89
-122
-155
-187
-219
-250
-278
-304
-327
-347
-363
-374
-381
-382
-379
-369
-355
-335
-311
-283
-252
-219
-185
-150
-117
-84
-54
-26
-1
20
39
56
71
85
98
110
121
133
144
154
163
171
176
178
177
172
163
150
134
116
96
77
58
42
30
23
21
26
37
54
77
105
136
169
202
234
263
287
305
316
320
317
307
290
268
242
214
184
155
126
100
77
57
41
30
22
18
17
20
24
30
36
43
48
52
54
54
51
46
38
28
15
0
-17
-36
-57
-80
-104
-129
-153
-177
-199
-218
-235
-249
-258
-264
-266
-264
-258
-250
-239
-227
-215
-204
-194
-186
-182
-181
-184
-191
-201
-215
-230
-247
-264
-281
-297
-310
-320
-326
-327
-323
-314
-299
-279
-254
-224
-190
-153
-115
-75
-35
2
39
73
104
133
160
186
211
237
264
293
325
360
398
438
480
521
559
594
623
643
653
651
637
611
573
523
464
398
327
254
181
110
44
-15
-66
-108
-141
-163
-176
-179
-174
-162
-144
-122
-98
-73
-49
-28
-11
0
5
3
-5
-21
-46
-77
-115
-158
-204
-253
-302
-349
-393
-431
-462
-485
-497
-499
-490
-471
-441
-404
-359
-309
-256
-203
-152
-105
-66
-35
-14
-2
-2
-10
-27
-51
-78
-107
-136
-162
-182
-195
-199
-194
-180
-155
-122
-82
-35
14
66
117
166
211
251
284
310
328
340
344
342
335
323
308
290
270
250
229
209
190
172
155
138
123
108
93
79
65
51
37
24
13
3
-4
-8
-9
-6
1
12
27
44
63
83
102
120
136
148
156
160
161
157
151
143
133
122
112
103
96
92
90
91
95
100
107
114
121
127
131
133
131
125
116
103
87
67
45
22
-2
-27
-51
-74
-97
-117
-135
-152
-166
-179
-190
-200
-208
-214
-219
-221
-222
-219
-214
-205
-193
-178
-160
-139
-116
-92
-68
-45
-24
-7
5
13
16
12
3
-10
-29
-50
-73
-96
-116
-134
-146
-153
-153
-147
-134
-115
-91
-62
-30
3
37
70
101
128
150
168
180
186
187
184
177
166
153
138
122
106
88
70
52
32
11
-10
-34
-59
-85
-110
-135
-159
-179
-195
-207
-213
-212
-204
-190
-169
-141
-109
-72
-32
8
50
91
130
167
200
230
256
279
297
310
320
325
326
321
313
299
280
256
227
194
156
115
72
27
-18
-63
-107
-148
-186
-221
-252
-280
-305
-327
-346
-364
-380
-396
-409
-422
-433
-441
-447
-450
-449
-444
-434
-419
-398
-372
-341
-303
-260
-211
-157
-98
-36
28
95
162
227
289
345
394
434
464
484
491
487
471
446
411
369
321
268
214
158
104
50
-1
-50
-98
-144
-189
-233
-277
-321
-364
-405
-445
-481
-512
-537
-554
-561
-558
-542
-513
-471
-415
-346
-264
-170
-67
42
157
273
388
498
601
694
775
842
893
929
947
949
934
904
859
801
731
652
565
472
376
277
179
82
-10
-99
-182
-258
-325
-384
-433
-473
-503
-523
-534
-537
-532
-520
-503
-482
-458
-431
-405
-378
-352
-328
-306
-286
-268
-251
-236
-222
-207
-192
-176
-157
-137
-113
-88
-60
-30
0
32
65
96
126
155
181
204
225
244
260
274
287
300
312
325
339
354
371
389
407
425
442
456
467
474
475
471
460
443
420
392
359
321
281
238
194
150
105
62
20
-20
-59
-96
-131
-164
-195
-224
-250
-274
-295
-312
-326
-337
-343
-346
-344
-339
-329
-316
-299
-278
-253
-224
-191
-154
-112
-67
-19
30
80
130
178
221
259
289
310
320
321
309
287
253
210
158
98
33
-36
-108
-181
-253
-323
-389
-450
-506
-554
-596
-630
-656
-674
-685
-688
-683
-671
-652
-627
-596
-560
-518
-472
-421
-367
-309
-248
-184
-118
-50
18
86
153
217
279
336
387
432
471
502
526
543
552
554
550
538
521
497
468
433
394
351
304
255
203
151
98
47
-2
-48
-89
-125
-155
-178
-194
-202
-204
-200
-190
-176
-158
-137
-115
-91
-67
-43
-20
1
22
40
56
69
79
84
85
80
71
58
39
17
-7
-35
-63
-91
-118
-143
-164
-182
-195
-205
-210
-213
-213
-212
-211
-211
-213
-216
-221
-228
-237
-245
-252
-258
-260
-258
-251
-239
-221
-198
-170
-139
-104
-68
-32
3
37
68
95
119
139
155
168
178
186
193
198
204
209
214
219
224
229
232
234
234
232
227
219
209
197
184
171
158
147
139
134
134
139
149
163
181
203
227
253
281
309
338
366
394
422
448
471
492
509
522
528
528
520
504
478
444
400
348
288
222
151
78
4
-67
-135
-198
-252
-298
-334
-360
-377
-385
-385
-380
-370
-357
-343
-329
-316
-303
-291
-280
-268
-255
-239
-221
-199
-174
-144
-110
-73
-34
5
45
82
115
142
161
171
171
161
140
109
68
21
-32
-88
-147
-204
-258
-307
-350
-384
-410
-426
-431
-427
-412
-389
-357
-318
-272
-222
-169
-113
-58
-4
45
91
130
161
184
198
202
198
186
167
144
119
92
67
45
27
15
8
8
14
26
43
64
87
113
138
163
186
206
222
235
244
249
251
250
247
242
236
228
219
208
195
180
163
144
124
103
83
65
50
40
36
38
46
60
79
101
124
145
162
172
173
163
142
108
63
8
-53
-121
-191
-260
-325
-382
-430
-467
-493
-506
-508
-499
-481
-455
-424
-389
-353
-317
-283
-253
-228
-210
-200
-198
-204
-219
-243
-273
-309
-350
-395
-442
-488
-534
-576
-614
-646
-671
-688
-696
-694
-681
-659
-626
-582
-530
-468
-400
-325
-247
-166
-85
-6
68
136
197
248
290
322
344
358
365
367
365
363
363
367
376
391
413
443
480
523
572
625
682
740
799
856
909
956
996
1024
1039
1039
1021
983
925
845
745
624
486
334
170
0
-173
-343
-505
-654
-785
-896
-981
-1040
-1069
-1069
-1039
-981
-897
-791
-665
-524
-374
-218
-63
87
230
359
473
570
648
706
744
765
767
754
