-789
-743
-684
-614
-535
-450
-360
-269
-178
-89
-4
74
149
217
279
334
385
431
472
511
546
579
611
640
667
691
711
728
740
746
747
743
732
716
694
668
637
603
565
525
482
439
394
349
304
258
214
169
126
84
43
3
-33
-67
-99
-126
-150
-169
-184
-194
-200
-203
-202
-200
-195
-190
-185
-180
-176
-172
-171
-171
-173
-177
-184
-193
-205
-220
-238
-259
-281
-305
-329
-352
-373
-391
-406
-416
-421
-420
-413
-400
-382
-359
-331
-300
-265
-229
-193
-156
-121
-87
-56
-27
-2
20
41
59
76
92
106
121
135
148
161
173
183
192
199
203
204
202
196
188
176
161
144
125
106
86
67
49
31
14
0
-16
-31
-47
-64
-82
-101
-122
-144
-166
-188
-209
-228
-244
-256
-265
-268
-265
-257
-243
-223
-197
-165
-128
-85
-37
15
72
131
193
254
314
369
419
460
491
509
515
506
485
451
406
352
293
231
168
108
54
7
-30
-58
-75
-82
-79
-68
-50
-28
-2
24
49
72
90
102
108
108
102
91
76
58
39
22
6
-5
-13
-15
-13
-7
3
16
30
45
58
68
74
75
71
60
44
24
0
-29
-59
-89
-118
-145
-169
-188
-202
-209
-211
-207
-198
-184
-167
-148
-128
-109
-91
-75
-63
-54
-49
-47
-48
-52
-56
-60
-63
-63
-61
-56
-46
-33
-17
0
18
37
54
68
79
84
85
81
71
58
41
21
1
-18
-36
-52
-64
-73
-77
-77
-73
-65
-53
-39
-23
-6
11
28
43
55
63
66
65
58
46
30
10
-12
-35
-59
-82
-101
-117
-127
-132
-130
-122
-107
-87
-61
-31
2
37
74
110
144
175
200
220
233
237
233
221
200
170
133
89
40
-12
-68
-123
-177
-228
-274
-314
-347
-373
-391
-401
-403
-397
-385
-366
-342
-312
-278
-239
-197
-151
-104
-54
-2
49
102
154
205
254
301
343
380
411
435
450
455
451
435
408
370
321
262
195
120
40
-41
-123
-203
-276
-341
-395
-436
-462
-472
-465
-442
-404
-353
-290
-219
-143
-64
15
92
166
234
297
354
406
454
499
541
581
618
654
685
710
727
733
725
702
661
602
525
431
323
205
79
-48
-173
-292
-399
-492
-568
-625
-663
-681
-680
-664
-633
-591
-542
-489
-434
-382
-333
-291
-256
-229
-209
-196
-189
-185
-184
-183
-181
-174
-163
-146
-122
-92
-56
-15
29
75
122
166
208
244
275
298
315
325
328
324
316
303
286
266
243
219
193
167
140
114
88
63
39
18
0
-17
-30
-40
-46
-50
-50
-48
-44
-38
-30
-21
-11
0
12
25
40
55
72
89
106
123
139
151
160
164
162
152
134
108
74
33
-13
-64
-118
-172
-224
-273
-317
-355
-385
-407
-419
-423
-418
-404
-382
-352
-317
-276
-232
-185
-137
-88
-40
5
50
90
127
159
186
206
221
229
231
226
216
200
180
156
129
101
72
43
15
-10
-34
-55
-73
-87
-98
-105
-108
-107
-102
-92
-79
-62
-41
-17
8
35
62
89
112
132
145
151
149
138
116
85
44
-4
-59
-118
-179
-239
-295
-344
-383
-411
-426
-428
-416
-393
-359
-318
-273
-227
-184
-147
-119
-103
-99
-107
-127
-156
-191
-228
-264
-296
-318
-328
-324
-305
-270
-221
-159
-86
-7
75
159
239
314
381
439
486
525
554
576
591
602
610
617
624
632
641
653
667
683
701
719
736
750
759
762
755
737
707
663
605
535
452
358
256
148
37
-73
-181
-284
-379
-464
-539
-600
-649
-685
-709
-720
-720
-711
-693
-668
-639
-606
-571
-536
-501
-469
-439
-412
-388
-367
-348
-332
-317
-303
-289
-274
-259
-241
-222
-200
-176
-149
-121
-92
-62
-33
-4
23
50
75
99
122
145
168
192
217
244
271
300
330
359
387
414
438
458
473
483
488
486
478
464
444
419
390
357
321
284
245
207
170
134
101
71
45
22
3
-12
-23
-32
-39
-44
-47
-51
-55
-60
-66
-75
-85
-97
-111
-127
-144
-161
-178
-194
-209
-222
-232
-240
-244
-244
-242
-235
-226
-215
-201
-187
-171
-156
-141
-126
-111
-98
-85
-72
-59
-47
-35
-22
-10
1
13
24
33
41
46
48
46
40
29
14
-4
-28
-55
-84
-114
-144
-172
-198
-220
-236
-247
-252
-249
-240
-225
-203
-176
-144
-109
-71
-33
5
42
77
108
136
159
178
193
203
209
212
212
208
203
197
189
181
172
163
153
143
131
118
104
87
68
48
26
3
-19
-41
-62
-82
-98
-112
-122
-129
-133
-134
-133
-130
-127
-123
-119
-117
-117
-119
-124
-132
-142
-153
-166
-178
-190
-198
-203
-204
-199
-188
-170
-146
-115
-78
-37
7
53
101
147
190
229
261
287
305
316
318
312
300
281
258
232
204
175
146
120
95
74
55
40
28
18
11
4
0
-4
-9
-14
-19
-25
-31
-37
-43
-48
-51
-53
-52
-49
-43
-34
-23
-9
5
20
35
48
59
67
71
71
67
59
47
33
16
-1
-20
-39
-57
-74
-89
-102
-112
-121
-126
-130
-131
-130
-127
-121
-114
-104
-93
-80
-65
-49
-31
-13
6
26
45
65
83
101
116
129
139
146
150
151
148
142
133
122
108
92
75
58
41
24
9
-3
-14
-21
-25
-25
-21
-15
-5
6
20
34
49
63
76
88
97
103
107
109
108
105
100
93
85
76
66
56
46
36
27
19
12
6
1
-2
-4
-5
-6
-6
-5
-4
-3
-3
-4
-6
-9
-14
-21
-30
-41
-54
-68
-85
-104
-124
-146
-169
-193
-218
-242
-265
-287
-307
-324
-338
-348
-354
-355
-352
-343
-330
-311
-287
-259
-225
-187
-145
-99
-50
0
54
108
163
216
268
316
360
398
429
453
468
475
472
460
440
411
375
334
287
238
186
133
81
30
-17
-61
-102
-138
-169
-195
-217
-234
-247
-256
-262
-265
-266
-264
-259
-252
-244
-233
-220
-206
-190
-172
-153
-133
-113
-93
-73
-55
-37
-22
-8
3
12
20
26
30
33
36
39
42
46
51
57
64
73
83
92
101
110
116
121
123
123
120
115
107
97
86
74
61
47
34
21
9
-2
-13
-23
-34
-45
-57
-70
-83
-97
-112
-127
-142
-155
-167
-176
-183
-186
-185
-180
-171
-158
-141
-121
-98
-72
-45
-16
12
41
69
95
119
141
160
176
190
201
209
215
218
220
220
219
216
212
207
201
194
187
179
169
159
148
136
122
108
93
77
61
46
32
20
10
2
-2
-4
-4
-1
3
8
15
21
27
32
34
35
32
26
18
6
-8
-25
-44
-63
-84
-104
-123
-140
-154
-165
-171
-173
-169
-159
-143
-121
-94
-61
-24
14
53
92
128
158
183
200
208
209
201
187
167
143
117
91
68
47
32
23
21
25
36
53
73
97
121
145
167
185
199
207
210
206
195
179
157
130
99
64
27
-11
-51
-90
-129
-166
-201
-233
-262
-288
-311
-331
-348
-361
-372
-380
-385
-388
-388
-385
-379
-371
-359
-343
-325
-303
-279
-251
-221
-189
-155
-120
-85
-50
-17
11
36
56
69
74
70
59
39
10
-23
-63
-107
-152
-197
-239
-277
-309
-334
-352
-363
-366
-363
-353
-339
-320
-296
-269
-239
-206
-169
-128
-84
-37
13
67
124
182
241
299
355
407
455
496
530
556
573
580
579
569
551
526
495
461
424
386
348
311
276
243
212
184
157
133
109
86
62
38
13
-13
-42
-72
-102
-133
-163
-191
-217
-240
-258
-271
-280
-283
-282
-276
-267
-256
-243
-229
-216
-204
-194
-186
-179
-175
-172
-171
-172
-173
-175
-177
-178
-179
-178
-176
-170
-160
-146
-126
-101
-70
-33
9
56
105
157
207
255
298
333
359
374
376
367
345
311
268
218
165
111
61
18
-14
-33
-38
-28
-3
34
83
139
198
256
309
354
388
409
415
407
385
352
310
262
209
157
106
60
19
-14
-40
-59
-72
-80
-84
-85
-86
-87
-88
-92
-97
-104
-112
-120
-128
-133
-134
-131
-122
-106
-82
-51
-13
31
81
135
190
246
298
346
388
420
442
452
450
434
406
365
312
250
180
105
27
-50
-126
-197
-261
-317
-363
-399
-425
-441
-449
-450
-446
-437
-426
-414
-402
-391
-380
-370
-359
-348
-335
-319
-299
-276
-249
-217
-183
-145
-107
-68
-30
4
36
64
88
105
118
124
126
123
117
107
96
82
68
53
37
22
6
-8
-24
-40
-55
-71
-87
-103
-118
-133
-146
-157
-166
-171
-172
-169
-160
-146
-127
-103
-75
-43
-10
23
57
88
116
139
158
172
181
185
185
181
174
166
156
146
137
128
120
114
109
106
104
103
103
104
104
104
103
101
98
93
85
76
65
51
34
16
-4
-27
-51
-75
-100
-124
-147
-167
-184
-197
-205
-208
-205
-196
-181
-161
-135
-105
-72
-38
-5
26
54
76
91
98
96
85
65
38
4
-35
-78
-123
-166
-207
-242
-272
-293
-306
-311
-306
-293
-272
-245
-212
-174
-133
-89
-43
3
50
98
146
194
241
287
332
376
417
455
489
518
541
557
565
563
551
528
495
453
401
341
276
208
138
70
5
-54
-106
-150
-186
-213
-230
-240
-243
-240
-233
-222
-209
-195
-181
-167
-154
-142
-130
-119
-108
-97
-86
-74
-62
-50
-38
-26
-14
-5
2
8
11
12
11
7
1
-6
-15
-25
-36
-47
-57
-67
-77
-85
-92
-97
-101
-104
-106
-107
-109
-110
-112
-115
-119
-123
-128
-133
-138
-141
-144
-144
-142
-136
-127
-113
-94
-70
-42
-11
23
60
98
135
170
201
228
249
264
272
273
268
256
239
218
192
165
135
105
75
47
19
-4
-26
-45
-60
-72
-81
-85
-87
-85
-80
-72
-62
-51
-38
-24
-10
2
14
25
32
37
38
35
29
19
5
-11
-31
-53
-76
-99
-121
-141
-159
-173
-182
-187
-187
-183
-174
-162
-146
-129
-110
-91
-72
-53
-35
-19
-4
9
21
32
42
51
60
68
76
84
93
101
108
115
121
125
126
125
121
114
104
91
75
57
38
19
0
-16
-30
-41
-48
-50
-48
-40
-29
-13
6
28
52
79
105
132
159
184
208
229
248
262
273
279
280
275
264
246
221
189
151
106
56
2
-53
-110
-166
-218
-264
-303
-333
-353
-361
-357
-342
-315
-279
-233
-181
-123
-61
1
64
125
183
237
287
332
372
407
436
460
479
492
501
505
503
496
482
463
437
403
361
312
254
188
115
35
-48
-136
-225
-313
-399
-480
-554
-620
-676
-721
-753
-773
-780
-776
-759
-733
-697
-654
-607
-556
-504
-453
-405
-361
-321
-287
-259
-235
-216
-200
-185
-170
-154
-134
-111
-84
-51
-13
28
74
121
169
216
259
297
328
350
