-952
-966
-956
-920
-861
-782
-686
-578
-464
-348
-235
-131
-39
37
96
138
161
167
158
136
105
67
26
-14
-52
-84
-110
-127
-136
-138
-132
-122
-107
-91
-74
-59
-44
-32
-21
-11
-1
10
25
44
67
95
127
162
199
235
269
299
323
340
348
347
339
325
306
285
266
251
243
245
259
284
321
368
422
481
539
593
639
672
689
688
668
629
572
500
416
325
232
141
58
-12
-69
-111
-135
-144
-140
-125
-103
-79
-57
-39
-31
-32
-46
-71
-107
-154
-207
-266
-328
-389
-447
-500
-546
-584
-612
-630
-638
-636
-624
-603
-574
-539
-498
-452
-403
-351
-298
-244
-190
-136
-84
-34
13
57
99
136
170
200
226
249
268
284
297
308
315
321
323
323
320
314
305
291
273
251
223
191
154
113
68
20
-27
-76
-122
-164
-201
-230
-250
-261
-260
-249
-227
-196
-156
-110
-59
-6
45
95
139
174
200
214
215
203
179
143
99
48
-5
-59
-109
-153
-188
-211
-220
-217
-200
-172
-134
-90
-43
2
45
81
108
123
128
121
104
79
50
19
-8
-31
-45
-47
-37
-12
25
75
134
199
265
327
381
420
441
440
415
364
289
194
81
-43
-172
-298
-415
-515
-592
-642
-663
-653
-614
-548
-459
-354
-238
-119
-4
100
190
259
306
328
327
305
263
206
139
65
-9
-82
-148
-206
-252
-285
-305
-312
-306
-288
-261
-224
-182
-134
-84
-32
18
68
114
156
193
222
245
258
263
258
243
219
187
148
103
54
3
-47
-95
-137
-174
-201
-219
-227
-224
-210
-186
-153
-112
-65
-13
42
99
157
213
266
314
357
393
421
439
446
442
425
395
352
294
224
141
48
-53
-159
-267
-374
-473
-563
-638
-695
-731
-745
-735
-701
-645
-569
-476
-370
-255
-136
-18
93
196
284
357
412
447
464
463
446
415
374
324
270
213
157
103
53
10
-27
-57
-81
-100
-113
-122
-128
-133
-137
-142
-149
-158
-171
-186
-205
-227
-251
-275
-299
-320
-337
-348
-352
-346
-329
-302
-265
-217
-160
-97
-28
42
114
183
248
306
357
399
432
456
472
480
482
480
475
469
464
461
459
461
464
468
471
472
470
461
445
422
389
348
299
244
184
123
61
2
-52
-100
-142
-177
-205
-227
-243
-256
-266
-275
-284
-294
-306
-318
-331
-345
-357
-367
-373
-373
-364
-346
-318
-278
-227
-164
-91
-10
76
167
257
344
425
495
553
597
624
634
626
603
564
512
449
377
299
217
134
51
-29
-107
-179
-245
-304
-355
-399
-434
-460
-477
-487
-487
-480
-466
-444
-417
-384
-348
-308
-267
-226
-186
-149
-117
-91
-72
-60
-56
-60
-72
-90
-114
-141
-172
-203
-233
-260
-283
-299
-306
-305
-292
-267
-231
-182
-121
-49
32
122
217
315
413
507
595
674
742
795
833
855
860
849
822
782
730
668
599
525
448
370
291
213
136
58
-18
-96
-175
-255
-337
-418
-498
-575
-647
-711
-766
-809
-838
-853
-853
-839
-812
-774
-727
-674
-618
-562
-507
-455
-407
-364
-326
-293
-263
-236
-211
-188
-165
-143
-121
-100
-80
-61
-44
-30
-19
-10
-3
1
5
10
16
25
38
56
78
106
139
175
214
254
293
330
364
393
417
436
448
454
454
448
436
419
398
372
341
307
270
229
185
139
91
42
-8
-59
-110
-159
-207
-252
-293
-329
-358
-380
-393
-397
-391
-375
-349
-315
-272
-223
-168
-110
-51
6
62
113
159
198
230
254
270
280
284
283
279
273
265
257
249
242
236
231
226
222
219
215
211
206
201
194
187
180
172
163
155
147
139
131
122
112
101
89
73
56
36
15
-7
-31
-54
-75
-95
-111
-123
-132
-136
-137
-134
-128
-121
-112
-102
-92
-83
-74
-65
-57
-48
-37
-26
-11
5
25
48
75
103
134
164
195
223
248
268
284
293
297
296
288
276
259
238
213
184
150
112
70
22
-29
-86
-146
-209
-271
-331
-387
-436
-475
-502
-515
-512
-494
-460
-411
-349
-277
-198
-115
-33
45
116
178
228
265
290
302
302
293
276
252
226
196
167
137
110
84
60
38
20
3
-9
-19
-27
-30
-31
-28
-21
-12
-1
9
20
28
33
31
24
8
-15
-47
-86
-132
-182
-236
-292
-347
-399
-449
-493
-532
-564
-591
-610
-624
-631
-632
-627
-614
-594
-566
-528
-479
-419
-346
-260
-162
-51
70
203
343
488
636
783
926
1060
1181
1285
1367
1425
1455
1453
1419
1352
1252
1121
963
781
582
369
151
-66
-278
-478
-661
-823
-961
-1072
-1157
-1215
-1247
-1257
-1247
-1220
-1181
-1134
-1081
-1027
-972
-920
-871
-825
-781
-737
-692
-643
-589
-526
-455
-373
-282
-181
-72
43
162
283
403
519
628
728
815
889
948
991
1017
1027
1021
999
964
917
860
795
724
650
574
499
426
355
289
228
172
120
74
31
-6
-41
-73
-102
-130
-155
-177
-198
-216
-232
-244
-253
-258
-260
-257
-250
-239
-224
-205
-184
-161
-137
-113
-91
-70
-53
-40
-31
-27
-27
-31
-37
-45
-53
-60
-65
-65
-61
-53
-39
-22
-1
20
43
63
80
91
95
91
79
59
33
1
-32
-67
-100
-127
-148
-160
-161
-152
-133
-104
-67
-25
19
65
108
146
177
198
207
205
190
163
127
83
33
-17
-66
-109
-145
-169
-181
-179
-164
-137
-100
-56
-9
37
80
115
140
152
151
135
107
67
18
-36
-93
-149
-200
-244
-278
-300
-309
-307
-292
-267
-234
-195
-152
-109
-67
-29
2
28
46
57
60
58
50
39
27
14
4
-2
-4
0
10
27
50
80
116
155
198
243
289
334
376
415
448
475
496
509
514
511
499
480
452
416
374
325
270
210
147
82
17
-46
-107
-164
-216
-262
-300
-332
-356
-374
-385
-391
-392
-390
-384
-377
-369
-360
-351
-342
-332
-322
-311
-299
-284
-266
-246
-222
-195
-164
-130
-93
-54
-14
25
65
104
139
171
199
221
236
244
244
237
223
203
177
147
115
82
48
16
-13
-42
-69
-95
-121
-146
-173
-200
-228
-257
-284
-309
-330
-344
-349
-345
-329
-301
-261
-211
-151
-84
-14
56
124
184
235
275
301
313
313
301
280
254
224
194
166
141
122
108
98
91
86
80
72
58
38
10
-26
-71
-124
-183
-246
-309
-370
-423
-466
-495
-506
-497
-467
-416
-345
-255
-150
-35
85
206
321
425
515
585
633
657
658
636
594
535
463
383
300
219
144
78
25
-13
-37
-47
-45
-33
-14
7
31
52
69
80
84
82
74
61
46
32
19
10
7
9
15
26
38
50
58
60
53
36
7
-32
-82
-141
-207
-277
-347
-414
-476
-530
-573
-604
-622
-626
-617
-595
-561
-517
-464
-403
-337
-267
-195
-121
-47
25
95
163
227
285
338
384
421
450
469
478
476
464
442
411
371
324
272
217
160
102
46
-7
-57
-103
-145
-182
-216
-245
-270
-292
-309
-321
-328
-329
-322
-305
-279
-241
-191
-129
-56
28
122
223
329
435
539
636
722
794
849
883
895
885
852
798
726
638
538
431
321
212
108
14
-68
-137
-191
-230
-255
-266
-267
-260
-247
-233
-221
-212
-209
-213
-223
-240
-262
-286
-310
-331
-346
-353
-350
-337
-313
-280
-239
-193
-145
-98
-56
-21
1
11
8
-9
-41
-84
-136
-194
-253
-309
-359
-398
-423
-433
-425
-399
-357
-299
-230
-152
-69
12
89
158
214
254
277
281
269
240
198
146
88
29
-27
-77
-118
-146
-160
-159
-144
-113
-70
-16
45
113
184
255
323
387
444
493
532
562
582
591
590
579
557
525
482
429
364
290
205
111
11
-94
-203
-310
-413
-509
-592
-661
-712
-742
-751
-737
-701
-644
-571
-482
-384
-279
-173
-70
25
111
183
239
278
298
301
286
254
207
148
80
6
-70
-144
-212
-270
-315
-343
-353
-343
-315
-269
-208
-136
-55
28
111
187
253
305
339
354
349
324
283
226
159
86
13
-55
-113
-158
-184
-191
-177
-141
-87
-16
65
156
249
339
420
490
542
574
584
571
535
477
399
307
203
92
-18
-125
-223
-309
-378
-430
-464
-479
-478
-464
-438
-405
-368
-330
-294
-263
-238
-220
-210
-209
-214
-224
-239
-255
-272
-286
-295
-298
-293
-278
-254
-219
-175
-122
-62
2
71
142
212
280
344
401
452
494
525
546
556
555
542
519
486
444
395
342
285
227
170
116
66
22
-15
-45
-69
-86
-97
-102
-102
-99
-91
-80
-65
-47
-26
-3
22
48
73
97
117
132
139
139
129
109
80
43
-2
-53
-107
-163
-217
-267
-311
-347
-374
-391
-398
-396
-384
-364
-337
-305
-269
-229
-187
-143
-98
-52
-5
42
90
137
183
226
266
300
327
347
357
359
351
333
307
274
235
192
145
99
53
11
-26
-59
-85
-104
-116
-121
-120
-114
-103
-88
-71
-52
-32
-12
7
27
44
60
72
82
87
88
84
75
60
40
16
-11
-43
-75
-108
-138
-165
-186
-199
-203
-198
-182
-156
-122
-80
-33
15
65
111
153
188
213
228
232
224
206
176
137
90
36
-23
-86
-150
-213
-274
-331
-383
-428
-465
-494
-514
-525
-527
-520
-502
-475
-437
-389
-330
-261
-182
-95
-1
98
200
302
400
490
568
632
678
703
707
690
651
593
519
433
338
240
144
53
-27
-96
-149
-188
-211
-220
-218
-207
-190
-171
-151
-132
-116
-102
-90
-78
-66
-51
-31
-6
25
63
107
156
207
259
309
354
393
424
445
455
455
444
423
393
354
309
259
206
150
92
34
-22
-79
-134
-187
-237
-284
-326
-361
-390
-410
-421
-422
-413
-394
-368
-336
-300
-263
-229
-200
-180
-170
-171
-185
-212
-250
-297
-351
-409
-468
-524
-575
-618
-649
-667
-671
-659
-631
-587
-528
-455
-372
-280
-183
-84
12
104
188
263
327
379
419
448
467
478
481
480
474
466
456
445
433
420
406
390
372
352
329
304
277
247
217
187
157
130
105
85
69
59
54
54
58
65
73
81
87
88
83
71
50
20
-16
-61
-110
-162
-215
-265
-310
-349
-380
-403
-417
-423
-422
-415
-403
-389
-373
-356
-339
-323
-307
-290
-273
-253
-230
-202
-168
-129
-83
-31
25
85
145
204
258
305
342
366
377
373
353
319
272
214
147
74
0
-75
-147
-211
-265
-306
-332
-341
-331
-303
-256
-191
-109
-13
93
209
330
453
573
687
791
883
960
1020
1060
1080
1079
1055
1011
946
861
759
641
510
370
224
74
-72
-215
-349
-472
-578
-668
-738
-787
-817
-826
-818
-794
-757
-710
-657
-600
-543
-488
-436
-388
-345
-304
-267
-229
-191
-151
-106
-57
-2
56
120
184
248
309
363
408
442
463
470
463
444
414
375
331
284
239
198
