-135
-128
-121
-114
-109
-105
-103
-103
-107
-112
-121
-132
-146
-162
-181
-202
-225
-251
-278
-308
-339
-371
-403
-436
-468
-499
-527
-551
-571
-584
-590
-587
-573
-547
-510
-460
-399
-326
-244
-154
-59
38
137
233
325
410
487
553
610
655
689
713
726
729
723
709
687
659
623
583
537
488
435
380
323
266
210
157
107
61
21
-11
-39
-59
-74
-82
-86
-85
-82
-77
-72
-67
-64
-63
-65
-70
-79
-91
-107
-124
-144
-164
-184
-203
-219
-232
-241
-246
-246
-242
-235
-224
-210
-195
-179
-162
-145
-129
-113
-98
-83
-69
-54
-39
-23
-6
11
31
51
72
93
112
128
141
149
151
149
141
130
115
98
81
66
54
46
43
47
56
70
90
114
140
168
195
221
243
261
274
282
283
278
268
252
232
207
180
149
118
85
52
21
-9
-37
-62
-84
-103
-118
-130
-139
-145
-150
-153
-155
-158
-161
-165
-170
-175
-181
-186
-190
-192
-191
-187
-179
-167
-150
-128
-103
-74
-44
-13
17
44
68
86
97
101
97
85
67
42
13
-17
-49
-79
-106
-127
-142
-149
-148
-138
-121
-97
-68
-36
-3
27
54
76
91
100
102
98
90
78
63
49
34
21
10
1
-5
-10
-14
-18
-22
-27
-33
-40
-49
-59
-71
-82
-94
-105
-115
-123
-128
-132
-133
-131
-127
-120
-111
-100
-86
-71
-54
-35
-15
5
27
50
72
94
115
135
152
168
180
190
197
200
201
199
194
186
176
163
148
132
114
96
76
56
37
17
0
-18
-34
-48
-60
-69
-74
-76
-75
-69
-59
-46
-30
-11
9
31
53
74
93
108
120
127
127
121
108
89
62
30
-6
-45
-87
-128
-167
-202
-231
-254
-269
-277
-276
-267
-251
-229
-202
-172
-140
-108
-77
-48
-22
-1
16
30
41
49
56
62
68
75
82
90
99
108
116
125
132
137
141
142
142
139
135
128
121
112
103
93
83
73
64
56
50
45
43
44
49
58
71
89
112
139
169
203
238
273
307
337
362
381
392
395
388
373
350
319
283
242
198
153
108
64
21
-17
-55
-89
-122
-153
-183
-212
-243
-274
-306
-339
-372
-405
-438
-468
-495
-519
-538
-553
-562
-567
-566
-561
-551
-538
-523
-504
-484
-461
-437
-411
-383
-352
-318
-281
-241
-197
-150
-100
-49
3
56
107
155
199
237
270
296
315
328
335
337
334
328
318
307
294
281
267
253
239
225
212
198
183
169
153
137
121
104
86
68
51
34
19
5
-6
-16
-23
-27
-28
-25
-20
-11
1
17
36
59
85
113
143
172
201
228
251
268
280
284
281
270
250
223
189
148
102
52
1
-49
-98
-143
-181
-211
-232
-242
-241
-230
-208
-177
-139
-94
-46
2
50
95
133
163
182
189
184
166
136
95
44
-12
-73
-135
-195
-252
-302
-344
-377
-400
-413
-416
-410
-396
-374
-346
-313
-276
-235
-192
-148
-103
-59
-17
22
59
91
119
142
160
173
181
186
188
188
187
187
187
189
194
200
208
217
227
236
243
246
245
238
225
205
179
145
106
62
14
-34
-84
-132
-178
-220
-257
-288
-312
-330
-340
-344
-341
-332
-317
-297
-272
-243
-210
-176
-140
-103
-66
-30
4
37
67
95
120
142
160
175
187
195
200
203
204
202
199
195
191
186
181
176
170
164
157
150
142
132
122
112
101
90
79
69
60
51
43
34
26
18
8
-2
-14
-29
-46
-66
-88
-111
-135
-160
-182
-203
-220
-232
-238
-239
-233
-221
-203
-182
-157
-130
-103
-77
-54
-34
-20
-11
-8
-11
-20
-34
-54
-77
-104
-132
-162
-192
-221
-248
-272
-293
-311
-324
-333
-338
-338
-333
-323
-309
-289
-263
-232
-196
-154
-108
-57
-3
52
109
166
221
273
320
361
394
418
434
441
439
429
412
389
363
335
307
281
257
237
222
210
203
199
197
197
196
195
192
186
177
166
151
134
115
94
73
53
33
14
-2
-17
-32
-44
-57
-68
-80
-91
-103
-115
-127
-139
-149
-158
-165
-168
-168
-164
-155
-143
-126
-106
-84
-60
-36
-12
8
27
41
50
54
52
46
36
22
6
-10
-27
-42
-55
-65
-71
-73
-72
-67
-60
-50
-39
-27
-16
-6
1
7
10
10
7
1
-6
-15
-25
-35
-45
-53
-59
-61
-60
-54
-43
-27
-6
18
47
80
114
150
185
219
250
278
302
321
334
342
343
337
325
306
280
249
212
169
123
72
19
-35
-92
-148
-202
-253
-299
-340
-372
-396
-409
-412
-404
-385
-356
-317
-272
-220
-165
-108
-51
3
55
100
139
169
189
199
200
189
170
141
105
64
19
-27
-73
-117
-156
-189
-215
-233
-243
-245
-238
-225
-206
-181
-153
-122
-90
-57
-25
5
35
64
92
119
147
175
203
233
263
293
323
351
376
398
414
425
429
426
416
398
374
344
309
270
229
188
146
107
71
38
10
-12
-32
-47
-59
-68
-77
-85
-95
-106
-120
-138
-159
-184
-212
-243
-277
-312
-348
-383
-416
-447
-475
-499
-517
-531
-539
-541
-538
-529
-515
-496
-472
-444
-413
-379
-343
-306
-269
-232
-196
-161
-127
-95
-65
-35
-7
19
45
71
97
121
145
167
188
206
222
235
243
247
245
238
225
205
180
149
113
73
31
-11
-53
-91
-125
-152
-172
-182
-184
-175
-158
-132
-98
-58
-14
32
80
127
171
210
244
271
290
301
303
297
283
262
234
200
162
122
80
39
0
-34
-63
-87
-103
-111
-111
-104
-89
-67
-40
-7
29
69
111
155
200
244
287
327
364
396
423
443
456
462
459
449
430
402
367
325
276
220
160
96
29
-37
-104
-168
-229
-283
-328
-365
-390
-403
-403
-390
-365
-329
-282
-228
-167
-104
-40
21
79
129
171
202
223
232
229
215
192
159
119
74
25
-25
-76
-125
-171
-211
-246
-273
-292
-302
-302
-294
-277
-252
-221
-183
-142
-98
-54
-11
27
62
90
111
124
129
125
113
95
70
41
10
-22
-54
-83
-109
-129
-141
-147
-144
-132
-111
-83
-48
-6
39
88
137
186
233
275
311
341
363
377
383
381
372
358
338
314
288
261
235
210
186
165
147
130
116
103
90
76
62
45
25
3
-22
-50
-80
-112
-144
-177
-208
-238
-264
-287
-306
-321
-332
-338
-340
-339
-334
-326
-316
-303
-289
-273
-257
-240
-222
-204
-187
-170
-154
-140
-128
-119
-113
-110
-110
-114
-121
-130
-139
-150
-158
-165
-167
-164
-155
-139
-115
-83
-44
1
53
108
165
221
274
320
359
386
402
405
394
371
336
290
236
176
112
47
-16
-78
-134
-184
-227
-261
-287
-305
-314
-315
-309
-296
-278
-255
-228
-199
-169
-138
-107
-77
-49
-22
3
26
48
68
86
102
116
128
137
144
148
149
148
143
137
129
119
107
95
83
71
60
51
43
37
33
32
33
35
38
42
46
49
50
48
43
34
22
5
-15
-39
-67
-96
-126
-156
-185
-212
-236
-256
-270
-279
-281
-276
-265
-246
-221
-191
-155
-115
-72
-26
20
67
114
158
200
238
272
301
325
343
355
362
363
358
349
336
320
300
279
258
236
217
199
185
176
171
172
177
187
199
214
228
241
251
255
253
243
224
197
162
120
71
18
-37
-94
-149
-200
-247
-286
-319
-342
-358
-365
-365
-359
-348
-333
-316
-298
-279
-260
-241
-223
-205
-187
-169
-150
-131
-112
-93
-76
-59
-44
-32
-22
-15
-12
-12
-16
-22
-31
-42
-54
-67
-78
-88
-95
-97
-95
-87
-73
-52
-27
4
39
77
117
157
194
228
256
277
289
293
287
272
248
218
183
144
105
66
30
0
-26
-46
-59
-66
-68
-65
-59
-52
-45
-40
-37
-39
-45
-55
-70
-88
-109
-132
-154
-174
-192
-205
-213
-215
-211
-201
-184
-163
-136
-107
-75
-42
-9
21
49
73
92
106
115
118
117
113
105
97
89
82
79
79
83
94
110
132
160
193
232
275
320
367
414
458
498
531
556
570
572
560
535
496
443
378
302
218
128
34
-60
-153
-243
-328
-406
-476
-539
-593
-640
-679
-710
-734
-751
-761
-764
-760
-748
-728
-699
-662
-616
-563
-503
-436
-364
-289
-211
-133
-56
18
89
155
215
267
312
350
379
401
415
424
427
425
421
414
407
399
391
385
380
377
374
371
367
361
352
338
318
292
259
220
175
124
70
14
-42
-99
-152
-202
-246
-282
-311
-330
-339
-338
-326
-304
-271
-228
-176
-116
-48
24
101
181
262
342
420
495
565
630
687
737
778
810
832
842
841
828
801
760
703
631
543
439
320
187
43
-110
-268
-426
-581
-726
-859
-974
-1068
-1140
-1188
-1212
-1213
-1192
-1152
-1096
-1029
-953
-872
-790
-710
-635
-565
-502
-447
-399
-358
-321
-287
-255
-223
-190
-155
-117
-77
-36
5
47
87
124
157
184
204
216
220
215
201
179
149
112
71
27
-16
-59
-98
-130
-153
-167
-170
-161
-140
-109
-69
-21
32
90
149
208
264
315
360
398
427
448
461
466
464
456
443
426
408
388
367
348
329
311
295
280
266
252
238
223
207
189
169
148
124
98
71
43
14
-14
-43
-70
-96
-120
-142
-161
-178
-193
-206
-216
-225
-233
-239
-245
-251
-257
-263
-270
-277
-284
-292
-298
-303
-306
-307
-304
-297
-287
-273
-255
-233
-209
-182
-154
-126
-98
-72
-48
-26
-7
8
22
33
43
53
64
76
91
108
129
154
181
212
244
277
311
343
374
401
424
441
453
458
457
449
434
413
385
352
313
271
225
177
128
78
30
-16
-60
-100
-135
-164
-188
-205
-216
-221
-219
-212
-199
-183
-163
-141
-117
-93
-69
-45
-23
-2
16
33
49
63
77
89
101
112
123
132
141
149
155
160
163
165
165
163
160
156
150
142
133
123
112
99
84
68
50
31
10
-10
-32
-53
-73
-91
-106
-117
-122
-121
-114
-98
-76
-46
-10
31
78
128
179
229
277
320
356
383
399
403
393
370
332
280
215
139
54
-36
-131
-227
-321
-409
-490
-561
-622
-671
-708
-734
-748
-753
-750
-740
-724
-705
-683
-659
-634
-607
-580
-551
-520
-487
-451
-412
-369
-322
-271
-215
-156
-94
-30
34
99
163
224
282
335
382
422
455
479
496
504
505
498
484
465
440
413
383
351
320
288
257
227
198
169
142
116
90
66
43
21
1
-16
-31
-42
-51
-55
-55
-50
-41
-28
-12
7
28
50
72
92
110
124
133
137
135
128
114
94
69
40
7
-26
-62
-96
-127
-155
-176
-192
-200
-200
-193
-179
-159
-135
-106
-76
-46
-16
9
32
50
62
69
68
62
51
34
14
-8
-33
