16
6
-3
-12
-21
-29
-36
-42
-46
-50
-52
-53
-54
-53
-52
-51
-49
-47
-45
-43
-41
-39
-37
-35
-34
-32
-31
-31
-31
-31
-32
-32
-31
-31
-29
-27
-24
-20
-16
-11
-6
-1
2
6
10
12
14
15
15
15
14
14
14
14
15
16
18
19
21
23
24
25
25
24
22
19
16
13
10
7
5
3
3
4
7
12
18
25
33
41
50
57
63
68
70
69
66
60
52
42
30
17
4
-8
-20
-30
-39
-45
-48
-49
-47
-43
-36
-27
-16
-5
6
16
26
33
38
41
40
36
30
20
9
-3
-17
-31
-45
-59
-72
-83
-92
-99
-104
-106
-106
-105
-101
-96
-90
-83
-75
-68
-61
-54
-49
-44
-41
-38
-36
-34
-32
-31
-28
-26
-23
-19
-16
-12
-9
-6
-3
-1
0
1
2
3
4
5
7
10
13
17
21
25
30
35
40
44
47
50
51
52
52
51
50
49
49
50
53
58
66
75
87
99
112
125
137
147
154
157
157
152
143
129
112
91
66
40
13
-13
-40
-65
-87
-107
-122
-134
-142
-146
-147
-145
-141
-134
-126
-118
-108
-98
-89
-79
-69
-59
-49
-40
-30
-21
-11
-1
7
17
27
36
46
55
63
72
79
85
90
94
96
97
95
91
86
78
67
55
41
26
11
-4
-19
-32
-43
-52
-57
-59
-57
-52
-43
-31
-17
-1
16
34
52
70
85
99
109
117
121
122
120
115
108
99
88
77
65
54
43
34
25
18
12
7
3
0
-4
-8
-13
-18
-24
-30
-37
-43
-48
-53
-57
-59
-60
-60
-58
-56
-52
-47
-41
-36
-30
-24
-19
-14
-10
-7
-5
-5
-5
-7
-11
-15
-20
-25
-30
-35
-39
-42
-43
-42
-39
-35
-29
-21
-12
-2
6
16
25
32
37
40
41
39
35
29
21
11
1
-9
-20
-30
-39
-47
-54
-58
-61
-61
-59
-56
-50
-44
-36
-27
-19
-11
-4
1
6
10
12
13
14
13
12
10
8
5
3
1
-1
-2
-3
-4
-4
-2
0
2
6
11
15
20
24
28
31
32
32
30
27
22
16
9
1
-6
-14
-21
-28
-33
-37
-40
-42
-43
-44
-43
-42
-41
-39
-37
-34
-31
-28
-24
-20
-15
-11
-7
-3
0
2
4
5
4
2
0
-3
-8
-13
-18
-23
-27
-30
-31
-31
-28
-24
-17
-8
1
13
26
40
53
67
80
92
102
111
118
122
123
122
118
111
102
92
80
68
57
47
38
32
29
30
34
41
52
66
82
100
118
135
150
162
170
173
170
161
147
127
102
73
42
8
-26
-59
-92
-122
-148
-170
-187
-199
-206
-209
-206
-200
-190
-178
-165
-150
-136
-123
-111
-100
-92
-86
-83
-81
-82
-84
-88
-92
-97
-101
-105
-108
-109
-110
-109
-107
-103
-100
-95
-92
-88
-86
-85
-85
-86
-89
-92
-96
-99
-100
-100
-97
-91
-80
-65
-46
-23
2
30
59
88
115
139
160
177
189
196
199
197
192
184
173
160
146
132
117
103
88
75
62
50
39
28
17
7
-1
-11
-19
-28
-36
-43
-50
-56
-61
-65
-67
-69
-68
-66
-62
-56
-48
-38
-25
-11
3
20
36
51
65
76
84
89
89
86
80
70
57
43
28
13
-1
-14
-25
-34
-41
-45
-48
-49
-49
-49
-49
-50
-53
-57
-63
-71
-80
-91
-101
-112
-121
-128
-131
-131
-128
-119
-107
-90
-70
-48
-23
1
25
48
69
86
100
110
116
118
117
114
108
101
93
85
77
69
62
56
51
47
44
42
42
42
43
45
47
50
52
55
58
61
64
66
68
69
70
71
72
72
72
72
72
70
69
66
63
58
53
47
40
33
25
18
10
4
0
-5
-8
-9
-10
-10
-9
-8
-7
-7
-7
-7
-8
-10
-12
-15
-17
-20
-23
-26
-29
-33
-37
-41
-45
-50
-55
-59
-62
-65
-66
-66
-64
-60
-55
-47
-39
-29
-20
-11
-4
1
3
3
0
-8
-18
-31
-47
-64
-82
-100
-118
-134
-150
-164
-175
-185
-192
-196
-198
-198
-195
-191
-184
-176
-166
-155
-143
-131
-118
-105
-92
-79
-68
-58
-50
-43
-38
-35
-33
-32
-32
-31
-30
-28
-24
-17
-9
1
15
30
47
64
82
99
115
129
141
149
154
156
153
147
138
126
111
95
78
60
43
25
8
-7
-21
-35
-48
-59
-68
-75
-80
-82
-81
-76
-67
-55
-38
-18
3
28
55
81
106
130
150
167
179
185
187
183
173
160
142
121
98
74
49
25
1
-21
-42
-60
-77
-91
-103
-112
-120
-125
-129
-132
-134
-135
-137
-139
-141
-145
-150
-156
-164
-173
-183
-193
-203
-212
-219
-224
-225
-222
-215
-202
-185
-162
-136
-106
-73
-39
-4
30
63
94
122
147
168
186
200
210
218
223
225
225
224
221
218
213
208
203
196
189
181
173
163
153
142
130
117
105
92
79
67
55
44
34
25
18
11
6
2
0
-3
-4
-6
-7
-8
-10
-13
-16
-20
-25
-31
-38
-44
-51
-57
-62
-66
-69
-70
-69
-67
-62
-57
-51
-44
-37
-31
-26
-22
-20
-19
-20
-23
-26
-31
-36
-42
-48
-53
-59
-64
-69
-72
-75
-77
-76
-75
-71
-66
-60
-52
-43
-33
-22
-11
0
10
20
29
38
46
53
58
62
65
66
66
64
62
58
53
48
42
35
28
20
13
5
-1
-7
-12
-17
-20
-22
-23
-22
-19
-15
-10
-4
2
10
19
27
36
44
51
57
62
66
68
69
67
65
61
57
52
47
42
38
34
32
30
29
30
31
32
33
34
34
33
31
27
23
17
11
4
-2
-8
-15
-21
-26
-31
-36
-40
-44
-48
-51
-54
-56
-58
-58
-58
-56
-54
-51
-48
-44
-40
-36
-32
-28
-26
-23
-22
-21
-21
-21
-21
-22
-23
-24
-24
-24
-24
-23
-22
-20
-19
-17
-15
-14
-12
-9
-5
-1
4
11
19
29
40
51
62
74
84
93
101
106
110
110
108
104
97
87
76
63
49
34
19
5
-7
-19
-29
-37
-43
-46
-48
-48
-47
-45
-42
-38
-35
-31
-28
-25
-22
-21
-20
-19
-19
-19
-19
-18
-17
-16
-14
-12
-10
-7
-5
-2
0
1
2
4
5
7
9
12
15
18
22
26
31
35
40
44
47
50
53
55
56
58
59
60
61
63
65
66
68
70
71
72
72
72
71
70
68
66
64
62
60
58
56
55
54
53
52
51
50
49
47
45
42
38
33
28
21
14
7
0
-8
-15
-22
-27
-31
-34
-34
-33
-30
-26
-20
-12
-4
4
13
23
32
40
48
56
62
67
71
74
76
77
77
77
75
73
71
68
65
61
57
54
51
48
45
44
42
42
41
41
42
42
42
41
40
39
36
33
28
23
18
13
7
2
-1
-4
-7
-7
-7
-5
-2
1
5
9
13
17
20
22
23
22
21
18
15
11
7
4
0
-1
-2
-2
0
1
5
10
15
20
24
27
29
29
28
24
19
13
7
0
-6
-13
-19
-24
-28
-30
-30
-30
-27
-22
-16
-7
2
13
25
37
50
62
73
82
90
95
98
99
97
93
87
79
70
60
48
37
25
14
3
-8
-19
-29
-40
-50
-60
-70
-79
-87
-93
-99
-103
-106
-108
-108
-107
-104
-101
-95
-89
-81
-72
-63
-53
-43
-33
-23
-14
-6
0
7
12
17
22
26
30
34
38
42
47
52
58
65
72
80
88
97
107
117
127
137
146
153
158
161
162
161
157
151
143
134
124
114
103
92
82
73
64
56
49
43
38
34
31
29
28
27
27
28
29
31
33
36
40
45
51
57
62
67
72
74
75
74
70
64
55
44
31
16
0
-16
-32
-48
-62
-73
-83
-89
-93
-94
-91
-87
-80
-71
-61
-49
-37
-24
-11
1
14
26
38
49
60
69
78
85
91
96
98
99
98
95
89
82
72
61
48
34
20
5
-9
-25
-40
-55
-69
-83
-96
-106
-116
-123
-127
-129
-129
-126
-120
-112
-102
-91
-78
-65
-50
-36
-21
-8
4
15
25
32
36
38
36
31
23
13
0
-14
-29
-45
-60
-73
-84
-93
-98
-100
-99
-93
-85
-73
-60
-45
-29
-13
0
13
25
34
40
44
45
44
41
36
31
24
18
12
7
4
2
2
5
9
16
25
35
46
58
70
81
90
97
102
103
100
95
86
74
59
43
26
8
-8
-25
-41
-56
-70
-82
-93
-103
-112
-121
-130
-139
-148
-158
-168
-178
-189
-200
-211
-221
-229
-235
-238
-237
-232
-222
-208
-189
-167
-141
-114
-86
-58
-32
-8
11
28
40
47
51
51
48
43
37
30
23
17
12
10
9
11
14
20
27
35
43
50
56
61
65
66
66
64
61
57
52
46
40
35
29
25
22
20
19
20
22
25
28
32
35
37
38
38
35
31
25
17
8
-1
-12
-24
-36
-47
-58
-69
-79
-88
-96
-103
-109
-115
-120
-124
-129
-133
-137
-141
-145
-149
-153
-155
-157
-158
-158
-157
-154
-151
-146
-139
-132
-123
-114
-104
-94
-85
-76
-68
-61
-56
-53
-51
-52
-54
-57
-62
-67
-72
-76
-80
-83
-85
-85
-83
-80
-76
-71
-64
-58
-52
-46
-40
-36
-33
-32
-32
-33
-35
-37
-40
-43
-45
-46
-47
-46
-43
-39
-33
-26
-17
-7
1
11
20
28
35
39
40
39
35
28
18
5
-9
-26
-45
-64
-84
-104
-123
-141
-157
-171
-182
-191
-197
-201
-202
-201
-198
-194
-189
-182
-174
-166
-157
-148
-138
-128
-119
-109
-100
-90
-81
-72
-63
-55
-47
-39
-32
-27
-23
-20
-20
-22
-26
-33
-43
-54
-67
-81
-96
-110
-124
-136
-145
-152
-155
-155
-150
-142
-131
-117
-101
-84
-67
-50
-35
-22
-11
-4
0
2
2
1
0
-2
-3
-2
0
6
15
27
43
61
80
101
122
142
160
175
186
192
194
191
182
169
152
130
105
78
49
19
-10
-39
-67
-92
-115
-135
-153
-167
-179
-188
-195
-201
-204
-207
-208
-208
-207
-205
-202
-198
-194
-190
-185
-180
-175
-170
-165
-161
-157
-153
-150
-147
-144
-141
-139
-136
-133
-130
-126
-121
-116
-110
-103
-96
-89
-81
-74
-67
-61
-55
-50
-45
-41
-37
-34
-31
-29
-28
-27
-26
-26
-27
-27
-28
-29
-30
-30
-30
-30
-29
-29
-28
-27
-27
-27
-28
-30
-33
-37
-42
-47
-52
-56
-60
-62
-63
-61
-57
-50
-42
-30
-17
-3
12
28
45
61
77
90
103
112
120
124
125
123
118
111
100
88
74
60
44
29
14
1
-11
-22
-31
-39
-44
-48
-49
-49
-48
-46
-44
-41
