-226
-209
-186
-157
-122
-84
-45
-5
31
64
92
113
126
132
130
122
108
90
68
44
20
-4
-28
-51
-72
-90
-107
-122
-135
-146
-156
-162
-167
-169
-169
-165
-157
-146
-131
-112
-88
-61
-30
3
39
75
112
148
182
214
242
267
289
306
320
330
336
338
336
331
321
308
291
269
243
212
176
137
93
47
0
-49
-97
-142
-182
-216
-242
-258
-263
-257
-239
-210
-170
-120
-63
-1
62
126
187
242
290
327
354
369
373
366
348
321
288
249
206
161
115
71
29
-9
-43
-72
-95
-112
-122
-126
-124
-118
-107
-94
-79
-65
-52
-42
-37
-37
-42
-54
-70
-92
-117
-145
-173
-200
-226
-247
-263
-272
-275
-271
-260
-243
-220
-193
-162
-129
-95
-62
-30
-1
24
47
65
79
89
95
97
94
88
78
66
50
32
12
-7
-27
-47
-64
-78
-88
-92
-91
-83
-68
-46
-18
16
55
97
140
183
224
261
292
316
332
340
340
332
317
297
273
246
217
189
161
135
110
87
65
43
20
-4
-31
-61
-94
-129
-166
-203
-239
-272
-300
-322
-335
-339
-333
-316
-288
-251
-206
-154
-99
-42
13
65
111
149
176
191
195
186
166
136
97
52
2
-48
-99
-147
-189
-226
-254
-275
-286
-290
-285
-274
-256
-234
-209
-182
-154
-125
-98
-72
-46
-22
0
22
44
66
87
108
128
146
164
180
194
205
214
220
223
223
220
214
205
195
182
168
152
136
119
102
84
67
50
34
19
5
-5
-13
-18
-20
-18
-13
-5
4
16
28
42
55
68
79
90
100
108
116
122
126
127
126
120
109
93
70
40
3
-39
-86
-137
-187
-235
-277
-309
-330
-336
-326
-300
-258
-203
-136
-63
11
82
146
196
228
241
230
198
143
70
-17
-117
-222
-328
-429
-522
-601
-664
-708
-733
-738
-724
-691
-642
-578
-503
-419
-328
-233
-135
-36
61
157
250
338
421
498
568
629
681
723
753
771
776
769
749
716
672
618
555
484
408
329
249
170
94
23
-40
-96
-142
-180
-207
-226
-237
-241
-241
-237
-233
-229
-228
-231
-238
-249
-265
-285
-307
-331
-353
-373
-390
-401
-405
-403
-393
-376
-352
-323
-288
-250
-209
-166
-122
-78
-33
13
61
113
168
228
294
364
440
519
599
678
753
820
875
915
937
938
918
875
810
725
622
505
376
241
104
-30
-159
-279
-385
-475
-546
-598
-629
-639
-628
-597
-546
-479
-398
-306
-206
-102
0
96
184
258
315
352
367
359
329
278
208
122
24
-81
-191
-300
-406
-503
-589
-661
-717
-756
-777
-779
-764
-732
-686
-626
-557
-479
-396
-311
-227
-147
-73
-9
43
82
107
117
111
90
57
15
-34
-87
-139
-186
-225
-252
-266
-265
-248
-216
-169
-112
-44
28
105
183
259
331
397
457
509
554
592
623
647
666
679
687
690
689
683
671
655
634
607
576
539
499
454
405
355
302
249
197
145
94
45
0
-45
-88
-129
-169
-208
-246
-284
-321
-357
-392
-426
-457
-484
-506
-523
-533
-535
-530
-517
-497
-471
-440
-406
-371
-336
-303
-273
-248
-229
-216
-210
-210
-215
-226
-241
-258
-275
-290
-302
-309
-308
-300
-283
-258
-224
-184
-139
-90
-40
8
54
97
134
166
191
211
225
235
242
248
252
256
261
266
273
279
285
290
293
292
286
276
260
238
210
178
141
102
61
20
-18
-55
-88
-116
-138
-154
-162
-162
-154
-137
-110
-75
-31
20
80
145
214
285
355
421
483
536
580
613
634
642
639
623
597
562
517
465
407
342
272
198
120
40
-41
-124
-206
-285
-359
-427
-486
-534
-569
-591
-597
-588
-563
-524
-472
-408
-336
-257
-176
-96
-19
51
114
167
209
239
258
267
268
262
251
237
222
208
196
187
181
176
174
171
167
161
150
134
111
81
44
1
-48
-101
-156
-211
-263
-310
-350
-380
-399
-406
-400
-383
-354
-315
-268
-214
-156
-96
-36
20
73
119
158
189
210
223
227
224
214
199
181
160
138
117
96
76
58
42
27
13
0
-12
-24
-36
-49
-64
-79
-97
-116
-136
-158
-181
-203
-225
-245
-262
-275
-282
-284
-280
-268
-249
-223
-191
-153
-110
-64
-17
30
76
119
157
190
217
236
249
254
253
246
234
217
197
174
149
123
95
67
39
10
-18
-47
-75
-102
-128
-152
-173
-190
-203
-211
-213
-210
-201
-187
-168
-146
-122
-96
-70
-45
-21
0
17
33
46
56
63
69
72
75
75
75
73
70
66
61
54
45
35
22
8
-7
-25
-43
-62
-80
-97
-112
-126
-137
-146
-152
-155
-155
-152
-147
-139
-128
-114
-97
-76
-52
-25
4
37
72
107
143
177
207
233
252
264
266
259
242
214
177
132
79
21
-39
-102
-165
-226
-282
-333
-376
-410
-433
-445
-445
-432
-406
-367
-315
-252
-180
-99
-12
78
171
262
348
428
499
557
602
631
643
639
617
579
527
462
387
304
217
129
43
-37
-111
-175
-228
-268
-296
-312
-315
-308
-291
-267
-237
-204
-168
-132
-97
-66
-37
-13
5
20
31
37
40
40
39
36
33
30
27
26
25
25
26
26
26
25
23
18
12
3
-8
-21
-38
-56
-76
-99
-123
-148
-174
-199
-224
-246
-265
-280
-289
-292
-287
-274
-252
-223
-187
-144
-97
-46
6
59
109
156
198
234
263
285
301
311
317
319
319
319
319
320
322
327
332
338
344
349
351
351
347
338
325
308
287
262
235
205
175
145
114
85
56
29
2
-21
-45
-66
-87
-107
-127
-146
-166
-187
-209
-233
-259
-287
-317
-348
-381
-416
-451
-487
-524
-561
-598
-634
-669
-701
-729
-751
-766
-772
-767
-749
-716
-668
-605
-527
-434
-330
-216
-95
27
151
271
384
487
578
655
716
761
790
803
801
785
758
721
676
626
574
520
468
419
375
336
303
277
256
242
231
225
221
218
215
211
205
195
182
166
146
122
97
70
43
17
-6
-27
-46
-62
-76
-88
-99
-109
-121
-135
-153
-174
-199
-229
-263
-300
-341
-383
-426
-469
-509
-545
-576
-600
-616
-622
-618
-604
-579
-545
-501
-450
-392
-329
-263
-196
-129
-64
-3
52
102
145
182
213
237
256
271
283
293
302
313
326
341
361
384
412
443
478
515
553
591
627
658
684
702
711
709
695
669
630
579
516
442
359
268
173
74
-23
-119
-209
-293
-367
-431
-484
-525
-556
-576
-588
-593
-592
-587
-578
-566
-551
-534
-514
-491
-464
-433
-397
-358
-314
-268
-221
-174
-128
-87
-51
-23
-2
8
9
1
-14
-36
-64
-93
-121
-146
-165
-175
-174
-163
-139
-104
-59
-6
53
117
182
244
302
353
395
426
444
450
443
424
393
353
304
250
193
134
76
22
-26
-68
-101
-123
-136
-137
-129
-111
-85
-53
-18
19
57
92
123
149
167
177
180
173
159
138
110
77
40
2
-37
-75
-111
-143
-171
-194
-210
-222
-228
-229
-225
-218
-209
-197
-184
-171
-158
-146
-135
-127
-121
-117
-117
-119
-123
-130
-138
-147
-156
-165
-172
-178
-180
-179
-174
-163
-148
-126
-100
-68
-32
7
50
94
139
182
222
258
288
312
328
336
336
328
312
290
261
228
192
154
116
80
46
17
-6
-23
-34
-39
-38
-31
-21
-7
6
20
32
41
45
44
37
24
6
-17
-44
-74
-105
-135
-163
-189
-210
-225
-235
-238
-235
-226
-210
-188
-160
-127
-89
-47
-1
47
97
147
197
244
287
326
358
384
403
414
416
411
398
378
350
317
277
233
186
136
85
34
-14
-58
-98
-131
-157
-174
-182
-180
-169
-150
-123
-91
-54
-15
22
58
90
115
133
142
142
133
116
90
59
24
-12
-49
-83
-113
-137
-153
-160
-158
-146
-125
-96
-60
-18
26
73
120
164
205
241
270
292
305
309
302
286
259
222
174
116
48
-28
-113
-205
-302
-403
-505
-605
-702
-791
-870
-936
-986
-1017
-1028
-1018
-986
-933
-861
-772
-669
-554
-433
-309
-184
-63
51
156
251
333
401
456
496
523
537
539
529
510
483
450
411
368
324
278
234
193
155
123
98
82
75
78
90
112
143
182
225
272
320
367
410
447
477
497
508
508
498
477
447
409
363
312
256
197
138
77
18
-39
-95
-149
-201
-250
-299
-345
-390
-433
-474
-512
-547
-578
-603
-622
-633
-637
-631
-615
-590
-556
-512
-461
-402
-339
-272
-203
-133
-65
0
63
121
174
221
263
297
325
344
356
358
352
338
315
284
248
206
162
116
72
30
-5
-35
-56
-70
-75
-71
-60
-42
-19
7
37
67
97
126
152
174
192
206
215
218
217
210
198
182
162
139
114
88
64
41
21
5
-4
-9
-8
-1
9
25
43
61
79
93
103
106
100
87
64
32
-6
-52
-103
-156
-208
-259
-304
-342
-371
-390
-398
-395
-381
-357
-325
-286
-242
-197
-152
-108
-69
-34
-5
17
35
49
62
74
88
105
128
156
190
230
273
318
362
404
439
467
484
490
483
465
434
393
344
289
230
170
113
59
12
-26
-55
-76
-87
-88
-81
-67
-48
-24
1
27
51
72
87
95
94
83
61
29
-13
-67
-128
-198
-272
-349
-427
-502
-572
-635
-687
-728
-756
-769
-768
-751
-721
-677
-621
-556
-482
-403
-320
-235
-151
-69
9
84
153
215
271
320
361
394
419
436
445
447
441
429
412
391
367
341
316
291
268
248
231
218
208
202
198
197
197
197
196
193
187
177
163
144
121
93
63
30
-3
-36
-68
-96
-122
-143
-160
-173
-183
-191
-198
-204
-212
-222
-233
-248
-263
-279
-293
-304
-309
-306
-295
-272
-238
-194
-138
-75
-4
70
145
218
287
347
397
434
458
468
464
447
419
380
333
281
225
168
111
57
6
-39
-80
-116
-147
-172
-191
-206
-215
-219
-219
-215
-208
-197
-184
-170
-154
-138
-121
-105
-90
-77
-65
-54
-45
-37
-31
-27
-24
-21
-20
-18
-17
-15
-12
-8
-2
4
12
22
32
43
53
63
72
79
85
89
90
91
89
87
84
82
80
79
78
79
81
84
86
88
89
88
84
78
67
53
35
12
-13
-43
-75
-110
-145
-179
-212
-241
-264
-280
-289
-288
-278
-258
-229
-192
-149
-102
-51
-1
46
89
126
156
176
186
186
176
158
133
102
67
31
-3
-35
-62
-84
-97
-103
-100
-88
-69
-42
-10
27
69
113
159
204
249
291
329
364
394
419
439
453
462
464
461
453
439
420
396
367
333
294
250
200
146
87
25
-40
-108
-177
-245
-311
-373
-431
-482
-526
-562
-590
-610
-622
-626
-624
-615
-600
-580
-554
-522
-486
-445
-398
-348
-293
-236
-177
