285
288
286
279
266
248
224
195
161
123
82
40
-2
-45
-87
-125
-160
-191
-217
-237
-253
-263
-269
-271
-271
-267
-262
-257
-251
-245
-240
-236
-232
-229
-227
-225
-223
-221
-218
-215
-211
-206
-200
-191
-180
-167
-152
-134
-114
-92
-68
-43
-18
5
28
48
66
79
88
93
93
88
80
68
53
36
18
0
-17
-32
-44
-52
-56
-55
-49
-38
-23
-5
16
39
62
85
106
124
140
151
158
162
163
160
157
152
148
144
142
142
144
147
152
157
162
165
167
166
162
154
142
126
106
82
57
29
1
-24
-49
-71
-89
-101
-108
-110
-106
-96
-82
-63
-40
-15
11
37
63
87
107
123
134
139
138
131
120
103
83
61
37
13
-9
-31
-50
-65
-77
-86
-91
-92
-91
-88
-83
-77
-71
-65
-61
-58
-57
-59
-64
-71
-80
-92
-104
-118
-132
-146
-158
-168
-175
-179
-178
-171
-159
-142
-118
-90
-57
-21
15
51
85
114
137
152
157
152
138
113
80
40
-4
-51
-98
-142
-180
-209
-229
-236
-232
-215
-187
-148
-101
-49
6
63
119
170
216
255
286
309
323
330
330
324
314
300
285
268
251
234
219
204
191
179
168
157
146
135
123
111
98
84
69
53
37
20
3
-14
-31
-48
-65
-81
-97
-111
-125
-138
-150
-162
-173
-184
-194
-202
-209
-214
-215
-213
-206
-195
-178
-156
-130
-100
-67
-33
0
31
59
82
98
107
107
97
78
50
13
-31
-82
-136
-193
-249
-303
-350
-390
-420
-439
-445
-439
-420
-388
-347
-296
-238
-175
-110
-45
17
75
128
173
211
242
265
281
291
297
298
297
293
288
282
275
268
259
250
239
227
214
199
182
164
146
128
110
94
80
68
60
54
52
53
57
62
67
72
76
77
75
70
60
45
26
3
-23
-52
-83
-115
-147
-178
-207
-233
-255
-273
-286
-294
-296
-293
-284
-270
-250
-226
-198
-166
-131
-94
-57
-21
13
43
70
90
105
113
116
113
107
99
92
86
86
92
107
131
166
211
264
325
390
456
519
576
623
656
673
672
652
613
556
485
400
307
207
105
5
-90
-179
-259
-328
-386
-431
-465
-488
-503
-510
-512
-511
-508
-506
-505
-507
-512
-521
-534
-550
-570
-592
-616
-640
-664
-686
-705
-720
-731
-735
-733
-724
-708
-685
-656
-621
-580
-534
-483
-429
-371
-309
-243
-174
-100
-22
60
146
237
330
426
523
619
712
801
883
958
1022
1076
1119
1150
1170
1179
1178
1169
1154
1133
1109
1083
1056
1029
1002
975
946
916
881
841
794
739
672
595
506
405
292
170
38
-99
-241
-384
-526
-662
-791
-910
-1014
-1103
-1174
-1227
-1259
-1272
-1265
-1239
-1197
-1140
-1069
-989
-900
-806
-708
-610
-513
-419
-329
-245
-167
-96
-33
23
72
115
152
183
209
231
248
262
272
278
281
281
278
272
262
250
234
215
193
168
141
112
81
49
18
-12
-40
-64
-84
-98
-107
-109
-105
-95
-80
-60
-38
-15
7
28
46
59
68
71
69
62
51
37
22
7
-6
-17
-24
-27
-26
-21
-13
-3
6
14
18
16
7
-11
-40
-79
-127
-184
-246
-311
-375
-435
-487
-527
-553
-560
-548
-516
-463
-390
-298
-191
-71
58
192
327
459
583
696
795
877
939
982
1003
1004
986
950
898
833
759
677
591
504
419
337
259
188
123
65
12
-35
-79
-121
-160
-199
-238
-276
-315
-354
-392
-428
-462
-492
-518
-539
-555
-564
-567
-565
-558
-546
-530
-511
-490
-467
-444
-420
-396
-373
-349
-327
-305
-284
-264
-245
-227
-210
-195
-180
-166
-153
-139
-125
-110
-93
-74
-53
-29
-2
27
59
92
127
162
197
231
262
291
316
337
353
365
372
374
372
366
355
342
327
310
293
276
261
248
237
231
228
229
234
242
252
264
278
290
302
311
317
319
316
308
295
277
254
228
198
167
135
103
74
47
24
5
-9
-20
-27
-30
-31
-31
-31
-31
-33
-37
-45
-57
-72
-92
-114
-138
-164
-189
-211
-231
-245
-254
-255
-250
-238
-219
-194
-164
-132
-98
-64
-31
-2
22
41
55
62
62
57
46
30
11
-10
-34
-58
-82
-105
-125
-143
-157
-168
-176
-180
-179
-176
-168
-157
-143
-125
-106
-84
-61
-38
-14
9
32
52
70
85
95
101
101
96
85
68
45
18
-11
-45
-79
-112
-144
-172
-195
-213
-223
-227
-224
-215
-198
-176
-149
-118
-85
-50
-14
20
54
86
115
141
163
181
194
204
209
211
209
204
197
189
180
170
160
151
143
135
128
121
114
106
96
84
70
54
35
13
-10
-35
-61
-88
-115
-140
-164
-186
-206
-224
-240
-254
-267
-279
-291
-302
-314
-325
-337
-347
-356
-362
-365
-362
-353
-337
-312
-278
-235
-181
-118
-47
32
119
210
303
396
484
565
635
691
729
748
746
721
676
610
526
426
315
196
75
-45
-158
-262
-352
-424
-478
-510
-523
-515
-490
-450
-398
-337
-271
-204
-140
-81
-30
10
41
60
69
67
58
41
22
1
-17
-31
-38
-37
-26
-5
24
63
107
155
203
249
290
323
347
361
363
354
334
304
267
224
178
131
85
43
6
-24
-48
-66
-78
-86
-90
-92
-94
-98
-104
-113
-125
-140
-157
-174
-191
-206
-219
-226
-229
-225
-215
-199
-177
-151
-120
-87
-54
-21
7
32
51
63
67
64
53
36
13
-14
-45
-78
-111
-143
-171
-196
-214
-226
-229
-223
-209
-187
-157
-121
-81
-38
3
44
82
115
141
162
175
182
182
178
169
156
142
127
112
99
87
77
71
67
66
67
70
76
82
90
99
108
118
127
137
146
153
160
165
167
167
164
157
148
135
120
101
80
57
33
8
-17
-42
-67
-90
-111
-129
-144
-156
-164
-168
-168
-165
-158
-148
-135
-120
-103
-86
-68
-52
-38
-26
-18
-13
-13
-17
-24
-35
-49
-65
-81
-97
-111
-123
-131
-133
-131
-122
-106
-85
-58
-26
8
46
84
122
157
189
214
234
246
251
249
239
222
200
173
143
111
79
47
17
-9
-32
-51
-65
-74
-79
-80
-78
-74
-68
-62
-55
-49
-45
-43
-43
-46
-51
-59
-69
-81
-95
-110
-126
-141
-156
-170
-183
-193
-201
-206
-208
-206
-200
-189
-175
-156
-133
-106
-76
-43
-7
29
66
103
139
172
203
230
253
273
288
299
307
312
314
314
313
309
305
298
290
280
267
250
228
201
170
133
92
47
1
-45
-90
-132
-169
-200
-222
-237
-243
-241
-232
-216
-195
-171
-145
-118
-93
-71
-51
-36
-25
-18
-14
-14
-16
-20
-25
-30
-36
-41
-45
-49
-53
-55
-58
-59
-61
-62
-63
-63
-64
-65
-66
-67
-69
-72
-75
-79
-84
-88
-93
-96
-98
-99
-96
-91
-83
-72
-58
-42
-25
-7
9
25
37
45
48
45
35
18
-3
-31
-64
-99
-136
-172
-205
-235
-258
-275
-283
-282
-271
-251
-222
-184
-140
-90
-36
19
76
131
184
234
279
318
353
381
403
419
430
435
435
431
423
412
397
380
361
339
316
291
265
236
206
175
142
108
74
40
5
-27
-60
-92
-122
-150
-176
-200
-220
-237
-250
-259
-263
-262
-256
-246
-233
-216
-197
-177
-157
-138
-121
-106
-94
-85
-80
-78
-79
-82
-87
-93
-99
-106
-112
-117
-121
-122
-121
-118
-112
-103
-92
-78
-62
-44
-24
-3
19
42
65
88
111
133
153
172
187
199
208
212
213
208
200
188
172
152
130
107
82
57
34
12
-6
-21
-33
-41
-44
-43
-39
-31
-20
-7
7
22
36
49
61
69
75
77
75
69
60
48
35
20
6
-7
-19
-29
-35
-37
-35
-29
-19
-5
11
31
53
76
98
119
137
152
163
168
168
161
150
132
111
85
57
27
-2
-30
-56
-79
-98
-112
-120
-124
-124
-120
-113
-104
-93
-83
-73
-64
-57
-51
-46
-42
-39
-35
-30
-23
-15
-3
10
27
47
69
93
118
144
167
189
206
218
224
222
212
194
167
132
90
42
-9
-64
-119
-173
-224
-269
-308
-338
-360
-374
-379
-377
-369
-357
-341
-325
-308
-292
-279
-268
-261
-256
-255
-257
-261
-267
-275
-284
-295
-307
-319
-331
-343
-355
-367
-377
-385
-392
-395
-395
-389
-378
-361
-335
-302
-260
-208
-149
-81
-6
73
158
244
330
413
492
564
629
683
726
758
779
788
786
774
754
726
692
653
610
564
516
465
413
359
304
247
189
130
71
12
-46
-103
-158
-209
-256
-297
-333
-362
-384
-398
-406
-406
-400
-388
-371
-349
-324
-297
-268
-238
-207
-178
-149
-121
-96
-72
-50
-31
-13
1
13
24
33
41
48
54
59
63
67
69
71
72
71
68
64
59
53
46
39
33
26
21
17
15
13
13
13
14
15
17
18
19
19
20
21
23
26
30
35
42
51
61
73
85
97
109
120
130
137
143
147
149
148
146
142
136
129
120
111
101
90
79
68
58
50
42
37
33
32
32
33
36
40
43
45
47
47
45
41
36
29
21
12
4
-1
-6
-7
-6
0
8
20
34
50
66
81
93
102
106
105
99
87
70
49
24
-2
-29
-56
-80
-99
-114
-122
-123
-117
-104
-85
-60
-31
0
32
64
94
121
144
161
173
179
180
176
166
152
135
113
89
62
32
0
-34
-71
-109
-148
-187
-226
-263
-298
-328
-353
-372
-384
-388
-384
-372
-353
-326
-294
-256
-216
-173
-131
-90
-52
-18
9
31
46
55
56
51
41
26
7
-13
-35
-57
-78
-97
-115
-130
-142
-152
-158
-161
-161
-158
-152
-144
-133
-120
-106
-91
-76
-62
-49
-37
-28
-20
-13
-8
-3
1
7
15
26
40
59
81
109
141
177
216
258
300
343
383
418
449
472
487
493
489
475
451
419
380
334
284
232
179
127
78
33
-6
-41
-72
-97
-118
-135
-149
-161
-171
-179
-186
-191
-195
-196
-195
-192
-186
-177
-166
-153
-138
-123
-107
-93
-80
-69
-61
-57
-57
-61
-68
-78
-90
-104
-118
-131
-142
-150
-154
-155
-151
-142
-130
-113
-93
-71
-47
-22
2
25
47
66
80
90
92
88
77
59
35
4
-29
-66
-105
-142
-177
-206
-228
-242
-246
-239
-220
-191
-153
-107
-55
-1
52
101
144
178
200
210
208
195
172
141
106
69
34
3
-18
-32
-34
-24
-2
29
70
117
168
220
270
315
353
383
403
413
413
403
384
357
323
284
241
194
144
93
41
-11
-63
-116
-167
-216
-263
-306
-345
-379
-407
-427
-438
-440
-433
-416
-390
-355
-312
-263
-210
-154
-97
-41
10
58
101
136
164
183
194
197
192
180
162
138
111
81
50
18
-11
-39
-64
-85
-102
-116
-124
-129
-129
-126
