-573
-581
-571
-543
-497
-435
-358
-269
-169
-62
50
165
281
393
502
603
697
781
854
917
967
1006
1032
1047
1049
1039
1017
985
941
887
823
751
672
586
495
399
302
202
103
5
-88
-179
-264
-341
-411
-472
-523
-565
-599
-625
-645
-661
-674
-687
-702
-720
-742
-768
-798
-831
-866
-900
-933
-961
-983
-995
-998
-989
-967
-932
-884
-823
-751
-668
-577
-477
-372
-262
-148
-32
84
202
319
434
546
654
755
848
932
1004
1063
1106
1133
1143
1136
1112
1071
1015
946
865
776
681
583
484
387
296
210
133
65
6
-43
-84
-116
-142
-161
-175
-184
-191
-194
-194
-192
-188
-180
-170
-157
-142
-125
-106
-86
-67
-48
-32
-18
-8
-2
-1
-5
-14
-26
-42
-61
-82
-103
-124
-145
-164
-182
-197
-211
-221
-229
-235
-237
-236
-233
-226
-216
-203
-188
-170
-152
-134
-116
-99
-84
-73
-64
-60
-59
-61
-67
-76
-86
-98
-111
-122
-133
-141
-146
-148
-145
-136
-122
-102
-75
-42
-2
43
94
151
212
275
340
404
466
525
578
623
660
687
704
709
702
683
652
609
554
488
412
328
237
141
42
-56
-154
-248
-336
-416
-485
-543
-589
-621
-639
-644
-636
-617
-589
-553
-513
-472
-430
-393
-360
-335
-318
-310
-310
-319
-335
-356
-380
-406
-431
-453
-468
-476
-475
-461
-434
-393
-337
-267
-182
-84
25
142
266
391
515
633
741
835
913
972
1010
1026
1021
995
951
890
817
734
645
552
459
368
282
200
125
57
-3
-58
-106
-151
-191
-229
-266
-303
-339
-377
-414
-452
-489
-524
-557
-585
-608
-625
-635
-637
-631
-616
-594
-564
-528
-486
-439
-389
-337
-283
-230
-177
-125
-74
-26
20
65
107
148
186
221
252
278
299
313
320
319
309
292
266
233
194
150
104
56
8
-36
-78
-115
-145
-169
-184
-191
-190
-180
-162
-137
-104
-65
-21
25
75
126
176
224
270
312
349
380
406
426
440
448
451
448
440
426
408
384
355
320
280
234
183
126
65
0
-66
-136
-205
-272
-336
-394
-445
-488
-520
-541
-550
-546
-530
-503
-465
-418
-364
-305
-244
-182
-122
-64
-11
36
78
115
146
172
194
211
226
237
246
254
260
265
268
269
269
266
260
251
238
223
204
185
164
145
127
113
104
100
102
110
124
143
165
190
217
243
266
287
302
311
312
305
290
265
231
188
137
79
16
-51
-120
-190
-257
-322
-380
-432
-475
-508
-529
-538
-534
-515
-483
-438
-382
-315
-240
-159
-75
9
91
168
237
296
343
375
391
391
373
339
288
224
148
63
-25
-116
-203
-284
-354
-410
-450
-473
-477
-463
-431
-385
-325
-256
-181
-104
-27
43
106
159
199
226
240
240
229
209
183
153
122
94
71
54
45
46
55
72
96
124
156
188
218
243
263
275
278
272
255
229
195
153
104
52
-1
-56
-110
-159
-205
-244
-278
-304
-324
-338
-346
-349
-348
-345
-339
-331
-323
-315
-308
-300
-293
-287
-280
-272
-263
-252
-237
-219
-196
-167
-132
-90
-43
10
69
132
198
264
330
392
448
498
539
569
588
596
592
576
550
514
471
421
368
313
259
207
159
116
79
47
20
-2
-22
-41
-59
-79
-102
-128
-158
-193
-233
-277
-323
-371
-418
-462
-502
-534
-557
-569
-569
-555
-528
-488
-436
-375
-306
-231
-155
-79
-5
61
122
173
215
247
270
283
288
287
280
270
258
245
233
221
211
202
195
188
183
177
171
164
155
146
135
123
110
96
82
68
54
41
27
14
0
-14
-30
-48
-68
-89
-113
-137
-163
-188
-211
-231
-248
-258
-261
-257
-245
-224
-194
-158
-115
-68
-18
31
78
122
158
184
200
202
191
165
127
75
13
-55
-130
-205
-278
-343
-398
-439
-462
-466
-449
-411
-352
-275
-183
-79
31
145
257
361
455
534
596
640
664
670
657
630
589
538
481
419
356
294
236
183
135
95
60
31
7
-12
-29
-45
-61
-77
-95
-115
-137
-160
-186
-212
-239
-266
-293
-318
-342
-362
-379
-392
-400
-401
-395
-381
-359
-328
-289
-242
-189
-131
-71
-9
49
104
153
193
222
240
246
240
222
195
159
117
72
25
-19
-62
-99
-132
-157
-178
-193
-203
-211
-218
-225
-232
-242
-253
-267
-281
-296
-309
-318
-321
-317
-302
-277
-239
-189
-128
-56
21
105
189
270
344
407
457
490
505
501
479
440
387
322
251
178
107
42
-11
-51
-76
-83
-72
-45
-4
49
112
181
251
319
381
435
478
508
526
529
520
499
467
426
377
323
266
206
146
86
27
-29
-85
-138
-189
-238
-284
-328
-369
-405
-437
-463
-482
-495
-499
-497
-486
-468
-444
-416
-383
-349
-314
-281
-249
-221
-197
-176
-158
-144
-131
-119
-108
-96
-83
-68
-51
-31
-10
12
37
61
86
109
130
149
163
172
175
173
163
147
125
97
64
27
-11
-52
-94
-134
-172
-207
-237
-261
-279
-290
-294
-290
-278
-258
-231
-198
-159
-114
-67
-16
36
89
143
196
247
295
340
381
415
443
462
474
476
469
454
430
398
361
320
277
234
192
152
118
88
64
45
32
22
15
10
4
-2
-12
-27
-45
-69
-96
-126
-159
-192
-225
-255
-282
-306
-324
-339
-349
-357
-362
-366
-370
-375
-382
-391
-402
-415
-429
-441
-452
-457
-455
-444
-423
-390
-345
-287
-218
-138
-50
43
141
239
337
430
516
595
664
722
768
802
825
836
835
824
804
774
736
690
637
577
511
439
362
281
197
112
27
-54
-133
-204
-268
-321
-363
-393
-408
-410
-399
-374
-339
-294
-242
-185
-126
-70
-17
26
61
85
95
92
75
47
9
-36
-87
-138
-188
-232
-267
-292
-305
-305
-291
-265
-228
-182
-128
-71
-12
45
99
147
188
221
244
257
261
255
241
220
192
160
125
90
55
24
-2
-22
-36
-41
-37
-24
-4
23
57
95
135
175
213
247
275
296
309
312
305
289
263
230
190
145
96
44
-8
-61
-114
-165
-213
-259
-301
-338
-371
-397
-417
-430
-436
-433
-423
-405
-380
-349
-313
-272
-228
-182
-136
-90
-45
-3
35
72
105
134
160
182
201
216
228
235
239
238
233
222
206
184
156
122
82
36
-14
-69
-127
-187
-247
-305
-360
-410
-452
-486
-509
-520
-519
-503
-474
-431
-375
-307
-228
-140
-45
52
152
249
341
426
499
559
605
634
647
642
622
586
538
478
410
335
257
177
98
23
-48
-113
-171
-221
-262
-293
-316
-329
-334
-330
-319
-301
-278
-251
-221
-189
-157
-125
-96
-69
-48
-32
-22
-20
-25
-38
-58
-87
-122
-163
-210
-262
-317
-375
-435
-494
-553
-610
-664
-712
-755
-790
-816
-832
-835
-826
-802
-763
-708
-638
-552
-452
-339
-215
-82
57
201
346
488
624
751
867
968
1053
1121
1169
1198
1206
1196
1167
1122
1062
990
909
821
730
639
550
465
387
317
255
202
158
123
95
74
58
46
35
24
12
-1
-19
-41
-67
-97
-129
-164
-200
-236
-270
-302
-331
-356
-377
-393
-404
-411
-414
-414
-410
-402
-392
-380
-365
-348
-329
-309
-288
-266
-243
-220
-198
-176
-156
-136
-118
-102
-87
-73
-60
-48
-37
-26
-15
-3
8
21
36
51
68
87
107
129
152
176
201
226
251
275
297
317
334
347
356
360
359
354
344
330
313
293
272
250
227
206
185
166
148
132
117
104
90
77
63
48
33
16
0
-18
-37
-55
-73
-90
-105
-120
-133
-144
-153
-159
-163
-164
-161
-156
-148
-136
-123
-108
-93
-79
-66
-57
-51
-50
-53
-60
-71
-85
-101
-118
-135
-151
-164
-173
-179
-180
-176
-167
-153
-136
-115
-91
-67
-41
-17
6
27
46
61
73
82
87
88
87
83
78
71
63
56
49
45
42
43
47
54
65
79
95
113
131
148
164
177
186
190
189
181
167
146
119
86
47
4
-41
-88
-135
-179
-218
-251
-277
-293
-298
-294
-279
-255
-222
-184
-141
-96
-53
-13
21
48
66
74
72
60
40
13
-18
-53
-89
-123
-154
-180
-200
-213
-219
-219
-212
-202
-188
-172
-156
-142
-130
-122
-117
-117
-120
-126
-133
-141
-147
-149
-147
-140
-125
-104
-75
-40
0
45
92
139
185
227
263
293
315
329
334
331
321
304
281
254
225
194
162
131
101
73
47
23
2
-17
-36
-54
-71
-88
-104
-120
-133
-145
-152
-155
-152
-142
-125
-99
-64
-22
25
79
136
194
251
303
349
385
411
424
424
409
381
340
287
225
156
83
8
-63
-131
-191
-241
-280
-307
-322
-325
-317
-299
-274
-243
-208
-172
-135
-99
-64
-32
-3
23
48
70
90
107
122
134
143
147
147
141
129
111
86
56
20
-19
-61
-104
-145
-183
-215
-239
-255
-259
-253
-234
-204
-163
-113
-54
10
77
146
213
276
332
378
414
438
448
444
427
398
356
305
246
182
113
43
-25
-93
-157
-216
-269
-316
-355
-386
-408
-421
-424
-417
-400
-372
-335
-289
-236
-176
-114
-49
13
73
128
176
215
246
266
276
277
270
255
233
207
177
146
114
82
52
25
0
-21
-41
-58
-74
-88
-102
-114
-126
-137
-146
-153
-156
-156
-151
-141
-124
-101
-72
-36
4
50
98
148
196
241
280
311
332
340
336
317
285
240
183
116
41
-37
-119
-199
-276
-347
-408
-458
-495
-519
-527
-521
-501
-469
-425
-373
-314
-251
-187
-123
-61
-3
49
97
140
178
211
239
262
281
294
301
301
294
279
257
227
190
146
99
49
0
-49
-94
-132
-164
-187
-201
-206
-202
-191
-173
-150
-124
-96
-68
-41
-16
4
22
34
42
45
44
39
31
22
12
2
-5
-11
-15
-16
-15
-12
-9
-7
-6
-8
-13
-22
-34
-49
-67
-85
-102
-117
-128
-133
-130
-117
-95
-63
-22
25
79
135
190
241
283
315
333
336
321
290
244
185
115
40
-37
-112
-179
-235
-277
-301
-307
-294
-263
-217
-159
-92
-22
46
109
163
204
230
241
236
218
188
150
107
62
19
-19
-51
-76
-92
-101
-103
-99
-91
-80
-68
-55
-43
-31
-20
-9
1
12
25
40
56
74
94
114
135
155
174
192
208
221
233
243
251
258
264
270
275
280
283
286
288
287
283
276
264
247
225
196
162
123
79
32
-15
-64
-110
-153
-190
-221
-244
-258
-265
-262
-252
-235
-212
-184
-153
-120
-86
-53
-23
3
25
41
50
51
45
31
10
-16
-48
-82
-118
-154
-188
-218
-244
-265
-281
-291
-296
-297
-293
-285
-275
-262
-248
-232
-215
-197
-179
-161
-143
-126
-111
-98
-88
-82
-81
-85
-93
-107
-125
-146
-169
-192
-214
-232
-245
-252
-250
-239
-219
-189
-151
-104
-52
2
59
114
165
209
245
272
288
293
