-27
15
60
106
152
196
237
274
306
332
353
368
377
381
379
372
361
344
323
296
263
224
178
126
68
4
-63
-133
-203
-272
-335
-391
-438
-473
-495
-504
-499
-482
-454
-418
-375
-329
-282
-238
-198
-164
-139
-121
-112
-110
-115
-124
-135
-146
-155
-158
-155
-144
-125
-98
-64
-24
20
67
114
161
204
243
276
303
323
335
341
339
331
316
296
271
241
209
173
136
98
59
20
-17
-53
-88
-121
-150
-176
-198
-215
-227
-234
-236
-233
-226
-216
-204
-191
-178
-167
-157
-150
-145
-143
-143
-144
-146
-148
-149
-149
-147
-142
-135
-124
-111
-96
-78
-58
-36
-13
11
37
64
92
121
150
180
210
238
265
288
307
321
329
330
324
310
289
263
231
195
157
119
81
46
14
-14
-38
-58
-74
-87
-97
-106
-113
-119
-126
-133
-140
-147
-155
-163
-172
-180
-188
-196
-202
-208
-212
-215
-216
-216
-215
-211
-207
-202
-195
-188
-180
-171
-162
-152
-141
-129
-117
-104
-91
-77
-63
-50
-36
-22
-7
7
24
41
61
83
107
133
162
194
227
262
299
336
374
411
446
477
504
524
537
540
533
515
486
446
397
341
279
215
149
86
27
-25
-70
-106
-133
-151
-161
-164
-161
-155
-147
-141
-136
-135
-138
-146
-158
-173
-190
-207
-223
-236
-244
-247
-243
-232
-216
-193
-167
-137
-106
-76
-47
-20
1
19
32
41
45
46
44
40
34
28
23
18
13
9
5
1
-3
-10
-20
-33
-49
-69
-93
-119
-147
-176
-202
-225
-244
-255
-258
-252
-237
-212
-178
-135
-87
-33
22
80
137
192
243
292
335
375
411
444
474
501
527
551
572
591
607
618
623
621
609
588
556
512
457
390
312
225
131
32
-68
-169
-267
-358
-442
-515
-576
-624
-658
-680
-689
-687
-676
-658
-633
-605
-576
-545
-515
-485
-456
-427
-399
-369
-338
-305
-269
-231
-189
-145
-99
-51
-4
41
85
125
162
194
220
242
258
270
279
284
287
290
292
294
297
301
306
312
317
323
328
331
332
332
328
321
311
297
279
257
230
198
163
123
80
34
-14
-63
-113
-162
-210
-255
-298
-336
-369
-398
-420
-436
-444
-445
-438
-422
-397
-364
-323
-275
-221
-163
-101
-40
20
76
126
169
201
222
232
229
214
188
153
111
64
15
-33
-78
-117
-150
-173
-187
-190
-184
-168
-145
-115
-80
-43
-5
31
64
94
118
136
149
155
156
151
143
130
115
98
80
61
42
24
8
-6
-17
-24
-28
-26
-18
-4
16
45
83
128
180
239
302
367
431
491
543
584
611
621
612
584
536
470
389
294
190
81
-28
-137
-239
-333
-416
-487
-545
-590
-622
-641
-649
-647
-637
-619
-595
-567
-533
-497
-458
-416
-372
-326
-278
-230
-182
-134
-88
-45
-5
28
57
80
97
106
110
108
101
92
80
69
59
53
52
56
67
84
108
135
166
199
229
257
278
292
296
290
273
245
208
161
109
51
-8
-68
-125
-178
-224
-263
-293
-315
-328
-332
-328
-318
-303
-283
-260
-235
-207
-178
-149
-118
-87
-55
-22
10
45
80
116
153
190
229
267
306
344
380
415
446
474
498
517
530
539
542
540
533
521
505
486
462
435
404
369
331
289
243
193
141
85
27
-32
-92
-151
-209
-263
-314
-359
-397
-428
-452
-468
-478
-480
-477
-469
-457
-442
-425
-408
-390
-373
-357
-342
-328
-315
-302
-291
-279
-267
-253
-238
-221
-201
-179
-155
-128
-100
-70
-41
-11
17
44
70
93
113
131
145
156
164
170
174
176
178
180
182
184
188
192
196
200
203
205
205
203
199
192
184
174
163
151
140
129
120
112
105
99
95
91
87
82
78
72
66
59
51
44
37
31
26
24
23
24
27
32
37
42
47
50
51
49
45
37
27
15
1
-12
-27
-40
-52
-60
-65
-66
-63
-54
-42
-26
-8
10
29
45
57
63
62
53
35
9
-24
-65
-111
-161
-212
-263
-311
-355
-393
-423
-445
-458
-463
-460
-450
-434
-414
-391
-367
-341
-317
-293
-270
-248
-227
-206
-185
-163
-139
-113
-85
-54
-21
14
51
90
130
171
210
249
285
317
345
369
387
399
405
405
401
392
379
363
345
327
308
290
273
258
246
236
228
222
217
212
207
199
186
169
145
114
76
29
-23
-83
-147
-213
-280
-345
-405
-459
-503
-538
-560
-570
-568
-554
-527
-490
-443
-388
-325
-256
-182
-104
-23
57
139
220
298
371
439
500
552
594
625
645
652
649
634
609
575
534
486
434
379
323
267
214
163
117
76
40
9
-17
-40
-61
-81
-101
-122
-146
-172
-200
-232
-265
-300
-335
-369
-401
-429
-452
-468
-478
-479
-473
-459
-437
-408
-373
-332
-287
-239
-187
-134
-81
-27
23
73
119
161
197
226
249
264
272
272
265
254
238
219
200
181
165
151
141
135
134
136
140
147
153
159
162
162
158
150
138
122
102
79
54
29
2
-23
-48
-72
-95
-114
-132
-145
-156
-162
-163
-160
-153
-141
-126
-107
-86
-63
-40
-17
5
26
45
62
76
87
94
97
96
90
80
65
45
21
-6
-37
-70
-104
-137
-168
-196
-218
-235
-244
-247
-241
-229
-211
-187
-160
-130
-99
-69
-41
-15
6
23
37
46
52
54
53
50
44
35
24
11
-4
-22
-43
-67
-92
-119
-146
-173
-197
-219
-236
-248
-252
-249
-239
-221
-196
-165
-129
-91
-51
-12
24
59
89
115
135
149
157
159
156
148
134
117
96
73
48
23
0
-23
-43
-61
-75
-85
-92
-95
-94
-91
-85
-78
-69
-59
-50
-40
-31
-23
-14
-6
1
10
19
30
43
57
73
89
107
126
144
163
181
198
215
230
245
258
270
281
291
299
306
312
317
321
324
326
328
328
327
324
319
310
298
282
262
237
208
174
137
97
54
11
-32
-75
-116
-155
-191
-224
-253
-279
-302
-323
-342
-359
-376
-392
-407
-422
-435
-446
-454
-457
-456
-449
-436
-417
-392
-361
-325
-285
-243
-199
-156
-114
-74
-38
-5
22
46
65
80
91
100
105
109
112
115
117
121
127
134
143
155
168
183
200
216
232
247
260
269
274
275
272
264
252
235
213
188
158
125
88
48
5
-40
-87
-134
-181
-226
-268
-305
-336
-361
-378
-387
-388
-380
-365
-342
-312
-277
-236
-191
-144
-94
-44
6
56
104
151
196
238
278
316
350
381
409
433
453
469
480
487
488
485
478
467
453
436
418
398
378
357
336
314
292
268
243
214
182
146
105
58
6
-50
-113
-180
-250
-322
-395
-466
-534
-598
-654
-701
-738
-764
-777
-776
-761
-733
-693
-640
-579
-509
-434
-357
-279
-204
-134
-70
-13
33
72
102
124
139
148
152
154
153
152
151
152
154
159
166
175
186
198
212
226
241
255
268
281
291
300
307
311
311
307
298
283
263
237
206
168
126
80
32
-16
-64
-109
-149
-185
-214
-236
-252
-261
-264
-262
-256
-247
-236
-223
-209
-195
-180
-165
-149
-132
-113
-92
-69
-41
-10
24
65
110
161
216
276
339
404
470
533
592
644
686
717
733
734
719
687
641
580
506
423
331
235
135
36
-60
-153
-239
-318
-387
-446
-496
-535
-564
-584
-596
-601
-600
-594
-585
-572
-557
-539
-520
-500
-477
-453
-426
-395
-360
-321
-276
-225
-168
-106
-39
31
103
176
246
311
368
415
449
467
470
454
422
372
307
228
139
42
-59
-162
-262
-357
-443
-517
-578
-623
-652
-663
-658
-635
-597
-545
-481
-406
-323
-235
-144
-52
37
123
204
278
344
401
450
490
521
544
559
565
564
557
543
523
498
469
436
400
361
322
281
241
201
162
125
90
58
28
1
-22
-44
-63
-80
-97
-112
-127
-143
-160
-178
-198
-221
-245
-272
-301
-332
-363
-393
-423
-450
-474
-493
-507
-515
-516
-510
-499
-482
-460
-435
-407
-378
-349
-321
-293
-266
-240
-213
-185
-155
-123
-87
-46
0
50
106
168
233
301
372
443
513
581
644
703
755
799
836
864
885
898
906
908
906
901
894
886
875
862
847
827
801
768
726
673
607
527
433
325
205
74
-64
-207
-350
-490
-621
-740
-843
-928
-993
-1037
-1060
-1062
-1046
-1014
-970
-917
-859
-800
-742
-689
-643
-605
-575
-552
-536
-525
-517
-508
-498
-484
-463
-434
-396
-349
-291
-225
-150
-68
18
108
199
288
374
453
525
587
639
679
707
723
727
719
701
673
636
593
544
492
438
384
332
284
240
202
170
145
126
113
106
103
104
108
114
121
127
133
136
137
134
127
116
100
80
55
26
-6
-41
-77
-114
-151
-186
-218
-246
-270
-288
-300
-305
-305
-299
-289
-275
-259
-241
-223
-206
-190
-175
-163
-153
-146
-141
-138
-138
-140
-144
-151
-159
-167
-175
-182
-186
-185
-179
-166
-146
-117
-79
-34
18
77
141
208
276
344
409
468
518
559
586
599
597
578
542
491
427
350
264
173
77
-18
-112
-202
-285
-362
-430
-488
-537
-576
-605
-624
-633
-634
-628
-614
-596
-574
-550
-525
-502
-480
-461
-446
-434
-425
-418
-411
-401
-388
-367
-339
-300
-250
-189
-117
-35
52
145
238
329
414
490
553
603
638
657
661
650
626
592
550
502
451
400
350
305
264
230
202
180
164
154
147
144
144
145
146
146
146
144
140
134
126
116
105
93
80
68
57
46
36
28
20
12
5
-2
-11
-21
-33
-48
-65
-85
-109
-136
-165
-197
-230
-264
-297
-329
-357
-380
-397
-406
-408
-401
-384
-358
-323
-281
-230
-174
-113
-49
16
83
148
210
267
319
365
402
430
450
460
461
452
434
409
375
335
290
239
184
127
68
8
-51
-109
-163
-214
-259
-298
-329
-352
-365
-370
-364
-350
-326
-294
-255
-211
-163
-114
-66
-21
20
55
84
106
120
128
129
125
118
107
96
85
75
68
63
61
63
67
73
79
85
90
93
92
88
80
67
50
29
6
-18
-43
-68
-91
-110
-125
-135
-138
-135
-125
-108
-86
-59
-28
3
37
70
101
128
151
170
183
191
194
193
187
178
167
153
138
121
104
86
68
50
32
14
-2
-19
-37
-54
-72
-91
-110
-131
-151
-172
-191
-209
-224
-235
-242
-243
-238
-227
-210
-187
-160
-128
-94
-60
-25
8
38
65
88
105
116
121
120
112
97
77
51
21
-11
-46
-81
-114
-142
-164
-178
-182
-175
-156
-126
-85
-35
21
81
143
202
256
302
337
359
369
364
346
316
276
228
175
118
61
4
-48
-98
-143
-182
-216
-244
-267
-284
-296
-304
-307
-305
-300
-290
-278
-263
-246
-228
-210
-192
-176
-162
-152
-145
-143
