-41
-28
-14
0
11
21
28
33
35
35
34
33
32
33
35
38
44
51
59
67
75
80
82
81
76
67
53
35
13
-10
-37
-65
-93
-119
-144
-167
-186
-202
-214
-222
-226
-227
-225
-219
-211
-200
-187
-171
-154
-135
-114
-92
-68
-43
-17
8
35
62
88
114
137
159
177
192
202
208
210
206
198
185
169
150
128
106
84
63
44
29
19
13
13
18
28
43
60
80
101
122
142
160
174
185
191
192
188
177
161
139
111
79
43
4
-35
-76
-115
-151
-184
-213
-236
-254
-265
-271
-270
-265
-254
-240
-222
-202
-180
-158
-137
-116
-98
-80
-65
-52
-40
-30
-21
-13
-7
-1
4
9
14
19
24
30
36
43
50
57
63
68
70
70
66
58
46
29
8
-15
-42
-69
-95
-118
-136
-146
-149
-142
-124
-97
-60
-15
34
88
143
196
245
287
320
344
357
359
350
331
304
270
231
189
146
104
64
29
-1
-25
-43
-56
-62
-65
-65
-65
-66
-72
-84
-104
-134
-174
-225
-285
-353
-427
-503
-579
-650
-712
-762
-797
-815
-814
-794
-755
-699
-627
-542
-449
-349
-246
-143
-42
53
143
226
302
372
435
493
545
592
635
673
705
732
751
763
766
759
742
715
678
633
579
519
455
387
317
248
180
115
53
-4
-56
-104
-147
-184
-216
-242
-263
-279
-290
-295
-296
-292
-283
-270
-253
-232
-208
-181
-152
-121
-89
-58
-28
0
23
43
58
68
71
68
58
43
22
-3
-32
-65
-100
-136
-171
-204
-234
-259
-278
-290
-294
-290
-276
-255
-227
-193
-155
-114
-73
-33
3
36
64
87
104
118
128
136
144
151
159
170
182
196
210
224
237
246
251
249
241
226
203
175
141
104
66
28
-5
-35
-59
-75
-84
-86
-81
-72
-58
-42
-26
-11
1
10
16
18
17
13
8
1
-4
-10
-15
-18
-20
-19
-17
-14
-11
-6
-2
1
4
6
7
6
4
1
-2
-6
-11
-15
-18
-21
-22
-21
-19
-15
-10
-4
3
13
24
36
50
66
84
103
123
145
168
191
213
234
252
267
276
279
275
262
240
209
168
118
61
-2
-69
-138
-205
-268
-323
-369
-402
-422
-428
-418
-395
-360
-314
-261
-204
-145
-88
-36
7
43
68
83
88
83
72
55
35
14
-6
-24
-38
-48
-54
-55
-52
-46
-38
-28
-17
-7
2
10
17
22
26
27
25
22
16
8
-2
-15
-31
-48
-68
-90
-113
-136
-160
-182
-202
-220
-235
-247
-255
-260
-260
-257
-249
-238
-223
-203
-178
-149
-115
-77
-34
11
61
112
164
214
263
307
346
378
402
416
422
418
406
386
359
328
295
260
227
197
170
149
131
119
110
103
99
94
89
82
72
59
43
23
0
-25
-52
-79
-104
-128
-148
-163
-174
-180
-182
-181
-176
-170
-163
-157
-151
-147
-145
-143
-143
-144
-144
-143
-140
-136
-130
-121
-111
-99
-86
-72
-59
-46
-34
-25
-16
-9
-4
1
7
14
23
35
50
68
88
110
131
151
169
183
193
196
193
184
169
149
124
95
64
31
-2
-35
-68
-99
-128
-155
-179
-199
-217
-231
-241
-247
-247
-243
-232
-216
-193
-163
-127
-86
-41
7
57
107
155
198
236
266
287
298
299
289
269
239
202
159
111
62
13
-32
-74
-110
-138
-157
-168
-170
-164
-151
-132
-109
-84
-58
-34
-12
6
20
30
36
37
36
32
27
21
16
11
8
6
4
3
2
0
-2
-7
-15
-25
-37
-50
-64
-78
-91
-102
-110
-114
-114
-110
-102
-89
-71
-51
-27
-2
23
49
73
95
113
128
138
144
144
140
132
120
104
87
67
46
24
3
-15
-33
-47
-58
-66
-68
-66
-60
-49
-35
-17
2
23
43
62
78
91
98
100
96
87
73
55
34
13
-7
-25
-40
-49
-53
-50
-41
-26
-7
14
38
61
82
100
112
118
117
110
97
78
55
30
4
-19
-40
-58
-70
-76
-78
-74
-67
-56
-45
-33
-23
-15
-10
-10
-14
-22
-35
-51
-70
-92
-114
-135
-155
-172
-184
-192
-193
-188
-176
-158
-135
-106
-73
-38
-1
36
73
108
139
167
189
206
216
219
216
207
192
171
147
119
90
61
33
8
-13
-30
-43
-50
-52
-49
-42
-31
-17
-1
15
32
48
63
75
86
94
101
106
110
113
116
120
124
129
133
138
141
143
141
137
128
114
95
71
42
9
-26
-63
-101
-137
-170
-199
-223
-241
-252
-257
-255
-247
-233
-215
-192
-167
-139
-110
-80
-50
-20
7
33
57
78
96
110
120
127
130
130
127
121
114
105
97
88
81
75
72
70
71
73
77
81
83
84
81
72
58
35
4
-34
-81
-135
-196
-259
-324
-386
-443
-492
-530
-554
-563
-555
-530
-488
-432
-363
-283
-196
-106
-14
73
155
228
290
339
373
391
395
383
358
321
275
222
166
109
54
6
-35
-66
-87
-97
-96
-84
-63
-35
-1
34
72
110
144
173
197
215
226
229
227
218
205
188
168
147
124
101
78
55
33
11
-10
-30
-50
-70
-89
-106
-123
-138
-151
-163
-172
-179
-183
-184
-183
-180
-174
-166
-158
-148
-138
-129
-121
-115
-110
-107
-106
-106
-107
-108
-108
-107
-104
-98
-88
-76
-59
-39
-15
12
42
74
108
141
173
203
228
249
264
273
275
272
265
253
240
225
212
200
191
187
186
188
194
201
208
213
216
213
205
190
168
139
102
59
12
-39
-92
-146
-199
-249
-295
-335
-370
-397
-417
-430
-436
-435
-427
-415
-398
-379
-358
-336
-315
-296
-278
-263
-250
-238
-226
-214
-199
-180
-156
-125
-86
-40
13
74
141
212
284
355
422
483
536
577
607
623
626
616
594
561
519
471
417
361
305
250
199
152
110
75
46
23
5
-8
-18
-27
-37
-47
-61
-77
-98
-123
-151
-182
-215
-249
-281
-311
-336
-356
-369
-373
-368
-353
-328
-291
-245
-188
-124
-53
20
96
171
240
302
353
391
415
423
414
391
354
305
248
185
121
59
1
-48
-88
-117
-136
-144
-142
-133
-118
-100
-82
-64
-48
-36
-28
-24
-23
-25
-29
-34
-38
-42
-45
-46
-48
-48
-50
-52
-56
-63
-71
-82
-95
-109
-123
-136
-147
-154
-156
-152
-144
-129
-110
-87
-62
-37
-13
6
21
29
30
22
5
-20
-53
-93
-138
-186
-235
-284
-329
-370
-404
-430
-447
-453
-450
-435
-412
-379
-338
-291
-240
-187
-133
-81
-33
9
46
75
96
108
113
111
103
90
74
56
39
23
12
6
8
17
35
62
98
143
193
249
308
366
422
473
516
550
572
582
580
565
540
506
464
417
366
315
264
216
171
130
93
60
30
3
-21
-45
-70
-95
-121
-148
-177
-207
-237
-268
-297
-323
-347
-367
-382
-392
-396
-394
-386
-372
-353
-329
-302
-272
-241
-208
-177
-146
-118
-92
-70
-51
-36
-24
-15
-9
-5
-2
0
1
3
6
10
15
22
29
38
46
54
62
68
72
74
73
70
63
54
43
30
16
2
-10
-22
-32
-38
-40
-39
-33
-22
-9
7
26
46
66
86
104
120
134
146
155
163
170
175
181
188
195
204
215
228
242
257
272
286
298
308
314
316
313
307
296
282
266
248
229
211
193
177
161
148
134
122
109
95
80
62
42
19
-6
-35
-66
-97
-129
-159
-187
-210
-228
-240
-246
-246
-240
-228
-212
-193
-171
-149
-127
-106
-87
-69
-54
-41
-31
-22
-15
-9
-4
0
5
10
15
19
24
28
31
33
34
33
30
26
21
16
10
4
0
-6
-11
-15
-19
-24
-28
-33
-39
-45
-52
-61
-70
-80
-91
-103
-114
-125
-135
-144
-151
-156
-159
-160
-158
-154
-147
-139
-128
-116
-103
-89
-73
-58
-42
-26
-11
3
16
28
39
49
57
63
68
71
71
68
63
54
41
24
4
-19
-46
-75
-104
-132
-159
-181
-197
-205
-205
-195
-174
-142
-100
-47
12
78
149
220
289
352
408
453
486
504
509
499
476
442
398
347
291
234
176
121
70
23
-17
-53
-84
-112
-136
-159
-182
-204
-227
-251
-274
-297
-317
-335
-349
-357
-360
-357
-347
-332
-313
-289
-264
-237
-211
-187
-167
-150
-138
-132
-129
-132
-137
-145
-154
-164
-171
-176
-177
-174
-166
-152
-133
-109
-81
-51
-19
12
42
70
94
112
126
134
137
136
131
125
118
113
111
113
119
131
149
171
197
226
256
285
313
337
355
368
373
371
361
344
320
292
258
223
185
148
112
78
47
19
-5
-28
-48
-66
-84
-102
-120
-139
-159
-181
-203
-225
-247
-267
-283
-295
-301
-300
-292
-277
-254
-225
-192
-155
-117
-81
-47
-18
3
18
26
26
20
7
-8
-28
-48
-67
-85
-98
-108
-111
-109
-102
-89
-71
-50
-26
-1
24
49
73
95
115
133
148
160
170
176
180
180
177
170
159
144
126
105
82
58
33
10
-10
-27
-40
-46
-47
-41
-28
-10
12
38
67
97
126
152
174
191
202
206
203
192
175
153
125
95
62
30
0
-28
-53
-73
-88
-98
-103
-104
-101
-94
-84
-72
-59
-45
-32
-18
-6
5
14
23
29
33
35
35
33
29
23
16
8
0
-10
-19
-28
-35
-42
-48
-52
-54
-55
-54
-52
-47
-41
-34
-25
-15
-4
6
17
27
36
43
48
51
52
50
46
39
31
21
9
-2
-15
-27
-38
-48
-58
-66
-72
-78
-83
-87
-92
-97
-104
-111
-120
-130
-141
-152
-162
-170
-174
-174
-168
-154
-133
-102
-63
-16
37
96
158
220
279
333
379
415
437
446
440
419
384
338
282
219
153
86
22
-35
-85
-124
-152
-167
-172
-166
-152
-132
-109
-86
-65
-50
-40
-39
-45
-59
-79
-104
-133
-162
-190
-215
-234
-247
-253
-250
-241
-225
-203
-177
-149
-120
-93
-68
-47
-32
-21
-16
-17
-22
-31
-44
-58
-74
-89
-102
-114
-122
-126
-126
-121
-111
-95
-75
-51
-24
5
36
67
97
125
150
171
188
199
206
207
204
197
186
173
158
142
127
114
103
95
91
90
94
100
110
123
137
153
169
184
196
207
213
215
212
204
190
172
149
122
92
60
27
-5
-38
-70
-99
-126
-150
-170
-187
-200
-210
-217
-221
-222
-222
-221
-219
-218
-218
-219
-220
-223
-227
-231
-234
-236
-238
-237
-234
-228
-220
-210
-197
-181
-163
-144
-122
-99
-75
-50
-26
-2
19
40
59
76
90
102
111
119
126
131
137
143
150
160
172
187
207
230
257
286
319
352
385
417
446
470
487
498
499
491
472
442
401
348
285
213
133
46
-43
-135
-225
-310
-388
-455
-510
-551
-576
-584
-577
-554
-518
-470
-413
-350
