-77
-85
-89
-89
-85
-78
-66
-52
-35
-16
2
21
39
55
69
78
85
87
85
79
70
58
43
26
7
-11
-32
-52
-74
-96
-117
-139
-161
-183
-204
-225
-243
-260
-274
-284
-290
-291
-286
-275
-258
-233
-203
-166
-123
-76
-25
28
83
140
195
250
303
353
401
445
486
523
556
586
611
632
648
660
667
668
662
649
627
594
551
497
430
351
261
161
53
-61
-178
-297
-413
-524
-628
-721
-801
-867
-916
-947
-960
-954
-929
-887
-829
-757
-672
-578
-476
-369
-261
-153
-47
53
148
235
315
385
446
498
541
576
602
619
629
632
628
616
598
574
542
504
459
408
352
290
224
156
86
17
-48
-111
-168
-217
-257
-287
-307
-316
-315
-306
-288
-265
-237
-207
-176
-146
-117
-91
-67
-45
-27
-11
3
15
26
35
42
48
51
52
50
44
36
24
10
-7
-26
-46
-67
-87
-106
-123
-136
-146
-152
-153
-151
-144
-135
-124
-111
-97
-84
-71
-60
-51
-44
-40
-37
-36
-37
-38
-41
-43
-45
-46
-47
-47
-46
-43
-40
-36
-31
-25
-18
-10
-1
8
19
31
45
60
76
93
110
126
141
155
165
172
175
173
165
153
135
113
87
58
27
-4
-36
-68
-97
-125
-149
-171
-190
-207
-220
-231
-239
-245
-249
-250
-249
-245
-239
-231
-221
-210
-197
-185
-172
-161
-151
-143
-138
-136
-136
-139
-144
-152
-160
-168
-175
-181
-182
-180
-172
-157
-136
-109
-75
-35
10
59
110
163
216
268
316
360
399
432
458
477
488
493
490
480
464
444
419
391
362
333
304
277
253
232
216
203
193
186
182
178
175
170
162
151
136
116
91
62
28
-8
-46
-85
-121
-154
-182
-202
-215
-219
-215
-202
-182
-155
-125
-91
-57
-24
4
29
49
61
68
68
62
51
37
19
1
-17
-36
-52
-67
-80
-90
-97
-101
-103
-102
-99
-93
-86
-77
-68
-58
-48
-39
-30
-23
-18
-14
-13
-14
-17
-22
-28
-36
-44
-52
-61
-69
-76
-83
-90
-97
-105
-114
-125
-138
-152
-169
-188
-208
-229
-249
-268
-284
-296
-304
-307
-304
-297
-284
-268
-248
-226
-203
-179
-155
-132
-111
-91
-73
-56
-40
-25
-9
6
24
44
67
93
121
153
186
222
257
293
327
358
385
408
426
439
446
447
443
435
423
408
390
370
348
325
299
272
243
211
178
141
103
63
21
-20
-63
-106
-147
-186
-223
-257
-288
-314
-336
-354
-369
-379
-386
-390
-391
-390
-387
-382
-375
-367
-356
-342
-324
-302
-276
-244
-207
-166
-119
-69
-17
35
87
135
177
212
237
252
256
249
231
204
169
128
83
37
-9
-53
-94
-130
-159
-183
-200
-211
-215
-214
-206
-194
-177
-156
-131
-102
-70
-36
0
37
75
114
152
190
226
260
292
321
347
370
389
405
417
425
430
432
431
427
420
411
400
387
372
357
341
325
309
294
280
268
256
245
235
225
215
205
194
182
168
153
136
119
100
81
63
45
29
16
6
0
-1
0
6
16
27
41
54
65
74
79
78
70
55
33
4
-30
-72
-117
-165
-214
-262
-306
-347
-381
-408
-428
-441
-446
-444
-437
-425
-410
-394
-378
-363
-350
-341
-335
-333
-335
-341
-350
-360
-372
-384
-395
-404
-411
-414
-415
-411
-404
-393
-377
-358
-334
-306
-274
-238
-199
-155
-109
-60
-9
41
92
140
186
227
262
290
312
325
332
331
325
314
298
281
263
245
229
216
206
200
197
197
201
207
215
223
231
239
245
249
251
251
248
244
237
229
220
209
197
183
167
149
129
104
76
43
4
-38
-86
-138
-192
-248
-302
-353
-399
-437
-466
-484
-491
-486
-470
-443
-407
-364
-316
-265
-214
-164
-119
-80
-49
-26
-13
-9
-14
-27
-46
-70
-96
-123
-148
-168
-184
-192
-191
-182
-163
-136
-101
-58
-11
39
92
143
192
235
272
301
321
332
333
327
312
291
265
235
203
170
137
107
79
54
34
17
5
-2
-7
-9
-8
-5
-1
4
11
19
27
37
48
59
72
85
99
113
126
138
147
154
157
155
148
136
118
94
66
34
-1
-37
-74
-109
-140
-166
-186
-198
-202
-197
-184
-164
-138
-107
-73
-39
-4
27
56
81
102
119
131
140
147
151
155
158
163
169
177
187
198
211
224
237
249
259
267
271
272
270
264
254
242
226
207
186
163
137
110
81
52
22
-6
-34
-60
-84
-105
-124
-140
-153
-165
-176
-186
-197
-210
-224
-240
-258
-278
-300
-321
-342
-360
-374
-383
-385
-380
-366
-344
-313
-274
-229
-177
-122
-65
-7
47
98
143
181
211
231
242
244
237
222
201
174
144
112
79
47
16
-10
-33
-52
-66
-76
-81
-81
-78
-72
-63
-52
-41
-30
-19
-9
0
7
15
21
27
33
40
48
58
69
81
96
112
129
147
164
181
196
207
215
218
214
203
185
160
127
88
44
-2
-50
-98
-142
-182
-215
-239
-255
-260
-255
-241
-219
-189
-153
-113
-71
-28
11
49
81
108
129
143
151
152
146
136
120
100
78
52
25
-2
-30
-58
-86
-114
-140
-165
-188
-209
-229
-245
-258
-267
-271
-270
-264
-251
-232
-208
-177
-141
-101
-57
-11
35
82
128
171
210
245
275
299
316
327
332
330
321
306
286
260
229
194
155
113
69
23
-21
-65
-107
-147
-182
-212
-238
-257
-272
-281
-286
-287
-284
-279
-272
-263
-253
-243
-231
-218
-204
-189
-172
-153
-131
-108
-81
-53
-22
10
44
79
114
148
181
210
236
258
273
283
285
280
267
246
218
183
142
97
50
2
-43
-84
-119
-145
-162
-168
-162
-145
-118
-80
-35
16
71
129
187
242
292
336
371
398
414
419
414
399
375
343
304
259
209
156
100
42
-16
-75
-134
-191
-245
-296
-342
-383
-417
-443
-460
-468
-466
-453
-432
-401
-362
-317
-267
-215
-163
-113
-68
-29
0
21
31
31
22
3
-21
-51
-84
-117
-148
-176
-198
-214
-222
-223
-216
-202
-181
-156
-126
-94
-60
-25
8
41
71
100
126
149
170
189
205
219
231
242
250
256
261
264
264
262
258
251
241
228
212
194
174
154
133
113
94
78
64
53
45
40
37
36
36
36
36
33
27
17
2
-17
-43
-73
-107
-144
-182
-219
-252
-281
-303
-316
-320
-313
-294
-264
-223
-171
-109
-39
36
118
202
286
368
444
513
572
619
652
670
672
658
629
585
530
463
388
307
223
138
54
-26
-101
-170
-231
-284
-328
-363
-390
-410
-422
-429
-430
-427
-421
-412
-401
-387
-371
-353
-332
-308
-280
-249
-212
-172
-127
-78
-26
26
79
130
178
219
252
274
285
282
265
234
189
131
62
-14
-98
-184
-271
-354
-430
-496
-551
-591
-615
-623
-614
-590
-551
-500
-438
-369
-294
-216
-137
-59
17
90
160
225
287
343
395
442
484
520
548
570
582
586
579
561
534
496
449
395
335
272
208
146
87
36
-7
-40
-62
-72
-70
-58
-36
-7
26
64
101
136
166
190
206
213
210
198
177
147
110
67
20
-28
-79
-130
-180
-228
-273
-314
-351
-385
-414
-438
-458
-474
-486
-494
-497
-497
-494
-487
-476
-463
-448
-431
-411
-391
-369
-347
-324
-300
-275
-249
-221
-192
-161
-127
-91
-54
-15
23
63
102
140
175
208
238
263
283
299
310
317
319
317
312
306
299
292
286
282
281
282
285
290
296
301
305
307
305
299
288
272
251
225
195
162
128
93
60
28
0
-23
-43
-57
-67
-73
-74
-72
-66
-58
-48
-35
-22
-6
9
27
45
64
82
99
115
128
138
143
144
139
128
112
91
66
36
5
-27
-59
-88
-113
-132
-144
-147
-140
-124
-97
-61
-17
32
87
143
198
249
293
328
351
361
355
335
299
250
188
116
38
-44
-125
-203
-273
-333
-379
-410
-426
-424
-408
-377
-335
-284
-227
-168
-110
-57
-11
25
50
65
68
61
47
26
3
-20
-42
-60
-73
-79
-79
-73
-61
-44
-23
0
23
46
68
86
102
113
120
122
121
116
109
99
88
76
63
51
40
29
19
9
0
-7
-15
-22
-29
-34
-39
-42
-45
-47
-49
-52
-56
-60
-67
-76
-87
-101
-115
-131
-147
-162
-175
-183
-186
-182
-171
-152
-125
-92
-53
-11
32
73
111
142
165
178
180
172
153
125
89
48
5
-36
-75
-108
-133
-146
-146
-133
-105
-65
-14
46
113
183
252
317
373
418
449
464
462
444
409
360
298
228
152
74
-2
-73
-136
-189
-229
-256
-270
-271
-261
-242
-214
-181
-145
-108
-70
-34
-1
28
55
78
98
113
126
134
140
141
139
133
122
108
88
65
36
4
-31
-71
-112
-154
-196
-236
-272
-303
-328
-345
-354
-355
-348
-335
-315
-292
-267
-242
-220
-202
-191
-189
-195
-209
-232
-261
-295
-330
-365
-397
-423
-441
-450
-450
-440
-422
-396
-365
-330
-293
-257
-223
-191
-163
-139
-117
-96
-76
-54
-28
1
38
81
132
190
253
320
390
459
524
584
635
676
704
717
716
701
671
629
576
515
449
380
313
249
191
141
101
70
50
39
37
42
52
67
83
98
112
123
130
131
126
116
99
77
51
19
-15
-53
-94
-137
-182
-228
-275
-322
-370
-417
-465
-511
-556
-598
-637
-671
-699
-720
-732
-734
-726
-705
-672
-626
-567
-497
-416
-325
-227
-123
-17
89
193
292
384
467
538
598
643
675
693
697
688
667
636
595
546
492
434
374
312
252
195
141
92
50
15
-11
-30
-39
-40
-31
-14
9
40
76
115
156
196
235
271
302
327
345
355
356
349
333
308
275
234
187
134
77
16
-46
-109
-172
-232
-289
-342
-389
-429
-461
-484
-497
-500
-492
-472
-442
-401
-349
-289
-221
-146
-66
15
98
179
256
328
391
445
486
515
531
533
521
497
463
420
371
318
264
212
162
118
80
49
25
8
-2
-8
-11
-12
-13
-15
-19
-26
-38
-53
-72
-94
-118
-143
-167
-189
-209
-225
-237
-244
-247
-246
-241
-234
-225
-216
-207
-199
-194
-191
-190
-193
-198
-205
-212
-220
-226
-231
-232
-230
-223
-212
-197
-177
-155
-129
-102
-75
-49
-25
-5
10
20
24
22
14
0
-19
-42
-67
-93
-118
-141
-159
-172
-178
-177
-169
-154
-132
-104
-70
-32
7
50
93
135
175
213
248
278
305
327
345
359
367
371
370
363
351
333
309
280
246
208
166
123
79
35
-6
-44
-79
-110
-136
-158
-176
-190
-201
-210
-218
-224
-231
-237
-243
-249
-254
-257
-259
-258
-253
-245
-232
-214
-192
-165
-135
-101
-64
-27
11
48
83
115
141
162
174
176
169
149
118
74
18
-47
-122
