-44
-45
-45
-44
-44
-44
-47
-52
-60
-72
-86
-102
-119
-135
-149
-160
-167
-167
-161
-149
-129
-104
-73
-40
-5
29
61
89
111
126
133
133
126
112
95
74
53
32
14
0
-11
-18
-20
-18
-12
-3
6
18
30
41
50
57
62
62
58
51
38
22
2
-21
-47
-74
-101
-127
-151
-170
-185
-193
-194
-188
-175
-155
-129
-100
-67
-33
-1
28
53
73
86
91
89
79
63
42
16
-11
-40
-67
-92
-112
-126
-134
-134
-127
-112
-90
-62
-29
6
44
82
118
152
181
206
226
239
247
249
246
238
227
213
197
181
165
150
137
127
120
117
118
122
129
139
149
160
168
173
174
168
155
135
108
74
34
-10
-56
-104
-149
-191
-228
-259
-282
-297
-305
-305
-300
-289
-274
-258
-240
-222
-206
-192
-181
-173
-169
-168
-171
-178
-188
-200
-213
-227
-240
-251
-260
-264
-263
-256
-241
-219
-188
-150
-104
-51
7
70
134
199
263
322
375
422
460
488
507
516
515
506
489
466
437
405
371
337
303
270
240
213
189
169
154
143
137
136
141
151
166
185
207
231
256
278
297
309
313
305
286
253
206
145
71
-15
-112
-216
-325
-436
-545
-649
-743
-826
-894
-945
-977
-991
-986
-964
-925
-874
-813
-744
-673
-601
-532
-468
-411
-362
-322
-291
-267
-249
-235
-223
-210
-195
-175
-149
-116
-75
-26
28
89
154
222
290
357
421
482
537
588
634
674
710
741
767
788
805
816
821
819
808
789
759
719
669
608
537
458
372
282
190
99
11
-70
-145
-210
-265
-307
-338
-357
-366
-364
-354
-337
-314
-288
-259
-230
-202
-175
-151
-130
-113
-99
-89
-82
-79
-80
-83
-89
-98
-110
-123
-138
-155
-172
-190
-207
-224
-241
-256
-269
-281
-291
-298
-303
-304
-303
-297
-287
-274
-256
-234
-209
-180
-148
-113
-76
-38
0
40
78
115
150
182
210
233
252
267
277
284
286
286
283
278
270
260
248
232
213
191
165
135
103
68
34
0
-29
-53
-69
-74
-67
-47
-13
33
93
163
239
318
395
465
526
571
600
609
598
567
517
452
374
286
192
97
2
-89
-175
-254
-325
-388
-443
-490
-530
-563
-588
-606
-617
-618
-611
-594
-565
-525
-474
-413
-341
-261
-176
-88
0
84
161
229
285
326
352
362
358
339
308
267
218
166
111
56
5
-42
-85
-121
-152
-177
-196
-210
-219
-225
-228
-229
-227
-224
-219
-212
-204
-195
-183
-171
-157
-141
-125
-109
-93
-78
-64
-51
-40
-31
-24
-19
-14
-9
-3
4
14
29
48
72
100
133
169
207
246
284
320
351
376
392
400
397
383
359
323
277
222
159
91
20
-51
-121
-186
-245
-296
-336
-366
-385
-392
-389
-376
-354
-325
-291
-252
-211
-168
-125
-84
-44
-6
29
62
93
121
148
173
194
213
228
238
243
242
236
223
206
184
159
132
105
80
58
40
27
19
17
18
24
32
41
50
58
63
64
61
54
41
25
4
-18
-43
-68
-92
-113
-130
-142
-148
-147
-138
-122
-100
-71
-36
0
40
79
117
150
177
197
210
213
209
197
180
158
133
108
84
62
44
31
24
22
26
35
47
63
79
95
108
119
125
125
121
111
97
78
57
34
11
-11
-34
-55
-75
-93
-109
-125
-138
-151
-162
-170
-176
-179
-177
-169
-156
-137
-111
-79
-42
0
42
86
129
167
200
225
241
247
242
227
203
171
133
90
46
1
-40
-78
-110
-134
-149
-155
-151
-139
-118
-90
-56
-20
15
51
82
107
125
133
132
121
101
72
37
-4
-49
-96
-142
-187
-227
-262
-291
-314
-329
-338
-342
-341
-336
-329
-319
-310
-299
-289
-278
-267
-254
-241
-227
-211
-194
-177
-158
-140
-123
-106
-91
-79
-68
-60
-54
-51
-49
-49
-50
-51
-51
-51
-49
-46
-41
-34
-27
-18
-10
-2
3
7
9
9
8
6
6
9
17
30
52
81
118
164
216
273
333
393
451
505
551
588
614
629
632
623
602
572
533
488
437
383
328
272
217
164
113
64
19
-23
-62
-98
-131
-160
-186
-209
-228
-243
-256
-265
-272
-277
-281
-284
-287
-289
-292
-296
-301
-307
-314
-321
-328
-334
-338
-341
-342
-341
-339
-334
-328
-322
-315
-307
-300
-292
-284
-275
-265
-251
-234
-212
-184
-149
-108
-59
-5
54
117
181
244
303
356
401
436
461
474
475
466
448
421
388
349
308
264
221
178
138
102
70
43
22
9
3
5
15
33
59
92
132
177
226
277
328
375
418
452
475
484
478
456
416
360
288
203
108
6
-96
-197
-291
-373
-440
-489
-517
-524
-510
-476
-424
-357
-280
-197
-111
-29
45
110
161
196
215
215
199
167
121
63
-3
-75
-149
-223
-293
-355
-408
-449
-477
-491
-489
-474
-445
-403
-351
-291
-226
-158
-90
-24
37
92
140
178
208
228
239
242
238
228
214
197
178
160
142
127
114
105
100
98
99
102
107
112
116
119
119
116
109
97
81
62
40
16
-9
-34
-58
-81
-100
-117
-130
-139
-145
-149
-150
-149
-148
-145
-143
-141
-140
-139
-138
-136
-134
-131
-126
-119
-109
-96
-81
-63
-41
-18
6
31
56
80
101
120
135
146
153
156
157
156
153
150
148
148
149
152
157
163
171
178
184
189
191
189
185
176
164
148
130
109
86
61
35
9
-16
-42
-67
-90
-112
-131
-148
-162
-172
-178
-180
-178
-171
-160
-145
-126
-104
-79
-51
-23
4
30
53
72
85
91
90
81
62
36
1
-40
-87
-140
-194
-249
-302
-350
-392
-425
-448
-459
-457
-440
-411
-367
-311
-243
-166
-82
6
97
186
271
348
415
467
503
520
516
493
448
385
306
213
110
3
-103
-206
-299
-379
-443
-486
-508
-508
-486
-442
-378
-297
-200
-92
23
143
264
382
494
598
689
766
828
872
897
904
892
861
812
746
666
574
471
360
245
128
11
-102
-210
-311
-403
-485
-555
-613
-658
-689
-708
-714
-709
-693
-668
-636
-599
-559
-518
-477
-438
-401
-368
-338
-311
-286
-262
-238
-213
-186
-155
-119
-80
-36
10
59
109
157
202
242
276
302
320
329
330
324
311
294
273
250
228
206
186
169
154
141
131
122
115
108
101
95
88
82
75
69
63
59
55
53
52
52
52
51
50
46
40
32
20
5
-11
-32
-53
-76
-98
-120
-138
-153
-163
-167
-165
-157
-142
-120
-94
-62
-28
7
42
76
106
132
151
164
169
167
158
142
120
93
63
32
1
-28
-54
-77
-94
-106
-111
-111
-105
-95
-79
-61
-40
-17
5
27
47
65
80
91
97
100
98
92
83
72
59
45
30
15
0
-14
-29
-44
-60
-78
-96
-116
-137
-159
-180
-199
-216
-228
-235
-235
-227
-211
-186
-153
-113
-65
-13
42
99
157
212
264
311
352
387
414
434
447
453
453
447
435
418
395
366
332
294
250
203
152
98
44
-10
-62
-110
-153
-190
-219
-239
-250
-253
-247
-236
-219
-200
-180
-162
-147
-139
-138
-146
-163
-188
-221
-260
-303
-347
-388
-423
-450
-464
-464
-449
-416
-368
-306
-231
-148
-61
25
108
184
250
303
342
367
378
377
366
348
324
297
270
243
219
198
181
167
156
147
138
128
116
100
80
55
25
-9
-49
-91
-135
-180
-225
-268
-308
-344
-378
-407
-433
-455
-475
-492
-506
-519
-529
-536
-540
-540
-535
-525
-509
-486
-454
-415
-368
-314
-253
-186
-117
-45
25
93
156
212
259
296
323
339
344
339
326
307
283
257
231
208
188
175
167
167
173
186
204
225
249
274
298
320
339
355
366
374
377
377
373
366
358
348
337
325
314
302
289
276
262
246
227
206
183
156
127
95
61
25
-12
-51
-91
-132
-173
-215
-256
-297
-337
-376
-412
-444
-472
-495
-512
-521
-522
-515
-499
-474
-442
-402
-355
-303
-248
-191
-133
-77
-24
23
65
100
127
146
156
160
156
147
133
117
100
83
69
59
53
54
61
74
92
115
142
171
201
231
258
282
302
318
329
336
338
336
331
325
316
308
299
292
285
279
275
271
267
263
257
250
241
229
214
197
177
155
131
106
80
54
27
1
-24
-50
-75
-100
-125
-148
-172
-193
-213
-231
-245
-256
-262
-263
-258
-248
-231
-209
-182
-150
-114
-76
-36
2
39
74
104
129
148
161
168
169
165
155
141
124
103
79
53
25
-4
-36
-69
-104
-139
-174
-209
-243
-276
-305
-331
-353
-371
-383
-391
-394
-392
-387
-378
-366
-352
-337
-321
-305
-288
-272
-255
-237
-218
-197
-174
-149
-120
-88
-54
-16
22
63
104
144
184
220
253
281
304
322
332
337
334
326
311
292
268
241
213
183
152
123
95
69
46
25
7
-7
-19
-29
-38
-46
-53
-61
-69
-78
-88
-99
-111
-124
-138
-150
-162
-172
-178
-182
-181
-176
-166
-152
-135
-114
-91
-67
-44
-22
-1
15
28
37
43
45
45
43
39
36
34
34
37
44
55
69
87
107
128
150
169
186
198
204
203
195
179
156
125
88
45
0
-49
-98
-146
-190
-230
-262
-286
-300
-304
-297
-279
-250
-211
-164
-111
-53
7
67
125
178
223
260
286
300
301
290
267
233
190
139
83
25
-32
-88
-139
-185
-222
-251
-270
-279
-277
-266
-245
-217
-183
-144
-102
-60
-20
16
48
74
93
105
110
109
102
91
77
62
47
33
20
10
4
1
2
6
13
23
35
49
63
77
92
107
123
139
157
177
198
220
243
265
285
300
309
310
304
289
265
234
197
155
109
62
15
-30
-71
-108
-139
-163
-181
-192
-198
-200
-198
-194
-190
-188
-187
-189
-194
-203
-216
-231
-248
-267
-286
-303
-319
-331
-339
-341
-337
-327
-309
-283
-250
-210
-162
-109
-52
7
68
129
186
237
280
314
337
347
345
330
305
269
227
180
132
87
47
17
-2
-8
-1
19
52
97
150
208
268
328
382
429
466
491
503
501
485
456
416
365
306
241
172
99
26
-46
-119
-190
-258
-324
-388
-448
-505
-557
-604
-644
-678
-702
-716
-719
-708
-684
-646
-592
-524
-443
-350
-247
-138
-25
86
194
295
384
458
515
554
573
572
552
515
462
396
322
242
160
80
5
-60
-117
-161
-192
-211
-218
-214
-200
-179
-152
-121
-90
-58
-27
0
25
46
64
79
91
101
109
115
120
125
130
134
137
139
140
139
135
129
119
106
89
69
45
20
-7
-35
-64
-92
-118
-141
-160
-175
-184
-187
-183
-173
-157
-135
-110
-81
-51
-22
4
27
45
57
62
61
52
38
17
-6
-34
-64
-94
-122
