589
585
570
545
513
476
436
396
357
323
294
271
254
242
234
229
225
220
213
201
184
161
131
94
51
3
-48
-102
-156
-209
-259
-303
-341
-370
-390
-399
-399
-388
-367
-338
-301
-258
-212
-163
-115
-70
-29
5
32
48
55
50
34
8
-26
-68
-114
-161
-208
-249
-283
-308
-322
-324
-314
-293
-262
-223
-179
-133
-87
-45
-9
19
37
45
41
26
2
-30
-70
-114
-159
-204
-245
-280
-307
-324
-329
-323
-304
-274
-233
-183
-125
-62
3
69
135
196
252
301
343
376
400
415
422
421
414
403
388
371
354
338
324
314
309
307
311
318
328
340
352
364
373
379
379
372
358
336
305
265
217
162
100
33
-37
-109
-181
-251
-318
-380
-436
-486
-529
-565
-593
-613
-626
-631
-629
-620
-604
-582
-554
-521
-484
-444
-401
-358
-313
-270
-227
-185
-146
-108
-71
-35
-1
33
68
105
143
182
223
266
310
354
396
437
474
505
531
550
560
562
556
541
518
488
453
415
374
332
292
255
223
195
174
158
148
142
139
137
134
129
119
103
81
51
14
-27
-75
-126
-178
-229
-277
-319
-353
-377
-390
-390
-377
-352
-316
-270
-216
-157
-96
-35
21
73
118
153
178
192
194
185
166
137
99
53
2
-52
-109
-168
-226
-281
-334
-382
-425
-462
-494
-519
-538
-551
-557
-556
-549
-534
-513
-485
-450
-408
-360
-306
-246
-183
-116
-46
23
92
161
226
287
342
391
433
468
494
513
523
527
524
516
502
486
466
445
423
401
378
355
331
305
278
247
213
176
134
88
40
-9
-60
-110
-157
-200
-238
-270
-294
-311
-320
-323
-319
-309
-294
-275
-253
-229
-204
-178
-151
-124
-96
-69
-42
-15
11
37
62
85
105
121
133
138
135
125
107
80
46
4
-42
-93
-145
-197
-246
-290
-326
-353
-369
-373
-366
-346
-315
-274
-225
-170
-111
-51
7
63
112
154
186
208
218
216
203
181
150
114
74
34
-3
-36
-62
-79
-86
-83
-69
-45
-12
27
74
124
177
231
283
332
377
417
449
475
492
499
498
486
464
432
392
342
286
224
158
91
24
-38
-95
-145
-186
-215
-233
-239
-233
-217
-192
-161
-126
-89
-54
-22
3
22
32
32
24
7
-18
-49
-86
-125
-165
-204
-240
-272
-297
-315
-324
-325
-316
-297
-269
-232
-186
-134
-75
-12
53
120
187
250
310
363
407
442
466
477
475
460
432
391
338
275
205
128
48
-31
-110
-183
-250
-308
-356
-392
-417
-431
-435
-429
-415
-396
-372
-345
-318
-292
-268
-247
-230
-218
-211
-207
-207
-210
-215
-219
-222
-223
-219
-209
-192
-169
-137
-97
-50
2
62
127
195
264
334
402
467
527
579
624
658
682
694
694
682
657
620
572
514
447
372
291
205
117
29
-57
-141
-220
-293
-357
-413
-459
-495
-519
-533
-536
-529
-512
-485
-450
-408
-360
-307
-251
-194
-137
-81
-27
21
66
105
137
162
181
192
196
193
185
171
153
132
109
86
62
39
17
-2
-20
-37
-52
-66
-79
-92
-104
-116
-127
-137
-147
-154
-160
-164
-165
-163
-159
-153
-144
-134
-122
-110
-96
-82
-68
-53
-37
-21
-4
13
33
54
76
100
126
153
180
207
234
258
281
299
313
322
324
321
310
293
269
239
205
166
125
83
42
3
-31
-61
-84
-99
-107
-106
-98
-83
-62
-37
-10
17
44
67
86
98
103
101
90
72
47
16
-19
-59
-101
-144
-185
-225
-261
-293
-320
-342
-359
-372
-380
-385
-388
-388
-388
-387
-386
-385
-383
-381
-376
-368
-357
-340
-318
-289
-252
-207
-153
-90
-18
61
148
241
339
438
536
632
722
804
876
936
983
1015
1032
1034
1020
992
949
892
824
744
654
555
450
340
227
113
0
-109
-214
-312
-401
-480
-547
-602
-644
-673
-689
-693
-688
-673
-652
-626
-598
-571
-547
-527
-514
-508
-510
-518
-533
-553
-577
-601
-623
-641
-653
-657
-651
-634
-607
-570
-523
-468
-406
-340
-272
-202
-133
-65
0
64
126
186
245
303
361
420
479
538
597
656
712
765
813
854
887
910
923
924
913
892
861
821
774
723
668
613
558
505
456
410
368
329
294
260
228
196
164
130
94
56
15
-27
-72
-119
-167
-215
-263
-309
-354
-397
-438
-478
-516
-554
-592
-631
-669
-708
-747
-784
-817
-846
-867
-879
-880
-868
-842
-802
-746
-677
-594
-500
-397
-289
-177
-65
43
145
237
318
384
436
471
490
492
479
453
414
365
309
248
186
125
68
19
-20
-48
-63
-63
-48
-19
23
78
142
214
291
369
447
521
588
647
696
731
752
758
747
720
677
618
546
462
367
266
159
49
-60
-169
-275
-377
-472
-560
-638
-705
-759
-797
-817
-819
-801
-763
-704
-627
-532
-424
-304
-177
-47
82
205
320
421
507
573
619
642
644
625
587
531
461
380
292
201
109
21
-61
-134
-198
-250
-290
-317
-332
-335
-326
-308
-280
-243
-200
-151
-97
-39
19
79
139
196
249
297
339
373
398
413
418
411
394
365
325
275
217
151
80
6
-69
-144
-217
-287
-351
-411
-464
-510
-549
-582
-607
-624
-635
-638
-635
-624
-608
-585
-556
-523
-486
-445
-402
-357
-311
-265
-220
-176
-133
-92
-53
-15
20
55
89
122
155
187
218
248
277
304
329
352
372
389
403
412
419
421
421
417
412
405
397
389
381
374
369
365
362
361
359
358
355
350
341
327
307
279
244
201
150
91
26
-44
-118
-194
-269
-343
-412
-476
-532
-579
-616
-643
-658
-662
-655
-637
-610
-575
-533
-485
-433
-379
-323
-268
-214
-163
-115
-72
-35
-4
20
38
50
55
55
51
44
34
25
18
14
14
21
35
56
85
122
164
211
262
313
364
411
453
489
515
532
538
533
515
485
444
393
331
262
188
110
31
-44
-115
-179
-233
-277
-307
-325
-330
-323
-305
-277
-242
-201
-156
-111
-65
-22
18
53
84
109
128
141
149
152
151
146
138
129
117
105
92
77
62
44
25
2
-23
-53
-87
-125
-167
-213
-260
-309
-357
-403
-444
-481
-510
-532
-544
-547
-541
-525
-499
-465
-423
-372
-315
-252
-182
-108
-29
52
138
226
316
407
497
586
673
754
830
897
953
997
1026
1038
1032
1008
965
904
826
735
632
521
404
286
169
56
-49
-146
-233
-308
-370
-419
-456
-481
-495
-499
-496
-486
-472
-456
-440
-424
-409
-397
-388
-382
-378
-377
-378
-379
-381
-383
-384
-384
-382
-377
-369
-359
-344
-327
-306
-283
-257
-229
-200
-169
-138
-108
-77
-47
-17
10
38
64
90
114
137
158
179
197
214
229
240
249
253
253
249
239
224
205
180
152
120
86
50
14
-20
-52
-80
-103
-118
-126
-125
-115
-96
-71
-39
-4
33
71
107
140
169
193
212
227
238
246
251
256
261
267
274
283
294
307
322
337
351
364
374
381
383
379
370
353
330
300
264
223
176
126
73
18
-36
-90
-142
-189
-232
-270
-301
-326
-345
-358
-365
-368
-368
-366
-363
-360
-358
-358
-360
-364
-370
-376
-382
-387
-391
-392
-390
-383
-372
-357
-337
-312
-284
-252
-218
-182
-146
-110
-75
-41
-10
18
44
68
89
108
125
141
157
172
188
204
221
239
257
275
293
310
325
336
344
347
345
339
328
313
295
275
254
232
211
191
173
157
144
134
126
120
116
113
111
108
105
100
92
83
71
56
39
19
-1
-24
-48
-73
-97
-121
-143
-164
-183
-199
-213
-223
-231
-236
-239
-239
-238
-235
-231
-226
-220
-212
-203
-193
-181
-167
-152
-134
-115
-96
-75
-55
-36
-19
-5
4
10
11
7
-1
-15
-33
-54
-78
-103
-128
-152
-174
-192
-206
-215
-219
-216
-206
-190
-168
-140
-108
-73
-37
-2
31
61
86
105
118
126
128
127
123
119
117
119
125
138
158
185
219
257
299
341
382
417
443
459
461
448
419
372
310
233
144
46
-57
-163
-268
-368
-461
-543
-613
-668
-709
-733
-742
-734
-711
-672
-621
-557
-483
-402
-317
-229
-144
-63
10
73
125
164
190
204
207
201
189
173
156
142
133
132
140
159
189
229
279
336
397
460
521
578
628
668
698
717
725
721
709
689
664
636
608
581
557
537
522
512
504
496
487
473
452
419
373
313
238
147
43
-73
-199
-332
-467
-601
-729
-848
-955
-1045
-1116
-1167
-1195
-1202
-1186
-1150
-1095
-1023
-938
-842
-738
-628
-516
-403
-292
-185
-82
13
101
181
254
317
373
420
461
494
520
541
555
562
563
557
544
523
495
460
418
370
317
261
203
145
89
36
-11
-53
-89
-118
-140
-154
-162
-164
-161
-153
-141
-127
-110
-92
-72
-52
-30
-7
15
41
68
96
126
158
190
222
253
282
307
327
339
344
339
323
297
260
213
157
95
28
-40
-107
-171
-228
-276
-313
-339
-353
-356
-347
-330
-306
-278
-248
-218
-190
-167
-148
-133
-123
-115
-109
-100
-89
-72
-48
-16
24
73
130
192
257
323
385
442
489
522
540
538
517
475
412
329
229
114
-12
-147
-285
-424
-559
-687
-807
-915
-1009
-1089
-1152
-1198
-1225
-1235
-1226
-1199
-1154
-1093
-1018
-930
-832
-726
-615
-500
-386
-273
-164
-60
36
125
205
276
338
391
434
468
495
514
526
532
534
531
525
517
507
496
484
472
461
450
440
430
421
411
401
389
376
361
344
325
304
281
257
232
207
182
158
135
113
94
77
63
53
46
42
43
46
53
61
70
79
87
92
95
93
86
74
56
32
3
-31
-71
-116
-166
-219
-274
-332
-390
-447
-502
-554
-599
-638
-666
-684
-688
-678
-652
-611
-554
-482
-396
-300
-195
-86
24
132
235
329
411
480
534
572
595
603
598
581
555
522
484
444
403
364
327
293
263
236
211
189
169
149
130
110
90
69
49
28
8
-9
-25
-39
-50
-58
-62
-64
-63
-60
-56
-51
-47
-43
-41
-40
-40
-42
-45
-47
-49
-49
-46
-41
-32
-21
-8
7
23
39
55
70
82
93
100
105
108
107
104
97
88
77
62
45
26
3
-23
-53
-87
-126
-170
-219
-274
-334
-398
-464
-532
-599
-662
-720
-769
-808
-833
-844
-840
-819
-781
-727
-659
-576
-481
-376
-262
-143
-19
105
232
357
479
597
710
816
916
1007
1091
1165
1231
1289
1337
1377
1406
1426
1434
1430
1412
1380
1331
1265
1183
1085
972
845
709
565
418
271
127
-8
-134
-246
-344
-425
-488
-535
-566
-583
-589
-589
-585
-582
-584
-594
-613
-645
-689
-744
-810
-883
-961
-1041
-1119
-1192
-1256
-1308
-1346
-1367
-1370
-1353
-1317
-1262
-1189
-1099
-995
-880
-755
-625
-492
-358
-226
-97
25
143
253
357
