-38
-21
-3
16
38
60
81
101
120
135
148
156
159
158
153
142
128
110
89
66
43
19
-3
-24
-43
-59
-72
-83
-91
-96
-99
-100
-99
-96
-92
-87
-81
-75
-67
-58
-48
-37
-26
-13
0
15
31
47
63
79
95
110
123
136
147
157
166
175
182
189
194
199
203
205
205
203
199
191
180
165
147
125
99
70
38
5
-29
-64
-98
-131
-160
-187
-208
-224
-234
-239
-237
-229
-216
-198
-177
-152
-125
-98
-71
-45
-20
2
22
40
57
71
85
98
112
126
142
158
176
194
212
230
244
256
262
263
256
242
221
191
154
112
64
14
-35
-84
-130
-170
-202
-226
-242
-248
-245
-235
-218
-195
-170
-142
-115
-89
-66
-48
-34
-26
-22
-24
-29
-37
-46
-55
-64
-70
-72
-72
-67
-59
-47
-33
-18
-2
12
24
33
38
37
31
19
1
-22
-50
-82
-115
-149
-182
-212
-236
-254
-265
-266
-259
-242
-216
-183
-142
-96
-47
5
58
110
160
207
250
288
320
345
363
375
379
376
367
352
331
305
275
241
204
165
125
84
43
3
-34
-69
-102
-131
-156
-176
-192
-201
-206
-204
-197
-185
-168
-146
-122
-95
-68
-42
-19
0
12
18
16
7
-10
-35
-65
-101
-140
-180
-220
-257
-290
-318
-339
-353
-359
-357
-347
-330
-307
-277
-242
-201
-157
-110
-60
-7
45
99
153
206
256
305
349
389
425
455
478
496
507
511
508
499
483
460
432
398
358
314
265
213
156
97
35
-29
-95
-162
-229
-294
-357
-416
-470
-516
-554
-583
-601
-608
-604
-590
-565
-530
-488
-439
-385
-328
-269
-210
-152
-97
-46
0
43
82
116
147
174
198
220
240
258
274
289
301
310
317
321
322
319
314
306
296
285
273
261
250
239
230
222
216
211
207
203
199
194
188
181
172
161
148
133
116
98
79
58
37
15
-6
-27
-48
-68
-87
-103
-117
-129
-138
-144
-148
-149
-147
-144
-139
-133
-126
-120
-113
-107
-101
-96
-91
-87
-82
-77
-72
-66
-59
-51
-43
-34
-25
-16
-8
0
5
11
14
17
17
16
13
9
3
-3
-11
-19
-28
-38
-47
-55
-63
-69
-73
-76
-75
-73
-67
-59
-49
-37
-23
-9
3
16
28
37
45
50
52
53
53
51
50
48
48
49
52
57
64
73
84
96
109
122
135
147
157
165
170
171
168
161
150
134
115
92
66
38
8
-21
-51
-81
-109
-137
-163
-187
-210
-232
-251
-270
-286
-300
-311
-319
-324
-325
-322
-314
-302
-284
-260
-231
-196
-154
-107
-54
2
64
128
195
261
325
387
442
491
530
560
577
583
576
558
529
489
442
389
331
271
210
150
92
38
-13
-60
-103
-141
-176
-207
-234
-257
-278
-296
-311
-325
-336
-345
-352
-357
-361
-362
-362
-359
-355
-349
-341
-331
-319
-304
-286
-266
-242
-215
-185
-153
-118
-82
-45
-9
25
58
88
114
135
152
164
171
172
169
162
150
135
118
99
80
61
44
30
19
12
10
13
19
30
43
59
75
91
106
119
128
134
135
132
124
112
97
80
61
42
23
7
-6
-16
-22
-25
-25
-22
-17
-10
-4
1
6
8
8
6
1
-5
-14
-25
-36
-47
-58
-67
-75
-82
-86
-88
-88
-86
-82
-76
-69
-61
-52
-43
-32
-21
-10
1
13
25
37
48
59
68
76
82
86
89
89
88
85
80
75
69
62
56
50
46
43
41
41
43
47
51
55
60
63
65
64
61
56
47
35
21
5
-12
-31
-50
-68
-85
-99
-111
-119
-123
-124
-120
-112
-101
-88
-73
-58
-44
-31
-23
-18
-19
-26
-40
-61
-88
-120
-158
-198
-241
-283
-323
-358
-388
-410
-424
-428
-421
-404
-377
-340
-295
-243
-185
-124
-59
4
68
129
187
239
286
327
362
389
411
426
436
442
443
441
437
432
425
419
413
407
401
396
390
383
374
363
348
330
308
283
253
221
185
149
111
73
36
0
-33
-65
-95
-122
-147
-169
-189
-206
-222
-237
-250
-261
-271
-280
-288
-294
-297
-299
-299
-296
-290
-283
-273
-261
-248
-234
-220
-206
-193
-182
-172
-166
-162
-162
-165
-172
-182
-194
-209
-224
-240
-254
-266
-275
-280
-281
-276
-265
-249
-226
-196
-161
-121
-76
-28
21
72
123
173
220
263
303
338
368
393
414
431
443
453
458
462
462
459
454
446
436
423
407
390
370
348
325
301
276
251
227
204
182
162
144
129
116
105
95
87
79
70
59
46
30
9
-14
-43
-77
-114
-155
-198
-242
-285
-327
-366
-399
-426
-446
-458
-460
-455
-440
-419
-391
-359
-323
-286
-249
-215
-183
-157
-135
-120
-112
-110
-114
-124
-138
-156
-176
-197
-216
-232
-243
-248
-245
-232
-208
-174
-129
-75
-12
57
132
208
283
354
420
477
523
558
581
591
588
574
550
516
475
427
376
322
266
211
158
106
57
12
-28
-66
-100
-130
-156
-178
-197
-213
-225
-233
-238
-239
-237
-231
-221
-208
-192
-173
-153
-131
-109
-87
-66
-46
-28
-11
3
15
26
36
44
52
59
66
73
81
89
98
108
118
127
136
144
150
154
156
155
150
141
129
113
94
71
46
20
-7
-34
-61
-85
-107
-124
-137
-145
-146
-142
-131
-113
-88
-58
-23
15
57
100
143
183
219
249
272
287
293
289
278
257
230
196
158
116
72
28
-15
-59
-100
-141
-180
-218
-256
-294
-334
-376
-419
-464
-510
-555
-599
-639
-674
-701
-719
-726
-720
-701
-668
-622
-562
-489
-406
-313
-214
-109
-3
102
205
303
392
471
539
592
632
656
665
661
643
614
575
528
476
420
364
307
253
203
157
116
80
51
26
6
-9
-23
-35
-47
-59
-73
-88
-106
-125
-145
-165
-184
-200
-212
-218
-217
-209
-193
-169
-139
-105
-67
-29
7
40
67
86
96
96
86
66
37
0
-43
-91
-141
-191
-238
-281
-317
-345
-364
-372
-370
-357
-334
-301
-260
-210
-155
-95
-32
30
93
153
208
257
299
333
357
372
378
376
366
349
327
301
272
243
214
185
158
133
110
88
69
52
36
22
9
-2
-12
-22
-30
-36
-41
-45
-46
-45
-43
-40
-36
-32
-29
-27
-26
-29
-34
-41
-51
-63
-75
-88
-99
-109
-116
-119
-119
-113
-104
-90
-72
-51
-27
-2
23
48
72
93
112
126
136
142
144
143
137
129
119
107
94
81
68
54
42
29
17
5
-6
-18
-31
-43
-56
-68
-79
-88
-94
-97
-95
-88
-76
-58
-35
-6
26
63
102
143
183
221
256
286
310
326
335
335
327
308
281
245
200
149
91
29
-36
-102
-168
-230
-288
-340
-383
-417
-441
-454
-455
-445
-426
-398
-362
-321
-278
-233
-190
-149
-113
-83
-59
-43
-33
-29
-31
-37
-47
-58
-69
-78
-84
-83
-75
-59
-34
0
43
95
155
219
286
354
419
480
534
578
611
631
638
632
611
578
534
479
418
351
281
212
146
85
31
-13
-48
-74
-90
-97
-96
-89
-79
-68
-59
-53
-54
-63
-81
-108
-145
-190
-241
-297
-355
-413
-468
-519
-563
-599
-625
-641
-647
-643
-629
-606
-574
-536
-493
-446
-396
-345
-294
-244
-196
-150
-107
-66
-29
5
37
67
94
121
146
170
195
219
243
268
293
317
341
364
385
404
420
432
441
447
448
445
438
426
412
393
372
348
322
294
265
235
204
172
140
108
76
44
12
-19
-51
-81
-111
-140
-167
-193
-216
-238
-258
-276
-291
-304
-314
-321
-326
-326
-324
-317
-308
-294
-278
-259
-237
-214
-189
-164
-138
-112
-88
-64
-42
-22
-4
11
25
37
47
56
64
71
77
83
87
91
94
96
95
93
88
80
69
55
38
19
0
-20
-41
-61
-79
-95
-109
-119
-126
-130
-131
-128
-123
-115
-105
-94
-80
-66
-50
-34
-18
0
17
35
54
75
96
118
142
166
191
216
241
263
284
300
312
318
317
309
293
269
238
200
157
109
57
5
-47
-97
-145
-188
-226
-258
-284
-304
-317
-326
-330
-331
-329
-325
-319
-312
-304
-294
-281
-265
-245
-221
-192
-158
-119
-75
-26
25
79
135
192
248
302
354
400
442
476
503
521
529
527
514
492
459
418
369
315
255
193
131
69
10
-44
-93
-136
-170
-196
-214
-222
-223
-216
-203
-185
-164
-140
-116
-92
-70
-48
-29
-13
0
10
18
22
22
19
13
4
-7
-20
-34
-48
-62
-75
-85
-93
-99
-101
-101
-98
-93
-86
-78
-69
-60
-52
-45
-39
-33
-28
-22
-16
-7
3
19
39
64
94
129
167
209
253
296
338
375
406
430
443
446
437
416
383
339
286
226
161
93
25
-40
-101
-156
-203
-243
-276
-301
-321
-335
-346
-355
-362
-370
-379
-389
-401
-414
-429
-446
-462
-478
-493
-504
-512
-515
-512
-502
-485
-461
-428
-388
-341
-287
-228
-165
-99
-33
33
96
156
211
259
300
334
359
377
388
391
389
381
369
353
334
312
288
263
237
211
185
162
141
125
113
108
110
119
135
159
189
224
263
303
343
380
413
440
460
471
472
463
444
415
376
328
273
210
141
69
-5
-81
-156
-227
-295
-356
-410
-455
-491
-517
-532
-537
-532
-517
-492
-460
-421
-376
-328
-277
-227
-178
-133
-93
-60
-34
-17
-9
-10
-20
-39
-65
-97
-135
-175
-217
-259
-298
-334
-365
-391
-412
-427
-438
-445
-449
-451
-453
-455
-457
-459
-460
-459
-455
-446
-430
-406
-372
-327
-271
-203
-123
-34
61
163
266
368
464
551
627
690
737
770
788
794
790
778
762
744
726
709
694
682
671
661
651
638
623
603
577
546
507
461
408
349
284
214
141
68
-3
-72
-135
-191
-239
-277
-305
-324
-334
-338
-336
-330
-323
-316
-310
-307
-307
-311
-318
-328
-340
-354
-367
-380
-389
-395
-395
-389
-375
-354
-323
-284
-235
-178
-112
-39
40
125
214
304
393
480
560
630
689
734
761
770
759
729
679
612
529
433
328
218
106
-2
-105
-198
-279
-346
-397
-433
-453
-460
-455
-442
-422
-399
-376
-355
-339
-328
-324
-326
-334
-347
-363
-380
-397
-411
-420
-424
-421
-410
-392
-366
-334
-296
-253
-206
-157
-106
-55
-4
46
95
142
187
229
269
306
339
370
397
420
439
454
464
470
470
465
455
439
419
393
363
328
290
250
207
163
119
75
32
-7
-45
-80
-112
-141
-167
-190
-210
-228
-243
-257
-269
-278
-285
-289
-290
-287
-280
-268
-252
-229
-201
-167
-129
-87
-42
2
47
89
126
157
179
192
195
188
172
149
119
86
51
17
-12
-38
-58
-72
-80
-83
-83
-81
-79
-80
-87
-100
-121
-150
-188
-233
-284
-340
-397
-454
-507
-555
-595
-625
-643
