-436
-420
-397
-367
-331
-291
-247
-200
-153
-107
-61
-18
22
59
92
121
145
166
181
193
200
203
201
196
187
174
158
140
119
97
75
54
34
16
1
-10
-17
-21
-21
-17
-11
-3
5
16
26
35
44
51
56
59
60
59
56
51
45
37
28
20
12
6
1
-1
-2
0
5
13
24
37
52
68
84
100
115
127
136
140
140
135
125
110
92
70
46
21
-4
-29
-52
-74
-93
-110
-124
-135
-143
-149
-153
-156
-157
-158
-159
-159
-160
-161
-162
-163
-164
-164
-163
-160
-154
-147
-136
-123
-107
-89
-69
-47
-25
-3
18
39
57
74
87
99
108
114
119
123
127
129
132
136
139
142
145
148
149
148
145
139
131
120
105
89
70
49
27
4
-17
-38
-57
-74
-88
-99
-106
-109
-108
-104
-97
-88
-75
-61
-45
-28
-11
6
23
39
54
67
78
86
92
94
94
91
86
77
66
53
38
21
4
-14
-32
-49
-65
-78
-88
-94
-97
-97
-93
-86
-78
-68
-58
-48
-40
-35
-31
-30
-31
-34
-39
-44
-50
-56
-60
-63
-62
-59
-52
-41
-26
-7
16
44
76
110
148
186
226
264
300
332
359
379
390
391
381
360
328
285
232
171
104
33
-38
-109
-177
-239
-295
-342
-381
-411
-432
-445
-450
-447
-438
-423
-403
-379
-350
-317
-281
-242
-200
-156
-111
-65
-21
21
61
95
125
147
162
170
171
165
152
135
114
90
64
39
15
-6
-25
-39
-49
-54
-54
-50
-41
-30
-17
-2
12
26
39
51
61
70
76
82
86
90
93
97
101
105
110
115
121
126
132
137
141
143
144
143
140
134
126
115
102
87
71
54
37
19
2
-12
-27
-41
-52
-63
-71
-78
-84
-89
-92
-94
-95
-96
-95
-93
-89
-84
-77
-69
-58
-47
-34
-20
-6
6
19
29
38
43
45
44
39
31
20
7
-7
-22
-37
-50
-61
-68
-72
-70
-65
-54
-40
-23
-4
15
35
55
72
88
100
109
114
117
116
112
105
97
87
76
66
56
47
39
33
29
27
27
29
31
35
39
43
48
52
55
57
58
57
55
50
44
35
24
11
-2
-18
-35
-52
-70
-87
-104
-120
-135
-148
-160
-171
-179
-185
-189
-191
-191
-188
-183
-175
-165
-154
-141
-126
-112
-97
-82
-69
-56
-45
-35
-27
-20
-14
-8
-3
2
8
15
23
32
42
54
66
79
92
106
119
131
143
152
160
166
170
171
169
165
157
147
134
118
100
79
57
33
7
-18
-44
-69
-93
-114
-133
-147
-158
-165
-167
-165
-159
-149
-137
-121
-104
-85
-66
-46
-27
-8
8
23
37
47
56
62
65
65
64
59
53
45
35
23
9
-5
-21
-39
-57
-75
-93
-110
-126
-141
-153
-163
-170
-173
-172
-167
-158
-145
-128
-108
-85
-60
-33
-7
19
44
67
88
107
124
137
148
156
162
165
166
165
161
155
148
138
127
115
102
87
73
58
44
31
19
9
0
-6
-11
-15
-18
-20
-23
-26
-31
-39
-48
-60
-74
-90
-108
-126
-144
-162
-178
-192
-202
-209
-212
-210
-203
-189
-170
-145
-114
-78
-38
5
52
99
146
191
233
271
303
330
350
364
372
374
370
362
350
334
315
295
273
251
228
206
184
162
141
121
101
82
65
48
32
18
6
-4
-12
-18
-21
-22
-21
-18
-13
-7
-1
5
10
14
17
16
13
6
-4
-17
-35
-56
-80
-107
-137
-169
-202
-236
-270
-304
-335
-364
-390
-411
-428
-439
-445
-446
-442
-433
-419
-400
-378
-352
-322
-289
-254
-215
-175
-132
-86
-39
9
59
110
162
214
265
315
362
405
442
474
499
515
523
521
510
489
459
421
376
324
267
206
144
81
19
-38
-93
-143
-186
-223
-252
-275
-291
-300
-304
-302
-296
-287
-275
-260
-243
-225
-205
-184
-162
-140
-117
-93
-70
-47
-25
-5
12
26
36
42
44
41
34
23
10
-3
-17
-29
-39
-44
-44
-39
-28
-11
11
38
69
102
137
172
204
233
258
278
291
299
302
299
293
284
274
264
254
246
239
234
230
227
224
220
214
205
191
173
148
118
82
40
-7
-59
-114
-172
-230
-287
-341
-391
-437
-476
-508
-533
-551
-561
-564
-561
-551
-535
-515
-490
-462
-430
-397
-361
-325
-288
-251
-213
-177
-140
-103
-66
-29
8
47
86
126
166
206
244
279
311
339
361
377
387
389
384
371
353
328
299
266
231
195
160
125
93
64
38
16
-2
-18
-31
-41
-49
-55
-60
-63
-64
-63
-60
-54
-45
-32
-16
4
28
55
85
117
149
180
210
237
260
278
290
297
297
290
278
260
237
211
181
150
118
87
58
31
9
-9
-22
-31
-34
-33
-28
-19
-8
4
18
32
47
60
72
82
90
95
97
96
91
84
73
59
44
26
8
-10
-29
-49
-68
-87
-106
-126
-147
-170
-194
-220
-247
-276
-305
-333
-359
-381
-397
-407
-409
-402
-385
-359
-324
-282
-235
-185
-134
-85
-41
-4
24
44
54
53
44
28
6
-18
-43
-66
-85
-98
-102
-99
-87
-69
-46
-22
1
20
31
32
20
-4
-44
-96
-160
-232
-309
-386
-460
-527
-581
-620
-640
-639
-615
-568
-499
-409
-301
-179
-47
89
227
360
484
596
691
768
824
861
877
875
855
820
772
714
648
578
505
432
361
294
231
174
123
78
40
8
-18
-40
-57
-71
-82
-90
-97
-103
-108
-114
-120
-129
-138
-151
-165
-183
-202
-223
-246
-268
-290
-311
-328
-341
-349
-351
-346
-335
-316
-290
-258
-220
-178
-133
-85
-36
13
61
106
148
184
214
236
248
251
244
226
197
160
115
63
7
-51
-110
-168
-222
-271
-313
-348
-373
-389
-395
-391
-378
-355
-325
-287
-242
-193
-140
-85
-29
25
79
129
176
218
254
284
308
326
339
345
346
342
335
323
310
294
277
260
243
227
212
198
187
177
170
166
164
165
169
175
183
192
202
212
222
229
235
238
237
233
225
213
197
178
156
133
108
82
57
32
8
-13
-33
-51
-67
-80
-91
-99
-104
-107
-108
-108
-108
-108
-109
-112
-118
-128
-140
-156
-175
-196
-217
-238
-257
-272
-282
-286
-282
-269
-248
-218
-181
-136
-87
-34
19
72
121
165
202
230
248
256
254
242
221
192
156
115
70
22
-25
-72
-119
-162
-203
-239
-272
-300
-324
-344
-359
-370
-377
-380
-377
-369
-355
-335
-309
-277
-239
-195
-147
-96
-44
6
54
97
133
161
178
186
183
171
151
124
94
62
32
5
-14
-27
-31
-26
-11
12
42
78
117
156
193
226
252
270
279
277
265
243
212
174
131
83
33
-15
-62
-106
-145
-178
-205
-225
-238
-245
-245
-238
-226
-208
-185
-157
-124
-88
-49
-7
35
79
122
164
202
236
264
284
296
298
290
271
243
206
162
112
58
3
-50
-101
-147
-187
-220
-246
-263
-272
-274
-269
-259
-243
-222
-198
-172
-144
-115
-86
-58
-31
-7
13
31
46
58
66
74
80
87
96
109
127
151
183
222
269
324
385
451
518
586
649
706
753
788
808
812
799
768
719
654
575
482
378
266
148
28
-91
-208
-319
-424
-518
-601
-672
-728
-769
-796
-807
-804
-787
-757
-717
-667
-611
-550
-486
-421
-357
-296
-238
-184
-134
-90
-50
-14
17
46
71
93
112
129
142
152
158
161
161
157
151
142
132
122
111
101
94
88
86
86
90
95
102
109
115
119
118
112
99
79
51
16
-25
-72
-121
-171
-220
-264
-300
-328
-345
-350
-343
-323
-292
-251
-202
-146
-87
-26
32
87
137
180
214
238
253
258
254
242
223
198
169
138
106
74
43
13
-12
-37
-59
-79
-97
-114
-131
-146
-159
-171
-181
-187
-190
-187
-179
-165
-144
-117
-83
-45
-2
43
90
136
179
217
249
273
287
291
284
268
242
208
167
121
71
20
-30
-80
-127
-170
-209
-243
-272
-295
-313
-326
-332
-333
-328
-318
-302
-280
-254
-223
-188
-149
-107
-64
-20
22
62
99
130
156
173
183
185
178
164
142
115
82
46
8
-29
-68
-104
-139
-169
-196
-218
-235
-247
-253
-254
-250
-240
-225
-205
-180
-151
-118
-82
-44
-5
35
75
115
153
190
224
256
285
311
334
353
369
382
390
395
396
393
387
378
367
356
343
331
320
310
302
296
292
290
290
291
293
295
296
295
292
284
273
257
237
212
184
152
119
84
49
15
-15
-43
-68
-89
-104
-115
-121
-122
-117
-109
-96
-80
-61
-41
-20
0
21
39
54
67
75
79
77
70
56
36
9
-25
-67
-115
-169
-228
-290
-354
-417
-478
-534
-584
-626
-658
-681
-692
-691
-679
-656
-622
-580
-530
-475
-417
-358
-300
-246
-196
-151
-113
-81
-55
-35
-20
-8
0
8
15
22
31
42
56
72
90
110
132
154
177
198
217
235
249
260
268
274
277
279
281
284
288
294
303
315
330
348
367
388
409
429
446
461
471
475
474
466
451
428
398
361
317
266
209
146
78
7
-67
-143
-219
-294
-366
-435
-497
-553
-600
-638
-666
-683
-689
-685
-670
-645
-612
-571
-525
-474
-421
-367
-315
-265
-219
-178
-143
-114
-91
-74
-63
-58
-56
-58
-61
-65
-68
-68
-64
-55
-39
-16
14
52
97
147
202
260
318
374
427
473
510
536
549
548
532
499
452
390
315
230
138
42
-54
-147
-233
-309
-373
-422
-455
-472
-474
-461
-434
-395
-347
-292
-231
-167
-102
-36
27
88
147
201
249
292
327
354
372
380
376
363
338
305
264
218
169
121
78
42
18
7
13
36
77
135
209
294
387
484
578
663
735
790
822
832
817
778
720
644
555
459
360
261
168
81
2
-68
-130
-185
-236
-283
-329
-375
-423
-472
-524
-577
-630
-680
-724
-760
-783
-793
-785
-759
-714
-652
-573
-482
-382
-276
-169
-66
31
118
194
258
308
344
369
382
386
382
371
356
337
316
292
267
240
211
179
143
103
59
11
-42
-100
-161
-225
-291
-355
-417
-475
-526
-569
-602
-623
-631
-626
-608
-577
-534
-480
-419
-352
-282
-213
-146
-84
-30
13
46
67
76
73
59
35
4
-33
-74
-115
-155
-191
-220
-240
-251
-251
-239
-215
-181
-137
-84
-24
39
107
174
241
304
363
416
462
501
534
559
577
590
597
599
598
592
582
568
551
530
504
475
440
401
356
307
253
194
130
63
-7
-80
-155
-232
-310
-389
-468
-546
-624
-700
-775
-846
-914
-976
-1032
-1078
-1114
-1137
-1145
-1138
-1115
-1074
-1016
-941
-851
-747
-631
-506
-373
-235
-94
48
190
331
468
603
733
859
979
1093
1199
1297
