135
149
159
166
172
178
185
194
206
222
241
262
284
307
329
347
362
372
376
373
365
352
335
315
294
275
257
244
234
230
229
231
235
239
241
240
234
222
204
179
149
114
76
35
-6
-47
-87
-126
-162
-196
-227
-257
-285
-311
-336
-360
-382
-401
-418
-431
-440
-443
-440
-429
-412
-386
-354
-316
-272
-223
-172
-119
-66
-14
35
83
126
166
201
230
254
271
282
287
284
275
258
235
206
171
132
90
45
0
-45
-89
-129
-164
-192
-213
-226
-229
-223
-207
-182
-149
-110
-64
-15
34
85
133
177
214
243
264
274
275
265
246
220
188
151
113
76
42
13
-9
-23
-28
-23
-9
12
42
77
115
154
192
226
255
276
290
294
288
273
250
218
179
133
82
28
-29
-89
-149
-210
-269
-325
-377
-424
-464
-496
-520
-534
-538
-532
-515
-488
-452
-408
-357
-300
-239
-176
-114
-54
1
50
92
126
152
169
179
182
180
175
168
162
156
152
151
152
155
159
163
168
171
172
171
167
159
149
135
119
101
80
59
38
17
-2
-20
-36
-49
-58
-64
-67
-65
-60
-52
-42
-32
-21
-11
-4
0
0
-4
-12
-25
-40
-58
-77
-96
-114
-128
-140
-148
-153
-155
-155
-153
-152
-152
-153
-157
-164
-172
-182
-193
-204
-212
-217
-217
-211
-198
-176
-147
-110
-65
-14
41
100
161
221
279
334
383
427
463
493
515
530
538
540
536
528
514
496
473
447
416
381
341
296
247
194
135
74
9
-57
-124
-191
-255
-315
-370
-419
-461
-495
-520
-537
-545
-544
-535
-517
-492
-459
-421
-378
-331
-282
-233
-185
-139
-96
-58
-24
3
26
44
58
68
76
82
87
93
99
106
113
122
131
140
148
154
157
158
154
147
135
118
98
73
46
17
-12
-42
-70
-95
-116
-132
-142
-144
-140
-128
-109
-83
-52
-16
21
60
99
135
166
191
208
217
217
207
189
164
133
98
62
28
-2
-28
-45
-54
-54
-44
-25
1
34
71
111
151
190
224
253
274
288
294
292
281
264
242
215
185
153
120
87
52
17
-17
-55
-94
-135
-178
-223
-269
-316
-363
-408
-453
-494
-531
-564
-591
-612
-625
-631
-627
-615
-594
-564
-527
-484
-436
-386
-336
-288
-245
-209
-181
-162
-153
-153
-161
-173
-186
-197
-201
-192
-167
-123
-56
35
150
287
443
612
790
968
1141
1300
1439
1553
1638
1691
1712
1700
1658
1589
1499
1391
1272
1146
1018
891
766
645
527
411
295
177
55
-70
-200
-333
-466
-597
-721
-834
-932
-1013
-1072
-1110
-1126
-1120
-1095
-1053
-997
-931
-859
-784
-711
-641
-578
-523
-476
-439
-410
-389
-374
-363
-355
-347
-339
-328
-314
-296
-275
-249
-221
-190
-157
-124
-91
-59
-28
0
27
51
74
94
113
130
147
164
180
196
213
229
245
260
274
286
296
304
308
309
307
302
294
283
270
254
236
216
194
169
142
114
84
52
21
-9
-39
-67
-91
-110
-123
-130
-130
-122
-107
-86
-59
-27
6
40
74
103
128
144
152
148
133
105
65
12
-51
-125
-208
-297
-390
-486
-582
-676
-766
-849
-922
-984
-1032
-1063
-1075
-1068
-1038
-985
-910
-811
-691
-551
-393
-220
-35
158
357
558
756
947
1129
1297
1447
1576
1681
1759
1806
1822
1804
1752
1667
1549
1401
1227
1031
818
594
366
141
-75
-277
-459
-615
-744
-841
-908
-944
-952
-935
-898
-845
-783
-717
-652
-592
-540
-499
-470
-451
-443
-442
-446
-453
-459
-462
-458
-446
-425
-394
-353
-303
-247
-186
-123
-61
-2
50
97
134
162
180
188
186
174
153
122
84
39
-11
-65
-122
-178
-231
-278
-316
-342
-354
-349
-328
-288
-230
-155
-66
35
147
264
383
501
612
714
803
876
932
968
984
980
956
912
852
778
692
597
499
400
303
213
131
60
2
-44
-78
-100
-113
-117
-116
-110
-102
-95
-88
-84
-84
-87
-94
-104
-117
-132
-147
-162
-176
-188
-197
-203
-207
-208
-206
-204
-200
-195
-190
-185
-180
-175
-169
-164
-157
-150
-142
-134
-126
-119
-113
-108
-106
-107
-111
-119
-129
-142
-156
-172
-188
-203
-217
-228
-236
-239
-238
-233
-223
-208
-188
-164
-136
-103
-66
-26
18
64
113
163
212
257
298
331
355
366
365
350
320
276
219
152
75
-8
-96
-185
-272
-356
-434
-504
-564
-614
-652
-679
-694
-699
-693
-677
-654
-623
-586
-544
-499
-451
-403
-354
-307
-261
-219
-179
-142
-108
-76
-44
-12
20
56
96
140
189
243
302
365
432
500
570
638
704
766
821
868
905
931
944
943
929
901
859
806
743
672
595
514
431
349
270
196
130
72
25
-9
-31
-39
-33
-14
15
55
101
151
200
244
279
301
306
291
255
196
117
18
-97
-224
-358
-493
-625
-747
-856
-947
-1018
-1067
-1093
-1096
-1077
-1039
-982
-910
-825
-731
-630
-525
-419
-313
-211
-114
-23
58
132
197
252
298
334
361
380
391
397
397
393
386
377
369
361
354
349
346
345
346
347
348
349
347
343
335
323
308
289
267
242
216
189
163
138
116
97
82
71
63
59
57
57
58
58
56
52
46
35
22
5
-13
-35
-58
-81
-103
-124
-141
-155
-163
-166
-163
-154
-140
-122
-100
-76
-52
-29
-10
5
16
20
19
10
-3
-22
-46
-74
-104
-136
-168
-198
-228
-254
-277
-296
-311
-322
-328
-331
-331
-327
-320
-311
-299
-285
-268
-249
-227
-202
-175
-146
-115
-82
-49
-15
17
49
80
108
132
154
171
183
191
194
192
187
177
164
148
129
109
86
63
39
13
-11
-36
-60
-83
-104
-121
-133
-140
-140
-133
-118
-95
-65
-28
13
59
106
151
191
223
243
251
242
216
174
114
41
-42
-132
-225
-313
-391
-454
-496
-514
-504
-465
-396
-297
-173
-26
136
309
483
652
807
942
1050
1126
1169
1177
1150
1093
1008
901
777
642
501
361
224
94
-24
-132
-227
-310
-382
-443
-495
-540
-580
-616
-649
-680
-710
-739
-766
-791
-813
-831
-844
-852
-852
-844
-827
-800
-764
-718
-662
-596
-521
-438
-347
-250
-148
-43
63
172
279
384
484
579
665
742
806
857
892
910
909
890
853
798
727
644
552
455
356
261
171
90
20
-36
-81
-113
-133
-144
-146
-142
-134
-124
-114
-104
-97
-92
-89
-88
-88
-90
-91
-91
-90
-87
-81
-74
-64
-52
-39
-26
-12
1
14
28
40
53
66
79
92
106
121
137
152
168
182
194
204
210
211
208
200
186
166
140
110
74
35
-6
-50
-94
-137
-178
-215
-246
-272
-291
-303
-307
-305
-297
-284
-267
-246
-223
-199
-174
-151
-128
-108
-91
-78
-69
-65
-66
-73
-87
-106
-132
-165
-203
-246
-294
-346
-400
-455
-509
-562
-610
-652
-685
-707
-716
-708
-684
-641
-579
-498
-400
-288
-163
-31
103
237
364
479
578
657
713
743
748
728
686
624
547
461
371
283
202
133
79
44
27
30
51
86
134
190
251
313
372
426
473
510
538
555
563
563
555
541
520
495
465
430
389
343
291
233
169
99
25
-51
-129
-206
-280
-350
-413
-469
-515
-552
-580
-597
-605
-604
-595
-579
-558
-532
-502
-471
-438
-405
-372
-340
-308
-277
-246
-215
-182
-149
-115
-79
-43
-7
28
61
92
118
139
155
164
167
164
155
141
125
106
87
69
54
44
38
38
44
56
73
95
120
149
179
209
239
268
295
319
341
359
373
384
392
395
394
388
378
361
338
309
272
228
176
117
52
-18
-93
-172
-252
-332
-409
-482
-549
-607
-656
-693
-717
-727
-723
-704
-671
-625
-565
-493
-411
-319
-220
-115
-6
105
216
327
434
535
630
715
789
850
896
927
942
940
922
887
837
773
698
613
520
422
320
218
116
18
-75
-162
-241
-311
-371
-420
-458
-484
-499
-503
-498
-485
-464
-438
-409
-377
-345
-313
-284
-259
-237
-220
-207
-197
-192
-189
-187
-187
-186
-184
-181
-175
-167
-157
-144
-130
-115
-99
-84
-70
-58
-49
-43
-40
-40
-43
-47
-52
-57
-61
-65
-66
-65
-63
-57
-50
-41
-29
-17
-2
12
29
46
63
81
97
112
125
136
143
146
146
141
132
120
104
86
67
49
32
18
7
2
3
9
20
36
55
76
96
115
129
139
141
136
124
104
77
44
7
-32
-74
-116
-155
-191
-223
-250
-271
-286
-295
-297
-295
-287
-275
-258
-238
-214
-186
-154
-117
-75
-28
25
86
153
226
305
387
472
556
636
710
774
825
861
880
880
861
823
768
696
609
510
400
282
158
31
-97
-224
-348
-465
-574
-670
-753
-818
-866
-895
-903
-893
-864
-820
-763
-695
-621
-543
-465
-390
-320
-257
-202
-155
-116
-85
-59
-38
-20
-3
13
30
49
70
91
112
132
151
166
177
184
186
183
176
166
155
143
132
125
122
124
133
147
167
193
221
252
282
309
331
347
354
352
339
316
282
240
191
137
80
23
-31
-82
-127
-166
-198
-222
-240
-251
-256
-258
-256
-253
-249
-244
-240
-236
-232
-227
-222
-214
-205
-192
-176
-156
-133
-108
-81
-52
-24
3
29
53
74
92
106
117
124
129
131
131
129
127
125
123
123
125
129
136
146
160
176
196
217
240
262
283
301
314
320
318
306
284
251
207
154
92
24
-47
-121
-194
-265
-330
-387
-437
-476
-506
-525
-534
-534
-524
-506
-480
-447
-409
-365
-317
-265
-210
-153
-95
-35
24
83
141
197
250
297
337
368
388
395
386
359
314
248
162
56
-68
-210
-366
-531
-701
-871
-1035
-1187
-1322
-1435
-1522
-1579
-1603
-1592
-1545
-1460
-1339
-1181
-987
-760
-503
-219
86
407
738
1070
1394
1703
1988
2240
2452
2618
2735
2799
2812
2777
2697
2580
2432
2263
2080
1890
1702
1519
1345
1183
1033
894
764
641
521
401
279
152
20
-117
-259
-406
-554
-702
-845
-982
-1109
-1224
-1325
-1411
-1480
-1533
-1571
-1594
-1604
-1603
-1594
-1577
-1554
-1527
-1496
-1461
-1421
-1377
-1326
-1268
-1200
-1122
-1032
-931
-817
-692
-557
-413
-263
-109
46
200
350
493
625
744
849
936
1007
1058
1091
1106
1103
1085
1052
1007
952
890
822
751
680
610
542
479
421
368
318
272
228
184
138
87
31
-30
-101
-179
-263
-354
-447
-540
-631
-714
-788
-847
-890
-912
-913
-892
-848
-782
-696
-592
-474
-344
-207
-66
73
209
338
456
562
652
727
784
823
844
849
836
807
763
706
637
558
470
377
281
183
86
-7
-96
-179
-256
-324
-384
-436
-480
-515
-543
-564
-579
-589
-596
-599
-599
-598
-595
-591
-586
-581
-573
-565
-554
-540
-524
-503
-479
-450
-416
-377
-333
-285
-233
-177
-119
-59
1
61
121
178
232
281
325
362
391
412
422
423
413
392
360
318
267
209
144
