332
318
299
277
253
227
200
173
148
124
104
88
75
65
57
52
47
42
35
24
10
-10
-36
-71
-113
-164
-223
-289
-362
-441
-524
-608
-693
-775
-852
-921
-979
-1024
-1054
-1066
-1060
-1036
-994
-935
-860
-774
-678
-577
-473
-370
-271
-177
-91
-14
54
115
170
219
264
307
349
392
436
482
529
577
626
673
718
760
797
828
854
872
884
889
887
879
865
845
820
788
750
706
654
595
527
452
369
278
182
81
-20
-123
-224
-319
-407
-485
-552
-605
-643
-667
-675
-669
-650
-619
-578
-529
-475
-417
-359
-303
-251
-206
-167
-138
-118
-107
-106
-113
-127
-147
-170
-194
-218
-238
-252
-259
-256
-244
-222
-190
-148
-99
-45
12
70
127
178
221
254
276
286
283
269
246
215
181
145
112
84
64
53
52
61
80
106
137
171
205
235
260
278
286
283
270
248
216
178
134
88
41
-3
-45
-81
-112
-136
-154
-167
-173
-176
-175
-171
-165
-158
-150
-141
-132
-123
-113
-104
-95
-88
-81
-77
-74
-73
-73
-75
-76
-78
-77
-75
-70
-61
-49
-34
-16
4
27
51
76
100
122
143
162
178
192
203
212
220
226
231
235
239
243
248
253
259
266
275
286
298
311
324
337
350
361
369
374
374
369
359
343
320
290
254
212
165
113
58
0
-57
-114
-169
-221
-269
-313
-351
-384
-411
-433
-451
-463
-472
-476
-477
-476
-471
-465
-458
-450
-442
-433
-425
-416
-408
-400
-392
-382
-370
-356
-338
-317
-291
-262
-228
-190
-149
-105
-59
-12
35
82
127
169
208
242
270
292
306
313
311
302
286
262
234
201
166
130
95
62
35
13
0
-5
-1
11
33
63
100
142
188
235
281
324
362
393
416
429
432
424
405
377
339
294
242
186
127
66
6
-52
-108
-159
-207
-249
-287
-319
-346
-368
-385
-397
-405
-409
-410
-406
-399
-388
-374
-357
-336
-311
-284
-253
-221
-186
-150
-114
-78
-44
-13
15
42
65
85
102
118
132
144
156
167
177
186
193
198
201
202
201
197
192
186
179
172
166
161
158
157
158
161
167
173
180
186
189
190
187
178
163
143
117
85
50
12
-26
-65
-101
-135
-164
-188
-206
-218
-225
-226
-224
-217
-208
-197
-185
-172
-159
-146
-133
-121
-108
-96
-85
-75
-66
-58
-52
-47
-44
-43
-44
-46
-50
-55
-59
-64
-69
-72
-73
-73
-70
-64
-57
-46
-35
-21
-8
4
16
26
33
38
39
38
33
27
19
10
0
-7
-14
-18
-20
-20
-17
-11
-3
5
14
23
31
37
41
41
38
32
23
13
2
-8
-17
-24
-27
-25
-19
-8
7
28
53
82
113
146
179
211
241
266
287
301
307
306
297
280
256
225
189
148
105
59
12
-33
-79
-123
-165
-206
-244
-280
-315
-348
-379
-407
-434
-456
-475
-487
-493
-489
-474
-448
-407
-353
-284
-203
-109
-6
103
215
326
432
529
612
680
728
755
761
745
708
652
581
497
403
305
204
106
13
-71
-146
-209
-259
-297
-321
-334
-335
-328
-312
-290
-263
-234
-202
-170
-137
-106
-77
-49
-23
-1
18
35
49
59
65
68
67
63
55
44
31
16
0
-15
-30
-45
-57
-68
-77
-82
-85
-86
-83
-78
-71
-62
-51
-38
-24
-8
8
26
44
63
83
103
121
139
154
166
175
179
178
172
160
143
122
97
69
38
7
-24
-54
-83
-109
-131
-149
-163
-172
-176
-175
-169
-160
-146
-130
-112
-93
-73
-54
-35
-18
-2
9
20
28
34
38
41
43
43
44
44
44
45
44
44
43
40
37
31
25
17
7
-2
-13
-25
-36
-47
-57
-67
-76
-84
-91
-98
-104
-110
-116
-122
-128
-133
-137
-140
-140
-139
-134
-126
-114
-99
-80
-57
-32
-5
22
50
78
103
124
142
154
161
161
155
143
125
102
76
48
19
-8
-34
-56
-74
-87
-94
-95
-92
-84
-73
-60
-46
-32
-21
-12
-8
-8
-13
-22
-37
-55
-75
-98
-120
-142
-160
-174
-183
-185
-179
-166
-146
-118
-85
-47
-7
33
73
109
141
167
186
197
201
199
191
178
162
145
128
112
99
88
80
76
75
77
81
86
92
98
103
106
108
108
106
101
94
86
75
64
51
38
25
12
0
-11
-22
-31
-39
-46
-51
-55
-58
-59
-59
-59
-57
-55
-52
-48
-44
-39
-34
-27
-20
-10
0
12
25
40
57
73
90
107
123
139
153
166
177
187
196
203
210
215
220
224
227
230
233
235
236
236
234
228
219
206
189
167
141
111
77
42
5
-31
-66
-99
-129
-154
-175
-191
-202
-208
-211
-209
-206
-201
-195
-190
-186
-184
-184
-186
-190
-195
-200
-204
-207
-208
-206
-200
-191
-178
-161
-143
-123
-103
-84
-67
-55
-49
-49
-58
-74
-99
-132
-172
-217
-264
-311
-356
-394
-423
-440
-442
-429
-399
-354
-294
-221
-139
-50
40
129
212
287
348
395
425
439
437
420
390
351
305
256
207
161
121
87
61
43
33
30
31
36
43
50
55
58
58
55
48
39
28
15
2
-9
-21
-30
-38
-44
-47
-49
-49
-47
-44
-40
-35
-30
-25
-21
-17
-15
-13
-13
-14
-17
-22
-28
-36
-47
-58
-71
-86
-100
-116
-131
-146
-160
-173
-185
-195
-203
-209
-212
-214
-213
-211
-206
-199
-190
-180
-167
-152
-134
-115
-92
-68
-41
-12
17
48
79
110
139
165
188
208
224
235
241
243
241
236
228
218
207
197
188
180
174
171
169
168
169
171
173
175
176
176
176
175
172
168
162
154
145
134
122
108
93
77
60
43
26
9
-6
-21
-34
-45
-53
-59
-61
-59
-55
-48
-39
-28
-17
-5
5
14
21
26
28
27
24
19
11
2
-7
-17
-27
-36
-44
-49
-53
-54
-52
-48
-42
-34
-25
-14
-3
7
19
29
40
50
59
69
78
88
97
106
115
122
128
132
132
130
123
112
97
78
56
31
5
-21
-46
-70
-89
-104
-114
-117
-114
-106
-92
-75
-54
-33
-11
8
25
38
48
53
54
52
47
39
30
21
13
6
0
-2
-4
-4
-2
-1
0
1
1
0
-5
-13
-23
-36
-51
-69
-88
-108
-129
-151
-172
-192
-211
-229
-246
-260
-273
-283
-291
-296
-298
-296
-292
-283
-271
-255
-236
-214
-190
-165
-138
-111
-85
-60
-37
-17
0
13
23
30
33
34
32
29
24
17
10
4
-1
-4
-5
-2
4
16
33
57
85
119
157
198
241
283
323
359
389
410
422
423
412
390
357
314
264
208
149
91
35
-15
-59
-94
-119
-134
-139
-135
-123
-107
-86
-65
-45
-29
-17
-12
-14
-23
-38
-59
-85
-114
-144
-175
-205
-233
-257
-279
-297
-310
-320
-325
-326
-323
-315
-303
-285
-263
-236
-204
-167
-127
-83
-36
11
59
106
151
193
230
261
286
304
315
319
317
309
296
279
260
238
217
195
174
154
135
119
103
90
78
67
58
49
42
34
26
18
10
0
-10
-22
-35
-50
-66
-83
-101
-118
-136
-152
-167
-179
-189
-194
-195
-192
-183
-168
-149
-124
-95
-62
-26
12
51
89
125
158
186
207
221
227
225
214
197
173
144
111
77
42
9
-21
-47
-69
-86
-97
-102
-103
-100
-93
-84
-73
-62
-52
-43
-36
-31
-29
-29
-31
-35
-40
-45
-50
-54
-56
-56
-53
-47
-39
-27
-12
5
25
46
69
91
113
134
153
170
183
194
202
207
209
210
208
204
199
192
184
173
160
143
123
100
72
40
4
-35
-79
-124
-171
-217
-261
-301
-335
-362
-380
-388
-385
-372
-349
-318
-279
-235
-190
-145
-103
-67
-39
-21
-14
-19
-35
-61
-95
-135
-178
-221
-260
-293
-316
-328
-326
-310
-281
-239
-184
-121
-50
26
104
183
260
334
402
463
518
563
599
626
642
649
644
630
607
575
534
488
436
380
322
263
206
150
98
51
9
-27
-57
-83
-104
-121
-136
-151
-165
-180
-198
-218
-240
-266
-293
-322
-350
-377
-401
-421
-436
-443
-444
-436
-420
-397
-367
-331
-291
-247
-200
-153
-107
-61
-18
22
59
92
121
145
166
181
193
200
203
201
196
187
174
158
140
119
97
75
54
34
16
1
-10
-17
-21
-21
-17
-11
-3
5
16
26
35
44
51
56
59
60
59
56
51
45
37
28
20
12
6
1
-1
-2
0
5
13
24
37
52
68
84
100
115
127
136
140
140
135
125
110
92
70
46
21
-4
-29
-52
-74
-93
-110
-124
-135
-143
-149
-153
-156
-157
-158
-159
-159
-160
-161
-162
-163
-164
-164
-163
-160
-154
-147
-136
-123
-107
-89
-69
-47
-25
-3
18
39
57
74
87
99
108
114
119
123
127
129
132
136
139
142
145
148
149
148
145
139
131
120
105
89
70
49
27
4
-17
-38
-57
-74
-88
-99
-106
-109
-108
-104
-97
-88
-75
-61
-45
-28
-11
6
23
39
54
67
78
86
92
94
94
91
86
77
66
53
38
21
4
-14
-32
-49
-65
-78
-88
-94
-97
-97
-93
-86
-78
-68
-58
-48
-40
-35
-31
-30
-31
-34
-39
-44
-50
-56
-60
-63
-62
-59
-52
-41
-26
-7
16
44
76
110
148
186
226
264
300
332
359
379
390
391
381
360
328
285
232
171
104
33
-38
-109
-177
-239
-295
-342
-381
-411
-432
-445
-450
-447
-438
-423
-403
-379
-350
-317
-281
-242
-200
-156
-111
-65
-21
21
61
95
125
147
162
170
171
165
152
135
114
90
64
39
15
-6
-25
-39
-49
-54
-54
-50
-41
-30
-17
-2
12
26
39
51
61
70
76
82
86
90
93
97
101
105
110
115
121
126
132
137
141
143
144
143
140
134
126
115
102
87
71
54
37
19
2
-12
-27
-41
-52
-63
-71
-78
-84
-89
-92
-94
-95
-96
-95
-93
-89
-84
-77
-69
-58
-47
-34
-20
-6
6
19
29
38
43
45
44
39
31
20
7
-7
-22
-37
-50
-61
-68
-72
-70
-65
-54
-40
-23
-4
15
35
55
72
88
100
109
114
117
116
112
105
97
87
76
66
56
47
39
33
29
27
27
29
31
35
39
43
48
52
55
57
58
57
55
50
44
35
24
11
-2
-18
-35
-52
-70
-87
-104
-120
-135
-148
-160
-171
-179
-185
-189
-191
-191
-188
-183
-175
-165
-154
-141
-126
-112
-97
-82
-69
-56
-45
-35
-27
-20
-14
-8
-3
2
8
15
23
32
42
54
66
79
92
106
119
131
143
152
160
166
170
171
169
165
157
147
134
118
100
79
57
33
7
-18
-44
-69
-93
-114
-133
-147
-158
-165
-167
-165
-159
-149
-137
-121
-104
-85
-66
-46
-27
-8
