124
122
116
107
94
79
63
46
30
15
2
-7
-13
-17
-17
-14
-8
0
7
17
26
35
42
47
51
53
53
53
53
53
55
60
67
78
92
110
130
151
174
195
214
230
240
244
241
231
211
184
149
107
59
7
-46
-101
-154
-204
-247
-284
-311
-328
-335
-331
-317
-294
-263
-226
-184
-139
-93
-48
-6
32
66
95
118
135
147
153
156
155
152
147
142
135
129
123
118
114
110
107
105
102
99
95
90
82
72
60
44
26
5
-17
-42
-68
-95
-121
-145
-167
-186
-200
-209
-212
-209
-200
-184
-162
-136
-105
-72
-38
-4
27
56
80
99
111
118
118
112
102
87
69
49
29
8
-10
-27
-42
-54
-63
-69
-73
-75
-74
-73
-70
-67
-63
-59
-54
-49
-42
-35
-25
-14
0
14
30
48
66
84
102
118
133
145
156
163
168
170
169
165
159
151
140
127
113
96
79
60
40
20
1
-18
-36
-52
-66
-78
-87
-93
-97
-99
-100
-100
-99
-98
-97
-98
-100
-103
-106
-111
-117
-122
-128
-132
-136
-137
-136
-132
-126
-116
-104
-89
-71
-52
-33
-12
7
26
42
56
66
71
71
65
51
31
3
-30
-71
-116
-165
-216
-266
-314
-358
-395
-424
-443
-450
-446
-429
-399
-358
-307
-246
-178
-106
-31
44
118
187
251
307
355
394
425
446
459
465
464
457
445
428
408
385
358
329
297
262
225
186
144
102
58
15
-27
-66
-102
-134
-160
-180
-194
-203
-206
-204
-198
-189
-177
-164
-150
-136
-122
-109
-97
-87
-78
-70
-64
-59
-54
-50
-45
-40
-35
-29
-23
-16
-8
0
7
15
24
32
41
50
60
70
81
92
103
115
127
138
148
157
164
168
169
166
160
149
134
116
94
70
44
17
-8
-32
-54
-73
-87
-98
-104
-106
-104
-99
-91
-83
-73
-62
-52
-42
-32
-23
-15
-7
0
6
13
20
27
33
40
47
53
58
63
66
68
69
68
66
64
60
56
51
47
44
41
39
38
37
38
38
39
39
39
37
34
29
22
14
5
-4
-15
-25
-33
-40
-44
-46
-44
-40
-33
-23
-12
0
12
23
34
43
49
52
53
51
47
40
31
22
11
2
-6
-13
-18
-20
-18
-12
-2
10
26
45
66
88
109
129
146
159
168
171
168
159
144
123
98
68
36
4
-27
-57
-83
-105
-122
-134
-141
-144
-143
-138
-131
-123
-114
-104
-95
-87
-79
-71
-63
-55
-46
-35
-24
-11
2
18
33
49
64
77
87
94
97
96
90
79
64
44
20
-6
-36
-68
-100
-133
-164
-194
-222
-247
-268
-284
-297
-304
-306
-303
-294
-281
-263
-241
-216
-189
-161
-132
-105
-80
-57
-37
-21
-7
2
10
16
20
24
26
29
33
37
41
47
54
60
66
71
75
75
72
65
53
35
12
-15
-48
-85
-124
-165
-205
-242
-277
-305
-328
-343
-350
-349
-340
-323
-300
-270
-236
-198
-157
-114
-70
-26
16
60
104
148
193
239
286
334
383
432
481
529
575
616
651
678
695
701
694
673
639
591
531
459
379
292
202
111
21
-62
-140
-210
-270
-320
-358
-387
-406
-415
-417
-411
-401
-386
-369
-350
-332
-313
-296
-281
-267
-256
-246
-238
-232
-227
-222
-218
-214
-209
-203
-196
-186
-173
-157
-138
-116
-91
-63
-34
-4
26
56
85
112
137
159
178
193
206
217
225
232
237
243
247
252
257
262
266
270
273
274
274
271
265
256
243
227
209
188
165
142
119
97
78
61
47
37
31
27
27
28
30
32
34
35
33
30
24
17
8
-2
-13
-25
-36
-46
-55
-62
-66
-68
-66
-61
-53
-41
-25
-6
14
37
61
84
107
128
146
160
170
176
177
172
164
151
134
113
91
66
41
15
-9
-33
-56
-76
-94
-109
-122
-131
-138
-142
-144
-144
-141
-136
-130
-122
-113
-102
-90
-77
-63
-48
-32
-15
2
20
38
56
73
88
101
112
119
123
122
117
108
95
78
58
36
12
-13
-39
-66
-92
-117
-142
-165
-187
-207
-226
-242
-256
-267
-275
-280
-282
-280
-274
-265
-252
-236
-218
-196
-173
-149
-124
-99
-74
-50
-28
-7
11
27
41
53
61
67
70
70
67
62
54
44
34
22
10
-1
-13
-23
-33
-40
-45
-48
-48
-44
-39
-30
-20
-8
3
15
27
36
44
49
51
51
49
44
38
31
24
17
11
7
4
4
7
13
22
34
47
63
80
98
115
132
146
158
167
173
174
172
166
156
144
128
111
92
72
51
31
12
-5
-21
-36
-49
-60
-70
-77
-84
-88
-92
-93
-93
-91
-87
-81
-72
-60
-45
-28
-8
12
34
56
77
96
112
124
131
132
129
119
105
85
62
36
9
-19
-47
-73
-97
-118
-135
-148
-155
-158
-156
-149
-138
-123
-105
-85
-63
-41
-19
0
20
37
51
63
72
78
80
78
74
65
54
39
22
2
-18
-41
-65
-88
-111
-133
-153
-172
-188
-202
-212
-220
-225
-226
-223
-217
-206
-191
-172
-148
-120
-88
-52
-12
29
73
118
163
208
251
291
327
358
384
404
417
423
422
415
401
383
359
332
303
272
241
211
183
158
136
118
104
92
84
79
75
72
70
68
65
62
56
49
40
28
13
-5
-26
-51
-78
-109
-141
-174
-208
-241
-273
-302
-328
-350
-367
-379
-385
-386
-380
-370
-354
-335
-312
-287
-260
-233
-207
-181
-158
-137
-119
-104
-92
-83
-77
-74
-73
-75
-79
-84
-91
-100
-109
-120
-132
-146
-160
-176
-193
-211
-229
-247
-263
-277
-287
-292
-290
-281
-262
-235
-197
-151
-95
-31
37
111
188
264
337
406
467
519
560
588
604
606
594
570
534
488
433
372
306
238
169
103
41
-14
-63
-102
-132
-151
-159
-157
-145
-125
-97
-64
-27
10
48
85
118
147
170
188
199
204
204
198
187
172
154
133
111
87
63
39
15
-9
-33
-57
-81
-105
-128
-150
-171
-191
-208
-223
-235
-244
-249
-250
-247
-239
-228
-212
-193
-171
-147
-121
-94
-67
-41
-16
7
28
47
63
76
86
92
95
95
91
83
72
58
42
24
4
-14
-33
-51
-66
-78
-86
-91
-91
-86
-78
-64
-47
-27
-5
19
44
70
94
117
138
157
172
184
194
200
203
204
203
200
196
190
184
178
171
165
158
152
146
141
136
133
130
129
130
131
134
138
143
147
150
151
149
143
134
120
102
79
52
22
-11
-47
-84
-122
-160
-196
-230
-261
-288
-310
-328
-340
-347
-348
-343
-334
-319
-299
-274
-245
-212
-176
-136
-94
-50
-6
38
81
122
159
191
217
236
248
251
246
231
208
177
137
91
39
-17
-76
-137
-197
-254
-306
-352
-389
-417
-434
-441
-437
-422
-399
-367
-328
-285
-238
-189
-139
-91
-45
-1
37
72
102
127
148
163
174
181
184
183
179
172
163
151
137
122
106
89
72
54
37
21
5
-9
-23
-36
-48
-60
-71
-81
-90
-97
-103
-108
-110
-110
-107
-102
-94
-83
-70
-55
-37
-18
1
22
44
67
89
111
132
153
172
189
204
216
225
229
230
225
216
202
183
161
135
106
77
47
19
-6
-28
-46
-58
-65
-66
-62
-52
-37
-18
3
26
49
71
90
104
114
117
113
103
87
65
38
8
-24
-57
-90
-121
-147
-169
-185
-194
-196
-191
-179
-161
-137
-109
-77
-43
-8
26
61
93
124
150
173
190
202
209
209
203
191
174
152
126
97
66
35
4
-24
-50
-72
-90
-104
-112
-115
-114
-109
-101
-89
-76
-62
-48
-34
-21
-10
0
7
13
18
22
25
27
30
32
34
37
40
44
47
51
54
57
60
62
64
65
66
67
68
69
71
74
78
83
88
93
99
104
107
110
109
107
101
92
81
66
49
30
9
-11
-32
-52
-70
-86
-99
-109
-115
-120
-121
-121
-121
-119
-118
-118
-119
-121
-124
-129
-134
-140
-146
-151
-156
-158
-158
-156
-151
-143
-131
-117
-101
-83
-63
-44
-25
-7
8
22
33
41
47
50
52
51
50
49
48
49
52
58
68
81
98
118
141
166
192
216
239
259
275
285
291
290
283
272
255
235
212
186
161
136
112
91
72
56
42
31
21
12
4
-5
-16
-30
-46
-65
-88
-113
-140
-169
-198
-226
-252
-274
-292
-304
-309
-308
-299
-284
-263
-238
-209
-180
-153
-128
-110
-99
-97
-106
-127
-159
-202
-256
-318
-387
-460
-534
-606
-673
-730
-776
-808
-824
-822
-801
-762
-706
-633
-546
-446
-336
-219
-96
28
152
274
391
500
601
692
770
836
889
929
955
969
970
960
938
907
868
821
769
711
651
588
525
462
400
339
281
225
172
121
73
27
-15
-55
-93
-128
-161
-191
-219
-245
-268
-289
-307
-323
-336
-347
-354
-359
-360
-359
-355
-348
-340
-330
-318
-307
-295
-283
-271
-260
-249
-239
-229
-220
-210
-200
-190
-180
-169
-157
-143
-128
-112
-93
-73
-52
-29
-6
17
40
63
83
101
116
127
134
136
134
126
114
98
79
57
35
12
-8
-27
-43
-53
-58
-58
-51
-37
-18
5
34
66
101
136
172
206
238
267
291
310
324
333
336
334
327
316
300
281
260
236
211
185
158
133
108
85
63
43
26
11
0
-10
-17
-22
-26
-27
-27
-25
-22
-18
-13
-7
-1
5
12
19
26
33
40
47
54
61
67
73
78
81
84
84
83
79
73
65
56
45
33
21
9
-1
-10
-17
-20
-20
-16
-7
4
20
39
60
83
106
128
148
165
178
186
188
185
175
159
137
108
75
36
-5
-50
-96
-144
-190
-236
-279
-318
-353
-384
-409
-429
-443
-451
-453
-449
-441
-428
-411
-392
-371
-349
-326
-305
-284
-266
-250
-236
-224
-215
-207
-200
-193
-185
-175
-162
-146
-126
-102
-74
-43
-10
22
55
84
109
128
139
142
136
123
101
73
39
2
-35
-73
-108
-139
-163
-179
-186
-183
-170
-146
-113
-72
-24
29
85
143
200
255
306
351
389
420
444
459
467
468
461
449
432
411
387
361
333
304
276
248
220
194
168
143
118
94
69
45
19
-6
-34
-64
-96
-129
-164
-200
-237
-275
-311
-347
-380
-410
-436
-458
-473
-483
-485
-481
-469
-450
-423
-390
-350
-305
-255
-202
-146
-90
-33
22
76
127
174
216
252
282
306
322
332
334
330
318
302
279
253
223
191
158
125
93
62
35
10
-9
-25
-37
-44
-47
-47
-43
-37
-29
-20
-11
-2
6
15
23
31
39
46
54
62
70
79
88
98
108
118
127
137
145
153
159
162
164
163
160
154
146
136
125
113
101
