120
152
181
205
223
235
241
241
235
225
210
193
175
157
141
127
117
111
109
111
117
125
136
146
156
164
169
171
170
164
155
144
130
114
97
79
61
41
20
-2
-27
-54
-83
-112
-142
-170
-196
-216
-230
-236
-233
-221
-199
-168
-130
-85
-37
13
63
111
155
193
224
248
263
271
272
268
258
245
230
213
196
180
164
148
131
114
93
70
41
7
-33
-81
-136
-197
-263
-334
-405
-475
-540
-597
-641
-671
-682
-672
-640
-586
-511
-415
-304
-181
-51
79
204
317
412
485
532
550
540
503
443
365
275
180
89
8
-54
-95
-109
-94
-51
16
107
214
331
450
565
667
752
814
848
855
832
782
707
611
498
374
244
113
-14
-134
-244
-340
-422
-488
-537
-572
-591
-596
-589
-572
-545
-511
-472
-429
-386
-343
-302
-264
-231
-203
-180
-162
-149
-140
-133
-128
-125
-121
-117
-111
-104
-96
-88
-78
-69
-61
-54
-48
-42
-37
-32
-26
-18
-6
8
27
50
77
107
138
169
198
225
246
261
268
267
258
241
216
185
149
109
68
28
-9
-42
-69
-89
-101
-103
-96
-80
-54
-20
21
69
122
177
233
289
340
387
426
456
476
485
483
469
445
411
369
321
268
213
157
101
46
-6
-57
-106
-153
-199
-245
-291
-336
-381
-425
-468
-508
-545
-577
-602
-620
-630
-631
-623
-607
-585
-557
-526
-494
-463
-437
-416
-403
-399
-402
-413
-431
-452
-474
-494
-509
-515
-510
-490
-454
-402
-332
-247
-148
-37
81
204
329
451
566
671
764
842
904
948
976
987
983
964
933
892
843
788
731
672
615
561
511
465
425
389
356
326
297
267
234
198
156
109
55
-4
-71
-142
-218
-295
-374
-451
-525
-594
-655
-707
-747
-774
-786
-783
-763
-726
-672
-601
-515
-416
-307
-192
-74
41
149
246
326
386
424
437
427
393
339
268
184
92
-3
-99
-190
-274
-348
-412
-463
-503
-532
-551
-559
-559
-550
-534
-509
-476
-435
-386
-328
-263
-190
-112
-28
56
143
227
308
382
447
502
544
574
590
591
579
553
515
465
406
339
266
190
112
34
-38
-106
-166
-215
-251
-272
-277
-266
-237
-193
-135
-64
14
99
185
268
344
409
460
494
509
504
479
435
373
296
206
108
5
-98
-200
-296
-383
-460
-525
-578
-619
-648
-669
-681
-686
-686
-683
-676
-665
-651
-632
-606
-573
-531
-478
-413
-335
-245
-145
-35
81
200
319
434
539
634
713
777
824
855
870
872
864
849
828
806
783
762
743
725
709
694
677
658
636
608
574
532
483
424
357
281
197
105
7
-97
-205
-316
-428
-537
-641
-739
-826
-900
-959
-1001
-1023
-1025
-1007
-970
-914
-844
-762
-673
-580
-487
-400
-322
-255
-202
-163
-139
-129
-130
-140
-156
-172
-186
-193
-190
-173
-140
-90
-22
60
157
263
376
489
599
699
785
854
901
926
926
903
858
793
711
616
511
400
286
174
66
-33
-122
-200
-262
-309
-337
-346
-336
-306
-256
-188
-104
-6
102
216
332
444
548
637
708
757
781
780
752
699
624
529
418
296
167
34
-98
-227
-351
-466
-573
-668
-752
-824
-882
-925
-953
-963
-954
-926
-876
-805
-714
-604
-478
-338
-190
-39
108
248
372
475
554
604
624
615
579
518
439
347
249
152
62
-15
-75
-116
-137
-137
-120
-88
-47
-2
42
81
109
123
121
102
67
16
-45
-116
-191
-266
-335
-397
-446
-481
-501
-505
-494
-469
-434
-390
-341
-289
-238
-188
-142
-99
-60
-24
10
46
83
123
166
213
264
317
371
423
471
513
547
569
579
574
554
520
471
410
337
257
170
81
-7
-94
-176
-250
-317
-373
-419
-455
-479
-493
-496
-489
-472
-447
-414
-374
-329
-280
-228
-174
-119
-65
-13
36
83
126
164
196
223
243
257
265
266
261
250
233
211
185
155
123
89
55
22
-8
-35
-58
-75
-86
-90
-88
-79
-64
-45
-23
1
26
50
73
92
108
120
127
129
127
121
111
98
83
66
47
28
9
-10
-31
-52
-74
-98
-124
-151
-181
-212
-244
-277
-309
-339
-365
-386
-402
-411
-413
-406
-390
-366
-334
-295
-250
-199
-145
-89
-31
25
80
133
183
228
269
303
332
354
368
373
371
359
339
310
273
230
182
131
79
28
-19
-62
-98
-125
-142
-149
-145
-131
-109
-80
-45
-8
29
65
98
125
146
160
166
166
159
147
131
112
91
70
51
33
17
5
-3
-9
-13
-13
-12
-10
-6
-3
0
2
4
5
4
3
1
-1
-4
-7
-10
-13
-15
-18
-20
-24
-29
-36
-46
-59
-76
-96
-119
-146
-176
-207
-238
-268
-296
-319
-337
-347
-350
-343
-327
-302
-269
-228
-181
-130
-78
-25
25
71
112
146
172
191
202
208
208
205
201
197
194
193
196
202
212
225
240
257
274
290
305
317
327
333
336
335
331
324
314
303
289
274
257
239
219
197
173
147
119
89
57
23
-10
-45
-80
-113
-144
-171
-195
-214
-229
-239
-245
-246
-243
-237
-228
-216
-203
-188
-173
-158
-143
-130
-118
-109
-102
-98
-97
-100
-105
-113
-122
-132
-142
-149
-154
-155
-151
-142
-128
-108
-83
-55
-24
6
37
66
93
115
133
147
157
162
165
166
166
167
171
178
189
205
227
254
284
316
348
377
399
413
414
400
371
325
262
184
93
-7
-115
-225
-333
-435
-528
-608
-673
-722
-754
-769
-768
-753
-726
-689
-646
-599
-549
-501
-454
-409
-368
-331
-295
-262
-229
-195
-159
-121
-80
-36
10
60
113
167
221
275
327
377
423
465
500
528
548
559
559
549
527
496
454
405
348
287
224
161
102
48
3
-30
-53
-62
-59
-43
-16
19
62
107
152
192
226
249
259
255
237
204
158
101
36
-33
-103
-169
-229
-279
-315
-338
-346
-339
-320
-290
-253
-213
-172
-135
-104
-81
-67
-64
-69
-83
-103
-126
-151
-173
-192
-204
-210
-209
-200
-185
-166
-144
-123
-103
-87
-76
-71
-71
-76
-83
-92
-100
-105
-104
-96
-80
-56
-23
15
60
107
155
201
241
274
297
309
308
295
269
232
185
130
71
10
-48
-103
-150
-185
-207
-213
-202
-172
-125
-62
14
102
197
294
389
477
554
618
666
696
709
705
687
655
613
564
509
449
388
324
258
189
117
38
-46
-139
-241
-352
-471
-596
-723
-848
-966
-1070
-1153
-1210
-1234
-1221
-1167
-1070
-933
-759
-552
-319
-71
183
435
675
892
1080
1233
1346
1418
1448
1439
1392
1313
1208
1080
937
784
626
467
311
161
20
-110
-230
-338
-434
-518
-590
-649
-696
-731
-752
-761
-756
-739
-707
-664
-608
-542
-468
-387
-302
-215
-129
-45
34
107
174
234
285
327
362
387
404
414
415
410
398
380
358
331
302
271
239
206
174
141
110
79
48
17
-13
-46
-81
-117
-156
-197
-241
-286
-332
-378
-422
-462
-498
-526
-546
-555
-555
-543
-520
-488
-448
-403
-355
-307
-263
-225
-196
-179
-175
-188
-217
-262
-322
-395
-479
-568
-658
-744
-819
-879
-918
-931
-916
-870
-793
-686
-553
-398
-226
-44
140
321
491
645
777
885
967
1021
1049
1054
1037
1005
960
907
852
796
745
700
662
633
612
597
587
579
572
561
546
523
490
447
392
326
250
165
73
-21
-118
-214
-304
-388
-461
-524
-575
-613
-639
-654
-658
-653
-641
-623
-601
-576
-549
-520
-489
-455
-419
-379
-335
-287
-234
-176
-114
-50
14
79
142
200
252
296
330
353
364
364
352
329
296
254
204
149
90
28
-34
-97
-158
-216
-269
-318
-361
-396
-424
-443
-453
-453
-442
-420
-387
-345
-293
-233
-167
-95
-22
51
124
192
255
311
358
397
426
447
461
467
468
465
459
453
446
440
436
433
433
434
437
441
445
448
450
450
448
442
432
419
400
377
349
316
279
237
192
143
92
41
-10
-61
-109
-152
-190
-220
-241
-253
-254
-243
-221
-188
-146
-94
-37
23
86
146
202
250
288
315
328
329
316
291
255
209
156
98
38
-22
-80
-135
-183
-225
-258
-282
-297
-303
-302
-293
-279
-261
-241
-221
-202
-186
-173
-165
-162
-162
-168
-177
-189
-204
-221
-241
-263
-287
-314
-345
-381
-421
-467
-519
-577
-640
-708
-778
-850
-919
-983
-1039
-1083
-1112
-1121
-1109
-1074
-1013
-928
-818
-686
-534
-367
-188
-3
184
368
545
711
862
995
1108
1200
1270
1318
1343
1347
1330
1293
1238
1167
1081
983
876
763
646
529
416
309
212
127
56
1
-38
-61
-71
-67
-54
-34
-11
10
28
40
42
32
10
-24
-72
-130
-198
-273
-351
-430
-505
-573
-632
-678
-710
-726
-725
-707
-674
-627
-568
-501
-427
-350
-273
-199
-129
-67
-14
30
65
91
108
119
124
126
125
125
126
130
136
145
156
166
176
182
184
178
166
144
115
79
37
-9
-56
-103
-146
-182
-210
-228
-233
-226
-207
-176
-136
-88
-34
21
76
128
174
212
242
263
275
280
279
274
268
262
259
261
267
280
298
320
344
368
390
407
415
413
399
371
331
277
213
140
62
-18
-97
-171
-237
-292
-335
-363
-376
-374
-358
-329
-289
-242
-189
-133
-78
-25
22
63
96
120
135
140
138
127
110
87
59
29
-2
-34
-65
-92
-115
-132
-142
-143
-136
-119
-94
-60
-19
27
79
132
185
235
280
318
346
364
369
362
343
313
272
222
166
106
43
-19
-79
-136
-188
-234
-274
-308
-336
-359
-378
-393
-405
-412
-414
-412
-403
-387
-363
-331
-292
-245
-193
-138
-82
-29
17
55
82
96
95
80
51
11
-37
-92
-149
-203
-253
-294
-324
-341
-346
-337
-315
-282
-240
-190
-135
-77
-17
41
99
154
206
254
297
334
366
390
407
415
415
406
389
364
333
297
260
222
188
159
138
127
128
140
163
195
234
277
321
361
394
417
426
421
400
363
311
248
175
95
13
-66
-143
-213
-275
-326
-366
-396
-416
-426
-429
-424
-414
-399
-381
-359
-335
-308
-279
-247
-214
-179
-144
-108
-74
-42
-14
8
24
34
35
28
14
-7
-35
-68
-103
-139
-172
-202
-225
-241
-247
-244
-231
-209
-180
-144
-104
-62
-20
19
54
83
106
123
133
138
139
138
136
137
141
149
163
181
205
232
262
293
323
349
370
384
390
387
373
348
314
270
217
157
91
22
-47
-116
-181
-241
-292
-335
-366
-385
-391
-384
-365
-336
-297
-251
-200
-149
-99
-53
-14
15
35
43
39
24
0
-33
-73
-116
-159
-201
-237
-266
-285
-293
-289
-272
-243
-204
-155
-99
-39
22
84
142
195
241
278
307
326
336
338
333
321
305
285
262
238
213
188
164
140
117
95
74
53
34
16
0
-13
-25
-34
-40
