695
731
767
802
835
865
891
911
922
926
919
902
874
837
790
736
676
612
545
478
412
348
287
231
178
128
81
36
-7
-52
-97
-144
-193
-243
-295
-347
-397
-446
-490
-529
-562
-587
-603
-611
-610
-601
-585
-564
-539
-511
-484
-458
-435
-416
-403
-396
-394
-398
-407
-420
-434
-450
-465
-478
-488
-492
-490
-479
-461
-433
-395
-347
-290
-224
-150
-69
16
106
198
290
380
466
546
619
683
737
780
812
832
840
837
822
798
764
722
674
621
565
508
451
394
340
288
239
192
145
100
54
8
-39
-87
-135
-182
-227
-267
-303
-331
-351
-362
-364
-357
-343
-322
-297
-270
-244
-220
-201
-187
-179
-179
-183
-193
-205
-218
-229
-235
-235
-226
-207
-177
-135
-84
-24
42
113
185
253
316
369
410
437
449
445
424
389
341
283
217
146
75
6
-55
-110
-153
-184
-203
-208
-202
-186
-163
-135
-104
-74
-48
-26
-11
-3
-4
-11
-25
-44
-66
-90
-112
-132
-147
-157
-160
-157
-147
-131
-110
-86
-61
-38
-16
0
10
13
9
-1
-18
-41
-67
-95
-123
-149
-170
-187
-197
-201
-198
-189
-174
-155
-132
-108
-83
-59
-37
-16
1
17
31
45
59
74
91
112
137
167
202
242
286
334
384
435
485
532
574
608
632
645
644
629
599
553
493
420
334
240
138
31
-75
-182
-284
-380
-466
-541
-602
-649
-680
-695
-694
-678
-648
-605
-553
-493
-428
-361
-295
-232
-176
-128
-90
-62
-46
-40
-44
-55
-71
-88
-105
-117
-123
-121
-110
-89
-60
-24
16
57
96
130
154
168
169
156
132
96
53
6
-40
-83
-118
-142
-152
-148
-130
-100
-60
-14
33
78
116
144
160
163
152
129
97
60
21
-14
-44
-64
-72
-66
-46
-13
31
83
140
197
251
297
333
355
362
354
331
294
246
189
128
65
4
-48
-93
-125
-142
-145
-133
-106
-68
-20
33
89
144
194
237
271
293
304
304
294
276
252
225
198
173
153
139
133
135
144
158
174
191
205
212
209
194
165
121
62
-10
-95
-188
-285
-383
-478
-564
-638
-697
-739
-761
-764
-748
-714
-663
-599
-525
-442
-355
-266
-177
-91
-9
67
137
201
258
307
348
380
404
418
422
417
401
377
343
302
255
204
152
99
49
3
-35
-66
-89
-102
-106
-102
-92
-75
-56
-35
-16
0
13
20
22
18
9
-3
-19
-36
-53
-67
-78
-84
-85
-79
-68
-51
-30
-6
18
43
65
83
94
98
94
81
60
31
-2
-40
-79
-116
-150
-178
-197
-208
-210
-203
-189
-169
-146
-122
-99
-80
-67
-60
-59
-64
-73
-86
-99
-109
-115
-114
-103
-83
-52
-10
39
96
157
220
280
336
383
421
449
464
468
462
447
425
398
368
336
305
275
246
219
192
166
137
107
72
32
-13
-65
-123
-186
-254
-323
-392
-459
-520
-573
-615
-644
-659
-659
-642
-611
-565
-507
-438
-362
-280
-197
-115
-37
34
98
152
195
227
247
257
258
250
236
218
197
175
155
137
123
114
109
109
112
118
126
134
141
147
150
150
148
145
140
135
130
127
125
126
129
134
140
146
153
157
158
156
148
134
113
85
50
9
-37
-89
-143
-199
-254
-307
-357
-401
-438
-468
-490
-504
-509
-506
-494
-475
-448
-414
-375
-330
-281
-229
-175
-120
-65
-12
36
80
117
145
163
170
165
147
118
79
31
-20
-75
-126
-171
-205
-223
-222
-199
-153
-83
8
121
250
391
537
683
821
946
1050
1130
1181
1200
1186
1140
1064
962
838
697
547
391
237
89
-47
-171
-278
-369
-443
-501
-544
-574
-594
-606
-612
-613
-612
-610
-606
-601
-593
-583
-568
-548
-521
-487
-445
-393
-334
-267
-193
-115
-34
46
125
197
262
315
355
381
390
384
363
327
279
221
156
86
12
-60
-133
-204
-272
-335
-393
-446
-491
-528
-556
-572
-575
-562
-533
-486
-422
-339
-241
-130
-10
115
241
361
470
565
641
696
729
739
729
701
658
604
543
479
415
355
301
254
214
182
156
135
119
104
89
73
54
32
6
-23
-56
-91
-128
-164
-199
-230
-257
-279
-293
-300
-299
-290
-273
-250
-220
-187
-150
-111
-72
-36
-2
27
51
70
82
87
87
80
67
50
29
6
-18
-42
-67
-89
-108
-124
-136
-144
-146
-143
-134
-120
-100
-76
-47
-15
20
58
97
137
175
211
244
271
291
304
308
303
288
262
227
184
132
75
15
-47
-108
-165
-217
-261
-296
-320
-333
-335
-328
-312
-290
-263
-233
-203
-175
-150
-128
-112
-101
-95
-93
-94
-97
-101
-104
-104
-101
-93
-79
-59
-32
0
36
77
121
166
211
254
294
330
361
386
405
418
425
425
420
409
393
373
349
322
293
263
233
202
172
141
110
78
45
10
-27
-68
-111
-157
-205
-254
-301
-347
-388
-424
-453
-474
-486
-489
-483
-466
-441
-405
-361
-309
-250
-186
-117
-45
25
93
156
212
256
288
306
307
293
264
221
167
105
39
-25
-87
-142
-188
-222
-244
-255
-257
-252
-244
-237
-234
-240
-257
-288
-334
-394
-466
-548
-634
-720
-799
-864
-909
-930
-922
-881
-809
-705
-572
-416
-241
-55
134
320
496
654
790
898
975
1021
1035
1019
977
913
832
740
644
549
461
382
318
268
234
215
211
218
235
258
285
314
342
368
391
408
421
428
429
425
415
399
378
351
319
282
239
190
135
74
6
-66
-144
-227
-312
-399
-484
-566
-642
-710
-767
-813
-844
-862
-863
-850
-823
-782
-731
-669
-601
-529
-454
-378
-305
-235
-169
-109
-55
-8
30
61
83
98
103
100
90
72
48
19
-12
-45
-76
-104
-126
-141
-145
-138
-119
-88
-46
5
65
129
196
260
321
373
416
447
466
473
469
455
435
411
386
364
346
334
330
335
347
365
387
412
436
456
471
477
474
460
435
400
356
304
247
186
125
66
11
-38
-81
-117
-146
-168
-183
-192
-198
-199
-199
-197
-194
-190
-186
-181
-175
-168
-158
-145
-129
-109
-85
-58
-29
0
30
59
84
104
118
124
123
114
97
73
44
11
-23
-59
-93
-124
-150
-170
-182
-185
-181
-168
-147
-121
-89
-55
-21
12
41
65
81
89
87
74
53
22
-16
-61
-110
-161
-212
-261
-306
-344
-375
-396
-408
-410
-402
-384
-357
-324
-284
-241
-196
-151
-108
-69
-36
-9
9
22
28
28
22
13
1
-11
-23
-34
-41
-45
-43
-37
-25
-8
13
40
70
102
137
171
205
237
265
290
309
323
330
332
326
314
296
273
244
211
175
136
98
60
24
-8
-37
-62
-83
-100
-114
-126
-136
-146
-156
-167
-179
-192
-206
-220
-233
-245
-254
-258
-257
-248
-233
-209
-176
-137
-90
-39
14
67
119
165
203
232
251
258
255
243
222
195
166
134
104
76
51
31
15
2
-6
-12
-18
-23
-29
-37
-48
-61
-77
-96
-117
-138
-160
-180
-198
-213
-224
-230
-231
-227
-217
-204
-185
-163
-136
-107
-75
-40
-3
33
71
109
146
180
212
239
262
279
290
295
293
284
267
244
214
177
135
88
37
-15
-70
-124
-176
-225
-267
-302
-327
-342
-345
-335
-313
-279
-234
-180
-120
-56
7
69
124
171
206
230
240
237
221
193
156
112
63
12
-37
-83
-124
-156
-178
-190
-191
-181
-161
-132
-96
-56
-13
30
71
109
141
166
183
193
194
187
174
157
137
116
97
82
74
74
83
104
134
174
220
271
324
373
416
448
467
470
457
426
379
318
245
164
79
-6
-87
-162
-227
-280
-319
-345
-356
-355
-343
-322
-293
-260
-225
-190
-156
-125
-99
-77
-60
-49
-42
-40
-41
-45
-50
-57
-63
-70
-74
-78
-79
-78
-74
-67
-58
-47
-33
-18
-3
12
27
42
54
64
72
77
81
82
81
80
77
75
73
71
69
68
66
64
62
58
53
45
36
23
8
-8
-26
-46
-65
-84
-101
-116
-129
-138
-145
-149
-150
-150
-149
-146
-143
-138
-133
-126
-118
-107
-93
-77
-58
-37
-14
9
31
52
70
83
90
91
86
73
54
30
2
-28
-60
-91
-119
-144
-164
-177
-183
-181
-173
-157
-135
-107
-74
-38
0
39
78
115
147
174
194
206
208
201
182
154
117
71
20
-34
-89
-141
-188
-225
-252
-265
-263
-245
-212
-166
-107
-40
32
108
181
248
307
354
387
406
410
399
376
342
301
256
208
163
121
86
58
38
26
22
25
32
43
55
68
79
88
94
97
97
93
87
79
69
57
45
32
18
4
-9
-22
-36
-50
-64
-78
-94
-111
-131
-155
-183
-217
-257
-303
-355
-411
-470
-529
-587
-640
-686
-722
-746
-755
-750
-728
-690
-637
-569
-489
-398
-299
-195
-88
17
122
221
313
398
473
537
591
634
665
686
695
694
683
663
635
598
555
507
453
397
338
278
218
160
105
53
7
-32
-66
-94
-114
-129
-137
-139
-136
-129
-117
-102
-83
-62
-38
-11
16
47
79
111
144
176
206
233
256
272
282
283
275
258
230
193
147
92
31
-35
-106
-177
-248
-316
-379
-435
-481
-517
-540
-551
-548
-532
-504
-463
-413
-355
-291
-224
-156
-90
-28
28
76
117
148
169
182
187
184
175
161
144
124
104
83
64
47
33
22
15
12
14
21
32
47
65
87
110
134
158
179
197
211
220
222
219
209
194
174
151
126
102
80
62
49
41
39
43
51
62
74
85
92
93
87
71
44
8
-38
-93
-156
-223
-292
-360
-426
-485
-538
-581
-615
-640
-654
-660
-657
-647
-631
-609
-581
-549
-511
-468
-420
-365
-304
-237
-163
-83
1
91
183
277
370
459
544
620
688
744
787
817
833
835
824
801
768
726
677
623
564
502
440
376
313
251
191
134
79
28
-18
-59
-95
-125
-148
-164
-174
-178
-177
-172
-165
-157
-150
-144
-141
-141
-144
-150
-158
-167
-177
-187
-195
-202
-207
-211
-212
-212
-211
-210
-209
-207
-206
-205
-204
-203
-202
-200
-196
-192
-186
-180
-172
-165
-158
-153
-150
-149
-152
-158
-168
-179
-193
-207
-219
-229
-236
-237
-232
-220
-201
-176
-145
-109
-70
-29
10
48
82
110
131
144
148
143
131
112
88
62
37
15
0
-6
-3
12
41
81
133
194
262
334
408
479
545
604
653
692
719
734
737
729
711
683
648
605
556
502
442
377
307
233
155
74
-10
-96
-183
-270
-355
-436
-512
-581
-641
-693
-734
-764
-782
-790
-786
-772
-748
-715
-674
-625
-568
-506
-436
-361
-281
-197
-109
-20
68
154
236
310
376
430
473
502
519
523
515
496
468
433
392
347
300
252
204
158
114
74
37
4
-25
-50
-71
-88
-102
-113
-121
-128
