403
412
419
421
421
417
412
405
397
389
381
374
369
365
362
361
359
358
355
350
341
327
307
279
244
201
150
91
26
-44
-118
-194
-269
-343
-412
-476
-532
-579
-616
-643
-658
-662
-655
-637
-610
-575
-533
-485
-433
-379
-323
-268
-214
-163
-115
-72
-35
-4
20
38
50
55
55
51
44
34
25
18
14
14
21
35
56
85
122
164
211
262
313
364
411
453
489
515
532
538
533
515
485
444
393
331
262
188
110
31
-44
-115
-179
-233
-277
-307
-325
-330
-323
-305
-277
-242
-201
-156
-111
-65
-22
18
53
84
109
128
141
149
152
151
146
138
129
117
105
92
77
62
44
25
2
-23
-53
-87
-125
-167
-213
-260
-309
-357
-403
-444
-481
-510
-532
-544
-547
-541
-525
-499
-465
-423
-372
-315
-252
-182
-108
-29
52
138
226
316
407
497
586
673
754
830
897
953
997
1026
1038
1032
1008
965
904
826
735
632
521
404
286
169
56
-49
-146
-233
-308
-370
-419
-456
-481
-495
-499
-496
-486
-472
-456
-440
-424
-409
-397
-388
-382
-378
-377
-378
-379
-381
-383
-384
-384
-382
-377
-369
-359
-344
-327
-306
-283
-257
-229
-200
-169
-138
-108
-77
-47
-17
10
38
64
90
114
137
158
179
197
214
229
240
249
253
253
249
239
224
205
180
152
120
86
50
14
-20
-52
-80
-103
-118
-126
-125
-115
-96
-71
-39
-4
33
71
107
140
169
193
212
227
238
246
251
256
261
267
274
283
294
307
322
337
351
364
374
381
383
379
370
353
330
300
264
223
176
126
73
18
-36
-90
-142
-189
-232
-270
-301
-326
-345
-358
-365
-368
-368
-366
-363
-360
-358
-358
-360
-364
-370
-376
-382
-387
-391
-392
-390
-383
-372
-357
-337
-312
-284
-252
-218
-182
-146
-110
-75
-41
-10
18
44
68
89
108
125
141
157
172
188
204
221
239
257
275
293
310
325
336
344
347
345
339
328
313
295
275
254
232
211
191
173
157
144
134
126
120
116
113
111
108
105
100
92
83
71
56
39
19
-1
-24
-48
-73
-97
-121
-143
-164
-183
-199
-213
-223
-231
-236
-239
-239
-238
-235
-231
-226
-220
-212
-203
-193
-181
-167
-152
-134
-115
-96
-75
-55
-36
-19
-5
4
10
11
7
-1
-15
-33
-54
-78
-103
-128
-152
-174
-192
-206
-215
-219
-216
-206
-190
-168
-140
-108
-73
-37
-2
31
61
86
105
118
126
128
127
123
119
117
119
125
138
158
185
219
257
299
341
382
417
443
459
461
448
419
372
310
233
144
46
-57
-163
-268
-368
-461
-543
-613
-668
-709
-733
-742
-734
-711
-672
-621
-557
-483
-402
-317
-229
-144
-63
10
73
125
164
190
204
207
201
189
173
156
142
133
132
140
159
189
229
279
336
397
460
521
578
628
668
698
717
725
721
709
689
664
636
608
581
557
537
522
512
504
496
487
473
452
419
373
313
238
147
43
-73
-199
-332
-467
-601
-729
-848
-955
-1045
-1116
-1167
-1195
-1202
-1186
-1150
-1095
-1023
-938
-842
-738
-628
-516
-403
-292
-185
-82
13
101
181
254
317
373
420
461
494
520
541
555
562
563
557
544
523
495
460
418
370
317
261
203
145
89
36
-11
-53
-89
-118
-140
-154
-162
-164
-161
-153
-141
-127
-110
-92
-72
-52
-30
-7
15
41
68
96
126
158
190
222
253
282
307
327
339
344
339
323
297
260
213
157
95
28
-40
-107
-171
-228
-276
-313
-339
-353
-356
-347
-330
-306
-278
-248
-218
-190
-167
-148
-133
-123
-115
-109
-100
-89
-72
-48
-16
24
73
130
192
257
323
385
442
489
522
540
538
517
475
412
329
229
114
-12
-147
-285
-424
-559
-687
-807
-915
-1009
-1089
-1152
-1198
-1225
-1235
-1226
-1199
-1154
-1093
-1018
-930
-832
-726
-615
-500
-386
-273
-164
-60
36
125
205
276
338
391
434
468
495
514
526
532
534
531
525
517
507
496
484
472
461
450
440
430
421
411
401
389
376
361
344
325
304
281
257
232
207
182
158
135
113
94
77
63
53
46
42
43
46
53
61
70
79
87
92
95
93
86
74
56
32
3
-31
-71
-116
-166
-219
-274
-332
-390
-447
-502
-554
-599
-638
-666
-684
-688
-678
-652
-611
-554
-482
-396
-300
-195
-86
24
132
235
329
411
480
534
572
595
603
598
581
555
522
484
444
403
364
327
293
263
236
211
189
169
149
130
110
90
69
49
28
8
-9
-25
-39
-50
-58
-62
-64
-63
-60
-56
-51
-47
-43
-41
-40
-40
-42
-45
-47
-49
-49
-46
-41
-32
-21
-8
7
23
39
55
70
82
93
100
105
108
107
104
97
88
77
62
45
26
3
-23
-53
-87
-126
-170
-219
-274
-334
-398
-464
-532
-599
-662
-720
-769
-808
-833
-844
-840
-819
-781
-727
-659
-576
-481
-376
-262
-143
-19
105
232
357
479
597
710
816
916
1007
1091
1165
1231
1289
1337
1377
1406
1426
1434
1430
1412
1380
1331
1265
1183
1085
972
845
709
565
418
271
127
-8
-134
-246
-344
-425
-488
-535
-566
-583
-589
-589
-585
-582
-584
-594
-613
-645
-689
-744
-810
-883
-961
-1041
-1119
-1192
-1256
-1308
-1346
-1367
-1370
-1353
-1317
-1262
-1189
-1099
-995
-880
-755
-625
-492
-358
-226
-97
25
143
253
357
453
542
623
697
763
821
872
914
950
978
999
1013
1021
1024
1021
1014
1001
983
960
931
898
859
816
768
715
660
601
541
479
416
353
290
228
167
109
54
1
-46
-91
-131
-168
-202
-235
-266
-297
-331
-367
-407
-451
-500
-552
-607
-662
-716
-766
-809
-843
-865
-875
-872
-854
-824
-781
-727
-665
-596
-523
-448
-374
-301
-230
-163
-100
-41
13
63
110
154
193
228
259
284
302
313
316
310
296
273
242
206
165
123
82
44
11
-13
-29
-36
-32
-18
4
34
70
108
147
185
217
243
261
270
269
259
240
213
181
144
106
67
29
-6
-39
-68
-95
-119
-142
-164
-186
-209
-232
-257
-282
-308
-334
-358
-380
-398
-412
-420
-421
-416
-404
-385
-359
-328
-293
-255
-216
-176
-137
-101
-67
-37
-11
10
26
38
46
50
51
49
46
43
41
43
49
60
77
100
130
164
203
245
287
328
365
397
422
438
445
442
429
407
377
341
300
257
214
172
135
103
78
59
48
43
44
49
56
64
72
77
79
76
69
56
38
15
-10
-38
-66
-94
-118
-139
-154
-162
-162
-154
-138
-114
-83
-46
-4
39
85
130
173
211
242
267
282
289
286
273
252
222
186
144
99
51
3
-42
-86
-125
-159
-186
-206
-218
-222
-219
-208
-193
-172
-148
-124
-99
-77
-60
-48
-43
-45
-55
-73
-97
-128
-162
-200
-239
-277
-312
-344
-370
-391
-405
-412
-413
-408
-398
-384
-366
-347
-325
-302
-279
-255
-231
-207
-181
-155
-126
-94
-60
-21
21
69
122
179
242
309
380
454
531
608
686
763
836
905
967
1020
1062
1092
1108
1109
1096
1066
1023
965
896
816
729
636
540
442
344
248
155
64
-23
-110
-196
-282
-369
-458
-549
-642
-737
-832
-924
-1011
-1091
-1159
-1213
-1249
-1265
-1257
-1226
-1169
-1089
-985
-862
-721
-568
-407
-244
-84
66
204
324
421
495
542
563
559
532
486
424
350
269
186
103
25
-44
-103
-150
-183
-201
-204
-193
-168
-130
-82
-24
38
104
172
236
296
348
389
418
434
434
420
390
346
289
221
146
67
-11
-86
-154
-211
-253
-279
-287
-277
-251
-211
-159
-99
-36
25
80
126
157
171
166
141
95
31
-50
-144
-248
-357
-464
-566
-658
-735
-794
-832
-847
-840
-810
-759
-689
-603
-503
-394
-277
-156
-34
86
205
319
429
532
630
721
806
886
961
1033
1101
1166
1230
1291
1349
1403
1451
1490
1519
1533
1530
1506
1458
1385
1285
1158
1003
822
617
393
153
-98
-355
-613
-866
-1107
-1332
-1536
-1715
-1863
-1979
-2060
-2105
-2115
-2089
-2031
-1943
-1829
-1693
-1540
-1376
-1206
-1036
-870
-713
-569
-440
-329
-235
-158
-97
-46
-3
36
78
126
186
259
347
450
566
691
820
945
1058
1153
1220
1254
1249
1202
1115
988
827
639
434
223
16
-174
-338
-467
-554
-594
-586
-530
-430
-293
-126
60
256
450
633
795
928
1025
1083
1099
1073
1006
904
769
608
428
236
38
-159
-349
-527
-689
-830
-948
-1042
-1111
-1155
-1174
-1171
-1148
-1107
-1051
-982
-905
-821
-732
-641
-549
-457
-368
-281
-197
-117
-40
32
102
171
239
308
380
457
540
629
727
833
946
1064
1187
1309
1428
1539
1637
1717
1773
1802
1799
1762
1688
1577
1430
1250
1039
803
547
279
5
-266
-530
-777
-1003
-1202
-1370
-1506
-1608
-1677
-1715
-1723
-1705
-1666
-1608
-1537
-1455
-1366
-1273
-1178
-1083
-990
-899
-811
-725
-640
-558
-476
-394
-313
-231
-150
-69
9
86
158
226
288
342
387
424
451
468
476
476
469
457
444
430
418
410
409
415
428
449
477
510
546
584
620
653
681
702
714
718
712
698
674
644
606
562
514
462
407
349
289
227
163
98
33
-33
-98
-162
-224
-281
-333
-379
-418
-448
-470
-484
-490
-489
-483
-473
-460
-447
-434
-423
-414
-408
-404
-401
-398
-392
-384
-369
-348
-318
-279
-231
-174
-112
-45
22
88
148
199
238
263
272
266
244
208
160
103
40
-23
-86
-145
-195
-236
-265
-282
-287
-281
-266
-243
-214
-182
-149
-117
-88
-63
-42
-28
-18
-14
-13
-17
-22
-28
-34
-39
-41
-40
-37
-30
-21
-9
3
16
28
39
47
53
56
56
54
51
47
43
41
41
44
51
61
74
89
106
123
140
153
163
168
168
162
150
133
113
89
65
42
21
3
-8
-16
-18
-15
-8
1
13
26
37
46
51
51
46
35
17
-4
-31
-61
-92
-122
-150
-174
-193
-204
-207
-202
-189
-168
-142
-110
-75
-38
-1
34
69
100
129
155
178
199
216
232
244
253
257
257
250
236
214
184
145
98
43
-16
-80
-145
-209
-268
-318
-358
-385
-396
-391
-370
-332
-281
-217
-145
-67
10
86
154
213
258
288
304
304
290
264
229
189
147
106
71
44
27
23
33
56
92
140
199
264
333
402
469
528
578
614
634
636
619
583
529
458
372
275
169
60
-49
-155
-255
-346
-425
-491
-543
-583
-610
-627
-635
-638
-637
-634
-632
-632
-633
-637
-643
-649
-653
-655
-653
-643
-626
-600
-565
-519
-463
-398
-323
-241
-152
-58
41
144
250
358
467
575
681
784
881
969
1048
1113
1162
1194
1205
1194
1162
1109
1036
945
841
726
605
482
362
248
143
50
-30
-96
-150
-191
-221
-244
-262
-278
-295
-315
-342
-376
-417
-466
-521
-579
-638
-696
-747
-791
-824
-843
