299
292
280
262
238
209
176
140
102
64
26
-8
-40
-68
-93
-112
-127
-138
-146
-151
-154
-156
-157
-159
-161
-165
-171
-179
-189
-201
-215
-230
-245
-261
-275
-288
-298
-306
-311
-313
-313
-311
-307
-303
-298
-294
-291
-288
-286
-283
-280
-274
-264
-250
-230
-203
-168
-126
-75
-17
46
115
185
255
322
384
436
479
510
528
534
527
510
483
450
411
371
329
290
253
220
193
170
153
140
132
127
124
123
123
122
121
118
113
106
96
84
70
54
36
18
0
-18
-37
-55
-73
-90
-105
-120
-133
-145
-156
-166
-175
-182
-187
-191
-193
-192
-190
-184
-177
-167
-155
-142
-129
-114
-100
-87
-76
-66
-58
-52
-48
-45
-44
-44
-43
-42
-39
-34
-26
-15
0
17
39
64
90
119
148
178
206
233
257
278
295
308
315
315
309
296
277
250
217
178
135
89
41
-6
-54
-98
-139
-176
-207
-232
-251
-265
-273
-276
-274
-269
-260
-250
-238
-225
-212
-199
-186
-174
-163
-153
-142
-132
-123
-113
-102
-92
-81
-70
-59
-47
-35
-23
-10
3
17
32
47
62
77
91
104
116
128
138
146
153
158
161
162
161
157
151
144
134
124
113
103
93
84
77
72
68
67
67
69
74
80
87
97
108
122
138
156
176
199
223
249
275
301
324
343
355
361
356
341
315
278
230
174
110
43
-25
-93
-157
-214
-264
-305
-337
-360
-376
-387
-393
-396
-400
-405
-413
-424
-438
-456
-475
-496
-516
-534
-548
-557
-559
-553
-540
-518
-489
-453
-411
-364
-314
-262
-209
-156
-105
-54
-6
40
85
129
172
214
254
294
333
370
405
437
465
489
507
518
522
519
508
490
465
433
397
357
315
272
230
191
156
126
103
86
76
73
75
82
91
101
110
115
116
110
98
78
51
17
-21
-64
-109
-154
-198
-239
-275
-305
-328
-343
-351
-351
-344
-331
-313
-291
-267
-241
-214
-188
-162
-139
-117
-98
-82
-68
-56
-47
-40
-34
-30
-27
-23
-20
-16
-11
-4
3
12
24
37
51
66
82
98
114
129
142
153
161
166
167
164
158
147
133
115
95
73
49
24
0
-24
-47
-68
-86
-101
-112
-120
-123
-122
-118
-111
-102
-91
-80
-68
-57
-46
-37
-30
-24
-19
-16
-13
-10
-8
-5
-1
3
10
18
28
40
52
65
78
90
100
108
114
116
116
113
109
104
98
94
92
92
94
99
106
115
123
130
133
133
127
114
95
69
38
1
-38
-79
-118
-153
-182
-202
-212
-210
-195
-168
-130
-83
-29
29
89
147
201
249
287
316
333
340
337
323
302
273
238
199
158
116
73
32
-6
-43
-78
-110
-140
-168
-194
-219
-241
-262
-280
-296
-307
-314
-316
-312
-301
-283
-259
-229
-193
-154
-112
-70
-30
5
36
59
74
78
74
60
38
11
-20
-52
-83
-110
-131
-143
-146
-138
-119
-91
-53
-9
38
89
139
185
226
258
281
293
294
284
265
237
201
161
118
74
32
-6
-39
-66
-85
-96
-99
-96
-86
-72
-55
-38
-21
-8
1
5
3
-4
-18
-39
-65
-95
-128
-163
-200
-236
-271
-304
-333
-358
-377
-389
-393
-390
-377
-355
-324
-285
-238
-183
-123
-59
7
76
143
209
270
326
375
417
451
477
496
507
512
510
504
494
482
467
452
436
422
408
394
381
368
353
336
316
291
261
226
185
139
88
32
-25
-85
-145
-205
-263
-318
-368
-414
-453
-486
-513
-533
-546
-553
-554
-550
-541
-528
-510
-490
-465
-437
-404
-367
-326
-279
-228
-172
-113
-51
11
74
135
193
245
291
329
358
377
387
388
380
365
343
316
285
252
218
183
149
117
86
57
29
3
-21
-45
-69
-91
-112
-132
-149
-163
-172
-177
-177
-171
-160
-142
-120
-93
-64
-32
-1
29
56
80
98
110
116
116
112
103
91
79
67
56
49
45
46
51
59
70
84
98
111
122
130
134
133
126
114
97
76
51
23
-5
-34
-61
-87
-109
-128
-142
-152
-158
-160
-158
-152
-144
-134
-123
-111
-98
-86
-75
-65
-55
-47
-40
-33
-26
-19
-11
-3
6
16
27
38
49
59
68
74
79
80
78
73
64
52
37
19
-1
-23
-45
-68
-90
-110
-128
-144
-156
-165
-170
-172
-172
-169
-165
-160
-155
-150
-147
-145
-145
-148
-152
-158
-166
-173
-180
-184
-186
-184
-176
-164
-145
-121
-90
-53
-11
34
84
137
190
242
293
339
379
413
438
454
460
457
445
424
397
363
326
286
245
205
167
131
98
70
45
24
6
-8
-20
-31
-40
-50
-59
-68
-78
-89
-100
-112
-124
-135
-145
-154
-162
-167
-171
-172
-172
-171
-168
-165
-162
-159
-158
-158
-159
-163
-168
-175
-183
-191
-198
-204
-206
-203
-195
-182
-161
-134
-102
-64
-22
22
68
113
155
195
229
258
280
296
305
308
305
296
282
265
245
222
199
175
151
128
105
84
64
45
28
12
-2
-15
-28
-40
-51
-61
-70
-77
-83
-87
-88
-85
-78
-66
-50
-29
-4
24
56
89
122
154
184
209
229
243
249
247
238
220
194
162
125
83
38
-7
-54
-100
-143
-184
-220
-252
-278
-299
-312
-319
-319
-312
-297
-277
-251
-220
-186
-150
-115
-80
-49
-22
0
15
25
29
27
21
11
0
-13
-25
-35
-42
-45
-45
-40
-31
-20
-8
5
18
29
38
45
49
51
50
48
46
43
41
42
45
51
62
76
93
114
136
160
183
204
222
236
243
245
239
227
208
183
153
119
83
47
11
-21
-50
-74
-93
-106
-112
-113
-108
-100
-87
-73
-57
-40
-24
-9
5
18
30
41
51
60
68
76
83
89
93
96
97
95
90
81
67
50
27
1
-29
-63
-101
-139
-179
-218
-255
-290
-319
-344
-362
-373
-377
-373
-362
-344
-321
-292
-260
-225
-189
-153
-119
-86
-57
-32
-10
7
22
34
46
57
68
82
98
117
139
164
192
221
251
281
310
335
356
370
377
376
366
347
318
280
234
181
123
61
-2
-67
-130
-191
-249
-302
-349
-390
-425
-454
-475
-489
-497
-497
-489
-475
-452
-422
-385
-339
-287
-227
-162
-92
-18
55
130
201
267
327
378
418
447
464
468
462
444
417
382
341
295
248
200
153
108
66
27
-7
-38
-65
-88
-107
-122
-132
-138
-138
-134
-124
-109
-90
-68
-43
-19
4
24
40
49
52
48
37
20
-2
-29
-58
-89
-118
-146
-169
-189
-202
-210
-211
-207
-197
-183
-165
-144
-121
-97
-74
-51
-29
-9
8
24
38
51
63
74
84
96
108
122
138
157
177
199
221
243
264
282
296
306
311
309
302
289
269
245
216
184
148
112
74
37
1
-33
-65
-96
-124
-150
-174
-196
-216
-234
-251
-265
-277
-287
-294
-298
-299
-296
-290
-279
-263
-243
-217
-187
-152
-112
-69
-22
27
77
128
178
226
270
309
341
368
386
398
402
399
390
376
356
333
308
280
250
220
188
156
124
91
57
23
-10
-44
-77
-109
-139
-167
-191
-212
-228
-239
-245
-247
-243
-235
-222
-206
-186
-163
-139
-113
-86
-59
-34
-11
8
23
34
39
39
32
19
1
-21
-48
-77
-109
-141
-172
-201
-227
-249
-265
-277
-282
-282
-275
-264
-247
-226
-201
-174
-144
-113
-80
-48
-16
14
45
73
100
124
147
168
186
204
220
236
251
266
281
297
312
327
341
353
362
367
366
359
345
323
293
255
210
159
103
45
-14
-73
-129
-180
-225
-263
-294
-316
-329
-335
-333
-324
-310
-290
-266
-239
-210
-180
-150
-121
-94
-70
-50
-33
-20
-11
-7
-6
-10
-18
-30
-45
-63
-83
-104
-124
-143
-158
-169
-174
-173
-165
-150
-129
-101
-68
-32
6
45
83
119
151
179
201
218
229
235
236
233
227
218
209
199
190
183
177
172
170
169
170
171
173
174
175
175
173
170
164
155
143
128
110
89
65
37
7
-24
-57
-91
-125
-156
-185
-210
-231
-245
-254
-255
-250
-237
-217
-192
-160
-124
-84
-41
1
45
86
126
161
193
219
239
254
263
265
262
253
239
221
198
171
142
111
79
47
15
-15
-43
-68
-91
-109
-122
-131
-135
-133
-126
-114
-97
-75
-50
-23
4
32
58
80
95
102
100
88
63
27
-19
-76
-142
-214
-290
-368
-443
-513
-575
-626
-664
-687
-693
-683
-657
-617
-564
-502
-434
-363
-293
-226
-164
-111
-66
-29
-2
18
33
43
51
60
70
84
103
128
160
199
245
298
356
419
484
550
615
677
733
783
823
853
871
875
866
842
805
754
691
616
531
438
339
235
129
22
-82
-183
-279
-369
-450
-521
-583
-634
-673
-700
-717
-722
-717
-703
-681
-651
-616
-576
-532
-486
-438
-388
-337
-286
-234
-183
-133
-84
-37
6
47
85
118
146
168
185
195
199
197
188
175
157
136
113
89
68
49
35
26
23
27
37
53
75
99
127
154
181
205
225
240
250
252
248
238
221
200
174
144
113
81
49
19
-9
-36
-59
-80
-97
-112
-125
-135
-144
-151
-156
-159
-161
-161
-159
-154
-147
-137
-124
-108
-89
-68
-43
-16
11
41
71
100
129
155
179
200
218
232
242
248
251
250
246
239
229
217
202
185
167
147
126
104
80
56
31
5
-19
-44
-68
-89
-108
-124
-136
-143
-145
-142
-134
-121
-104
-82
-58
-33
-7
16
36
52
63
66
61
50
31
5
-23
-56
-89
-121
-148
-170
-183
-188
-183
-169
-146
-115
-79
-40
0
38
71
98
115
121
117
100
72
35
-10
-61
-116
-172
-226
-277
-322
-359
-387
-406
-415
-413
-402
-380
-350
-311
-266
-215
-161
-105
-48
6
58
106
148
184
213
235
249
256
255
248
235
216
193
166
136
105
73
41
8
-22
-52
-81
-109
-135
-159
-181
-200
-216
-229
-239
-244
-246
-244
-238
-228
-213
-195
-172
-145
-113
-76
-34
11
61
115
171
227
283
337
386
430
466
494
513
523
523
515
500
480
456
430
405
381
360
344
333
327
325
327
331
336
339
340
337
327
311
288
256
217
170
116
56
-7
-74
-143
-212
-279
-343
-401
-452
-495
-529
-552
-564
-565
-556
-536
-507
-469
-425
-375
-322
-267
-212
-159
-111
-67
-31
-3
16
27
30
25
13
-3
-24
-48
-73
-97
-119
-138
-153
-164
-169
-170
-167
-160
-149
-136
-121
-105
-86
-66
-44
-20
6
36
68
104
143
184
227
272
317
361
404
443
479
509
532
547
554
552
539
518
486
446
398
343
284
220
155
90
27
-31
-85
-131
-168
-196
-213
-220
-216
-203
-181
-152
-119
-82
-45
-8
24
52
74
88
95
93
82
63
36
3
-35
