75
64
62
70
88
114
147
186
230
274
319
361
399
430
453
465
466
456
432
395
347
286
215
136
49
-40
-134
-226
-316
-401
-478
-545
-600
-641
-668
-680
-676
-656
-623
-577
-520
-454
-382
-308
-232
-160
-91
-30
22
64
97
118
129
130
122
107
86
61
35
8
-17
-40
-59
-73
-83
-87
-86
-80
-71
-60
-46
-32
-19
-6
4
13
21
28
34
41
50
62
79
101
129
165
206
254
306
360
415
468
515
554
582
597
597
581
549
503
444
374
297
217
136
58
-13
-77
-130
-173
-204
-223
-233
-235
-229
-220
-208
-197
-187
-179
-176
-175
-178
-184
-190
-196
-200
-202
-199
-191
-177
-158
-133
-104
-70
-33
4
43
81
117
148
174
194
205
209
203
189
166
135
98
56
11
-34
-78
-120
-156
-186
-207
-219
-221
-214
-198
-175
-145
-110
-72
-34
4
40
73
103
128
149
164
176
183
187
187
185
180
175
168
160
152
144
136
127
119
110
101
90
79
66
51
35
17
-1
-21
-42
-63
-83
-101
-118
-131
-142
-148
-150
-147
-140
-130
-115
-99
-81
-63
-45
-30
-17
-7
-1
1
0
-3
-9
-18
-28
-38
-49
-58
-65
-70
-71
-68
-60
-47
-30
-8
16
44
74
104
133
161
184
204
219
229
234
234
229
219
206
189
171
151
132
113
96
82
70
62
55
51
47
43
38
30
20
5
-13
-37
-64
-94
-126
-159
-192
-223
-252
-278
-300
-320
-337
-353
-369
-388
-409
-434
-464
-497
-535
-573
-611
-645
-672
-688
-691
-678
-647
-599
-533
-452
-359
-258
-154
-53
40
121
186
231
254
255
235
196
142
77
8
-60
-122
-172
-207
-222
-216
-188
-139
-71
10
104
205
308
409
502
586
656
712
751
774
779
769
745
708
660
603
541
475
409
343
281
224
172
128
90
59
35
17
4
-4
-11
-15
-19
-23
-27
-31
-36
-41
-46
-50
-52
-53
-51
-46
-39
-31
-22
-13
-7
-4
-8
-19
-40
-70
-111
-161
-221
-287
-358
-431
-501
-567
-624
-669
-699
-712
-706
-682
-638
-577
-500
-410
-311
-208
-103
-3
89
171
240
293
331
353
361
357
345
326
303
281
260
244
234
230
234
243
258
277
298
318
336
350
358
358
351
336
313
283
248
208
165
121
78
35
-4
-42
-76
-106
-131
-152
-169
-180
-187
-188
-183
-173
-158
-137
-111
-81
-47
-12
24
60
95
126
152
173
188
196
198
194
185
171
155
136
117
99
83
68
56
48
41
38
37
37
39
42
46
51
57
65
74
85
98
112
128
144
159
172
183
189
189
183
169
148
119
84
43
0
-47
-95
-142
-185
-224
-258
-284
-304
-315
-319
-316
-306
-291
-272
-250
-226
-202
-178
-156
-136
-119
-106
-95
-88
-83
-82
-83
-87
-94
-103
-115
-130
-148
-168
-189
-212
-236
-259
-281
-300
-317
-330
-338
-341
-339
-331
-317
-296
-270
-237
-199
-156
-109
-59
-7
43
93
138
178
210
234
246
248
239
219
189
152
109
63
18
-23
-58
-84
-97
-96
-80
-49
-4
53
120
194
270
344
413
472
519
552
567
565
546
511
463
403
335
262
189
119
55
0
-46
-80
-103
-115
-117
-112
-100
-86
-70
-55
-43
-36
-35
-40
-52
-69
-92
-118
-146
-175
-202
-226
-246
-260
-269
-271
-268
-259
-246
-229
-210
-190
-169
-148
-129
-111
-95
-82
-70
-60
-53
-48
-45
-44
-45
-48
-54
-61
-70
-81
-92
-104
-116
-126
-135
-141
-143
-141
-134
-121
-102
-77
-46
-10
28
71
114
158
199
237
270
296
315
326
329
324
312
294
272
246
219
192
165
141
120
102
88
78
73
71
72
77
83
91
100
109
116
122
125
125
122
116
107
94
79
61
42
21
-1
-24
-48
-72
-96
-121
-145
-168
-190
-209
-226
-238
-245
-246
-240
-226
-205
-175
-138
-95
-47
4
56
107
154
196
230
254
269
273
266
250
224
191
153
110
67
24
-16
-54
-86
-112
-132
-146
-154
-156
-153
-145
-135
-121
-107
-92
-76
-62
-48
-36
-26
-17
-10
-4
0
2
3
4
4
3
1
0
-4
-7
-12
-18
-24
-31
-38
-46
-52
-59
-63
-67
-68
-67
-63
-57
-49
-39
-27
-13
0
14
29
42
55
65
74
81
86
88
89
88
85
82
79
75
72
68
65
63
60
56
52
47
41
34
25
15
4
-6
-18
-29
-40
-49
-56
-61
-63
-62
-59
-53
-45
-34
-22
-10
2
14
25
34
40
43
43
40
34
26
15
4
-6
-16
-23
-28
-28
-24
-15
-1
16
39
63
89
114
137
156
169
175
174
164
146
121
89
52
12
-29
-70
-110
-146
-177
-203
-224
-241
-253
-262
-271
-281
-293
-310
-331
-358
-391
-428
-469
-512
-554
-593
-627
-652
-667
-670
-659
-634
-593
-538
-469
-388
-297
-198
-94
12
118
220
318
407
488
557
615
660
692
712
718
713
697
671
636
594
548
498
448
399
352
310
273
243
219
202
190
183
178
175
172
166
155
140
118
91
57
18
-22
-66
-108
-147
-182
-209
-229
-240
-243
-238
-226
-210
-192
-173
-155
-141
-131
-127
-128
-136
-148
-163
-181
-199
-216
-230
-240
-244
-243
-235
-221
-201
-175
-145
-111
-74
-34
6
47
87
125
160
191
217
238
252
260
262
258
250
237
221
203
183
163
142
123
105
87
72
58
46
35
26
19
13
8
5
2
1
0
0
1
2
4
7
10
13
16
18
19
18
15
10
4
-3
-12
-21
-29
-36
-40
-42
-39
-33
-22
-7
12
34
60
86
111
134
153
165
170
165
149
124
88
45
-4
-59
-114
-167
-215
-255
-284
-301
-304
-293
-269
-232
-185
-131
-72
-13
43
93
136
167
186
192
185
167
138
102
61
16
-26
-68
-104
-134
-156
-170
-175
-174
-166
-153
-137
-119
-102
-86
-72
-61
-54
-50
-49
-49
-51
-54
-56
-58
-60
-60
-61
-61
-62
-65
-70
-76
-85
-96
-108
-120
-130
-136
-139
-135
-123
-104
-78
-43
-3
42
91
140
189
234
275
310
340
362
379
390
396
399
397
392
383
368
346
317
277
227
165
91
8
-83
-179
-277
-370
-456
-528
-582
-616
-626
-612
-574
-515
-437
-345
-245
-142
-42
50
130
195
241
269
278
268
243
205
158
104
47
-8
-61
-108
-148
-178
-200
-212
-216
-211
-200
-182
-160
-134
-105
-74
-42
-10
22
54
84
113
140
164
184
200
213
221
225
226
222
216
208
199
189
180
172
167
164
165
169
178
191
208
228
253
280
309
340
371
402
432
459
482
499
510
512
504
484
451
406
346
273
189
93
-10
-119
-231
-342
-449
-549
-639
-717
-781
-831
-865
-884
-888
-879
-857
-824
-782
-733
-677
-617
-554
-489
-422
-355
-290
-225
-163
-103
-46
6
55
101
143
182
217
250
279
306
330
351
370
385
396
404
407
406
401
393
381
365
348
328
308
286
264
243
221
200
179
159
138
117
96
74
51
27
1
-24
-51
-78
-106
-134
-161
-187
-212
-235
-257
-275
-290
-302
-309
-311
-308
-300
-285
-264
-238
-207
-172
-134
-95
-57
-20
12
41
64
81
91
96
95
90
82
72
62
51
42
33
27
22
18
15
12
9
4
-1
-9
-18
-29
-40
-52
-63
-71
-77
-78
-75
-66
-51
-32
-7
19
49
80
109
136
158
175
186
190
187
178
162
142
118
91
63
34
5
-20
-45
-66
-84
-98
-109
-115
-117
-115
-110
-101
-88
-73
-54
-33
-10
15
42
71
100
128
155
180
201
217
228
232
229
219
201
175
142
103
59
11
-38
-90
-140
-189
-233
-273
-305
-331
-348
-356
-355
-345
-326
-299
-265
-224
-178
-128
-74
-19
36
90
142
191
234
271
301
323
337
341
337
325
305
279
247
211
172
131
90
49
10
-26
-59
-90
-116
-138
-156
-169
-179
-185
-187
-186
-181
-174
-165
-153
-140
-125
-110
-94
-78
-61
-45
-29
-13
0
15
28
41
52
61
69
74
78
79
78
74
69
63
57
51
45
42
40
42
46
54
64
77
93
109
126
143
159
173
184
191
195
196
194
190
184
178
171
165
160
156
153
150
147
142
136
126
111
92
68
39
5
-31
-71
-110
-148
-182
-210
-230
-241
-241
-232
-214
-187
-154
-117
-80
-44
-12
13
31
41
41
33
18
-3
-28
-56
-84
-110
-133
-150
-163
-170
-172
-169
-164
-157
-149
-143
-139
-139
-142
-148
-157
-169
-182
-195
-207
-217
-223
-226
-224
-217
-206
-190
-172
-150
-128
-105
-84
-65
-50
-38
-31
-29
-31
-37
-46
-57
-70
-83
-95
-106
-114
-120
-122
-121
-116
-109
-100
-90
-79
-68
-58
-51
-45
-42
-41
-41
-43
-44
-44
-42
-35
-23
-5
20
51
90
135
184
237
291
344
395
442
482
514
537
551
554
546
528
501
465
421
371
316
258
197
136
75
16
-40
-94
-143
-186
-224
-255
-280
-297
-306
-309
-305
-295
-280
-262
-241
-220
-200
-181
-166
-154
-147
-145
-147
-153
-163
-174
-187
-200
-210
-218
-222
-220
-213
-199
-179
-154
-123
-88
-49
-8
32
73
113
149
182
211
234
253
266
275
278
278
272
264
251
234
215
191
165
136
104
70
33
-4
-43
-83
-123
-162
-198
-231
-259
-281
-295
-299
-293
-275
-245
-203
-150
-86
-13
66
149
235
318
398
470
533
586
626
654
669
672
664
645
619
585
547
506
463
420
376
333
292
251
211
172
133
95
58
21
-13
-46
-76
-103
-127
-145
-159
-167
-171
-170
-165
-157
-147
-138
-129
-123
-121
-125
-134
-148
-169
-194
-224
-255
-287
-318
-345
-366
-380
-384
-379
-364
-339
-306
-265
-219
-171
-123
-77
-35
0
27
48
60
66
65
60
52
42
32
24
17
14
14
18
25
35
46
59
72
84
93
100
103
101
95
85
70
52
31
7
-16
-41
-65
-88
-109
-129
-147
-163
-177
-190
-202
-212
-222
-230
-236
-241
-243
-243
-241
-235
-226
-215
-201
-184
-166
-146
-126
-105
-85
-66
-48
-32
-18
-5
6
17
27
36
45
53
61
69
77
83
89
94
98
100
101
100
99
96
92
87
82
76
70
64
59
54
50
47
45
44
44
45
48
50
54
57
59
61
61
59
56
50
43
34
25
16
8
2
0
3
11
24
44
70
100
135
172
210
246
278
304
322
331
328
313
287
249
200
143
80
13
-55
-122
-185
-242
-292
-333
-364
-385
-397
-400
-396
-386
-371
-352
-331
-310
-288
-267
-247
-228
-210
-193
-176
-159
-140
-121
-99
-76
-51
-26
0
27
53
77
99
119
135
148
157
