-633
-626
-609
-580
-541
-492
-434
-368
-297
-222
-146
-72
-1
62
118
165
202
229
245
252
250
240
224
202
177
148
118
88
58
30
4
-19
-39
-56
-67
-74
-76
-72
-62
-46
-25
2
34
72
112
156
200
244
286
325
359
389
412
429
441
446
445
440
429
414
395
372
345
313
278
238
193
144
91
35
-23
-83
-143
-201
-254
-300
-337
-363
-377
-379
-369
-347
-315
-276
-232
-187
-144
-106
-77
-57
-49
-53
-70
-98
-135
-180
-228
-277
-324
-365
-399
-423
-435
-435
-422
-399
-364
-321
-272
-217
-160
-102
-46
7
57
102
143
177
206
230
249
262
271
276
276
273
265
252
235
214
187
157
122
83
41
-3
-49
-95
-140
-184
-225
-261
-294
-321
-342
-357
-365
-366
-360
-346
-326
-298
-264
-223
-178
-129
-77
-25
26
75
121
162
196
222
241
250
251
244
228
206
178
145
111
76
42
11
-15
-36
-52
-62
-66
-63
-55
-42
-24
-4
16
38
60
79
95
108
116
120
118
112
102
88
70
51
30
8
-13
-35
-55
-73
-88
-100
-108
-113
-114
-111
-105
-97
-87
-77
-65
-55
-45
-36
-28
-22
-16
-11
-7
-2
2
9
17
27
39
52
67
82
97
112
124
134
139
141
137
128
115
97
76
53
28
4
-18
-39
-56
-68
-77
-80
-78
-72
-61
-47
-30
-10
10
31
53
74
94
112
130
145
159
172
183
192
200
206
211
213
214
212
208
202
194
184
174
163
153
144
137
132
130
130
132
136
139
142
143
140
132
118
99
74
43
7
-32
-74
-117
-159
-200
-238
-271
-300
-322
-338
-347
-350
-346
-337
-321
-301
-277
-249
-218
-185
-152
-117
-83
-51
-20
7
32
52
69
80
87
89
87
80
72
60
48
36
24
13
4
-2
-7
-10
-11
-11
-10
-9
-8
-7
-8
-9
-11
-13
-16
-19
-22
-25
-26
-27
-27
-25
-23
-20
-17
-14
-11
-7
-5
-2
0
0
1
3
4
5
6
7
8
10
11
12
13
13
12
10
7
4
0
-6
-13
-21
-29
-38
-47
-56
-66
-77
-89
-101
-115
-130
-145
-161
-177
-192
-204
-214
-220
-221
-216
-205
-186
-161
-128
-89
-45
3
55
108
159
207
250
286
313
331
338
336
323
302
273
238
199
157
115
73
34
0
-31
-57
-78
-95
-107
-114
-118
-120
-119
-116
-112
-108
-104
-100
-98
-96
-95
-95
-96
-96
-96
-95
-92
-87
-79
-68
-54
-37
-17
4
28
53
78
103
126
146
164
180
192
201
207
210
211
210
208
204
198
192
185
178
169
160
150
139
126
112
97
80
62
43
22
1
-20
-43
-65
-87
-108
-128
-147
-162
-175
-184
-188
-187
-181
-169
-152
-130
-103
-71
-37
0
37
74
110
143
172
197
217
231
239
242
240
233
222
207
189
170
149
128
107
86
66
47
29
11
-5
-22
-39
-55
-72
-88
-103
-116
-128
-138
-146
-151
-154
-155
-155
-153
-151
-147
-144
-141
-139
-137
-136
-136
-136
-138
-140
-144
-149
-155
-163
-174
-187
-203
-221
-243
-268
-296
-325
-354
-383
-410
-433
-451
-460
-461
-451
-430
-396
-351
-294
-226
-149
-65
23
115
207
296
381
459
530
591
641
681
709
725
729
721
702
671
630
579
520
453
380
303
225
147
72
1
-62
-117
-163
-196
-218
-228
-227
-215
-193
-165
-131
-95
-60
-27
0
21
34
37
30
14
-11
-46
-87
-134
-183
-234
-283
-330
-371
-405
-431
-447
-453
-449
-435
-411
-378
-338
-292
-242
-190
-139
-89
-44
-4
29
54
72
81
81
74
59
37
10
-20
-54
-91
-128
-165
-201
-234
-263
-287
-304
-315
-317
-310
-293
-267
-232
-188
-136
-78
-15
50
119
187
253
316
373
424
466
499
521
533
533
522
501
471
434
391
344
296
249
205
166
133
108
92
85
88
99
118
144
175
208
242
274
302
323
337
340
333
316
289
254
211
164
113
63
14
-31
-71
-105
-133
-153
-167
-174
-177
-175
-169
-162
-153
-144
-136
-128
-121
-116
-113
-112
-112
-115
-120
-127
-137
-150
-167
-187
-211
-238
-270
-304
-342
-381
-420
-458
-492
-520
-541
-552
-552
-539
-512
-472
-419
-352
-274
-187
-92
7
110
213
313
408
495
572
638
690
727
749
755
746
722
685
637
580
518
451
385
321
261
209
165
131
108
95
91
96
107
122
138
153
164
168
164
150
126
91
47
-3
-61
-123
-186
-248
-307
-362
-409
-448
-479
-500
-512
-515
-510
-497
-478
-455
-427
-398
-367
-337
-308
-280
-255
-232
-211
-193
-177
-162
-149
-136
-124
-111
-99
-85
-71
-56
-39
-22
-3
15
35
55
74
92
109
124
137
147
155
160
163
163
161
158
154
149
145
141
139
138
139
141
144
149
154
159
164
170
176
181
187
194
201
208
217
225
234
243
252
259
265
268
269
267
260
250
235
217
195
170
142
112
81
50
19
-11
-41
-71
-99
-126
-152
-178
-202
-227
-250
-273
-296
-317
-338
-358
-377
-394
-410
-423
-433
-440
-444
-444
-441
-434
-424
-411
-396
-380
-364
-348
-334
-321
-310
-302
-295
-288
-281
-273
-261
-245
-222
-193
-155
-110
-56
4
72
146
222
300
377
451
520
580
631
670
697
709
706
689
656
609
548
476
393
302
206
108
12
-80
-164
-237
-296
-339
-365
-372
-360
-330
-283
-221
-147
-64
23
112
199
280
352
412
458
489
504
505
492
466
428
382
328
269
206
141
75
11
-50
-110
-165
-216
-262
-302
-335
-362
-382
-395
-400
-397
-386
-367
-342
-309
-271
-229
-184
-138
-94
-52
-15
15
39
55
64
65
59
47
31
12
-8
-29
-50
-69
-86
-100
-111
-120
-125
-127
-126
-123
-117
-108
-97
-83
-67
-49
-30
-10
9
28
46
62
74
83
88
88
85
77
67
54
39
24
8
-7
-21
-33
-44
-52
-58
-62
-64
-64
-62
-59
-54
-49
-42
-34
-24
-13
-1
12
27
43
58
73
86
96
103
106
106
101
93
82
70
56
43
31
21
14
11
11
14
21
30
42
54
67
80
91
101
109
114
117
117
115
110
104
97
90
82
76
71
68
67
68
71
76
83
91
100
109
118
126
134
140
145
149
152
153
153
151
148
142
133
122
107
89
68
43
14
-16
-49
-83
-117
-151
-182
-211
-237
-258
-274
-285
-291
-292
-288
-280
-269
-256
-243
-230
-220
-214
-212
-216
-227
-245
-269
-299
-335
-375
-418
-462
-506
-547
-583
-614
-636
-648
-648
-637
-612
-575
-525
-465
-393
-314
-227
-135
-41
54
149
242
331
413
489
555
612
659
694
718
731
733
726
710
686
658
626
591
555
519
484
450
417
384
353
321
290
257
224
190
155
119
83
46
11
-22
-53
-81
-105
-124
-138
-147
-151
-148
-141
-128
-110
-88
-64
-37
-10
15
39
60
77
88
94
93
87
73
54
30
1
-30
-64
-100
-135
-167
-196
-220
-237
-247
-249
-244
-231
-212
-189
-162
-134
-107
-83
-62
-47
-38
-36
-40
-51
-68
-90
-116
-146
-177
-210
-242
-272
-300
-323
-341
-353
-358
-355
-343
-323
-294
-258
-215
-165
-112
-55
2
60
115
167
214
255
289
315
333
343
346
344
336
326
313
301
289
280
274
271
273
278
288
301
317
334
352
369
384
395
401
401
394
379
356
324
284
236
182
124
63
2
-58
-115
-167
-212
-250
-281
-302
-317
-324
-325
-321
-314
-305
-295
-286
-279
-274
-272
-274
-278
-285
-294
-303
-311
-317
-319
-315
-306
-289
-266
-235
-199
-158
-114
-67
-21
23
66
104
138
166
188
204
213
216
214
206
193
176
156
134
109
84
60
36
14
-5
-21
-34
-42
-47
-48
-46
-41
-36
-30
-26
-24
-25
-31
-41
-55
-72
-92
-111
-130
-146
-157
-162
-160
-150
-133
-108
-76
-40
0
40
80
118
150
175
192
199
198
187
167
140
108
71
33
-3
-37
-67
-90
-104
-109
-104
-89
-63
-29
12
59
109
159
206
248
282
305
315
313
296
267
225
173
113
48
-18
-83
-145
-200
-246
-281
-305
-317
-318
-309
-291
-266
-237
-205
-173
-141
-112
-86
-64
-46
-32
-22
-15
-11
-9
-9
-11
-13
-17
-22
-27
-33
-39
-46
-51
-55
-57
-56
-51
-42
-27
-7
17
49
85
126
169
215
260
303
343
377
404
423
432
431
420
399
370
334
293
248
202
157
115
78
47
22
6
-2
-5
-1
7
19
34
48
62
74
82
86
86
82
73
61
44
24
2
-21
-46
-71
-95
-118
-138
-154
-167
-174
-176
-174
-166
-155
-140
-125
-109
-97
-88
-87
-94
-110
-137
-175
-224
-283
-349
-421
-496
-570
-640
-702
-753
-790
-809
-810
-790
-749
-689
-610
-514
-407
-290
-168
-47
70
181
281
367
439
496
539
568
585
593
594
590
584
576
567
558
549
538
525
509
489
463
432
395
353
307
257
206
154
104
57
15
-19
-48
-70
-85
-92
-92
-88
-79
-67
-54
-42
-33
-28
-29
-37
-54
-79
-113
-155
-202
-254
-307
-359
-406
-445
-475
-493
-497
-487
-463
-425
-377
-321
-260
-198
-137
-82
-34
2
28
42
45
39
25
5
-16
-38
-57
-72
-80
-81
-74
-59
-38
-11
18
50
83
114
142
167
188
206
221
234
246
258
271
285
301
318
336
353
368
379
387
388
383
371
351
324
290
250
206
157
107
55
4
-44
-91
-133
-170
-202
-227
-245
-256
-260
-257
-247
-233
-213
-190
-165
-137
-110
-83
-57
-34
-13
3
16
25
28
27
21
10
-4
-24
-48
-75
-104
-136
-168
-201
-233
-264
-292
-317
-337
-353
-364
-370
-370
-365
-356
-341
-322
-299
-271
-238
-201
-159
-112
-59
0
63
132
205
281
358
436
511
581
645
701
746
779
799
806
799
778
745
701
647
586
520
452
383
315
252
192
139
92
51
15
-14
-40
-62
-83
-103
-123
-144
-166
-191
-217
-245
-275
-306
-338
-371
-403
-433
-462
-487
-507
-522
-531
-531
-524
-509
-485
-454
-417
-374
-327
-280
-232
-187
-146
-111
-82
-61
-48
-43
-46
-55
-70
-90
-111
-134
-157
-178
-196
-210
-221
-227
-230
-230
-228
-225
-221
-217
-213
-211
-209
-208
-208
-210
-212
-215
-219
-223
-227
-231
-232
-230
-224
-212
-191
-161
-119
-64
3
85
179
285
400
521
644
766
882
987
1079
1153
1208
1242
1255
1247
1220
1177
1119
1050
973
890
803
713
621
528
433
336
236
135
31
-73
-178
-281
-382
-476
-562
-639
-703
-755
-792
-816
-825
-822
-807
-782
-749
-710
-667
-623
-578
-533
-492
-453
-418
-386
-359
-336
-316
-299
-284
-271
-258
-245
-230
-214
-194
-171
-144
-114
