440
461
480
498
514
529
544
556
567
574
577
574
564
546
519
482
436
379
314
241
163
80
-3
-86
-166
-240
-307
-364
-410
-445
-467
-476
-474
-461
-437
-406
-367
-323
-276
-228
-179
-131
-87
-46
-9
23
50
72
90
103
111
116
116
114
108
99
87
73
56
37
16
-5
-28
-52
-75
-98
-120
-141
-159
-175
-189
-200
-209
-215
-219
-220
-219
-216
-210
-202
-192
-180
-166
-149
-131
-111
-90
-66
-42
-16
10
36
63
89
113
135
154
170
181
186
186
180
167
149
125
98
67
36
5
-23
-48
-68
-83
-91
-93
-89
-80
-67
-52
-35
-17
0
16
32
47
62
78
95
114
137
163
194
227
263
300
335
368
394
412
419
416
400
373
334
287
232
174
114
55
0
-48
-89
-121
-144
-157
-161
-157
-145
-128
-106
-83
-59
-35
-14
2
14
22
24
20
12
0
-16
-35
-56
-77
-97
-116
-132
-145
-154
-158
-157
-152
-142
-129
-114
-97
-80
-65
-52
-42
-37
-36
-38
-45
-54
-65
-77
-87
-96
-101
-102
-97
-86
-70
-47
-19
12
48
86
125
164
201
236
267
295
318
337
351
359
363
361
354
341
322
298
268
233
193
149
101
50
-1
-54
-105
-154
-198
-238
-270
-296
-314
-325
-330
-329
-325
-318
-310
-304
-301
-300
-304
-312
-324
-338
-354
-370
-384
-395
-402
-404
-400
-390
-373
-349
-320
-286
-247
-205
-160
-113
-65
-16
33
82
132
181
229
277
322
365
405
440
470
493
510
519
521
515
501
480
453
421
385
345
305
263
223
185
149
115
85
57
31
6
-16
-39
-62
-86
-109
-132
-155
-177
-197
-215
-230
-242
-250
-255
-256
-254
-250
-244
-237
-230
-225
-221
-220
-222
-228
-237
-249
-263
-278
-294
-309
-323
-335
-344
-350
-353
-354
-352
-348
-342
-335
-327
-319
-311
-301
-291
-279
-265
-248
-228
-203
-174
-141
-102
-58
-10
41
96
153
213
273
334
394
454
511
566
618
666
709
746
775
796
807
807
794
770
733
683
623
553
475
392
306
220
137
59
-10
-70
-120
-158
-185
-200
-205
-201
-189
-173
-153
-132
-112
-94
-79
-68
-62
-60
-64
-72
-83
-99
-116
-135
-155
-175
-194
-213
-230
-245
-258
-270
-280
-287
-292
-294
-292
-287
-277
-263
-243
-219
-190
-157
-121
-82
-42
-2
35
72
105
133
157
177
192
202
210
215
218
222
226
232
240
250
261
274
287
299
310
318
322
322
317
307
293
274
252
225
196
165
133
99
66
33
2
-27
-53
-77
-96
-111
-121
-127
-128
-125
-118
-109
-97
-85
-73
-61
-52
-46
-43
-45
-52
-63
-79
-99
-122
-147
-173
-198
-221
-242
-258
-270
-277
-278
-274
-265
-252
-235
-217
-199
-181
-165
-152
-143
-137
-136
-138
-143
-150
-158
-166
-172
-176
-175
-170
-159
-142
-120
-93
-61
-25
12
51
91
129
165
198
226
249
267
280
287
288
284
275
261
242
220
193
163
131
96
61
25
-9
-43
-73
-101
-124
-143
-157
-166
-171
-172
-170
-164
-156
-147
-135
-123
-110
-96
-82
-66
-50
-32
-13
5
26
48
71
94
115
136
153
166
174
176
170
157
135
105
68
24
-25
-78
-133
-187
-239
-286
-327
-359
-381
-393
-393
-383
-363
-333
-295
-251
-202
-149
-95
-41
12
63
112
158
201
241
277
310
339
365
387
404
415
421
420
413
399
377
349
316
277
235
189
142
94
47
0
-43
-85
-124
-159
-190
-217
-239
-257
-269
-276
-278
-275
-267
-255
-238
-218
-195
-169
-140
-110
-77
-42
-6
31
70
110
150
190
228
265
298
327
352
372
385
392
392
386
373
354
329
300
268
233
198
162
129
98
70
47
29
15
6
1
1
3
8
14
20
25
28
28
24
17
6
-8
-25
-45
-66
-88
-109
-129
-147
-164
-179
-192
-204
-215
-227
-239
-254
-271
-292
-316
-345
-376
-411
-446
-481
-513
-539
-558
-567
-565
-549
-519
-475
-417
-347
-266
-177
-82
13
109
201
286
361
426
478
517
544
558
561
555
541
521
496
470
442
414
386
358
330
302
273
242
210
176
139
101
62
21
-18
-58
-97
-133
-166
-196
-222
-243
-259
-270
-276
-277
-273
-265
-254
-239
-222
-203
-183
-162
-142
-122
-103
-86
-72
-60
-51
-45
-43
-43
-46
-51
-57
-64
-71
-78
-84
-88
-90
-91
-90
-87
-82
-76
-69
-61
-54
-48
-43
-41
-41
-44
-51
-61
-74
-89
-107
-125
-144
-162
-178
-191
-199
-203
-200
-190
-174
-151
-122
-87
-48
-5
39
84
130
175
218
260
301
340
378
414
450
485
518
550
578
602
621
632
633
623
600
562
508
438
353
255
146
29
-92
-213
-330
-440
-537
-620
-685
-733
-762
-773
-767
-745
-711
-666
-614
-557
-498
-439
-381
-327
-276
-230
-187
-147
-110
-74
-39
-3
31
68
106
144
183
221
259
295
329
360
387
410
427
439
445
444
438
426
409
387
361
332
300
268
234
201
169
139
110
84
61
40
22
5
-9
-23
-36
-48
-61
-74
-87
-100
-113
-125
-136
-145
-151
-154
-154
-149
-142
-130
-115
-98
-78
-57
-35
-12
8
29
47
63
77
88
95
100
101
101
98
93
86
79
71
63
55
46
37
28
20
11
2
-5
-13
-19
-25
-29
-33
-35
-36
-37
-37
-36
-35
-35
-34
-35
-36
-38
-41
-46
-52
-60
-69
-79
-89
-101
-113
-125
-138
-150
-162
-172
-182
-190
-196
-200
-201
-200
-194
-185
-172
-154
-132
-106
-75
-41
-4
34
74
113
151
186
217
242
261
274
279
277
269
255
235
213
188
162
136
112
91
73
59
48
41
36
33
31
28
24
17
6
-8
-28
-52
-79
-108
-139
-168
-196
-219
-237
-250
-256
-255
-247
-234
-215
-192
-166
-137
-107
-76
-45
-15
14
42
69
93
115
135
151
165
175
181
184
182
177
168
156
140
122
102
81
58
35
12
-9
-31
-51
-70
-87
-103
-116
-128
-137
-144
-149
-152
-152
-151
-147
-141
-132
-121
-107
-91
-73
-52
-30
-7
16
39
62
82
101
116
127
134
136
132
125
112
96
77
56
35
15
-3
-18
-30
-38
-41
-40
-36
-28
-19
-9
1
10
17
21
22
20
15
7
-3
-15
-27
-40
-51
-60
-67
-71
-71
-68
-63
-54
-44
-32
-19
-7
4
14
23
29
34
37
38
38
38
39
40
43
49
57
68
82
99
118
137
157
176
192
204
212
213
209
199
182
160
132
100
65
26
-14
-56
-99
-143
-187
-231
-273
-313
-350
-383
-413
-437
-455
-466
-469
-464
-449
-425
-393
-351
-301
-245
-183
-118
-51
15
80
142
198
249
291
326
352
369
377
377
368
351
327
298
263
223
181
137
92
47
3
-38
-76
-109
-138
-162
-179
-191
-196
-196
-191
-181
-167
-151
-133
-114
-96
-77
-61
-45
-31
-17
-5
7
20
34
49
65
83
103
124
145
166
186
204
219
231
238
242
240
234
225
212
198
183
168
154
142
133
128
126
127
133
142
153
167
182
197
210
221
228
230
225
214
197
172
141
105
64
19
-26
-72
-117
-160
-198
-231
-258
-279
-292
-298
-298
-292
-281
-266
-247
-226
-203
-181
-158
-136
-116
-97
-80
-65
-52
-42
-35
-31
-30
-33
-40
-50
-63
-78
-96
-114
-132
-148
-162
-172
-178
-179
-174
-163
-147
-125
-99
-69
-37
-4
29
61
93
122
148
173
195
216
235
254
271
288
303
317
329
337
341
341
335
322
304
278
247
210
169
123
75
26
-23
-71
-118
-161
-200
-235
-264
-288
-307
-321
-330
-334
-334
-331
-324
-315
-303
-290
-277
-263
-249
-236
-224
-212
-201
-191
-182
-173
-165
-157
-149
-141
-133
-125
-117
-110
-103
-97
-92
-86
-81
-75
-68
-60
-48
-33
-15
8
36
70
108
150
194
241
287
332
374
412
443
468
484
493
493
485
470
447
417
382
341
295
244
189
129
64
-3
-76
-153
-233
-315
-398
-479
-557
-629
-692
-746
-786
-812
-822
-815
-791
-751
-695
-626
-545
-457
-364
-269
-176
-88
-8
60
118
164
197
218
228
230
226
218
209
202
200
204
216
237
268
306
352
403
457
512
564
610
649
677
694
699
692
673
643
605
560
511
460
410
362
317
277
241
210
181
155
128
100
69
32
-8
-56
-109
-167
-229
-293
-356
-417
-472
-522
-562
-594
-615
-626
-626
-617
-599
-574
-543
-507
-468
-427
-385
-342
-299
-257
-215
-174
-134
-94
-56
-18
18
53
88
120
151
180
207
232
255
276
295
311
326
338
347
353
357
357
353
347
337
324
309
292
274
256
238
221
206
192
179
167
157
148
138
129
119
108
97
83
69
52
34
15
-5
-27
-50
-73
-96
-118
-139
-158
-176
-191
-205
-216
-225
-233
-239
-243
-247
-250
-253
-255
-257
-260
-262
-265
-268
-270
-273
-274
-274
-273
-269
-263
-254
-242
-226
-207
-184
-157
-127
-94
-58
-20
19
60
101
141
179
215
248
277
302
322
338
349
356
359
358
354
347
337
325
310
293
273
251
226
199
169
137
103
68
32
-3
-37
-69
-97
-121
-141
-155
-165
-170
-170
-167
-162
-154
-146
-138
-130
-123
-117
-113
-111
-110
-111
-113
-117
-120
-124
-127
-129
-130
-129
-127
-125
-121
-116
-112
-108
-106
-104
-105
-107
-111
-117
-125
-134
-143
-152
-161
-169
-176
-180
-182
-180
-174
-164
-151
-133
-111
-86
-59
-28
2
34
66
97
126
153
176
197
214
227
236
242
244
243
240
235
228
221
214
207
201
195
191
187
184
181
178
174
170
165
159
152
144
134
122
109
95
80
64
47
30
12
-4
-21
-37
-53
-68
-83
-96
-108
-119
-129
-137
-144
-150
-155
-159
-162
-164
-165
-165
-165
-164
-161
-159
-156
-152
-149
-146
-143
-141
-139
-138
-137
-137
-135
-134
-131
-128
-124
-118
-110
-101
-90
-78
-64
-48
-31
-14
3
20
37
53
66
78
87
94
97
98
96
91
83
73
61
47
31
15
-1
-19
-35
-51
-65
-76
-85
-92
-95
-95
-92
-86
-77
-64
-49
-30
-9
14
40
69
98
129
159
190
219
247
272
293
311
324
332
334
330
321
306
286
261
233
201
167
132
96
61
28
-2
-30
-54
-75
-92
-104
-113
-117
-118
-116
-110
-103
-93
-81
-69
-55
-40
-25
-10
5
20
35
49
61
71
79
84
87
86
82
75
64
51
36
18
0
-18
-36
-53
-68
-81
-91
-99
-103
-105
-105
-103
-101
-98
-95
-93
-92
-92
-93
-96
-99
-104
-109
-114
-119
-124
-129
-132
-135
-137
-138
-137
-136
-133
-129
-124
-119
-112
-106
-100
-94
-90
-86
-83
-82
-82
-84
-86
-89
-92
