11
-4
-22
-43
-67
-92
-119
-146
-173
-197
-219
-236
-248
-252
-249
-239
-221
-196
-165
-129
-91
-51
-12
24
59
89
115
135
149
157
159
156
148
134
117
96
73
48
23
0
-23
-43
-61
-75
-85
-92
-95
-94
-91
-85
-78
-69
-59
-50
-40
-31
-23
-14
-6
1
10
19
30
43
57
73
89
107
126
144
163
181
198
215
230
245
258
270
281
291
299
306
312
317
321
324
326
328
328
327
324
319
310
298
282
262
237
208
174
137
97
54
11
-32
-75
-116
-155
-191
-224
-253
-279
-302
-323
-342
-359
-376
-392
-407
-422
-435
-446
-454
-457
-456
-449
-436
-417
-392
-361
-325
-285
-243
-199
-156
-114
-74
-38
-5
22
46
65
80
91
100
105
109
112
115
117
121
127
134
143
155
168
183
200
216
232
247
260
269
274
275
272
264
252
235
213
188
158
125
88
48
5
-40
-87
-134
-181
-226
-268
-305
-336
-361
-378
-387
-388
-380
-365
-342
-312
-277
-236
-191
-144
-94
-44
6
56
104
151
196
238
278
316
350
381
409
433
453
469
480
487
488
485
478
467
453
436
418
398
378
357
336
314
292
268
243
214
182
146
105
58
6
-50
-113
-180
-250
-322
-395
-466
-534
-598
-654
-701
-738
-764
-777
-776
-761
-733
-693
-640
-579
-509
-434
-357
-279
-204
-134
-70
-13
33
72
102
124
139
148
152
154
153
152
151
152
154
159
166
175
186
198
212
226
241
255
268
281
291
300
307
311
311
307
298
283
263
237
206
168
126
80
32
-16
-64
-109
-149
-185
-214
-236
-252
-261
-264
-262
-256
-247
-236
-223
-209
-195
-180
-165
-149
-132
-113
-92
-69
-41
-10
24
65
110
161
216
276
339
404
470
533
592
644
686
717
733
734
719
687
641
580
506
423
331
235
135
36
-60
-153
-239
-318
-387
-446
-496
-535
-564
-584
-596
-601
-600
-594
-585
-572
-557
-539
-520
-500
-477
-453
-426
-395
-360
-321
-276
-225
-168
-106
-39
31
103
176
246
311
368
415
449
467
470
454
422
372
307
228
139
42
-59
-162
-262
-357
-443
-517
-578
-623
-652
-663
-658
-635
-597
-545
-481
-406
-323
-235
-144
-52
37
123
204
278
344
401
450
490
521
544
559
565
564
557
543
523
498
469
436
400
361
322
281
241
201
162
125
90
58
28
1
-22
-44
-63
-80
-97
-112
-127
-143
-160
-178
-198
-221
-245
-272
-301
-332
-363
-393
-423
-450
-474
-493
-507
-515
-516
-510
-499
-482
-460
-435
-407
-378
-349
-321
-293
-266
-240
-213
-185
-155
-123
-87
-46
0
50
106
168
233
301
372
443
513
581
644
703
755
799
836
864
885
898
906
908
906
901
894
886
875
862
847
827
801
768
726
673
607
527
433
325
205
74
-64
-207
-350
-490
-621
-740
-843
-928
-993
-1037
-1060
-1062
-1046
-1014
-970
-917
-859
-800
-742
-689
-643
-605
-575
-552
-536
-525
-517
-508
-498
-484
-463
-434
-396
-349
-291
-225
-150
-68
18
108
199
288
374
453
525
587
639
679
707
723
727
719
701
673
636
593
544
492
438
384
332
284
240
202
170
145
126
113
106
103
104
108
114
121
127
133
136
137
134
127
116
100
80
55
26
-6
-41
-77
-114
-151
-186
-218
-246
-270
-288
-300
-305
-305
-299
-289
-275
-259
-241
-223
-206
-190
-175
-163
-153
-146
-141
-138
-138
-140
-144
-151
-159
-167
-175
-182
-186
-185
-179
-166
-146
-117
-79
-34
18
77
141
208
276
344
409
468
518
559
586
599
597
578
542
491
427
350
264
173
77
-18
-112
-202
-285
-362
-430
-488
-537
-576
-605
-624
-633
-634
-628
-614
-596
-574
-550
-525
-502
-480
-461
-446
-434
-425
-418
-411
-401
-388
-367
-339
-300
-250
-189
-117
-35
52
145
238
329
414
490
553
603
638
657
661
650
626
592
550
502
451
400
350
305
264
230
202
180
164
154
147
144
144
145
146
146
146
144
140
134
126
116
105
93
80
68
57
46
36
28
20
12
5
-2
-11
-21
-33
-48
-65
-85
-109
-136
-165
-197
-230
-264
-297
-329
-357
-380
-397
-406
-408
-401
-384
-358
-323
-281
-230
-174
-113
-49
16
83
148
210
267
319
365
402
430
450
460
461
452
434
409
375
335
290
239
184
127
68
8
-51
-109
-163
-214
-259
-298
-329
-352
-365
-370
-364
-350
-326
-294
-255
-211
-163
-114
-66
-21
20
55
84
106
120
128
129
125
118
107
96
85
75
68
63
61
63
67
73
79
85
90
93
92
88
80
67
50
29
6
-18
-43
-68
-91
-110
-125
-135
-138
-135
-125
-108
-86
-59
-28
3
37
70
101
128
151
170
183
191
194
193
187
178
167
153
138
121
104
86
68
50
32
14
-2
-19
-37
-54
-72
-91
-110
-131
-151
-172
-191
-209
-224
-235
-242
-243
-238
-227
-210
-187
-160
-128
-94
-60
-25
8
38
65
88
105
116
121
120
112
97
77
51
21
-11
-46
-81
-114
-142
-164
-178
-182
-175
-156
-126
-85
-35
21
81
143
202
256
302
337
359
369
364
346
316
276
228
175
118
61
4
-48
-98
-143
-182
-216
-244
-267
-284
-296
-304
-307
-305
-300
-290
-278
-263
-246
-228
-210
-192
-176
-162
-152
-145
-143
-145
-151
-163
-178
-196
-217
-239
-261
-280
-296
-306
-308
-302
-285
-256
-216
-163
-99
-25
57
146
238
330
417
497
567
624
665
690
699
691
668
631
584
528
468
405
344
288
239
200
172
156
153
161
179
204
232
261
285
301
304
294
266
221
158
78
-15
-120
-231
-345
-457
-560
-651
-724
-776
-803
-804
-779
-727
-652
-557
-446
-327
-204
-84
26
121
197
250
277
278
253
206
138
55
-37
-135
-233
-326
-407
-475
-526
-558
-570
-563
-538
-497
-443
-377
-303
-224
-141
-56
28
112
195
276
354
430
501
568
631
687
736
778
812
835
849
851
841
819
784
736
675
602
518
424
323
215
105
-5
-114
-219
-317
-406
-484
-550
-602
-639
-663
-673
-669
-654
-630
-598
-562
-522
-483
-445
-411
-381
-357
-337
-321
-308
-296
-282
-264
-241
-209
-169
-118
-57
12
90
173
260
348
433
514
589
654
710
754
786
806
813
807
789
759
716
663
599
526
444
356
264
168
72
-23
-116
-204
-286
-360
-425
-480
-524
-558
-580
-591
-593
-585
-569
-546
-518
-486
-451
-414
-376
-339
-302
-266
-231
-198
-167
-137
-110
-84
-61
-40
-20
-1
16
33
50
68
87
106
127
148
171
194
216
236
254
267
275
276
268
251
226
191
148
98
44
-12
-69
-124
-173
-214
-246
-265
-272
-265
-246
-214
-172
-121
-65
-6
51
108
159
204
241
270
291
303
308
305
296
283
265
244
222
198
175
153
135
120
110
106
108
115
127
142
160
176
190
200
201
194
177
148
108
57
-3
-74
-151
-232
-314
-394
-467
-529
-577
-607
-617
-606
-573
-520
-451
-369
-280
-190
-106
-32
25
65
83
82
60
22
-28
-87
-150
-211
-266
-311
-343
-360
-360
-345
-314
-270
-214
-150
-81
-9
63
133
199
259
312
357
393
421
440
451
454
450
440
423
401
374
342
307
269
228
186
143
100
59
20
-14
-45
-72
-94
-112
-126
-135
-141
-144
-144
-141
-136
-127
-116
-101
-84
-64
-41
-16
10
38
66
94
122
149
175
198
219
236
250
258
261
259
250
236
215
188
156
120
80
37
-7
-53
-99
-145
-189
-232
-274
-312
-349
-382
-412
-439
-463
-482
-498
-509
-516
-518
-514
-505
-490
-468
-441
-406
-365
-317
-263
-202
-134
-62
15
95
178
261
343
421
493
557
612
655
684
700
700
685
656
612
557
491
417
339
258
179
103
32
-31
-88
-138
-182
-222
-258
-292
-327
-363
-401
-439
-478
-514
-546
-570
-584
-584
-568
-533
-480
-407
-316
-207
-85
48
190
334
476
613
740
853
951
1033
1098
1148
1183
1208
1225
1236
1244
1251
1258
1264
1266
1263
1249
1220
1171
1097
992
855
684
480
245
-14
-294
-585
-877
-1162
-1431
-1676
-1888
-2062
-2195
-2284
-2329
-2330
-2292
-2217
-2110
-1978
-1825
-1658
-1482
-1303
-1124
-951
-785
-628
-482
-346
-222
-106
1
103
200
296
391
488
586
687
789
893
997
1098
1194
1283
1362
1429
1480
1514
1528
1521
1494
1444
1374
1283
1174
1049
909
758
599
433
266
99
-64
-221
-369
-506
-628
-734
-822
-890
-936
-961
-963
-943
-903
-843
-766
-675
-573
-464
-353
-243
-138
-42
41
112
168
207
231
240
235
219
193
159
122
82
42
4
-30
-60
-85
-104
-118
-128
-134
-137
-140
-143
-147
-155
-167
-184
-207
-236
-271
-313
-359
-410
-465
-520
-575
-627
-674
-713
-742
-759
-763
-752
-726
-685
-630
-561
-480
-388
-287
-180
-68
45
159
272
381
485
581
670
750
820
882
935
979
1017
1047
1071
1088
1099
1103
1100
1086
1062
1026
976
911
830
733
621
495
356
207
50
-110
-272
-430
-583
-725
-854
-966
-1060
-1134
-1187
-1218
-1229
-1220
-1193
-1151
-1095
-1029
-954
-875
-793
-710
-628
-548
-471
-396
-323
-252
-181
-110
-37
37
114
193
274
356
438
519
596
669
736
795
846
887
918
938
947
946
933
911
878
836
785
727
662
591
516
437
356
273
190
108
26
-52
-128
-201
-269
-331
-388
-439
-483
-519
-548
-569
-582
-587
-583
-572
-553
-526
-494
-455
-413
-368
-320
-273
-225
-179
-136
-95
-57
-23
7
35
60
81
100
116
130
143
154
164
172
181
189
197
204
212
220
228
236
244
252
259
264
268
269
267
262
252
237
217
192
161
126
86
42
-4
-54
-104
-155
-205
-254
-300
-343
-383
-419
-451
-480
-504
-524
-540
-552
-558
-558
-552
-539
-516
-485
-443
-391
-328
-255
-172
-82
14
114
216
318
415
507
591
664
725
773
807
827
832
823
800
764
717
659
593
520
441
358
273
187
103
20
-57
-129
-195
-254
-304
-346
-380
-405
-423
-432
-433
-427
-413
-392
-365
-332
-293
-251
-207
-161
-117
-74
-36
-3
24
44
59
68
71
71
67
61
55
49
43
40
39
41
45
53
63
75
89
104
119
134
148
160
170
180
188
195
202
208
213
218
221
221
216
207
192
170
141
106
64
17
-33
-85
-138
-190
-239
-284
-325
-362
-393
-422
-447
-472
-497
-523
-553
-587
-625
-668
-714
-764
-815
-864
-911
-951
-983
-1005
-1012
-1004
-979
-936
-873
-790
-689
-569
-433
-282
-120
51
230
413
597
779
957
1130
1293
1447
1590
1720
1836
1936
2021
2088
2137
2165
2171
2153
2109
2037
1936
1804
1642
1450
1230
985
719
437
146
-149
-440
-722
-986
-1228
-1442
-1622
