11
26
39
49
55
57
56
51
43
32
20
6
-8
-23
-38
-51
-63
-74
-81
-86
-88
-86
-81
-73
-62
-49
-34
-18
-1
14
30
44
57
68
76
83
87
89
89
88
86
83
80
76
73
70
67
65
64
64
64
64
64
65
65
64
64
62
60
58
55
53
50
47
44
42
40
38
36
35
34
33
34
35
38
41
45
50
55
59
62
63
63
60
55
48
40
30
20
10
2
-4
-8
-9
-7
-2
5
16
28
40
51
61
68
72
71
67
58
44
28
8
-12
-33
-53
-72
-87
-97
-102
-102
-96
-84
-67
-46
-23
1
26
50
72
90
104
114
119
119
115
108
99
87
75
63
51
40
30
22
15
9
3
-2
-9
-17
-29
-43
-61
-82
-106
-133
-162
-191
-220
-246
-268
-285
-296
-300
-296
-285
-265
-239
-206
-169
-128
-86
-44
-4
30
60
84
100
109
109
103
90
73
51
27
3
-21
-43
-63
-79
-91
-99
-103
-103
-100
-93
-84
-72
-58
-43
-27
-10
7
25
44
63
82
101
120
138
155
171
185
195
203
207
207
203
194
181
164
144
120
95
68
40
13
-11
-35
-57
-75
-91
-104
-114
-121
-126
-130
-132
-134
-135
-137
-138
-141
-143
-146
-149
-151
-152
-153
-152
-149
-144
-137
-128
-117
-105
-92
-79
-67
-57
-49
-45
-45
-49
-57
-70
-87
-107
-130
-155
-180
-205
-228
-248
-265
-278
-286
-288
-284
-275
-260
-239
-213
-183
-149
-112
-74
-35
3
41
78
111
142
170
195
216
234
248
259
268
274
277
278
278
276
273
271
269
268
269
271
276
283
292
301
310
318
324
327
326
321
312
297
278
255
228
198
167
135
103
72
43
18
-3
-22
-36
-47
-55
-61
-66
-69
-73
-78
-84
-92
-102
-113
-127
-141
-156
-170
-184
-197
-208
-217
-222
-225
-224
-220
-213
-203
-192
-178
-164
-148
-133
-119
-105
-92
-80
-68
-57
-47
-36
-24
-12
1
15
31
48
67
86
106
128
149
172
194
216
237
256
274
288
300
308
312
312
307
298
285
269
251
231
210
189
168
149
131
114
100
87
75
65
56
47
38
30
22
13
5
-3
-13
-23
-34
-46
-57
-70
-82
-94
-106
-118
-129
-139
-149
-158
-166
-174
-181
-188
-194
-199
-204
-209
-213
-217
-220
-222
-224
-224
-223
-221
-218
-213
-207
-200
-192
-184
-176
-168
-160
-151
-142
-133
-121
-107
-91
-71
-48
-22
6
37
68
98
127
151
170
184
190
190
184
172
155
134
112
89
67
49
34
23
17
16
20
26
35
45
54
62
68
71
71
69
63
56
48
39
31
24
19
16
15
16
19
23
26
29
31
31
28
22
13
0
-14
-31
-49
-69
-89
-108
-127
-143
-157
-168
-176
-181
-183
-182
-178
-171
-162
-151
-138
-123
-108
-92
-76
-61
-45
-30
-16
-3
8
18
27
34
39
43
45
46
45
43
41
39
36
34
32
30
29
29
29
30
31
32
33
35
38
40
43
47
51
55
60
65
70
75
80
85
90
94
99
102
106
109
110
111
111
110
107
102
96
87
77
64
50
34
17
0
-17
-34
-49
-62
-73
-81
-87
-89
-89
-87
-83
-78
-71
-63
-55
-47
-39
-30
-22
-14
-7
0
7
14
21
28
36
44
51
59
66
72
77
81
83
83
81
78
72
65
56
47
37
26
16
7
0
-6
-11
-14
-15
-15
-13
-9
-5
0
3
7
9
10
9
5
0
-7
-16
-26
-37
-48
-57
-65
-71
-75
-75
-73
-68
-60
-50
-39
-27
-14
-2
8
18
25
29
30
28
24
17
8
-1
-12
-24
-34
-43
-51
-56
-60
-61
-61
-60
-59
-58
-57
-57
-57
-60
-63
-66
-71
-75
-79
-82
-84
-84
-83
-80
-75
-68
-59
-48
-37
-24
-11
1
13
25
36
45
52
57
61
63
63
61
58
53
47
41
33
25
17
10
3
0
-3
-3
-1
3
12
23
37
53
70
89
107
124
140
153
163
169
171
169
163
153
140
124
106
87
67
47
28
10
-4
-18
-28
-37
-42
-45
-46
-44
-40
-35
-28
-20
-11
-1
8
17
26
34
41
47
50
51
49
45
38
27
14
0
-18
-37
-56
-76
-95
-114
-131
-146
-160
-171
-180
-187
-192
-195
-194
-191
-185
-176
-164
-150
-134
-116
-96
-77
-57
-39
-23
-10
0
6
9
8
4
-4
-15
-29
-44
-60
-76
-92
-106
-117
-126
-131
-133
-130
-124
-113
-98
-79
-56
-30
-1
29
62
94
126
157
185
209
229
244
254
259
259
254
245
232
217
199
180
160
141
121
102
84
67
52
37
23
10
-1
-12
-23
-33
-42
-50
-56
-61
-64
-66
-66
-63
-59
-54
-47
-39
-30
-22
-14
-7
-2
0
0
-3
-8
-16
-26
-37
-48
-60
-71
-81
-89
-95
-99
-101
-101
-99
-95
-90
-83
-76
-69
-62
-55
-48
-42
-37
-33
-29
-25
-22
-18
-15
-11
-6
-1
3
9
16
23
31
38
45
52
58
63
66
68
68
67
63
59
53
46
39
33
27
22
18
17
17
20
24
29
36
44
51
59
66
71
75
77
78
76
72
67
60
52
44
37
31
26
24
24
28
34
42
53
65
77
89
99
106
109
107
100
87
69
47
20
-8
-39
-70
-100
-127
-152
-172
-187
-198
-203
-203
-198
-190
-177
-163
-146
-128
-110
-92
-75
-59
-45
-31
-18
-7
4
14
25
35
45
56
66
76
86
96
105
113
120
126
130
132
132
129
124
115
104
91
75
59
41
24
7
-7
-20
-30
-37
-40
-39
-34
-25
-13
1
18
36
54
71
87
99
107
111
110
104
93
77
57
34
9
-16
-44
-71
-97
-122
-145
-165
-183
-198
-210
-219
-225
-227
-226
-223
-217
-208
-197
-183
-168
-151
-134
-116
-98
-81
-64
-49
-35
-22
-11
-2
6
14
21
28
34
40
46
51
55
59
60
61
59
56
50
43
34
24
14
3
-5
-13
-18
-19
-17
-10
0
15
35
59
85
113
142
170
197
220
238
251
258
258
251
236
216
189
158
123
86
49
13
-20
-50
-77
-99
-115
-127
-134
-136
-134
-128
-119
-107
-93
-78
-61
-44
-27
-10
6
21
35
47
57
65
70
71
70
66
60
51
41
29
18
8
0
-6
-10
-10
-7
-1
8
21
36
53
70
88
106
122
137
149
158
163
165
163
158
149
137
123
107
90
71
52
34
15
-1
-16
-30
-42
-51
-58
-62
-64
-64
-63
-62
-60
-60
-60
-63
-68
-75
-85
-97
-112
-127
-144
-160
-176
-189
-201
-209
-213
-213
-210
-203
-193
-180
-166
-151
-136
-123
-111
-101
-94
-89
-86
-86
-87
-89
-91
-93
-94
-94
-91
-87
-80
-71
-59
-45
-30
-13
5
23
42
60
77
93
106
117
126
131
134
134
130
124
116
105
93
79
65
51
38
26
17
10
5
2
1
1
2
2
1
-2
-10
-21
-36
-56
-79
-105
-134
-163
-191
-216
-236
-251
-259
-258
-249
-231
-204
-169
-129
-83
-33
16
66
112
154
190
217
235
244
242
231
211
184
151
113
73
33
-4
-40
-70
-95
-113
-124
-129
-128
-121
-111
-97
-82
-66
-50
-35
-23
-13
-5
0
2
2
0
-1
-4
-8
-10
-12
-13
-12
-10
-7
-3
1
7
14
20
28
35
42
49
55
61
65
69
72
74
74
72
70
65
59
51
43
33
23
12
3
-4
-11
-15
-17
-15
-11
-3
6
18
32
48
64
81
97
114
129
142
154
163
170
175
177
177
174
170
164
156
148
138
129
119
110
101
94
86
80
74
68
63
57
50
44
36
28
19
10
2
-6
-13
-19
-24
-26
-27
-26
-23
-18
-12
-5
3
12
22
31
41
51
59
67
74
80
84
87
88
87
85
82
77
72
66
59
51
43
34
26
17
8
0
-8
-17
-25
-33
-41
-49
-56
-63
-70
-75
-80
-85
-88
-91
-94
-96
-98
-99
-100
-99
-97
-93
-87
-78
-66
-51
-33
-12
9
32
56
78
97
113
125
131
130
123
110
90
64
33
0
-36
-73
-109
-142
-172
-197
-217
-229
-235
-233
-225
-211
-192
-169
-143
-117
-91
-66
-46
-29
-18
-13
-14
-20
-32
-47
-66
-87
-108
-129
-147
-163
-175
-183
-186
-184
-178
-167
-152
-133
-112
-89
-65
-40
-17
4
25
42
57
70
79
86
90
93
94
93
92
89
87
84
82
80
79
79
79
80
81
83
85
87
88
88
88
86
83
78
72
65
56
45
34
20
6
-8
-23
-38
-54
-68
-81
-91
-100
-105
-108
-107
-102
-95
-85
-73
-59
-45
-31
-18
-6
3
11
16
18
18
15
11
5
0
-7
-14
-20
-26
-30
-33
-33
-32
-30
-25
-20
-14
-9
-4
0
1
0
-1
-6
-13
-22
-33
-44
-56
-68
-79
-89
-97
-103
-107
-107
-104
-97
-86
-71
-53
-32
-9
16
42
69
95
121
144
166
186
203
217
229
238
245
249
252
253
252
248
243
235
224
210
193
173
150
124
97
68
38
9
-18
-44
-68
-89
-107
-122
-133
-141
-146
-148
-148
-144
-139
-132
-124
-115
-105
-94
-83
-72
-62
-51
-40
-30
-19
-9
0
10
19
28
36
42
48
53
57
61
63
66
68
70
71
73
75
77
79
80
82
82
82
82
80
77
73
67
61
53
44
35
25
16
6
-2
-11
-18
-24
-30
-34
-37
-39
-41
-42
-43
-43
-43
-43
-42
-40
-38
-36
-34
-32
-30
-27
-26
-25
-24
-25
-26
-29
-33
-39
-45
-52
-60
-68
-76
-83
-90
-97
-102
-107
-110
-113
-115
-117
-118
-118
-118
-117
-117
-116
-115
-114
-112
-109
-106
-101
-95
-87
-78
-66
-54
-40
-25
-10
4
18
31
43
53
61
67
71
73
74
73
71
68
64
60
57
55
53
54
55
59
64
70
78
85
93
100
106
110
112
111
108
101
92
80
66
49
32
14
-3
-21
-37
-52
-65
-75
-82
-88
-90
-91
-89
-86
-81
-76
-71
-65
-61
-57
-54
-53
-53
-54
-56
-57
-58
-59
-57
-55
-50
-44
-37
-29
-20
-10
-1
7
15
22
28
33
38
41
44
46
49
52
56
60
65
71
77
83
89
94
97
98
97
94
89
81
73
63
52
42
32
24
16
11
7
5
4
5
7
10
13
16
19
22
23
24
24
22
20
17
13
9
4
0
-3
-6
-9
-12
-14
-16
-17
-17
-16
-15
-13
-11
-8
-4
-1
2
5
7
8
8
8
7
6
5
4
5
6
9
13
18
24
