310
292
267
236
201
163
123
81
40
0
-36
-70
-101
-126
-147
-163
-174
-181
-184
-184
-181
-176
-170
-163
-157
-151
-145
-141
-138
-135
-133
-132
-130
-127
-122
-116
-108
-97
-84
-69
-52
-33
-14
4
22
39
54
66
76
83
88
89
88
85
79
71
62
52
41
28
16
3
-10
-23
-37
-52
-67
-83
-99
-115
-131
-146
-159
-170
-177
-180
-177
-169
-155
-136
-112
-84
-53
-22
6
33
55
71
81
83
79
69
55
37
19
2
-12
-22
-28
-27
-20
-8
9
30
54
79
103
126
145
159
168
170
166
156
139
117
92
63
34
5
-21
-46
-66
-82
-93
-99
-100
-97
-90
-80
-69
-56
-43
-30
-20
-11
-5
-3
-3
-6
-11
-19
-28
-39
-50
-60
-71
-80
-89
-97
-103
-109
-114
-118
-121
-123
-123
-122
-118
-110
-99
-84
-65
-40
-11
21
57
95
134
171
205
235
257
272
277
273
259
235
204
165
120
73
25
-22
-66
-104
-136
-160
-174
-179
-175
-162
-142
-115
-83
-47
-10
27
63
98
131
160
186
207
225
238
245
248
245
236
222
202
177
148
115
78
40
2
-35
-71
-105
-134
-157
-176
-188
-195
-196
-193
-186
-177
-167
-159
-153
-152
-156
-166
-182
-205
-233
-265
-299
-335
-369
-401
-427
-445
-455
-454
-441
-416
-378
-328
-266
-194
-114
-28
62
153
242
327
405
473
530
574
604
620
623
612
589
555
513
464
412
357
302
250
201
159
123
95
76
65
63
68
81
100
125
153
184
215
246
273
297
314
323
325
317
300
273
238
193
141
83
20
-45
-112
-180
-244
-306
-361
-410
-451
-484
-509
-525
-532
-532
-525
-512
-493
-470
-443
-414
-382
-350
-316
-283
-250
-218
-188
-159
-131
-106
-82
-60
-39
-20
-2
14
30
46
63
79
95
112
128
144
160
174
186
197
205
211
215
217
217
217
216
214
214
213
212
212
211
209
205
200
192
182
169
154
137
118
99
79
59
39
22
6
-6
-17
-24
-29
-32
-33
-32
-31
-30
-30
-31
-34
-40
-48
-59
-73
-89
-108
-127
-147
-166
-183
-198
-210
-217
-219
-215
-205
-189
-167
-139
-108
-73
-37
-1
33
64
91
112
126
132
131
123
108
88
62
34
5
-23
-50
-75
-95
-111
-123
-131
-136
-139
-142
-147
-154
-165
-180
-200
-224
-251
-279
-306
-330
-348
-358
-356
-341
-312
-268
-210
-139
-57
33
129
227
323
414
497
569
629
674
706
723
727
718
698
670
633
591
545
497
449
401
356
313
274
240
209
183
160
140
123
106
90
72
51
27
0
-31
-68
-108
-151
-197
-243
-290
-336
-379
-420
-457
-490
-520
-545
-567
-584
-599
-611
-621
-629
-636
-640
-644
-646
-647
-645
-642
-636
-627
-615
-600
-580
-556
-529
-496
-459
-416
-368
-313
-251
-182
-105
-21
69
165
264
364
461
553
636
707
763
802
823
825
808
773
722
658
584
504
421
340
262
191
130
80
41
14
-1
-6
-3
6
21
40
60
80
100
118
133
146
156
163
166
166
161
153
139
121
98
69
36
-1
-41
-84
-127
-170
-210
-247
-280
-307
-327
-341
-348
-349
-345
-336
-324
-309
-293
-277
-261
-247
-234
-222
-212
-203
-195
-188
-180
-172
-163
-152
-140
-125
-109
-90
-70
-48
-26
-3
18
37
55
69
79
86
89
89
86
82
77
72
69
69
73
81
95
115
140
169
202
236
269
300
326
344
353
351
338
314
278
233
180
121
59
-2
-61
-114
-159
-195
-219
-230
-229
-215
-190
-155
-111
-61
-8
46
100
150
194
231
260
279
289
290
281
263
238
207
172
133
93
53
16
-18
-47
-72
-90
-102
-107
-106
-100
-88
-72
-53
-32
-10
12
35
57
78
98
117
135
153
171
189
208
226
244
261
277
289
298
302
301
295
282
265
242
215
184
150
115
79
43
9
-22
-51
-76
-98
-115
-127
-134
-135
-132
-123
-109
-90
-67
-40
-12
16
44
69
88
99
100
90
67
30
-19
-82
-156
-239
-328
-419
-510
-597
-675
-743
-796
-833
-853
-853
-836
-800
-748
-681
-603
-515
-421
-325
-229
-135
-46
35
109
173
228
273
308
333
350
358
358
351
338
319
296
268
238
206
173
141
109
81
55
34
18
7
1
0
4
13
25
39
56
73
90
105
119
130
138
141
141
136
127
114
97
77
55
32
8
-14
-36
-56
-74
-87
-97
-102
-103
-98
-88
-73
-52
-28
-1
27
55
82
106
124
135
139
133
119
96
65
28
-13
-58
-104
-147
-187
-221
-246
-263
-270
-267
-254
-231
-202
-166
-128
-88
-51
-17
9
28
38
40
33
19
-1
-25
-51
-78
-102
-123
-138
-148
-151
-148
-139
-125
-107
-86
-64
-41
-20
-1
15
30
43
55
66
77
89
102
118
137
157
179
202
225
245
263
275
282
283
277
266
249
228
205
181
159
141
127
119
116
118
126
137
149
162
172
180
182
177
166
147
120
87
49
5
-40
-87
-133
-177
-216
-250
-276
-295
-305
-308
-301
-288
-266
-238
-204
-165
-120
-72
-21
32
88
143
197
248
295
335
367
390
401
401
390
367
334
292
244
191
136
82
30
-16
-57
-91
-118
-137
-147
-149
-144
-133
-115
-92
-66
-38
-10
17
41
62
77
85
86
78
62
38
7
-30
-72
-118
-165
-213
-258
-300
-336
-365
-387
-400
-405
-400
-387
-366
-337
-303
-264
-221
-176
-130
-85
-42
-2
34
67
96
119
137
149
155
155
149
136
118
94
65
31
-5
-43
-82
-119
-152
-180
-200
-212
-214
-206
-186
-157
-118
-72
-20
34
88
139
184
219
244
256
254
239
210
171
121
65
5
-54
-113
-166
-212
-248
-274
-288
-289
-279
-258
-226
-187
-141
-90
-37
16
68
117
161
200
233
259
280
295
305
311
314
314
312
307
300
289
275
255
230
199
162
119
71
19
-33
-87
-140
-189
-233
-271
-301
-323
-336
-340
-337
-327
-312
-292
-269
-245
-220
-197
-176
-157
-140
-126
-113
-102
-90
-78
-64
-49
-30
-9
13
37
63
89
114
137
159
178
193
205
212
216
216
212
204
192
177
160
140
118
96
73
50
28
8
-9
-24
-35
-43
-46
-45
-39
-30
-18
-4
10
25
39
50
58
63
63
59
52
42
31
19
7
-1
-7
-10
-8
-1
11
28
50
74
101
128
154
178
197
212
221
224
221
212
198
179
156
132
107
81
57
35
16
0
-11
-20
-25
-28
-27
-25
-21
-16
-10
-5
0
4
7
8
8
6
2
-4
-13
-24
-36
-50
-63
-77
-89
-99
-105
-109
-108
-103
-95
-82
-66
-48
-29
-9
10
28
43
55
63
67
67
63
55
45
32
19
5
-6
-16
-24
-28
-28
-25
-19
-10
0
11
22
31
38
41
39
34
23
9
-7
-26
-46
-66
-84
-99
-111
-118
-121
-120
-115
-107
-97
-86
-75
-65
-58
-53
-53
-57
-65
-78
-95
-115
-138
-162
-186
-209
-230
-247
-260
-269
-273
-274
-272
-268
-262
-257
-253
-250
-250
-251
-256
-261
-268
-274
-279
-281
-280
-273
-260
-241
-215
-183
-144
-99
-50
1
55
109
163
215
264
311
353
393
428
460
488
512
532
546
553
554
546
529
502
465
417
359
293
219
139
55
-27
-109
-184
-251
-306
-347
-371
-378
-367
-337
-291
-231
-159
-79
3
85
163
230
285
324
345
348
332
299
250
189
120
46
-28
-100
-164
-219
-261
-288
-301
-300
-284
-257
-219
-175
-127
-79
-32
8
43
69
84
90
86
74
53
28
-1
-32
-63
-92
-118
-139
-154
-163
-165
-160
-149
-131
-108
-81
-50
-17
16
49
80
107
131
150
163
170
172
168
158
143
124
100
74
46
18
-9
-35
-56
-73
-85
-90
-88
-80
-65
-45
-20
8
38
69
99
127
150
168
179
183
178
165
144
116
82
43
2
-39
-80
-116
-147
-171
-185
-190
-185
-169
-145
-111
-70
-24
25
77
129
177
222
261
293
317
333
340
340
333
319
300
276
248
218
186
154
123
92
64
39
18
1
-9
-15
-15
-9
1
18
39
63
88
114
138
157
171
176
173
159
135
101
57
6
-50
-111
-173
-233
-290
-341
-385
-420
-445
-461
-468
-466
-457
-442
-422
-398
-372
-345
-318
-291
-266
-241
-217
-195
-173
-152
-131
-111
-91
-72
-54
-37
-22
-9
0
8
13
16
17
17
17
18
21
26
36
49
66
88
113
141
170
198
225
248
266
279
284
281
271
254
231
203
172
138
104
71
41
14
-8
-25
-37
-45
-49
-49
-48
-46
-44
-43
-45
-49
-56
-65
-75
-85
-95
-103
-108
-109
-105
-95
-80
-59
-33
-3
29
64
99
134
166
194
216
232
241
241
234
218
194
164
129
88
45
0
-43
-86
-127
-163
-195
-222
-242
-258
-268
-274
-276
-275
-273
-270
-266
-263
-259
-255
-251
-246
-238
-227
-212
-192
-166
-134
-96
-53
-6
42
92
139
183
220
248
266
272
265
245
214
171
120
63
3
-56
-111
-158
-196
-219
-228
-220
-195
-155
-100
-33
41
119
198
272
337
390
427
447
449
433
399
351
290
219
143
64
-12
-85
-150
-205
-248
-278
-295
-297
-288
-267
-237
-199
-157
-111
-65
-20
21
59
92
119
140
155
164
167
165
159
148
134
116
96
73
49
23
-2
-29
-55
-81
-104
-125
-142
-154
-161
-161
-155
-142
-123
-99
-70
-38
-4
28
59
87
110
127
138
143
141
134
122
107
90
72
55
40
29
23
22
28
39
56
77
102
128
155
181
204
222
233
237
233
220
198
168
131
88
41
-7
-56
-103
-145
-182
-212
-233
-246
-249
-244
-231
-211
-185
-154
-121
-86
-52
-20
8
31
48
59
64
63
57
48
36
24
13
4
-1
-3
-1
4
13
25
38
52
64
74
82
85
85
80
71
59
43
26
9
-8
-24
-38
-48
-56
-61
-63
-63
-62
-60
-60
-62
-68
-78
-92
-112
-137
-166
-199
-236
-273
-310
-345
-376
-401
-418
-426
-424
-412
-390
-359
-319
-272
-221
-166
-112
-59
-10
33
70
98
119
131
135
133
126
116
106
98
93
93
99
113
135
163
199
240
285
333
381
426
466
499
523
534
532
516
485
439
381
312
233
149
63
-23
-105
-182
-249
-305
-348
-378
-394
-397
-388
-369
-342
-310
-275
-240
-208
-179
-156
-140
-129
-123
-121
-121
-122
-121
-117
-110
-98
-81
-61
-39
-15
7
28
46
59
66
68
64
55
43
29
15
3
-5
-9
-7
0
11
28
48
68
88
105
118
125
125
119
105
86
62
35
7
-20
-44
-64
