228
184
139
92
45
-1
-47
-90
-131
-170
-205
-237
-265
-289
-310
-328
-342
-354
-362
-367
-370
-371
-370
-367
-363
-356
-348
-338
-326
-310
-292
-271
-246
-217
-183
-146
-105
-61
-13
35
86
137
186
233
277
316
349
375
394
406
411
409
401
388
370
349
327
304
282
261
242
225
211
198
187
176
164
150
134
114
91
64
33
0
-37
-76
-116
-155
-193
-229
-262
-290
-314
-333
-348
-358
-365
-370
-375
-379
-385
-393
-404
-417
-432
-449
-466
-482
-495
-505
-509
-507
-498
-481
-457
-424
-385
-340
-291
-239
-187
-135
-86
-42
-3
30
58
80
99
115
129
144
160
179
201
226
256
289
326
365
407
448
490
529
565
596
621
637
644
641
627
601
564
517
460
394
322
246
166
87
8
-66
-135
-198
-254
-301
-339
-370
-392
-408
-417
-421
-421
-417
-411
-401
-389
-375
-357
-338
-315
-290
-263
-233
-201
-167
-133
-97
-62
-29
1
29
52
70
82
87
87
80
69
53
34
13
-8
-28
-47
-62
-72
-77
-76
-69
-54
-32
-3
32
72
118
167
217
269
320
369
414
454
488
514
532
541
539
529
508
479
441
397
347
293
237
179
122
66
13
-36
-81
-122
-158
-190
-216
-238
-254
-266
-273
-275
-272
-265
-254
-238
-220
-198
-174
-149
-122
-95
-69
-43
-20
1
19
33
42
47
47
42
32
19
2
-16
-36
-55
-73
-86
-95
-98
-94
-84
-66
-43
-15
14
46
77
104
125
139
144
139
126
105
77
45
11
-20
-49
-71
-85
-90
-85
-70
-47
-17
16
52
87
118
143
161
169
168
158
139
112
79
43
4
-35
-73
-108
-140
-168
-192
-211
-228
-242
-254
-264
-273
-281
-288
-294
-297
-296
-291
-282
-266
-244
-216
-182
-142
-97
-48
2
53
103
150
193
228
255
273
281
278
264
241
209
169
123
73
22
-28
-76
-120
-158
-188
-210
-223
-226
-220
-206
-184
-156
-122
-86
-47
-9
26
59
87
108
123
130
130
123
109
90
68
43
17
-8
-31
-51
-67
-77
-82
-81
-74
-62
-46
-27
-6
13
33
49
60
67
66
59
46
26
0
-28
-60
-93
-125
-155
-179
-198
-210
-213
-208
-195
-175
-148
-116
-81
-43
-6
28
61
90
115
136
154
168
180
190
198
206
214
221
227
232
234
233
227
216
199
176
146
109
68
22
-25
-73
-119
-161
-195
-221
-237
-241
-234
-215
-185
-145
-97
-44
11
67
121
170
212
245
268
279
279
267
245
214
177
135
90
46
5
-31
-61
-85
-100
-108
-109
-103
-92
-79
-63
-48
-33
-21
-11
-4
0
4
7
10
16
23
34
48
66
86
108
131
155
177
197
214
227
235
238
236
228
215
198
177
153
128
102
76
52
29
9
-8
-23
-37
-48
-59
-69
-78
-88
-98
-108
-119
-131
-143
-155
-167
-179
-190
-201
-211
-221
-229
-236
-243
-248
-254
-259
-263
-268
-272
-275
-276
-275
-270
-261
-247
-227
-202
-170
-133
-91
-46
0
48
94
137
176
210
237
256
268
273
272
264
253
237
220
201
183
164
147
130
115
102
89
77
66
56
46
36
27
17
8
0
-7
-14
-20
-24
-27
-28
-27
-24
-20
-16
-10
-6
-2
0
0
-1
-4
-10
-17
-26
-35
-44
-54
-63
-71
-78
-84
-89
-93
-97
-100
-103
-106
-110
-115
-123
-133
-147
-163
-183
-205
-229
-252
-274
-293
-307
-313
-309
-296
-271
-234
-185
-127
-59
16
96
179
262
343
419
488
549
600
640
670
688
697
696
686
667
640
606
565
516
462
402
336
266
194
119
45
-26
-95
-158
-213
-259
-295
-320
-333
-334
-326
-309
-286
-258
-229
-200
-175
-156
-143
-138
-141
-152
-170
-195
-223
-255
-288
-320
-349
-374
-393
-406
-412
-411
-403
-388
-368
-342
-312
-279
-244
-209
-174
-141
-111
-85
-65
-52
-47
-50
-62
-83
-113
-149
-192
-238
-286
-334
-377
-415
-444
-462
-468
-460
-437
-399
-346
-278
-197
-105
-1
109
226
346
466
584
696
799
891
969
1032
1077
1105
1113
1103
1074
1028
968
894
809
716
617
515
413
311
213
118
29
-53
-129
-197
-258
-311
-356
-392
-420
-439
-450
-453
-448
-436
-418
-394
-366
-335
-302
-270
-239
-212
-189
-174
-165
-166
-174
-192
-218
-251
-289
-332
-377
-423
-468
-508
-544
-573
-593
-602
-601
-586
-559
-518
-463
-396
-315
-224
-123
-16
95
209
321
429
528
617
692
751
793
815
818
802
768
718
655
582
501
417
332
248
169
96
30
-27
-76
-118
-151
-177
-196
-210
-219
-223
-224
-222
-218
-212
-205
-198
-189
-180
-170
-160
-149
-137
-124
-109
-93
-75
-56
-35
-12
12
37
63
88
112
134
152
166
175
178
175
166
152
134
113
91
69
49
34
23
19
22
34
53
81
115
156
202
250
300
349
395
437
472
500
519
529
528
517
496
465
425
377
322
261
197
131
64
0
-62
-119
-170
-215
-253
-283
-306
-322
-332
-336
-336
-332
-325
-316
-305
-294
-283
-272
-262
-252
-243
-236
-232
-229
-229
-233
-240
-252
-267
-287
-311
-337
-367
-398
-429
-460
-488
-512
-531
-543
-548
-545
-532
-510
-478
-438
-389
-333
-271
-204
-134
-63
7
77
143
205
261
312
354
389
416
434
442
442
432
415
389
357
320
279
237
196
157
123
95
75
64
62
70
88
114
147
186
230
274
319
361
399
430
453
465
466
456
432
395
347
286
215
136
49
-40
-134
-226
-316
-401
-478
-545
-600
-641
-668
-680
-676
-656
-623
-577
-520
-454
-382
-308
-232
-160
-91
-30
22
64
97
118
129
130
122
107
86
61
35
8
-17
-40
-59
-73
-83
-87
-86
-80
-71
-60
-46
-32
-19
-6
4
13
21
28
34
41
50
62
79
101
129
165
206
254
306
360
415
468
515
554
582
597
597
581
549
503
444
374
297
217
136
58
-13
-77
-130
-173
-204
-223
-233
-235
-229
-220
-208
-197
-187
-179
-176
-175
-178
-184
-190
-196
-200
-202
-199
-191
-177
-158
-133
-104
-70
-33
4
43
81
117
148
174
194
205
209
203
189
166
135
98
56
11
-34
-78
-120
-156
-186
-207
-219
-221
-214
-198
-175
-145
-110
-72
-34
4
40
73
103
128
149
164
176
183
187
187
185
180
175
168
160
152
144
136
127
119
110
101
90
79
66
51
35
17
-1
-21
-42
-63
-83
-101
-118
-131
-142
-148
-150
-147
-140
-130
-115
-99
-81
-63
-45
-30
-17
-7
-1
1
0
-3
-9
-18
-28
-38
-49
-58
-65
-70
-71
-68
-60
-47
-30
-8
16
44
74
104
133
161
184
204
219
229
234
234
229
219
206
189
171
151
132
113
96
82
70
62
55
51
47
43
38
30
20
5
-13
-37
-64
-94
-126
-159
-192
-223
-252
-278
-300
-320
-337
-353
-369
-388
-409
-434
-464
-497
-535
-573
-611
-645
-672
-688
-691
-678
-647
-599
-533
-452
-359
-258
-154
-53
40
121
186
231
254
255
235
196
142
77
8
-60
-122
-172
-207
-222
-216
-188
-139
-71
10
104
205
308
409
502
586
656
712
751
774
779
769
745
708
660
603
541
475
409
343
281
224
172
128
90
59
35
17
4
-4
-11
-15
-19
-23
-27
-31
-36
-41
-46
-50
-52
-53
-51
-46
-39
-31
-22
-13
-7
-4
-8
-19
-40
-70
-111
-161
-221
-287
-358
-431
-501
-567
-624
-669
-699
-712
-706
-682
-638
-577
-500
-410
-311
-208
-103
-3
89
171
240
293
331
353
361
357
345
326
303
281
260
244
234
230
234
243
258
277
298
318
336
350
358
358
351
336
313
283
248
208
165
121
78
35
-4
-42
-76
-106
-131
-152
-169
-180
-187
-188
-183
-173
-158
-137
-111
-81
-47
-12
24
60
95
126
152
173
188
196
198
194
185
171
155
136
117
99
83
68
56
48
41
38
37
37
39
42
46
51
57
65
74
85
98
112
128
144
159
172
183
189
189
183
169
148
119
84
43
0
-47
-95
-142
-185
-224
-258
-284
-304
-315
-319
-316
-306
-291
-272
-250
-226
-202
-178
-156
-136
-119
-106
-95
-88
-83
-82
-83
-87
-94
-103
-115
-130
-148
-168
-189
-212
-236
-259
-281
-300
-317
-330
-338
-341
-339
-331
-317
-296
-270
-237
-199
-156
-109
-59
-7
43
93
138
178
210
234
246
248
239
219
189
152
109
63
18
-23
-58
-84
-97
-96
-80
-49
-4
53
120
194
270
344
413
472
519
552
567
565
546
511
463
403
335
262
189
119
55
0
-46
-80
-103
-115
-117
-112
-100
-86
-70
-55
-43
-36
-35
-40
-52
-69
-92
-118
-146
-175
-202
-226
-246
-260
-269
-271
-268
-259
-246
-229
-210
-190
-169
-148
-129
-111
-95
-82
-70
-60
-53
-48
-45
-44
-45
-48
-54
-61
-70
-81
-92
-104
-116
-126
-135
-141
-143
-141
-134
-121
-102
-77
-46
-10
28
71
114
158
199
237
270
296
315
326
329
324
312
294
272
246
219
192
165
141
120
102
88
78
73
71
72
77
83
91
100
109
116
122
125
125
122
116
107
94
79
61
42
21
-1
-24
-48
-72
-96
-121
-145
-168
-190
-209
-226
-238
-245
-246
-240
-226
-205
-175
-138
-95
-47
4
56
107
154
196
230
254
269
273
266
250
224
191
153
110
67
24
-16
-54
-86
-112
-132
-146
-154
-156
-153
-145
-135
-121
-107
-92
-76
-62
-48
-36
-26
-17
-10
-4
0
2
3
4
4
3
1
0
-4
-7
-12
-18
-24
-31
-38
-46
-52
-59
-63
-67
-68
-67
-63
-57
-49
-39
-27
-13
0
14
29
42
55
65
74
81
86
88
89
88
85
82
79
75
72
68
65
63
60
56
52
47
41
34
25
15
4
-6
-18
-29
-40
-49
-56
-61
-63
-62
-59
-53
-45
-34
-22
-10
2
14
25
34
40
43
43
40
34
26
15
4
-6
-16
-23
-28
-28
-24
-15
-1
16
39
63
89
114
137
156
169
175
174
164
146
121
89
52
12
-29
-70
-110
-146
-177
-203
-224
-241
-253
-262
-271
-281
-293
-310
-331
-358
-391
-428
-469
-512
-554
-593
-627
-652
-667
-670
-659
-634
-593
-538
-469
-388
-297
-198
-94
12
118
220
318
407
488
557
615
660
692
712
718
713
697
671
636
594
548
498
448
399
352
310
273
243
219
202
190
183
178
175
172
166
155
140
118
91
57
18
-22
-66
-108
-147
-182
-209
-229
-240
-243
-238
-226
-210
-192
-173
-155
-141
-131
-127
-128
-136
-148
-163
-181
-199
-216
-230
-240
-244
-243
-235
-221
-201
-175
-145
-111
-74
-34
6
47
87
125
160
191
217
238
252
260
262
