83
76
64
49
31
12
-5
-23
-39
-51
-60
-64
-65
-61
-53
-41
-26
-9
9
29
49
69
89
107
124
139
153
165
175
185
194
202
211
221
232
246
262
281
304
329
356
386
417
447
476
502
524
541
550
552
546
532
508
477
438
392
340
284
225
164
103
43
-13
-66
-115
-159
-197
-228
-255
-275
-290
-301
-308
-311
-312
-311
-309
-305
-302
-298
-295
-293
-292
-293
-296
-302
-312
-325
-343
-364
-389
-417
-446
-475
-502
-525
-542
-552
-553
-542
-521
-487
-442
-386
-320
-248
-169
-89
-8
68
140
203
256
298
327
343
348
342
328
308
285
260
237
216
201
191
188
191
200
214
232
253
275
297
316
332
342
347
344
335
319
297
268
235
198
158
118
77
38
1
-32
-62
-87
-109
-125
-137
-145
-148
-148
-145
-140
-132
-125
-117
-111
-106
-105
-107
-113
-123
-136
-151
-169
-188
-206
-222
-234
-242
-244
-239
-227
-208
-182
-151
-115
-75
-33
8
50
90
127
159
187
208
223
231
233
228
218
202
183
160
135
110
85
61
41
24
10
1
-3
-3
0
5
13
21
30
37
42
43
41
33
21
5
-14
-37
-61
-85
-109
-131
-150
-166
-179
-189
-195
-199
-200
-200
-199
-197
-196
-195
-196
-197
-199
-202
-206
-209
-210
-209
-204
-195
-180
-159
-131
-95
-54
-7
44
99
156
212
268
320
368
410
446
475
497
511
518
517
508
493
471
442
407
367
321
270
216
160
102
44
-12
-67
-117
-164
-205
-241
-271
-297
-319
-337
-354
-370
-387
-404
-423
-444
-467
-490
-514
-537
-557
-572
-580
-581
-571
-551
-519
-474
-417
-350
-273
-188
-98
-5
85
174
256
329
391
439
473
491
493
479
451
410
359
299
235
169
104
43
-10
-55
-90
-112
-122
-118
-103
-76
-40
3
53
106
159
211
259
300
334
358
371
375
368
352
327
296
259
220
178
138
98
62
30
3
-18
-35
-48
-57
-63
-67
-69
-72
-74
-78
-82
-88
-94
-102
-109
-115
-121
-125
-127
-127
-124
-119
-110
-100
-88
-75
-62
-49
-37
-27
-20
-15
-12
-12
-14
-18
-22
-27
-32
-36
-39
-40
-40
-39
-36
-31
-24
-16
-7
1
11
20
29
38
44
49
53
55
56
55
53
50
47
42
38
32
26
20
13
6
0
-8
-14
-20
-25
-28
-29
-27
-24
-19
-12
-3
6
17
29
41
53
64
75
84
92
98
102
104
104
102
98
92
85
77
69
60
52
45
39
34
32
31
32
34
38
43
47
52
55
58
59
60
60
60
61
62
65
70
76
83
91
99
106
112
117
120
120
118
114
108
101
93
84
75
68
61
56
52
49
46
44
40
35
26
15
0
-19
-42
-70
-100
-133
-166
-200
-233
-264
-291
-315
-334
-349
-359
-365
-368
-368
-366
-364
-364
-366
-371
-380
-394
-411
-431
-453
-475
-494
-508
-515
-514
-502
-478
-444
-398
-341
-277
-205
-128
-48
32
113
191
266
337
403
463
518
567
609
646
676
699
714
722
721
710
690
660
618
566
503
430
348
258
161
60
-42
-143
-241
-331
-411
-478
-530
-564
-578
-574
-549
-506
-445
-370
-284
-189
-91
6
100
185
257
315
355
376
377
359
324
274
212
141
66
-9
-83
-150
-208
-254
-288
-308
-314
-307
-288
-259
-221
-176
-128
-77
-27
21
68
110
148
182
210
234
254
269
280
287
289
288
281
270
254
233
206
175
140
102
61
19
-23
-64
-103
-138
-169
-195
-214
-227
-234
-234
-229
-218
-204
-186
-167
-147
-128
-111
-96
-83
-74
-67
-64
-63
-64
-67
-71
-76
-80
-84
-86
-86
-84
-79
-70
-58
-42
-24
-3
19
43
68
93
116
137
155
170
179
184
184
178
167
151
131
108
82
54
26
-1
-27
-51
-72
-88
-100
-107
-108
-104
-94
-79
-60
-36
-10
19
49
81
112
142
170
195
217
234
246
253
254
249
238
221
198
171
139
103
64
25
-14
-52
-87
-118
-144
-163
-175
-180
-176
-166
-150
-128
-103
-77
-50
-26
-5
10
20
25
23
17
6
-7
-23
-39
-54
-67
-76
-80
-80
-74
-64
-50
-32
-12
8
29
49
66
81
92
100
104
106
105
101
97
91
85
79
73
68
62
57
51
45
37
27
14
0
-18
-39
-63
-89
-116
-144
-172
-198
-222
-243
-260
-272
-278
-279
-273
-262
-244
-221
-194
-164
-131
-98
-67
-37
-12
7
22
30
33
30
22
11
0
-13
-24
-32
-35
-31
-21
-3
21
54
91
133
177
221
261
297
325
344
351
348
332
305
269
223
172
116
59
2
-50
-98
-140
-174
-199
-216
-224
-223
-215
-202
-183
-160
-136
-110
-84
-58
-34
-11
8
27
45
60
73
85
94
101
106
108
108
105
99
90
79
66
51
34
16
-1
-20
-38
-54
-69
-81
-90
-97
-100
-99
-96
-90
-81
-70
-58
-45
-31
-19
-8
0
7
12
14
13
11
7
3
0
-3
-4
-3
0
6
17
30
47
66
86
108
129
149
167
182
193
200
201
197
188
174
155
132
107
80
54
29
6
-12
-26
-36
-40
-40
-36
-29
-19
-8
2
12
21
27
29
27
21
12
-1
-17
-36
-55
-74
-93
-110
-125
-136
-145
-150
-151
-150
-146
-141
-135
-131
-127
-127
-131
-139
-152
-170
-192
-217
-243
-270
-294
-315
-329
-336
-334
-323
-301
-270
-229
-180
-124
-64
-1
60
119
174
222
262
293
313
324
325
318
304
284
261
235
208
183
158
137
118
103
90
80
73
67
62
57
51
44
35
24
10
-6
-25
-46
-69
-93
-118
-142
-166
-189
-210
-228
-242
-252
-257
-257
-251
-237
-217
-189
-155
-115
-69
-20
31
83
134
182
226
263
291
311
322
322
312
293
265
231
192
150
108
66
28
-4
-31
-51
-63
-68
-65
-56
-42
-22
-1
22
45
66
85
99
110
115
116
112
105
95
82
67
52
36
20
3
-12
-27
-43
-58
-73
-87
-101
-113
-125
-134
-142
-148
-152
-154
-154
-151
-147
-142
-136
-130
-124
-118
-113
-109
-107
-106
-106
-107
-109
-111
-114
-118
-122
-127
-131
-136
-142
-148
-153
-158
-163
-166
-167
-166
-162
-155
-144
-129
-110
-87
-61
-33
-2
28
60
90
118
144
166
185
202
215
227
238
248
259
270
283
295
307
318
327
332
333
328
317
299
276
247
214
178
140
103
68
37
12
-6
-18
-23
-21
-13
0
17
37
59
81
102
121
139
153
165
173
177
177
174
166
153
136
114
87
56
21
-16
-57
-99
-143
-186
-228
-268
-305
-337
-365
-389
-407
-420
-429
-433
-434
-432
-426
-417
-405
-390
-371
-348
-321
-288
-251
-208
-162
-112
-60
-9
40
86
125
157
180
192
195
188
172
151
125
98
72
51
36
29
33
47
72
106
149
197
249
301
350
394
430
456
470
472
460
435
398
349
291
225
154
81
7
-64
-131
-192
-244
-287
-319
-339
-349
-348
-338
-318
-292
-259
-223
-184
-144
-104
-65
-28
4
34
60
82
99
110
116
117
112
103
89
71
51
30
11
-4
-15
-20
-18
-7
11
37
70
107
148
189
230
266
298
323
340
348
348
340
323
300
270
236
199
159
119
79
41
5
-27
-57
-84
-107
-129
-147
-164
-180
-195
-208
-221
-234
-246
-257
-268
-277
-285
-292
-297
-300
-300
-299
-296
-291
-284
-276
-267
-257
-245
-231
-217
-200
-182
-162
-140
-117
-93
-68
-44
-22
-1
16
30
41
48
50
49
45
37
26
13
0
-16
-32
-49
-65
-79
-93
-104
-112
-119
-122
-123
-121
-118
-112
-105
-96
-86
-76
-65
-53
-41
-28
-15
-1
12
27
42
59
76
94
113
133
153
172
192
211
229
246
262
277
291
305
319
334
350
367
387
408
429
451
469
484
492
491
479
454
416
364
299
221
134
39
-58
-156
-252
-340
-419
-486
-538
-575
-596
-602
-593
-570
-535
-491
-439
-383
-324
-264
-206
-151
-101
-55
-15
19
48
72
91
105
115
121
123
121
115
106
92
74
53
28
1
-28
-60
-93
-127
-159
-189
-217
-239
-256
-266
-269
-263
-248
-224
-192
-152
-106
-56
-2
53
108
160
208
251
287
315
334
345
347
341
326
303
274
239
200
158
115
74
35
2
-25
-46
-58
-62
-58
-47
-30
-8
15
40
64
86
105
119
130
136
139
138
135
131
125
119
112
105
98
91
83
74
64
53
42
29
15
1
-12
-26
-38
-49
-58
-64
-67
-67
-65
-61
-56
-50
-44
-39
-35
-33
-33
-34
-38
-43
-49
-57
-64
-73
-81
-89
-96
-101
-104
-105
-102
-95
-84
-68
-48
-24
3
34
67
100
132
162
188
209
225
234
237
234
225
210
191
168
143
116
88
60
31
3
-24
-52
-79
-108
-137
-168
-200
-234
-270
-307
-344
-382
-418
-451
-480
-502
-518
-524
-520
-506
-480
-444
-398
-343
-282
-217
-151
-87
-28
23
65
95
113
117
109
89
59
21
-20
-64
-107
-145
-177
-201
-215
-218
-210
-192
-165
-130
-90
-45
2
51
101
149
196
242
285
326
364
400
434
466
495
521
545
565
581
592
598
599
593
581
561
536
503
466
423
377
327
275
221
165
108
49
-9
-70
-132
-195
-258
-320
-380
-437
-489
-535
-572
-599
-615
-617
-606
-581
-543
-493
-434
-367
-297
-225
-157
-95
-41
0
31
48
53
46
30
6
-22
-53
-84
-112
-135
-152
-162
-165
-160
-149
-132
-112
-89
-65
-41
-18
2
21
37
49
60
67
72
75
77
77
76
75
73
73
73
74
78
85
95
109
125
145
168
194
221
249
277
304
329
351
368
381
388
388
381
366
345
317
282
243
199
153
106
60
15
-24
-60
-89
-111
-124
-129
-125
-114
-95
-70
-41
-10
22
53
81
106
126
140
149
152
150
143
132
117
101
82
62
41
20
0
-21
-42
-62
-81
-99
-116
-131
-143
-154
-161
-166
-168
-166
-161
-152
-141
-126
-109
-89
-68
-46
-24
-3
15
32
45
54
58
57
51
40
25
6
-14
-38
-62
-85
-108
-128
-145
-160
-171
-178
-182
-183
-181
-176
-170
-161
-151
-140
-128
-116
-103
-90
-77
-64
-51
-38
-24
-11
1
13
24
33
40
45
47
46
42
35
25
14
0
-14
-29
-43
-56
-67
-75
-78
-77
-70
-57
-38
-13
16
51
88
128
168
207
244
277
304
326
342
350
350
344
330
310
283
250
213
172
129
83
36
-10
-56
-101
-144
-185
-224
-259
-292
-321
-346
-368
-385
-398
-406
-408
-405
-397
-383
-364
-340
-312
-282
-250
-218
-187
-159
-134
-114
-99
-89
