344
330
313
292
268
240
208
172
131
87
38
-13
-68
-124
-181
-236
-289
-338
-382
-419
-449
-470
-482
-485
-479
-464
-441
-411
-375
-334
-289
-242
-195
-147
-101
-57
-15
23
59
93
124
152
179
203
225
245
263
277
288
296
299
296
289
276
256
231
201
165
125
82
37
-8
-53
-96
-135
-170
-200
-224
-242
-253
-259
-260
-256
-249
-239
-227
-213
-200
-187
-175
-163
-152
-142
-132
-123
-113
-103
-92
-80
-68
-54
-41
-26
-11
4
21
39
58
78
99
121
144
167
191
213
234
254
271
286
297
306
311
312
311
307
300
292
283
272
262
252
243
235
228
221
215
208
200
191
180
166
150
131
109
84
58
29
0
-28
-57
-84
-110
-134
-155
-173
-188
-199
-207
-213
-215
-215
-213
-209
-203
-195
-187
-177
-166
-154
-140
-125
-107
-87
-63
-36
-5
30
71
116
166
220
277
336
396
454
508
557
597
627
645
648
637
610
569
515
451
378
300
220
141
67
0
-58
-107
-145
-173
-191
-200
-203
-200
-194
-185
-177
-169
-164
-161
-161
-164
-171
-179
-189
-200
-211
-221
-229
-234
-236
-235
-229
-221
-209
-194
-178
-161
-143
-126
-110
-96
-83
-74
-68
-66
-69
-76
-88
-107
-131
-160
-196
-236
-281
-329
-380
-430
-479
-525
-565
-598
-623
-637
-641
-633
-613
-582
-541
-491
-435
-373
-309
-244
-180
-119
-62
-9
37
78
113
143
168
190
209
226
242
259
278
299
323
351
381
414
448
483
517
549
578
601
618
629
632
628
615
596
569
537
499
458
413
365
316
265
212
159
104
49
-7
-64
-121
-177
-232
-285
-334
-378
-418
-451
-477
-497
-510
-516
-515
-508
-496
-480
-460
-437
-413
-387
-362
-337
-314
-292
-273
-257
-243
-232
-224
-219
-216
-215
-215
-216
-217
-217
-214
-210
-201
-188
-171
-148
-120
-88
-51
-11
31
76
121
166
209
250
288
322
352
377
397
411
419
422
418
408
393
373
348
320
289
257
225
194
165
140
119
103
92
86
86
90
96
105
114
123
129
132
132
127
117
103
84
62
37
11
-14
-40
-62
-81
-95
-102
-103
-97
-84
-64
-38
-7
27
64
103
141
176
209
236
259
274
283
285
281
271
257
239
218
197
176
156
139
124
112
104
98
95
94
95
97
99
101
103
103
102
99
93
84
71
55
35
11
-14
-43
-74
-106
-138
-170
-201
-231
-258
-283
-306
-325
-341
-354
-363
-368
-370
-367
-361
-352
-338
-322
-302
-280
-256
-230
-203
-175
-146
-117
-87
-58
-28
1
31
61
91
120
148
173
196
214
227
235
236
230
217
197
171
139
104
66
26
-13
-52
-88
-121
-150
-174
-193
-206
-214
-217
-215
-209
-200
-187
-173
-158
-141
-125
-109
-94
-80
-66
-55
-44
-34
-25
-17
-10
-3
3
9
16
22
28
33
38
40
41
38
33
25
14
0
-15
-32
-49
-66
-79
-90
-95
-94
-88
-74
-54
-28
2
36
73
111
147
180
209
232
249
258
260
254
242
225
203
178
151
124
97
71
47
25
5
-11
-26
-38
-49
-59
-68
-76
-83
-89
-94
-98
-100
-101
-101
-98
-94
-88
-82
-74
-66
-59
-51
-45
-40
-36
-33
-32
-32
-34
-37
-40
-43
-47
-49
-51
-51
-49
-46
-41
-35
-27
-20
-12
-5
0
6
9
12
13
12
11
9
6
2
0
-3
-6
-8
-8
-8
-5
-2
3
10
18
28
38
48
58
68
76
84
90
95
98
101
102
103
103
103
103
103
103
103
103
103
103
102
99
95
88
78
65
49
29
7
-18
-46
-75
-105
-135
-165
-192
-217
-239
-257
-270
-279
-283
-283
-278
-268
-254
-237
-215
-189
-159
-126
-88
-47
-2
44
93
144
194
242
288
329
363
389
405
411
405
386
355
313
259
196
126
52
-24
-100
-172
-238
-295
-344
-381
-407
-423
-427
-421
-406
-382
-351
-313
-269
-219
-165
-106
-43
24
94
168
244
321
398
473
544
608
662
704
732
744
737
712
669
609
533
444
346
242
135
28
-74
-171
-260
-339
-408
-465
-511
-547
-572
-589
-598
-600
-597
-588
-575
-559
-538
-514
-486
-455
-419
-380
-338
-292
-243
-193
-141
-90
-38
10
57
101
140
176
206
230
250
265
275
280
282
282
279
274
269
263
257
252
246
242
237
233
229
226
222
218
214
209
204
199
193
186
178
170
162
153
143
134
124
115
105
97
89
81
75
70
65
61
57
54
50
45
40
33
25
14
2
-12
-30
-49
-71
-96
-123
-151
-182
-214
-247
-281
-315
-348
-379
-408
-433
-454
-470
-480
-483
-480
-469
-451
-425
-393
-354
-309
-259
-205
-147
-88
-28
30
87
142
192
238
277
311
338
358
371
376
374
366
350
329
302
271
236
199
160
121
83
46
11
-20
-48
-73
-93
-108
-118
-123
-123
-117
-107
-93
-75
-55
-32
-9
14
37
58
77
94
108
119
126
129
129
126
119
110
97
82
64
43
21
-2
-29
-56
-85
-114
-143
-172
-200
-226
-249
-269
-285
-297
-304
-306
-304
-296
-284
-268
-248
-225
-199
-170
-140
-108
-75
-42
-9
23
54
83
111
137
160
180
198
213
225
234
240
243
243
239
232
221
207
190
170
147
122
96
69
43
19
-2
-21
-35
-44
-49
-48
-43
-34
-22
-8
6
21
35
47
55
59
58
52
40
23
0
-29
-64
-103
-146
-191
-238
-284
-327
-368
-403
-431
-451
-462
-462
-450
-427
-392
-345
-287
-220
-146
-66
17
101
182
259
329
390
439
476
500
510
508
493
468
433
392
346
296
246
198
153
112
78
50
29
16
10
10
16
28
43
61
80
100
119
135
150
160
166
168
164
155
140
121
97
70
39
5
-29
-64
-100
-134
-166
-195
-221
-243
-260
-273
-282
-286
-286
-283
-276
-266
-254
-239
-222
-203
-183
-161
-138
-115
-92
-69
-48
-28
-10
5
20
33
46
57
68
78
88
98
108
117
126
134
141
148
153
157
159
160
158
154
148
140
129
115
99
81
61
40
17
-5
-28
-50
-71
-90
-105
-117
-125
-128
-126
-119
-108
-93
-75
-54
-32
-10
11
30
46
59
68
73
73
71
65
57
47
37
26
17
8
1
-3
-5
-6
-5
-3
0
5
10
15
19
22
24
24
23
20
17
12
6
1
-3
-7
-10
-11
-10
-7
-3
1
6
12
18
22
26
28
28
26
22
17
9
1
-7
-16
-25
-34
-40
-45
-47
-46
-42
-35
-25
-13
0
14
29
42
54
64
70
73
72
67
58
44
27
7
-14
-39
-64
-89
-114
-137
-158
-175
-190
-200
-207
-210
-208
-202
-192
-178
-160
-140
-116
-90
-64
-37
-10
14
36
56
73
86
95
100
102
101
97
91
83
73
64
54
45
36
30
25
22
22
24
27
32
39
46
53
60
67
73
77
80
81
80
76
71
65
56
47
37
26
16
6
-3
-12
-19
-26
-32
-36
-39
-41
-42
-42
-40
-39
-36
-34
-32
-31
-30
-31
-34
-38
-43
-50
-58
-67
-78
-89
-101
-113
-125
-136
-146
-155
-161
-165
-166
-164
-159
-151
-140
-126
-109
-90
-70
-47
-23
0
25
49
72
94
113
130
143
153
159
161
159
154
146
135
122
107
91
75
58
42
27
12
0
-13
-24
-33
-42
-48
-53
-56
-57
-55
-50
-43
-32
-19
-2
17
40
65
91
119
147
174
199
221
239
253
261
262
257
244
226
200
170
136
99
61
23
-13
-48
-80
-109
-134
-156
-174
-190
-203
-213
-221
-228
-234
-238
-241
-243
-245
-245
-243
-241
-236
-229
-220
-208
-194
-177
-158
-136
-112
-86
-59
-30
0
29
60
91
122
151
180
207
232
256
277
297
314
329
342
354
363
369
373
374
371
364
353
336
314
286
253
215
172
127
78
29
-19
-66
-111
-152
-188
-220
-247
-268
-284
-295
-301
-304
-302
-298
-291
-282
-271
-259
-246
-232
-217
-203
-188
-173
-158
-144
-129
-113
-98
-81
-63
-45
-26
-7
11
30
48
64
79
91
102
109
115
118
119
118
117
115
112
110
107
106
105
104
104
103
102
100
96
91
82
72
59
43
26
7
-12
-32
-51
-69
-86
-99
-110
-118
-122
-122
-118
-111
-101
-88
-73
-56
-38
-20
-2
14
28
41
50
57
61
61
59
55
49
43
36
30
25
22
22
25
31
41
54
71
90
111
133
156
179
200
219
234
245
251
252
248
237
221
201
175
147
115
81
46
10
-25
-61
-95
-129
-160
-190
-218
-243
-265
-285
-302
-317
-331
-343
-353
-364
-374
-385
-396
-408
-420
-432
-443
-453
-459
-462
-460
-451
-436
-412
-379
-338
-290
-234
-172
-107
-39
27
92
154
209
258
299
331
355
369
375
373
364
348
328
303
275
245
215
185
155
128
103
80
62
47
36
30
29
34
43
58
78
103
131
163
197
232
267
300
329
355
374
388
395
396
389
376
356
332
302
269
233
195
156
116
76
37
-1
-39
-77
-114
-150
-186
-221
-254
-286
-316
-343
-367
-388
-404
-416
-423
-425
-423
-416
-405
-391
-373
-353
-331
-307
-282
-257
-230
-203
-176
-149
-120
-92
-62
-31
0
32
66
99
133
166
197
226
252
274
292
304
310
310
304
292
274
252
226
197
165
134
102
72
45
21
1
-14
-25
-32
-35
-34
-29
-21
-10
2
17
33
49
65
80
93
104
112
117
118
116
110
101
89
73
55
33
8
-19
-50
-84
-120
-157
-196
-236
-275
-313
-349
-382
-410
-434
-452
-463
-466
-462
-449
-428
-398
-362
-318
-267
-212
-151
-87
-19
52
126
204
284
366
451
536
620
703
781
853
915
964
997
1011
1004
973
918
838
736
614
474
322
163
1
-156
-306
-443
-565
-666
-747
-806
-842
-857
-853
-831
-795
-747
-691
-630
-567
-504
-444
-388
-337
-292
-253
-220
-192
-169
-148
-131
-116
-103
-92
-82
-75
-70
-67
-68
-72
-79
-89
-101
-114
-128
-142
-154
-162
-167
-166
-160
-146
-124
-94
-57
-12
38
94
154
215
277
337
393
444
488
524
552
570
578
576
564
543
515
479
438
393
346
298
250
204
161
121
86
55
29
7
-10
-24
-35
-44
-52
-58
-63
-68
-74
-79
-84
-90
-96
-101
-107
-113
-119
-124
-130
-135
-139
-143
-146
-149
-151
-151
-151
-151
-150
-148
-145
-142
-138
-134
-127
-119
-109
-97
-82
-66
-48
-29
-9
9
27
43
57
69
77
82
83
81
74
65
52
36
18
-1
-22
-42
-62
-80
-95
-107
-114
-118
-117
-111
-100
-84
-65
-41
-14
14
46
78
110
141
171
198
