-380
-281
-184
-93
-10
62
124
172
208
230
240
240
230
215
197
179
166
160
165
183
218
271
341
428
530
643
764
888
1008
1118
1214
1289
1338
1359
1347
1303
1227
1119
982
820
637
438
229
15
-197
-403
-597
-775
-932
-1065
-1171
-1249
-1299
-1321
-1315
-1285
-1233
-1161
-1073
-972
-862
-747
-628
-510
-393
-279
-170
-65
33
126
213
295
370
437
497
549
590
621
640
648
645
631
607
575
537
495
450
405
361
320
281
246
215
186
159
133
106
77
45
9
-30
-75
-123
-176
-232
-290
-349
-408
-465
-519
-570
-615
-655
-687
-711
-727
-733
-727
-711
-681
-640
-585
-518
-440
-353
-258
-157
-55
46
145
237
320
393
453
499
532
550
555
546
525
493
452
404
350
293
234
176
119
65
15
-31
-76
-119
-160
-202
-246
-293
-344
-398
-456
-515
-575
-632
-684
-727
-759
-775
-774
-754
-713
-650
-566
-462
-341
-205
-59
93
247
399
544
679
801
907
999
1074
1134
1180
1215
1238
1253
1259
1258
1248
1228
1198
1156
1099
1026
937
830
707
570
420
261
97
-66
-226
-377
-515
-636
-737
-816
-873
-906
-918
-910
-887
-850
-805
-756
-708
-663
-626
-599
-583
-579
-587
-605
-631
-663
-698
-731
-761
-783
-796
-798
-787
-762
-724
-673
-610
-536
-453
-363
-268
-170
-72
23
115
200
279
348
407
456
495
525
546
560
567
570
570
568
565
563
562
562
564
566
569
572
572
571
565
555
539
516
486
449
404
352
292
226
155
79
1
-79
-161
-243
-322
-397
-467
-528
-578
-614
-632
-629
-603
-552
-475
-371
-243
-93
74
255
443
632
815
987
1140
1270
1371
1440
1475
1475
1440
1370
1269
1138
983
809
619
420
216
14
-181
-367
-540
-695
-832
-949
-1045
-1121
-1176
-1213
-1232
-1236
-1224
-1200
-1165
-1120
-1067
-1007
-943
-874
-803
-729
-654
-577
-498
-419
-339
-259
-179
-99
-21
54
127
195
258
314
363
403
433
453
461
459
445
420
385
341
289
231
169
105
41
-20
-77
-128
-171
-205
-230
-246
-251
-247
-236
-217
-192
-164
-132
-99
-65
-32
0
30
60
89
117
144
171
197
224
251
278
304
329
352
373
391
406
416
420
418
409
392
368
337
299
256
207
154
99
42
-13
-68
-119
-167
-209
-245
-274
-295
-309
-316
-315
-308
-296
-279
-258
-236
-212
-188
-165
-143
-122
-104
-89
-77
-68
-63
-63
-67
-75
-89
-106
-128
-154
-182
-213
-244
-276
-308
-338
-366
-392
-414
-432
-446
-456
-460
-458
-450
-436
-415
-386
-350
-304
-249
-184
-109
-23
73
179
294
414
539
664
786
900
1004
1093
1163
1213
1239
1242
1220
1174
1105
1015
906
780
640
490
332
170
7
-151
-304
-444
-569
-673
-754
-807
-831
-825
-789
-725
-637
-529
-407
-277
-146
-21
92
189
265
318
347
350
329
287
227
152
67
-23
-115
-205
-288
-362
-424
-473
-508
-528
-534
-527
-507
-477
-438
-391
-339
-282
-223
-162
-101
-42
15
69
120
166
208
245
276
302
323
339
349
353
351
344
331
313
290
264
235
205
174
146
120
99
83
73
69
71
79
92
108
125
143
160
173
182
185
181
171
153
128
97
61
21
-20
-62
-104
-143
-178
-209
-236
-257
-272
-283
-288
-288
-283
-273
-258
-239
-216
-188
-156
-120
-82
-40
1
43
82
117
145
164
172
167
149
117
71
14
-53
-129
-209
-290
-369
-442
-506
-558
-596
-618
-625
-615
-590
-551
-500
-439
-370
-296
-220
-144
-70
-1
61
118
166
205
235
257
269
272
268
258
242
222
199
177
157
141
131
129
135
152
178
213
257
308
363
420
476
528
572
605
625
631
620
593
549
492
421
341
253
161
69
-22
-108
-189
-261
-323
-375
-416
-446
-465
-473
-472
-462
-446
-423
-397
-369
-341
-314
-289
-267
-249
-235
-223
-214
-205
-195
-183
-166
-143
-112
-71
-21
38
107
184
265
349
432
510
579
636
679
703
709
695
662
610
543
463
372
274
173
72
-26
-121
-208
-288
-359
-421
-474
-518
-553
-579
-597
-605
-603
-590
-566
-530
-482
-422
-352
-272
-186
-94
-1
91
179
261
334
396
445
481
503
510
505
488
460
423
380
332
280
228
176
126
79
35
-3
-38
-68
-93
-114
-130
-141
-149
-152
-151
-147
-139
-127
-113
-95
-76
-54
-30
-5
19
45
70
94
115
134
148
157
160
157
148
133
112
86
57
25
-8
-40
-72
-100
-126
-148
-165
-180
-191
-199
-206
-211
-216
-220
-225
-229
-233
-238
-241
-244
-245
-246
-245
-242
-239
-234
-229
-222
-214
-205
-194
-181
-165
-146
-124
-97
-66
-31
6
47
90
132
174
211
244
270
288
296
295
283
262
233
196
154
110
65
23
-13
-43
-65
-77
-80
-73
-58
-36
-9
20
50
78
101
117
125
122
108
84
47
0
-57
-124
-198
-278
-361
-447
-533
-617
-698
-772
-838
-893
-936
-965
-976
-970
-945
-900
-837
-755
-658
-548
-427
-298
-166
-34
96
222
342
455
561
662
758
851
942
1033
1125
1217
1309
1397
1481
1557
1621
1671
1704
1719
1714
1690
1645
1582
1501
1403
1289
1160
1017
862
696
519
335
146
-45
-237
-425
-604
-772
-923
-1053
-1159
-1237
-1286
-1304
-1293
-1252
-1186
-1100
-998
-888
-776
-669
-574
-495
-436
-399
-385
-392
-418
-460
-513
-573
-635
-694
-747
-789
-819
-835
-836
-820
-789
-743
-684
-614
-535
-450
-360
-269
-178
-89
-4
74
149
217
279
334
385
431
472
511
546
579
611
640
667
691
711
728
740
746
747
743
732
716
694
668
637
603
565
525
482
439
394
349
304
258
214
169
126
84
43
3
-33
-67
-99
-126
-150
-169
-184
-194
-200
-203
-202
-200
-195
-190
-185
-180
-176
-172
-171
-171
-173
-177
-184
-193
-205
-220
-238
-259
-281
-305
-329
-352
-373
-391
-406
-416
-421
-420
-413
-400
-382
-359
-331
-300
-265
-229
-193
-156
-121
-87
-56
-27
-2
20
41
59
76
92
106
121
135
148
161
173
183
192
199
203
204
202
196
188
176
161
144
125
106
86
67
49
31
14
0
-16
-31
-47
-64
-82
-101
-122
-144
-166
-188
-209
-228
-244
-256
-265
-268
-265
-257
-243
-223
-197
-165
-128
-85
-37
15
72
131
193
254
314
369
419
460
491
509
515
506
485
451
406
352
293
231
168
108
54
7
-30
-58
-75
-82
-79
-68
-50
-28
-2
24
49
72
90
102
108
108
102
91
76
58
39
22
6
-5
-13
-15
-13
-7
3
16
30
45
58
68
74
75
71
60
44
24
0
-29
-59
-89
-118
-145
-169
-188
-202
-209
-211
-207
-198
-184
-167
-148
-128
-109
-91
-75
-63
-54
-49
-47
-48
-52
-56
-60
-63
-63
-61
-56
-46
-33
-17
0
18
37
54
68
79
84
85
81
71
58
41
21
1
-18
-36
-52
-64
-73
-77
-77
-73
-65
-53
-39
-23
-6
11
28
43
55
63
66
65
58
46
30
10
-12
-35
-59
-82
-101
-117
-127
-132
-130
-122
-107
-87
-61
-31
2
37
74
110
144
175
200
220
233
237
233
221
200
170
133
89
40
-12
-68
-123
-177
-228
-274
-314
-347
-373
-391
-401
-403
-397
-385
-366
-342
-312
-278
-239
-197
-151
-104
-54
-2
49
102
154
205
254
301
343
380
411
435
450
455
451
435
408
370
321
262
195
120
40
-41
-123
-203
-276
-341
-395
-436
-462
-472
-465
-442
-404
-353
-290
-219
-143
-64
15
92
166
234
297
354
406
454
499
541
581
618
654
685
710
727
733
725
702
661
602
525
431
323
205
79
-48
-173
-292
-399
-492
-568
-625
-663
-681
-680
-664
-633
-591
-542
-489
-434
-382
-333
-291
-256
-229
-209
-196
-189
-185
-184
-183
-181
-174
-163
-146
-122
-92
-56
-15
29
75
122
166
208
244
275
298
315
325
328
324
316
303
286
266
243
219
193
167
140
114
88
63
39
18
0
-17
-30
-40
-46
-50
-50
-48
-44
-38
-30
-21
-11
0
12
25
40
55
72
89
106
123
139
151
160
164
162
152
134
108
74
33
-13
-64
-118
-172
-224
-273
-317
-355
-385
-407
-419
-423
-418
-404
-382
-352
-317
-276
-232
-185
-137
-88
-40
5
50
90
127
159
186
206
221
229
231
226
216
200
180
156
129
101
72
43
15
-10
-34
-55
-73
-87
-98
-105
-108
-107
-102
-92
-79
-62
-41
-17
8
35
62
89
112
132
145
151
149
138
116
85
44
-4
-59
-118
-179
-239
-295
-344
-383
-411
-426
-428
-416
-393
-359
-318
-273
-227
-184
-147
-119
-103
-99
-107
-127
-156
-191
-228
-264
-296
-318
-328
-324
-305
-270
-221
-159
-86
-7
75
159
239
314
381
439
486
525
554
576
591
602
610
617
624
632
641
653
667
683
701
719
736
750
759
762
755
737
707
663
605
535
452
358
256
148
37
-73
-181
-284
-379
-464
-539
-600
-649
-685
-709
-720
-720
-711
-693
-668
-639
-606
-571
-536
-501
-469
-439
-412
-388
-367
-348
-332
-317
-303
-289
-274
-259
-241
-222
-200
-176
-149
-121
-92
-62
-33
-4
23
50
75
99
122
145
168
192
217
244
271
300
330
359
387
414
438
458
473
483
488
486
478
464
444
419
390
357
321
284
245
207
170
134
101
71
45
22
3
-12
-23
-32
-39
-44
-47
-51
-55
-60
-66
-75
-85
-97
-111
-127
-144
-161
-178
-194
-209
-222
-232
-240
-244
-244
-242
-235
-226
-215
-201
-187
-171
-156
-141
-126
-111
-98
-85
-72
-59
-47
-35
-22
-10
1
13
24
33
41
46
48
46
40
29
14
-4
-28
-55
-84
-114
-144
-172
-198
-220
-236
-247
-252
-249
-240
-225
-203
-176
-144
-109
-71
-33
5
42
77
108
136
159
178
193
203
209
212
212
208
203
197
189
181
172
163
153
143
131
118
104
87
68
48
26
3
-19
-41
-62
-82
-98
-112
-122
-129
-133
-134
-133
-130
-127
-123
-119
-117
-117
-119
-124
-132
-142
-153
-166
-178
-190
-198
-203
-204
-199
-188
-170
-146
-115
-78
-37
7
53
101
147
190
229
261
287
305
316
318
312
300
281
258
232
204
175
146
120
95
74
55
40
28
18
11
4
0
-4
-9
-14
-19
-25
-31
-37
-43
-48
-51
-53
-52
-49
-43
-34
-23
-9
5
20
35
48
59
67
71
71
67
59
47
33
16
-1
-20
-39
-57
-74
-89
-102
-112
-121
-126
-130
-131
-130
-127
-121
-114
-104
-93
-80
-65
-49
-31
-13
6
26
45
65
83
101
116
129
139
146
150
151
148
142
133
122
108
92
75
58
41
24
9
-3
-14
-21
-25
-25
-21
-15
-5
6
20
34
49
63
76
88
97
103
107
109
108
