259
260
256
248
235
218
198
176
153
129
105
81
58
37
18
0
-14
-28
-39
-50
-58
-66
-72
-76
-80
-82
-82
-80
-75
-69
-60
-48
-35
-19
-3
13
30
45
59
71
80
86
89
88
83
74
62
46
27
5
-18
-44
-72
-100
-129
-159
-188
-216
-242
-267
-289
-308
-324
-335
-342
-344
-341
-332
-319
-301
-279
-253
-224
-192
-157
-120
-81
-39
2
46
91
136
179
220
258
291
317
336
348
350
344
329
307
277
243
204
164
123
83
47
15
-11
-31
-45
-53
-54
-51
-43
-31
-18
-3
10
23
35
44
50
53
53
50
44
35
24
10
-5
-21
-39
-57
-75
-91
-106
-119
-130
-138
-143
-144
-143
-139
-132
-123
-111
-97
-81
-64
-46
-27
-7
11
31
51
70
88
106
122
137
151
163
173
181
187
191
193
192
190
185
178
169
158
146
132
117
101
85
69
54
39
25
12
0
-12
-25
-38
-52
-67
-85
-104
-124
-146
-168
-190
-211
-230
-245
-256
-261
-261
-253
-240
-221
-196
-167
-135
-101
-67
-32
0
31
59
85
108
128
146
162
176
190
203
216
229
243
257
271
285
297
307
314
318
317
312
302
287
267
243
216
185
153
120
86
54
24
-2
-25
-44
-58
-66
-69
-68
-62
-53
-41
-28
-13
0
11
21
28
31
30
25
16
3
-13
-33
-56
-81
-108
-137
-166
-194
-222
-248
-271
-291
-307
-319
-326
-328
-324
-313
-296
-273
-244
-208
-168
-124
-76
-27
22
71
117
160
197
228
252
269
276
275
265
246
219
183
140
91
36
-22
-85
-149
-213
-277
-337
-393
-442
-484
-518
-541
-554
-555
-546
-526
-496
-458
-412
-360
-303
-244
-183
-122
-63
-5
48
99
146
188
226
260
290
316
338
356
371
382
389
394
394
392
387
380
372
362
353
343
334
327
320
315
309
304
296
287
274
257
234
206
172
134
90
42
-7
-58
-110
-161
-210
-257
-300
-340
-376
-409
-438
-464
-486
-505
-520
-532
-540
-544
-544
-539
-530
-516
-497
-473
-444
-410
-370
-324
-274
-217
-155
-88
-16
59
138
220
303
385
465
541
611
673
724
762
785
793
783
755
710
650
575
490
398
302
206
114
30
-43
-106
-155
-191
-214
-225
-224
-215
-198
-175
-148
-117
-84
-48
-10
29
71
115
161
208
255
301
344
382
414
436
448
448
434
406
364
308
239
160
72
-22
-120
-219
-317
-410
-497
-575
-644
-701
-746
-778
-798
-806
-801
-786
-760
-726
-685
-639
-588
-534
-480
-425
-371
-319
-268
-219
-172
-127
-83
-39
3
46
89
131
174
215
255
293
328
361
390
417
440
461
480
498
514
529
544
556
567
574
577
574
564
546
519
482
436
379
314
241
163
80
-3
-86
-166
-240
-307
-364
-410
-445
-467
-476
-474
-461
-437
-406
-367
-323
-276
-228
-179
-131
-87
-46
-9
23
50
72
90
103
111
116
116
114
108
99
87
73
56
37
16
-5
-28
-52
-75
-98
-120
-141
-159
-175
-189
-200
-209
-215
-219
-220
-219
-216
-210
-202
-192
-180
-166
-149
-131
-111
-90
-66
-42
-16
10
36
63
89
113
135
154
170
181
186
186
180
167
149
125
98
67
36
5
-23
-48
-68
-83
-91
-93
-89
-80
-67
-52
-35
-17
0
16
32
47
62
78
95
114
137
163
194
227
263
300
335
368
394
412
419
416
400
373
334
287
232
174
114
55
0
-48
-89
-121
-144
-157
-161
-157
-145
-128
-106
-83
-59
-35
-14
2
14
22
24
20
12
0
-16
-35
-56
-77
-97
-116
-132
-145
-154
-158
-157
-152
-142
-129
-114
-97
-80
-65
-52
-42
-37
-36
-38
-45
-54
-65
-77
-87
-96
-101
-102
-97
-86
-70
-47
-19
12
48
86
125
164
201
236
267
295
318
337
351
359
363
361
354
341
322
298
268
233
193
149
101
50
-1
-54
-105
-154
-198
-238
-270
-296
-314
-325
-330
-329
-325
-318
-310
-304
-301
-300
-304
-312
-324
-338
-354
-370
-384
-395
-402
-404
-400
-390
-373
-349
-320
-286
-247
-205
-160
-113
-65
-16
33
82
132
181
229
277
322
365
405
440
470
493
510
519
521
515
501
480
453
421
385
345
305
263
223
185
149
115
85
57
31
6
-16
-39
-62
-86
-109
-132
-155
-177
-197
-215
-230
-242
-250
-255
-256
-254
-250
-244
-237
-230
-225
-221
-220
-222
-228
-237
-249
-263
-278
-294
-309
-323
-335
-344
-350
-353
-354
-352
-348
-342
-335
-327
-319
-311
-301
-291
-279
-265
-248
-228
-203
-174
-141
-102
-58
-10
41
96
153
213
273
334
394
454
511
566
618
666
709
746
775
796
807
807
794
770
733
683
623
553
475
392
306
220
137
59
-10
-70
-120
-158
-185
-200
-205
-201
-189
-173
-153
-132
-112
-94
-79
-68
-62
-60
-64
-72
-83
-99
-116
-135
-155
-175
-194
-213
-230
-245
-258
-270
-280
-287
-292
-294
-292
-287
-277
-263
-243
-219
-190
-157
-121
-82
-42
-2
35
72
105
133
157
177
192
202
210
215
218
222
226
232
240
250
261
274
287
299
310
318
322
322
317
307
293
274
252
225
196
165
133
99
66
33
2
-27
-53
-77
-96
-111
-121
-127
-128
-125
-118
-109
-97
-85
-73
-61
-52
-46
-43
-45
-52
-63
-79
-99
-122
-147
-173
-198
-221
-242
-258
-270
-277
-278
-274
-265
-252
-235
-217
-199
-181
-165
-152
-143
-137
-136
-138
-143
-150
-158
-166
-172
-176
-175
-170
-159
-142
-120
-93
-61
-25
12
51
91
129
165
198
226
249
267
280
287
288
284
275
261
242
220
193
163
131
96
61
25
-9
-43
-73
-101
-124
-143
-157
-166
-171
-172
-170
-164
-156
-147
-135
-123
-110
-96
-82
-66
-50
-32
-13
5
26
48
71
94
115
136
153
166
174
176
170
157
135
105
68
24
-25
-78
-133
-187
-239
-286
-327
-359
-381
-393
-393
-383
-363
-333
-295
-251
-202
-149
-95
-41
12
63
112
158
201
241
277
310
339
365
387
404
415
421
420
413
399
377
349
316
277
235
189
142
94
47
0
-43
-85
-124
-159
-190
-217
-239
-257
-269
-276
-278
-275
-267
-255
-238
-218
-195
-169
-140
-110
-77
-42
-6
31
70
110
150
190
228
265
298
327
352
372
385
392
392
386
373
354
329
300
268
233
198
162
129
98
70
47
29
15
6
1
1
3
8
14
20
25
28
28
24
17
6
-8
-25
-45
-66
-88
-109
-129
-147
-164
-179
-192
-204
-215
-227
-239
-254
-271
-292
-316
-345
-376
-411
-446
-481
-513
-539
-558
-567
-565
-549
-519
-475
-417
-347
-266
-177
-82
13
109
201
286
361
426
478
517
544
558
561
555
541
521
496
470
442
414
386
358
330
302
273
242
210
176
139
101
62
21
-18
-58
-97
-133
-166
-196
-222
-243
-259
-270
-276
-277
-273
-265
-254
-239
-222
-203
-183
-162
-142
-122
-103
-86
-72
-60
-51
-45
-43
-43
-46
-51
-57
-64
-71
-78
-84
-88
-90
-91
-90
-87
-82
-76
-69
-61
-54
-48
-43
-41
-41
-44
-51
-61
-74
-89
-107
-125
-144
-162
-178
-191
-199
-203
-200
-190
-174
-151
-122
-87
-48
-5
39
84
130
175
218
260
301
340
378
414
450
485
518
550
578
602
621
632
633
623
600
562
508
438
353
255
146
29
-92
-213
-330
-440
-537
-620
-685
-733
-762
-773
-767
-745
-711
-666
-614
-557
-498
-439
-381
-327
-276
-230
-187
-147
-110
-74
-39
-3
31
68
106
144
183
221
259
295
329
360
387
410
427
439
445
444
438
426
409
387
361
332
300
268
234
201
169
139
110
84
61
40
22
5
-9
-23
-36
-48
-61
-74
-87
-100
-113
-125
-136
-145
-151
-154
-154
-149
-142
-130
-115
-98
-78
-57
-35
-12
8
29
47
63
77
88
95
100
101
101
98
93
86
79
71
63
55
46
37
28
20
11
2
-5
-13
-19
-25
-29
-33
-35
-36
-37
-37
-36
-35
-35
-34
-35
-36
-38
-41
-46
-52
-60
-69
-79
-89
-101
-113
-125
-138
-150
-162
-172
-182
-190
-196
-200
-201
-200
-194
-185
-172
-154
-132
-106
-75
-41
-4
34
74
113
151
186
217
242
261
274
279
277
269
255
235
213
188
162
136
112
91
73
59
48
41
36
33
31
28
24
17
6
-8
-28
-52
-79
-108
-139
-168
-196
-219
-237
-250
-256
-255
-247
-234
-215
-192
-166
-137
-107
-76
-45
-15
14
42
69
93
115
135
151
165
175
181
184
182
177
168
156
140
122
102
81
58
35
12
-9
-31
-51
-70
-87
-103
-116
-128
-137
-144
-149
-152
-152
-151
-147
-141
-132
-121
-107
-91
-73
-52
-30
-7
16
39
62
82
101
116
127
134
136
132
125
112
96
77
56
35
15
-3
-18
-30
-38
-41
-40
-36
-28
-19
-9
1
10
17
21
22
20
15
7
-3
-15
-27
-40
-51
-60
-67
-71
-71
-68
-63
-54
-44
-32
-19
-7
4
14
23
29
34
37
38
38
38
39
40
43
49
57
68
82
99
118
137
157
176
192
204
212
213
209
199
182
160
132
100
65
26
-14
-56
-99
-143
-187
-231
-273
-313
-350
-383
-413
-437
-455
-466
-469
-464
-449
-425
-393
-351
-301
-245
-183
-118
-51
15
80
142
198
249
291
326
352
369
377
377
368
351
327
298
263
223
181
137
92
47
3
-38
-76
-109
-138
-162
-179
-191
-196
-196
-191
-181
-167
-151
-133
-114
-96
-77
-61
-45
-31
-17
-5
7
20
34
49
65
83
103
124
145
166
186
204
219
231
238
242
240
234
225
212
198
183
168
154
142
133
128
126
127
133
142
153
167
182
197
210
221
228
230
225
214
197
172
141
105
64
19
-26
-72
-117
-160
-198
-231
-258
-279
-292
-298
-298
-292
-281
-266
-247
-226
-203
-181
-158
-136
-116
-97
-80
-65
-52
-42
-35
-31
-30
-33
-40
-50
-63
-78
-96
-114
-132
-148
-162
-172
-178
-179
-174
-163
-147
-125
-99
-69
-37
-4
29
61
93
122
148
173
195
216
235
254
271
288
303
317
329
337
341
341
335
322
304
278
247
210
169
123
75
26
-23
-71
-118
-161
-200
-235
-264
-288
-307
-321
-330
-334
-334
-331
-324
-315
-303
-290
-277
-263
-249
-236
-224
-212
-201
-191
-182
-173
-165
-157
-149
-141
-133
-125
-117
-110
-103
-97
-92
-86
-81
-75
-68
-60
-48
-33
-15
8
36
70
108
150
194
241
287
332
374
412
443
468
484
493
493
485
470
447
417
382
341
295
244
189
129
64
-3
-76
-153
-233
-315
-398
-479
-557
-629
-692
-746
-786
-812
-822
-815
-791
