187
170
149
126
100
72
43
14
-13
-40
-65
-87
-106
-121
-132
-138
-141
-139
-133
-124
-111
-96
-79
-61
-43
-26
-11
0
8
11
10
3
-8
-26
-48
-74
-103
-134
-166
-197
-227
-254
-278
-296
-309
-316
-316
-309
-295
-275
-248
-216
-179
-137
-93
-47
0
46
92
135
174
209
238
262
280
291
297
296
291
280
265
247
225
201
174
145
115
84
52
20
-12
-43
-73
-102
-129
-153
-174
-193
-207
-218
-224
-226
-223
-214
-201
-182
-159
-131
-99
-64
-26
12
52
91
127
160
187
209
223
230
229
220
204
182
155
126
97
68
43
23
8
1
0
7
19
36
57
79
101
121
137
147
150
145
133
112
84
50
9
-35
-83
-132
-182
-230
-276
-317
-353
-383
-405
-419
-424
-419
-405
-380
-346
-303
-252
-193
-129
-60
10
81
150
215
274
326
369
401
423
434
434
424
407
383
354
323
291
260
231
206
184
166
150
136
123
109
92
74
51
25
-3
-36
-70
-106
-141
-174
-204
-230
-250
-263
-268
-266
-255
-237
-211
-179
-141
-98
-53
-7
38
82
123
158
187
209
223
228
224
211
190
162
128
90
48
5
-36
-76
-111
-141
-163
-178
-184
-182
-171
-152
-127
-96
-62
-24
13
51
87
120
148
171
188
198
201
198
189
174
154
132
109
86
67
52
45
46
56
77
106
145
190
241
295
349
401
447
485
513
529
530
516
486
439
377
300
211
112
7
-101
-209
-314
-413
-504
-584
-653
-710
-755
-789
-813
-828
-835
-836
-832
-823
-812
-798
-782
-764
-743
-719
-692
-659
-621
-577
-526
-469
-405
-337
-266
-193
-123
-57
0
48
84
106
114
107
86
55
16
-27
-70
-109
-140
-158
-160
-143
-107
-49
28
125
239
366
502
644
785
920
1044
1153
1240
1303
1337
1341
1312
1251
1158
1035
885
711
518
311
95
-124
-340
-548
-742
-917
-1067
-1189
-1279
-1336
-1357
-1344
-1297
-1219
-1112
-981
-830
-665
-491
-314
-139
28
184
325
448
551
632
692
732
753
756
745
721
688
648
603
555
506
456
407
359
312
267
224
181
140
100
61
22
-16
-55
-94
-134
-174
-213
-253
-291
-328
-362
-393
-419
-441
-456
-465
-467
-461
-449
-429
-402
-369
-332
-291
-247
-202
-158
-116
-77
-41
-11
14
35
50
62
69
74
78
82
86
92
102
114
131
152
177
205
237
269
302
335
365
392
415
433
444
450
448
441
427
407
382
352
318
281
243
203
165
128
93
62
35
13
-3
-15
-21
-23
-19
-10
2
19
39
62
87
112
138
163
185
205
222
234
241
243
240
230
214
191
163
128
89
46
0
-48
-98
-147
-195
-240
-281
-317
-348
-371
-387
-395
-394
-384
-365
-337
-301
-257
-207
-153
-95
-36
22
78
129
175
212
239
255
259
250
229
195
150
95
33
-34
-105
-177
-246
-310
-366
-413
-448
-471
-481
-478
-461
-433
-394
-346
-290
-230
-168
-106
-45
10
60
103
136
161
175
180
176
163
143
118
89
57
25
-4
-32
-54
-72
-83
-89
-88
-82
-73
-60
-46
-31
-18
-6
1
6
6
1
-7
-20
-38
-59
-82
-108
-134
-161
-186
-210
-231
-247
-259
-264
-262
-253
-234
-206
-169
-123
-68
-7
60
131
204
276
344
406
458
500
529
544
545
532
505
468
421
368
311
254
198
146
101
63
33
12
-1
-9
-12
-12
-12
-14
-20
-30
-46
-68
-96
-128
-164
-202
-241
-278
-313
-344
-371
-392
-406
-414
-416
-410
-396
-376
-348
-313
-272
-225
-173
-118
-60
-1
57
115
169
220
265
303
333
354
366
368
361
345
319
286
246
201
153
103
54
7
-35
-72
-102
-124
-137
-140
-135
-121
-100
-74
-42
-8
25
59
90
116
137
152
159
159
152
139
121
98
74
47
21
-4
-28
-49
-69
-85
-99
-111
-120
-126
-130
-132
-132
-130
-125
-120
-112
-104
-94
-84
-73
-62
-51
-41
-32
-23
-15
-8
-1
4
9
13
17
21
25
29
33
38
44
51
59
68
77
87
97
106
114
121
126
129
129
126
119
110
97
82
64
44
23
2
-19
-40
-60
-78
-95
-110
-122
-131
-137
-141
-141
-139
-134
-128
-120
-112
-102
-94
-85
-78
-72
-68
-64
-63
-62
-63
-65
-68
-72
-76
-81
-86
-91
-97
-102
-106
-109
-112
-112
-110
-106
-98
-87
-73
-55
-33
-8
18
47
78
108
137
162
184
200
210
213
209
199
183
161
136
109
80
52
25
2
-17
-32
-43
-48
-48
-43
-33
-19
-2
16
37
59
79
98
114
125
133
136
134
127
116
101
82
62
40
18
-3
-24
-43
-59
-73
-84
-92
-96
-98
-97
-94
-88
-81
-71
-61
-49
-36
-23
-11
0
9
17
23
26
26
24
20
14
6
0
-7
-13
-17
-18
-15
-7
4
20
41
65
92
120
149
175
198
217
229
233
230
218
196
167
130
88
40
-9
-60
-110
-157
-198
-233
-261
-280
-290
-291
-283
-268
-246
-218
-185
-150
-114
-77
-41
-8
21
47
68
83
93
98
98
93
85
74
62
50
40
31
27
27
31
40
53
70
90
111
132
152
168
179
184
182
172
155
131
101
66
29
-9
-47
-83
-114
-140
-159
-171
-175
-171
-159
-140
-116
-87
-54
-20
13
45
74
98
116
128
132
129
119
102
80
53
23
-8
-41
-73
-104
-131
-155
-175
-190
-200
-206
-208
-205
-199
-191
-180
-168
-155
-142
-127
-113
-99
-85
-71
-58
-45
-32
-20
-9
0
8
15
21
23
23
20
14
4
-8
-25
-45
-68
-93
-119
-145
-171
-194
-214
-229
-237
-238
-231
-214
-189
-154
-111
-61
-4
55
118
181
242
299
351
395
432
460
481
494
500
501
497
490
480
470
459
449
441
433
426
420
412
403
391
373
350
319
280
233
179
117
49
-22
-97
-174
-249
-322
-391
-454
-511
-561
-602
-635
-659
-673
-679
-675
-664
-644
-617
-583
-544
-500
-453
-403
-351
-299
-248
-197
-149
-103
-60
-20
16
49
78
105
127
146
162
173
182
186
188
186
182
177
172
168
166
169
176
190
211
240
276
318
366
417
470
522
570
612
645
666
675
668
647
610
559
495
419
335
245
151
57
-34
-121
-201
-273
-336
-388
-429
-459
-479
-490
-494
-490
-482
-469
-453
-436
-417
-397
-376
-354
-330
-304
-275
-244
-209
-171
-130
-87
-43
0
43
83
119
150
175
193
204
207
204
196
182
166
148
130
114
102
95
93
97
106
120
138
159
180
200
217
230
238
239
233
220
201
175
145
112
77
42
8
-22
-48
-69
-85
-95
-99
-100
-98
-95
-93
-94
-100
-113
-134
-166
-206
-257
-316
-383
-455
-529
-604
-676
-741
-798
-845
-878
-897
-902
-892
-868
-831
-783
-726
-661
-593
-523
-453
-387
-326
-272
-225
-187
-157
-133
-115
-101
-88
-74
-57
-35
-5
31
79
136
204
281
367
459
556
655
753
847
934
1010
1073
1121
1151
1164
1157
1132
1090
1032
961
880
792
700
609
520
438
364
300
247
205
174
150
133
119
106
91
71
46
13
-27
-75
-128
-186
-246
-306
-364
-417
-464
-504
-535
-558
-572
-578
-577
-569
-558
-543
-527
-511
-496
-483
-473
-465
-459
-457
-456
-456
-456
-455
-452
-445
-434
-417
-394
-363
-325
-278
-223
-160
-91
-17
60
139
218
295
366
432
490
538
576
603
619
624
619
603
579
547
509
466
420
372
324
277
231
188
149
113
82
55
34
17
5
-2
-5
-4
0
6
15
25
36
47
57
66
73
78
80
80
77
72
65
56
47
38
31
24
20
19
21
25
32
41
52
62
71
77
80
77
69
55
33
5
-28
-67
-110
-155
-200
-245
-286
-323
-353
-376
-391
-396
-393
-381
-361
-334
-300
-261
-219
-174
-127
-81
-36
7
47
83
116
143
166
183
196
204
207
207
203
197
188
179
170
161
153
148
146
146
148
153
160
168
174
179
181
178
169
153
129
97
57
9
-44
-103
-165
-229
-293
-354
-410
-459
-501
-534
-557
-570
-573
-568
-554
-534
-507
-476
-441
-402
-360
-316
-269
-219
-167
-113
-56
2
63
124
185
245
302
356
404
445
478
503
519
525
523
512
494
469
438
402
363
322
278
234
189
145
102
62
24
-9
-38
-61
-79
-90
-94
-92
-83
-68
-49
-25
0
29
57
85
112
135
156
172
183
189
190
185
174
158
135
107
72
32
-12
-63
-117
-174
-232
-289
-344
-394
-438
-473
-498
-511
-513
-501
-478
-442
-396
-340
-277
-209
-137
-66
4
70
131
185
230
266
292
309
316
314
304
286
262
233
199
161
121
78
33
-11
-57
-104
-149
-193
-235
-274
-309
-339
-363
-379
-386
-383
-369
-344
-307
-259
-201
-134
-59
20
102
185
265
340
408
467
514
547
567
573
563
540
503
454
395
328
254
178
100
23
-49
-117
-177
-229
-271
-303
-324
-335
-335
-327
-310
-286
-257
-224
-189
-153
-118
-86
-57
-34
-16
-6
-3
-8
-20
-39
-64
-93
-125
-157
-188
-214
-234
-245
-247
-238
-217
-186
-143
-90
-29
38
110
183
256
326
389
443
486
515
529
527
508
472
419
352
271
179
80
-24
-130
-234
-334
-425
-504
-569
-619
-651
-666
-662
-641
-604
-553
-489
-417
-338
-255
-170
-86
-4
73
146
213
275
330
379
421
456
485
507
521
529
530
524
512
493
469
440
407
371
333
293
252
211
171
131
92
54
18
-16
-48
-79
-107
-133
-155
-173
-188
-198
-205
-208
-207
-202
-195
-185
-172
-158
-142
-125
-108
-90
-72
-54
-37
-21
-5
9
24
38
51
64
76
87
98
107
115
121
126
128
128
125
119
111
99
84
66
45
21
-4
-32
-61
-90
-119
-147
-174
-198
-220
-239
-255
-269
-281
-290
-299
-306
-313
-318
-322
-325
-326
-324
-319
-310
-297
-280
-258
-232
-201
-167
-131
-93
-56
-20
11
38
58
70
74
70
57
37
13
-14
-42
-67
-87
-100
-102
-93
-71
-36
10
67
132
202
274
344
410
469
517
555
581
594
595
586
567
539
505
465
421
374
325
276
226
177
130
85
42
3
-31
-63
-90
-112
-130
-142
-148
-150
-146
-137
-124
-107
-88
-68
-47
-29
-12
0
10
15
16
13
7
-1
-11
-23
-35
-47
-59
-70
-81
-91
-102
-113
-126
-142
-161
-184
-211
-243
-278
-316
-357
-398
-438
-475
-508
-534
-553
-563
-563
-552
-532
-501
-462
-415
-362
-305
-245
-185
-126
-71
-21
21
58
88
111
128
140
149
157
165
174
187
205
229
259
296
339
386
438
491
545
595
642
681
711
729
735
728
706
670
