-126
-105
-83
-62
-40
-19
0
19
35
49
59
65
67
63
55
43
26
6
-16
-39
-63
-85
-105
-120
-130
-135
-132
-123
-107
-84
-56
-22
16
57
100
143
187
228
267
303
334
362
384
403
417
427
433
435
435
433
428
421
413
402
390
375
357
336
312
283
251
214
174
131
86
41
-3
-47
-89
-127
-162
-194
-222
-248
-271
-292
-313
-333
-352
-370
-387
-403
-417
-428
-436
-440
-439
-433
-422
-406
-385
-359
-329
-295
-258
-219
-179
-139
-100
-62
-27
3
31
55
75
92
105
115
123
131
137
145
153
163
175
190
206
224
243
264
284
303
321
336
348
356
361
360
356
347
334
318
299
278
255
231
207
183
160
139
119
101
84
70
57
45
35
25
15
6
-2
-12
-21
-31
-41
-52
-62
-73
-83
-93
-102
-110
-117
-122
-126
-128
-128
-126
-123
-118
-112
-104
-94
-83
-70
-56
-42
-26
-11
4
19
34
48
61
74
86
98
110
121
133
145
158
172
186
201
217
233
250
267
282
297
310
320
327
331
332
329
321
311
297
281
263
243
222
200
179
158
138
119
101
84
68
54
41
29
18
7
-3
-13
-23
-33
-43
-52
-62
-71
-80
-89
-97
-105
-112
-119
-127
-134
-141
-148
-155
-161
-167
-172
-176
-179
-180
-179
-175
-169
-161
-151
-138
-123
-107
-91
-75
-60
-47
-37
-30
-27
-27
-31
-38
-48
-60
-72
-86
-99
-111
-123
-132
-140
-146
-150
-151
-150
-147
-142
-135
-127
-116
-105
-93
-80
-66
-54
-41
-30
-21
-14
-9
-7
-8
-12
-19
-28
-39
-51
-63
-74
-84
-90
-94
-93
-87
-77
-63
-45
-24
-1
23
47
70
91
108
121
130
135
134
130
122
111
98
84
70
56
44
34
26
21
19
21
26
34
46
61
78
98
119
141
163
185
206
225
241
254
264
270
272
271
266
258
247
235
221
206
190
175
159
142
126
110
94
78
62
48
36
26
19
15
15
19
26
35
47
60
73
84
93
99
101
98
91
79
63
43
21
-2
-25
-48
-68
-85
-98
-107
-111
-112
-109
-104
-97
-89
-82
-77
-74
-73
-76
-82
-90
-101
-115
-129
-144
-159
-173
-185
-196
-203
-209
-211
-209
-205
-198
-189
-177
-164
-150
-136
-122
-108
-95
-83
-71
-60
-50
-40
-30
-19
-7
5
19
35
52
70
89
107
125
142
157
169
178
183
184
181
173
162
147
129
109
87
64
41
18
-2
-21
-38
-54
-67
-78
-89
-98
-107
-116
-125
-135
-146
-158
-169
-181
-193
-203
-212
-219
-224
-226
-225
-221
-214
-204
-191
-176
-159
-140
-121
-101
-81
-63
-45
-30
-17
-7
0
5
7
6
4
0
-4
-9
-13
-16
-17
-15
-10
-3
6
19
34
50
66
82
96
108
116
121
123
119
112
100
85
67
47
25
2
-20
-42
-62
-80
-94
-105
-112
-114
-113
-108
-100
-88
-73
-57
-39
-20
0
18
37
55
72
87
101
114
125
135
145
153
160
166
171
174
175
174
170
163
153
139
121
101
77
51
24
-4
-32
-60
-85
-106
-124
-137
-145
-147
-143
-135
-123
-106
-88
-67
-46
-25
-4
15
33
50
65
78
90
100
109
116
121
126
129
131
131
130
127
123
117
109
98
85
71
54
35
15
-5
-27
-49
-70
-91
-109
-126
-140
-151
-159
-163
-164
-161
-154
-144
-131
-115
-98
-80
-62
-45
-28
-13
0
11
21
29
35
40
44
46
47
46
45
42
38
32
25
16
5
-5
-17
-30
-43
-55
-65
-74
-80
-84
-85
-84
-80
-75
-69
-62
-55
-50
-45
-42
-41
-41
-43
-47
-51
-56
-60
-65
-69
-73
-75
-77
-79
-80
-81
-83
-84
-87
-89
-93
-96
-98
-100
-100
-98
-95
-89
-81
-71
-58
-45
-30
-14
1
17
33
47
60
71
80
87
92
96
97
97
96
94
91
88
85
81
78
74
70
65
60
53
46
37
27
17
7
-2
-12
-21
-28
-33
-36
-37
-35
-31
-25
-17
-7
3
14
25
36
45
53
58
60
59
56
49
40
29
16
2
-11
-25
-39
-50
-59
-65
-67
-65
-59
-48
-32
-12
11
38
68
100
133
166
198
227
253
273
287
294
294
287
272
250
223
191
156
119
82
47
15
-13
-36
-54
-65
-70
-70
-64
-54
-41
-26
-10
4
17
27
33
35
32
24
13
0
-17
-36
-55
-73
-90
-105
-117
-126
-131
-134
-133
-130
-124
-118
-111
-105
-100
-96
-96
-98
-104
-112
-122
-134
-147
-160
-172
-181
-188
-191
-191
-187
-179
-167
-154
-139
-124
-109
-97
-87
-81
-79
-81
-87
-94
-104
-113
-121
-126
-127
-122
-111
-94
-71
-43
-11
23
59
95
128
157
181
199
211
215
212
204
190
173
154
133
113
94
78
65
56
50
48
49
52
57
62
68
72
75
76
75
72
67
61
55
48
43
38
34
32
31
31
33
35
37
39
40
40
38
34
29
22
13
2
-9
-22
-37
-52
-68
-85
-101
-117
-132
-147
-160
-172
-182
-191
-196
-199
-200
-197
-191
-181
-169
-153
-134
-112
-88
-61
-33
-3
27
59
90
119
146
170
190
205
214
218
216
209
197
181
162
141
118
95
71
48
25
4
-16
-35
-53
-70
-84
-97
-108
-116
-122
-126
-126
-124
-118
-111
-101
-89
-76
-62
-48
-34
-21
-8
1
11
19
26
33
39
46
54
62
72
84
98
114
132
151
170
191
210
228
244
257
265
269
266
258
244
224
198
168
135
100
64
29
-3
-33
-60
-82
-99
-112
-120
-124
-125
-122
-118
-113
-108
-104
-102
-102
-104
-109
-115
-123
-132
-141
-150
-157
-163
-166
-167
-164
-159
-152
-143
-132
-120
-107
-95
-83
-73
-64
-56
-51
-47
-44
-43
-42
-42
-43
-43
-42
-41
-39
-37
-33
-27
-21
-14
-6
2
11
21
31
41
50
59
67
74
81
86
90
93
94
93
91
88
83
77
71
64
58
53
49
46
45
46
49
53
59
65
72
79
86
93
99
103
107
110
112
112
112
111
110
108
106
103
100
97
93
88
83
76
69
60
51
41
30
19
9
0
-9
-16
-21
-24
-26
-25
-23
-19
-13
-6
0
7
15
21
27
30
32
32
28
23
15
4
-7
-20
-34
-48
-61
-73
-83
-90
-95
-96
-95
-90
-82
-72
-61
-48
-34
-21
-8
3
13
22
30
36
40
43
45
46
46
45
44
42
39
36
33
29
24
19
13
7
0
-8
-17
-26
-36
-45
-54
-62
-69
-74
-77
-78
-77
-75
-72
-67
-63
-58
-54
-51
-49
-48
-48
-49
-51
-54
-56
-59
-61
-62
-63
-62
-59
-56
-51
-45
-38
-31
-23
-16
-9
-3
2
6
10
12
13
13
12
11
9
6
4
1
0
-2
-5
-7
-9
-12
-14
-17
-21
-24
-27
-30
-32
-33
-33
-31
-28
-24
-18
-13
-6
-1
3
7
9
9
7
1
-6
-17
-30
-45
-61
-76
-91
-104
-113
-118
-119
-115
-106
-92
-74
-52
-28
-3
22
46
69
88
103
114
121
122
119
113
103
91
77
62
47
33
20
8
-1
-10
-18
-23
-27
-29
-28
-25
-19
-8
5
23
46
72
102
134
167
200
232
260
284
301
312
314
308
294
273
244
210
171
129
86
44
4
-33
-66
-93
-115
-131
-140
-143
-141
-134
-123
-110
-95
-80
-67
-55
-45
-39
-36
-36
-39
-44
-51
-58
-66
-74
-81
-86
-89
-91
-91
-89
-86
-81
-76
-71
-66
-62
-60
-61
-63
-67
-74
-82
-91
-100
-109
-116
-122
-124
-123
-118
-110
-97
-81
-62
-40
-17
5
28
50
70
89
104
118
129
139
147
155
161
168
175
182
188
194
199
202
202
200
194
185
173
158
140
119
97
74
50
26
3
-19
-40
-59
-77
-92
-107
-119
-131
-142
-151
-160
-168
-174
-178
-181
-181
-178
-173
-164
-152
-138
-122
-103
-84
-64
-45
-27
-11
1
11
18
21
21
17
10
1
-9
-21
-32
-44
-55
-64
-71
-77
-81
-83
-82
-80
-77
-73
-67
-62
-56
-51
-47
-42
-39
-35
-32
-27
-22
-15
-7
2
14
28
43
59
75
90
103
113
121
125
124
120
111
99
83
65
45
24
4
-15
-34
-51
-66
-79
-90
-101
-111
-120
-130
-141
-152
-163
-175
-185
-194
-201
-204
-203
-196
-184
-166
-141
-110
-73
-32
13
61
111
160
208
253
294
330
360
384
401
412
417
416
410
398
382
362
338
311
280
248
212
175
136
96
56
15
-24
-63
-100
-134
-165
-192
-215
-233
-245
-253
-255
-253
-246
-235
-220
-202
-182
-159
-135
-109
-84
-58
-34
-12
7
24
38
49
56
60
61
59
55
49
42
33
24
15
5
-5
-15
-26
-37
-47
-57
-66
-75
-82
-88
-92
-94
-94
-92
-88
-81
-72
-60
-47
-31
-14
3
22
41
60
78
96
111
125
136
144
149
151
150
146
139
129
117
102
85
66
46
24
0
-22
-46
-69
-91
-111
-128
-142
-152
-158
-159
-156
-149
-138
-123
-105
-85
-64
-41
-18
3
24
43
59
72
82
87
89
87
80
71
58
44
27
10
-7
-23
-39
-51
-61
-67
-70
-69
-65
-57
-47
-36
-23
-11
0
9
16
22
26
28
30
31
32
35
40
47
56
67
80
94
108
121
132
141
146
148
146
140
130
117
102
85
68
51
35
21
9
-1
-9
-15
-20
-24
-28
-32
-36
-42
-49
-57
-67
-78
-90
-102
-114
-125
-135
-142
-147
-149
-148
-144
-136
-126
-114
-100
-84
-68
-51
-34
-17
-1
13
27
40
51
61
69
75
79
83
85
86
87
87
86
86
84
83
80
76
71
64
55
45
31
16
-1
-20
-41
-63
-85
-107
-127
-146
-161
-174
-182
-186
-185
-179
-169
-154
-136
-114
-91
-65
-40
-14
9
32
53
71
86
98
107
113
117
118
116
113
108
102
95
86
77
66
55
43
30
17
3
-10
-24
-38
-52
-64
-76
-85
-92
-96
-97
-93
-84
-71
-53
-32
-7
18
45
71
96
116
133
143
148
147
140
127
110
88
62
35
7
-20
-47
-71
-92
-109
-123
-133
-139
-141
-140
-137
-132
-125
-117
-108
-99
-89
-80
-70
-61
-52
-43
-34
-26
-17
-8
0
10
21
33
46
60
75
91
107
123
138
151
162
171
176
178
176
170
161
148
133
115
95
73
51
28
6
-13
-31
-47
-60
-70
-76
-80
-80
-78
-74
-69
-62
-55
-47
-39
-32
-24
-15
-7
1
10
20
30
40
50
59
67
74
79
82
83
82
80
76
70
63
55
47
38
28
19
10
1
-5
-12
-18
-23
-27
