139
159
189
228
272
318
364
406
440
465
476
473
454
419
369
304
227
140
46
-50
-149
-246
-337
-420
-493
-554
-602
-637
-656
-662
-655
-634
-603
-561
-511
-454
-391
-325
-258
-190
-125
-63
-7
41
82
114
136
148
150
144
129
107
79
45
9
-30
-71
-113
-155
-195
-234
-271
-304
-333
-358
-379
-395
-406
-412
-414
-412
-405
-395
-383
-369
-354
-340
-326
-314
-304
-297
-292
-289
-288
-286
-283
-278
-269
-256
-237
-211
-178
-138
-91
-38
19
82
148
215
282
348
409
466
516
558
591
616
631
636
632
619
598
570
536
497
454
409
362
314
267
222
180
141
106
76
51
30
14
1
-7
-13
-18
-21
-25
-28
-32
-36
-41
-45
-49
-52
-53
-52
-49
-44
-38
-30
-22
-16
-12
-10
-13
-21
-33
-51
-73
-99
-128
-158
-188
-217
-243
-264
-280
-288
-288
-280
-263
-239
-208
-171
-131
-88
-47
-8
25
52
72
82
83
74
57
31
0
-37
-78
-122
-165
-208
-248
-285
-317
-346
-369
-388
-402
-411
-415
-414
-408
-395
-377
-352
-319
-279
-231
-175
-112
-42
32
112
193
276
356
433
504
568
622
667
700
722
732
732
722
703
677
645
609
571
531
490
450
410
370
331
292
252
212
170
126
79
30
-20
-73
-127
-180
-230
-276
-316
-346
-366
-373
-367
-346
-313
-267
-210
-145
-75
-1
70
139
201
254
296
325
341
343
332
308
274
232
184
132
79
28
-20
-64
-102
-135
-163
-184
-201
-214
-223
-230
-234
-237
-239
-239
-238
-235
-230
-222
-211
-196
-178
-156
-129
-100
-68
-34
0
32
62
89
109
124
130
128
118
100
76
45
10
-27
-66
-103
-136
-165
-186
-200
-205
-200
-186
-163
-131
-92
-47
3
57
112
167
221
271
315
353
382
402
411
409
395
370
334
289
236
178
115
51
-11
-71
-124
-168
-202
-223
-231
-226
-206
-174
-130
-78
-18
44
107
168
223
268
302
322
326
313
284
239
179
107
25
-61
-149
-236
-316
-387
-444
-487
-513
-522
-514
-490
-452
-403
-345
-283
-219
-158
-102
-56
-22
-2
2
-9
-37
-79
-135
-200
-272
-348
-423
-495
-559
-613
-655
-682
-694
-690
-670
-635
-587
-526
-456
-378
-295
-209
-123
-39
41
116
184
245
297
340
375
401
419
431
437
437
433
427
418
409
401
393
386
381
377
374
371
367
361
352
340
323
301
275
245
211
175
137
98
61
26
-4
-32
-55
-72
-85
-94
-99
-101
-103
-105
-109
-116
-127
-141
-160
-184
-210
-239
-269
-298
-326
-351
-372
-388
-398
-402
-400
-392
-379
-362
-342
-320
-297
-274
-252
-231
-211
-192
-172
-152
-128
-101
-69
-30
16
70
133
204
282
364
451
537
622
701
771
830
876
905
918
912
890
850
796
729
652
568
479
389
301
216
135
62
-5
-65
-118
-165
-206
-242
-273
-299
-321
-338
-350
-358
-359
-355
-344
-328
-305
-276
-243
-206
-166
-125
-84
-45
-8
24
52
75
92
102
107
106
99
88
74
57
39
21
4
-10
-22
-30
-34
-34
-30
-22
-11
3
20
40
60
81
102
122
141
158
173
185
194
200
202
202
198
191
182
172
161
150
140
131
125
120
119
119
121
123
124
124
122
115
105
90
70
46
18
-12
-46
-83
-121
-161
-202
-244
-286
-328
-369
-409
-446
-480
-510
-535
-553
-564
-568
-563
-550
-529
-499
-462
-417
-366
-309
-247
-181
-114
-46
20
83
141
191
231
258
272
269
249
211
156
83
-4
-105
-215
-330
-447
-559
-663
-755
-829
-884
-916
-925
-910
-871
-810
-729
-630
-516
-391
-257
-120
18
154
285
409
522
625
714
791
855
905
942
966
978
978
967
944
912
869
817
757
689
614
534
450
363
276
188
103
22
-53
-122
-184
-237
-283
-319
-348
-369
-384
-393
-398
-400
-399
-398
-395
-393
-391
-388
-384
-379
-372
-361
-346
-326
-299
-265
-224
-177
-123
-63
0
64
129
191
250
301
345
378
401
412
410
397
372
337
293
241
183
121
58
-5
-66
-123
-175
-221
-259
-288
-309
-321
-324
-317
-302
-278
-247
-207
-162
-110
-54
4
64
124
181
234
281
320
349
367
373
367
348
318
279
232
180
126
74
27
-12
-42
-60
-66
-60
-42
-14
22
65
111
159
206
249
287
319
344
361
370
372
367
356
339
319
295
269
243
217
192
169
148
130
115
102
93
86
82
80
80
81
84
86
88
88
86
81
71
57
37
12
-19
-57
-101
-150
-202
-257
-312
-366
-416
-460
-496
-524
-540
-545
-539
-521
-493
-455
-409
-356
-299
-240
-180
-121
-64
-11
36
79
116
147
172
191
204
211
211
206
194
175
151
120
84
44
0
-47
-97
-146
-195
-242
-286
-326
-362
-392
-417
-436
-450
-460
-465
-468
-470
-471
-473
-477
-483
-490
-498
-504
-508
-506
-495
-474
-439
-389
-324
-243
-148
-40
76
198
320
440
550
648
730
792
833
850
845
817
769
703
624
536
443
350
263
184
118
67
33
14
11
21
42
69
100
128
151
165
167
154
126
82
23
-46
-125
-209
-294
-374
-445
-503
-544
-567
-570
-552
-515
-461
-391
-310
-221
-129
-36
52
135
207
269
318
354
377
387
387
377
359
334
304
270
234
194
153
111
68
25
-17
-60
-102
-143
-181
-217
-249
-277
-300
-318
-329
-335
-333
-325
-311
-291
-266
-237
-204
-169
-132
-94
-56
-16
22
62
103
144
185
227
268
307
344
377
404
426
440
446
443
432
411
383
347
305
259
209
158
108
60
16
-21
-54
-80
-98
-109
-112
-109
-99
-82
-60
-33
-1
33
70
109
148
186
221
253
279
299
310
312
304
285
255
215
165
108
44
-23
-92
-160
-224
-282
-331
-369
-396
-411
-413
-403
-381
-350
-309
-263
-212
-159
-106
-56
-9
32
67
97
120
137
150
159
166
171
175
180
184
190
195
200
203
203
200
192
179
159
133
102
65
23
-20
-65
-109
-150
-188
-219
-244
-261
-270
-272
-267
-256
-240
-223
-204
-187
-174
-166
-164
-170
-185
-209
-240
-279
-324
-371
-419
-463
-501
-528
-541
-536
-511
-464
-395
-304
-193
-65
73
219
365
505
631
739
822
876
898
887
843
767
663
536
390
232
68
-95
-252
-397
-525
-634
-719
-779
-813
-822
-807
-769
-710
-634
-544
-444
-336
-224
-112
-1
103
202
293
375
446
506
556
595
624
644
654
657
654
645
632
615
595
571
544
513
476
434
385
328
263
188
105
14
-83
-187
-294
-403
-510
-613
-709
-795
-869
-929
-972
-997
-1004
-992
-962
-915
-853
-778
-691
-596
-494
-387
-276
-164
-53
57
164
268
365
455
535
605
663
706
735
748
745
726
692
643
583
513
436
355
273
194
122
58
5
-35
-62
-75
-75
-64
-43
-14
18
52
86
116
141
158
167
167
158
141
116
86
52
16
-18
-52
-82
-106
-124
-134
-137
-132
-120
-101
-78
-51
-23
5
31
55
74
88
96
99
96
89
78
65
50
35
21
9
0
-9
-15
-19
-23
-26
-30
-34
-40
-48
-59
-71
-86
-104
-122
-142
-162
-181
-198
-212
-222
-227
-227
-219
-205
-184
-158
-126
-90
-53
-15
20
53
80
100
112
115
109
94
71
41
7
-29
-66
-101
-132
-157
-176
-186
-188
-182
-168
-148
-122
-93
-61
-27
6
38
70
99
126
151
173
193
211
227
241
254
265
276
284
291
296
297
296
290
281
267
247
223
194
161
124
84
41
-1
-45
-87
-127
-163
-195
-221
-240
-253
-258
-257
-250
-237
-220
-200
-178
-155
-135
-116
-102
-92
-87
-86
-90
-98
-108
-118
-128
-134
-136
-132
-122
-105
-81
-51
-17
18
54
88
118
140
155
160
156
143
123
96
66
35
7
-16
-32
-39
-36
-22
1
33
74
119
168
217
264
307
344
373
393
403
403
393
374
347
313
274
231
187
143
101
63
29
1
-22
-40
-53
-63
-71
-78
-85
-94
-106
-122
-144
-170
-201
-237
-276
-317
-359
-399
-436
-469
-496
-517
-532
-542
-548
-551
-554
-558
-565
-577
-595
-620
-649
-683
-719
-755
-786
-811
-824
-823
-806
-769
-713
-637
-542
-429
-300
-160
-11
141
294
444
586
717
835
937
1022
1091
1141
1175
1194
1198
1189
1169
1138
1098
1050
995
933
865
791
713
631
547
461
375
290
208
129
54
-15
-80
-138
-192
-239
-282
-319
-353
-382
-408
-431
-450
-466
-478
-487
-492
-492
-489
-481
-468
-450
-428
-401
-371
-338
-303
-268
-234
-201
-173
-148
-130
-118
-112
-112
-119
-132
-149
-170
-193
-216
-238
-257
-272
-281
-283
-275
-259
-232
-196
-149
-93
-30
40
116
195
275
354
428
497
558
609
648
673
685
682
665
633
589
534
469
397
320
240
162
86
16
-45
-98
-140
-171
-190
-197
-193
-178
-155
-124
-87
-46
-1
44
91
137
181
223
261
295
322
343
356
361
358
345
324
294
257
212
162
107
48
-12
-74
-134
-193
-248
-299
-345
-384
-417
-444
-463
-476
-482
-481
-473
-459
-439
-412
-380
-343
-301
-257
-211
-165
-121
-82
-49
-23
-6
0
-1
-11
-29
-52
-77
-103
-127
-145
-155
-156
-146
-124
-91
-47
5
65
129
194
258
318
372
417
453
478
492
497
492
481
464
444
423
403
384
368
355
344
335
326
315
301
282
257
225
185
138
83
22
-43
-113
-184
-256
-326
-394
-458
-516
-568
-612
-648
-675
-692
-699
-696
-681
-657
-623
-581
-532
-478
-420
-361
-304
-249
-200
-158
-125
-103
-92
-93
-106
-130
-165
-208
-257
-310
-363
-415
-462
-501
-530
-548
-552
-542
-517
-477
-423
-356
-276
-185
-84
23
136
253
369
483
591
690
777
849
904
940
955
950
926
883
824
752
671
585
497
411
331
260
200
153
119
97
87
87
95
108
123
139
152
162
166
165
158
145
128
107
84
60
37
15
-3
-20
-34
-46
-56
-66
-75
-84
-95
-107
-121
-136
-152
-169
-186
-203
-219
-233
-245
-254
-260
-263
-262
-257
-250
-240
-228
-215
-201
-186
-171
-156
-140
-124
-107
-89
-69
-47
-23
1
27
54
81
106
128
148
164
175
181
183
180
173
162
148
133
118
103
89
78
69
64
61
60
62
66
71
77
84
91
100
109
120
133
148
166
186
210
236
264
292
320
347
369
386
396
397
388
368
337
294
240
177
106
29
-50
-130
-206
-277
-340
-391
-431
-458
-472
-472
-461
-439
-408
-371
-328
-283
-237
-192
-150
-110
-74
-42
-15
8
28
45
59
71
81
89
96
102
106
109
110
111
111
110
108
106
103
100
97
93
89
85
80
75
68
60
50
37
22
3
-19
-46
