12
-80
-164
-237
-296
-339
-365
-372
-360
-330
-283
-221
-147
-64
23
112
199
280
352
412
458
489
504
505
492
466
428
382
328
269
206
141
75
11
-50
-110
-165
-216
-262
-302
-335
-362
-382
-395
-400
-397
-386
-367
-342
-309
-271
-229
-184
-138
-94
-52
-15
15
39
55
64
65
59
47
31
12
-8
-29
-50
-69
-86
-100
-111
-120
-125
-127
-126
-123
-117
-108
-97
-83
-67
-49
-30
-10
9
28
46
62
74
83
88
88
85
77
67
54
39
24
8
-7
-21
-33
-44
-52
-58
-62
-64
-64
-62
-59
-54
-49
-42
-34
-24
-13
-1
12
27
43
58
73
86
96
103
106
106
101
93
82
70
56
43
31
21
14
11
11
14
21
30
42
54
67
80
91
101
109
114
117
117
115
110
104
97
90
82
76
71
68
67
68
71
76
83
91
100
109
118
126
134
140
145
149
152
153
153
151
148
142
133
122
107
89
68
43
14
-16
-49
-83
-117
-151
-182
-211
-237
-258
-274
-285
-291
-292
-288
-280
-269
-256
-243
-230
-220
-214
-212
-216
-227
-245
-269
-299
-335
-375
-418
-462
-506
-547
-583
-614
-636
-648
-648
-637
-612
-575
-525
-465
-393
-314
-227
-135
-41
54
149
242
331
413
489
555
612
659
694
718
731
733
726
710
686
658
626
591
555
519
484
450
417
384
353
321
290
257
224
190
155
119
83
46
11
-22
-53
-81
-105
-124
-138
-147
-151
-148
-141
-128
-110
-88
-64
-37
-10
15
39
60
77
88
94
93
87
73
54
30
1
-30
-64
-100
-135
-167
-196
-220
-237
-247
-249
-244
-231
-212
-189
-162
-134
-107
-83
-62
-47
-38
-36
-40
-51
-68
-90
-116
-146
-177
-210
-242
-272
-300
-323
-341
-353
-358
-355
-343
-323
-294
-258
-215
-165
-112
-55
2
60
115
167
214
255
289
315
333
343
346
344
336
326
313
301
289
280
274
271
273
278
288
301
317
334
352
369
384
395
401
401
394
379
356
324
284
236
182
124
63
2
-58
-115
-167
-212
-250
-281
-302
-317
-324
-325
-321
-314
-305
-295
-286
-279
-274
-272
-274
-278
-285
-294
-303
-311
-317
-319
-315
-306
-289
-266
-235
-199
-158
-114
-67
-21
23
66
104
138
166
188
204
213
216
214
206
193
176
156
134
109
84
60
36
14
-5
-21
-34
-42
-47
-48
-46
-41
-36
-30
-26
-24
-25
-31
-41
-55
-72
-92
-111
-130
-146
-157
-162
-160
-150
-133
-108
-76
-40
0
40
80
118
150
175
192
199
198
187
167
140
108
71
33
-3
-37
-67
-90
-104
-109
-104
-89
-63
-29
12
59
109
159
206
248
282
305
315
313
296
267
225
173
113
48
-18
-83
-145
-200
-246
-281
-305
-317
-318
-309
-291
-266
-237
-205
-173
-141
-112
-86
-64
-46
-32
-22
-15
-11
-9
-9
-11
-13
-17
-22
-27
-33
-39
-46
-51
-55
-57
-56
-51
-42
-27
-7
17
49
85
126
169
215
260
303
343
377
404
423
432
431
420
399
370
334
293
248
202
157
115
78
47
22
6
-2
-5
-1
7
19
34
48
62
74
82
86
86
82
73
61
44
24
2
-21
-46
-71
-95
-118
-138
-154
-167
-174
-176
-174
-166
-155
-140
-125
-109
-97
-88
-87
-94
-110
-137
-175
-224
-283
-349
-421
-496
-570
-640
-702
-753
-790
-809
-810
-790
-749
-689
-610
-514
-407
-290
-168
-47
70
181
281
367
439
496
539
568
585
593
594
590
584
576
567
558
549
538
525
509
489
463
432
395
353
307
257
206
154
104
57
15
-19
-48
-70
-85
-92
-92
-88
-79
-67
-54
-42
-33
-28
-29
-37
-54
-79
-113
-155
-202
-254
-307
-359
-406
-445
-475
-493
-497
-487
-463
-425
-377
-321
-260
-198
-137
-82
-34
2
28
42
45
39
25
5
-16
-38
-57
-72
-80
-81
-74
-59
-38
-11
18
50
83
114
142
167
188
206
221
234
246
258
271
285
301
318
336
353
368
379
387
388
383
371
351
324
290
250
206
157
107
55
4
-44
-91
-133
-170
-202
-227
-245
-256
-260
-257
-247
-233
-213
-190
-165
-137
-110
-83
-57
-34
-13
3
16
25
28
27
21
10
-4
-24
-48
-75
-104
-136
-168
-201
-233
-264
-292
-317
-337
-353
-364
-370
-370
-365
-356
-341
-322
-299
-271
-238
-201
-159
-112
-59
0
63
132
205
281
358
436
511
581
645
701
746
779
799
806
799
778
745
701
647
586
520
452
383
315
252
192
139
92
51
15
-14
-40
-62
-83
-103
-123
-144
-166
-191
-217
-245
-275
-306
-338
-371
-403
-433
-462
-487
-507
-522
-531
-531
-524
-509
-485
-454
-417
-374
-327
-280
-232
-187
-146
-111
-82
-61
-48
-43
-46
-55
-70
-90
-111
-134
-157
-178
-196
-210
-221
-227
-230
-230
-228
-225
-221
-217
-213
-211
-209
-208
-208
-210
-212
-215
-219
-223
-227
-231
-232
-230
-224
-212
-191
-161
-119
-64
3
85
179
285
400
521
644
766
882
987
1079
1153
1208
1242
1255
1247
1220
1177
1119
1050
973
890
803
713
621
528
433
336
236
135
31
-73
-178
-281
-382
-476
-562
-639
-703
-755
-792
-816
-825
-822
-807
-782
-749
-710
-667
-623
-578
-533
-492
-453
-418
-386
-359
-336
-316
-299
-284
-271
-258
-245
-230
-214
-194
-171
-144
-114
-81
-44
-6
34
74
115
154
191
226
257
285
308
327
342
352
358
361
361
358
354
347
341
333
326
319
313
306
300
293
287
279
270
259
246
230
210
186
158
126
89
50
7
-36
-80
-124
-167
-206
-241
-272
-297
-317
-330
-338
-340
-335
-326
-312
-293
-270
-243
-212
-178
-140
-98
-52
-2
50
105
162
219
274
324
367
400
422
431
425
404
369
320
261
192
119
44
-28
-96
-156
-205
-240
-262
-270
-264
-246
-219
-184
-145
-105
-65
-27
4
32
54
69
80
85
87
85
81
75
67
59
50
40
29
19
8
0
-8
-13
-14
-12
-4
8
26
48
73
100
126
147
163
169
164
147
115
69
10
-58
-137
-220
-306
-391
-472
-545
-609
-662
-704
-733
-751
-756
-750
-733
-706
-668
-619
-561
-492
-415
-328
-234
-133
-27
80
188
294
394
487
569
638
693
731
752
756
742
713
670
615
550
479
404
327
252
179
111
50
-4
-52
-91
-123
-148
-166
-177
-183
-183
-179
-171
-159
-145
-128
-109
-90
-70
-50
-31
-13
2
15
26
34
40
42
42
40
36
32
27
22
18
15
15
17
22
28
37
47
58
68
77
83
86
84
79
68
54
35
13
-11
-37
-64
-91
-116
-139
-159
-176
-189
-198
-203
-204
-202
-196
-188
-177
-164
-148
-131
-111
-88
-63
-34
-3
31
68
107
146
185
222
256
285
308
325
335
338
335
324
308
286
261
231
199
164
128
89
50
9
-30
-70
-109
-145
-178
-206
-227
-241
-247
-244
-233
-214
-188
-157
-124
-90
-59
-33
-14
-4
-3
-12
-29
-52
-78
-103
-124
-137
-136
-120
-86
-33
37
124
223
328
434
535
623
694
741
762
754
717
653
564
456
334
203
72
-55
-172
-275
-360
-426
-472
-499
-510
-506
-492
-470
-444
-418
-393
-372
-355
-343
-335
-330
-326
-323
-317
-308
-294
-275
-251
-223
-191
-157
-123
-91
-61
-37
-18
-6
-1
-1
-7
-17
-30
-43
-55
-65
-70
-69
-62
-47
-25
2
36
74
114
154
193
227
256
277
289
291
283
265
238
203
162
117
72
27
-14
-51
-82
-105
-120
-126
-124
-114
-98
-76
-49
-19
10
41
69
93
113
127
134
135
129
118
101
79
55
28
0
-28
-54
-79
-101
-119
-133
-143
-149
-152
-151
-147
-141
-134
-126
-117
-108
-99
-90
-81
-73
-64
-56
-48
-41
-35
-30
-27
-24
-24
-24
-26
-28
-30
-30
-30
-27
-22
-14
-3
10
26
45
65
85
106
125
143
158
170
178
183
184
181
174
165
152
136
119
99
78
55
32
7
-16
-39
-62
-84
-102
-118
-131
-138
-140
-136
-125
-107
-81
-48
-9
35
84
136
188
237
283
322
353
374
384
383
371
349
318
280
237
191
145
100
60
26
-1
-22
-36
-44
-46
-45
-41
-38
-35
-35
-38
-45
-55
-67
-80
-92
-102
-108
-110
-105
-94
-78
-56
-32
-6
18
39
56
66
68
60
44
20
-10
-45
-83
-120
-154
-182
-202
-212
-210
-196
-170
-133
-87
-35
20
77
132
181
222
252
270
276
270
252
224
188
148
105
64
26
-5
-30
-46
-53
-51
-42
-28
-9
10
28
43
51
52
44
26
0
-37
-81
-131
-184
-239
-293
-342
-386
-422
-450
-467
-473
-469
-455
-433
-402
-365
-323
-278
-232
-187
-142
-101
-64
-30
-1
23
44
63
79
95
110
126
142
158
175
191
208
223
237
249
259
268
274
279
282
284
283
281
277
269
258
244
225
201
173
139
101
59
12
-37
-89
-142
-197
-251
-304
-355
-402
-445
-483
-515
-539
-556
-563
-560
-547
-523
-489
-444
-390
-326
-256
-180
-101
-21
57
132
202
264
316
357
386
403
407
397
375
341
296
240
177
106
30
-49
-129
-209
-286
-358
-422
-477
-521
-551
-567
-568
-552
-521
-473
-412
-338
-253
-160
-62
37
136
233
323
406
479
542
593
632
659
674
679
674
659
636
605
568
525
477
426
371
314
256
198
141
86
35
-10
-50
-82
-107
-124
-133
-134
-127
-114
-96
-75
-51
-27
-4
15
30
40
44
41
31
15
-4
-29
-54
-80
-103
-122
-135
-141
-139
-128
-110
-86
-56
-23
10
43
73
98
117
129
133
130
120
103
82
56
29
1
-25
-49
-71
-88
-100
-108
-112
-111
-107
-101
-93
-85
-76
-68
-61
-56
-52
-49
-47
-45
-43
-40
-36
-29
-19
-7
7
24
42
62
81
99
116
130
140
146
148
146
140
130
118
105
90
76
63
51
42
36
32
30
30
30
30
28
24
17
5
-10
-30
-55
-84
-117
-152
-189
-226
-262
-295
-323
-345
-359
-364
-360
-345
-321
-287
-245
-196
-142
-85
-27
29
84
135
182
223
258
288
312
330
342
349
352
350
344
334
321
305
286
264
240
215
188
160
131
101
70
37
4
-31
-69
-110
-153
-199
-246
-294
-342
-389
-432
-470
-503
-527
-543
-549
-545
-530
-505
-470
-427
-376
-319
-258
-194
-128
-63
0
61
118
172
221
266
308
345
379
410
438
462
483
499
510
516
515
507
492
469
439
400
354
300
238
170
94
13
-71
-160
-249
-337
-421
-500
-570
-629
-676
-709
-727
-730
-717
-691
-651
-599
-537
-467
-390
-310
-228
-147
-67
7
78
142
199
249
292
328
358
383
404
421
435
448
