-110
-100
-87
-73
-57
-39
-20
-2
15
32
46
59
68
75
79
79
76
69
59
47
32
15
-3
-23
-42
-62
-81
-98
-113
-126
-138
-147
-154
-158
-161
-163
-163
-162
-159
-156
-152
-148
-143
-138
-134
-130
-127
-126
-126
-128
-131
-137
-144
-153
-163
-174
-185
-196
-206
-213
-218
-219
-217
-210
-200
-187
-171
-152
-132
-110
-88
-66
-45
-24
-3
15
33
50
66
82
98
114
130
148
166
186
207
229
252
275
297
319
340
358
372
382
387
385
376
360
336
305
267
222
174
122
69
17
-33
-80
-122
-158
-189
-213
-232
-245
-252
-255
-255
-251
-245
-236
-227
-216
-204
-192
-179
-166
-153
-139
-124
-109
-94
-78
-62
-45
-29
-12
2
17
31
44
55
65
74
80
85
87
86
81
73
61
44
23
-2
-31
-65
-101
-139
-177
-214
-249
-279
-304
-321
-330
-331
-322
-305
-281
-250
-215
-178
-140
-103
-70
-41
-18
0
10
16
17
16
12
9
8
10
17
30
51
78
112
152
198
247
298
350
400
447
489
525
553
574
586
590
585
573
553
526
493
455
412
366
317
267
216
165
114
66
20
-21
-58
-90
-115
-134
-146
-151
-149
-141
-128
-112
-93
-75
-57
-44
-35
-32
-37
-49
-69
-96
-130
-168
-209
-252
-294
-334
-370
-400
-425
-444
-457
-464
-467
-466
-463
-458
-453
-447
-441
-435
-427
-419
-407
-393
-375
-353
-328
-299
-266
-232
-197
-163
-130
-100
-75
-55
-41
-33
-31
-34
-41
-49
-57
-64
-67
-65
-57
-43
-22
3
33
67
103
139
175
210
243
274
303
330
357
382
406
430
454
477
498
519
537
552
564
572
574
571
563
549
529
505
476
444
409
373
335
296
257
218
178
139
99
58
18
-21
-61
-99
-137
-173
-207
-239
-269
-296
-321
-344
-365
-384
-402
-418
-433
-446
-458
-466
-472
-473
-470
-461
-446
-423
-393
-355
-309
-256
-197
-133
-66
2
70
136
199
255
305
346
379
403
418
425
424
417
404
387
367
343
318
292
265
237
210
182
154
127
101
75
51
28
5
-14
-34
-52
-68
-83
-97
-109
-120
-128
-135
-140
-144
-147
-148
-149
-150
-150
-150
-151
-152
-153
-155
-157
-160
-163
-167
-171
-177
-183
-192
-202
-213
-226
-240
-255
-269
-282
-293
-300
-303
-301
-292
-275
-250
-216
-173
-119
-57
13
91
176
264
354
445
535
621
703
778
847
908
960
1003
1036
1057
1067
1064
1049
1021
980
926
860
782
693
596
492
383
271
160
52
-51
-148
-236
-315
-383
-441
-490
-529
-561
-587
-609
-627
-644
-661
-678
-696
-715
-733
-751
-767
-781
-790
-796
-796
-790
-780
-765
-746
-724
-700
-676
-652
-630
-609
-591
-575
-562
-551
-542
-534
-528
-524
-520
-519
-519
-521
-525
-530
-536
-542
-546
-547
-542
-530
-508
-476
-432
-374
-304
-221
-127
-22
90
209
331
454
575
691
799
899
987
1064
1128
1180
1219
1248
1266
1275
1275
1267
1251
1228
1197
1158
1110
1053
985
908
819
721
614
501
382
261
142
26
-80
-178
-262
-333
-388
-427
-452
-464
-465
-457
-442
-425
-408
-392
-381
-376
-378
-387
-403
-425
-452
-482
-513
-543
-570
-593
-609
-619
-620
-613
-597
-572
-540
-501
-456
-407
-353
-298
-241
-185
-130
-78
-29
15
55
91
121
147
169
187
202
214
225
235
246
257
270
285
302
321
342
364
388
412
436
458
477
492
503
508
507
500
486
466
441
412
378
342
304
265
226
188
151
115
81
49
18
-10
-38
-65
-90
-114
-135
-154
-168
-179
-184
-184
-178
-167
-150
-129
-104
-76
-46
-15
14
42
68
90
108
121
129
132
130
124
115
103
90
76
62
49
38
28
21
16
13
12
14
18
23
31
40
52
65
80
97
117
139
163
190
220
252
286
321
357
393
427
457
484
504
517
522
516
501
475
437
390
332
264
189
108
22
-66
-155
-243
-327
-405
-477
-540
-594
-638
-672
-697
-713
-721
-723
-719
-711
-701
-691
-682
-674
-670
-670
-674
-682
-693
-708
-724
-740
-757
-771
-783
-791
-796
-795
-790
-781
-766
-748
-726
-701
-673
-643
-610
-575
-536
-495
-448
-395
-335
-267
-189
-101
-3
103
219
341
467
595
721
841
953
1053
1138
1205
1253
1280
1285
1270
1235
1181
1112
1030
938
841
741
643
550
463
385
319
263
220
188
167
155
151
153
159
166
174
180
182
179
171
157
136
108
74
35
-9
-57
-108
-160
-213
-265
-316
-363
-406
-445
-478
-505
-526
-539
-545
-543
-535
-521
-501
-477
-450
-422
-394
-368
-346
-329
-319
-315
-317
-326
-340
-357
-377
-396
-412
-424
-430
-428
-417
-397
-367
-329
-284
-232
-175
-115
-53
8
69
126
180
230
274
312
344
369
389
403
410
413
411
404
393
378
361
342
322
302
283
266
253
243
238
239
246
259
278
301
329
361
393
426
458
486
510
527
537
538
530
513
487
451
408
357
300
239
175
111
47
-14
-71
-123
-167
-203
-230
-247
-255
-254
-243
-225
-200
-169
-134
-95
-54
-12
29
72
113
153
190
226
258
286
309
327
339
344
341
330
311
283
246
202
151
95
35
-26
-89
-149
-205
-255
-298
-333
-359
-376
-385
-388
-385
-379
-371
-366
-363
-366
-377
-395
-421
-454
-493
-536
-579
-619
-653
-676
-685
-677
-650
-604
-537
-451
-348
-232
-106
24
155
281
397
499
583
646
688
706
701
676
631
570
497
414
325
233
139
46
-44
-132
-218
-301
-382
-462
-539
-614
-687
-757
-823
-883
-935
-978
-1008
-1024
-1025
-1007
-970
-914
-840
-748
-641
-522
-394
-260
-125
7
134
255
365
465
553
629
693
746
789
822
846
861
869
868
860
843
818
784
742
690
630
561
485
403
316
226
136
48
-35
-113
-182
-241
-288
-323
-345
-353
-350
-334
-308
-273
-232
-186
-138
-91
-45
-5
29
55
73
81
80
69
49
22
-11
-51
-93
-136
-179
-220
-255
-284
-305
-318
-320
-312
-294
-266
-230
-185
-134
-77
-16
46
110
173
235
292
344
390
427
455
472
479
474
459
433
398
353
301
242
177
108
35
-38
-112
-186
-257
-325
-387
-443
-490
-528
-555
-569
-570
-557
-529
-487
-430
-361
-280
-190
-93
6
108
207
301
389
467
535
592
637
671
693
705
708
701
685
662
633
597
557
513
465
416
366
315
266
219
174
131
92
55
20
-12
-44
-77
-110
-145
-180
-216
-252
-286
-317
-343
-362
-373
-373
-363
-342
-309
-267
-217
-160
-101
-40
18
71
118
156
184
202
210
210
203
192
179
168
162
162
169
185
210
241
276
312
345
370
385
383
363
321
257
170
62
-63
-204
-355
-511
-666
-814
-949
-1068
-1165
-1238
-1285
-1306
-1301
-1273
-1224
-1158
-1079
-990
-895
-798
-702
-610
-521
-438
-360
-287
-218
-152
-88
-25
35
97
159
220
281
341
398
453
503
548
587
620
645
663
673
677
674
665
652
635
614
592
568
543
517
489
458
425
387
345
298
245
187
125
60
-4
-68
-128
-181
-225
-258
-278
-285
-278
-258
-226
-185
-137
-86
-33
16
61
99
129
148
158
158
150
135
116
94
71
50
32
19
12
10
14
22
33
45
57
67
73
75
71
61
44
22
-5
-38
-73
-111
-150
-187
-222
-253
-278
-298
-310
-316
-314
-305
-289
-268
-243
-213
-181
-147
-111
-75
-39
-2
33
70
106
143
179
214
248
279
307
330
347
357
360
354
340
319
291
258
221
183
145
109
75
46
21
0
-15
-28
-38
-47
-55
-63
-72
-82
-92
-103
-113
-121
-126
-127
-124
-113
-97
-73
-42
-4
37
84
134
185
234
281
324
360
390
412
426
432
431
423
411
395
376
356
337
320
304
291
281
273
266
260
253
245
233
218
197
172
141
104
63
19
-28
-78
-129
-179
-228
-274
-318
-358
-394
-426
-454
-478
-498
-515
-529
-541
-550
-557
-563
-567
-569
-569
-568
-566
-562
-556
-548
-539
-527
-514
-498
-481
-461
-441
-419
-397
-374
-352
-330
-308
-287
-267
-247
-228
-209
-190
-173
-158
-145
-135
-129
-129
-134
-145
-161
-182
-206
-232
-257
-279
-294
-298
-290
-266
-225
-165
-87
7
117
238
367
498
627
748
856
947
1017
1063
1085
1081
1053
1002
931
844
744
636
523
408
295
187
85
-9
-96
-175
-245
-306
-360
-406
-444
-473
-494
-506
-508
-502
-487
-463
-432
-395
-352
-307
-259
-211
-165
-122
-83
-48
-19
3
21
33
40
43
43
40
35
30
25
20
16
14
14
16
19
25
33
43
55
69
84
101
118
136
153
170
185
198
207
213
213
209
200
186
167
144
117
89
58
28
0
-26
-49
-68
-82
-91
-96
-96
-92
-84
-75
-63
-51
-38
-24
-11
2
16
32
48
66
86
108
131
156
181
208
234
260
285
308
329
347
362
372
378
379
375
366
352
334
312
288
263
237
213
191
175
165
162
168
182
205
235
270
310
352
392
430
462
486
501
506
500
483
454
413
362
301
230
151
64
-28
-126
-227
-331
-435
-539
-641
-738
-829
-912
-986
-1047
-1095
-1127
-1143
-1141
-1121
-1083
-1027
-956
-869
-770
-662
-546
-427
-308
-192
-82
16
102
171
222
253
263
251
219
169
104
27
-57
-145
-231
-310
-378
-432
-467
-482
-477
-450
-402
-336
-253
-157
-50
62
179
295
408
512
607
689
756
809
846
867
874
868
850
823
788
747
702
653
603
552
500
448
395
342
289
235
180
124
67
9
-48
-107
-167
-225
-283
-340
-394
-445
-492
-534
-570
-599
-620
-633
-638
-635
-623
-605
-580
-550
-517
-482
-447
-413
-381
-353
-329
-309
-293
-279
-268
-257
-245
-232
-215
-196
-172
-145
-115
-82
-49
-16
14
42
68
89
105
118
126
131
132
131
129
124
119
114
109
105
102
103
106
113
124
140
159
182
208
235
261
286
308
326
339
346
347
342
332
320
305
290
277
269
266
270
283
303
331
365
402
441
478
509
533
546
545
531
501
457
398
328
248
161
70
-21
-111
-196
-274
-343
-401
-448
-481
-502
-508
-501
-481
-447
-401
-344
-276
-200
-119
-34
51
134
212
282
341
386
418
433
433
417
387
344
291
230
164
97
29
-34
-92
-143
-185
-219
-242
-257
-264
-264
-259
-250
-239
-229
-221
-216
-215
-219
-229
-245
-265
-291
-319
-350
-382
-414
-443
-470
-492
-508
-519
-523
-520
-511
-494
-470
-440
-403
-359
-308
-252
-190
-124
-54
16
89
161
230
295
354
406
450
483
507
521
524
519
506
486
462
436
409
383
358
337
319
305
294
285
279
274
269
263
256
245
230
209
184
152
114
71
25
-23
-72
-119
