476
442
398
347
291
234
176
121
70
23
-17
-53
-84
-112
-136
-159
-182
-204
-227
-251
-274
-297
-317
-335
-349
-357
-360
-357
-347
-332
-313
-289
-264
-237
-211
-187
-167
-150
-138
-132
-129
-132
-137
-145
-154
-164
-171
-176
-177
-174
-166
-152
-133
-109
-81
-51
-19
12
42
70
94
112
126
134
137
136
131
125
118
113
111
113
119
131
149
171
197
226
256
285
313
337
355
368
373
371
361
344
320
292
258
223
185
148
112
78
47
19
-5
-28
-48
-66
-84
-102
-120
-139
-159
-181
-203
-225
-247
-267
-283
-295
-301
-300
-292
-277
-254
-225
-192
-155
-117
-81
-47
-18
3
18
26
26
20
7
-8
-28
-48
-67
-85
-98
-108
-111
-109
-102
-89
-71
-50
-26
-1
24
49
73
95
115
133
148
160
170
176
180
180
177
170
159
144
126
105
82
58
33
10
-10
-27
-40
-46
-47
-41
-28
-10
12
38
67
97
126
152
174
191
202
206
203
192
175
153
125
95
62
30
0
-28
-53
-73
-88
-98
-103
-104
-101
-94
-84
-72
-59
-45
-32
-18
-6
5
14
23
29
33
35
35
33
29
23
16
8
0
-10
-19
-28
-35
-42
-48
-52
-54
-55
-54
-52
-47
-41
-34
-25
-15
-4
6
17
27
36
43
48
51
52
50
46
39
31
21
9
-2
-15
-27
-38
-48
-58
-66
-72
-78
-83
-87
-92
-97
-104
-111
-120
-130
-141
-152
-162
-170
-174
-174
-168
-154
-133
-102
-63
-16
37
96
158
220
279
333
379
415
437
446
440
419
384
338
282
219
153
86
22
-35
-85
-124
-152
-167
-172
-166
-152
-132
-109
-86
-65
-50
-40
-39
-45
-59
-79
-104
-133
-162
-190
-215
-234
-247
-253
-250
-241
-225
-203
-177
-149
-120
-93
-68
-47
-32
-21
-16
-17
-22
-31
-44
-58
-74
-89
-102
-114
-122
-126
-126
-121
-111
-95
-75
-51
-24
5
36
67
97
125
150
171
188
199
206
207
204
197
186
173
158
142
127
114
103
95
91
90
94
100
110
123
137
153
169
184
196
207
213
215
212
204
190
172
149
122
92
60
27
-5
-38
-70
-99
-126
-150
-170
-187
-200
-210
-217
-221
-222
-222
-221
-219
-218
-218
-219
-220
-223
-227
-231
-234
-236
-238
-237
-234
-228
-220
-210
-197
-181
-163
-144
-122
-99
-75
-50
-26
-2
19
40
59
76
90
102
111
119
126
131
137
143
150
160
172
187
207
230
257
286
319
352
385
417
446
470
487
498
499
491
472
442
401
348
285
213
133
46
-43
-135
-225
-310
-388
-455
-510
-551
-576
-584
-577
-554
-518
-470
-413
-350
-282
-213
-145
-81
-23
27
69
101
124
137
140
136
124
106
85
60
35
11
-10
-29
-44
-54
-59
-59
-54
-45
-33
-18
0
17
36
54
72
88
102
115
125
133
139
144
146
148
150
150
151
152
153
153
153
152
150
147
141
133
124
112
99
85
69
54
39
25
11
0
-9
-17
-23
-28
-31
-33
-35
-36
-38
-41
-44
-49
-55
-62
-70
-80
-90
-101
-112
-124
-136
-149
-162
-175
-189
-203
-216
-228
-238
-246
-251
-251
-248
-240
-228
-211
-190
-166
-139
-110
-81
-51
-22
5
31
56
78
97
114
128
140
148
153
155
154
150
142
130
116
99
79
58
35
11
-11
-33
-53
-71
-85
-95
-101
-102
-97
-87
-71
-51
-25
4
37
72
108
143
177
207
233
253
268
276
277
272
261
244
221
194
163
128
91
51
10
-32
-75
-117
-160
-200
-238
-273
-303
-328
-346
-356
-357
-349
-331
-304
-269
-226
-177
-124
-70
-15
35
82
123
155
178
191
194
187
171
147
118
84
48
11
-22
-53
-80
-101
-116
-126
-129
-128
-123
-113
-102
-88
-72
-55
-36
-17
2
22
43
64
85
105
125
142
158
171
181
187
189
187
179
168
152
133
112
89
67
45
26
10
-1
-10
-15
-16
-13
-8
-1
6
15
24
32
37
41
42
40
35
26
16
3
-11
-27
-43
-59
-74
-87
-99
-107
-113
-116
-116
-113
-106
-97
-86
-73
-59
-45
-30
-15
-2
11
23
35
47
58
68
78
88
97
106
114
120
125
128
128
126
121
113
101
86
68
47
23
-3
-31
-60
-89
-118
-144
-167
-187
-201
-210
-213
-209
-198
-180
-154
-122
-83
-38
11
64
118
172
223
268
307
338
358
368
367
354
331
297
255
204
146
82
14
-56
-129
-202
-274
-343
-407
-465
-515
-555
-585
-602
-607
-599
-577
-544
-499
-444
-380
-311
-238
-162
-88
-15
52
116
173
223
266
302
331
355
372
385
393
396
396
391
383
371
356
338
316
293
267
240
213
187
161
136
114
93
73
56
39
22
4
-14
-35
-58
-85
-113
-145
-177
-211
-243
-273
-300
-322
-337
-346
-347
-341
-328
-308
-282
-252
-218
-182
-144
-107
-70
-34
-1
29
56
80
101
118
132
141
147
150
149
144
137
127
116
102
88
72
55
38
21
3
-14
-31
-48
-64
-79
-91
-102
-110
-115
-116
-114
-108
-97
-83
-64
-42
-17
10
39
69
100
130
159
186
212
235
256
274
290
303
313
320
323
322
317
306
290
268
240
206
167
122
74
21
-33
-89
-145
-200
-253
-302
-347
-385
-416
-440
-455
-461
-458
-446
-424
-394
-355
-308
-255
-196
-132
-66
1
68
133
194
249
298
338
369
390
402
405
400
387
368
346
320
293
268
244
224
209
198
193
192
195
201
208
214
219
219
213
201
181
152
116
73
23
-30
-86
-144
-200
-252
-300
-341
-375
-400
-417
-426
-426
-419
-406
-389
-368
-345
-322
-299
-279
-262
-248
-237
-229
-223
-219
-215
-210
-202
-190
-174
-152
-124
-89
-49
-4
43
94
145
195
242
284
319
347
366
377
379
373
359
338
312
281
247
211
175
139
105
73
44
19
-2
-20
-35
-46
-55
-62
-67
-70
-71
-71
-70
-68
-66
-62
-59
-55
-51
-47
-43
-40
-38
-37
-38
-40
-44
-50
-59
-69
-82
-95
-109
-123
-136
-147
-155
-159
-159
-154
-145
-131
-113
-91
-66
-39
-12
13
38
60
78
91
99
102
99
92
79
63
44
23
0
-22
-45
-67
-88
-107
-124
-138
-151
-161
-168
-174
-177
-177
-175
-170
-161
-150
-135
-116
-94
-68
-38
-6
28
65
103
141
180
217
253
286
316
343
366
384
398
406
410
407
399
385
365
339
308
272
231
187
139
89
38
-13
-64
-114
-162
-206
-246
-282
-311
-335
-352
-363
-367
-365
-357
-345
-328
-308
-286
-262
-237
-212
-187
-162
-139
-116
-95
-74
-54
-35
-15
4
24
46
68
91
115
139
163
186
208
227
244
257
267
271
271
266
255
239
219
194
165
133
100
65
30
-3
-36
-67
-95
-119
-139
-156
-169
-178
-183
-185
-185
-184
-181
-178
-176
-175
-174
-175
-176
-178
-179
-180
-178
-173
-165
-152
-134
-111
-82
-49
-12
28
70
114
158
200
239
274
304
329
347
358
362
359
350
334
313
288
258
225
191
155
119
83
48
16
-14
-42
-68
-91
-113
-131
-148
-164
-177
-189
-199
-207
-214
-219
-223
-225
-225
-224
-222
-218
-212
-205
-197
-187
-176
-164
-150
-135
-119
-102
-83
-63
-43
-21
0
22
44
64
83
100
114
125
133
136
135
131
123
112
98
82
65
47
29
12
-3
-17
-29
-39
-46
-50
-50
-48
-42
-33
-21
-7
9
28
49
70
92
114
134
152
168
180
188
191
189
182
171
156
137
117
97
77
58
43
31
23
18
18
21
26
33
40
47
52
54
52
46
36
21
2
-19
-44
-69
-94
-117
-137
-152
-161
-164
-158
-145
-124
-96
-62
-23
18
60
100
136
166
188
199
200
189
166
133
91
42
-12
-69
-127
-182
-233
-277
-313
-341
-360
-369
-370
-363
-350
-331
-309
-285
-259
-232
-205
-178
-151
-123
-95
-65
-34
-2
31
67
103
139
174
208
238
265
288
305
317
324
325
322
314
302
287
271
253
234
215
196
176
158
139
119
99
78
55
30
3
-26
-58
-94
-132
-172
-215
-258
-302
-343
-382
-417
-445
-465
-476
-477
-466
-444
-409
-364
-308
-244
-172
-95
-15
63
140
213
278
333
378
411
432
440
435
419
393
357
314
266
213
158
102
49
-1
-47
-88
-121
-146
-163
-172
-172
-165
-150
-130
-106
-79
-51
-25
0
19
33
42
43
38
26
9
-11
-35
-59
-81
-99
-112
-117
-114
-102
-82
-54
-20
18
59
101
141
176
205
226
238
240
233
216
191
158
119
76
31
-13
-57
-97
-133
-163
-187
-203
-213
-216
-212
-202
-187
-168
-145
-120
-94
-68
-43
-19
1
19
35
46
55
61
64
65
63
60
55
48
40
31
21
10
-1
-13
-26
-39
-51
-63
-74
-83
-90
-94
-95
-92
-85
-73
-57
-36
-12
14
44
75
106
136
164
189
210
226
235
238
233
220
200
171
135
92
43
-10
-66
-122
-177
-229
-274
-311
-337
-351
-352
-337
-309
-265
-209
-140
-63
19
106
190
270
341
400
444
472
481
473
449
409
358
298
233
166
102
42
-8
-49
-78
-93
-94
-82
-57
-21
25
80
140
204
268
330
387
437
476
504
518
518
501
468
420
358
282
195
100
0
-104
-207
-307
-402
-487
-562
-625
-674
-708
-726
-731
-721
-698
-665
-623
-574
-522
-469
-417
-368
-325
-288
-259
-239
-227
-222
-225
-233
-245
-258
-270
-279
-282
-277
-263
-240
-206
-162
-108
-47
19
89
161
233
300
363
419
467
507
536
557
568
571
566
555
539
518
493
467
439
410
382
354
326
300
275
251
228
205
182
159
137
113
89
65
40
14
-11
-37
-64
-90
-116
-140
-164
-186
-206
-224
-240
-252
-260
-264
-264
-260
-251
-238
-221
-201
-179
-154
-129
-103
-79
-56
-35
-17
-3
7
14
18
18
14
8
0
-11
-23
-36
-49
-62
-74
-84
-93
-100
-105
-108
-110
-110
-109
-107
-104
-100
-95
-90
-84
-79
-73
-67
-61
-54
-46
-38
-28
-16
-3
9
23
36
48
57
62
61
55
42
21
-5
-39
-78
-122
-167
-213
-257
-296
-329
-353
-368
-371
-364
-345
-316
-277
-232
-180
-126
-70
-15
36
83
124
159
186
205
217
221
218
209
195
177
156
133
108
84
60
38
19
4
-7
-14
-15
-10
0
17
40
70
105
145
188
233
279
325
369
410
445
476
499
515
524
524
517
503
482
454
420
381
338
290
239
184
126
65
2
-62
-129
-196
-263
-328
-390
-447
-499
-544
-581
-609
-628
-638
-639
-633
-621
-603
-581
-557
-532
-506
-481
-456
-431
-407
-382
-356
-328
-298
