-77
-122
-168
-213
-255
-294
-329
-358
-381
-399
-410
-416
-417
-413
-406
-394
-380
-364
-345
-326
-305
-283
-261
-237
-212
-186
-158
-129
-99
-69
-40
-13
10
30
43
48
45
33
12
-18
-55
-100
-148
-199
-250
-298
-340
-375
-400
-416
-420
-413
-396
-369
-335
-294
-248
-200
-149
-98
-48
1
49
95
140
183
224
261
296
326
351
371
385
392
391
383
367
345
317
284
248
210
173
137
105
78
58
46
41
45
57
76
102
133
167
204
242
278
310
338
359
372
376
370
353
326
289
242
188
128
65
1
-61
-120
-172
-215
-249
-271
-282
-281
-271
-252
-227
-199
-169
-142
-118
-100
-89
-85
-89
-98
-112
-129
-147
-164
-178
-187
-190
-187
-176
-159
-136
-108
-76
-42
-8
25
56
82
104
119
129
133
132
126
118
108
97
88
81
77
77
82
91
106
125
148
175
205
236
266
295
321
341
356
363
361
351
332
305
270
230
184
136
86
36
-11
-55
-94
-126
-150
-165
-172
-168
-156
-135
-107
-74
-38
-1
34
68
98
122
140
153
160
161
159
153
146
137
127
118
110
102
96
91
87
84
81
78
75
73
69
66
63
60
56
53
50
47
43
39
34
29
23
15
7
-2
-12
-24
-36
-49
-63
-78
-94
-112
-131
-152
-175
-200
-225
-252
-279
-306
-332
-356
-378
-397
-412
-423
-429
-432
-429
-423
-412
-398
-381
-361
-340
-318
-294
-271
-247
-223
-199
-175
-150
-125
-99
-72
-45
-17
11
39
66
93
119
142
164
182
198
209
217
221
220
214
203
188
169
145
118
88
56
23
-11
-45
-79
-111
-141
-169
-194
-215
-231
-243
-249
-248
-241
-227
-205
-176
-138
-94
-42
14
76
140
206
271
334
392
443
485
517
538
546
542
525
496
456
407
350
286
219
151
83
17
-43
-99
-148
-189
-221
-246
-262
-270
-272
-267
-258
-244
-227
-209
-190
-172
-154
-139
-126
-116
-109
-105
-105
-107
-111
-117
-125
-133
-141
-148
-153
-156
-157
-155
-150
-142
-131
-118
-103
-87
-71
-55
-40
-27
-15
-5
3
10
16
21
27
33
40
49
60
72
87
103
120
137
155
171
186
199
210
219
225
229
230
231
230
229
227
226
225
224
224
224
224
224
223
220
216
208
198
184
167
147
124
99
72
44
16
-11
-37
-61
-84
-103
-118
-129
-136
-137
-133
-122
-105
-83
-56
-25
7
42
77
109
139
163
183
196
202
202
196
183
166
145
121
94
66
38
10
-15
-41
-65
-87
-108
-127
-145
-163
-180
-196
-212
-228
-244
-259
-274
-288
-302
-314
-326
-335
-342
-347
-348
-345
-338
-327
-311
-290
-264
-234
-201
-165
-128
-91
-55
-22
7
32
53
68
77
82
81
76
67
56
43
29
15
3
-6
-12
-15
-12
-5
7
26
50
79
111
147
184
221
256
288
314
333
344
347
340
324
300
268
231
189
144
98
53
10
-28
-62
-91
-113
-130
-142
-148
-151
-150
-148
-144
-141
-138
-136
-136
-138
-142
-146
-152
-157
-162
-165
-166
-164
-159
-150
-138
-122
-104
-83
-60
-37
-13
8
28
45
58
68
74
76
75
70
64
57
49
42
35
30
26
24
24
25
27
30
33
37
41
45
49
53
57
61
66
71
75
80
83
86
86
85
80
73
62
49
32
12
-9
-33
-58
-84
-108
-132
-152
-169
-182
-190
-191
-187
-176
-159
-136
-109
-79
-45
-11
22
55
85
110
130
144
151
152
145
132
114
90
64
36
8
-18
-41
-60
-73
-79
-79
-72
-58
-38
-14
14
45
78
110
141
169
194
213
227
234
236
231
222
208
191
173
154
135
118
102
89
78
69
61
54
47
40
32
24
15
6
-1
-7
-12
-13
-10
-3
8
24
45
69
96
123
150
175
195
210
218
218
210
193
168
135
96
51
2
-49
-103
-156
-208
-257
-302
-343
-377
-405
-426
-440
-446
-446
-438
-424
-402
-374
-340
-300
-255
-206
-154
-101
-47
4
54
100
142
180
212
238
258
272
281
283
279
269
252
230
201
167
128
85
38
-10
-61
-111
-161
-209
-253
-292
-326
-353
-372
-383
-384
-376
-359
-332
-297
-255
-206
-154
-98
-42
12
64
113
158
197
230
258
280
296
308
315
320
322
324
327
330
336
343
352
363
373
381
386
386
378
363
339
305
263
213
157
96
33
-29
-89
-144
-192
-231
-260
-278
-286
-283
-270
-250
-222
-191
-157
-123
-91
-63
-40
-25
-18
-19
-28
-46
-70
-101
-135
-172
-210
-247
-281
-312
-338
-359
-375
-386
-393
-396
-396
-395
-391
-387
-381
-374
-365
-353
-339
-320
-296
-266
-230
-188
-141
-89
-34
22
79
133
184
229
267
297
319
333
338
336
327
313
295
273
250
227
204
183
164
148
135
125
118
114
112
111
111
110
109
107
103
99
95
90
87
85
85
87
92
100
110
122
135
148
159
167
172
171
165
153
135
113
88
62
37
16
0
-10
-13
-10
-1
10
23
35
42
43
37
24
2
-27
-62
-102
-145
-188
-229
-266
-296
-317
-329
-331
-321
-302
-273
-236
-194
-147
-99
-50
-4
39
78
112
140
163
181
195
204
211
215
218
220
221
221
221
220
217
212
203
191
174
151
124
93
58
20
-17
-54
-89
-119
-144
-162
-173
-177
-175
-167
-155
-141
-128
-117
-110
-110
-118
-135
-161
-197
-240
-289
-343
-398
-452
-503
-547
-583
-608
-621
-621
-608
-583
-545
-497
-440
-376
-307
-234
-160
-86
-13
58
127
194
259
322
383
442
500
556
609
659
705
746
780
808
826
836
835
825
805
777
742
700
655
607
557
508
460
412
365
318
271
221
169
113
52
-12
-82
-156
-232
-310
-387
-462
-533
-598
-656
-705
-744
-773
-792
-801
-801
-791
-775
-751
-722
-688
-651
-611
-569
-526
-480
-434
-386
-338
-289
-239
-191
-143
-97
-53
-12
25
60
92
121
146
169
190
208
224
237
249
258
265
270
273
274
273
270
265
259
252
244
235
225
215
205
196
188
181
175
172
171
172
176
182
190
199
210
220
230
238
244
246
244
237
225
208
185
158
126
91
54
15
-23
-61
-96
-129
-157
-180
-197
-209
-214
-213
-206
-194
-178
-158
-137
-114
-92
-71
-53
-37
-25
-16
-10
-6
-4
-3
-3
-3
-2
-2
-1
0
0
0
-2
-6
-11
-19
-29
-41
-55
-71
-86
-102
-115
-126
-133
-136
-132
-122
-105
-82
-52
-18
20
61
104
145
184
219
249
272
287
295
295
287
273
252
225
195
161
125
87
48
10
-27
-63
-97
-128
-155
-178
-195
-206
-209
-205
-194
-175
-149
-118
-82
-45
-7
28
59
85
103
113
112
103
84
58
27
-7
-42
-76
-104
-125
-138
-141
-133
-116
-89
-54
-14
29
74
119
161
199
230
256
274
285
289
287
279
265
248
228
205
181
155
127
98
68
35
0
-36
-75
-116
-158
-201
-244
-285
-323
-357
-386
-409
-427
-437
-441
-438
-429
-415
-395
-372
-345
-316
-285
-252
-218
-184
-149
-113
-77
-41
-5
30
64
96
125
151
174
193
207
217
223
226
225
223
218
213
207
202
197
193
191
190
190
192
194
197
199
200
198
194
186
174
157
136
110
80
47
11
-26
-63
-100
-135
-166
-193
-215
-231
-241
-246
-245
-239
-230
-218
-205
-193
-183
-175
-171
-173
-180
-192
-209
-230
-253
-278
-302
-324
-342
-353
-358
-353
-340
-317
-286
-247
-200
-148
-93
-35
23
80
135
187
234
275
310
339
362
378
388
392
390
384
374
360
342
322
298
273
246
217
188
160
133
108
86
68
54
45
42
43
48
58
71
85
100
114
126
134
138
136
128
114
95
71
44
15
-13
-40
-63
-81
-93
-98
-95
-86
-72
-52
-28
-3
22
48
70
90
105
115
119
119
114
104
91
74
55
35
14
-6
-26
-45
-63
-80
-96
-111
-125
-138
-151
-165
-177
-190
-201
-211
-219
-225
-228
-227
-223
-215
-204
-189
-171
-150
-127
-102
-77
-51
-25
0
24
47
70
92
114
134
153
171
188
204
217
228
236
240
240
235
225
210
189
163
132
97
58
16
-26
-70
-114
-155
-194
-229
-258
-282
-300
-312
-317
-316
-309
-296
-279
-258
-234
-209
-182
-155
-129
-103
-79
-56
-35
-15
4
25
46
68
93
119
148
178
210
243
276
307
335
360
381
395
404
407
404
395
383
368
350
332
314
296
279
262
246
228
209
187
162
131
94
52
3
-52
-113
-180
-250
-323
-397
-470
-541
-609
-671
-726
-773
-811
-840
-858
-865
-863
-850
-827
-796
-756
-709
-655
-596
-532
-465
-396
-325
-255
-185
-116
-50
12
72
128
180
227
268
304
333
355
371
379
380
375
363
345
323
298
270
243
216
191
170
154
144
140
142
150
164
182
203
225
246
266
282
293
299
298
293
282
267
249
230
211
194
179
169
163
162
167
176
191
210
232
256
282
308
334
359
382
403
422
438
451
462
470
474
475
470
460
444
421
390
351
303
247
184
113
37
-44
-129
-217
-305
-392
-478
-560
-637
-709
-773
-831
-880
-919
-950
-971
-981
-982
-972
-952
-922
-882
-833
-776
-710
-638
-560
-477
-390
-302
-212
-122
-34
52
135
215
290
359
422
478
527
567
599
622
637
642
639
629
611
587
558
526
493
459
425
392
361
331
302
272
240
206
166
121
69
10
-56
-128
-205
-285
-365
-442
-513
-575
-624
-659
-677
-676
-656
-617
-559
-485
-396
-295
-186
-73
39
147
248
337
411
469
509
531
536
524
499
464
421
375
328
286
249
222
205
201
209
229
261
302
350
404
461
518
573
623
665
699
722
734
733
719
692
652
599
534
457
369
269
160
41
-86
-220
-358
-499
-639
-775
-906
-1027
-1137
-1233
-1315
-1381
-1431
-1465
-1484
-1487
-1475
-1449
-1409
-1357
-1292
-1216
-1129
-1032
-926
-812
-692
-566
-436
-305
-173
-43
82
202
314
418
510
592
661
719
766
802
830
849
861
868
870
868
861
851
837
818
794
764
727
684
635
578
516
448
376
301
224
147
71
0
-69
-132
-189
-239
-282
-317
-345
-366
-380
-389
-392
-391
-385
-376
-364
-350
-333
-314
-293
-270
-246
-220
-193
-164
-132
-98
-62
-23
18
62
110
159
209
260
308
353
393
424
446
456
452
434
402
355
296
227
150
68
-13
-92
-164
-226
-276
-312
-334
-340
-333
-313
-284
-247
-205
-161
-119
-81
-48
-23
-7
0
-3
-13
-31
-55
-82
-113
-144
-176
-206
-235
-262
-286
-309
-329
-346
-362
-374
-383
-389
-390
-386
-376
-358
