389
374
358
341
324
306
287
267
245
221
194
164
131
94
54
12
-31
-75
-119
-160
-197
-228
-252
-269
-276
-276
-268
-253
-233
-209
-184
-159
-137
-118
-104
-96
-92
-94
-101
-110
-122
-135
-146
-156
-163
-165
-161
-152
-137
-117
-91
-63
-32
0
29
56
80
98
110
115
115
109
99
86
71
57
44
35
30
29
33
42
53
67
80
92
100
102
98
86
65
35
-1
-45
-95
-148
-202
-255
-304
-347
-382
-408
-422
-425
-416
-396
-365
-325
-277
-225
-169
-112
-57
-4
44
87
124
155
181
202
218
232
243
253
262
270
278
284
288
288
285
276
262
242
215
182
144
102
57
12
-32
-76
-116
-152
-185
-212
-236
-255
-271
-284
-293
-299
-302
-302
-298
-289
-276
-257
-233
-203
-167
-125
-78
-26
29
88
150
212
274
334
390
442
488
527
558
580
594
597
590
574
547
510
464
409
347
279
208
135
61
-9
-76
-139
-194
-242
-282
-313
-336
-351
-358
-358
-353
-342
-326
-307
-286
-262
-236
-211
-184
-158
-133
-109
-85
-62
-40
-18
2
24
45
66
87
108
127
144
159
171
179
183
181
175
163
148
128
106
83
60
39
20
7
0
-2
2
14
32
56
83
114
147
179
209
236
257
273
281
282
274
259
236
205
168
125
77
26
-26
-80
-134
-186
-234
-277
-314
-342
-362
-372
-372
-361
-340
-310
-272
-229
-181
-132
-83
-37
3
37
63
81
89
88
79
63
41
16
-11
-40
-67
-92
-113
-129
-141
-147
-150
-148
-143
-136
-129
-120
-113
-106
-102
-100
-100
-102
-105
-111
-117
-123
-129
-134
-137
-138
-137
-131
-123
-110
-92
-70
-42
-8
30
75
126
182
241
303
366
428
487
541
588
625
653
668
671
660
635
596
544
480
406
323
234
142
49
-42
-129
-211
-286
-352
-409
-458
-497
-528
-552
-568
-578
-583
-583
-579
-571
-560
-546
-529
-510
-488
-464
-437
-408
-377
-344
-308
-270
-231
-189
-147
-103
-58
-13
31
74
115
153
188
218
244
264
279
290
296
298
298
295
290
285
279
272
266
259
251
243
234
223
211
196
179
160
138
114
88
60
31
0
-29
-60
-88
-115
-138
-156
-170
-178
-180
-176
-166
-150
-130
-105
-77
-47
-16
14
43
70
93
113
127
136
140
140
134
124
110
92
70
46
19
-9
-39
-70
-101
-130
-158
-181
-201
-215
-224
-226
-223
-213
-197
-178
-155
-130
-106
-82
-60
-41
-26
-15
-7
-2
0
3
6
12
19
31
45
63
84
107
130
152
171
186
197
201
200
193
182
166
149
130
112
97
85
78
75
77
84
95
109
123
138
151
161
168
169
165
156
142
124
103
81
57
35
13
-5
-21
-36
-48
-59
-69
-80
-92
-106
-124
-146
-171
-200
-231
-264
-296
-325
-350
-368
-378
-377
-365
-342
-308
-263
-209
-148
-82
-14
53
120
181
237
284
323
352
372
382
383
377
363
343
319
291
261
229
198
167
137
110
85
63
44
28
15
4
-5
-15
-24
-35
-46
-59
-73
-89
-105
-123
-140
-158
-174
-190
-204
-217
-228
-237
-244
-248
-250
-249
-244
-236
-224
-209
-190
-168
-144
-117
-90
-61
-33
-6
19
44
68
91
113
136
159
183
208
235
264
295
325
356
386
412
435
451
460
461
452
433
404
364
315
258
194
124
50
-24
-99
-171
-238
-299
-352
-396
-429
-453
-465
-468
-462
-448
-429
-404
-376
-345
-314
-282
-251
-221
-191
-163
-135
-108
-82
-57
-32
-8
15
37
57
76
92
104
113
117
117
112
103
91
75
57
39
21
5
-7
-16
-19
-18
-10
2
20
43
68
95
122
148
172
192
209
221
228
231
230
226
219
210
199
189
178
166
155
142
127
109
88
63
32
-4
-47
-94
-146
-202
-259
-315
-368
-417
-459
-491
-513
-524
-523
-510
-485
-450
-405
-353
-294
-231
-165
-98
-31
33
96
154
208
256
298
332
359
378
388
389
381
365
340
307
269
225
178
129
81
35
-5
-41
-70
-92
-105
-111
-109
-102
-90
-74
-55
-37
-18
-2
12
23
30
34
35
33
29
23
16
10
5
0
-1
-2
-2
-1
-1
-1
-2
-6
-14
-24
-37
-53
-71
-88
-105
-119
-129
-133
-131
-123
-107
-85
-58
-27
5
38
70
96
117
131
137
134
124
106
83
57
29
1
-23
-44
-61
-72
-78
-79
-75
-69
-60
-52
-44
-38
-34
-32
-33
-36
-41
-45
-49
-51
-50
-46
-39
-27
-12
6
28
51
75
99
121
140
154
162
162
155
140
116
86
50
10
-31
-73
-112
-145
-170
-186
-191
-184
-167
-138
-101
-55
-4
48
102
153
199
238
268
289
299
299
289
272
247
219
187
156
125
97
73
52
36
23
13
4
-2
-11
-21
-33
-48
-66
-87
-111
-136
-163
-190
-216
-238
-257
-270
-276
-275
-266
-249
-225
-195
-160
-122
-82
-43
-7
25
53
75
90
99
101
96
87
73
55
35
14
-8
-31
-53
-74
-94
-111
-126
-137
-144
-146
-142
-133
-117
-94
-66
-33
4
44
85
125
163
196
223
244
256
259
255
242
221
195
163
129
93
57
22
-8
-35
-57
-74
-85
-91
-92
-88
-81
-70
-56
-41
-23
-5
13
32
51
69
86
102
116
128
137
143
145
143
135
122
102
76
43
5
-36
-82
-130
-178
-224
-265
-299
-325
-342
-348
-343
-327
-301
-267
-226
-180
-130
-80
-32
14
56
94
127
155
179
199
215
230
241
251
259
265
268
267
263
254
241
222
198
169
135
98
57
14
-29
-73
-115
-155
-190
-221
-246
-263
-274
-276
-269
-255
-233
-205
-170
-130
-88
-43
0
43
82
117
145
167
182
189
190
184
174
161
145
129
113
98
84
73
64
56
50
44
38
32
23
13
0
-14
-32
-52
-74
-96
-119
-140
-158
-172
-181
-185
-181
-171
-153
-129
-98
-62
-21
23
69
116
163
207
247
282
311
332
345
350
345
332
310
280
242
199
151
100
47
-5
-57
-106
-150
-189
-221
-246
-262
-271
-273
-268
-257
-241
-223
-203
-183
-164
-147
-134
-124
-119
-119
-122
-129
-140
-153
-167
-182
-196
-209
-220
-228
-233
-236
-235
-231
-224
-214
-202
-187
-170
-150
-128
-104
-78
-51
-23
5
33
60
85
108
128
145
159
168
173
175
172
165
154
139
122
102
80
57
34
12
-9
-30
-48
-64
-78
-89
-98
-104
-108
-110
-111
-110
-107
-103
-97
-91
-83
-74
-65
-54
-43
-31
-17
-4
10
26
42
59
77
95
115
134
155
175
195
214
232
248
262
273
281
285
286
283
277
266
252
234
214
191
166
139
112
84
57
31
7
-14
-34
-52
-66
-78
-88
-95
-100
-103
-104
-104
-103
-101
-98
-96
-93
-90
-87
-86
-85
-84
-84
-85
-86
-87
-88
-89
-90
-90
-89
-88
-86
-83
-78
-72
-64
-55
-44
-30
-15
1
20
39
59
79
98
116
132
146
157
165
170
172
171
166
159
149
137
123
109
94
80
67
55
46
39
35
33
33
35
39
42
46
49
50
49
46
40
31
21
9
-3
-16
-29
-40
-49
-55
-59
-59
-56
-49
-40
-28
-14
1
18
35
52
67
81
92
100
105
106
103
96
85
69
50
27
0
-28
-60
-93
-127
-159
-190
-217
-240
-257
-268
-272
-269
-260
-243
-220
-192
-159
-122
-82
-41
0
42
83
121
157
189
218
244
266
283
297
307
313
315
314
308
299
286
269
249
225
199
171
141
110
78
46
15
-15
-43
-70
-96
-118
-139
-158
-174
-188
-201
-211
-219
-226
-230
-234
-235
-236
-235
-233
-231
-228
-224
-221
-218
-214
-211
-207
-203
-199
-195
-190
-185
-180
-175
-170
-164
-159
-154
-148
-143
-137
-130
-123
-116
-109
-101
-93
-84
-76
-67
-58
-49
-40
-31
-21
-11
-1
7
17
26
35
44
51
59
65
71
75
80
83
86
89
90
91
92
93
93
93
93
93
94
94
94
95
95
95
95
95
96
97
99
102
106
112
119
127
137
148
159
170
181
190
199
206
210
211
210
205
196
184
168
149
127
103
78
51
25
0
-25
-48
-68
-86
-101
-113
-122
-128
-132
-134
-134
-133
-131
-129
-127
-125
-124
-124
-124
-124
-126
-127
-129
-131
-132
-133
-132
-130
-127
-122
-115
-106
-96
-84
-71
-57
-42
-29
-16
-5
3
10
15
16
15
12
6
0
-9
-18
-26
-34
-40
-44
-45
-44
-41
-35
-28
-19
-9
1
12
22
33
43
53
63
74
85
97
111
125
141
156
172
187
200
211
219
224
224
220
210
196
177
153
124
93
59
24
-9
-43
-74
-102
-125
-144
-157
-164
-166
-162
-154
-142
-126
-108
-89
-70
-51
-35
-20
-9
-1
4
6
7
5
3
0
-4
-8
-11
-14
-17
-20
-22
-25
-27
-29
-32
-34
-37
-38
-39
-38
-35
-30
-22
-12
0
15
33
53
75
97
120
142
164
184
203
220
234
245
254
259
261
260
255
247
237
223
207
190
170
150
129
108
87
65
44
22
0
-21
-44
-68
-93
-120
-148
-179
-212
-247
-285
-325
-366
-409
-452
-495
-535
-572
-604
-629
-646
-653
-650
-636
-610
-573
-525
-467
-401
-329
-252
-173
-94
-16
56
125
187
242
289
328
360
384
401
412
416
416
411
403
391
377
362
346
330
313
298
283
269
256
244
235
226
219
213
208
204
200
196
190
183
174
163
148
131
111
88
63
36
8
-19
-47
-74
-99
-121
-140
-153
-162
-164
-161
-151
-136
-116
-93
-66
-39
-11
14
38
58
74
84
89
88
80
67
49
27
0
-28
-59
-91
-122
-152
-179
-203
-223
-238
-249
-256
-259
-257
-252
-244
-234
-221
-207
-191
-174
-157
-138
-120
-101
-81
-61
-42
-22
-3
14
31
47
61
73
83
92
98
103
107
109
111
113
114
116
118
120
123
127
130
134
138
142
145
147
147
146
142
136
127
116
103
87
70
52
32
13
-5
-23
-40
-56
-69
-80
-89
-95
-99
-101
-100
-98
-95
-91
-85
-79
-72
-64
-56
-47
-38
-27
-15
-1
14
32
51
73
96
120
144
167
190
209
226
239
248
251
250
244
234
219
201
179
156
131
104
77
50
22
-4
-32
-60
-88
-115
-142
-167
-192
-214
-234
-251
-264
-273
-278
-278
-274
-266
-255
-240
-223
-205
-187
-169
-152
-137
-123
-111
-102
-93
-86
-80
-74
-67
-60
-52
-43
-33
-22
-9
4
18
33
49
63
77
90
101
110
116
119
118
114
106
95
81
63
43
21
-2
-27
-52
-77
-102
-126
-150
-173
-195
-217
-238
-259
-279
-299
-318
-335
