302
287
271
253
234
215
196
176
158
139
119
99
78
55
30
3
-26
-58
-94
-132
-172
-215
-258
-302
-343
-382
-417
-445
-465
-476
-477
-466
-444
-409
-364
-308
-244
-172
-95
-15
63
140
213
278
333
378
411
432
440
435
419
393
357
314
266
213
158
102
49
-1
-47
-88
-121
-146
-163
-172
-172
-165
-150
-130
-106
-79
-51
-25
0
19
33
42
43
38
26
9
-11
-35
-59
-81
-99
-112
-117
-114
-102
-82
-54
-20
18
59
101
141
176
205
226
238
240
233
216
191
158
119
76
31
-13
-57
-97
-133
-163
-187
-203
-213
-216
-212
-202
-187
-168
-145
-120
-94
-68
-43
-19
1
19
35
46
55
61
64
65
63
60
55
48
40
31
21
10
-1
-13
-26
-39
-51
-63
-74
-83
-90
-94
-95
-92
-85
-73
-57
-36
-12
14
44
75
106
136
164
189
210
226
235
238
233
220
200
171
135
92
43
-10
-66
-122
-177
-229
-274
-311
-337
-351
-352
-337
-309
-265
-209
-140
-63
19
106
190
270
341
400
444
472
481
473
449
409
358
298
233
166
102
42
-8
-49
-78
-93
-94
-82
-57
-21
25
80
140
204
268
330
387
437
476
504
518
518
501
468
420
358
282
195
100
0
-104
-207
-307
-402
-487
-562
-625
-674
-708
-726
-731
-721
-698
-665
-623
-574
-522
-469
-417
-368
-325
-288
-259
-239
-227
-222
-225
-233
-245
-258
-270
-279
-282
-277
-263
-240
-206
-162
-108
-47
19
89
161
233
300
363
419
467
507
536
557
568
571
566
555
539
518
493
467
439
410
382
354
326
300
275
251
228
205
182
159
137
113
89
65
40
14
-11
-37
-64
-90
-116
-140
-164
-186
-206
-224
-240
-252
-260
-264
-264
-260
-251
-238
-221
-201
-179
-154
-129
-103
-79
-56
-35
-17
-3
7
14
18
18
14
8
0
-11
-23
-36
-49
-62
-74
-84
-93
-100
-105
-108
-110
-110
-109
-107
-104
-100
-95
-90
-84
-79
-73
-67
-61
-54
-46
-38
-28
-16
-3
9
23
36
48
57
62
61
55
42
21
-5
-39
-78
-122
-167
-213
-257
-296
-329
-353
-368
-371
-364
-345
-316
-277
-232
-180
-126
-70
-15
36
83
124
159
186
205
217
221
218
209
195
177
156
133
108
84
60
38
19
4
-7
-14
-15
-10
0
17
40
70
105
145
188
233
279
325
369
410
445
476
499
515
524
524
517
503
482
454
420
381
338
290
239
184
126
65
2
-62
-129
-196
-263
-328
-390
-447
-499
-544
-581
-609
-628
-638
-639
-633
-621
-603
-581
-557
-532
-506
-481
-456
-431
-407
-382
-356
-328
-298
-264
-227
-187
-144
-99
-52
-4
42
88
131
171
207
239
267
291
312
330
346
361
375
389
404
418
432
446
458
469
476
479
478
471
458
439
414
383
346
304
258
208
155
101
47
-6
-59
-108
-155
-197
-233
-264
-289
-308
-319
-324
-322
-313
-299
-279
-254
-225
-194
-160
-126
-93
-61
-33
-8
10
25
35
41
42
40
35
29
22
16
11
7
5
5
8
12
19
27
38
50
65
82
101
122
145
169
196
224
254
284
314
344
373
398
420
436
446
449
443
427
403
369
327
276
220
158
92
24
-43
-110
-174
-233
-288
-336
-376
-409
-433
-449
-455
-453
-443
-426
-402
-372
-338
-301
-263
-225
-189
-156
-127
-104
-86
-75
-69
-69
-73
-81
-91
-102
-112
-121
-127
-131
-132
-130
-125
-119
-112
-104
-99
-95
-93
-95
-100
-107
-115
-123
-129
-131
-126
-114
-91
-57
-12
43
109
183
261
342
420
493
556
607
643
663
665
650
618
571
511
442
364
283
200
118
39
-34
-100
-159
-210
-252
-286
-311
-329
-339
-343
-340
-332
-320
-303
-284
-262
-239
-216
-194
-174
-156
-142
-131
-124
-121
-122
-125
-130
-138
-146
-154
-162
-169
-174
-177
-178
-176
-171
-163
-151
-136
-116
-93
-67
-37
-5
27
60
92
121
146
167
182
191
194
193
187
179
170
160
151
145
142
142
146
154
164
176
190
204
217
227
234
236
232
222
206
183
155
122
85
45
5
-33
-71
-106
-137
-163
-183
-198
-208
-213
-212
-208
-199
-188
-175
-160
-145
-129
-114
-99
-84
-70
-57
-43
-30
-16
-2
12
27
42
57
71
85
97
108
117
123
128
131
132
131
129
125
121
115
107
99
89
78
66
52
37
20
4
-12
-29
-45
-59
-72
-83
-92
-100
-106
-111
-115
-119
-123
-126
-130
-134
-138
-142
-145
-148
-149
-148
-146
-141
-132
-119
-102
-80
-54
-23
11
48
87
126
164
200
231
257
278
292
299
301
296
287
273
257
238
219
200
183
168
155
146
140
136
134
134
132
130
125
115
102
82
57
26
-9
-50
-96
-145
-196
-248
-300
-350
-398
-441
-478
-509
-533
-550
-560
-563
-561
-554
-545
-533
-521
-510
-501
-493
-487
-483
-479
-475
-470
-461
-449
-432
-409
-379
-342
-299
-250
-195
-137
-76
-13
49
111
172
231
287
341
392
440
485
527
566
602
633
660
681
696
704
705
698
682
658
627
587
541
490
434
375
315
256
199
146
98
56
21
-5
-23
-33
-35
-30
-19
-1
19
43
69
94
118
139
156
167
172
171
161
144
118
85
44
-3
-56
-115
-177
-241
-304
-366
-424
-477
-522
-558
-585
-601
-607
-603
-590
-569
-542
-509
-472
-433
-393
-352
-312
-272
-233
-194
-155
-117
-78
-38
2
43
84
126
167
207
246
283
317
350
379
407
432
455
476
495
512
526
537
545
548
546
539
525
505
476
441
398
348
292
231
167
102
39
-20
-74
-121
-159
-186
-203
-209
-205
-193
-174
-151
-125
-100
-78
-60
-50
-48
-56
-73
-99
-135
-178
-227
-280
-335
-391
-444
-493
-537
-573
-600
-617
-624
-619
-604
-577
-541
-496
-443
-384
-321
-255
-189
-123
-60
0
58
111
161
208
253
296
338
380
423
467
512
558
603
647
686
719
743
757
758
745
718
677
622
557
483
403
320
237
156
79
8
-55
-112
-161
-203
-238
-266
-289
-307
-320
-329
-335
-338
-338
-335
-331
-323
-314
-303
-290
-275
-259
-243
-226
-209
-192
-177
-163
-150
-139
-130
-123
-118
-113
-110
-108
-107
-107
-108
-110
-113
-118
-124
-130
-138
-145
-152
-157
-161
-162
-160
-154
-144
-129
-109
-84
-54
-19
17
58
100
142
182
218
248
272
287
292
288
274
251
220
181
138
91
44
-3
-47
-88
-125
-156
-181
-202
-217
-229
-237
-242
-245
-246
-244
-241
-234
-225
-211
-194
-172
-146
-115
-80
-40
1
47
94
143
192
240
286
330
371
408
441
470
496
517
534
548
557
564
566
565
559
548
531
508
479
444
403
355
303
247
190
131
74
20
-28
-70
-104
-129
-144
-150
-145
-132
-111
-84
-53
-20
10
38
61
75
78
68
45
7
-45
-113
-194
-288
-391
-501
-613
-724
-829
-924
-1006
-1069
-1113
-1134
-1132
-1107
-1060
-994
-911
-814
-708
-596
-483
-372
-266
-168
-79
0
68
129
182
231
277
321
366
413
462
512
563
614
662
705
741
769
787
793
786
767
736
692
638
574
502
424
343
260
178
98
23
-45
-107
-159
-202
-235
-258
-270
-272
-265
-249
-227
-199
-168
-135
-102
-70
-43
-19
-2
8
12
10
3
-9
-25
-45
-65
-86
-107
-125
-142
-155
-167
-175
-182
-186
-190
-193
-197
-201
-207
-215
-225
-237
-251
-266
-282
-297
-311
-322
-328
-328
-321
-305
-281
-247
-205
-155
-99
-37
27
93
158
221
281
334
382
422
454
478
494
501
501
492
476
453
423
389
350
307
263
219
175
134
96
64
38
20
11
9
17
32
55
83
116
150
184
215
241
260
270
270
259
238
206
165
115
58
-3
-69
-136
-202
-266
-326
-379
-425
-462
-489
-506
-513
-511
-500
-482
-459
-431
-400
-370
-340
-313
-289
-270
-255
-244
-237
-232
-228
-224
-217
-207
-190
-166
-133
-92
-42
15
80
149
221
293
362
425
481
526
560
581
589
585
570
545
513
476
436
396
357
323
294
271
254
242
234
229
225
220
213
201
184
161
131
94
51
3
-48
-102
-156
-209
-259
-303
-341
-370
-390
-399
-399
-388
-367
-338
-301
-258
-212
-163
-115
-70
-29
5
32
48
55
50
34
8
-26
-68
-114
-161
-208
-249
-283
-308
-322
-324
-314
-293
-262
-223
-179
-133
-87
-45
-9
19
37
45
41
26
2
-30
-70
-114
-159
-204
-245
-280
-307
-324
-329
-323
-304
-274
-233
-183
-125
-62
3
69
135
196
252
301
343
376
400
415
422
421
414
403
388
371
354
338
324
314
309
307
311
318
328
340
352
364
373
379
379
372
358
336
305
265
217
162
100
33
-37
-109
-181
-251
-318
-380
-436
-486
-529
-565
-593
-613
-626
-631
-629
-620
-604
-582
-554
-521
-484
-444
-401
-358
-313
-270
-227
-185
-146
-108
-71
-35
-1
33
68
105
143
182
223
266
310
354
396
437
474
505
531
550
560
562
556
541
518
488
453
415
374
332
292
255
223
195
174
158
148
142
139
137
134
129
119
103
81
51
14
-27
-75
-126
-178
-229
-277
-319
-353
-377
-390
-390
-377
-352
-316
-270
-216
-157
-96
-35
21
73
118
153
178
192
194
185
166
137
99
53
2
-52
-109
-168
-226
-281
-334
-382
-425
-462
-494
-519
-538
-551
-557
-556
-549
-534
-513
-485
-450
-408
-360
-306
-246
-183
-116
-46
23
92
161
226
287
342
391
433
468
494
513
523
527
524
516
502
486
466
445
423
401
378
355
331
305
278
247
213
176
134
88
40
-9
-60
-110
-157
-200
-238
-270
-294
-311
-320
-323
-319
-309
-294
-275
-253
-229
-204
-178
-151
-124
-96
-69
-42
-15
11
37
62
85
105
121
133
138
135
125
107
80
46
4
-42
-93
-145
-197
-246
-290
-326
-353
-369
-373
-366
-346
-315
-274
-225
-170
-111
-51
7
63
112
154
186
208
218
216
203
181
150
114
74
34
-3
-36
-62
-79
-86
-83
-69
-45
-12
27
74
124
177
231
283
332
377
417
449
475
492
499
498
486
464
432
392
342
286
224
158
91
24
-38
-95
-145
-186
-215
-233
-239
-233
-217
-192
-161
-126
-89
-54
-22
3
22
32
32
24
7
-18
-49
-86
-125
-165
-204
-240
-272
-297
-315
-324
-325
-316
-297
-269
-232
-186
-134
-75
-12
53
120
187
250
310
363
407
442
466
477
475
460
432
391
338
275
205
128
48
-31
-110
-183
-250
-308
-356
-392
-417
-431
-435
-429
-415
-396
-372
-345
-318
-292
-268
-247
-230
-218
-211
-207
-207
-210
-215
-219
-222
-223
-219
-209
-192
-169
-137
