151
155
156
155
149
140
127
109
88
65
39
12
-13
-38
-61
-81
-97
-109
-116
-119
-118
-112
-104
-92
-79
-64
-48
-31
-14
2
20
37
54
71
86
100
112
122
128
131
131
127
120
110
96
81
63
45
25
6
-12
-31
-48
-64
-78
-90
-100
-109
-115
-120
-124
-127
-129
-131
-132
-134
-137
-140
-145
-150
-157
-166
-175
-186
-197
-207
-216
-224
-229
-230
-226
-218
-204
-185
-161
-132
-100
-64
-27
10
46
81
111
138
158
173
182
185
182
174
163
148
131
112
94
75
58
42
28
16
6
-1
-8
-12
-16
-18
-19
-19
-18
-16
-14
-10
-5
1
9
18
28
39
51
62
72
80
87
90
90
87
80
70
57
41
23
4
-14
-34
-53
-70
-86
-99
-109
-117
-121
-123
-123
-120
-115
-109
-102
-93
-83
-73
-62
-50
-38
-27
-15
-3
6
16
25
32
39
43
46
49
50
50
50
50
49
50
50
52
55
58
63
68
73
78
83
86
89
90
89
86
81
75
67
58
48
38
28
19
11
6
2
1
2
6
12
21
32
44
57
70
83
94
104
111
115
117
115
111
104
95
85
73
61
48
37
26
18
11
6
4
3
4
7
10
14
19
23
26
29
31
32
33
32
30
28
24
20
15
10
4
-2
-10
-19
-29
-40
-53
-66
-81
-96
-112
-126
-140
-151
-160
-166
-168
-167
-163
-155
-145
-131
-116
-100
-83
-65
-49
-34
-21
-10
-2
2
4
3
0
-6
-13
-22
-30
-39
-46
-52
-57
-59
-60
-58
-54
-49
-41
-32
-22
-11
0
10
20
29
37
44
49
52
54
55
55
54
54
54
55
57
61
66
72
79
87
95
102
109
114
118
120
119
115
109
101
92
81
68
56
43
29
16
3
-9
-21
-34
-46
-59
-71
-83
-95
-107
-118
-128
-137
-145
-152
-157
-159
-159
-157
-151
-142
-131
-116
-98
-77
-54
-29
-3
24
52
80
107
132
154
173
187
196
201
200
193
182
167
148
126
103
78
53
29
5
-17
-38
-57
-75
-92
-107
-120
-133
-143
-153
-161
-167
-172
-175
-176
-176
-173
-167
-160
-150
-138
-124
-109
-92
-75
-57
-39
-22
-6
8
20
30
38
43
46
46
45
42
38
34
30
27
24
22
21
20
20
20
20
20
20
19
18
17
15
14
13
13
13
14
17
21
26
33
42
52
63
76
89
103
116
129
141
151
159
166
170
171
170
166
159
150
139
125
109
92
73
52
31
9
-12
-35
-57
-78
-98
-117
-135
-150
-163
-174
-182
-186
-188
-187
-184
-178
-171
-162
-152
-142
-132
-122
-113
-105
-97
-90
-83
-77
-71
-66
-61
-56
-50
-45
-39
-32
-24
-15
-5
4
16
29
43
57
72
86
100
114
126
137
146
153
158
160
161
159
155
150
143
134
124
112
100
87
73
58
43
28
13
0
-14
-26
-37
-47
-54
-60
-64
-65
-65
-62
-56
-49
-39
-27
-13
2
20
38
57
75
93
109
124
135
143
148
148
145
138
126
112
94
75
54
32
10
-10
-31
-50
-67
-81
-93
-103
-110
-115
-117
-118
-117
-114
-112
-108
-106
-103
-102
-102
-104
-106
-109
-113
-118
-121
-124
-126
-125
-122
-117
-109
-97
-83
-66
-47
-26
-3
19
43
65
87
107
124
139
152
162
170
176
180
182
182
181
178
174
168
160
151
140
127
113
97
79
60
40
20
0
-19
-37
-54
-70
-83
-95
-104
-112
-118
-123
-126
-129
-130
-131
-130
-129
-126
-122
-116
-109
-101
-91
-81
-69
-56
-42
-28
-14
0
14
29
42
54
65
75
82
88
91
93
92
90
87
82
76
69
61
53
46
38
32
27
24
23
23
24
27
31
35
38
40
41
40
37
30
22
10
-3
-19
-37
-55
-74
-92
-109
-122
-132
-138
-138
-134
-125
-112
-96
-77
-57
-37
-18
-1
12
23
31
34
35
31
25
15
4
-7
-19
-31
-41
-48
-53
-55
-54
-51
-46
-41
-37
-35
-35
-41
-52
-69
-92
-121
-157
-198
-243
-290
-337
-383
-425
-461
-488
-505
-510
-502
-480
-446
-398
-338
-269
-192
-108
-22
64
149
230
305
372
429
476
513
539
554
559
556
546
529
508
483
456
429
400
372
343
314
285
255
224
192
158
123
86
48
9
-29
-67
-104
-138
-170
-198
-222
-241
-255
-264
-268
-267
-261
-252
-238
-222
-203
-182
-160
-137
-114
-90
-67
-45
-23
-3
15
32
47
60
70
77
80
79
75
67
57
43
28
13
-1
-14
-25
-31
-32
-28
-18
-2
18
43
73
105
139
173
205
234
260
281
296
305
308
306
298
286
270
251
230
208
186
164
143
123
104
87
70
55
40
26
12
0
-14
-27
-40
-52
-64
-75
-86
-95
-103
-110
-114
-116
-117
-115
-111
-105
-98
-89
-80
-70
-61
-53
-47
-43
-43
-49
-60
-77
-102
-134
-174
-221
-274
-331
-391
-451
-508
-560
-603
-635
-652
-654
-638
-605
-555
-489
-409
-317
-218
-114
-9
93
189
278
355
421
473
512
538
551
553
545
529
507
479
449
418
386
355
326
299
274
251
229
207
186
164
140
113
84
52
17
-20
-60
-102
-144
-184
-223
-257
-287
-309
-325
-332
-331
-322
-306
-284
-257
-226
-195
-164
-135
-110
-89
-74
-65
-62
-65
-73
-86
-102
-120
-139
-158
-174
-187
-196
-201
-200
-193
-181
-165
-144
-120
-95
-68
-42
-17
5
25
41
55
65
72
77
80
82
83
84
86
87
89
90
92
93
93
93
92
91
90
89
89
89
91
93
96
100
104
108
112
115
117
118
117
114
108
101
91
80
68
55
43
32
22
15
12
11
14
20
28
38
48
58
68
75
80
82
81
77
71
62
52
41
29
19
10
4
1
2
7
17
29
45
63
82
100
118
134
147
156
162
164
163
157
149
138
125
111
96
82
69
57
47
39
35
34
36
42
51
63
78
94
111
127
142
154
161
163
158
145
126
99
65
26
-17
-63
-109
-154
-196
-233
-264
-288
-305
-315
-316
-312
-300
-284
-262
-238
-211
-182
-152
-122
-93
-65
-39
-14
8
28
46
61
72
81
86
87
85
79
71
59
46
32
17
1
-13
-27
-40
-51
-60
-68
-73
-77
-78
-79
-77
-75
-72
-69
-65
-62
-59
-56
-54
-53
-52
-52
-52
-53
-53
-54
-54
-55
-55
-55
-55
-55
-54
-52
-50
-47
-44
-40
-36
-31
-25
-18
-11
-3
4
13
21
28
34
39
42
43
42
39
35
30
24
18
13
9
7
7
9
14
22
33
46
61
78
95
112
127
140
150
155
156
152
143
129
111
89
64
38
10
-17
-44
-69
-92
-112
-128
-141
-150
-156
-158
-157
-153
-148
-140
-132
-122
-111
-100
-89
-77
-66
-55
-44
-34
-26
-18
-12
-8
-5
-4
-5
-8
-12
-17
-24
-32
-40
-48
-56
-63
-68
-73
-75
-75
-73
-68
-61
-52
-41
-28
-15
-2
11
23
35
45
54
61
66
71
74
77
80
83
87
93
100
109
120
133
146
160
173
184
194
200
204
203
199
190
178
161
142
120
95
69
42
15
-11
-36
-60
-81
-99
-115
-127
-136
-143
-147
-148
-148
-145
-140
-134
-127
-118
-108
-98
-86
-75
-64
-53
-43
-34
-26
-20
-16
-13
-13
-14
-18
-23
-30
-38
-46
-55
-64
-71
-78
-82
-84
-84
-81
-76
-67
-57
-44
-29
-13
4
23
42
61
80
98
115
130
142
152
160
164
165
164
159
153
144
133
121
107
93
78
63
48
34
20
8
-3
-12
-20
-27
-31
-33
-33
-32
-30
-27
-23
-20
-17
-16
-15
-15
-17
-20
-24
-28
-32
-36
-40
-42
-43
-43
-42
-39
-35
-31
-25
-20
-15
-10
-7
-4
-2
-2
-3
-6
-9
-13
-17
-21
-26
-29
-32
-35
-37
-38
-38
-38
-37
-36
-34
-31
-28
-25
-22
-18
-14
-9
-5
-1
2
6
10
13
17
20
22
25
28
31
33
36
40
43
46
50
54
57
60
63
64
64
63
61
57
51
44
37
29
22
15
9
5
1
0
0
0
2
4
6
9
10
11
11
10
7
3
-1
-6
-11
-16
-21
-25
-28
-31
-33
-34
-35
-37
-38
-40
-43
-45
-48
-51
-54
-56
-57
-58
-56
-53
-49
-42
-34
-24
-13
-1
11
24
37
49
60
69
76
81
83
83
80
75
67
58
47
36
23
11
-1
-12
-22
-30
-36
-39
-40
-39
-35
-28
-20
-10
0
12
24
37
49
59
69
77
82
86
86
84
80
73
64
53
41
29
16
3
-9
-21
-32
-42
-51
-59
-66
-72
-77
-81
-85
-87
-90
-91
-92
-93
-93
-93
-92
-91
-90
-89
-88
-88
-87
-86
-85
-84
-82
-80
-76
-72
-66
-59
-51
-42
-31
-20
-9
2
13
22
31
38
42
45
45
43
40
35
30
25
21
18
17
19
23
30
40
52
65
80
95
110
123
135
144
149
151
149
143
134
120
104
85
64
42
20
-1
-22
-42
-60
-76
-90
-102
-112
-120
-127
-133
-137
-140
-141
-142
-142
-140
-137
-133
-127
-119
-108
-96
-81
-64
-45
-25
-5
15
34
53
69
83
94
101
106
108
106
102
96
88
78
67
56
46
36
26
19
13
8
5
4
4
5
6
7
8
8
8
7
5
3
0
-2
-6
-9
-11
-12
-12
-11
-7
-3
3
11
19
29
38
47
55
61
67
70
72
73
72
69
66
61
56
52
47
44
42
42
44
47
52
58
65
72
79
85
90
92
91
88
81
72
59
44
27
9
-10
-30
-49
-67
-82
-95
-103
-108
-108
-103
-93
-79
-61
-41
-18
5
29
52
73
92
106
117
123
124
120
112
99
83
63
41
17
-7
-33
-58
-82
-104
-125
-145
-162
-176
-189
-199
-207
-213
-216
-216
-214
-208
-200
-189
-175
-158
-139
-117
-94
-69
-44
-19
5
28
50
71
89
105
118
129
138
143
145
145
141
133
123
109
92
73
51
27
2
-22
-47
-72
-94
-114
-130
-143
-151
-154
-154
-149
-140
-129
-117
-104
-91
-79
-69
-61
-55
-51
-49
-47
-44
-41
-37
-31
-22
-11
2
18
35
53
72
91
108
124
138
149
156
161
161
158
152
142
129
115
98
81
62
44
26
9
-6
-19
-30
-38
-43
-43
-40
-33
-21
-6
11
32
54
78
102
125
147
166
183
195
202
204
201
191
175
153
126
94
58
20
-18
-57
-95
-129
-160
-186
-205
-219
-225
-224
-217
-204
-187
-167
-145
-123
-102
-85
-71
-62
-59
-61
-69
-82
-99
