-85
-85
-89
-97
-108
-120
-132
-143
-153
-160
-162
-159
-151
-136
-114
-85
-49
-8
38
88
141
194
245
294
337
375
405
427
440
444
438
424
402
372
336
296
252
208
165
124
87
54
26
5
-11
-21
-27
-29
-27
-22
-15
-6
2
12
21
29
36
41
43
44
43
39
33
25
16
5
-5
-17
-29
-41
-51
-60
-67
-72
-74
-73
-69
-61
-50
-35
-17
3
26
51
77
103
128
152
174
192
207
217
222
223
218
210
198
183
165
147
128
109
91
75
59
46
33
22
11
0
-12
-24
-38
-54
-71
-89
-108
-126
-144
-160
-172
-181
-185
-184
-177
-166
-150
-130
-108
-85
-62
-41
-23
-10
-2
0
-3
-12
-25
-43
-64
-87
-109
-131
-150
-167
-180
-191
-198
-204
-208
-213
-219
-227
-239
-254
-273
-295
-320
-347
-374
-399
-421
-438
-448
-450
-443
-426
-398
-360
-310
-250
-180
-102
-16
75
171
268
365
460
550
633
707
770
822
861
886
897
896
881
854
817
771
716
656
591
523
454
386
318
253
192
135
82
34
-7
-45
-78
-107
-133
-156
-178
-199
-222
-245
-271
-300
-332
-366
-403
-441
-479
-516
-549
-577
-597
-609
-611
-601
-579
-546
-501
-446
-382
-312
-239
-164
-91
-23
37
90
132
162
179
184
177
159
131
94
51
4
-45
-94
-142
-187
-226
-259
-284
-302
-312
-313
-306
-292
-271
-245
-214
-179
-142
-104
-67
-30
5
38
68
96
122
147
170
192
215
238
262
286
310
334
356
375
391
402
409
410
406
396
380
360
336
309
280
248
217
185
154
124
96
68
42
17
-6
-30
-54
-78
-102
-126
-149
-172
-192
-210
-226
-237
-243
-244
-240
-231
-216
-196
-172
-144
-115
-84
-52
-21
8
37
64
90
114
137
159
179
197
213
226
236
242
243
240
231
217
198
174
147
116
84
51
18
-11
-38
-62
-80
-94
-103
-107
-107
-104
-98
-91
-84
-77
-72
-69
-68
-69
-73
-78
-84
-91
-99
-107
-114
-122
-128
-134
-140
-145
-151
-156
-161
-166
-171
-175
-179
-182
-182
-180
-174
-165
-152
-135
-114
-89
-62
-32
-1
30
61
91
118
141
159
173
180
182
178
168
154
136
116
95
75
58
43
33
28
27
32
41
53
67
81
96
108
118
124
125
122
115
104
90
73
55
37
20
5
-7
-17
-23
-26
-26
-23
-18
-10
-1
10
23
38
55
75
96
119
143
169
194
218
240
258
272
281
283
278
265
244
214
175
129
75
16
-48
-116
-185
-254
-320
-380
-433
-478
-511
-533
-542
-538
-521
-492
-453
-404
-348
-288
-225
-163
-103
-47
1
43
77
102
119
128
130
126
117
105
90
75
60
47
37
30
26
26
28
33
40
48
55
62
69
74
79
83
88
95
103
113
126
142
160
180
199
217
233
243
248
245
234
215
187
151
108
60
9
-42
-93
-142
-186
-225
-256
-281
-298
-307
-309
-305
-295
-279
-258
-232
-201
-166
-128
-85
-41
4
50
94
135
172
201
223
236
240
233
217
191
158
118
73
25
-23
-71
-115
-156
-189
-216
-235
-245
-247
-240
-226
-205
-178
-146
-111
-73
-35
2
37
70
99
124
143
158
167
172
173
169
162
151
137
120
100
78
53
26
-2
-32
-65
-98
-131
-164
-195
-224
-250
-273
-290
-302
-309
-309
-304
-293
-276
-254
-228
-197
-163
-125
-84
-40
5
53
102
151
200
247
291
330
364
391
411
423
428
424
413
395
373
346
317
287
257
230
206
186
171
162
157
157
160
166
172
178
181
179
173
160
140
113
79
38
-7
-58
-111
-166
-221
-274
-324
-369
-408
-440
-464
-480
-486
-484
-473
-454
-427
-392
-351
-305
-255
-201
-146
-90
-36
15
63
107
146
178
205
226
242
253
260
264
265
265
262
257
251
242
229
213
192
165
132
93
49
0
-50
-102
-153
-200
-240
-272
-292
-301
-297
-279
-249
-208
-158
-102
-42
16
73
123
165
196
216
224
220
205
181
150
112
72
30
-10
-50
-85
-116
-142
-163
-178
-188
-193
-194
-190
-182
-172
-158
-140
-120
-97
-71
-41
-9
26
65
106
150
194
240
284
327
367
403
433
457
474
482
483
475
458
433
401
360
313
260
203
143
81
19
-41
-99
-152
-198
-238
-268
-290
-301
-303
-295
-280
-257
-229
-198
-166
-136
-109
-88
-73
-66
-67
-75
-91
-113
-140
-170
-203
-238
-273
-309
-345
-381
-417
-454
-491
-529
-567
-605
-642
-676
-705
-728
-743
-748
-740
-720
-685
-636
-573
-498
-412
-318
-219
-118
-18
77
166
247
316
375
421
456
480
494
500
500
495
487
478
469
462
458
457
460
467
477
490
504
519
533
545
555
560
561
557
548
532
511
483
450
413
370
324
275
225
174
124
75
28
-15
-56
-94
-129
-161
-192
-222
-250
-279
-307
-335
-364
-392
-419
-445
-469
-489
-505
-516
-520
-516
-505
-485
-457
-422
-381
-335
-285
-233
-182
-133
-88
-48
-14
12
31
45
52
55
54
52
51
52
56
66
82
103
131
165
203
243
285
325
363
396
422
440
450
450
440
422
396
363
325
284
241
198
158
120
87
58
35
16
3
-5
-11
-13
-13
-12
-10
-8
-7
-6
-6
-6
-8
-11
-15
-20
-25
-31
-37
-45
-53
-61
-71
-81
-91
-101
-110
-118
-124
-127
-127
-124
-117
-107
-94
-79
-63
-46
-29
-13
0
11
19
25
26
25
20
11
0
-12
-27
-43
-59
-75
-89
-101
-110
-116
-117
-113
-105
-91
-72
-49
-21
9
42
76
107
136
158
174
181
178
164
140
106
63
14
-40
-96
-151
-203
-249
-287
-314
-330
-333
-325
-304
-271
-230
-180
-125
-66
-7
49
101
147
185
214
233
242
242
232
216
193
165
135
103
71
40
12
-13
-35
-54
-69
-82
-93
-103
-112
-122
-133
-146
-161
-179
-200
-222
-245
-269
-292
-312
-330
-343
-350
-351
-344
-328
-304
-272
-233
-186
-135
-81
-25
30
82
130
172
205
230
246
252
248
237
217
192
163
130
96
63
30
1
-25
-47
-65
-77
-84
-85
-81
-72
-57
-38
-13
14
45
79
115
151
188
225
260
293
323
350
372
390
403
409
410
403
391
371
346
315
278
238
194
148
100
52
5
-40
-82
-122
-158
-189
-216
-238
-255
-267
-275
-278
-276
-270
-260
-246
-227
-204
-178
-149
-117
-83
-48
-12
22
56
87
115
139
158
171
178
179
173
160
142
117
88
56
21
-14
-50
-84
-115
-143
-166
-184
-197
-205
-207
-205
-199
-189
-175
-159
-142
-123
-103
-84
-66
-49
-33
-19
-7
4
14
24
33
43
54
66
80
95
111
129
147
165
183
199
213
225
233
238
238
234
226
215
200
183
164
145
125
105
87
70
54
40
26
13
0
-15
-31
-48
-68
-89
-111
-133
-155
-176
-194
-209
-220
-225
-225
-220
-209
-193
-173
-150
-126
-100
-76
-52
-31
-12
4
18
30
42
52
61
70
79
87
93
99
102
102
100
94
84
71
54
33
9
-17
-45
-75
-105
-135
-163
-189
-212
-232
-246
-256
-261
-259
-252
-239
-221
-197
-168
-134
-96
-54
-10
35
81
128
172
214
252
286
313
333
346
350
346
334
313
285
251
212
169
124
78
33
-8
-46
-79
-107
-128
-144
-153
-157
-156
-150
-140
-126
-110
-92
-72
-51
-29
-7
14
36
56
74
91
104
114
121
122
120
112
101
86
67
46
24
1
-21
-44
-65
-85
-103
-118
-132
-143
-152
-160
-165
-169
-172
-175
-176
-177
-176
-175
-172
-168
-161
-151
-138
-121
-101
-78
-51
-20
12
47
83
121
158
193
227
258
286
310
330
345
355
361
362
359
353
342
328
311
292
271
247
222
196
168
140
112
83
54
26
-1
-28
-55
-80
-104
-127
-148
-167
-184
-198
-209
-216
-220
-219
-215
-206
-193
-176
-157
-136
-114
-94
-76
-62
-55
-57
-69
-92
-129
-178
-240
-314
-397
-487
-579
-670
-755
-829
-888
-928
-947
-942
-913
-858
-780
-681
-563
-431
-288
-140
8
153
291
416
528
622
699
756
795
816
822
813
794
766
733
697
662
628
598
572
550
532
516
502
487
470
448
421
386
343
293
233
166
92
13
-68
-152
-235
-315
-388
-454
-510
-554
-585
-603
-607
-597
-575
-542
-499
-448
-392
-333
-272
-213
-158
-107
-63
-27
0
20
31
34
31
22
10
-3
-18
-31
-42
-50
-54
-54
-50
-42
-32
-18
-3
12
29
45
60
73
85
95
102
107
110
111
110
107
103
96
88
78
68
56
45
35
26
21
20
25
36
55
81
114
155
201
253
308
364
419
470
515
552
578
591
591
576
547
504
449
384
310
232
152
72
-2
-72
-133
-185
-226
-256
-275
-284
-283
-274
-259
-239
-215
-189
-164
-139
-117
-99
-86
-79
-79
-86
-102
-126
-159
-201
-251
-308
-371
-440
-510
-581
-650
-713
-767
-811
-841
-855
-853
-834
-798
-745
-676
-593
-499
-393
-280
-159
-34
93
222
350
475
595
708
812
903
982
1044
1089
1116
1123
1111
1079
1028
959
875
776
665
545
418
288
158
30
-91
-206
-310
-402
-479
-541
-588
-618
-632
-632
-618
-592
-556
-513
-465
-413
-360
-307
-256
-208
-164
-124
-89
-58
-31
-6
14
34
52
70
87
103
117
131
141
149
154
154
149
141
127
110
89
66
41
15
-9
-34
-56
-76
-93
-106
-115
-121
-123
-122
-119
-113
-106
-99
-92
-86
-81
-79
-79
-82
-87
-94
-103
-112
-122
-131
-138
-144
-147
-146
-143
-136
-126
-114
-100
-85
-69
-52
-36
-21
-6
8
22
37
52
68
84
102
121
141
162
183
204
224
242
256
267
274
274
268
256
237
213
183
149
112
74
36
1
-30
-56
-76
-88
-92
-89
-77
-57
-31
0
36
74
112
150
184
213
237
254
263
265
258
243
220
191
157
118
77
35
-5
-42
-74
-100
-116
-124
-120
-106
-82
-49
-9
37
86
135
183
225
259
285
299
302
294
275
246
209
166
120
72
27
-14
-50
-79
-101
-115
-122
-123
-119
-112
-104
-97
-93
-92
-96
-106
-122
-144
-171
-201
-234
-268
-300
-331
-356
-376
-389
-395
-393
-384
-367
-345
-318
-288
-255
-221
-186
-153
-121
-91
-63
-37
-15
5
23
38
51
61
69
75
77
76
72
65
54
40
24
7
-10
-28
-44
-57
-66
-71
-70
-63
-50
-32
-9
18
48
80
112
142
169
191
207
215
215
208
193
172
145
114
82
49
19
-7
-28
-43
-50
-49
-41
-24
-1
26
58
92
125
156
183
203
215
218
210
193
166
131
89
43
-4
-52
-98
-140
-176
