25
-49
-125
-203
-278
-348
-412
-466
-510
-542
-562
-570
-566
-552
-529
-500
-464
-425
-384
-340
-297
-253
-209
-166
-123
-81
-39
1
41
79
116
150
181
209
233
253
269
282
292
300
306
312
319
326
334
344
355
365
374
380
383
380
370
354
330
299
261
217
168
117
64
12
-38
-84
-125
-160
-187
-208
-221
-227
-228
-223
-216
-207
-197
-189
-184
-182
-183
-189
-197
-209
-222
-236
-250
-262
-271
-276
-276
-272
-262
-246
-225
-199
-169
-134
-98
-59
-19
20
59
96
131
162
190
214
233
249
261
270
276
281
284
287
289
291
293
294
294
291
287
279
268
253
235
213
189
162
134
106
77
50
25
2
-16
-31
-41
-48
-50
-48
-43
-35
-26
-15
-5
4
12
18
21
21
19
13
5
-5
-18
-33
-49
-67
-86
-105
-125
-145
-165
-185
-204
-222
-238
-253
-265
-275
-283
-287
-289
-289
-286
-282
-276
-270
-264
-258
-253
-250
-248
-247
-247
-246
-244
-240
-231
-217
-195
-166
-127
-79
-22
43
118
198
283
369
454
533
605
665
712
742
756
751
729
690
637
570
494
410
322
233
144
60
-19
-91
-157
-215
-265
-308
-345
-376
-402
-424
-441
-455
-465
-470
-470
-466
-455
-440
-419
-395
-367
-338
-308
-280
-254
-233
-218
-208
-206
-209
-219
-234
-253
-275
-298
-321
-341
-357
-368
-372
-369
-358
-339
-311
-276
-233
-184
-130
-70
-8
57
123
191
258
324
388
449
506
559
606
647
681
707
725
734
735
726
708
682
648
608
563
514
462
410
358
308
259
214
171
130
92
56
21
-13
-47
-81
-116
-151
-186
-222
-258
-293
-327
-358
-387
-411
-430
-443
-450
-450
-443
-429
-407
-379
-345
-305
-262
-214
-165
-115
-65
-17
28
69
105
135
159
176
186
189
187
180
169
156
143
130
119
111
107
108
113
122
134
148
163
177
189
198
203
201
194
181
162
138
109
78
44
11
-21
-53
-81
-106
-126
-143
-155
-163
-167
-167
-163
-157
-148
-138
-125
-111
-96
-80
-64
-48
-33
-18
-5
6
15
22
26
27
24
18
8
-5
-21
-40
-60
-81
-101
-120
-135
-146
-151
-149
-139
-121
-94
-59
-17
28
78
128
177
222
262
294
317
332
338
335
324
307
283
256
226
194
162
131
101
73
47
24
3
-14
-30
-42
-52
-58
-62
-63
-61
-56
-50
-42
-33
-24
-16
-10
-6
-6
-9
-18
-31
-49
-71
-97
-127
-159
-193
-227
-261
-292
-321
-346
-367
-383
-394
-400
-401
-398
-392
-382
-371
-357
-342
-326
-309
-291
-270
-248
-223
-196
-166
-133
-99
-62
-26
10
45
79
109
135
157
174
187
196
201
204
205
204
202
200
198
196
193
190
186
180
172
163
151
137
121
103
85
66
47
28
10
-6
-21
-35
-46
-56
-63
-67
-69
-68
-63
-55
-44
-31
-14
3
23
43
64
83
100
115
126
133
136
134
129
120
109
96
83
71
61
54
51
51
54
61
70
80
90
99
106
109
109
105
96
84
68
49
29
8
-12
-31
-49
-63
-74
-81
-84
-84
-81
-75
-67
-58
-49
-40
-32
-25
-19
-14
-10
-6
-2
2
8
15
24
34
46
58
71
84
95
105
112
116
116
111
102
88
71
50
26
1
-24
-50
-74
-97
-117
-134
-149
-160
-169
-176
-180
-183
-185
-185
-185
-183
-180
-175
-168
-159
-147
-134
-119
-104
-88
-75
-64
-56
-53
-55
-62
-73
-87
-103
-120
-135
-145
-149
-145
-130
-104
-66
-16
44
113
190
270
350
426
496
556
604
637
655
657
644
616
576
525
465
400
331
262
193
126
63
5
-47
-95
-138
-175
-208
-237
-262
-284
-303
-320
-334
-346
-356
-364
-369
-373
-374
-372
-368
-361
-351
-339
-324
-306
-287
-266
-245
-222
-200
-177
-153
-130
-106
-82
-57
-32
-6
19
45
71
96
120
143
164
183
199
213
223
230
234
234
231
226
218
208
197
185
172
160
148
136
125
114
103
91
79
65
50
34
15
-4
-25
-48
-72
-95
-118
-139
-158
-174
-186
-193
-194
-190
-180
-164
-142
-115
-83
-47
-9
29
70
109
146
180
211
236
255
268
273
272
264
249
228
201
171
137
102
67
33
1
-27
-52
-72
-88
-100
-107
-111
-111
-109
-106
-101
-96
-92
-87
-84
-81
-79
-76
-74
-70
-66
-60
-52
-42
-32
-20
-7
5
17
28
37
42
44
41
34
21
3
-18
-44
-74
-104
-135
-165
-191
-214
-230
-240
-241
-234
-217
-192
-157
-114
-64
-7
52
114
175
234
288
335
373
400
416
420
413
393
363
323
275
219
157
91
22
-47
-116
-183
-246
-303
-353
-395
-428
-450
-462
-464
-455
-436
-409
-374
-332
-285
-235
-183
-130
-79
-31
11
49
81
107
125
135
139
136
127
113
94
73
51
28
7
-11
-25
-35
-39
-36
-27
-11
9
36
67
101
137
173
208
240
268
290
307
317
319
315
303
284
260
231
198
161
123
83
43
4
-31
-65
-95
-121
-142
-156
-166
-169
-167
-159
-148
-134
-117
-100
-83
-66
-52
-41
-32
-27
-25
-27
-31
-38
-46
-55
-64
-72
-80
-85
-88
-89
-87
-82
-75
-67
-57
-46
-36
-27
-18
-10
-4
0
5
9
13
18
23
29
37
46
55
66
78
90
102
113
124
132
139
143
144
140
132
120
103
82
57
29
0
-31
-63
-93
-121
-144
-163
-177
-184
-185
-180
-169
-152
-131
-106
-78
-49
-19
10
38
64
88
108
125
138
148
155
158
159
158
155
151
145
139
132
125
117
108
99
90
81
72
62
53
44
35
25
16
5
-5
-17
-30
-43
-57
-71
-85
-98
-111
-122
-133
-142
-150
-157
-163
-167
-171
-175
-177
-179
-181
-181
-180
-178
-174
-167
-158
-145
-130
-111
-89
-63
-34
-2
31
67
103
139
175
209
240
268
292
310
324
331
331
323
308
285
254
215
169
116
57
-5
-71
-138
-206
-272
-335
-394
-448
-496
-536
-570
-595
-614
-624
-627
-623
-611
-591
-563
-527
-482
-429
-367
-296
-219
-135
-47
43
135
224
309
388
457
516
562
596
615
621
613
593
561
520
470
414
354
292
230
169
110
56
7
-35
-71
-101
-123
-137
-144
-144
-136
-122
-103
-79
-52
-23
6
35
62
85
105
119
129
132
130
123
110
92
70
45
18
-10
-39
-67
-92
-115
-133
-146
-154
-156
-152
-141
-124
-103
-77
-47
-16
14
43
68
89
103
110
110
103
90
71
49
25
0
-22
-42
-59
-71
-78
-81
-80
-75
-68
-60
-52
-45
-40
-39
-40
-45
-53
-63
-75
-86
-97
-105
-110
-112
-108
-101
-89
-73
-53
-31
-6
19
45
72
97
122
146
168
188
206
222
235
246
254
259
261
261
259
253
246
237
227
215
202
188
173
157
138
118
94
67
36
1
-38
-83
-131
-183
-238
-293
-347
-398
-444
-483
-514
-534
-543
-540
-524
-495
-454
-400
-334
-257
-170
-75
26
134
244
355
464
567
661
744
811
860
889
896
880
842
783
705
612
506
394
278
165
57
-39
-124
-194
-249
-288
-313
-324
-325
-317
-304
-288
-272
-258
-249
-245
-246
-253
-265
-281
-298
-315
-329
-339
-342
-336
-320
-293
-254
-204
-144
-75
0
79
161
240
315
382
436
477
501
506
492
458
404
332
244
142
31
-86
-204
-320
-429
-527
-611
-678
-726
-754
-762
-751
-722
-679
-623
-558
-487
-414
-341
-272
-208
-151
-101
-59
-24
3
27
46
64
82
102
124
150
180
214
252
293
334
375
413
445
470
486
489
480
457
421
372
311
242
167
90
14
-54
-115
-162
-193
-207
-202
-178
-138
-83
-17
55
132
207
277
338
386
420
438
439
423
391
343
281
208
126
37
-54
-147
-239
-326
-407
-480
-542
-593
-631
-656
-665
-660
-640
-605
-556
-495
-423
-343
-256
-168
-80
4
82
152
210
256
289
309
316
312
297
275
247
215
181
148
116
88
65
46
33
25
20
19
20
22
22
21
16
8
-3
-20
-40
-64
-90
-116
-143
-167
-188
-205
-216
-220
-218
-207
-190
-166
-136
-101
-62
-20
24
70
116
163
209
253
295
335
372
404
431
453
469
478
480
475
462
442
415
381
342
297
249
198
145
91
39
-11
-60
-105
-146
-183
-216
-244
-268
-288
-304
-316
-324
-329
-331
-330
-325
-318
-308
-295
-278
-259
-236
-210
-182
-152
-120
-88
-57
-27
0
22
41
55
65
70
71
69
66
62
59
58
60
65
73
84
98
115
132
150
166
180
191
196
196
189
176
156
130
99
64
27
-11
-48
-84
-115
-141
-161
-173
-178
-174
-164
-146
-123
-96
-65
-33
-2
27
53
76
92
104
109
109
103
93
79
61
42
22
2
-17
-35
-51
-64
-75
-83
-88
-91
-92
-91
-89
-87
-84
-81
-79
-78
-77
-78
-81
-84
-88
-94
-100
-107
-113
-120
-126
-132
-138
-144
-149
-155
-160
-166
-172
-177
-181
-184
-184
-182
-177
-168
-156
-142
-124
-105
-84
-63
-43
-23
-6
9
23
35
46
56
65
73
82
91
100
109
118
127
136
144
151
158
163
169
175
182
190
202
217
236
259
286
317
350
383
416
444
467
481
484
473
446
404
345
270
181
80
-27
-140
-253
-362
-462
-549
-621
-675
-708
-721
-712
-684
-637
-573
-496
-409
-315
-218
-121
-29
57
133
199
252
293
320
336
340
336
324
306
284
260
235
210
185
163
142
123
106
91
77
65
54
44
35
28
22
17
14
13
13
16
21
27
34
43
51
60
67
73
78
81
82
82
80
78
76
73
71
70
68
68
66
65
62
58
51
42
30
14
-2
-23
-45
-68
-91
-114
-135
-155
-171
-185
-196
-204
-210
-214
-215
-216
-216
-214
-212
-210
-206
-202
-195
-188
-179
-168
-155
-141
-125
-108
-90
-72
-54
-37
-21
-6
6
16
25
33
39
45
50
56
63
71
80
90
101
113
125
137
148
158
167
173
178
181
181
179
175
168
159
148
136
123
109
95
80
67
54
43
34
26
19
14
10
7
4
1
-3
-9
-18
-29
-43
-60
-79
-102
-126
-150
-175
-199
-221
-239
-253
-263
-266
-264
-255
-241
-221
-196
-169
-139
-108
-79
-51
-26
-6
9
20
27
29
28
24
18
10
1
-6
-14
-20
-24
-26
-25
-20
-13
-2
11
28
49
71
96
122
148
174
197
217
234
245
252
252
246
234
217
194
169
140
110
79
50
23
0
-19
-33
-41
-42
-36
-23
-3
21
51
85
121
156
189
218
241
256
262
257
243
218
184
142
94
41
-12
-66
-118
-165
-207
-242
-270
-291
-306
-315
