-276
-317
-359
-399
-436
-469
-496
-517
-532
-542
-548
-551
-554
-558
-565
-577
-595
-620
-649
-683
-719
-755
-786
-811
-824
-823
-806
-769
-713
-637
-542
-429
-300
-160
-11
141
294
444
586
717
835
937
1022
1091
1141
1175
1194
1198
1189
1169
1138
1098
1050
995
933
865
791
713
631
547
461
375
290
208
129
54
-15
-80
-138
-192
-239
-282
-319
-353
-382
-408
-431
-450
-466
-478
-487
-492
-492
-489
-481
-468
-450
-428
-401
-371
-338
-303
-268
-234
-201
-173
-148
-130
-118
-112
-112
-119
-132
-149
-170
-193
-216
-238
-257
-272
-281
-283
-275
-259
-232
-196
-149
-93
-30
40
116
195
275
354
428
497
558
609
648
673
685
682
665
633
589
534
469
397
320
240
162
86
16
-45
-98
-140
-171
-190
-197
-193
-178
-155
-124
-87
-46
-1
44
91
137
181
223
261
295
322
343
356
361
358
345
324
294
257
212
162
107
48
-12
-74
-134
-193
-248
-299
-345
-384
-417
-444
-463
-476
-482
-481
-473
-459
-439
-412
-380
-343
-301
-257
-211
-165
-121
-82
-49
-23
-6
0
-1
-11
-29
-52
-77
-103
-127
-145
-155
-156
-146
-124
-91
-47
5
65
129
194
258
318
372
417
453
478
492
497
492
481
464
444
423
403
384
368
355
344
335
326
315
301
282
257
225
185
138
83
22
-43
-113
-184
-256
-326
-394
-458
-516
-568
-612
-648
-675
-692
-699
-696
-681
-657
-623
-581
-532
-478
-420
-361
-304
-249
-200
-158
-125
-103
-92
-93
-106
-130
-165
-208
-257
-310
-363
-415
-462
-501
-530
-548
-552
-542
-517
-477
-423
-356
-276
-185
-84
23
136
253
369
483
591
690
777
849
904
940
955
950
926
883
824
752
671
585
497
411
331
260
200
153
119
97
87
87
95
108
123
139
152
162
166
165
158
145
128
107
84
60
37
15
-3
-20
-34
-46
-56
-66
-75
-84
-95
-107
-121
-136
-152
-169
-186
-203
-219
-233
-245
-254
-260
-263
-262
-257
-250
-240
-228
-215
-201
-186
-171
-156
-140
-124
-107
-89
-69
-47
-23
1
27
54
81
106
128
148
164
175
181
183
180
173
162
148
133
118
103
89
78
69
64
61
60
62
66
71
77
84
91
100
109
120
133
148
166
186
210
236
264
292
320
347
369
386
396
397
388
368
337
294
240
177
106
29
-50
-130
-206
-277
-340
-391
-431
-458
-472
-472
-461
-439
-408
-371
-328
-283
-237
-192
-150
-110
-74
-42
-15
8
28
45
59
71
81
89
96
102
106
109
110
111
111
110
108
106
103
100
97
93
89
85
80
75
68
60
50
37
22
3
-19
-46
-77
-114
-155
-202
-253
-309
-369
-432
-496
-560
-621
-678
-727
-767
-794
-806
-803
-782
-744
-689
-618
-533
-437
-333
-223
-111
0
108
211
304
388
459
517
561
590
603
601
585
556
514
463
403
337
268
197
128
62
1
-51
-96
-132
-158
-173
-179
-174
-161
-141
-114
-82
-47
-10
27
64
100
132
161
186
207
222
232
237
237
232
221
206
186
162
135
103
69
33
-4
-43
-80
-116
-149
-177
-201
-218
-229
-234
-231
-222
-206
-186
-161
-132
-101
-68
-34
-1
30
60
88
113
136
157
174
190
203
214
222
227
228
226
218
206
187
161
129
90
44
-8
-66
-129
-195
-264
-333
-402
-468
-530
-587
-637
-679
-712
-735
-748
-750
-740
-720
-688
-645
-592
-528
-453
-370
-278
-179
-74
34
146
258
369
477
579
676
764
843
911
969
1015
1049
1071
1081
1080
1066
1043
1010
969
920
866
807
744
680
614
549
485
423
363
307
255
208
165
127
93
62
35
10
-12
-35
-59
-83
-109
-137
-167
-200
-236
-273
-313
-353
-392
-431
-467
-500
-527
-548
-561
-566
-563
-550
-527
-497
-458
-413
-364
-311
-256
-203
-152
-106
-66
-33
-9
6
11
8
-3
-24
-51
-83
-120
-158
-197
-234
-267
-296
-318
-333
-339
-337
-326
-307
-280
-248
-212
-174
-136
-100
-69
-43
-24
-13
-9
-12
-20
-32
-45
-58
-68
-72
-71
-61
-43
-16
16
57
102
149
198
246
292
335
373
407
437
463
485
504
519
532
541
546
547
542
531
512
485
448
400
343
275
199
115
27
-63
-153
-239
-319
-388
-446
-490
-519
-535
-537
-527
-507
-480
-447
-411
-373
-336
-301
-268
-237
-208
-182
-158
-135
-114
-93
-73
-55
-38
-23
-12
-5
-3
-8
-18
-36
-59
-88
-120
-154
-186
-214
-235
-248
-249
-239
-215
-180
-133
-78
-16
48
114
176
233
281
320
347
362
365
357
341
316
286
251
215
178
142
108
75
45
17
-8
-32
-55
-77
-97
-117
-135
-151
-166
-178
-188
-193
-195
-193
-186
-176
-160
-142
-120
-95
-69
-43
-16
8
33
55
74
91
104
115
121
125
126
124
119
113
106
98
91
84
78
74
70
67
65
63
61
60
58
56
55
54
54
54
56
59
63
69
76
84
92
101
110
118
125
130
134
135
134
130
122
112
98
81
61
38
12
-14
-41
-69
-94
-118
-137
-152
-161
-163
-159
-149
-133
-112
-87
-60
-32
-5
20
42
61
76
86
92
94
93
89
83
75
67
60
53
48
45
44
46
49
54
61
68
74
80
85
87
87
85
80
72
61
48
34
18
2
-13
-29
-44
-56
-66
-73
-76
-76
-71
-63
-52
-38
-21
-4
12
29
43
53
59
60
54
43
25
2
-24
-54
-86
-117
-144
-166
-182
-188
-184
-169
-143
-106
-59
-4
55
118
182
242
297
342
376
397
403
394
370
331
278
213
139
58
-28
-117
-208
-297
-382
-463
-538
-605
-662
-708
-742
-762
-766
-753
-723
-675
-609
-526
-428
-316
-195
-68
59
183
297
397
479
537
570
575
554
508
440
353
253
147
39
-62
-155
-233
-292
-331
-348
-344
-319
-277
-220
-152
-77
1
81
157
228
290
343
383
411
426
427
415
389
352
303
245
180
109
36
-37
-108
-175
-234
-284
-323
-350
-364
-365
-352
-327
-290
-243
-186
-123
-55
15
86
155
219
277
327
366
394
411
416
409
391
363
326
281
229
173
113
50
-12
-75
-136
-196
-251
-303
-349
-389
-423
-450
-468
-478
-480
-472
-455
-430
-396
-354
-304
-249
-188
-124
-57
10
78
143
206
263
314
359
395
421
439
447
446
436
419
395
368
337
306
276
249
226
209
197
192
194
200
210
223
237
250
259
263
261
251
232
206
172
131
85
36
-13
-62
-108
-148
-182
-208
-226
-235
-236
-231
-219
-204
-186
-167
-149
-133
-120
-112
-108
-108
-113
-122
-133
-146
-160
-174
-187
-198
-206
-211
-212
-210
-203
-191
-175
-154
-128
-97
-62
-22
21
68
116
165
212
256
294
324
344
352
345
324
287
235
170
95
12
-72
-156
-234
-302
-355
-392
-410
-409
-390
-356
-309
-254
-196
-140
-91
-53
-31
-25
-37
-67
-111
-166
-228
-291
-351
-402
-440
-461
-463
-445
-407
-351
-280
-195
-102
-4
95
192
284
369
445
509
563
606
637
658
668
668
660
642
616
582
540
489
431
365
291
212
127
39
-50
-140
-226
-308
-380
-443
-492
-527
-546
-549
-535
-507
-465
-412
-351
-283
-213
-143
-76
-15
36
77
106
121
123
110
84
47
0
-56
-118
-183
-248
-309
-366
-414
-453
-481
-497
-500
-492
-472
-443
-405
-360
-311
-258
-202
-145
-87
-28
31
90
150
209
266
321
372
417
454
482
497
498
483
452
405
342
265
178
83
-13
-109
-197
-274
-334
-376
-395
-391
-364
-315
-246
-161
-63
41
150
257
358
449
527
589
634
662
674
670
653
626
590
550
505
460
414
369
325
282
241
201
162
124
86
50
14
-19
-51
-81
-108
-132
-153
-171
-186
-197
-206
-213
-219
-224
-228
-234
-241
-249
-259
-269
-280
-290
-299
-305
-307
-305
-298
-286
-269
-247
-221
-192
-160
-128
-97
-68
-41
-20
-3
7
13
13
9
1
-8
-20
-31
-41
-49
-53
-54
-52
-45
-35
-22
-7
9
27
44
60
74
85
93
97
98
97
93
86
79
72
64
58
52
48
46
45
46
49
53
59
65
73
81
89
97
105
113
119
125
130
134
137
139
141
142
143
143
144
144
143
142
140
137
133
127
121
114
106
98
90
83
77
74
73
76
82
93
107
124
145
168
192
216
238
258
274
284
287
282
269
247
216
176
127
72
10
-54
-122
-191
-259
-324
-385
-440
-488
-529
-562
-585
-599
-605
-600
-587
-565
-535
-497
-453
-404
-352
-297
-242
-188
-137
-90
-48
-12
15
36
48
53
50
41
26
6
-15
-39
-63
-85
-103
-116
-124
-125
-120
-108
-90
-67
-40
-11
19
51
81
110
136
158
177
192
202
209
212
213
210
205
199
193
186
179
173
168
165
163
164
165
169
174
181
190
199
210
221
232
242
249
254
254
248
235
214
184
146
99
46
-13
-77
-142
-206
-267
-322
-368
-404
-429
-441
-440
-427
-402
-366
-321
-269
-212
-152
-92
-33
21
70
110
142
163
173
171
159
136
105
68
25
-20
-67
-112
-154
-191
-221
-245
-260
-267
-266
-258
-243
-222
-197
-168
-137
-106
-74
-42
-12
15
41
65
87
105
121
133
142
148
149
146
140
130
116
100
82
62
41
21
3
-12
-25
-34
-38
-37
-30
-18
0
23
51
83
117
152
188
221
252
280
303
321
334
341
342
339
331
319
303
286
266
246
224
201
178
154
129
103
76
49
20
-8
-36
-64
-90
-114
-136
-155
-170
-181
-188
-191
-190
-186
-178
-169
-158
-146
-135
-124
-115
-108
-103
-100
-100
-101
-104
-107
-110
-113
-114
-113
-110
-104
-95
-83
-68
-51
-32
-13
5
23
37
48
55
56
52
43
30
13
-7
-28
-50
-71
-90
-105
-116
-123
-124
-121
-113
-102
-89
-74
-60
-46
-35
-27
-22
-21
-24
-30
-39
-49
-60
-70
-79
-85
-89
-89
-86
-80
-72
-61
-48
-34
-19
-4
10
25
39
53
65
77
88
98
106
114
120
125
127
128
126
122
115
105
93
78
63
46
31
17
6
0
-3
-1
6
18
35
56
79
104
128
152
173
190
203
211
214
213
207
197
184
167
148
126
101
72
41
7
-30
-70
-112
-155
-199
-241
-280
-316
-347
-371
-387
-394
-393
-383
-363
-335
-300
-258
-212
-164
-114
-66
-20
21
57
87
111
127
137
139
136
127
113
95
74
50
23
-3
-32
-62
-91
-121
-150
-179
-207
-235
-262
-288
-313
-336
-356
-374
-387
-395
-398
-395
-386
-369
-345
-313
-275
-229
-178
-121
-59
5
72
140
208
275
339
399
456
509
556
599
636
667
693
713
727
