2
-6
-11
-13
-14
-15
-16
-20
-26
-34
-46
-61
-79
-100
-123
-147
-173
-198
-223
-245
-264
-280
-292
-298
-300
-297
-289
-277
-262
-243
-223
-200
-177
-153
-128
-104
-81
-59
-37
-18
0
14
28
39
49
58
66
73
80
88
97
106
117
128
140
152
163
173
182
189
192
191
186
176
161
140
113
81
45
6
-34
-74
-113
-147
-175
-196
-209
-212
-205
-187
-161
-125
-82
-32
22
79
137
194
249
299
344
381
411
432
444
447
440
423
396
360
316
264
206
143
77
9
-58
-123
-186
-243
-295
-340
-378
-407
-428
-440
-443
-438
-423
-400
-369
-331
-287
-239
-187
-135
-83
-33
12
54
89
119
142
158
167
172
171
166
158
147
135
121
107
91
75
58
39
20
0
-23
-46
-69
-91
-113
-132
-148
-161
-168
-172
-170
-163
-152
-136
-116
-92
-65
-35
-1
33
71
110
150
189
227
263
294
321
342
356
362
361
352
337
314
286
253
216
177
134
90
43
-4
-55
-110
-167
-229
-294
-363
-435
-509
-582
-654
-720
-779
-827
-861
-880
-880
-861
-822
-763
-685
-590
-481
-361
-234
-104
23
147
261
365
454
529
589
633
663
681
688
685
676
662
644
625
604
583
562
541
519
497
473
447
418
387
352
313
271
224
174
121
64
5
-54
-115
-175
-234
-289
-340
-385
-423
-453
-472
-482
-479
-465
-439
-401
-353
-294
-228
-155
-78
0
75
148
213
269
313
343
358
357
340
307
260
200
130
51
-33
-120
-207
-290
-368
-436
-494
-539
-569
-583
-581
-563
-529
-480
-417
-342
-258
-166
-70
26
122
214
298
372
434
483
515
532
532
516
485
440
382
314
239
160
78
-2
-79
-149
-212
-265
-306
-337
-355
-362
-359
-347
-327
-300
-268
-232
-194
-153
-111
-68
-24
19
63
108
152
195
236
275
311
343
370
391
407
416
419
415
404
385
360
328
289
243
190
130
63
-9
-87
-171
-258
-346
-435
-521
-602
-676
-739
-789
-825
-843
-844
-826
-790
-736
-667
-584
-490
-388
-281
-171
-63
40
138
228
308
379
439
490
532
567
596
619
639
655
667
676
680
678
669
651
623
586
537
478
408
330
245
156
64
-27
-115
-197
-271
-335
-387
-427
-455
-471
-475
-470
-457
-437
-413
-386
-358
-330
-303
-278
-254
-232
-211
-192
-174
-157
-139
-122
-103
-84
-64
-43
-20
4
31
58
87
116
146
174
201
226
247
264
276
281
281
273
260
240
214
185
154
122
92
67
48
37
37
47
69
102
144
194
249
306
362
413
457
490
510
516
507
483
446
396
336
269
197
125
54
-12
-73
-128
-174
-212
-243
-267
-285
-299
-311
-320
-330
-340
-352
-365
-380
-396
-413
-430
-446
-460
-471
-478
-480
-476
-466
-449
-425
-394
-357
-315
-268
-218
-166
-115
-65
-18
23
59
88
111
127
137
142
143
141
139
137
136
138
144
153
166
181
200
220
240
261
279
295
307
315
320
320
317
311
302
291
280
270
259
249
240
231
221
210
196
178
156
129
96
58
14
-33
-85
-139
-194
-248
-299
-345
-385
-417
-441
-455
-459
-455
-442
-422
-397
-367
-335
-303
-272
-244
-219
-198
-181
-169
-160
-154
-151
-149
-147
-144
-139
-132
-123
-113
-100
-86
-73
-60
-48
-38
-30
-24
-19
-15
-12
-7
-1
7
20
37
59
86
117
153
193
236
281
326
371
414
454
490
521
546
564
575
577
572
558
535
504
464
417
361
300
233
163
91
21
-46
-108
-163
-208
-244
-269
-283
-286
-281
-267
-249
-226
-202
-179
-158
-142
-132
-128
-130
-140
-156
-177
-201
-228
-255
-280
-302
-319
-330
-334
-331
-321
-303
-280
-251
-218
-183
-146
-110
-75
-43
-13
12
35
55
73
89
104
119
136
155
177
202
231
262
296
331
366
401
432
460
481
496
502
499
486
465
434
396
351
300
246
190
133
77
23
-27
-75
-118
-157
-192
-221
-246
-266
-282
-294
-302
-307
-308
-306
-301
-293
-282
-268
-250
-229
-205
-178
-149
-117
-85
-53
-23
3
27
44
56
61
60
51
37
17
-6
-32
-60
-88
-114
-137
-156
-171
-180
-185
-185
-181
-173
-162
-150
-138
-125
-113
-102
-93
-86
-80
-76
-73
-70
-68
-65
-61
-55
-48
-40
-30
-19
-9
0
9
15
19
19
17
12
4
-4
-15
-24
-33
-39
-42
-40
-35
-25
-10
7
28
52
77
102
127
149
169
186
199
208
214
216
215
212
208
203
197
191
184
177
169
160
150
137
122
104
83
59
32
3
-26
-56
-87
-116
-142
-165
-183
-197
-204
-206
-202
-193
-179
-161
-141
-120
-99
-79
-61
-46
-33
-23
-15
-9
-4
-1
1
4
8
11
14
17
19
20
20
18
15
10
4
-1
-9
-15
-21
-26
-30
-32
-32
-31
-29
-26
-22
-19
-16
-15
-15
-18
-23
-31
-41
-53
-68
-83
-98
-112
-123
-131
-135
-133
-127
-114
-95
-71
-42
-9
27
66
107
150
192
233
272
308
342
371
395
414
427
433
432
423
406
381
348
307
260
207
150
89
28
-32
-92
-147
-198
-243
-281
-311
-333
-347
-353
-351
-343
-329
-310
-287
-260
-231
-201
-169
-137
-106
-76
-47
-20
4
26
44
60
72
80
85
87
87
86
83
81
80
80
83
87
94
103
112
122
131
139
144
146
144
137
125
109
89
66
41
15
-9
-31
-50
-64
-72
-73
-67
-55
-37
-14
11
40
69
98
125
148
167
182
192
197
197
192
184
173
159
143
126
109
92
74
55
37
17
-2
-24
-48
-74
-101
-130
-161
-191
-222
-252
-280
-306
-330
-350
-367
-379
-388
-392
-393
-389
-382
-371
-356
-338
-317
-293
-267
-238
-207
-175
-141
-105
-69
-33
3
39
74
108
139
169
195
219
240
257
271
281
287
289
286
279
266
248
227
202
175
148
121
97
76
60
51
47
50
60
75
95
119
145
171
197
220
239
253
259
258
249
230
204
169
128
80
29
-24
-79
-132
-182
-227
-265
-296
-320
-335
-342
-342
-337
-326
-312
-296
-279
-262
-245
-229
-214
-198
-183
-166
-148
-129
-107
-82
-56
-27
2
33
64
94
123
149
171
191
206
218
226
231
231
228
220
208
192
171
146
117
84
50
15
-17
-47
-72
-89
-99
-98
-88
-69
-41
-6
33
76
119
161
198
229
253
269
275
272
262
244
221
196
169
142
119
98
82
69
60
52
45
37
27
12
-7
-32
-62
-98
-137
-178
-221
-262
-302
-337
-368
-392
-410
-421
-426
-424
-418
-409
-397
-387
-379
-375
-378
-388
-407
-434
-470
-512
-560
-609
-659
-705
-743
-771
-785
-782
-760
-718
-654
-569
-464
-342
-205
-56
98
255
410
558
696
819
927
1016
1086
1139
1174
1194
1201
1196
1181
1158
1127
1090
1047
997
941
877
805
724
636
539
435
325
212
97
-16
-125
-227
-319
-399
-464
-513
-546
-562
-564
-551
-527
-494
-455
-414
-372
-334
-301
-274
-256
-246
-244
-250
-261
-277
-294
-310
-325
-335
-338
-335
-324
-304
-276
-240
-197
-149
-97
-44
8
57
100
136
162
177
179
170
148
116
74
26
-25
-79
-130
-177
-217
-247
-268
-277
-275
-262
-240
-211
-176
-137
-98
-61
-27
0
19
30
31
24
7
-15
-45
-79
-115
-149
-179
-203
-217
-219
-208
-183
-142
-86
-17
63
153
248
345
440
529
608
674
725
758
774
773
755
722
677
623
563
499
435
373
314
260
211
168
130
96
67
41
20
2
-11
-21
-27
-27
-22
-11
3
22
45
69
94
117
137
151
158
157
147
126
95
53
3
-54
-119
-187
-258
-328
-396
-459
-516
-564
-603
-631
-647
-651
-643
-623
-591
-549
-497
-438
-373
-304
-234
-164
-98
-36
19
68
110
146
176
202
224
246
267
289
313
338
364
389
411
429
439
439
426
400
358
301
230
148
56
-39
-136
-227
-309
-377
-427
-457
-466
-454
-422
-373
-310
-238
-160
-82
-8
57
113
156
184
198
198
186
164
133
97
58
18
-18
-52
-81
-104
-120
-129
-131
-127
-117
-101
-82
-59
-35
-11
12
33
52
67
78
84
85
81
72
59
41
20
-2
-27
-54
-80
-105
-128
-148
-166
-179
-188
-193
-193
-189
-180
-167
-150
-129
-106
-79
-50
-19
12
46
79
113
145
176
203
228
248
264
274
278
276
267
253
233
207
178
144
108
71
33
-3
-38
-69
-97
-121
-140
-154
-164
-169
-171
-169
-166
-160
-154
-147
-141
-134
-129
-125
-121
-117
-114
-111
-107
-102
-95
-88
-79
-68
-56
-44
-30
-17
-4
7
18
26
32
34
32
26
16
3
-12
-31
-52
-73
-93
-111
-127
-139
-148
-152
-152
-147
-137
-123
-105
-84
-60
-33
-4
25
54
83
109
133
152
166
175
177
171
159
141
117
88
56
22
-11
-44
-74
-99
-118
-131
-137
-136
-130
-117
-100
-79
-57
-34
-11
10
30
48
64
79
92
104
116
128
139
150
161
171
180
188
194
199
202
205
207
208
208
209
210
211
211
212
211
208
203
195
184
169
151
131
108
84
59
35
11
-9
-28
-44
-57
-67
-74
-78
-80
-79
-77
-74
-70
-67
-64
-63
-64
-67
-72
-79
-88
-99
-110
-121
-131
-140
-147
-151
-153
-151
-147
-140
-130
-118
-105
-91
-77
-63
-50
-38
-29
-21
-15
-11
-9
-9
-11
-13
-16
-20
-24
-29
-33
-36
-39
-41
-40
-38
-33
-25
-14
0
16
36
57
78
100
119
136
148
156
159
156
147
133
115
92
67
39
10
-18
-46
-71
-94
-113
-128
-138
-143
-143
-138
-128
-115
-98
-80
-61
-43
-28
-17
-10
-8
-12
-20
-33
-48
-65
-83
-99
-113
-124
-131
-133
-130
-121
-108
-91
-69
-45
-18
9
37
64
90
114
135
154
170
184
197
208
220
232
245
259
275
292
312
332
355
377
401
424
446
466
483
497
505
507
501
486
461
425
378
318
248
167
77
-21
-125
-232
-341
-447
-548
-641
-723
-792
-845
-880
-898
-897
-878
-842
-792
-729
-657
-578
-496
-414
-334
-258
-188
-126
-72
-26
10
39
60
75
83
86
84
78
69
58
46
34
24
15
11
11
17
28
45
67
95
126
160
194
229
261
290
315
335
350
359
364
366
364
362
360
359
361
367
377
390
406
425
443
460
473
480
480
469
447
413
366
308
238
159
73
-18
-111
-203
-292
-375
-449
-512
-564
-603
-629
-643
-645
-638
-622
-599
-571
-541
-509
-477
-446
-417
-391
-366
-343
-322
-301
-280
-259
-237
-214
-190
-165
-139
-113
-89
-65
-44
-26
-11
0
7
10
10
7
1
-6
-15
-24
-33
-40
-44
-43
-38
-27
