-6
14
37
61
85
109
129
146
158
163
163
156
143
124
100
72
41
8
-24
-57
-88
-117
-143
-165
-183
-196
-204
-208
-206
-200
-189
-175
-157
-137
-115
-92
-69
-47
-27
-9
5
18
29
37
43
48
51
54
55
56
56
56
54
52
48
44
38
32
25
17
11
5
0
-1
-1
1
6
12
21
30
39
46
52
55
55
52
46
37
27
17
7
-1
-6
-8
-6
1
13
29
49
71
94
117
137
154
166
173
175
172
164
152
138
122
106
92
79
70
64
63
65
72
81
92
104
115
123
127
125
118
103
81
53
19
-18
-59
-102
-146
-188
-227
-264
-295
-322
-342
-357
-364
-364
-356
-340
-317
-286
-248
-204
-155
-102
-48
6
59
108
151
188
217
238
249
252
248
237
221
202
182
162
143
126
112
100
90
82
75
68
60
52
42
30
17
3
-11
-26
-41
-54
-67
-78
-87
-95
-101
-105
-109
-112
-115
-118
-121
-124
-127
-130
-132
-134
-133
-131
-126
-118
-108
-94
-78
-60
-40
-20
0
17
34
47
57
64
66
65
60
52
41
29
15
2
-11
-24
-36
-47
-57
-67
-77
-87
-97
-109
-121
-134
-146
-158
-167
-172
-173
-167
-153
-130
-98
-57
-7
50
113
179
245
309
368
418
459
487
501
502
489
463
425
377
320
256
187
114
40
-33
-106
-176
-242
-301
-354
-398
-432
-456
-468
-469
-459
-438
-408
-371
-328
-282
-235
-190
-149
-114
-88
-69
-61
-60
-68
-81
-97
-113
-128
-138
-141
-136
-122
-98
-65
-25
19
68
117
163
205
238
261
274
274
262
240
209
172
131
92
55
26
5
-4
-2
11
36
71
114
161
211
260
304
343
373
392
400
396
379
352
313
265
209
146
80
10
-59
-128
-195
-257
-314
-364
-406
-438
-461
-474
-477
-469
-451
-425
-391
-350
-305
-256
-206
-156
-108
-62
-20
17
50
79
104
126
146
164
183
202
222
245
269
295
322
349
375
400
423
442
459
472
483
491
498
504
509
514
518
522
526
528
529
527
522
513
499
478
452
418
377
330
276
216
152
85
15
-55
-126
-196
-266
-334
-401
-468
-533
-598
-661
-722
-781
-836
-885
-926
-959
-980
-989
-985
-966
-933
-886
-828
-759
-683
-604
-524
-447
-379
-321
-277
-250
-241
-249
-275
-315
-368
-427
-489
-549
-600
-639
-660
-661
-638
-591
-518
-422
-305
-171
-22
134
295
455
608
751
880
991
1082
1153
1202
1231
1240
1230
1203
1162
1108
1044
973
897
818
738
659
583
511
444
382
325
274
227
185
146
109
73
37
0
-38
-80
-126
-176
-229
-285
-344
-403
-462
-519
-573
-621
-665
-702
-731
-754
-769
-776
-777
-771
-758
-738
-712
-680
-642
-597
-546
-490
-428
-362
-292
-220
-147
-75
-4
62
124
179
227
266
295
314
323
322
311
293
267
236
202
165
129
94
63
37
16
1
-6
-8
-3
7
24
45
70
98
129
163
197
232
266
298
328
354
375
390
399
402
399
391
379
364
348
333
320
311
306
307
312
322
335
350
364
375
381
380
368
346
311
265
207
139
64
-14
-94
-171
-241
-302
-351
-385
-404
-408
-396
-370
-333
-286
-232
-174
-115
-57
-3
45
87
121
147
165
176
181
180
174
165
154
142
128
115
101
86
72
58
43
29
15
2
-10
-20
-28
-34
-36
-34
-30
-21
-10
2
17
32
46
58
66
69
66
56
39
15
-15
-53
-95
-141
-189
-238
-284
-327
-366
-398
-423
-440
-448
-449
-442
-427
-406
-380
-348
-313
-275
-234
-192
-148
-104
-59
-16
25
65
102
135
162
183
197
204
204
198
185
166
144
118
89
60
31
3
-23
-47
-69
-87
-103
-115
-123
-129
-132
-132
-131
-128
-125
-121
-117
-113
-111
-109
-110
-112
-117
-124
-134
-146
-161
-177
-194
-212
-229
-244
-255
-263
-265
-262
-252
-236
-214
-186
-152
-113
-71
-24
23
72
122
170
215
255
291
319
340
353
359
357
348
333
314
292
269
246
225
207
193
183
177
175
176
179
183
187
187
184
175
160
137
106
67
20
-33
-94
-159
-226
-294
-358
-416
-466
-503
-527
-535
-525
-498
-453
-392
-316
-229
-134
-34
65
160
248
323
384
428
453
459
447
419
378
326
268
207
148
94
49
14
-9
-22
-23
-15
0
19
40
61
78
90
96
94
85
69
47
21
-8
-38
-67
-93
-115
-132
-143
-148
-146
-139
-127
-112
-93
-73
-53
-33
-14
2
16
27
34
39
39
36
30
20
8
-5
-21
-37
-54
-69
-84
-96
-106
-113
-117
-117
-114
-108
-98
-86
-72
-56
-40
-24
-10
2
12
20
25
27
27
25
23
19
17
15
15
17
22
30
40
53
68
85
103
122
142
161
181
199
217
234
248
260
269
274
276
272
263
249
229
205
177
145
111
76
41
9
-21
-47
-70
-88
-102
-113
-120
-125
-129
-131
-133
-135
-136
-138
-139
-139
-138
-135
-128
-119
-107
-91
-72
-51
-29
-6
14
34
50
62
68
68
62
49
29
3
-27
-62
-100
-140
-179
-216
-249
-277
-297
-310
-314
-309
-295
-274
-245
-210
-170
-126
-81
-35
9
51
90
123
151
171
185
191
189
179
162
139
109
74
35
-7
-52
-98
-143
-186
-225
-258
-283
-299
-304
-297
-278
-245
-201
-145
-80
-7
69
149
227
302
371
431
480
518
543
556
556
544
522
491
452
407
357
304
249
192
135
78
21
-34
-89
-142
-193
-241
-284
-322
-353
-377
-393
-400
-398
-386
-365
-335
-297
-251
-200
-145
-88
-30
25
77
123
162
191
209
217
213
198
173
138
96
48
-2
-54
-106
-155
-198
-235
-263
-283
-293
-293
-284
-266
-241
-210
-173
-133
-91
-48
-6
33
71
104
132
154
170
180
184
182
174
162
146
127
105
83
61
40
20
3
-10
-20
-26
-27
-23
-14
-1
16
37
62
89
119
149
179
209
238
264
288
308
324
337
346
350
351
348
341
330
316
297
275
248
218
183
145
105
62
17
-27
-70
-113
-152
-187
-218
-244
-264
-278
-286
-289
-286
-277
-264
-248
-228
-207
-185
-163
-143
-125
-111
-100
-93
-90
-92
-97
-108
-122
-140
-163
-188
-217
-248
-281
-313
-346
-376
-404
-427
-446
-460
-469
-471
-468
-459
-445
-426
-402
-374
-343
-307
-268
-225
-178
-129
-75
-18
42
106
173
242
312
382
449
512
569
619
659
689
708
715
710
694
668
634
593
547
499
451
403
360
321
287
260
238
221
209
200
192
184
174
161
145
123
96
63
26
-16
-62
-112
-165
-220
-275
-331
-386
-441
-493
-542
-588
-629
-665
-693
-714
-726
-728
-720
-702
-672
-631
-581
-522
-457
-386
-314
-241
-171
-105
-46
5
49
85
113
134
150
161
169
175
181
187
195
204
217
231
248
268
289
311
334
355
375
393
407
417
422
421
415
403
385
362
332
298
259
215
169
120
70
21
-27
-74
-118
-158
-194
-224
-248
-267
-280
-287
-288
-284
-275
-261
-244
-223
-200
-174
-147
-118
-87
-55
-22
12
48
85
123
160
197
232
263
291
314
331
342
346
343
334
319
298
273
243
211
177
141
106
72
39
8
-18
-43
-64
-81
-96
-107
-115
-120
-123
-124
-122
-119
-115
-109
-102
-95
-86
-76
-66
-54
-42
-29
-14
0
16
32
49
66
82
98
113
128
141
153
162
170
174
175
172
164
152
136
114
88
58
24
-11
-50
-89
-128
-165
-200
-232
-259
-281
-299
-311
-317
-320
-317
-311
-303
-292
-279
-266
-251
-237
-223
-209
-195
-182
-169
-156
-144
-132
-120
-107
-94
-80
-66
-50
-33
-15
3
23
44
66
89
114
139
166
194
224
254
286
317
348
377
404
428
446
459
466
465
457
442
419
389
352
310
263
211
157
100
43
-15
-73
-131
-187
-242
-296
-348
-398
-446
-491
-534
-573
-609
-640
-667
-687
-702
-711
-712
-707
-694
-674
-647
-612
-571
-522
-467
-407
-341
-270
-196
-118
-40
39
117
194
267
335
397
452
499
536
563
581
588
586
575
555
528
495
457
416
371
326
279
233
188
143
101
60
21
-13
-46
-75
-100
-121
-137
-147
-151
-149
-141
-128
-109
-85
-58
-27
4
37
68
98
124
145
159
167
166
157
139
113
81
42
0
-44
-89
-132
-171
-203
-228
-243
-250
-247
-234
-214
-186
-152
-113
-72
-29
13
54
94
130
162
189
211
228
238
241
239
230
215
194
168
137
102
64
23
-18
-62
-105
-147
-186
-223
-254
-281
-301
-313
-318
-315
-303
-283
-255
-220
-180
-136
-89
-42
4
49
89
125
155
179
196
206
211
209
203
193
180
164
148
131
114
98
84
72
63
55
51
49
49
52
58
65
74
84
95
107
119
130
141
150
158
163
166
166
164
158
150
140
128
114
100
86
72
59
47
37
28
22
18
16
15
15
16
17
16
13
7
-1
-13
-29
-47
-67
-87
-105
-120
-131
-135
-134
-126
-112
-94
-72
-48
-24
-1
17
32
41
44
42
33
20
3
-15
-36
-55
-71
-84
-91
-92
-86
-74
-57
-35
-11
13
37
56
71
78
77
69
52
28
-1
-35
-73
-112
-152
-189
-223
-254
-281
-302
-319
-332
-341
-346
-348
-348
-347
-344
-340
-335
-328
-319
-308
-293
-275
-253
-225
-193
-156
-114
-69
-21
28
78
127
173
216
255
289
317
340
358
370
377
380
378
373
365
353
339
321
302
279
255
229
201
171
141
111
81
53
26
2
-17
-34
-48
-57
-62
-63
-60
-55
-47
-38
-28
-17
-7
1
8
12
14
13
8
0
-10
-25
-42
-62
-84
-107
-131
-154
-177
-198
-217
-234
-246
-255
-260
-259
-254
-244
-229
-209
-184
-156
-124
-90
-54
-19
15
46
74
98
116
128
134
134
128
118
103
85
66
47
28
12
0
-7
-10
-6
3
19
40
67
97
130
163
195
225
250
267
277
277
266
244
212
170
120
64
5
-53
-110
-162
-207
-243
-268
-281
-283
-274
-255
-227
-193
-155
-114
-72
-33
3
35
62
83
98
108
114
114
111
104
94
80
64
45
23
-2
-30
-60
-93
-127
-161
-194
-224
-251
-272
-287
-295
-294
-284
-266
-240
-206
-166
-121
-72
-22
29
81
131
178
222
261
296
324
346
361
368
367
357
339
312
277
235
187
135
81
27
-24
-71
-111
-143
-165
-177
-177
-166
-145
-115
-77
-32
15
65
114
161
203
238
265
283
290
288
274
251
219
179
133
83
32
-19
-68
-112
-151
-183
-207
-224
-233
-236
-234
-227
-217
-205
-191
-177
-163
-149
-135
-121
-107
-93
