564
476
385
291
196
101
9
-79
-163
-241
-311
-372
-422
-460
-487
-500
-500
-488
-464
-429
-385
-334
-277
-217
-154
-92
-32
24
76
123
162
194
219
235
243
244
237
224
205
180
151
118
82
44
6
-32
-71
-108
-143
-175
-203
-228
-249
-265
-276
-282
-283
-278
-269
-256
-238
-216
-190
-162
-132
-101
-69
-38
-7
20
46
69
90
107
120
131
138
143
146
146
144
140
135
128
119
109
98
85
71
57
41
25
9
-5
-20
-34
-48
-60
-72
-83
-94
-105
-116
-127
-138
-148
-158
-167
-174
-177
-178
-174
-166
-154
-137
-116
-91
-64
-36
-8
18
42
63
79
90
96
99
97
93
87
81
76
72
71
73
78
86
97
109
123
138
153
166
179
189
198
204
209
211
212
211
208
205
200
193
184
174
161
144
125
102
76
47
15
-17
-50
-81
-109
-133
-150
-159
-160
-150
-131
-102
-65
-21
28
80
132
182
228
266
295
314
322
319
306
283
253
217
177
136
95
55
19
-14
-43
-69
-91
-111
-130
-147
-164
-181
-200
-219
-239
-260
-281
-303
-324
-343
-360
-374
-384
-390
-391
-388
-379
-365
-347
-325
-300
-272
-243
-212
-182
-153
-125
-99
-77
-58
-42
-30
-21
-14
-10
-7
-5
-2
1
7
15
26
40
56
74
95
116
138
161
184
207
230
251
272
291
308
324
337
348
357
363
367
368
365
360
350
335
315
290
258
219
174
123
68
8
-52
-113
-171
-225
-272
-310
-338
-354
-358
-351
-333
-305
-270
-228
-182
-135
-87
-42
0
38
71
98
118
133
141
143
139
129
113
92
66
35
2
-34
-71
-109
-146
-181
-212
-238
-258
-271
-277
-275
-265
-249
-226
-198
-166
-131
-95
-60
-26
4
31
54
72
86
96
102
105
106
106
106
106
107
110
113
118
123
128
132
135
135
132
127
118
107
93
77
60
43
26
12
0
-8
-14
-16
-14
-10
-3
4
12
18
23
24
20
12
0
-17
-39
-64
-90
-117
-143
-167
-187
-204
-215
-220
-221
-217
-209
-198
-184
-171
-157
-145
-135
-128
-123
-120
-119
-119
-118
-116
-110
-100
-85
-65
-40
-9
25
63
102
142
181
217
248
274
294
307
312
310
302
287
268
244
217
189
160
130
102
75
50
27
6
-13
-31
-48
-63
-78
-91
-103
-113
-121
-127
-130
-130
-127
-121
-113
-103
-92
-80
-68
-56
-45
-34
-24
-14
-4
8
22
39
60
82
107
132
155
176
191
199
199
189
171
143
108
67
22
-23
-68
-109
-145
-174
-194
-207
-211
-209
-200
-187
-172
-156
-141
-129
-120
-114
-112
-114
-118
-124
-131
-136
-139
-138
-133
-122
-106
-84
-56
-23
13
53
94
136
177
215
249
279
303
322
334
339
338
330
316
297
271
241
207
170
130
90
49
9
-28
-64
-97
-126
-151
-172
-191
-206
-218
-229
-239
-248
-257
-266
-276
-286
-296
-303
-309
-309
-304
-292
-271
-240
-198
-146
-85
-14
61
142
224
303
377
443
497
539
565
576
571
551
516
470
414
350
282
213
145
80
22
-28
-69
-101
-124
-137
-142
-140
-132
-121
-108
-94
-81
-70
-62
-58
-56
-58
-62
-68
-75
-82
-88
-93
-96
-96
-93
-88
-81
-72
-61
-50
-38
-26
-15
-4
5
15
24
33
42
52
63
74
86
99
112
125
136
147
155
161
163
162
158
149
137
122
102
81
57
31
5
-21
-47
-71
-94
-113
-130
-143
-151
-156
-156
-153
-148
-141
-133
-126
-121
-119
-121
-127
-137
-150
-165
-180
-194
-204
-209
-207
-196
-176
-147
-110
-68
-21
25
69
107
136
152
153
139
108
61
1
-69
-148
-229
-310
-385
-451
-504
-541
-559
-559
-540
-502
-448
-381
-303
-218
-129
-41
43
122
193
254
304
343
372
390
399
400
394
382
365
346
324
301
278
256
235
215
197
180
166
153
141
131
122
114
106
100
94
90
86
84
82
82
82
82
83
84
84
82
80
75
69
59
47
31
12
-9
-35
-63
-93
-125
-156
-187
-217
-244
-267
-286
-301
-309
-312
-309
-299
-283
-260
-232
-199
-161
-120
-78
-35
5
42
75
101
118
126
123
110
85
50
7
-43
-96
-150
-200
-242
-272
-287
-284
-262
-221
-162
-86
1
97
197
293
382
458
517
556
571
564
533
482
414
331
239
143
47
-44
-128
-201
-261
-308
-342
-363
-374
-376
-371
-361
-349
-334
-319
-304
-287
-269
-249
-224
-196
-161
-120
-71
-16
44
111
182
254
326
395
458
514
558
591
609
612
599
571
527
469
398
317
229
137
43
-46
-131
-207
-271
-321
-357
-376
-379
-369
-345
-310
-267
-220
-170
-120
-73
-31
4
34
57
74
85
93
99
103
108
114
122
130
140
149
155
158
156
147
129
104
70
28
-18
-70
-123
-174
-222
-262
-293
-313
-320
-313
-292
-258
-213
-158
-96
-30
36
102
163
217
262
296
317
327
324
309
284
250
209
162
111
59
6
-43
-90
-133
-169
-200
-223
-239
-249
-253
-253
-248
-239
-229
-217
-205
-192
-179
-166
-152
-138
-123
-106
-88
-68
-46
-21
3
30
57
85
111
136
158
178
194
207
215
218
216
209
197
181
160
135
109
80
52
26
3
-15
-29
-35
-35
-27
-12
9
35
65
96
126
154
177
194
202
200
190
170
141
106
66
23
-19
-59
-95
-125
-147
-162
-168
-168
-163
-154
-143
-132
-124
-120
-121
-128
-142
-162
-187
-215
-245
-275
-303
-326
-343
-352
-352
-343
-325
-297
-263
-222
-176
-127
-78
-28
18
64
107
147
184
219
251
282
311
339
365
390
413
434
451
463
471
471
464
449
424
389
344
289
226
154
77
-5
-89
-173
-254
-329
-396
-453
-498
-528
-545
-546
-534
-509
-472
-427
-375
-319
-261
-205
-152
-105
-64
-31
-7
6
12
10
1
-14
-33
-54
-74
-92
-105
-113
-115
-109
-96
-77
-53
-26
1
28
53
74
90
98
100
95
84
68
48
27
8
-8
-19
-23
-18
-3
22
57
100
151
205
261
314
363
403
433
451
455
446
423
389
345
294
238
180
123
69
21
-19
-53
-78
-94
-103
-105
-101
-92
-80
-66
-50
-35
-21
-10
-2
2
2
0
-8
-19
-33
-48
-65
-80
-94
-105
-112
-114
-111
-102
-88
-68
-44
-15
15
47
78
107
132
150
161
163
156
139
112
77
35
-12
-62
-113
-161
-206
-244
-274
-295
-305
-305
-295
-275
-247
-213
-175
-134
-93
-53
-17
15
43
67
87
103
117
130
142
155
170
186
203
222
242
261
278
293
304
309
308
300
285
263
233
196
153
106
56
4
-47
-97
-144
-188
-225
-257
-282
-299
-309
-310
-304
-290
-268
-240
-206
-167
-124
-79
-33
12
55
94
127
154
172
181
179
167
144
111
70
22
-29
-82
-134
-182
-222
-254
-275
-284
-281
-267
-243
-210
-169
-124
-77
-29
16
57
94
123
145
158
163
159
146
126
99
67
29
-10
-53
-96
-137
-176
-210
-237
-256
-266
-266
-255
-233
-202
-163
-117
-67
-16
33
79
119
149
170
179
177
163
140
107
69
26
-17
-61
-102
-137
-166
-187
-200
-204
-200
-189
-172
-148
-120
-89
-55
-19
17
55
93
130
167
202
235
267
295
321
343
361
375
384
389
388
382
371
354
331
304
272
236
197
155
111
65
19
-27
-72
-115
-157
-194
-227
-255
-276
-290
-297
-295
-285
-268
-244
-215
-181
-146
-110
-76
-45
-19
1
16
23
25
20
10
-3
-20
-38
-57
-74
-89
-102
-112
-117
-120
-118
-114
-106
-97
-85
-71
-56
-41
-25
-10
5
19
32
44
53
61
67
70
71
71
68
64
59
53
46
40
34
29
26
24
24
26
30
38
48
60
75
92
110
128
146
162
175
183
186
184
175
160
140
116
89
61
34
11
-8
-22
-29
-30
-25
-14
0
17
37
56
75
92
105
114
119
119
115
107
94
80
63
47
32
18
9
3
1
4
10
19
30
41
52
60
64
64
59
48
32
10
-15
-45
-79
-114
-150
-185
-219
-250
-276
-298
-313
-322
-324
-319
-307
-289
-264
-235
-203
-168
-132
-97
-63
-34
-9
10
24
32
34
30
22
11
-1
-14
-27
-38
-46
-50
-51
-49
-44
-36
-28
-19
-12
-6
-3
-4
-7
-14
-22
-33
-43
-53
-62
-67
-69
-66
-59
-46
-29
-6
20
51
85
120
156
190
221
245
262
269
264
247
216
173
119
54
-16
-92
-168
-239
-303
-353
-387
-402
-394
-363
-309
-233
-138
-29
89
212
332
444
542
622
681
716
727
714
679
625
554
471
378
279
177
75
-25
-122
-213
-298
-375
-443
-500
-545
-578
-596
-600
-590
-564
-524
-471
-407
-334
-254
-170
-85
-4
72
139
195
237
264
274
269
249
214
167
111
48
-18
-86
-152
-213
-266
-310
-343
-364
-373
-369
-354
-328
-293
-249
-199
-143
-84
-23
38
99
158
215
267
314
355
389
415
434
444
446
439
426
405
379
349
316
280
243
206
169
133
97
62
27
-7
-42
-78
-115
-152
-189
-224
-258
-287
-312
-330
-341
-344
-337
-321
-295
-260
-216
-165
-107
-45
20
86
151
213
270
321
362
394
416
426
426
414
394
364
328
286
240
193
145
98
54
13
-22
-54
-80
-102
-119
-131
-139
-145
-147
-148
-147
-145
-142
-139
-136
-132
-128
-123
-118
-112
-105
-98
-89
-80
-69
-57
-44
-31
-17
-3
8
19
29
35
38
38
34
27
16
3
-11
-28
-46
-63
-80
-95
-107
-117
-124
-129
-133
-136
-139
-145
-153
-166
-183
-205
-232
-262
-294
-326
-356
-382
-402
-413
-415
-405
-385
-353
-310
-258
-197
-130
-59
14
88
161
230
294
352
403
446
480
505
520
526
522
508
485
453
413
365
312
254
194
134
75
20
-29
-72
-107
-133
-150
-158
-156
-146
-128
-104
-75
-43
-9
25
57
86
111
131
144
151
151
145
133
116
95
71
46
20
-5
-29
-52
-71
-87
-99
-108
-113
-114
-112
-108
-102
-96
-89
-84
-79
-77
-78
-81
-87
-95
-107
-120
-136
-152
-169
-185
-200
-212
-221
-225
-224
-217
-204
-186
-162
-133
-100
-66
-30
3
35
63
86
102
111
114
110
101
88
72
55
39
26
16
11
11
17
29
46
68
93
121
149
177
204
228
247
263
273
278
277
270
259
242
221
196
167
136
104
71
38
6
-22
-48
-71
-89
-103
-112
-116
-115
-110
-101
-88
-73
-55
-36
-16
4
23
42
58
72
82
88
90
87
81
70
56
40
23
5
-11
-27
-40
-50
-56
-58
-56
-50
-41
-28
-14
0
15
29
40
49
54
55
52
46
