-1
-7
-20
-40
-67
-99
-135
-174
-214
-252
-288
-320
-346
-365
-377
-380
-375
-362
-342
-314
-281
-244
-205
-164
-123
-84
-47
-14
15
40
62
80
94
107
118
128
138
149
162
176
192
209
227
244
260
275
285
291
293
289
279
265
246
224
199
173
146
121
98
77
60
46
35
26
19
12
4
-5
-17
-34
-54
-77
-103
-130
-157
-182
-203
-218
-225
-223
-212
-190
-160
-122
-78
-30
17
62
102
133
152
158
150
126
88
38
-22
-91
-163
-234
-302
-361
-409
-443
-460
-460
-441
-406
-355
-291
-216
-135
-50
32
111
182
243
293
329
352
362
360
348
328
302
272
243
215
191
173
162
159
164
175
193
214
237
259
279
293
299
297
285
262
229
187
136
79
18
-43
-105
-162
-214
-257
-289
-309
-317
-311
-293
-265
-227
-183
-136
-88
-42
-2
29
50
58
53
34
0
-46
-104
-172
-247
-325
-404
-480
-550
-612
-662
-699
-722
-729
-721
-698
-661
-610
-548
-475
-394
-307
-216
-123
-29
62
151
235
313
385
447
501
545
578
601
613
614
607
590
567
538
506
472
440
410
385
365
351
343
340
342
346
350
353
352
345
330
307
274
233
183
127
65
0
-63
-126
-185
-236
-280
-315
-341
-357
-364
-364
-357
-345
-330
-312
-293
-273
-255
-239
-225
-213
-205
-199
-197
-197
-199
-201
-205
-207
-207
-204
-198
-188
-173
-153
-129
-101
-69
-36
-2
30
61
89
112
129
140
145
142
134
120
101
80
57
34
11
-8
-26
-40
-50
-56
-58
-56
-50
-40
-28
-15
0
14
27
39
49
57
61
64
64
63
62
60
58
58
59
62
67
74
83
93
106
120
134
149
164
177
189
198
204
207
205
199
189
175
158
137
113
88
62
36
10
-13
-35
-54
-70
-82
-89
-93
-94
-91
-85
-78
-70
-61
-54
-48
-45
-45
-48
-54
-64
-77
-93
-111
-130
-149
-167
-183
-195
-203
-205
-200
-189
-170
-145
-113
-76
-35
9
54
100
144
184
220
249
272
288
295
294
286
271
249
222
191
156
120
82
44
7
-28
-61
-91
-116
-137
-152
-161
-164
-161
-152
-138
-121
-101
-80
-59
-41
-27
-18
-15
-18
-28
-43
-64
-87
-113
-138
-161
-180
-193
-199
-198
-188
-170
-146
-115
-80
-43
-5
30
64
94
118
136
148
154
155
151
144
134
123
111
99
89
79
71
64
58
53
49
44
38
31
23
13
2
-9
-22
-35
-46
-57
-65
-70
-72
-71
-67
-59
-49
-37
-24
-11
2
13
23
31
36
39
40
40
39
37
36
36
36
38
41
45
49
53
58
62
66
69
71
71
70
67
62
55
47
38
28
17
6
-5
-15
-26
-36
-45
-54
-61
-67
-72
-76
-78
-77
-75
-70
-62
-53
-40
-26
-9
9
29
51
73
96
117
136
153
165
171
172
166
154
135
110
80
47
11
-25
-62
-98
-132
-164
-193
-219
-242
-263
-282
-299
-314
-328
-340
-351
-361
-368
-373
-375
-374
-368
-357
-340
-318
-291
-257
-219
-177
-130
-80
-29
23
76
127
176
221
263
298
328
352
369
379
383
382
376
365
352
337
320
303
285
267
249
231
213
194
175
155
134
114
92
71
50
30
10
-6
-22
-36
-48
-57
-63
-67
-69
-70
-69
-67
-66
-64
-62
-62
-61
-62
-63
-65
-68
-72
-77
-82
-88
-95
-102
-110
-118
-125
-133
-141
-149
-157
-166
-174
-183
-192
-200
-207
-211
-212
-208
-199
-184
-162
-133
-98
-56
-10
40
92
144
196
243
286
323
352
372
383
384
376
359
333
299
258
211
160
106
50
-5
-59
-111
-158
-199
-234
-262
-282
-294
-297
-294
-283
-267
-245
-219
-191
-161
-131
-101
-73
-46
-23
-3
13
27
37
45
50
53
54
55
54
53
52
51
50
49
48
48
47
47
47
48
48
49
49
50
50
51
51
52
54
56
59
62
67
73
80
88
97
107
117
127
137
146
155
162
168
171
173
171
167
159
148
135
118
100
81
61
42
24
8
-4
-14
-21
-24
-24
-21
-15
-6
3
14
24
34
41
46
47
45
38
27
11
-7
-30
-56
-85
-115
-147
-178
-209
-237
-261
-281
-295
-303
-305
-299
-286
-266
-240
-209
-174
-136
-96
-57
-19
15
46
71
91
104
111
112
107
99
88
75
62
51
42
37
35
37
44
53
66
79
94
107
118
126
130
128
122
109
91
68
41
11
-20
-52
-82
-109
-132
-149
-159
-163
-160
-151
-137
-118
-96
-72
-48
-25
-4
13
27
36
42
43
41
36
29
21
13
7
4
4
8
15
27
42
59
78
97
114
129
141
147
149
145
135
121
102
80
56
32
9
-11
-30
-44
-55
-62
-65
-65
-63
-59
-56
-54
-53
-55
-60
-68
-80
-94
-111
-131
-151
-172
-193
-213
-232
-248
-262
-273
-280
-284
-283
-279
-270
-256
-237
-214
-186
-153
-117
-77
-36
5
47
88
126
161
192
219
241
258
271
279
282
280
275
265
252
235
215
192
166
139
110
80
50
20
-8
-36
-61
-82
-100
-113
-121
-123
-120
-112
-98
-80
-59
-35
-10
15
40
63
84
102
116
126
131
132
128
121
109
94
77
58
37
16
-4
-24
-41
-56
-69
-77
-83
-85
-84
-81
-76
-69
-62
-54
-47
-40
-34
-28
-23
-18
-13
-8
-2
4
11
20
28
38
47
56
64
71
77
80
80
78
73
65
55
42
29
14
0
-13
-25
-35
-42
-46
-46
-43
-36
-25
-11
7
28
54
82
112
145
178
211
243
272
297
317
330
335
331
319
297
266
227
180
128
71
11
-49
-110
-168
-222
-271
-314
-349
-375
-392
-400
-398
-386
-365
-335
-296
-251
-200
-144
-86
-28
27
79
124
162
190
206
210
202
182
150
108
57
0
-63
-127
-192
-253
-308
-356
-393
-419
-431
-430
-413
-383
-338
-280
-210
-129
-39
58
162
268
375
479
577
667
743
805
847
868
866
840
789
714
617
500
367
222
70
-83
-233
-374
-502
-613
-703
-772
-816
-838
-836
-815
-774
-719
-652
-575
-494
-410
-327
-246
-171
-103
-43
8
49
81
104
116
120
116
104
86
63
37
8
-21
-52
-82
-110
-136
-159
-177
-191
-200
-203
-200
-189
-170
-144
-109
-67
-19
35
93
153
213
271
323
367
403
427
440
440
428
405
373
332
286
237
187
139
94
55
22
-1
-16
-22
-21
-11
4
25
49
75
101
126
147
165
177
184
185
179
169
153
132
109
83
56
29
3
-20
-41
-59
-73
-83
-89
-92
-93
-91
-88
-84
-81
-78
-77
-77
-80
-84
-91
-99
-109
-120
-132
-143
-154
-164
-173
-181
-187
-190
-192
-191
-188
-183
-174
-163
-149
-132
-113
-90
-64
-37
-8
21
50
79
106
131
152
171
185
195
202
204
204
199
192
183
171
158
145
130
115
101
86
73
60
47
35
24
13
1
-9
-20
-32
-45
-58
-71
-85
-100
-114
-128
-141
-153
-163
-172
-179
-184
-186
-187
-187
-184
-180
-174
-166
-156
-144
-130
-113
-94
-72
-48
-23
3
30
58
85
111
135
157
177
195
210
223
233
242
249
255
260
264
267
270
272
274
275
274
273
270
264
257
247
234
219
201
181
160
137
113
88
63
38
13
-11
-36
-61
-87
-113
-140
-168
-197
-226
-256
-286
-314
-342
-367
-389
-407
-420
-429
-432
-430
-424
-412
-398
-381
-363
-344
-328
-313
-303
-297
-296
-299
-308
-320
-335
-351
-366
-379
-387
-389
-384
-370
-347
-315
-273
-223
-166
-103
-36
33
104
174
242
307
368
423
473
519
559
594
625
652
674
693
706
715
719
716
706
688
663
628
586
536
479
417
350
281
213
146
83
27
-21
-60
-90
-110
-119
-120
-112
-98
-81
-62
-44
-31
-24
-25
-36
-59
-94
-141
-198
-265
-340
-419
-500
-581
-657
-725
-783
-828
-857
-870
-865
-841
-798
-738
-661
-568
-463
-346
-222
-92
38
169
295
414
523
620
703
771
824
861
883
892
888
873
848
814
772
724
669
609
544
476
405
332
259
186
116
50
-11
-65
-112
-150
-178
-197
-205
-204
-195
-178
-156
-131
-104
-77
-53
-32
-16
-7
-4
-9
-20
-38
-61
-89
-120
-154
-188
-222
-254
-282
-307
-327
-341
-349
-351
-347
-337
-322
-302
-279
-253
-225
-195
-165
-135
-105
-75
-47
-20
4
28
50
71
89
105
120
133
144
152
159
164
167
169
168
166
162
157
149
139
126
110
91
69
44
15
-16
-50
-85
-120
-154
-185
-213
-236
-253
-264
-267
-263
-252
-233
-207
-175
-138
-96
-52
-6
39
84
126
165
199
228
250
266
275
276
271
259
241
218
190
158
124
87
50
13
-22
-56
-88
-117
-143
-166
-185
-201
-213
-222
-226
-227
-223
-214
-202
-185
-164
-140
-113
-85
-57
-30
-5
15
31
41
44
41
32
17
-2
-25
-51
-77
-101
-124
-142
-156
-166
-170
-169
-163
-154
-141
-127
-112
-96
-82
-70
-60
-52
-47
-45
-46
-48
-52
-58
-64
-71
-79
-87
-95
-104
-111
-119
-125
-128
-130
-127
-120
-107
-88
-62
-28
12
60
114
174
237
303
368
430
486
534
571
595
603
595
570
528
468
393
304
204
96
-16
-131
-243
-348
-444
-526
-592
-639
-666
-672
-656
-620
-565
-493
-408
-314
-212
-109
-7
89
178
256
323
376
416
443
457
460
454
439
418
392
362
330
295
259
222
184
145
106
66
26
-13
-53
-92
-128
-162
-192
-217
-236
-249
-255
-253
-244
-227
-204
-174
-139
-99
-55
-9
38
88
137
186
233
278
320
359
393
420
441
452
452
439
413
371
313
238
149
46
-68
-191
-318
-445
-567
-678
-775
-853
-907
-935
-935
-906
-849
-765
-657
-529
-385
-232
-74
82
232
370
492
596
678
738
776
791
787
764
726
674
611
540
463
383
300
217
135
55
-22
-95
-163
-226
-281
-329
-369
-398
-418
-427
-426
-414
-391
-360
-321
-276
-227
-176
-124
-75
-30
9
41
64
78
84
80
67
47
21
-9
-43
-79
-115
-151
-183
-211
-234
-249
-257
-255
-243
-222
-190
-149
-99
-42
21
88
157
226
294
357
415
464
504
534
552
558
552
533
504
464
417
364
307
248
191
136
87
44
8
-20
-39
-51
-56
-53
-44
-31
-13
6
26
47
65
81
91
95
93
82
64
37
2
-40
-90
-146
-207
-271
-336
-401
-464
-523
-575
-621
-658
-685
-704
-713
-712
-704
-687
-663
-632
-594
-550
-500
-443
-379
-308
-230
-145
-54
42
142
243
344
442
534
619
692
754
803
838
860
869
868
856
838
814
787
759
731
703
677
652
628
605
