-279
-272
-265
-259
-253
-248
-243
-238
-231
-223
-213
-201
-185
-167
-147
-124
-100
-75
-50
-26
-4
14
30
42
51
57
60
61
60
60
59
60
62
65
70
76
82
87
92
94
93
89
80
68
52
32
10
-12
-36
-58
-77
-92
-101
-103
-96
-81
-58
-27
10
53
100
147
194
238
276
307
329
341
344
336
319
295
264
228
190
151
113
79
48
22
2
-12
-23
-30
-34
-37
-39
-42
-47
-54
-63
-74
-87
-101
-115
-129
-142
-154
-164
-171
-176
-179
-180
-179
-176
-172
-168
-163
-158
-153
-148
-143
-138
-133
-128
-124
-121
-118
-116
-115
-115
-115
-116
-116
-116
-114
-112
-108
-101
-93
-81
-66
-48
-25
0
30
65
103
144
187
231
275
317
356
390
417
438
450
453
447
431
406
373
333
286
235
181
126
71
20
-27
-69
-104
-133
-154
-169
-177
-180
-179
-175
-169
-163
-156
-151
-145
-141
-137
-133
-128
-122
-114
-104
-91
-76
-59
-40
-19
0
21
40
57
71
81
86
87
81
70
53
30
1
-32
-70
-111
-154
-196
-236
-273
-304
-327
-342
-348
-343
-328
-303
-269
-225
-175
-119
-58
3
66
128
186
239
287
327
359
383
397
403
401
392
375
353
326
296
264
230
195
160
126
92
58
25
-8
-42
-77
-113
-151
-190
-229
-269
-307
-343
-374
-400
-418
-428
-427
-417
-395
-364
-322
-273
-218
-158
-96
-33
26
83
134
179
216
246
269
284
292
295
292
286
276
264
249
232
213
191
167
139
108
72
32
-11
-59
-111
-166
-222
-279
-335
-388
-437
-480
-517
-546
-566
-579
-584
-582
-574
-560
-543
-522
-498
-473
-445
-415
-382
-346
-305
-258
-205
-144
-75
4
95
196
308
431
562
699
841
983
1120
1249
1363
1458
1529
1573
1586
1567
1515
1433
1321
1185
1028
856
674
487
301
121
-49
-207
-351
-478
-589
-683
-762
-827
-880
-922
-954
-976
-991
-997
-994
-983
-962
-932
-893
-845
-788
-725
-655
-581
-504
-427
-352
-280
-213
-153
-102
-58
-25
0
16
25
28
27
23
19
17
18
23
35
54
81
116
159
209
265
327
391
457
522
583
638
686
724
751
766
768
756
732
694
646
586
518
443
364
282
199
118
41
-29
-93
-148
-194
-231
-258
-275
-284
-285
-279
-268
-254
-237
-219
-202
-186
-173
-163
-157
-155
-156
-160
-166
-174
-183
-191
-199
-205
-209
-210
-208
-202
-192
-179
-162
-142
-119
-93
-65
-35
-3
29
64
99
134
169
202
233
260
283
298
306
304
291
267
232
186
130
65
-5
-80
-156
-231
-302
-366
-423
-469
-504
-527
-537
-537
-525
-503
-472
-435
-392
-345
-296
-246
-195
-145
-96
-50
-5
35
73
108
138
163
184
199
208
212
211
205
194
180
164
144
124
102
80
58
37
16
-2
-21
-37
-53
-67
-79
-90
-100
-108
-114
-119
-122
-123
-123
-122
-119
-116
-112
-108
-103
-98
-92
-84
-74
-61
-45
-25
-1
26
57
90
125
160
194
224
250
271
284
290
289
279
262
239
211
180
147
114
83
56
34
18
10
8
14
28
47
73
103
136
171
208
245
280
314
343
368
388
401
407
405
395
376
349
313
269
218
161
98
32
-36
-104
-170
-233
-289
-338
-379
-411
-433
-447
-452
-450
-442
-429
-413
-394
-373
-352
-331
-310
-288
-267
-246
-224
-201
-179
-155
-131
-108
-85
-64
-45
-29
-16
-8
-4
-4
-8
-14
-23
-32
-40
-46
-48
-46
-38
-25
-5
20
52
89
129
171
214
256
296
331
361
384
399
406
405
397
382
362
336
308
278
248
219
191
166
144
125
109
96
84
74
65
56
46
35
23
10
-3
-18
-32
-46
-58
-68
-76
-81
-84
-84
-82
-79
-76
-72
-70
-70
-74
-81
-93
-110
-132
-159
-191
-226
-263
-301
-338
-373
-403
-428
-447
-458
-462
-457
-445
-426
-400
-369
-333
-294
-253
-211
-168
-126
-85
-46
-9
26
59
89
118
144
167
189
208
224
237
247
253
256
255
250
242
231
217
202
185
168
151
134
119
106
95
86
80
75
72
70
69
68
66
63
59
54
47
39
31
23
16
11
7
6
7
11
16
23
31
40
48
55
62
66
69
70
68
65
60
53
45
36
26
15
3
-8
-21
-35
-49
-65
-82
-100
-118
-137
-156
-174
-191
-207
-220
-230
-237
-240
-240
-236
-229
-219
-207
-192
-177
-160
-143
-127
-111
-95
-80
-66
-51
-36
-21
-4
13
32
52
74
97
120
144
168
191
212
232
250
265
277
286
293
297
299
299
298
295
292
288
283
277
269
259
245
227
205
178
146
110
69
26
-19
-66
-113
-158
-201
-239
-272
-300
-321
-334
-341
-341
-334
-323
-308
-290
-272
-256
-242
-233
-230
-232
-241
-256
-276
-301
-327
-352
-375
-392
-399
-394
-375
-339
-285
-211
-119
-8
118
258
408
564
722
876
1023
1157
1273
1369
1440
1484
1499
1485
1441
1369
1271
1150
1008
849
678
499
316
133
-44
-213
-371
-514
-640
-748
-837
-907
-958
-991
-1007
-1008
-996
-971
-936
-892
-841
-785
-724
-662
-598
-535
-474
-416
-362
-313
-270
-232
-200
-174
-154
-137
-124
-114
-105
-96
-88
-78
-67
-55
-42
-29
-15
-2
7
14
17
15
8
-4
-22
-46
-73
-103
-134
-164
-192
-215
-231
-241
-242
-235
-219
-195
-163
-125
-82
-35
13
64
114
163
210
255
297
336
373
407
439
468
495
518
538
554
564
567
564
552
532
504
468
425
376
322
265
208
151
96
45
0
-40
-72
-98
-117
-130
-138
-142
-144
-145
-146
-150
-157
-169
-186
-209
-236
-268
-304
-343
-382
-421
-458
-491
-519
-541
-556
-563
-562
-553
-538
-517
-491
-461
-428
-395
-361
-329
-298
-269
-243
-220
-200
-181
-165
-149
-134
-119
-103
-86
-67
-45
-21
5
35
67
102
140
180
221
264
308
352
397
441
484
524
561
593
620
641
654
660
658
648
630
605
573
537
496
453
409
365
323
284
249
219
193
170
152
135
120
104
87
68
46
20
-10
-44
-82
-122
-165
-207
-249
-288
-323
-352
-374
-388
-394
-392
-382
-365
-342
-315
-287
-259
-232
-208
-190
-176
-169
-168
-171
-180
-191
-205
-217
-228
-235
-236
-230
-217
-195
-164
-126
-82
-33
19
73
126
177
224
266
303
334
360
381
399
413
426
438
449
459
468
476
482
485
483
477
465
446
421
389
351
308
260
210
157
104
52
2
-45
-90
-131
-170
-205
-237
-266
-293
-317
-338
-356
-370
-381
-387
-389
-386
-377
-363
-343
-319
-290
-259
-225
-190
-156
-124
-95
-71
-53
-40
-33
-32
-37
-46
-59
-74
-91
-108
-125
-140
-152
-161
-167
-169
-167
-161
-153
-141
-128
-114
-99
-83
-67
-51
-34
-18
-1
16
34
53
72
93
113
134
155
175
193
210
224
235
242
245
243
236
224
206
183
156
125
92
58
23
-8
-38
-63
-83
-97
-106
-108
-104
-95
-82
-66
-47
-28
-8
9
25
37
47
52
53
49
41
29
13
-7
-30
-57
-86
-115
-145
-173
-199
-221
-237
-247
-249
-244
-230
-207
-177
-139
-95
-46
5
58
111
162
208
249
283
309
326
335
335
327
312
292
267
239
210
180
152
125
100
79
61
47
37
31
29
31
36
43
52
62
72
81
88
92
92
88
80
67
49
28
4
-21
-48
-75
-101
-126
-148
-168
-184
-196
-204
-208
-208
-205
-198
-188
-175
-160
-144
-126
-108
-89
-71
-54
-37
-22
-8
3
13
21
27
31
33
34
33
31
27
22
16
8
0
-10
-20
-31
-42
-52
-62
-71
-78
-84
-88
-89
-88
-85
-79
-72
-63
-52
-41
-29
-18
-7
2
10
18
24
29
33
37
40
44
48
53
58
65
73
82
92
102
114
125
137
148
158
167
175
181
186
189
191
191
190
187
182
176
169
160
150
138
125
112
97
83
68
52
37
22
7
-6
-20
-34
-47
-61
-73
-86
-98
-109
-119
-129
-137
-143
-148
-150
-151
-150
-146
-141
-135
-128
-121
-114
-109
-105
-103
-103
-107
-112
-121
-132
-146
-162
-181
-202
-225
-251
-278
-308
-339
-371
-403
-436
-468
-499
-527
-551
-571
-584
-590
-587
-573
-547
-510
-460
-399
-326
-244
-154
-59
38
137
233
325
410
487
553
610
655
689
713
726
729
723
709
687
659
623
583
537
488
435
380
323
266
210
157
107
61
21
-11
-39
-59
-74
-82
-86
-85
-82
-77
-72
-67
-64
-63
-65
-70
-79
-91
-107
-124
-144
-164
-184
-203
-219
-232
-241
-246
-246
-242
-235
-224
-210
-195
-179
-162
-145
-129
-113
-98
-83
-69
-54
-39
-23
-6
11
31
51
72
93
112
128
141
149
151
149
141
130
115
98
81
66
54
46
43
47
56
70
90
114
140
168
195
221
243
261
274
282
283
278
268
252
232
207
180
149
118
85
52
21
-9
-37
-62
-84
-103
-118
-130
-139
-145
-150
-153
-155
-158
-161
-165
-170
-175
-181
-186
-190
-192
-191
-187
-179
-167
-150
-128
-103
-74
-44
-13
17
44
68
86
97
101
97
85
67
42
13
-17
-49
-79
-106
-127
-142
-149
-148
-138
-121
-97
-68
-36
-3
27
54
76
91
100
102
98
90
78
63
49
34
21
10
1
-5
-10
-14
-18
-22
-27
-33
-40
-49
-59
-71
-82
-94
-105
-115
-123
-128
-132
-133
-131
-127
-120
-111
-100
-86
-71
-54
-35
-15
5
27
50
72
94
115
135
152
168
180
190
197
200
201
199
194
186
176
163
148
132
114
96
76
56
37
17
0
-18
-34
-48
-60
-69
-74
-76
-75
-69
-59
-46
-30
-11
9
31
53
74
93
108
120
127
127
121
108
89
62
30
-6
-45
-87
-128
-167
-202
-231
-254
-269
-277
-276
-267
-251
-229
-202
-172
-140
-108
-77
-48
-22
-1
16
30
41
49
56
62
68
75
82
90
99
108
116
125
132
137
141
142
142
139
135
128
121
112
103
93
83
73
64
56
50
45
43
44
49
58
71
89
112
139
169
203
238
273
307
337
362
381
392
395
388
373
350
319
283
242
198
153
108
64
21
-17
-55
-89
-122
-153
-183
-212
-243
-274
-306
-339
-372
-405
-438
-468
-495
-519
-538
-553
-562
-567
-566
-561
-551
-538
-523
-504
-484
-461
-437
-411
-383
-352
-318
-281
-241
-197
-150
-100
-49
3
56
107
155
199
237
270
296
315
328
335
337
334
328
318
307
294
281
267
253
239
225
212
198
183
169
153
137
121
104
86
68
51
34
19
5
-6
-16
-23
-27
-28
-25
-20
-11
1
17
36
59
85
113
143
172
201
228
251
268
280
284
281
270
250
