15
28
41
52
61
69
74
78
79
78
74
69
63
57
51
45
42
40
42
46
54
64
77
93
109
126
143
159
173
184
191
195
196
194
190
184
178
171
165
160
156
153
150
147
142
136
126
111
92
68
39
5
-31
-71
-110
-148
-182
-210
-230
-241
-241
-232
-214
-187
-154
-117
-80
-44
-12
13
31
41
41
33
18
-3
-28
-56
-84
-110
-133
-150
-163
-170
-172
-169
-164
-157
-149
-143
-139
-139
-142
-148
-157
-169
-182
-195
-207
-217
-223
-226
-224
-217
-206
-190
-172
-150
-128
-105
-84
-65
-50
-38
-31
-29
-31
-37
-46
-57
-70
-83
-95
-106
-114
-120
-122
-121
-116
-109
-100
-90
-79
-68
-58
-51
-45
-42
-41
-41
-43
-44
-44
-42
-35
-23
-5
20
51
90
135
184
237
291
344
395
442
482
514
537
551
554
546
528
501
465
421
371
316
258
197
136
75
16
-40
-94
-143
-186
-224
-255
-280
-297
-306
-309
-305
-295
-280
-262
-241
-220
-200
-181
-166
-154
-147
-145
-147
-153
-163
-174
-187
-200
-210
-218
-222
-220
-213
-199
-179
-154
-123
-88
-49
-8
32
73
113
149
182
211
234
253
266
275
278
278
272
264
251
234
215
191
165
136
104
70
33
-4
-43
-83
-123
-162
-198
-231
-259
-281
-295
-299
-293
-275
-245
-203
-150
-86
-13
66
149
235
318
398
470
533
586
626
654
669
672
664
645
619
585
547
506
463
420
376
333
292
251
211
172
133
95
58
21
-13
-46
-76
-103
-127
-145
-159
-167
-171
-170
-165
-157
-147
-138
-129
-123
-121
-125
-134
-148
-169
-194
-224
-255
-287
-318
-345
-366
-380
-384
-379
-364
-339
-306
-265
-219
-171
-123
-77
-35
0
27
48
60
66
65
60
52
42
32
24
17
14
14
18
25
35
46
59
72
84
93
100
103
101
95
85
70
52
31
7
-16
-41
-65
-88
-109
-129
-147
-163
-177
-190
-202
-212
-222
-230
-236
-241
-243
-243
-241
-235
-226
-215
-201
-184
-166
-146
-126
-105
-85
-66
-48
-32
-18
-5
6
17
27
36
45
53
61
69
77
83
89
94
98
100
101
100
99
96
92
87
82
76
70
64
59
54
50
47
45
44
44
45
48
50
54
57
59
61
61
59
56
50
43
34
25
16
8
2
0
3
11
24
44
70
100
135
172
210
246
278
304
322
331
328
313
287
249
200
143
80
13
-55
-122
-185
-242
-292
-333
-364
-385
-397
-400
-396
-386
-371
-352
-331
-310
-288
-267
-247
-228
-210
-193
-176
-159
-140
-121
-99
-76
-51
-26
0
27
53
77
99
119
135
148
157
162
163
162
157
150
142
133
123
115
108
103
100
99
102
107
115
126
140
156
174
194
216
238
261
283
304
322
337
348
353
353
345
329
306
274
234
187
133
74
10
-56
-125
-193
-260
-324
-383
-437
-484
-524
-556
-579
-595
-602
-601
-593
-576
-551
-520
-481
-435
-383
-325
-262
-194
-123
-50
23
96
167
233
294
348
393
428
452
466
470
465
451
431
407
379
349
319
290
261
234
207
181
155
129
103
76
48
19
-8
-37
-64
-91
-115
-138
-160
-178
-195
-210
-223
-233
-242
-248
-252
-254
-253
-249
-242
-233
-220
-204
-186
-167
-146
-126
-106
-89
-74
-62
-54
-48
-45
-44
-43
-42
-39
-33
-22
-8
11
35
62
93
125
156
186
211
231
244
250
248
239
223
201
176
148
119
91
65
42
22
7
-4
-11
-14
-14
-12
-7
-2
2
6
9
10
8
3
-3
-13
-26
-40
-55
-71
-86
-100
-112
-123
-131
-137
-142
-144
-145
-145
-144
-142
-140
-138
-135
-131
-126
-117
-105
-89
-68
-41
-8
29
73
121
172
225
278
329
376
417
450
473
485
484
471
444
406
356
297
231
160
87
14
-55
-120
-178
-228
-268
-299
-319
-330
-332
-325
-311
-290
-265
-236
-205
-172
-140
-109
-79
-53
-30
-11
2
12
19
21
20
16
10
3
-4
-12
-19
-25
-30
-32
-33
-32
-30
-27
-24
-21
-18
-17
-18
-20
-23
-26
-29
-31
-31
-28
-23
-14
-3
9
23
36
47
56
59
58
49
35
14
-12
-42
-75
-107
-137
-163
-182
-191
-191
-179
-156
-121
-76
-23
36
101
169
236
301
361
415
460
495
520
534
536
527
507
478
441
397
348
295
240
186
133
85
42
5
-23
-43
-55
-59
-56
-48
-35
-20
-6
6
16
21
21
16
4
-12
-33
-59
-87
-116
-146
-175
-202
-228
-251
-271
-289
-305
-321
-335
-351
-369
-390
-415
-444
-477
-513
-552
-592
-630
-665
-694
-714
-723
-720
-703
-672
-626
-566
-493
-409
-315
-215
-111
-4
101
205
304
397
483
559
626
682
727
760
781
789
785
768
738
697
646
584
515
440
361
279
198
120
46
-21
-80
-130
-169
-197
-213
-218
-212
-196
-171
-139
-102
-62
-21
18
56
89
117
139
155
164
166
164
156
143
127
108
86
62
36
8
-21
-53
-87
-122
-159
-196
-234
-270
-304
-335
-360
-380
-391
-395
-389
-375
-351
-320
-282
-239
-192
-144
-96
-51
-10
25
54
77
93
103
106
104
96
85
69
51
29
5
-21
-50
-82
-115
-150
-185
-220
-252
-280
-301
-315
-318
-308
-285
-247
-195
-130
-52
33
125
220
312
399
476
540
589
622
638
638
621
591
550
499
442
380
317
254
193
135
81
31
-12
-52
-86
-115
-140
-160
-176
-189
-198
-204
-207
-207
-204
-198
-189
-177
-161
-143
-121
-97
-70
-41
-11
20
52
84
115
145
173
198
220
239
253
262
267
268
264
256
245
230
213
193
172
149
124
99
73
46
19
-7
-35
-62
-90
-116
-142
-167
-190
-212
-231
-248
-262
-273
-281
-286
-288
-287
-283
-278
-271
-263
-254
-245
-236
-227
-219
-212
-204
-198
-191
-183
-175
-165
-153
-137
-118
-95
-68
-37
-2
36
77
120
162
203
240
273
300
320
330
332
325
308
284
253
217
178
139
101
67
38
16
0
-7
-10
-6
0
11
23
34
45
54
60
64
65
64
61
58
54
50
46
42
39
35
31
26
18
8
-5
-21
-41
-64
-88
-112
-136
-157
-173
-184
-187
-183
-172
-153
-127
-96
-62
-25
12
50
87
122
157
191
224
258
294
330
368
406
444
480
512
539
558
568
565
550
522
480
424
357
279
194
103
10
-83
-174
-261
-341
-413
-476
-529
-573
-606
-629
-642
-645
-639
-623
-598
-564
-522
-473
-418
-359
-298
-237
-179
-126
-81
-47
-25
-17
-25
-49
-89
-143
-210
-288
-373
-463
-554
-641
-722
-792
-849
-890
-914
-919
-907
-878
-833
-774
-704
-626
-541
-452
-361
-269
-176
-85
6
97
188
280
373
467
561
655
748
838
925
1006
1079
1142
1195
1235
1261
1272
1268
1249
1215
1167
1106
1033
949
857
758
653
545
436
327
220
117
20
-70
-152
-225
-288
-341
-383
-415
-437
-450
-454
-452
-445
-434
-421
-408
-396
-386
-381
-379
-382
-389
-400
-414
-430
-446
-462
-477
-489
-497
-502
-502
-498
-490
-479
-464
-447
-428
-407
-386
-363
-339
-315
-288
-260
-230
-196
-160
-121
-79
-34
11
58
105
150
193
232
266
295
318
335
345
349
348
342
332
319
304
287
270
254
239
227
217
211
210
213
222
236
257
283
315
351
392
436
481
526
568
605
635
656
665
663
646
616
572
516
450
374
291
205
117
30
-53
-131
-202
-265
-317
-360
-391
-412
-424
-426
-420
-406
-387
-364
-337
-308
-278
-247
-217
-187
-159
-133
-109
-88
-69
-53
-40
-29
-21
-15
-11
-7
-4
-1
2
8
16
26
38
53
69
87
106
124
141
155
166
173
175
171
163
150
133
112
89
64
40
16
-5
-25
-41
-55
-65
-72
-76
-78
-78
-78
-78
-78
-80
-84
-89
-97
-106
-118
-130
-144
-158
-171
-184
-197
-208
-218
-226
-233
-238
-241
-243
-243
-241
-236
-230
-220
-208
-193
-175
-154
-130
-104
-77
-49
-21
4
27
46
60
69
73
71
64
54
41
27
14
3
-5
-9
-9
-4
4
17
33
51
70
88
105
120
131
138
141
140
135
128
118
106
95
85
76
70
67
67
70
75
82
90
98
106
113
118
121
121
118
113
106
97
88
78
69
61
55
50
48
48
50
54
58
62
66
69
70
68
63
56
45
32
16
-2
-21
-42
-62
-81
-97
-111
-120
-124
-122
-115
-102
-85
-63
-39
-12
13
38
61
80
93
101
103
100
91
78
62
45
29
15
4
0
0
6
18
34
53
74
93
109
120
124
119
104
79
45
1
-48
-103
-161
-219
-275
-326
-369
-405
-431
-448
-454
-452
-443
-428
-408
-387
-365
-345
-327
-313
-302
-296
-292
-291
-290
-289
-285
-277
-264
-244
-216
-181
-138
-88
-33
25
86
148
207
262
312
356
391
419
437
447
449
443
430
409
381
348
308
262
211
154
93
27
-39
-108
-177
-242
-303
-356
-400
-432
-451
-456
-446
-421
-383
-332
-272
-203
-129
-53
23
97
167
230
285
331
366
389
400
400
387
363
328
283
230
170
104
35
-36
-107
-175
-239
-296
-344
-380
-404
-415
-411
-393
-362
-320
-267
-206
-140
-72
-3
63
126
182
231
271
302
324
336
341
339
332
321
308
294
280
267
255
243
231
219
205
188
168
144
116
84
49
12
-25
-63
-99
-131
-160
-182
-199
-209
-212
-209
-201
-188
-172
-155
-136
-119
-103
-91
-82
-77
-75
-77
-81
-86
-91
-95
-96
-93
-86
-72
-53
-29
0
35
72
110
149
185
217
243
263
275
278
272
258
237
208
175
138
101
64
31
3
-17
-29
-30
-21
-2
26
64
108
156
206
256
301
341
372
394
405
405
393
371
339
300
255
207
159
112
68
31
1
-21
-34
-39
-36
-25
-9
9
31
52
71
85
94
96
89
73
49
16
-24
-70
-121
-175
-229
-281
-330
-374
-412
-442
-463
-474
-476
-467
-449
-420
-382
-336
-283
-224
-161
-96
-31
31
89
140
182
215
236
247
246
235
214
185
150
110
68
25
-16
-55
-91
-122
-148
-170
-187
-200
-210
-217
-221
-223
-223
-220
-214
-205
-193
-177
-156
-133
-105
-76
-45
-13
17
47
73
95
112
123
127
125
117
102
82
58
31
3
-23
-48
-70
-87
-98
-104
-103
-96
-84
-68
-48
-26
-4
18
40
61
80
97
113
127
139
151
163
174
184
194
202
208
211
211
206
196
180
160
134
104
71
36
1
-31
-61
-87
-107
-122
-131
-134
-133
-128
-122
-115
-109
-105
-105
-109
-117
-130
-145
-164
-183
-202
-220
-235
-245
-251
-251
-246
-235
-219
-198
-173
-144
