54
78
101
120
136
146
152
152
147
138
125
108
90
70
50
31
12
-4
-20
-35
-49
-63
-76
-89
-102
-115
-128
-141
-154
-166
-179
-190
-202
-213
-224
-233
-243
-251
-258
-263
-267
-269
-269
-266
-260
-251
-240
-226
-208
-189
-166
-142
-117
-91
-65
-39
-14
8
29
49
66
82
95
107
116
124
131
137
141
145
148
150
152
153
154
154
153
153
152
150
149
147
145
143
141
139
137
134
130
126
122
117
111
105
99
92
85
78
71
65
59
54
48
43
38
33
27
21
14
5
-4
-15
-29
-44
-60
-79
-98
-117
-137
-155
-173
-188
-200
-210
-217
-221
-222
-221
-217
-212
-205
-196
-187
-176
-165
-154
-143
-131
-119
-106
-92
-78
-62
-44
-25
-4
17
41
65
90
114
137
159
178
195
210
221
229
235
237
237
233
228
221
211
201
189
176
163
150
136
123
109
94
80
64
49
33
18
3
-9
-21
-31
-38
-42
-42
-38
-31
-21
-8
6
23
40
56
71
84
94
101
103
101
95
85
72
56
38
20
1
-17
-35
-51
-65
-78
-87
-94
-99
-101
-101
-100
-96
-93
-88
-85
-81
-79
-77
-77
-78
-79
-81
-83
-85
-87
-87
-86
-83
-78
-71
-62
-49
-33
-14
7
31
57
85
113
140
167
192
213
231
243
251
254
250
241
227
208
184
157
128
97
66
34
4
-23
-49
-73
-95
-114
-131
-146
-159
-170
-180
-188
-195
-202
-207
-211
-215
-216
-217
-216
-213
-209
-203
-194
-184
-173
-160
-147
-134
-121
-110
-102
-97
-95
-97
-104
-115
-130
-148
-169
-192
-216
-238
-258
-275
-287
-293
-291
-283
-267
-244
-215
-179
-138
-93
-45
4
56
107
159
208
255
299
339
374
403
426
443
453
457
454
446
433
416
395
372
346
318
289
260
230
200
172
144
117
92
68
46
25
5
-12
-29
-45
-60
-74
-88
-101
-113
-124
-134
-143
-151
-156
-160
-162
-161
-158
-153
-145
-136
-124
-112
-98
-84
-70
-57
-44
-33
-24
-17
-12
-10
-10
-12
-17
-23
-30
-38
-47
-55
-62
-67
-70
-70
-68
-63
-56
-46
-34
-21
-7
6
19
31
42
51
57
61
63
63
62
60
58
56
55
56
59
64
71
80
92
106
120
136
151
166
180
192
201
208
210
209
204
195
182
165
145
122
98
71
44
17
-9
-34
-57
-77
-94
-106
-114
-118
-117
-112
-104
-93
-80
-65
-50
-36
-23
-12
-3
0
1
-2
-11
-26
-45
-69
-98
-130
-166
-204
-243
-283
-321
-357
-390
-419
-444
-463
-475
-481
-480
-471
-455
-432
-401
-364
-320
-271
-217
-159
-98
-34
31
97
163
228
290
349
404
453
495
530
557
575
584
584
575
557
532
499
461
417
369
318
265
212
159
108
58
12
-32
-73
-111
-146
-179
-209
-236
-260
-281
-299
-313
-322
-327
-327
-321
-310
-293
-271
-243
-211
-174
-135
-94
-52
-11
26
61
92
117
137
150
156
157
151
140
124
105
82
58
32
5
-20
-45
-68
-89
-107
-121
-133
-141
-146
-149
-148
-146
-142
-136
-130
-122
-114
-106
-98
-90
-82
-74
-67
-61
-55
-51
-47
-44
-41
-38
-35
-31
-26
-19
-10
0
14
30
49
71
94
118
143
168
192
214
235
252
266
276
283
285
284
278
269
257
242
225
207
187
168
150
133
118
105
95
87
81
77
75
75
76
78
81
84
87
89
91
91
90
88
83
77
69
60
50
39
28
18
7
-1
-10
-18
-25
-32
-38
-44
-50
-55
-61
-66
-72
-78
-84
-90
-97
-104
-111
-118
-126
-133
-139
-145
-149
-152
-153
-152
-148
-143
-137
-128
-119
-109
-98
-89
-80
-73
-68
-67
-70
-77
-88
-105
-126
-152
-181
-212
-245
-277
-307
-332
-352
-364
-368
-362
-346
-320
-286
-245
-198
-146
-93
-40
10
57
100
138
170
197
219
237
252
266
280
294
310
327
347
367
388
409
426
440
448
449
442
427
402
369
329
282
231
176
121
65
12
-36
-82
-123
-158
-188
-213
-233
-249
-262
-272
-279
-285
-291
-295
-299
-302
-305
-307
-306
-304
-298
-288
-274
-256
-233
-206
-175
-141
-104
-66
-28
8
44
77
107
133
156
175
190
201
209
214
216
216
213
208
201
193
182
169
154
137
118
97
74
51
27
3
-19
-40
-59
-74
-86
-93
-96
-96
-92
-87
-80
-74
-70
-68
-70
-75
-85
-99
-115
-134
-153
-172
-189
-203
-213
-217
-215
-208
-194
-174
-149
-119
-86
-50
-13
23
58
92
122
148
169
186
198
205
207
204
198
188
175
159
142
124
105
87
69
54
40
31
25
23
26
34
47
65
86
110
136
162
187
209
227
240
247
246
237
221
198
168
132
93
51
9
-30
-67
-99
-123
-140
-147
-145
-133
-112
-82
-46
-6
36
80
120
156
185
204
213
212
199
175
141
99
51
0
-54
-107
-156
-199
-234
-260
-277
-284
-281
-270
-253
-231
-208
-184
-163
-146
-134
-129
-129
-136
-147
-163
-182
-203
-224
-245
-264
-282
-296
-308
-316
-322
-324
-323
-320
-315
-307
-297
-284
-269
-251
-230
-205
-175
-139
-99
-52
-1
55
116
180
245
309
372
430
482
526
561
586
600
603
595
578
552
518
480
437
393
348
304
262
223
187
154
123
94
67
40
14
-12
-39
-68
-96
-125
-154
-182
-207
-230
-249
-264
-274
-279
-278
-273
-262
-248
-230
-210
-188
-165
-142
-120
-100
-82
-66
-53
-44
-38
-35
-35
-38
-41
-46
-52
-57
-61
-64
-65
-65
-63
-60
-55
-48
-41
-33
-25
-18
-12
-7
-5
-4
-7
-11
-17
-25
-34
-42
-50
-55
-59
-59
-56
-49
-39
-25
-9
7
26
45
63
80
94
107
116
122
125
126
125
123
120
117
115
115
117
121
128
137
148
160
174
187
199
210
218
224
226
224
218
208
194
175
153
127
99
69
39
8
-21
-50
-76
-99
-118
-134
-146
-154
-159
-160
-159
-155
-150
-144
-138
-133
-128
-124
-122
-122
-123
-125
-128
-132
-137
-142
-147
-152
-156
-159
-161
-161
-158
-154
-147
-137
-124
-109
-91
-71
-49
-26
-2
21
46
70
92
113
132
149
163
174
181
186
187
184
179
171
160
147
132
117
101
85
70
57
47
38
33
31
31
34
40
46
54
62
69
74
77
78
75
69
60
48
33
16
-2
-21
-41
-61
-79
-96
-109
-120
-126
-129
-128
-124
-116
-105
-93
-80
-67
-56
-46
-39
-36
-37
-41
-50
-62
-77
-93
-109
-124
-136
-143
-145
-140
-129
-110
-85
-54
-18
19
58
96
130
158
180
193
197
191
175
150
117
77
33
-13
-59
-104
-144
-179
-205
-223
-232
-231
-221
-203
-178
-149
-116
-82
-48
-16
13
39
61
80
96
108
118
126
131
135
138
139
138
136
132
126
118
108
97
84
71
57
44
31
19
8
0
-6
-11
-14
-14
-13
-11
-7
-3
1
6
12
18
24
31
40
49
60
71
84
98
111
125
137
147
155
159
159
155
145
131
110
84
53
18
-21
-63
-107
-150
-192
-229
-261
-286
-303
-311
-308
-297
-276
-248
-213
-174
-133
-91
-52
-17
11
33
48
55
54
47
35
19
1
-17
-35
-50
-62
-71
-75
-75
-72
-67
-60
-52
-44
-37
-32
-28
-28
-29
-33
-38
-44
-50
-54
-58
-58
-56
-50
-40
-26
-8
11
33
57
81
105
127
147
163
176
185
191
192
190
184
176
165
152
139
124
110
95
81
67
54
41
28
15
1
-11
-25
-39
-53
-67
-79
-89
-97
-102
-103
-100
-93
-82
-68
-50
-30
-9
13
35
57
77
96
111
125
135
143
148
151
152
150
147
140
132
120
104
85
62
36
6
-26
-61
-96
-132
-165
-196
-223
-244
-260
-268
-270
-264
-252
-234
-211
-185
-156
-127
-98
-71
-47
-26
-9
4
14
22
27
32
35
39
43
49
56
64
74
84
94
104
113
120
124
126
124
120
112
102
90
77
64
52
40
32
25
22
22
25
31
40
53
67
84
103
122
142
162
180
197
211
222
229
231
230
224
213
199
180
157
131
102
71
38
3
-32
-68
-105
-141
-175
-208
-239
-267
-291
-311
-327
-337
-342
-342
-336
-326
-312
-294
-275
-253
-232
-211
-191
-172
-156
-142
-129
-119
-109
-99
-89
-78
-66
-51
-35
-16
4
27
50
73
97
118
138
156
171
183
191
196
199
198
196
191
185
179
171
164
157
150
144
138
132
127
121
116
109
102
94
84
73
59
44
27
9
-10
-29
-49
-68
-85
-101
-114
-124
-131
-136
-137
-135
-130
-122
-112
-101
-88
-75
-61
-47
-34
-22
-12
-4
0
3
2
-1
-9
-20
-35
-51
-70
-89
-107
-122
-135
-142
-144
-139
-126
-104
-75
-38
5
54
108
163
219
273
323
367
404
432
451
459
458
448
429
403
370
334
293
251
209
166
125
86
50
16
-13
-41
-66
-89
-110
-129
-148
-166
-184
-201
-218
-234
-248
-261
-271
-279
-282
-283
-279
-272
-263
-251
-239
-226
-216
-207
-203
-204
-211
-225
-247
-276
-312
-355
-403
-456
-510
-564
-615
-660
-697
-723
-736
-734
-716
-682
-633
-568
-489
-399
-299
-192
-81
32
145
255
361
461
553
637
710
772
823
862
888
902
905
895
875
846
808
764
714
661
606
551
497
444
394
348
304
264
226
190
156
122
89
54
18
-19
-58
-98
-139
-181
-222
-261
-299
-333
-364
-391
-414
-432
-445
-453
-457
-456
-451
-441
-429
-413
-394
-373
-350
-325
-300
-274
-247
-220
-194
-168
-143
-119
-96
-76
-57
-42
-28
-18
-10
-4
0
1
2
4
6
9
13
20
30
42
58
77
99
124
150
178
205
232
257
278
297
311
322
328
330
329
325
319
310
300
288
276
263
250
237
224
211
199
187
175
162
149
135
119
102
84
64
42
20
-2
-26
-49
-71
-92
-110
-125
-138
-147
-153
-154
-153
-147
-139
-127
-112
-96
-77
-57
-36
-14
7
28
48
66
83
96
107
113
116
113
106
93
75
52
23
-8
-45
-84
-124
-164
-202
-237
-268
-293
-310
-320
-321
-314
-297
-273
-241
-203
-160
-112
-63
-12
37
84
129
169
204
233
255
271
280
282
278
268
253
233
209
182
151
117
81
43
4
-34
-73
-111
-148
-182
-213
-241
-265
-284
-299
-309
-315
-315
-311
-303
-292
-276
-259
-239
-219
-199
-180
-162
-146
-131
-118
-107
-97
-88
-80
-71
-62
-53
-44
-35
-26
-17
-10
-3
1
6
9
12
15
18
22
28
37
48
62
80
102
126
151
178
203
226
245
258
265
264
256
240
217
188
155
119
81
45
11
-17
