471
481
484
479
466
444
412
372
323
266
202
133
60
-14
-88
-159
-225
-284
-334
-373
-400
-415
-418
-408
-388
-358
-321
-277
-230
-182
-134
-90
-50
-16
9
26
35
35
25
7
-18
-52
-91
-136
-185
-236
-288
-340
-389
-435
-476
-510
-536
-554
-561
-558
-545
-521
-486
-441
-386
-322
-250
-171
-86
4
98
194
291
386
478
566
646
717
777
826
862
884
891
884
863
829
784
728
665
597
525
453
383
317
257
203
157
119
88
63
44
28
16
4
-6
-19
-33
-50
-69
-90
-112
-136
-161
-187
-213
-239
-267
-295
-324
-356
-390
-426
-465
-507
-551
-596
-641
-684
-725
-761
-790
-811
-823
-823
-810
-785
-747
-696
-634
-562
-480
-393
-301
-208
-115
-24
61
142
216
282
340
390
432
466
492
511
523
528
528
522
512
497
478
457
434
409
384
359
335
313
293
278
268
265
268
279
297
323
355
392
431
469
504
532
551
556
546
518
471
405
321
219
104
-20
-152
-286
-416
-538
-648
-743
-818
-872
-904
-913
-902
-870
-820
-755
-677
-590
-497
-400
-303
-207
-116
-31
45
113
171
219
255
280
294
295
284
262
227
180
123
55
-20
-103
-191
-281
-370
-455
-532
-599
-651
-688
-706
-704
-683
-642
-582
-506
-416
-316
-208
-97
13
121
223
316
400
472
533
582
621
650
669
680
683
679
669
651
627
597
561
519
471
419
364
306
248
190
135
83
37
-3
-36
-63
-81
-93
-97
-96
-90
-80
-67
-53
-38
-24
-11
1
12
23
32
41
50
59
67
76
85
93
101
109
116
122
128
133
138
144
150
159
169
182
197
215
236
257
279
300
317
329
334
331
317
292
256
208
149
81
6
-74
-158
-242
-323
-399
-467
-525
-571
-605
-625
-632
-627
-610
-584
-550
-510
-467
-423
-379
-336
-296
-260
-227
-199
-175
-155
-138
-125
-115
-107
-102
-99
-97
-96
-96
-98
-100
-102
-104
-106
-107
-107
-105
-102
-95
-85
-71
-52
-27
4
43
90
145
207
277
352
430
510
587
660
723
774
809
826
824
801
757
694
613
516
407
290
169
46
-72
-184
-286
-375
-449
-506
-546
-569
-574
-563
-537
-496
-443
-380
-308
-231
-149
-66
16
96
172
241
303
356
398
430
449
456
451
434
406
366
316
258
193
122
47
-28
-103
-177
-247
-311
-370
-422
-468
-507
-541
-571
-597
-621
-643
-664
-685
-705
-724
-741
-754
-762
-765
-759
-744
-719
-683
-636
-579
-511
-436
-355
-270
-183
-97
-15
61
131
194
249
295
334
365
391
411
428
441
453
463
473
481
489
497
504
509
513
515
515
512
507
499
489
476
461
443
422
397
368
334
295
251
199
142
79
10
-61
-136
-210
-283
-350
-411
-461
-500
-526
-536
-530
-509
-472
-421
-358
-285
-204
-119
-33
51
131
204
269
323
366
398
419
428
427
417
399
374
343
309
273
237
201
166
135
107
83
63
48
36
28
23
22
22
24
26
29
32
33
33
30
23
12
-1
-20
-42
-68
-97
-127
-158
-189
-217
-242
-262
-277
-285
-286
-279
-264
-242
-214
-180
-143
-104
-64
-25
9
41
66
86
98
104
102
95
82
65
45
25
5
-13
-28
-40
-48
-53
-55
-55
-53
-52
-52
-54
-58
-65
-73
-83
-92
-100
-104
-104
-97
-84
-63
-34
1
43
89
138
187
234
277
313
342
361
371
371
362
345
321
291
258
223
188
154
122
93
67
45
25
8
-6
-19
-32
-44
-57
-69
-82
-95
-109
-122
-134
-145
-155
-163
-170
-174
-176
-176
-174
-171
-166
-160
-153
-146
-139
-132
-125
-119
-115
-111
-109
-107
-107
-106
-105
-104
-101
-97
-90
-81
-70
-56
-39
-19
2
25
50
76
102
127
151
172
190
205
216
223
227
228
227
223
217
210
202
194
184
173
161
148
134
118
101
83
63
42
20
-2
-25
-49
-73
-97
-120
-143
-164
-184
-201
-217
-230
-241
-249
-255
-259
-262
-263
-263
-263
-261
-259
-255
-251
-245
-238
-229
-218
-205
-191
-175
-158
-140
-122
-103
-84
-67
-50
-35
-22
-12
-4
1
3
4
1
-2
-8
-15
-22
-29
-35
-38
-37
-33
-25
-12
5
27
53
82
112
143
174
203
229
251
268
280
287
287
281
269
251
229
203
173
141
107
72
37
1
-32
-65
-97
-125
-149
-169
-183
-190
-189
-181
-166
-143
-114
-81
-44
-6
30
65
95
119
135
143
144
136
121
100
74
45
16
-10
-35
-55
-70
-78
-79
-75
-65
-52
-37
-21
-6
5
13
17
16
11
2
-10
-24
-39
-54
-68
-80
-89
-95
-97
-95
-90
-81
-70
-56
-42
-26
-11
3
17
29
40
50
60
70
81
94
109
128
149
174
200
228
255
280
300
315
321
319
306
283
249
207
157
101
41
-20
-81
-139
-192
-240
-280
-312
-334
-348
-352
-347
-334
-314
-287
-255
-218
-179
-138
-97
-56
-17
17
49
77
99
116
127
131
131
124
114
100
84
68
52
38
27
20
17
19
27
39
57
78
103
131
159
188
215
240
260
275
284
285
280
267
248
223
195
163
130
98
68
41
19
1
-11
-18
-21
-20
-16
-9
-2
4
9
11
8
0
-13
-35
-63
-99
-141
-188
-239
-291
-344
-394
-440
-478
-507
-525
-532
-525
-507
-476
-435
-387
-332
-274
-215
-159
-106
-58
-15
19
50
75
97
116
135
153
172
193
213
234
253
268
278
281
275
259
234
200
158
110
60
11
-34
-74
-105
-127
-138
-139
-132
-118
-100
-80
-62
-47
-36
-32
-32
-38
-47
-58
-67
-72
-72
-63
-44
-14
26
77
136
202
270
337
399
452
493
518
526
516
487
440
379
305
222
136
48
-34
-111
-178
-233
-275
-304
-322
-328
-327
-319
-308
-296
-285
-276
-272
-271
-274
-279
-286
-291
-294
-292
-285
-270
-247
-217
-179
-134
-85
-33
20
73
124
170
212
247
275
296
310
316
316
310
298
281
259
232
202
169
133
94
55
15
-25
-64
-102
-138
-170
-198
-221
-238
-248
-250
-243
-228
-205
-173
-135
-91
-42
8
60
111
159
202
240
270
292
306
310
306
294
274
247
214
177
137
95
53
12
-25
-59
-88
-112
-129
-141
-146
-145
-139
-129
-114
-97
-77
-56
-34
-13
6
24
40
53
63
69
73
75
74
72
68
64
58
53
47
40
34
27
21
15
9
5
1
0
0
1
5
10
18
26
35
43
49
53
54
52
45
34
20
3
-14
-33
-51
-65
-76
-81
-80
-72
-59
-39
-15
12
43
75
106
135
162
185
204
218
228
233
233
228
218
202
181
154
121
82
37
-12
-66
-123
-183
-243
-301
-358
-410
-457
-497
-531
-556
-572
-580
-578
-569
-551
-525
-493
-454
-410
-362
-312
-259
-206
-155
-106
-61
-21
12
39
58
70
74
72
65
53
40
26
13
4
0
0
4
15
30
48
67
86
101
111
115
112
101
82
56
25
-9
-44
-78
-109
-133
-150
-157
-153
-138
-111
-74
-27
28
90
157
227
297
366
432
493
547
594
631
659
676
681
675
658
629
591
543
488
426
360
290
218
147
76
7
-57
-118
-175
-227
-273
-313
-348
-377
-401
-420
-434
-445
-453
-457
-460
-460
-459
-457
-453
-448
-441
-432
-421
-407
-390
-370
-347
-321
-292
-261
-229
-196
-163
-131
-101
-73
-47
-23
-3
15
31
46
61
74
87
101
115
129
144
160
176
191
207
222
237
250
261
271
279
285
289
291
292
293
292
291
290
289
288
286
282
278
271
262
251
239
225
210
195
181
169
159
152
148
146
148
151
156
162
167
171
173
172
167
158
145
127
106
83
57
32
6
-17
-39
-59
-76
-92
-106
-120
-133
-146
-160
-174
-188
-202
-215
-225
-233
-237
-238
-233
-225
-212
-195
-175
-153
-129
-104
-80
-57
-37
-20
-6
2
7
9
6
0
-9
-21
-36
-52
-70
-88
-107
-126
-144
-160
-174
-184
-191
-194
-191
-183
-170
-151
-128
-100
-70
-38
-6
24
51
74
90
100
101
94
79
57
28
-4
-42
-81
-121
-159
-195
-227
-253
-273
-286
-291
-287
-276
-257
-231
-198
-160
-118
-73
-27
18
63
105
144
178
208
232
250
262
268
269
265
257
246
233
219
206
195
186
181
180
183
189
199
211
224
236
246
253
254
249
237
216
187
149
103
51
-6
-67
-129
-190
-246
-296
-338
-370
-391
-400
-397
-383
-360
-329
-291
-251
-209
-168
-131
-99
-74
-55
-43
-37
-36
-38
-42
-44
-44
-39
-30
-15
4
28
56
85
114
142
166
185
199
207
209
206
198
186
171
155
138
121
104
87
71
53
35
14
-8
-34
-63
-96
-130
-165
-200
-232
-261
-283
-298
-305
-302
-288
-264
-230
-186
-134
-74
-7
63
137
212
286
356
421
478
526
563
588
601
601
588
565
532
492
445
395
342
288
234
181
130
83
38
-1
-38
-70
-97
-121
-140
-155
-167
-176
-183
-187
-190
-192
-194
-196
-198
-201
-205
-209
-213
-218
-224
-229
-234
-239
-244
-247
-250
-252
-251
-249
-243
-235
-224
-209
-192
-172
-151
-128
-105
-83
-61
-42
-25
-12
-1
6
10
12
11
8
3
-2
-8
-14
-19
-23
-26
-27
-27
-24
-20
-15
-8
-1
7
16
27
38
50
64
78
92
106
120
132
142
148
150
147
137
122
100
71
37
-1
-43
-88
-133
-177
-219
-255
-286
-309
-324
-329
-326
-313
-292
-263
-228
-187
-141
-93
-43
5
54
101
144
184
220
250
276
297
312
322
327
326
320
309
293
273
250
223
195
165
134
103
73
44
16
-9
-34
-57
-77
-96
-112
-124
-134
-140
-142
-141
-136
-129
-119
-108
-96
-84
-72
-62
-53
-45
-40
-36
-34
-34
-34
-35
-36
-37
-37
-36
-35
-33
-31
-28
-26
-25
-25
-26
-30
-35
-43
-52
-64
-76
-88
-99
-109
-117
-121
-122
-118
-109
-96
-78
-56
-31
-3
24
53
81
106
128
147
162
172
178
179
177
172
164
154
143
132
121
110
101
94
89
85
84
85
88
92
97
103
110
117
124
132
141
151
161
173
185
197
209
219
228
233
234
231
223
209
190
166
138
105
70
33
-4
-42
-78
-113
-145
-173
-198
-218
-233
-245
-252
-256
-256
-254
-250
-245
-240
-235
-231
-229
-229
-230
-232
-235
-239
-241
-242
-240
-236
-228
-216
-200
-182
-162
-140
-118
-96
-76
-59
-45
-35
-29
-26
-27
-30
-35
-41
-47
-51
-53
-51
-45
-34
-19
1
27
57
90
124
160
194
226
255
279
298
311
319
321
319
313
304
294
284
274
266
260
257
254
253
251
246
238
