222
377
528
671
800
910
995
1052
1079
1074
1037
969
873
753
614
463
304
146
-6
-148
-273
-378
-460
-517
-549
-556
-541
-506
-456
-394
-325
-254
-184
-121
-67
-24
5
20
22
10
-14
-49
-92
-142
-196
-251
-305
-355
-399
-435
-462
-479
-484
-478
-461
-436
-404
-367
-329
-292
-259
-233
-216
-208
-211
-223
-243
-268
-295
-320
-338
-345
-338
-312
-266
-199
-112
-7
113
245
383
521
655
779
889
981
1052
1101
1127
1131
1114
1077
1024
957
880
796
708
618
529
444
363
288
220
159
104
56
14
-23
-56
-87
-117
-147
-179
-213
-250
-292
-336
-384
-432
-481
-527
-569
-603
-629
-643
-646
-635
-611
-574
-525
-465
-396
-321
-242
-160
-80
-1
71
138
198
248
289
320
339
348
346
334
313
283
245
200
151
98
44
-10
-64
-115
-162
-204
-239
-267
-287
-298
-301
-295
-282
-261
-234
-202
-166
-128
-90
-53
-18
13
40
63
81
94
104
111
116
121
126
131
138
145
154
163
171
178
182
182
178
169
154
134
109
81
51
20
-9
-36
-58
-75
-84
-87
-81
-68
-49
-24
4
36
69
102
133
162
187
207
221
230
231
226
214
195
170
138
100
56
8
-44
-100
-159
-218
-278
-337
-393
-446
-494
-536
-571
-600
-622
-636
-643
-643
-636
-622
-601
-574
-539
-497
-446
-386
-316
-236
-144
-40
75
202
339
484
635
788
939
1082
1212
1324
1413
1473
1502
1496
1454
1377
1266
1125
959
774
575
370
165
-33
-221
-393
-546
-677
-787
-874
-940
-987
-1016
-1031
-1033
-1025
-1009
-986
-956
-920
-879
-832
-779
-721
-658
-590
-519
-447
-376
-306
-240
-179
-125
-77
-36
0
28
53
75
94
113
131
150
170
190
210
231
250
268
284
297
307
314
318
320
320
319
319
320
321
325
330
335
342
348
352
354
353
348
338
323
303
279
250
218
183
146
109
72
37
4
-24
-49
-68
-83
-91
-94
-91
-83
-69
-50
-28
-3
23
50
75
98
118
133
143
149
150
149
145
142
139
140
145
155
171
192
219
249
281
313
342
366
381
386
377
354
315
261
192
109
15
-86
-194
-304
-413
-519
-620
-713
-799
-876
-944
-1004
-1055
-1097
-1131
-1156
-1172
-1179
-1174
-1158
-1129
-1087
-1030
-959
-874
-776
-665
-545
-416
-283
-147
-12
118
244
362
470
567
654
730
796
851
897
933
961
981
992
996
992
980
960
934
901
861
816
765
709
649
584
516
443
368
290
210
130
51
-26
-100
-170
-233
-289
-336
-373
-400
-417
-424
-422
-413
-398
-379
-358
-337
-317
-300
-287
-279
-275
-277
-284
-294
-308
-324
-343
-361
-379
-396
-410
-421
-427
-426
-419
-403
-378
-344
-299
-245
-181
-110
-32
49
132
214
292
363
425
475
513
537
550
550
540
521
496
466
434
401
368
336
305
275
246
216
187
156
125
92
60
27
-4
-35
-63
-88
-109
-127
-140
-149
-154
-155
-154
-151
-147
-143
-141
-140
-143
-150
-161
-179
-201
-229
-262
-299
-339
-380
-420
-457
-489
-512
-525
-524
-510
-479
-432
-369
-291
-200
-100
6
115
222
323
415
493
557
603
631
642
636
615
581
539
491
440
391
346
307
277
256
243
239
241
249
261
274
287
298
307
312
314
311
305
294
278
257
230
196
154
102
39
-34
-119
-215
-321
-432
-545
-656
-758
-847
-915
-958
-969
-947
-888
-792
-662
-501
-315
-109
106
325
539
741
924
1082
1212
1309
1372
1399
1389
1341
1257
1138
985
802
593
361
114
-143
-403
-660
-905
-1132
-1334
-1507
-1647
-1750
-1816
-1845
-1838
-1798
-1728
-1632
-1515
-1383
-1238
-1086
-931
-775
-622
-474
-331
-196
-69
48
157
257
346
426
495
555
605
646
679
704
722
734
742
745
744
740
734
725
714
701
684
665
643
617
588
555
520
481
440
397
352
305
257
207
157
106
54
4
-44
-91
-133
-170
-200
-221
-233
-234
-225
-205
-175
-136
-91
-42
6
53
94
127
147
153
145
121
81
29
-33
-104
-178
-252
-322
-384
-435
-472
-494
-500
-489
-464
-425
-375
-315
-249
-179
-108
-39
27
88
143
191
232
265
291
310
322
327
327
322
313
300
283
264
243
220
196
170
144
116
86
56
24
-9
-44
-81
-119
-158
-197
-237
-277
-317
-355
-391
-425
-455
-481
-500
-514
-520
-519
-509
-490
-463
-428
-384
-332
-272
-206
-133
-54
30
118
209
302
394
484
568
645
711
764
803
824
828
813
780
731
667
591
507
418
328
240
158
84
19
-33
-75
-106
-127
-139
-144
-143
-138
-129
-119
-109
-98
-87
-77
-67
-57
-49
-41
-34
-28
-23
-19
-18
-18
-21
-26
-33
-44
-57
-74
-94
-116
-140
-165
-191
-214
-235
-250
-258
-258
-248
-227
-195
-153
-102
-43
20
85
149
207
257
294
316
320
306
273
221
154
73
-15
-110
-205
-295
-376
-444
-496
-531
-546
-542
-521
-483
-433
-373
-308
-241
-175
-115
-61
-16
18
44
60
68
68
62
51
36
16
-5
-30
-58
-87
-117
-147
-175
-199
-216
-225
-223
-207
-178
-134
-76
-4
79
171
270
371
470
563
648
719
775
814
833
832
812
773
717
644
559
462
358
247
134
20
-91
-199
-300
-393
-475
-546
-604
-648
-678
-693
-695
-684
-662
-630
-589
-543
-492
-439
-385
-331
-278
-227
-177
-129
-83
-39
3
44
83
120
152
181
205
223
235
241
241
235
225
210
193
175
157
141
127
117
111
109
111
117
125
136
146
156
164
169
171
170
164
155
144
130
114
97
79
61
41
20
-2
-27
-54
-83
-112
-142
-170
-196
-216
-230
-236
-233
-221
-199
-168
-130
-85
-37
13
63
111
155
193
224
248
263
271
272
268
258
245
230
213
196
180
164
148
131
114
93
70
41
7
-33
-81
-136
-197
-263
-334
-405
-475
-540
-597
-641
-671
-682
-672
-640
-586
-511
-415
-304
-181
-51
79
204
317
412
485
532
550
540
503
443
365
275
180
89
8
-54
-95
-109
-94
-51
16
107
214
331
450
565
667
752
814
848
855
832
782
707
611
498
374
244
113
-14
-134
-244
-340
-422
-488
-537
-572
-591
-596
-589
-572
-545
-511
-472
-429
-386
-343
-302
-264
-231
-203
-180
-162
-149
-140
-133
-128
-125
-121
-117
-111
-104
-96
-88
-78
-69
-61
-54
-48
-42
-37
-32
-26
-18
-6
8
27
50
77
107
138
169
198
225
246
261
268
267
258
241
216
185
149
109
68
28
-9
-42
-69
-89
-101
-103
-96
-80
-54
-20
21
69
122
177
233
289
340
387
426
456
476
485
483
469
445
411
369
321
268
213
157
101
46
-6
-57
-106
-153
-199
-245
-291
-336
-381
-425
-468
-508
-545
-577
-602
-620
-630
-631
-623
-607
-585
-557
-526
-494
-463
-437
-416
-403
-399
-402
-413
-431
-452
-474
-494
-509
-515
-510
-490
-454
-402
-332
-247
-148
-37
81
204
329
451
566
671
764
842
904
948
976
987
983
964
933
892
843
788
731
672
615
561
511
465
425
389
356
326
297
267
234
198
156
109
55
-4
-71
-142
-218
-295
-374
-451
-525
-594
-655
-707
-747
-774
-786
-783
-763
-726
-672
-601
-515
-416
-307
-192
-74
41
149
246
326
386
424
437
427
393
339
268
184
92
-3
-99
-190
-274
-348
-412
-463
-503
-532
-551
-559
-559
-550
-534
-509
-476
-435
-386
-328
-263
-190
-112
-28
56
143
227
308
382
447
502
544
574
590
591
579
553
515
465
406
339
266
190
112
34
-38
-106
-166
-215
-251
-272
-277
-266
-237
-193
-135
-64
14
99
185
268
344
409
460
494
509
504
479
435
373
296
206
108
5
-98
-200
-296
-383
-460
-525
-578
-619
-648
-669
-681
-686
-686
-683
-676
-665
-651
-632
-606
-573
-531
-478
-413
-335
-245
-145
-35
81
200
319
434
539
634
713
777
824
855
870
872
864
849
828
806
783
762
743
725
709
694
677
658
636
608
574
532
483
424
357
281
197
105
7
-97
-205
-316
-428
-537
-641
-739
-826
-900
-959
-1001
-1023
-1025
-1007
-970
-914
-844
-762
-673
-580
-487
-400
-322
-255
-202
-163
-139
-129
-130
-140
-156
-172
-186
-193
-190
-173
-140
-90
-22
60
157
263
376
489
599
699
785
854
901
926
926
903
858
793
711
616
511
400
286
174
66
-33
-122
-200
-262
-309
-337
-346
-336
-306
-256
-188
-104
-6
102
216
332
444
548
637
708
757
781
780
752
699
624
529
418
296
167
34
-98
-227
-351
-466
-573
-668
-752
-824
-882
-925
-953
-963
-954
-926
-876
-805
-714
-604
-478
-338
-190
-39
108
248
372
475
554
604
624
615
579
518
439
347
249
152
62
-15
-75
-116
-137
-137
-120
-88
-47
-2
42
81
109
123
121
102
67
16
-45
-116
-191
-266
-335
-397
-446
-481
-501
-505
-494
-469
-434
-390
-341
-289
-238
-188
-142
-99
-60
-24
10
46
83
123
166
213
264
317
371
423
471
513
547
569
579
574
554
520
471
410
337
257
170
81
-7
-94
-176
-250
-317
-373
-419
-455
-479
-493
-496
-489
-472
-447
-414
-374
-329
-280
-228
-174
-119
-65
-13
36
83
126
164
196
223
243
257
265
266
261
250
233
211
185
155
123
89
55
22
-8
-35
-58
-75
-86
-90
-88
-79
-64
-45
-23
1
26
50
73
92
108
120
127
129
127
121
111
98
83
66
47
28
9
-10
-31
-52
-74
-98
-124
-151
-181
-212
-244
-277
-309
-339
-365
-386
-402
-411
-413
-406
-390
-366
-334
-295
-250
-199
-145
-89
-31
25
80
133
183
228
269
303
332
354
368
373
371
359
339
310
273
230
182
131
79
28
-19
-62
-98
-125
-142
-149
-145
-131
-109
-80
-45
-8
29
65
98
125
146
160
166
166
159
147
131
112
91
70
51
33
17
5
-3
-9
-13
-13
-12
-10
-6
-3
0
2
4
5
4
3
1
-1
-4
-7
-10
-13
-15
-18
-20
-24
-29
-36
-46
-59
-76
-96
-119
-146
-176
-207
-238
-268
-296
-319
-337
-347
-350
-343
-327
-302
-269
-228
-181
-130
-78
-25
25
71
112
146
172
191
202
208
208
205
201
197
194
193
196
202
212
225
240
257
274
290
305
317
327
333
336
335
331
324
314
303
289
274
257
239
219
197
173
147
119
89
57
23
-10
-45
-80
-113
-144
-171
-195
-214
-229
-239
-245
-246
-243
-237
-228
-216
-203
-188
-173
-158
-143
-130
-118
-109
-102
-98
-97
-100
-105
-113
-122
-132
-142
-149
-154
-155
-151
-142
-128
-108
-83
-55
-24
6
37
66
93
115
133
147
157
162
165
166
166
167
171
178
189
205
227
254
284
316
348
377
399
413
414
