-203
-288
-372
-452
-523
-581
-622
-643
-642
-617
-569
-499
-408
-301
-182
-55
74
200
319
427
519
593
650
687
707
711
701
680
651
616
579
541
503
468
435
406
380
357
336
317
300
284
267
250
231
210
187
161
132
99
62
22
-21
-69
-119
-172
-226
-279
-331
-379
-421
-457
-484
-500
-505
-497
-478
-446
-404
-352
-293
-228
-161
-93
-26
36
93
145
189
226
257
280
299
313
323
332
338
343
347
349
350
349
345
337
323
304
279
246
205
157
102
40
-25
-96
-167
-238
-305
-368
-424
-471
-508
-536
-553
-561
-560
-552
-538
-522
-504
-487
-472
-461
-456
-455
-460
-467
-477
-485
-489
-487
-474
-447
-405
-345
-268
-173
-61
62
196
336
476
610
734
843
931
995
1032
1041
1022
974
901
806
693
567
431
293
156
25
-95
-202
-294
-366
-420
-453
-466
-460
-437
-398
-347
-285
-215
-140
-62
15
92
167
238
304
364
418
464
502
531
550
559
557
545
523
490
449
401
347
289
229
170
113
62
17
-18
-47
-67
-80
-88
-93
-99
-108
-123
-147
-183
-231
-291
-363
-446
-536
-631
-726
-819
-905
-983
-1049
-1101
-1140
-1163
-1173
-1169
-1154
-1129
-1096
-1055
-1010
-960
-907
-849
-789
-723
-653
-577
-493
-402
-302
-195
-79
43
172
304
437
568
695
814
922
1017
1096
1157
1200
1223
1229
1217
1191
1152
1104
1048
989
928
867
808
751
697
646
596
547
499
450
400
347
293
236
178
119
60
2
-53
-104
-150
-190
-224
-252
-274
-291
-304
-316
-327
-339
-352
-366
-383
-400
-417
-434
-447
-457
-461
-458
-448
-430
-405
-373
-335
-293
-248
-203
-159
-118
-81
-49
-23
-1
15
29
42
55
69
86
106
128
153
177
201
220
234
239
235
219
190
151
100
41
-24
-94
-163
-229
-288
-336
-370
-389
-389
-371
-334
-280
-210
-128
-36
61
161
261
355
442
520
586
639
679
707
721
724
717
699
672
637
592
539
476
404
321
227
121
5
-122
-258
-401
-548
-696
-840
-977
-1101
-1208
-1294
-1355
-1389
-1394
-1369
-1315
-1233
-1127
-1000
-858
-704
-544
-383
-225
-74
67
197
316
423
520
608
689
764
836
904
970
1033
1092
1145
1190
1225
1247
1255
1247
1222
1180
1122
1048
961
863
757
647
534
423
315
211
114
24
-59
-136
-209
-277
-343
-407
-471
-536
-603
-670
-739
-807
-873
-934
-988
-1033
-1064
-1080
-1077
-1054
-1010
-944
-856
-750
-627
-492
-348
-201
-56
82
210
322
417
490
542
571
578
565
534
487
428
359
284
207
129
54
-17
-84
-144
-197
-244
-282
-313
-336
-350
-356
-352
-339
-317
-285
-245
-197
-144
-86
-26
32
88
138
180
212
234
245
245
237
221
201
179
157
138
124
116
115
121
132
148
167
187
207
225
239
249
254
253
248
239
227
211
194
176
158
140
122
105
89
72
56
40
24
8
-8
-24
-42
-60
-78
-97
-118
-139
-162
-185
-210
-235
-261
-287
-312
-336
-357
-376
-391
-402
-408
-410
-406
-395
-379
-355
-324
-285
-238
-182
-118
-46
31
116
205
297
388
476
557
628
686
726
745
742
713
659
579
476
352
212
61
-95
-250
-398
-533
-650
-743
-811
-850
-861
-845
-804
-741
-661
-567
-465
-359
-254
-153
-58
26
101
165
219
263
299
326
347
362
372
378
379
376
369
359
344
327
306
282
256
229
201
173
146
120
95
72
52
34
19
7
-2
-11
-18
-24
-30
-37
-44
-52
-61
-71
-81
-91
-101
-110
-119
-125
-130
-133
-134
-134
-131
-128
-123
-118
-112
-106
-99
-93
-85
-78
-70
-60
-50
-39
-28
-16
-5
4
12
17
18
16
8
-3
-19
-40
-64
-90
-115
-139
-158
-171
-176
-170
-152
-121
-78
-23
42
116
196
279
360
437
507
567
615
648
667
671
662
640
606
565
516
464
409
355
302
252
206
164
127
95
66
40
16
-6
-28
-51
-75
-101
-129
-159
-192
-226
-263
-301
-340
-381
-421
-461
-499
-535
-567
-593
-613
-625
-629
-623
-607
-582
-547
-505
-456
-402
-345
-287
-230
-176
-127
-85
-49
-21
-2
10
15
14
8
-1
-13
-27
-41
-55
-66
-73
-76
-73
-64
-47
-22
10
51
100
155
215
279
345
412
476
537
592
639
678
706
723
729
723
706
677
639
591
534
471
400
325
244
160
72
-16
-106
-195
-281
-364
-441
-511
-573
-624
-664
-691
-706
-707
-696
-672
-637
-591
-536
-475
-410
-342
-275
-211
-152
-100
-56
-21
4
20
29
32
30
25
19
14
11
13
18
28
41
58
76
95
113
128
139
145
146
143
135
123
110
97
84
75
69
68
71
80
92
107
124
141
156
168
174
175
169
157
137
110
79
44
7
-29
-64
-95
-121
-140
-152
-158
-157
-151
-140
-127
-113
-98
-84
-71
-60
-50
-40
-31
-20
-9
4
21
40
62
85
109
132
153
169
180
184
180
166
142
110
70
23
-26
-78
-129
-174
-211
-238
-251
-249
-230
-194
-142
-76
2
89
182
276
368
454
529
591
638
667
679
674
652
615
566
506
438
366
291
216
143
74
10
-48
-100
-145
-184
-215
-241
-260
-273
-281
-283
-281
-274
-262
-247
-228
-207
-185
-162
-140
-119
-101
-86
-75
-69
-67
-70
-77
-88
-100
-114
-129
-142
-153
-162
-167
-169
-168
-165
-161
-156
-152
-151
-154
-161
-173
-190
-212
-237
-263
-288
-311
-328
-337
-337
-325
-301
-265
-217
-158
-90
-15
63
143
222
296
364
423
472
510
536
550
553
548
534
515
492
467
443
420
400
383
368
356
344
331
316
298
274
245
208
164
114
57
-3
-68
-135
-202
-268
-331
-389
-442
-488
-527
-558
-582
-598
-606
-608
-603
-594
-581
-566
-549
-531
-515
-500
-486
-475
-465
-456
-448
-439
-429
-416
-399
-378
-350
-316
-276
-228
-175
-117
-55
7
70
131
187
237
280
315
341
359
368
371
368
360
348
333
316
297
278
258
238
218
198
178
158
137
117
98
80
63
49
37
30
26
27
31
39
50
61
72
82
88
89
85
76
60
40
16
-10
-37
-64
-88
-108
-123
-133
-137
-135
-127
-115
-98
-78
-57
-34
-11
9
29
47
62
74
82
88
89
86
79
68
51
31
8
-18
-45
-72
-96
-117
-131
-139
-138
-129
-112
-86
-55
-18
20
61
99
134
164
187
202
208
205
194
175
151
121
90
58
28
3
-14
-24
-24
-13
7
38
79
126
179
235
290
343
392
433
466
489
501
503
495
477
451
418
379
337
293
248
203
160
120
83
49
21
-3
-23
-39
-52
-62
-71
-78
-85
-93
-103
-114
-127
-142
-158
-176
-194
-212
-229
-244
-257
-267
-274
-278
-279
-277
-273
-267
-260
-253
-246
-241
-237
-236
-237
-240
-245
-250
-256
-262
-265
-266
-263
-255
-242
-223
-197
-165
-127
-83
-32
22
82
144
208
272
334
392
445
490
528
556
575
584
584
575
558
533
503
466
425
379
329
275
217
156
91
24
-44
-114
-183
-250
-314
-372
-423
-464
-494
-512
-517
-509
-490
-459
-420
-374
-323
-272
-222
-176
-137
-105
-82
-68
-65
-70
-83
-102
-126
-150
-174
-195
-210
-218
-216
-204
-181
-148
-106
-56
0
58
117
174
224
266
297
314
318
308
284
249
205
153
99
46
-3
-46
-79
-101
-110
-106
-90
-63
-28
14
60
107
152
191
223
246
257
257
245
221
187
145
97
45
-7
-60
-110
-156
-196
-230
-258
-279
-294
-302
-306
-305
-300
-292
-281
-269
-255
-240
-224
-208
-192
-176
-161
-147
-136
-127
-121
-118
-120
-125
-134
-146
-160
-174
-189
-203
-214
-222
-226
-226
-222
-212
-199
-181
-160
-135
-106
-74
-39
-1
39
83
129
178
228
280
333
385
437
486
532
575
612
644
669
688
699
704
701
691
674
650
618
580
534
482
424
360
291
217
140
61
-19
-98
-176
-249
-317
-377
-427
-467
-494
-509
-512
-502
-482
-454
-418
-379
-339
-301
-266
-237
-216
-202
-196
-196
-201
-210
-220
-229
-236
-238
-235
-226
-209
-186
-157
-122
-84
-45
-5
31
64
92
113
126
132
130
122
108
90
68
44
20
-4
-28
-51
-72
-90
-107
-122
-135
-146
-156
-162
-167
-169
-169
-165
-157
-146
-131
-112
-88
-61
-30
3
39
75
112
148
182
214
242
267
289
306
320
330
336
338
336
331
321
308
291
269
243
212
176
137
93
47
0
-49
-97
-142
-182
-216
-242
-258
-263
-257
-239
-210
-170
-120
-63
-1
62
126
187
242
290
327
354
369
373
366
348
321
288
249
206
161
115
71
29
-9
-43
-72
-95
-112
-122
-126
-124
-118
-107
-94
-79
-65
-52
-42
-37
-37
-42
-54
-70
-92
-117
-145
-173
-200
-226
-247
-263
-272
-275
-271
-260
-243
-220
-193
-162
-129
-95
-62
-30
-1
24
47
65
79
89
95
97
94
88
78
66
50
32
12
-7
-27
-47
-64
-78
-88
-92
-91
-83
-68
-46
-18
16
55
97
140
183
224
261
292
316
332
340
340
332
317
297
273
246
217
189
161
135
110
87
65
43
20
-4
-31
-61
-94
-129
-166
-203
-239
-272
-300
-322
-335
-339
-333
-316
-288
-251
-206
-154
-99
-42
13
65
111
149
176
191
195
186
166
136
97
52
2
-48
-99
-147
-189
-226
-254
-275
-286
-290
-285
-274
-256
-234
-209
-182
-154
-125
-98
-72
-46
-22
0
22
44
66
87
108
128
146
164
180
194
205
214
220
223
223
220
214
205
195
182
168
152
136
119
102
84
67
50
34
19
5
-5
-13
-18
-20
-18
-13
-5
4
16
28
42
55
68
79
90
100
108
116
122
126
127
126
120
109
93
70
40
3
-39
-86
-137
-187
-235
-277
-309
-330
-336
-326
-300
-258
-203
-136
-63
11
82
146
196
228
241
230
198
143
70
-17
-117
-222
-328
-429
-522
-601
-664
-708
-733
-738
-724
-691
-642
-578
-503
-419
-328
-233
-135
-36
61
157
250
338
421
498
568
629
681
723
753
771
776
769
749
716
672
618
555
484
408
329
249
170
94
23
-40
-96
-142
-180
-207
-226
-237
-241
-241
-237
-233
-229
-228
-231
-238
-249
-265
-285
-307
-331
-353
-373
-390
-401
-405
-403
-393
-376
-352
-323
-288
-250
-209
-166
-122
-78
-33
13
61
113
168
228
294
364
440
519
599
678
753
820
875
915
937
938
918
875
810
725
622
505
376
241
104
-30
-159
-279
-385
-475
-546
-598
-629
-639
-628
-597
-546
-479
-398
-306
-206
-102
0
96
184
258
315
352
367
359
329
278
208
122
24
-81
-191
-300
-406
-503
-589
-661
-717
-756
-777
-779
-764
-732
-686
-626
-557
-479
-396
-311
-227
-147
-73
