-90
-98
-104
-108
-109
-106
-100
-90
-78
-63
-46
-28
-11
5
19
31
39
42
40
33
21
2
-21
-51
-84
-122
-162
-204
-245
-286
-324
-358
-387
-409
-425
-433
-432
-422
-404
-377
-343
-301
-255
-204
-150
-97
-44
3
46
81
107
122
125
116
95
63
22
-26
-81
-137
-193
-246
-293
-332
-362
-382
-391
-390
-380
-362
-337
-307
-272
-235
-196
-155
-113
-70
-26
18
65
114
165
217
271
325
378
430
480
525
565
599
625
645
657
662
661
653
640
623
602
578
552
524
494
462
428
392
354
314
271
227
181
132
83
32
-18
-70
-122
-173
-224
-273
-319
-364
-406
-446
-482
-515
-544
-569
-590
-605
-615
-619
-616
-607
-592
-570
-543
-510
-473
-433
-390
-346
-302
-259
-218
-181
-147
-117
-92
-70
-53
-38
-25
-14
-4
6
17
29
42
56
71
86
101
116
129
141
150
158
162
165
165
163
160
156
151
147
144
141
138
136
132
128
122
114
104
92
77
62
46
31
18
8
2
1
6
16
32
54
79
109
141
174
207
237
263
285
300
308
308
300
284
262
234
202
167
131
96
64
37
15
0
-7
-8
-2
9
25
45
67
90
111
131
146
157
161
159
151
136
114
88
57
24
-10
-44
-76
-104
-126
-141
-149
-148
-140
-124
-102
-74
-42
-8
25
57
86
110
127
136
136
128
110
85
53
15
-24
-66
-107
-146
-181
-211
-236
-256
-272
-285
-296
-307
-319
-333
-351
-374
-401
-432
-467
-505
-545
-584
-621
-654
-682
-701
-712
-713
-705
-686
-659
-624
-584
-539
-492
-444
-396
-349
-302
-257
-211
-165
-117
-67
-13
43
105
170
240
313
389
466
545
624
701
776
847
914
974
1025
1067
1098
1117
1122
1113
1089
1051
999
934
857
771
677
579
477
375
274
176
82
-5
-88
-164
-234
-297
-353
-402
-445
-480
-509
-532
-548
-557
-561
-559
-551
-538
-520
-497
-470
-440
-407
-373
-339
-306
-275
-247
-224
-206
-193
-187
-186
-190
-199
-210
-223
-238
-251
-263
-271
-276
-277
-272
-263
-248
-230
-207
-181
-154
-125
-96
-68
-41
-16
7
29
50
70
91
112
134
156
180
205
230
255
280
303
324
343
358
371
380
386
389
390
387
383
376
369
361
353
344
336
327
319
311
302
294
284
274
263
251
238
224
209
193
177
161
146
131
118
107
98
92
88
87
88
91
95
99
104
107
109
109
106
100
90
77
60
40
18
-7
-33
-61
-89
-116
-142
-166
-187
-206
-221
-232
-240
-244
-245
-243
-237
-229
-218
-205
-191
-176
-161
-147
-134
-124
-117
-113
-112
-114
-120
-127
-137
-148
-159
-171
-183
-196
-208
-222
-236
-250
-266
-282
-300
-317
-334
-350
-364
-375
-382
-383
-379
-368
-349
-322
-287
-245
-195
-140
-80
-16
48
114
178
239
297
349
395
434
466
490
507
515
516
508
494
473
447
414
378
338
295
250
205
160
117
75
36
2
-28
-53
-74
-89
-100
-106
-110
-110
-110
-109
-109
-110
-113
-120
-129
-141
-155
-171
-187
-204
-219
-231
-240
-245
-244
-238
-225
-207
-182
-152
-118
-81
-41
-1
36
73
105
131
150
162
165
158
143
120
88
50
6
-41
-92
-143
-195
-243
-289
-329
-362
-388
-405
-412
-411
-399
-379
-351
-316
-275
-231
-184
-136
-89
-44
-2
36
71
102
128
150
169
184
196
206
213
219
223
227
230
234
237
241
245
250
256
261
267
273
278
282
284
285
284
280
273
264
253
240
227
213
199
186
175
165
156
148
140
132
121
108
91
71
46
17
-14
-50
-89
-128
-167
-204
-238
-268
-291
-308
-318
-320
-313
-299
-278
-250
-217
-180
-140
-98
-56
-14
25
63
98
131
160
185
206
224
238
247
253
254
251
244
234
221
205
188
169
150
131
113
95
80
65
52
40
28
17
4
-8
-23
-41
-61
-84
-109
-135
-163
-190
-216
-240
-261
-277
-287
-292
-291
-283
-270
-253
-231
-208
-183
-159
-138
-119
-106
-98
-96
-100
-111
-128
-150
-176
-206
-237
-267
-296
-321
-341
-354
-360
-356
-343
-320
-288
-249
-202
-150
-96
-39
15
68
117
160
196
223
243
254
257
253
242
228
211
192
174
158
144
135
129
127
130
135
143
152
162
172
182
191
199
205
210
214
216
218
219
219
219
218
217
214
209
203
194
181
164
142
114
80
40
-5
-56
-111
-169
-227
-283
-335
-381
-417
-443
-458
-459
-447
-424
-388
-344
-292
-235
-175
-115
-58
-4
44
86
122
150
172
187
196
199
196
189
176
160
140
116
89
61
31
2
-25
-51
-72
-88
-99
-102
-98
-87
-69
-44
-15
17
52
87
121
151
176
195
208
214
213
207
197
183
167
150
134
121
110
105
104
109
121
138
162
191
225
261
299
337
373
405
431
450
459
457
444
418
378
326
260
182
94
-2
-106
-213
-320
-424
-520
-605
-675
-729
-764
-779
-774
-750
-708
-650
-580
-500
-414
-326
-238
-153
-75
-5
54
103
141
168
186
194
195
191
183
173
163
154
146
141
138
138
139
141
143
142
139
131
119
101
78
50
17
-18
-56
-94
-131
-165
-193
-216
-230
-235
-230
-216
-193
-161
-122
-78
-31
16
62
105
142
171
193
206
209
205
194
177
156
133
110
89
71
59
52
52
59
72
90
111
135
158
177
191
197
194
179
151
112
62
3
-63
-134
-205
-273
-333
-383
-419
-438
-438
-420
-382
-327
-257
-176
-86
5
96
180
252
309
348
368
367
347
308
253
186
110
28
-55
-136
-213
-283
-343
-392
-429
-454
-465
-463
-449
-423
-387
-341
-288
-229
-166
-100
-36
25
81
130
170
199
216
221
213
193
163
124
79
29
-21
-70
-115
-153
-183
-203
-211
-208
-194
-169
-135
-93
-44
7
62
118
172
223
269
309
342
368
385
394
394
387
373
353
329
303
275
249
224
203
186
173
166
164
165
170
178
186
194
199
200
196
185
167
140
105
62
12
-42
-100
-159
-217
-271
-320
-362
-396
-420
-437
-445
-445
-440
-431
-420
-408
-398
-390
-386
-386
-391
-401
-414
-429
-444
-457
-466
-467
-459
-440
-408
-362
-303
-231
-147
-53
47
154
262
369
472
568
654
727
786
829
855
864
855
830
789
734
668
591
507
417
323
229
135
43
-43
-125
-199
-266
-324
-372
-410
-438
-457
-466
-466
-457
-441
-417
-387
-352
-312
-268
-222
-173
-122
-72
-21
29
79
126
172
215
253
287
314
334
346
348
339
319
289
247
196
138
73
4
-64
-131
-194
-249
-294
-327
-347
-353
-345
-323
-290
-246
-195
-138
-78
-17
40
94
141
181
212
233
244
244
234
214
183
145
98
46
-10
-69
-129
-187
-242
-290
-331
-362
-383
-391
-387
-371
-343
-304
-256
-201
-142
-81
-20
37
90
137
176
207
229
242
247
244
234
218
196
170
140
107
72
37
2
-30
-59
-85
-106
-120
-128
-129
-122
-106
-83
-52
-14
30
81
136
195
255
314
372
424
471
509
537
555
562
557
541
515
478
434
382
325
264
201
138
75
15
-40
-92
-137
-177
-210
-237
-257
-271
-280
-284
-284
-282
-278
-274
-271
-271
-275
-283
-296
-314
-337
-365
-396
-429
-462
-493
-520
-542
-557
-563
-559
-546
-522
-489
-445
-393
-334
-268
-197
-123
-47
28
104
177
247
313
375
432
483
528
568
600
627
646
658
663
660
650
632
608
577
539
495
446
393
337
279
221
164
109
57
9
-34
-73
-109
-141
-171
-200
-228
-258
-290
-324
-362
-402
-446
-492
-538
-584
-626
-664
-693
-713
-721
-716
-696
-662
-613
-552
-479
-397
-308
-216
-124
-34
51
129
198
258
307
346
375
396
409
417
420
421
421
421
421
423
427
431
436
441
445
446
445
441
432
419
402
380
352
321
285
245
203
158
112
66
22
-20
-59
-94
-124
-149
-168
-181
-189
-191
-187
-180
-168
-154
-138
-122
-106
-92
-81
-74
-71
-74
-81
-93
-109
-130
-153
-178
-204
-229
-253
-274
-292
-305
-313
-316
-313
-306
-293
-276
-256
-234
-210
-186
-161
-138
-115
-93
-73
-53
-35
-17
0
16
31
46
60
73
84
95
104
112
120
128
135
142
148
155
161
167
172
177
181
184
187
190
193
195
198
201
204
207
208
208
206
201
193
180
163
141
115
85
50
13
-26
-68
-110
-152
-192
-229
-262
-292
-316
-334
-347
-353
-352
-345
-331
-310
-283
-250
-210
-166
-118
-66
-12
43
99
154
206
255
300
338
369
391
405
410
405
392
369
340
303
262
218
172
127
84
46
14
-9
-24
-30
-26
-13
7
35
68
102
136
167
191
207
212
206
188
158
118
70
16
-41
-100
-156
-208
-254
-292
-321
-343
-356
-362
-363
-359
-352
-344
-336
-327
-320
-313
-308
-304
-299
-295
-291
-286
-280
-272
-263
-253
-241
-228
-213
-198
-182
-167
-151
-135
-120
-105
-90
-74
-58
-39
-19
3
29
58
91
125
162
199
234
268
297
321
337
345
344
333
313
285
249
208
163
118
75
36
3
-21
-36
-41
-37
-23
-2
24
56
89
121
151
175
192
202
202
193
175
149
115
75
32
-12
-57
-100
-138
-171
-195
-212
-220
-219
-211
-195
-173
-147
-117
-84
-51
-18
13
43
70
94
114
130
141
146
146
141
130
114
92
66
37
5
-27
-59
-89
-115
-135
-149
-154
-152
-141
-122
-97
-67
-34
0
34
67
95
119
137
149
156
156
151
140
125
106
83
57
29
0
-30
-61
-92
-123
-154
-184
-213
-241
-268
-294
-319
-343
-367
-388
-408
-426
-441
-451
-456
-455
-446
-428
-400
-361
-312
-253
-184
-107
-24
61
150
237
320
397
466
525
573
609
634
646
649
641
625
603
575
542
507
470
432
393
354
315
277
239
202
166
132
99
68
39
13
-10
-30
-48
-62
-73
-81
-86
-89
-89
-87
-84
-80
-78
-76
-77
-80
-85
-93
-102
-112
-123
-133
-142
-148
-151
-152
-149
-144
-137
-129
-121
-114
-110
-109
-112
-121
-134
-151
-171
-193
-214
-232
-245
-249
-244
-227
-197
-155
-101
-38
30
103
176
245
305
353
387
403
401
379
340
284
214
133
46
-43
-132
-214
-287
-346
-390
-416
-425
-416
-391
-352
-302
-244
-181
-117
-54
2
53
96
129
152
165
168
163
149
129
105
77
47
18
-9
-33
-51
-64
-69
-66
-54
-33
-2
35
82
134
190
248
307
362
412
455
488
509
518
513
493
460
414
356
289
216
139
62
-12
-82
-144
-197
-238
-268
-287
-295
-294
-284
-268
-248
-226
-204
-184
-167
-155
-147
-146
-150
-159
-172
-187
