37
26
13
0
-13
-26
-38
-49
-58
-66
-73
-80
-85
-90
-95
-99
-103
-105
-107
-107
-105
-100
-93
-82
-68
-50
-30
-7
17
41
65
87
106
119
128
130
126
115
98
76
50
20
-9
-40
-70
-98
-123
-145
-162
-174
-181
-183
-180
-173
-161
-145
-125
-103
-79
-54
-29
-4
17
37
53
65
72
73
71
63
52
38
22
5
-12
-30
-47
-63
-78
-92
-106
-120
-134
-147
-161
-175
-188
-199
-208
-212
-212
-204
-188
-163
-129
-85
-31
29
96
166
236
302
362
411
448
470
474
462
433
388
328
257
178
92
5
-81
-164
-240
-307
-364
-410
-443
-464
-474
-473
-461
-441
-412
-377
-336
-291
-242
-191
-137
-83
-29
24
75
124
169
208
243
272
295
313
326
334
340
343
345
347
348
349
350
349
346
340
330
313
289
257
217
167
109
44
-26
-100
-175
-247
-314
-371
-417
-448
-463
-460
-439
-400
-345
-275
-193
-102
-6
91
187
277
357
424
477
512
529
527
505
466
409
336
250
154
50
-58
-167
-274
-374
-466
-545
-610
-658
-687
-698
-690
-664
-621
-562
-491
-410
-321
-228
-133
-40
49
133
210
277
334
380
416
442
459
467
468
463
454
440
424
405
385
364
342
320
297
274
251
228
205
183
161
141
121
102
85
68
53
38
23
8
-5
-21
-37
-54
-72
-91
-110
-129
-146
-161
-172
-180
-182
-179
-170
-156
-136
-113
-87
-59
-31
-4
19
40
55
63
66
61
50
34
15
-6
-29
-49
-67
-80
-88
-91
-88
-81
-71
-59
-47
-35
-26
-21
-19
-21
-26
-33
-42
-49
-54
-55
-51
-41
-25
-3
22
51
80
106
128
141
145
137
116
82
37
-18
-81
-150
-220
-289
-353
-409
-454
-487
-506
-511
-500
-476
-438
-389
-330
-265
-195
-123
-52
15
78
133
181
218
246
264
272
270
260
243
221
194
164
132
101
71
42
16
-6
-27
-47
-65
-83
-103
-125
-152
-184
-221
-266
-317
-374
-435
-499
-563
-624
-678
-723
-756
-773
-773
-755
-716
-658
-581
-486
-376
-251
-116
26
173
322
467
606
735
850
949
1029
1088
1125
1140
1132
1102
1054
989
909
820
723
622
520
420
325
235
152
77
8
-52
-108
-159
-205
-249
-289
-328
-364
-398
-430
-458
-481
-499
-510
-514
-510
-498
-478
-450
-414
-373
-327
-276
-224
-171
-119
-70
-23
18
54
85
110
128
141
148
151
150
146
139
130
121
110
98
85
70
52
31
5
-25
-63
-105
-153
-204
-256
-307
-352
-389
-411
-418
-403
-367
-306
-221
-114
12
154
306
461
614
756
882
986
1062
1108
1122
1105
1058
984
890
779
658
533
408
290
180
81
-4
-77
-137
-187
-227
-259
-285
-305
-322
-335
-344
-350
-351
-347
-337
-321
-299
-272
-239
-202
-163
-125
-89
-57
-33
-18
-12
-17
-32
-56
-88
-125
-164
-202
-236
-264
-282
-288
-282
-262
-229
-183
-128
-64
3
72
139
200
253
295
325
342
345
337
319
292
260
225
189
155
125
99
79
64
54
49
46
44
40
33
21
2
-23
-56
-96
-142
-192
-245
-298
-350
-397
-438
-472
-496
-509
-512
-504
-484
-454
-414
-365
-309
-245
-176
-103
-28
48
123
197
267
331
387
435
472
497
509
508
494
467
429
380
324
262
196
130
65
2
-54
-107
-153
-192
-225
-252
-274
-290
-302
-310
-315
-317
-316
-312
-306
-296
-284
-270
-252
-232
-210
-186
-161
-135
-109
-84
-59
-36
-15
4
22
38
53
67
80
91
102
112
121
128
133
137
138
136
133
127
120
112
102
92
83
74
65
58
51
45
38
32
24
14
2
-12
-29
-50
-73
-97
-121
-145
-166
-184
-196
-202
-201
-193
-176
-153
-122
-85
-43
2
50
98
145
188
227
260
286
303
311
311
301
284
259
227
191
151
110
68
28
-8
-40
-67
-87
-100
-106
-104
-96
-82
-63
-41
-17
7
31
53
71
83
89
89
80
64
40
9
-27
-69
-115
-162
-207
-250
-287
-316
-336
-346
-343
-329
-303
-266
-221
-169
-112
-53
6
62
115
162
202
234
259
277
289
295
295
292
286
277
266
253
237
220
200
178
154
127
97
65
31
-4
-40
-76
-111
-144
-175
-203
-228
-248
-264
-276
-283
-286
-285
-280
-271
-258
-242
-224
-203
-179
-154
-127
-99
-71
-43
-16
9
32
53
71
85
95
102
107
108
108
105
102
98
94
89
85
81
77
73
68
63
57
49
39
27
14
-1
-18
-36
-54
-70
-84
-95
-102
-103
-100
-92
-78
-61
-40
-17
6
30
54
76
96
113
127
138
147
152
155
156
154
150
144
136
126
114
99
82
62
40
17
-6
-31
-55
-78
-99
-117
-132
-143
-149
-151
-148
-140
-127
-110
-90
-67
-44
-21
-1
14
26
32
31
25
12
-5
-26
-50
-73
-95
-113
-126
-132
-130
-120
-102
-76
-43
-6
34
77
118
158
193
223
246
263
272
275
272
263
249
231
210
187
162
136
110
84
60
37
16
-1
-16
-27
-34
-37
-36
-32
-26
-16
-6
5
16
26
34
40
44
44
41
35
26
15
1
-14
-32
-51
-70
-89
-108
-125
-141
-155
-166
-174
-178
-178
-175
-169
-159
-146
-131
-113
-93
-72
-49
-25
0
25
51
77
102
126
148
167
184
197
206
212
212
208
200
187
170
149
126
100
72
43
14
-13
-40
-65
-87
-106
-121
-132
-138
-141
-139
-133
-124
-111
-96
-79
-61
-43
-26
-11
0
8
11
10
3
-8
-26
-48
-74
-103
-134
-166
-197
-227
-254
-278
-296
-309
-316
-316
-309
-295
-275
-248
-216
-179
-137
-93
-47
0
46
92
135
174
209
238
262
280
291
297
296
291
280
265
247
225
201
174
145
115
84
52
20
-12
-43
-73
-102
-129
-153
-174
-193
-207
-218
-224
-226
-223
-214
-201
-182
-159
-131
-99
-64
-26
12
52
91
127
160
187
209
223
230
229
220
204
182
155
126
97
68
43
23
8
1
0
7
19
36
57
79
101
121
137
147
150
145
133
112
84
50
9
-35
-83
-132
-182
-230
-276
-317
-353
-383
-405
-419
-424
-419
-405
-380
-346
-303
-252
-193
-129
-60
10
81
150
215
274
326
369
401
423
434
434
424
407
383
354
323
291
260
231
206
184
166
150
136
123
109
92
74
51
25
-3
-36
-70
-106
-141
-174
-204
-230
-250
-263
-268
-266
-255
-237
-211
-179
-141
-98
-53
-7
38
82
123
158
187
209
223
228
224
211
190
162
128
90
48
5
-36
-76
-111
-141
-163
-178
-184
-182
-171
-152
-127
-96
-62
-24
13
51
87
120
148
171
188
198
201
198
189
174
154
132
109
86
67
52
45
46
56
77
106
145
190
241
295
349
401
447
485
513
529
530
516
486
439
377
300
211
112
7
-101
-209
-314
-413
-504
-584
-653
-710
-755
-789
-813
-828
-835
-836
-832
-823
-812
-798
-782
-764
-743
-719
-692
-659
-621
-577
-526
-469
-405
-337
-266
-193
-123
-57
0
48
84
106
114
107
86
55
16
-27
-70
-109
-140
-158
-160
-143
-107
-49
28
125
239
366
502
644
785
920
1044
1153
1240
1303
1337
1341
1312
1251
1158
1035
885
711
518
311
95
-124
-340
-548
-742
-917
-1067
-1189
-1279
-1336
-1357
-1344
-1297
-1219
-1112
-981
-830
-665
-491
-314
-139
28
184
325
448
551
632
692
732
753
756
745
721
688
648
603
555
506
456
407
359
312
267
224
181
140
100
61
22
-16
-55
-94
-134
-174
-213
-253
-291
-328
-362
-393
-419
-441
-456
-465
-467
-461
-449
-429
-402
-369
-332
-291
-247
-202
-158
-116
-77
-41
-11
14
35
50
62
69
74
78
82
86
92
102
114
131
152
177
205
237
269
302
335
365
392
415
433
444
450
448
441
427
407
382
352
318
281
243
203
165
128
93
62
35
13
-3
-15
-21
-23
-19
-10
2
19
39
62
87
112
138
163
185
205
222
234
241
243
240
230
214
191
163
128
89
46
0
-48
-98
-147
-195
-240
-281
-317
-348
-371
-387
-395
-394
-384
-365
-337
-301
-257
-207
-153
-95
-36
22
78
129
175
212
239
255
259
250
229
195
150
95
33
-34
-105
-177
-246
-310
-366
-413
-448
-471
-481
-478
-461
-433
-394
-346
-290
-230
-168
-106
-45
10
60
103
136
161
175
180
176
163
143
118
89
57
25
-4
-32
-54
-72
-83
-89
-88
-82
-73
-60
-46
-31
-18
-6
1
6
6
1
-7
-20
-38
-59
-82
-108
-134
-161
-186
-210
-231
-247
-259
-264
-262
-253
-234
-206
-169
-123
-68
-7
60
131
204
276
344
406
458
500
529
544
545
532
505
468
421
368
311
254
198
146
101
63
33
12
-1
-9
-12
-12
-12
-14
-20
-30
-46
-68
-96
-128
-164
-202
-241
-278
-313
-344
-371
-392
-406
-414
-416
-410
-396
-376
-348
-313
-272
-225
-173
-118
-60
-1
57
115
169
220
265
303
333
354
366
368
361
345
319
286
246
201
153
103
54
7
-35
-72
-102
-124
-137
-140
-135
-121
-100
-74
-42
-8
25
59
90
116
137
152
159
159
152
139
121
98
74
47
21
-4
-28
-49
-69
-85
-99
-111
-120
-126
-130
-132
-132
-130
-125
-120
-112
-104
-94
-84
-73
-62
-51
-41
-32
-23
-15
-8
-1
4
9
13
17
21
25
29
33
38
44
51
59
68
77
87
97
106
114
121
126
129
129
126
119
110
97
82
64
44
23
2
-19
-40
-60
-78
-95
-110
-122
-131
-137
-141
-141
-139
-134
-128
-120
-112
-102
-94
-85
-78
-72
-68
-64
-63
-62
-63
-65
-68
-72
-76
-81
-86
-91
-97
-102
-106
-109
-112
-112
-110
-106
-98
-87
-73
-55
-33
-8
18
47
78
108
137
162
184
200
210
213
209
199
183
161
136
109
80
52
25
2
-17
-32
-43
-48
-48
-43
-33
-19
-2
16
37
59
79
98
114
125
133
136
134
127
116
101
82
62
40
18
-3
-24
-43
-59
-73
-84
-92
-96
-98
-97
-94
-88
-81
-71
-61
-49
-36
-23
-11
0
9
17
23
26
26
24
20
14
6
0
-7
-13
-17
-18
-15
-7
4
20
41
65
92
120
149
175
198
217
229
233
230
218
196
167
130
88
40
-9
-60
-110
-157
-198
-233
-261
-280
-290
-291
-283
-268
-246
-218
-185
-150
-114
-77
-41
-8
21
47
68
83
93
98
98
93
85
74
62
50
40
31
27
27
31
40
53
70
90
111
132
152
168
179
184
182
172
155
131
101
66
29
-9
-47
-83
-114
-140
-159
-171
-175
-171
-159
-140
-116
-87
-54
-20
13
45
74
98
