-183
-187
-191
-194
-195
-195
-192
-187
-180
-171
-160
-146
-132
-116
-99
-82
-65
-47
-29
-12
4
22
39
56
72
89
104
119
133
146
157
168
177
184
191
196
199
201
201
200
197
192
186
178
169
159
147
134
120
104
87
69
50
32
13
-3
-19
-34
-46
-56
-63
-68
-70
-70
-69
-66
-62
-57
-52
-47
-43
-39
-36
-34
-33
-33
-35
-37
-41
-45
-49
-54
-59
-64
-68
-73
-78
-82
-86
-89
-92
-93
-92
-88
-81
-71
-58
-40
-19
4
30
57
86
113
140
164
184
201
214
221
224
222
215
203
188
170
149
127
103
80
57
34
14
-5
-22
-37
-49
-60
-68
-74
-77
-78
-77
-74
-68
-61
-52
-41
-29
-16
-2
12
26
41
56
70
83
94
104
113
119
123
126
126
124
121
116
109
101
92
81
69
56
43
30
16
3
-8
-19
-29
-37
-43
-46
-47
-45
-41
-34
-26
-16
-5
6
18
30
40
50
57
63
66
67
66
63
57
50
41
32
21
11
0
-9
-18
-27
-34
-40
-45
-49
-51
-53
-54
-54
-53
-51
-48
-44
-40
-34
-28
-20
-13
-5
3
11
18
25
30
34
37
37
36
33
28
22
14
5
-3
-13
-22
-31
-38
-45
-49
-52
-53
-51
-48
-44
-38
-31
-24
-17
-11
-6
-2
-1
-2
-6
-13
-21
-33
-46
-61
-78
-96
-115
-135
-155
-175
-196
-215
-234
-251
-266
-278
-286
-291
-291
-286
-276
-260
-240
-214
-184
-149
-112
-72
-31
10
50
88
123
154
180
202
218
228
233
234
230
222
211
198
183
168
151
135
120
106
93
81
70
60
50
41
31
22
11
1
-10
-21
-32
-42
-50
-56
-60
-61
-60
-55
-47
-37
-26
-12
1
15
29
42
53
61
67
70
69
65
57
47
34
20
5
-9
-23
-36
-47
-56
-61
-64
-64
-61
-55
-48
-38
-27
-16
-3
8
19
30
40
50
57
64
70
74
78
80
82
83
84
84
84
84
85
85
86
87
87
88
88
87
86
83
80
75
69
61
53
42
31
18
4
-10
-26
-43
-59
-76
-93
-109
-124
-137
-149
-159
-167
-172
-174
-173
-168
-161
-150
-136
-120
-101
-82
-63
-45
-28
-13
-2
5
10
11
8
3
-3
-11
-20
-29
-37
-44
-48
-51
-52
-50
-46
-41
-34
-27
-19
-10
-2
6
14
22
31
40
49
60
72
85
100
116
134
152
171
190
209
227
243
257
268
276
279
279
274
265
252
236
216
192
166
139
109
79
48
17
-11
-40
-67
-92
-114
-134
-150
-164
-175
-183
-189
-192
-194
-194
-192
-190
-186
-182
-178
-174
-169
-165
-161
-157
-154
-152
-150
-149
-148
-149
-151
-153
-157
-161
-166
-172
-178
-184
-189
-193
-196
-196
-194
-188
-180
-168
-154
-137
-118
-97
-74
-51
-27
-4
18
40
61
80
97
112
125
135
143
150
153
155
155
153
149
144
139
134
130
126
125
126
129
135
145
157
171
188
206
225
243
261
277
290
299
302
300
291
275
251
221
185
144
98
51
2
-44
-89
-129
-165
-193
-215
-230
-238
-239
-235
-225
-212
-197
-180
-163
-146
-131
-117
-106
-97
-91
-87
-84
-83
-82
-81
-80
-78
-76
-72
-66
-60
-52
-43
-34
-25
-16
-8
0
6
12
17
21
24
26
26
26
25
23
19
13
6
-2
-13
-26
-40
-57
-74
-92
-110
-127
-143
-158
-170
-179
-184
-185
-181
-173
-161
-144
-123
-98
-71
-41
-10
21
53
84
113
140
164
185
203
217
228
236
241
243
243
241
237
232
226
219
210
201
192
181
169
157
143
129
114
98
82
65
47
28
9
-9
-29
-49
-68
-87
-105
-120
-133
-144
-150
-153
-152
-147
-138
-126
-110
-92
-72
-51
-29
-7
14
34
52
69
82
92
99
103
102
98
90
78
62
43
20
-5
-33
-63
-95
-128
-160
-192
-221
-248
-270
-286
-296
-299
-294
-280
-258
-228
-189
-143
-91
-33
27
89
151
210
264
311
348
375
390
392
380
356
321
275
221
161
98
34
-27
-84
-134
-176
-208
-229
-239
-239
-229
-211
-185
-154
-119
-83
-46
-11
20
48
71
89
102
109
112
112
108
102
96
89
83
77
73
70
67
66
65
65
65
64
64
62
60
58
55
51
46
41
35
27
20
11
3
-5
-13
-22
-29
-35
-41
-44
-47
-47
-46
-43
-38
-33
-26
-18
-11
-3
3
9
14
18
21
24
26
30
34
39
46
55
66
77
89
101
112
121
128
131
130
124
114
100
82
61
37
13
-11
-36
-59
-80
-98
-113
-125
-133
-138
-141
-141
-139
-135
-130
-125
-119
-113
-107
-101
-96
-91
-87
-82
-78
-73
-68
-63
-57
-51
-45
-39
-34
-29
-25
-22
-20
-20
-20
-23
-26
-31
-37
-44
-52
-59
-67
-74
-81
-85
-88
-88
-86
-81
-75
-67
-57
-46
-35
-24
-14
-4
4
12
18
23
28
32
35
38
42
47
53
61
71
82
95
109
124
139
153
165
174
178
179
173
163
148
127
104
78
50
24
0
-21
-38
-50
-56
-56
-51
-41
-28
-12
5
22
38
51
61
67
68
65
58
48
34
18
0
-17
-35
-53
-71
-87
-103
-117
-131
-144
-155
-167
-177
-186
-194
-200
-203
-204
-202
-196
-187
-174
-157
-137
-115
-91
-65
-40
-15
6
25
41
52
58
59
56
48
36
23
8
-5
-18
-28
-34
-36
-33
-25
-13
2
20
41
63
85
106
125
143
159
172
182
190
196
200
201
200
198
194
189
182
175
166
157
147
137
126
114
102
89
76
62
48
34
20
5
-9
-24
-39
-54
-68
-82
-95
-107
-118
-128
-136
-142
-147
-149
-149
-147
-143
-136
-127
-117
-105
-92
-79
-66
-53
-42
-31
-23
-16
-11
-7
-5
-4
-4
-5
-7
-8
-9
-10
-11
-10
-10
-8
-6
-4
-2
0
3
6
10
14
19
24
30
37
43
50
57
63
67
70
71
70
66
61
55
46
37
28
18
8
0
-10
-18
-27
-36
-44
-53
-62
-72
-81
-91
-101
-111
-120
-129
-137
-143
-148
-150
-150
-148
-143
-135
-124
-112
-97
-82
-66
-51
-37
-24
-14
-8
-4
-4
-7
-13
-21
-31
-41
-50
-57
-61
-61
-57
-48
-34
-16
5
30
57
84
111
137
161
182
200
215
226
235
239
241
241
238
232
225
216
206
193
179
163
145
125
103
81
57
33
9
-12
-34
-53
-69
-83
-94
-101
-106
-108
-108
-106
-104
-102
-100
-100
-101
-104
-108
-114
-121
-129
-136
-143
-148
-151
-151
-147
-140
-129
-114
-95
-72
-46
-18
11
41
71
100
127
151
171
187
197
201
201
194
182
165
144
119
90
59
27
-5
-37
-67
-93
-116
-134
-147
-153
-153
-147
-136
-119
-98
-73
-46
-18
8
35
58
78
93
103
107
106
99
88
73
56
38
20
3
-11
-23
-31
-36
-36
-32
-25
-14
-1
13
30
46
63
78
92
104
114
120
123
124
121
116
109
100
89
78
66
54
43
33
25
17
12
8
5
4
4
4
5
6
7
7
7
7
6
4
2
0
-3
-6
-10
-14
-18
-22
-27
-32
-37
-43
-49
-55
-62
-69
-77
-84
-91
-98
-104
-108
-110
-109
-105
-97
-87
-73
-57
-39
-20
0
18
35
50
62
69
72
70
63
50
33
12
-11
-37
-64
-90
-115
-137
-155
-169
-178
-182
-180
-175
-165
-151
-135
-117
-97
-78
-58
-40
-22
-6
8
22
35
48
60
72
83
95
107
119
130
141
150
159
165
169
171
170
167
160
151
139
125
109
91
73
54
35
17
1
-12
-25
-36
-45
-53
-59
-65
-71
-78
-85
-94
-104
-116
-129
-143
-158
-173
-188
-201
-212
-221
-226
-228
-227
-222
-213
-202
-187
-170
-151
-130
-107
-84
-59
-35
-11
10
31
50
65
78
87
92
95
95
93
91
88
86
86
88
93
100
109
120
132
144
155
165
171
173
171
165
153
137
117
94
69
43
18
-4
-23
-38
-48
-53
-52
-47
-36
-22
-6
11
30
47
63
76
86
92
94
92
87
79
69
57
44
31
20
9
0
-6
-10
-13
-15
-17
-18
-21
-25
-32
-42
-55
-72
-91
-112
-135
-158
-180
-201
-219
-232
-241
-243
-240
-229
-212
-188
-158
-124
-85
-44
-1
39
80
116
148
174
194
206
210
207
198
182
161
136
109
82
55
31
9
-6
-18
-24
-24
-19
-9
4
21
40
60
80
98
115
128
139
146
150
150
148
142
135
125
114
101
86
69
50
29
6
-17
-44
-71
-99
-126
-152
-177
-198
-215
-228
-235
-237
-233
-223
-208
-188
-165
-138
-110
-82
-54
-29
-7
10
23
31
34
33
28
19
9
-2
-14
-25
-34
-40
-44
-44
-41
-34
-25
-13
0
16
32
50
67
85
102
119
136
151
164
176
186
194
198
199
196
189
178
164
146
125
102
78
54
30
8
-11
-28
-43
-55
-65
-73
-80
-87
-94
-101
-110
-120
-130
-142
-154
-165
-174
-181
-185
-186
-182
-174
-161
-145
-125
-103
-78
-53
-28
-4
18
39
58
75
90
103
115
125
136
146
156
167
178
189
200
211
220
228
233
235
233
227
217
203
184
162
136
108
79
50
22
-3
-26
-46
-61
-71
-77
-78
-76
-69
-61
-50
-39
-27
-17
-8
-2
1
1
-1
-7
-15
-27
-40
-54
-68
-82
-95
-106
-114
-120
-123
-123
-120
-115
-107
-97
-86
-73
-60
-47
-35
-24
-14
-6
0
4
5
5
3
0
-5
-12
-20
-29
-38
-48
-58
-69
-79
-89
-98
-106
-113
-118
-121
-121
-118
-112
-101
-87
-69
-47
-22
5
35
66
97
127
155
179
200
214
223
226
223
214
199
179
155
129
100
70
40
11
-16
-42
-66
-88
-109
-129
-149
-169
-190
-212
-235
-260
-285
-311
-336
-359
-381
-399
-412
-421
-425
-422
-414
-400
-380
-355
-326
-293
-257
-218
-176
-134
-90
-46
-1
42
86
130
171
210
246
277
304
326
342
352
356
354
348
337
323
307
290
271
253
236
219
204
190
177
165
153
141
128
115
100
84
67
47
27
5
-16
-38
-60
-82
-102
-120
-136
-149
-159
-165
-166
-163
-154
-140
-121
-96
-67
-34
1
39
77
115
151
184
212
235
253
264
270
269
262
251
235
216
195
172
149
128
107
89
73
61
51
44
40
38
38
40
43
47
51
55
59
62
63
63
61
56
49
40
27
13
-3
-21
-41
-61
-80
-98
-115
-128
-139
-146
-149
-149
-145
-139
-131
-122
-113
-104
-97
-91
-86
-84
-82
-82
-82
-81
-79
-76
-69
-61
-49
-34
-17
2
23
