-22
-14
-3
8
20
31
39
43
42
36
25
9
-11
-33
-57
-80
-101
-117
-128
-134
-133
-127
-115
-98
-79
-58
-37
-17
0
12
21
26
25
20
12
2
-9
-21
-31
-39
-42
-41
-35
-23
-6
15
41
69
98
127
154
177
195
206
211
208
198
180
156
127
93
57
20
-16
-51
-82
-108
-128
-142
-149
-149
-142
-129
-111
-89
-63
-35
-6
22
51
79
106
131
153
174
191
206
217
223
224
220
210
192
169
139
105
66
26
-14
-54
-90
-122
-147
-165
-175
-176
-169
-154
-132
-105
-74
-42
-11
16
37
51
55
47
28
-2
-43
-94
-152
-216
-282
-348
-411
-468
-518
-557
-585
-600
-601
-588
-562
-524
-474
-414
-347
-274
-197
-119
-41
35
109
179
244
303
357
404
445
479
506
526
538
543
540
530
512
488
458
423
383
340
293
245
196
147
98
52
7
-33
-71
-105
-135
-161
-182
-199
-212
-221
-227
-229
-228
-224
-217
-207
-195
-179
-161
-139
-114
-87
-57
-25
6
38
69
98
122
142
157
165
167
162
151
133
111
85
55
24
-7
-39
-70
-98
-124
-146
-165
-179
-190
-197
-201
-201
-199
-194
-187
-178
-167
-154
-139
-122
-103
-83
-62
-41
-20
0
17
34
48
59
68
74
77
77
75
71
65
56
46
35
23
10
-2
-15
-26
-35
-43
-47
-49
-49
-45
-39
-32
-24
-15
-6
0
6
10
12
12
11
8
5
2
1
1
3
8
16
27
41
58
76
96
117
137
156
174
189
201
210
216
219
218
214
208
199
188
175
161
145
128
109
89
67
43
18
-8
-36
-64
-92
-120
-145
-167
-184
-197
-202
-201
-192
-176
-152
-121
-84
-43
0
46
90
132
170
202
227
243
251
250
241
223
197
165
127
85
40
-5
-51
-95
-137
-174
-207
-234
-254
-268
-274
-272
-264
-249
-228
-202
-171
-138
-102
-65
-27
10
47
82
116
148
177
203
225
243
255
262
261
253
237
214
183
146
103
56
5
-45
-97
-146
-192
-234
-270
-301
-325
-342
-353
-358
-357
-352
-343
-330
-315
-297
-278
-257
-235
-211
-185
-157
-128
-96
-63
-29
5
40
73
105
134
159
181
197
210
217
220
219
214
205
193
179
164
148
132
117
104
93
85
80
79
82
88
97
108
121
134
148
161
172
181
187
190
188
184
175
163
148
130
111
91
71
52
36
22
11
4
1
2
6
13
22
34
46
59
71
82
91
97
101
101
97
88
73
53
27
-5
-44
-89
-138
-192
-249
-306
-363
-416
-464
-505
-538
-561
-574
-576
-568
-550
-525
-493
-456
-417
-376
-337
-299
-265
-235
-209
-185
-164
-144
-122
-98
-71
-37
1
47
100
159
222
289
356
423
486
543
592
632
660
676
679
668
645
611
565
512
451
387
320
253
188
126
70
20
-22
-58
-87
-109
-124
-133
-136
-135
-130
-123
-113
-101
-88
-75
-62
-49
-38
-27
-18
-11
-5
-1
1
2
2
2
2
1
2
3
6
11
17
26
36
47
60
74
88
103
118
132
145
156
164
169
170
166
157
142
121
93
60
22
-20
-66
-115
-165
-216
-266
-314
-360
-402
-441
-474
-502
-524
-540
-549
-553
-551
-542
-528
-509
-485
-455
-422
-384
-342
-298
-250
-202
-152
-102
-53
-7
36
76
111
142
168
190
207
221
231
240
246
251
256
261
267
273
280
288
296
305
312
317
320
319
313
301
284
260
232
198
159
118
76
33
-8
-46
-81
-111
-134
-151
-162
-167
-167
-162
-154
-143
-131
-118
-105
-94
-83
-74
-65
-58
-51
-45
-39
-32
-24
-16
-8
1
10
19
26
32
36
38
36
30
21
9
-6
-24
-43
-64
-85
-105
-123
-140
-153
-163
-170
-173
-175
-173
-171
-168
-165
-163
-163
-164
-168
-173
-179
-186
-192
-197
-199
-198
-193
-184
-169
-149
-124
-93
-59
-20
21
66
113
160
208
254
298
338
375
406
431
450
463
468
467
460
446
426
403
375
345
313
281
250
220
193
168
145
125
108
92
78
64
50
36
21
5
-10
-26
-43
-60
-76
-91
-105
-117
-128
-136
-142
-146
-148
-147
-144
-139
-132
-124
-113
-102
-89
-76
-62
-47
-33
-19
-5
8
21
33
44
54
62
67
70
70
66
59
47
31
10
-13
-40
-71
-103
-136
-168
-199
-227
-250
-268
-278
-281
-275
-260
-237
-204
-165
-118
-67
-13
42
98
150
198
239
272
296
309
312
304
286
260
227
188
146
103
61
23
-8
-33
-48
-53
-47
-31
-5
28
69
114
161
207
250
288
317
337
347
345
332
308
273
229
176
118
54
-10
-76
-141
-201
-257
-307
-349
-384
-410
-429
-440
-445
-444
-437
-426
-411
-393
-371
-346
-319
-289
-256
-221
-183
-143
-102
-60
-17
24
63
100
132
159
178
189
192
187
173
152
124
92
57
22
-12
-43
-69
-89
-102
-106
-103
-92
-74
-49
-19
13
48
84
118
148
174
195
209
217
217
212
201
186
169
150
132
115
101
90
83
80
80
83
86
91
94
96
96
91
83
71
54
34
9
-18
-48
-80
-112
-144
-174
-201
-224
-243
-257
-266
-269
-267
-259
-248
-232
-214
-192
-169
-144
-119
-93
-67
-42
-18
3
23
40
54
63
69
70
67
60
48
33
15
-4
-26
-48
-70
-90
-106
-118
-124
-124
-117
-102
-80
-51
-16
23
66
111
154
196
233
264
287
303
310
308
297
279
254
224
191
155
118
82
49
18
-8
-30
-48
-61
-70
-76
-77
-75
-70
-63
-53
-41
-26
-10
8
27
48
68
88
106
122
133
139
138
131
117
95
66
31
-9
-54
-101
-149
-195
-238
-276
-307
-329
-343
-346
-340
-322
-295
-259
-214
-163
-107
-48
10
69
125
176
222
260
290
312
325
329
326
314
296
273
244
213
179
144
110
76
45
16
-8
-29
-46
-59
-68
-72
-73
-71
-66
-59
-50
-41
-31
-22
-14
-8
-3
0
0
-1
-5
-10
-17
-25
-34
-44
-53
-63
-72
-81
-91
-100
-110
-121
-134
-149
-167
-188
-213
-242
-274
-309
-347
-385
-424
-461
-495
-525
-550
-568
-579
-582
-576
-563
-541
-511
-474
-431
-382
-329
-271
-210
-147
-82
-16
49
114
178
239
297
350
399
442
479
508
531
545
553
553
547
536
520
501
479
457
434
413
392
374
358
345
334
324
316
308
300
292
281
269
254
236
215
192
166
137
107
75
41
6
-28
-64
-99
-135
-169
-203
-235
-266
-295
-321
-345
-367
-385
-399
-411
-418
-421
-419
-413
-403
-389
-371
-349
-325
-300
-273
-245
-218
-192
-167
-143
-122
-103
-85
-70
-57
-46
-37
-30
-23
-18
-14
-11
-7
-4
0
5
12
22
33
48
66
87
111
138
167
198
230
262
291
318
342
360
372
379
379
373
361
343
322
298
272
245
220
197
178
164
155
151
153
159
170
184
200
217
233
246
256
262
262
255
243
224
199
168
132
94
52
10
-31
-71
-108
-141
-170
-194
-212
-225
-234
-237
-236
-232
-225
-215
-203
-190
-176
-161
-145
-129
-111
-92
-72
-51
-27
-3
23
50
77
105
132
157
180
200
216
228
235
236
233
224
209
188
162
130
94
53
9
-38
-87
-138
-188
-236
-281
-321
-356
-383
-402
-411
-409
-397
-373
-338
-291
-236
-171
-101
-25
51
128
201
269
328
376
411
432
438
429
404
365
313
251
180
104
25
-53
-130
-203
-269
-328
-379
-421
-455
-479
-497
-507
-512
-512
-508
-502
-494
-484
-474
-462
-449
-434
-417
-396
-371
-341
-306
-266
-221
-171
-116
-59
0
60
119
177
232
284
330
370
405
433
455
471
482
488
490
488
482
472
458
439
414
383
346
301
250
192
129
62
-7
-75
-142
-204
-259
-307
-345
-374
-393
-403
-405
-399
-387
-370
-350
-327
-302
-276
-250
-224
-198
-172
-146
-120
-95
-70
-46
-23
-1
16
31
43
50
52
51
45
35
22
7
-7
-23
-38
-50
-60
-66
-69
-67
-60
-49
-34
-15
6
31
57
85
113
141
168
195
220
244
266
287
305
322
337
350
360
367
372
374
373
370
365
357
348
336
323
308
291
272
252
230
206
181
154
126
97
66
33
0
-35
-72
-111
-151
-192
-234
-275
-314
-350
-381
-406
-424
-433
-432
-421
-400
-369
-330
-283
-231
-175
-118
-62
-9
36
75
104
123
131
129
117
96
68
35
0
-36
-70
-102
-127
-146
-158
-162
-157
-144
-125
-99
-68
-34
1
38
74
110
142
172
199
223
243
260
274
286
295
302
307
309
309
307
303
295
285
273
258
241
222
200
177
152
126
98
70
40
10
-20
-50
-80
-109
-136
-162
-185
-205
-223
-238
-251
-262
-270
-277
-283
-287
-291
-293
-294
-294
-292
-288
-282
-273
-262
-249
-234
-218
-199
-180
-161
-141
-121
-101
-81
-62
-43
-23
-3
17
38
61
85
109
134
159
182
204
223
238
248
254
253
247
234
215
190
160
125
86
44
0
-43
-85
-125
-161
-192
-216
-234
-245
-248
-244
-234
-218
-197
-172
-143
-113
-81
-48
-17
13
40
65
85
101
111
116
115
108
96
80
60
37
13
-10
-34
-57
-77
-96
-111
-125
-136
-146
-154
-162
-169
-176
-183
-190
-197
-204
-210
-213
-214
-211
-202
-187
-165
-135
-96
-48
7
71
140
214
290
365
438
504
563
612
649
672
682
678
660
630
588
536
476
410
338
263
186
109
32
-42
-114
-183
-247
-306
-360
-407
-447
-481
-507
-525
-536
-539
-534
-522
-503
-478
-448
-412
-373
-331
-288
-243
-198
-153
-109
-68
-28
9
44
76
106
133
157
179
197
212
225
234
239
241
240
236
228
218
205
190
173
155
137
118
99
82
65
51
40
31
26
25
27
33
42
54
69
85
102
119
136
150
162
170
174
174
169
161
149
135
119
102
86
71
57
47
39
34
31
30
32
34
36
37
38
36
32
26
17
5
-9
-26
-45
-66
-88
-110
-132
-153
-172
-187
-199
-206
-207
-203
-194
-179
-161
-139
-115
-90
-65
-43
-24
-9
0
3
0
-10
-27
-50
-78
-109
-143
-176
-208
-237
-261
-279
-289
-291
-285
-269
-245
-213
-175
-130
-82
-31
20
70
118
162
201
233
259
278
290
296
296
291
282
269
254
237
220
203
188
176
167
162
162
166
172
181
191
201
208
212
212
207
197
181
162
139
113
85
56
27
0
-28
-55
-81
-108
-134
-160
-188
-216
-246
-278
-310
-343
-375
-405
-433
-458
-477
-492
-500
-503
-500
-491
-477
-458
-435
-407
-376
-341
-302
-260
-214
-165
-113
-58
0
59
120
182
