262
276
289
301
310
317
321
322
320
315
308
300
290
278
266
253
238
221
203
183
162
138
114
89
64
40
18
-1
-17
-30
-38
-42
-41
-35
-25
-12
4
23
44
65
85
103
119
131
138
140
137
127
111
88
60
25
-13
-56
-101
-147
-192
-234
-272
-306
-332
-352
-364
-368
-365
-355
-339
-318
-293
-266
-236
-206
-175
-145
-116
-88
-62
-37
-14
7
28
47
67
86
105
124
143
162
181
199
215
229
241
249
252
252
246
236
220
201
177
150
121
91
61
32
5
-19
-40
-57
-69
-77
-80
-79
-74
-65
-54
-41
-27
-12
0
11
21
27
30
29
25
18
8
-4
-18
-34
-50
-66
-80
-92
-101
-107
-108
-105
-99
-88
-74
-58
-39
-20
0
19
38
56
72
87
100
111
121
129
136
142
147
152
155
158
160
163
165
166
168
170
170
170
167
163
154
142
125
102
75
42
4
-36
-80
-125
-169
-211
-248
-279
-302
-317
-322
-317
-303
-281
-251
-214
-173
-128
-81
-34
11
55
97
135
168
196
218
234
242
242
234
217
193
163
127
87
45
2
-37
-73
-105
-130
-149
-161
-166
-165
-160
-152
-142
-132
-125
-120
-119
-122
-131
-144
-162
-183
-208
-233
-259
-285
-308
-329
-345
-357
-363
-362
-355
-342
-321
-294
-261
-223
-181
-135
-87
-38
10
57
102
143
181
214
243
268
289
306
320
331
339
345
349
351
351
349
344
338
329
319
307
293
279
265
251
237
225
214
204
195
188
182
177
172
166
160
152
142
129
113
93
70
43
13
-19
-54
-90
-126
-161
-195
-226
-253
-275
-293
-306
-315
-318
-317
-311
-302
-290
-276
-259
-240
-220
-199
-176
-152
-128
-102
-75
-48
-20
6
33
57
79
97
110
118
120
117
107
92
72
48
21
-7
-37
-66
-93
-118
-140
-157
-170
-177
-181
-179
-172
-162
-147
-130
-110
-87
-64
-40
-15
7
29
48
65
79
89
95
97
96
91
84
75
64
52
39
27
15
2
-9
-21
-34
-49
-64
-81
-99
-119
-141
-162
-184
-204
-222
-237
-247
-251
-249
-239
-222
-196
-163
-123
-77
-25
30
88
148
207
265
320
370
414
451
480
499
508
507
496
474
444
404
358
306
251
193
135
79
26
-23
-68
-108
-142
-171
-193
-211
-223
-231
-235
-236
-233
-228
-221
-211
-200
-186
-171
-154
-135
-114
-92
-70
-47
-24
-3
15
31
43
52
56
55
50
40
26
8
-11
-33
-57
-80
-101
-120
-135
-146
-152
-152
-147
-137
-122
-104
-82
-59
-34
-10
11
32
50
64
75
83
88
90
91
90
89
88
88
90
93
98
105
112
119
126
133
137
139
139
136
130
122
111
100
88
76
66
59
55
56
61
71
86
105
127
151
175
197
217
233
244
249
248
241
228
209
187
161
133
103
74
45
17
-9
-35
-59
-82
-105
-127
-150
-172
-195
-218
-240
-261
-279
-295
-308
-316
-319
-317
-310
-297
-280
-258
-233
-204
-173
-141
-107
-74
-40
-7
25
56
86
113
138
161
181
197
210
219
224
226
225
221
214
205
194
181
168
153
138
121
104
85
65
44
22
0
-24
-49
-74
-101
-127
-154
-181
-208
-235
-262
-289
-315
-339
-362
-382
-400
-414
-424
-430
-430
-424
-412
-393
-367
-335
-297
-253
-204
-151
-95
-38
18
74
128
178
225
267
303
335
361
381
397
408
414
416
414
408
399
386
371
352
332
308
283
256
226
195
162
128
93
57
20
-15
-51
-85
-118
-149
-177
-203
-225
-245
-261
-274
-284
-292
-298
-303
-307
-312
-317
-323
-331
-340
-349
-358
-367
-374
-377
-378
-374
-365
-350
-330
-305
-275
-241
-204
-164
-124
-83
-44
-6
29
62
92
121
147
172
196
219
241
263
284
305
325
342
358
371
381
388
391
391
387
380
370
358
344
328
311
294
277
259
241
224
206
188
170
153
135
117
100
83
67
51
37
24
12
2
-6
-14
-21
-27
-32
-36
-41
-45
-50
-55
-61
-68
-75
-82
-89
-96
-103
-108
-113
-117
-119
-120
-120
-119
-118
-117
-115
-113
-112
-110
-109
-107
-104
-101
-98
-93
-88
-81
-74
-65
-55
-44
-33
-20
-8
4
17
29
40
49
57
63
68
71
72
71
70
67
65
62
60
59
59
60
64
69
76
84
93
102
110
117
121
122
118
110
97
79
57
31
2
-29
-61
-92
-122
-149
-173
-191
-205
-213
-216
-213
-205
-193
-177
-157
-135
-111
-86
-62
-37
-14
8
29
49
68
86
104
122
140
160
181
204
229
256
284
313
341
367
390
408
420
424
420
407
385
354
314
268
216
161
102
43
-15
-71
-125
-174
-220
-261
-298
-331
-360
-387
-411
-433
-453
-471
-487
-500
-510
-517
-519
-517
-510
-497
-478
-454
-424
-390
-351
-308
-262
-214
-165
-116
-69
-25
14
50
81
105
123
135
141
141
137
128
117
103
89
74
62
51
43
38
37
38
43
49
56
64
71
76
79
80
78
74
68
61
54
47
41
38
38
42
49
61
75
92
112
132
152
170
186
198
206
209
207
200
188
172
152
130
107
82
58
36
14
-4
-21
-35
-47
-57
-64
-69
-73
-74
-74
-73
-71
-68
-65
-63
-61
-60
-61
-64
-68
-75
-84
-94
-105
-117
-128
-139
-149
-158
-164
-168
-170
-169
-167
-163
-157
-151
-143
-136
-128
-120
-113
-105
-97
-89
-80
-70
-58
-44
-27
-8
13
38
67
98
132
168
207
247
288
329
370
410
447
482
512
536
553
561
561
551
530
500
460
410
353
290
222
151
77
4
-68
-139
-207
-272
-332
-386
-435
-476
-510
-536
-553
-561
-560
-549
-528
-499
-462
-417
-366
-310
-251
-189
-127
-65
-6
49
101
149
191
228
259
286
308
326
339
350
356
360
359
355
347
334
317
294
267
236
200
161
120
77
34
-7
-48
-85
-118
-147
-171
-190
-203
-211
-214
-213
-207
-198
-185
-169
-150
-130
-109
-86
-64
-41
-20
0
17
33
46
56
62
66
67
64
60
53
45
36
27
18
9
1
-5
-12
-17
-23
-29
-36
-44
-54
-65
-79
-94
-111
-130
-150
-171
-191
-211
-230
-247
-262
-273
-281
-285
-286
-281
-272
-259
-240
-218
-191
-160
-126
-89
-50
-9
31
73
113
151
185
216
242
263
279
288
292
290
283
271
256
237
216
194
171
148
127
107
89
73
61
50
42
35
30
25
21
16
11
5
0
-8
-17
-26
-36
-45
-54
-62
-69
-75
-79
-81
-82
-81
-79
-76
-73
-70
-67
-65
-64
-64
-65
-68
-71
-75
-79
-83
-85
-86
-85
-82
-76
-67
-56
-42
-28
-12
2
17
30
41
49
54
55
54
50
45
38
31
24
17
11
7
3
1
0
-2
-3
-5
-8
-11
-15
-18
-22
-25
-28
-28
-26
-22
-14
-3
11
30
52
77
105
136
168
202
236
269
301
330
355
376
390
398
397
388
370
342
305
260
207
149
87
23
-40
-100
-157
-206
-248
-281
-305
-320
-326
-324
-315
-300
-281
-259
-235
-211
-188
-166
-146
-129
-115
-104
-96
-91
-89
-90
-93
-98
-106
-115
-125
-136
-147
-159
-170
-181
-190
-198
-204
-207
-207
-202
-193
-179
-159
-134
-103
-68
-28
14
58
104
148
190
229
264
293
317
334
346
351
350
344
332
316
296
272
246
218
188
158
128
99
70
43
18
-4
-25
-43
-59
-72
-82
-90
-95
-97
-97
-94
-90
-85
-78
-70
-62
-54
-46
-38
-31
-24
-18
-13
-8
-3
1
6
12
18
26
35
44
54
65
74
83
91
96
100
100
98
92
83
71
57
40
21
1
-18
-38
-57
-75
-90
-104
-117
-127
-135
-142
-148
-153
-158
-161
-163
-163
-161
-155
-145
-129
-109
-83
-51
-14
26
69
113
156
196
230
258
277
288
288
277
257
229
192
149
102
51
0
-49
-97
-142
-183
-219
-250
-275
-295
-309
-319
-323
-323
-318
-309
-296
-279
-258
-234
-207
-177
-145
-111
-75
-38
-1
34
71
106
140
171
200
226
248
266
279
287
288
283
272
252
226
192
152
105
53
-3
-63
-125
-187
-248
-305
-357
-402
-439
-465
-480
-484
-475
-453
-420
-376
-323
-263
-198
-130
-62
4
66
123
172
214
247
272
289
298
300
298
292
284
275
267
260
256
254
255
258
263
267
271
273
271
264
252
234
210
179
141
99
51
0
-53
-108
-163
-216
-265
-309
-347
-377
-400
-414
-419
-415
-404
-384
-358
-326
-290
-249
-207
-164
-120
-78
-37
0
35
67
95
120
141
159
174
186
195
202
207
210
212
211
210
206
202
196
188
179
168
155
141
126
109
91
72
53
34
16
0
-17
-31
-43
-53
-60
-65
-67
-66
-61
-54
-43
-30
-14
4
24
45
67
89
109
128
144
156
165
169
167
161
150
134
115
93
70
47
26
9
-4
-13
-16
-13
-5
6
22
40
58
77
94
109
120
127
130
128
122
112
98
81
61
40
18
-4
-26
-47
-67
-85
-102
-115
-127
-136
-142
-146
-147
-146
-143
-138
-131
-123
-114
-104
-94
-83
-72
-60
-49
-36
-24
-11
1
14
27
40
52
64
74
84
92
98
102
103
102
98
92
83
72
58
43
26
8
-10
-28
-45
-62
-76
-88
-98
-104
-108
-110
-108
-105
-101
-96
-91
-86
-84
-83
-85
-89
-96
-105
-116
-128
-141
-154
-166
-176
-184
-189
-191
-189
-184
-174
-161
-145
-127
-106
-85
-64
-43
-23
-5
9
22
31
38
42
44
44
42
40
37
35
33
33
33
35
38
42
47
52
58
64
72
80
90
101
114
128
145
163
182
202
221
241
259
275
289
300
308
313
314
311
305
295
280
261
239
212
183
149
113
75
36
-4
-45
-85
-123
-159
-192
-220
-242
-259
-270
-275
-275
-269
-258
-244
-228
-211
-194
-178
-164
-153
-144
-138
-136
-137
-140
-146
-154
-164
-174
-184
-194
-202
-208
-211
-211
-207
-198
-184
-166
-143
-116
-86
-52
-17
19
56
91
124
154
179
199
214
224
227
225
219
209
196
181
164
148
133
118
105
93
83
74
66
58
51
43
35
26
16
4
-9
-24
-40
-57
-75
-92
-108
-122
-134
-144
-150
-153
-151
-146
-137
-124
-108
-89
-68
-45
-21
3
27
49
70
89
105
118
127
133
134
130
122
110
93
73
49
23
-4
-32
-61
-87
-110
-130
-146
-156
-162
-163
-160
-152
-142
-129
-114
-99
-84
-70
-57
-45
-36
-28
-22
-17
-13
-9
-3
3
12
25
41
61
85
112
140
170
200
228
253
272
285
291
288
275
254
224
186
142
94
43
