-260
-268
-272
-273
-272
-269
-266
-262
-259
-256
-253
-249
-245
-240
-232
-223
-211
-197
-181
-162
-143
-123
-102
-81
-61
-42
-24
-6
9
25
40
55
69
83
96
109
121
132
142
149
155
159
161
161
159
155
150
144
137
130
124
119
115
113
112
113
116
122
129
137
147
157
168
177
186
193
198
200
199
195
187
176
162
146
128
109
89
69
51
34
18
6
-4
-13
-19
-25
-31
-36
-44
-53
-66
-82
-102
-125
-153
-184
-217
-250
-283
-314
-341
-363
-378
-385
-384
-375
-357
-330
-297
-259
-217
-173
-129
-87
-48
-14
13
36
53
64
71
74
74
74
73
72
73
76
81
86
93
101
108
115
120
123
124
123
119
113
106
98
89
82
75
70
67
66
67
69
73
77
81
84
86
86
83
77
69
58
46
32
18
4
-8
-19
-27
-33
-35
-33
-29
-22
-13
-4
5
14
22
28
30
30
27
21
12
1
-11
-25
-40
-54
-67
-79
-89
-97
-102
-105
-106
-104
-101
-95
-89
-81
-72
-63
-54
-44
-35
-26
-18
-10
-3
3
10
17
23
30
37
44
51
58
65
71
76
80
83
84
84
82
78
73
67
61
54
49
44
40
39
40
42
47
54
61
69
77
83
87
88
85
79
67
52
33
11
-12
-38
-63
-88
-110
-129
-145
-156
-163
-164
-160
-151
-139
-123
-105
-85
-65
-46
-28
-13
-1
7
13
15
15
11
6
-1
-9
-18
-27
-36
-44
-51
-55
-57
-56
-53
-46
-36
-23
-7
9
27
46
65
82
98
110
119
125
126
123
116
105
90
73
55
35
14
-4
-22
-37
-50
-60
-67
-71
-73
-74
-73
-74
-75
-79
-85
-94
-106
-120
-136
-153
-169
-183
-195
-202
-204
-201
-191
-175
-153
-126
-94
-59
-23
11
45
74
98
115
123
123
113
95
68
35
-3
-45
-88
-131
-171
-206
-236
-258
-273
-279
-278
-270
-255
-234
-209
-181
-151
-121
-90
-59
-29
0
28
57
86
115
145
176
208
240
272
303
332
358
380
398
411
419
420
417
408
396
381
363
345
327
310
294
280
268
258
249
241
231
220
207
189
167
140
107
69
25
-22
-74
-128
-183
-236
-286
-332
-371
-402
-424
-438
-441
-436
-422
-401
-373
-341
-305
-267
-228
-189
-150
-113
-77
-41
-6
28
64
101
140
181
225
270
317
363
408
450
487
517
537
546
543
526
494
448
388
316
233
143
47
-50
-145
-237
-320
-393
-453
-499
-530
-544
-544
-529
-501
-462
-413
-358
-297
-234
-170
-107
-48
6
56
100
137
167
191
207
217
222
221
216
208
196
183
167
151
134
117
100
84
67
49
32
14
-3
-22
-41
-61
-80
-98
-115
-129
-139
-146
-148
-144
-135
-122
-104
-82
-58
-33
-9
13
32
47
57
61
58
50
35
15
-9
-38
-69
-102
-134
-166
-195
-220
-242
-258
-269
-275
-276
-272
-265
-254
-241
-226
-210
-195
-180
-166
-153
-142
-131
-121
-112
-104
-95
-87
-77
-67
-57
-46
-34
-23
-11
0
9
18
25
32
38
43
49
54
61
68
75
84
92
101
108
115
119
120
118
112
103
89
72
51
27
2
-23
-48
-71
-90
-104
-113
-114
-108
-93
-72
-44
-10
27
67
108
147
183
214
239
256
265
266
259
244
223
196
166
133
100
67
37
11
-9
-24
-34
-37
-34
-26
-14
1
20
39
58
75
89
100
106
108
106
98
87
72
55
36
16
-2
-20
-36
-50
-60
-66
-69
-68
-64
-57
-49
-39
-29
-20
-11
-4
0
2
2
0
-3
-9
-17
-26
-37
-48
-60
-71
-82
-93
-102
-109
-115
-118
-119
-117
-112
-105
-94
-80
-62
-42
-17
10
41
75
112
150
190
231
272
312
350
387
419
448
472
490
501
505
501
489
468
440
404
363
316
267
215
163
113
65
20
-19
-54
-84
-109
-130
-146
-159
-169
-177
-184
-189
-195
-201
-208
-215
-225
-235
-246
-258
-270
-281
-291
-300
-305
-307
-306
-301
-291
-278
-261
-241
-218
-194
-168
-143
-119
-97
-77
-61
-47
-38
-32
-29
-30
-34
-40
-50
-62
-76
-93
-111
-132
-153
-176
-199
-222
-244
-263
-278
-288
-292
-289
-277
-257
-227
-188
-139
-83
-20
48
120
193
265
335
399
456
504
543
570
586
590
583
565
538
502
460
412
361
309
255
203
152
103
58
16
-21
-56
-87
-114
-138
-160
-178
-194
-207
-219
-228
-237
-243
-249
-254
-259
-264
-269
-274
-279
-285
-291
-296
-301
-305
-307
-306
-302
-294
-281
-263
-239
-211
-178
-142
-101
-59
-16
26
67
107
143
175
202
225
243
257
267
273
277
278
277
275
272
268
263
258
251
243
234
223
209
194
177
158
139
119
100
81
65
51
39
30
24
19
16
15
14
13
11
9
5
0
-7
-16
-26
-37
-50
-62
-74
-86
-96
-104
-111
-116
-118
-119
-119
-118
-117
-116
-116
-117
-119
-122
-127
-133
-139
-145
-150
-154
-157
-157
-155
-150
-142
-132
-120
-107
-92
-76
-60
-45
-30
-17
-5
5
13
19
23
25
25
23
18
12
4
-5
-16
-27
-39
-50
-59
-67
-71
-73
-70
-63
-53
-39
-21
-1
19
41
63
83
100
115
127
134
138
139
136
130
122
112
101
90
78
67
56
47
39
31
25
20
16
13
9
6
3
0
-4
-9
-15
-21
-28
-36
-44
-53
-61
-69
-75
-80
-84
-85
-83
-79
-73
-64
-53
-39
-25
-10
4
19
32
42
50
54
53
49
40
27
11
-7
-27
-48
-68
-86
-102
-114
-122
-125
-124
-119
-111
-99
-86
-71
-56
-42
-29
-18
-9
-2
3
7
10
14
17
22
27
34
42
51
60
70
78
85
91
94
94
92
87
79
70
59
47
36
25
15
8
3
1
2
7
15
26
39
54
70
86
100
113
123
129
132
132
127
120
110
98
85
71
59
48
39
32
29
28
30
35
41
49
56
64
70
75
78
78
75
71
64
55
44
33
20
7
-5
-17
-30
-42
-53
-63
-72
-79
-84
-87
-86
-83
-76
-66
-54
-38
-22
-4
12
28
41
51
57
59
57
50
39
26
11
-4
-19
-33
-44
-52
-56
-55
-51
-42
-29
-13
5
25
46
66
85
102
116
127
133
134
130
122
108
90
68
43
14
-15
-46
-77
-107
-136
-162
-186
-205
-220
-231
-236
-237
-234
-226
-215
-200
-183
-165
-145
-125
-105
-85
-65
-46
-28
-11
5
22
38
53
68
83
97
109
120
129
137
141
143
143
141
136
130
123
115
106
96
86
76
65
55
43
32
20
8
-3
-15
-26
-37
-46
-54
-61
-66
-69
-70
-71
-70
-68
-67
-65
-65
-65
-66
-69
-72
-76
-80
-85
-88
-91
-93
-94
-93
-90
-87
-82
-76
-69
-62
-55
-47
-39
-32
-24
-16
-7
1
10
21
31
42
52
62
71
79
85
90
93
94
94
93
91
88
86
84
82
80
79
77
76
73
70
66
60
52
43
32
20
6
-7
-22
-37
-51
-64
-75
-84
-90
-94
-95
-95
-93
-89
-86
-82
-79
-77
-75
-75
-76
-78
-81
-86
-90
-95
-101
-105
-109
-111
-111
-108
-102
-91
-77
-58
-35
-9
20
51
83
114
143
169
190
205
213
213
206
191
170
142
110
75
38
2
-33
-66
-96
-122
-143
-159
-170
-175
-175
-170
-159
-144
-125
-103
-77
-49
-19
10
40
70
97
121
142
158
170
177
178
174
165
152
133
112
87
60
32
3
-25
-52
-77
-100
-120
-137
-150
-159
-165
-166
-164
-159
-151
-140
-127
-113
-98
-84
-70
-59
-49
-42
-37
-34
-31
-30
-28
-25
-21
-14
-4
9
25
44
65
86
107
127
143
155
162
164
160
152
139
124
107
92
78
67
61
60
65
74
88
105
125
144
163
179
192
200
202
200
191
178
161
141
119
96
74
53
34
17
3
-8
-18
-26
-34
-40
-47
-54
-61
-70
-78
-87
-96
-105
-113
-120
-127
-132
-135
-137
-137
-136
-133
-129
-124
-116
-108
-97
-86
-72
-57
-40
-22
-3
17
38
59
79
99
116
131
144
153
159
162
161
158
152
143
133
122
109
97
84
71
59
48
36
25
14
3
-8
-20
-33
-47
-62
-79
-96
-113
-131
-148
-164
-179
-191
-201
-207
-209
-206
-200
-190
-176
-159
-141
-121
-103
-87
-73
-64
-59
-58
-63
-70
-81
-92
-103
-112
-117
-115
-107
-91
-67
-35
2
47
94
144
193
238
278
311
335
349
352
344
325
297
261
218
172
123
74
28
-12
-47
-75
-93
-103
-102
-92
-74
-48
-17
18
56
94
130
162
188
206
216
217
208
190
163
129
88
42
-6
-55
-104
-151
-193
-231
-264
-291
-312
-328
-340
-347
-351
-352
-350
-346
-340
-331
-321
-308
-292
-275
-256
-234
-212
-189
-166
-143
-121
-101
-83
-67
-54
-44
-35
-29
-24
-19
-15
-10
-4
3
12
23
35
48
63
77
92
107
120
133
145
156
165
173
180
185
188
190
189
186
182
174
165
154
141
126
111
95
79
63
49
37
28
21
17
16
17
21
26
32
38
42
46
47
46
43
37
29
19
8
-2
-13
-23
-30
-36
-38
-36
-31
-23
-13
0
13
27
40
53
63
71
77
81
82
82
80
78
75
73
72
71
71
72
75
78
81
85
88
90
92
91
89
84
76
66
53
37
20
2
-17
-37
-56
-74
-91
-105
-117
-126
-132
-136
-136
-135
-133
-130
-126
-123
-122
-122
-124
-128
-134
-143
-153
-164
-175
-186
-196
-203
-208
-209
-205
-197
-183
-164
-140
-112
-79
-43
-4
34
72
109
142
171
194
211
221
224
220
209
193
173
149
125
100
77
58
43
33
29
30
37
48
63
80
98
115
131
143
152
156
155
149
139
125
108
88
67
45
23
2
-16
-34
-50
-64
-76
-86
-96
-103
-110
-116
-120
-124
-126
-127
-128
-127
-125
-123
-120
-117
-114
-111
-109
-107
-106
-106
-106
-107
-107
-107
-107
-105
-103
-99
-93
-86
-77
-67
-55
-42
-27
-12
4
21
39
57
76
95
114
133
152
170
187
203
216
228
236
241
242
240
233
222
206
186
161
133
100
65
27
-12
-52
-92
-131
-166
-197
-224
-244
-258
-265
-265
-257
-242
-221
-195
-164
-130
-94
-58
-22
11
43
71
95
115
130
143
151
157
160
161
161
160
158
155
153
149
145
141
134
127
117
105
91
75
56
36
15
-6
-28
-50
-70
-88
-103
-114
-122
-126
-125
-120
-112
-100
-85
-68
-51
-34
-17
-3
8
17
22
25
24
21
15
9
2
-4
-10
-15
-18
-18
-16
