70
32
-6
-45
-81
-114
-142
-163
-177
-184
-184
-177
-164
-145
-122
-96
-67
-38
-9
18
43
66
86
103
116
125
130
131
129
122
112
99
84
66
47
28
9
-8
-24
-38
-49
-56
-61
-62
-60
-56
-49
-41
-31
-21
-11
-1
7
15
22
28
32
34
35
34
31
28
23
17
11
4
0
-5
-8
-9
-7
-2
5
15
28
42
57
71
84
93
98
98
92
79
60
34
1
-35
-77
-120
-164
-206
-244
-276
-299
-314
-317
-308
-288
-255
-212
-159
-98
-31
40
114
187
259
326
387
441
486
521
546
562
567
562
548
525
495
458
415
366
313
257
198
138
78
20
-36
-88
-137
-181
-219
-252
-280
-303
-322
-338
-350
-360
-367
-373
-378
-382
-383
-384
-382
-377
-370
-359
-344
-325
-302
-276
-246
-213
-178
-143
-109
-76
-46
-20
0
15
26
30
30
26
18
8
-3
-13
-23
-30
-34
-33
-29
-20
-7
9
28
49
72
95
118
139
160
179
196
212
227
242
256
271
287
304
323
344
366
388
411
433
453
468
479
482
478
464
441
408
364
312
251
183
109
31
-48
-128
-206
-281
-350
-413
-467
-511
-544
-566
-577
-575
-563
-540
-507
-467
-421
-370
-316
-262
-208
-158
-111
-70
-35
-8
11
23
28
26
18
6
-9
-27
-46
-64
-82
-97
-109
-116
-120
-118
-113
-102
-88
-70
-49
-28
-6
13
30
44
52
56
54
46
34
19
3
-12
-26
-35
-39
-36
-25
-5
22
58
101
149
201
255
309
360
407
447
479
501
510
506
488
454
406
344
269
183
88
-12
-116
-220
-321
-416
-503
-579
-643
-694
-732
-754
-763
-757
-737
-704
-660
-604
-539
-466
-386
-302
-215
-127
-40
44
125
199
267
327
379
421
455
481
499
511
517
519
517
513
507
498
488
475
459
440
417
389
357
320
279
235
188
141
94
50
8
-28
-60
-85
-104
-116
-123
-123
-120
-112
-103
-92
-82
-72
-64
-59
-56
-56
-59
-64
-73
-84
-96
-111
-127
-145
-163
-183
-202
-221
-239
-256
-272
-284
-294
-301
-304
-303
-299
-290
-277
-261
-241
-218
-192
-165
-136
-106
-76
-47
-18
7
31
53
72
87
99
108
114
116
116
114
110
106
101
96
92
89
87
87
87
89
90
92
93
92
89
84
76
66
52
36
19
1
-15
-30
-42
-49
-49
-43
-29
-7
21
56
96
139
183
226
266
300
328
347
358
360
353
337
315
288
256
223
188
155
123
94
68
45
26
10
-2
-14
-24
-34
-43
-52
-61
-70
-79
-88
-97
-106
-116
-127
-139
-152
-166
-181
-198
-216
-233
-251
-268
-283
-297
-310
-320
-329
-336
-342
-347
-350
-353
-354
-354
-353
-349
-343
-335
-324
-309
-291
-270
-245
-218
-188
-155
-121
-85
-48
-11
26
64
102
140
178
216
253
290
326
360
391
420
446
467
483
493
498
497
490
478
461
441
418
393
368
343
320
298
280
264
252
242
235
231
229
228
229
229
229
227
222
213
199
179
152
117
75
26
-29
-89
-152
-216
-279
-339
-392
-438
-475
-501
-516
-520
-513
-495
-469
-436
-398
-356
-314
-272
-233
-197
-167
-142
-122
-108
-97
-91
-86
-83
-80
-76
-70
-63
-53
-40
-25
-7
12
34
58
83
108
134
158
180
199
216
228
236
239
239
234
227
216
203
189
175
161
148
137
128
121
116
113
111
110
109
106
103
96
88
76
61
44
25
4
-17
-39
-60
-80
-98
-114
-127
-137
-146
-152
-156
-160
-163
-165
-167
-169
-171
-172
-173
-174
-174
-174
-173
-172
-172
-173
-176
-180
-187
-197
-209
-223
-239
-256
-273
-288
-301
-311
-315
-313
-304
-287
-263
-232
-193
-149
-101
-50
2
53
101
145
182
213
235
250
257
257
251
241
229
215
202
191
182
176
174
174
178
183
188
194
198
200
198
193
183
169
149
125
97
66
33
-1
-35
-68
-99
-126
-149
-166
-178
-184
-184
-179
-168
-154
-137
-117
-96
-76
-56
-38
-23
-12
-4
-1
-2
-7
-16
-29
-44
-62
-80
-98
-114
-128
-138
-144
-144
-139
-128
-112
-91
-66
-38
-8
20
49
76
100
120
136
148
157
163
166
167
167
167
168
169
171
174
178
181
185
188
189
187
183
176
166
153
137
121
103
85
68
53
40
29
21
16
14
14
16
20
26
32
38
44
50
55
58
59
59
57
53
47
40
32
22
11
0
-11
-23
-35
-46
-58
-69
-79
-89
-99
-108
-117
-126
-136
-146
-158
-172
-187
-203
-221
-240
-258
-277
-293
-307
-316
-322
-322
-316
-305
-288
-267
-241
-213
-183
-154
-125
-97
-73
-52
-34
-18
-5
7
20
35
54
78
108
145
190
242
300
362
427
492
553
609
657
692
714
721
710
683
640
582
513
434
350
265
183
107
40
-14
-57
-88
-106
-113
-112
-105
-94
-84
-75
-71
-73
-83
-102
-130
-166
-209
-258
-311
-365
-418
-468
-513
-550
-578
-596
-602
-597
-580
-552
-513
-466
-412
-352
-289
-223
-157
-92
-31
26
78
124
163
196
221
240
252
259
260
257
249
239
226
210
193
175
156
135
113
91
68
45
22
0
-22
-42
-60
-76
-88
-95
-98
-96
-89
-76
-59
-38
-14
11
37
63
87
108
124
136
142
144
140
131
120
105
89
73
57
43
31
21
15
10
8
8
9
11
13
15
17
17
17
16
14
11
7
3
-1
-7
-14
-21
-28
-36
-44
-51
-57
-63
-66
-68
-68
-66
-61
-55
-47
-38
-28
-18
-8
0
6
11
14
14
12
9
3
-2
-9
-16
-22
-27
-32
-34
-36
-36
-34
-32
-30
-27
-25
-23
-23
-23
-25
-28
-31
-34
-36
-36
-33
-28
-19
-5
11
32
56
82
109
135
159
179
194
202
203
197
182
160
130
95
56
14
-27
-67
-102
-133
-156
-170
-177
-175
-165
-150
-129
-106
-82
-60
-39
-23
-12
-7
-8
-14
-26
-42
-61
-83
-104
-125
-143
-157
-166
-169
-166
-156
-139
-117
-90
-60
-29
0
28
51
69
79
80
73
56
32
1
-35
-75
-116
-157
-196
-230
-259
-282
-297
-305
-306
-300
-288
-271
-250
-226
-199
-169
-138
-106
-73
-38
-3
31
68
105
143
183
223
264
305
347
388
429
468
505
538
566
587
600
604
598
581
552
513
463
404
338
266
191
116
42
-27
-91
-148
-197
-238
-270
-294
-311
-323
-331
-336
-339
-343
-347
-353
-359
-366
-373
-379
-383
-384
-380
-372
-357
-335
-306
-269
-223
-169
-107
-38
35
111
187
260
326
383
428
460
477
479
468
444
410
366
317
264
209
155
104
57
15
-19
-49
-71
-88
-100
-108
-112
-113
-113
-113
-113
-113
-114
-115
-118
-121
-124
-127
-129
-129
-129
-126
-122
-117
-110
-103
-96
-90
-85
-82
-82
-86
-93
-105
-120
-138
-159
-181
-202
-223
-241
-254
-262
-264
-258
-245
-224
-197
-163
-124
-81
-35
11
58
103
146
187
224
258
289
318
344
369
393
417
440
463
486
509
529
547
562
571
575
571
560
541
514
479
437
390
338
284
229
174
122
73
29
-10
-44
-73
-97
-117
-134
-148
-161
-174
-187
-201
-216
-232
-248
-265
-282
-299
-314
-327
-338
-346
-351
-353
-352
-349
-344
-336
-328
-318
-307
-296
-284
-272
-260
-247
-234
-220
-205
-190
-173
-156
-138
-120
-101
-82
-62
-42
-22
-2
16
34
52
69
85
99
112
123
133
141
147
151
153
154
154
153
151
149
146
144
142
141
141
142
144
147
151
156
161
166
170
172
172
169
163
153
138
120
97
71
43
12
-19
-50
-80
-107
-131
-151
-165
-175
-179
-178
-173
-164
-152
-138
-122
-107
-92
-78
-65
-54
-45
-37
-31
-27
-24
-22
-21
-21
-22
-23
-25
-27
-30
-33
-36
-38
-41
-44
-46
-48
-49
-49
-49
-48
-46
-43
-39
-35
-29
-23
-16
-8
0
10
19
28
37
44
50
53
55
54
51
45
38
29
19
8
-1
-12
-21
-29
-35
-38
-39
-38
-34
-27
-18
-7
3
15
27
38
47
53
57
58
56
52
46
39
31
23
15
8
3
0
-3
-5
-7
-9
-11
-14
-19
-25
-33
-43
-54
-66
-80
-93
-106
-117
-127
-135
-140
-143
-142
-138
-132
-123
-112
-99
-85
-69
-53
-37
-20
-4
11
27
43
59
75
91
107
123
139
156
172
188
204
219
233
245
255
261
263
260
252
239
219
195
165
130
93
54
13
-25
-62
-97
-127
-152
-173
-188
-197
-203
-203
-201
-195
-187
-178
-167
-157
-145
-134
-122
-110
-97
-83
-68
-51
-33
-14
4
24
44
63
80
95
107
116
122
125
124
119
111
99
84
66
45
22
-2
-29
-55
-79
-101
-119
-131
-136
-134
-123
-102
-73
-36
8
58
113
169
224
276
322
361
389
407
413
407
390
363
328
286
239
191
142
95
51
11
-22
-51
-73
-90
-101
-107
-110
-110
-108
-105
-103
-101
-100
-101
-103
-106
-110
-113
-116
-118
-118
-116
-111
-104
-94
-83
-70
-56
-43
-31
-20
-13
-9
-9
-13
-22
-34
-50
-68
-88
-110
-132
-153
-174
-194
-213
-231
-248
-264
-280
-294
-308
-320
-330
-338
-343
-344
-341
-333
-320
-301
-278
-250
-217
-180
-140
-98
-55
-12
29
69
106
139
168
192
212
228
239
246
251
253
254
254
254
254
256
259
264
270
278
288
298
308
318
326
332
335
335
331
322
309
291
270
245
216
186
153
119
84
49
13
-21
-56
-90
-124
-157
-190
-221
-252
-280
-306
-329
-348
-363
-372
-375
-372
-363
-348
-327
-301
-272
-241
-208
-175
-144
-116
-92
-72
-58
-49
-46
-49
-56
-67
-81
-97
-112
-127
-139
-148
-153
-153
-149
-140
-127
-110
-91
-70
-47
-24
-1
21
43
64
85
105
125
143
161
178
194
208
220
229
235
238
237
233
225
215
203
189
174
159
145
132
121
113
107
104
105
108
115
123
133
145
156
166
174
179
179
175
165
150
129
104
74
41
7
-27
-60
-91
-117
-138
-152
-159
-160
-153
-141
-124
-105
-84
-63
-45
-30
-20
-15
-15
-21
-31
-44
-59
-75
-91
-104
-114
-120
-121
-116
-107
-91
-71
-46
-17
14
47
81
115
148
178
206
229
248
262
270
273
269
260
244
223
197
167
133
98
61
25
-8
-39
-68
-91
-111
-126
-136
-143
-145
-145
-142
-137
-130
-122
-113
-104
-93
-82
-71
-58
-46
-32
-18
-4
9
23
36
47
57
65
71
74
75
74
70
65
58
49
40
29
18
7
-2
-12
-21
-29
-35
-39
-41
-41
-39
-36
-32
-26
-21
-15
-10
-7
-5
-5
-8
-13
-20
-30
-42
-56
-70
-85
-100
-113
