-54
-49
-40
-27
-9
11
35
61
87
114
140
163
182
198
209
214
214
209
199
185
166
144
120
94
67
39
12
-13
-39
-63
-85
-105
-123
-138
-150
-160
-166
-169
-169
-166
-160
-152
-143
-132
-120
-107
-95
-82
-69
-57
-45
-33
-22
-11
0
8
17
26
33
40
46
50
52
53
52
49
44
36
27
16
3
-9
-22
-35
-48
-58
-67
-72
-76
-76
-74
-69
-61
-52
-41
-28
-15
-2
10
23
34
44
53
61
68
74
80
86
92
100
109
120
133
148
165
184
205
227
250
272
294
315
333
349
361
370
374
373
368
357
341
319
293
261
224
182
137
89
38
-13
-66
-119
-170
-219
-265
-308
-347
-380
-409
-432
-450
-462
-468
-469
-464
-454
-439
-420
-397
-370
-341
-310
-279
-247
-215
-185
-157
-130
-107
-86
-69
-55
-44
-37
-32
-31
-33
-37
-44
-53
-64
-77
-91
-107
-124
-142
-160
-179
-196
-211
-223
-231
-233
-228
-217
-197
-168
-132
-87
-36
20
81
144
207
269
327
379
423
459
485
500
505
500
484
460
429
391
349
304
257
211
167
126
89
56
28
5
-12
-25
-33
-38
-39
-37
-32
-25
-15
-3
10
25
40
55
69
82
92
99
101
99
92
80
62
40
13
-15
-47
-79
-111
-140
-164
-184
-197
-204
-203
-195
-181
-161
-137
-109
-81
-52
-25
-2
16
29
36
37
32
21
5
-14
-37
-60
-84
-105
-123
-138
-148
-153
-153
-148
-138
-125
-108
-89
-69
-47
-25
-4
17
38
59
80
101
123
146
170
195
220
245
269
292
313
330
343
351
352
347
334
314
285
248
203
151
91
26
-43
-117
-192
-268
-343
-414
-481
-542
-595
-638
-672
-695
-705
-703
-689
-662
-623
-572
-511
-439
-360
-274
-182
-87
10
107
203
297
387
473
552
625
691
749
799
840
873
898
914
922
921
912
894
869
836
796
750
697
639
576
510
441
371
300
228
157
87
19
-48
-113
-176
-236
-293
-347
-398
-444
-486
-524
-558
-586
-609
-626
-638
-644
-643
-637
-624
-604
-578
-546
-508
-464
-416
-364
-311
-256
-203
-152
-106
-65
-32
-8
5
9
3
-12
-37
-70
-109
-152
-197
-242
-286
-325
-359
-386
-407
-419
-425
-424
-416
-404
-388
-369
-348
-326
-303
-280
-257
-234
-209
-183
-155
-124
-90
-52
-11
33
80
128
176
223
268
307
341
367
386
396
398
392
380
362
340
316
292
270
251
237
228
227
232
243
260
282
309
337
367
398
427
454
478
498
513
522
527
525
519
508
493
474
453
430
406
381
355
328
300
270
238
203
165
123
76
25
-29
-87
-149
-214
-280
-346
-412
-476
-537
-594
-645
-690
-727
-756
-777
-789
-792
-787
-774
-753
-724
-687
-643
-592
-534
-469
-399
-324
-245
-164
-82
0
78
153
221
281
332
371
398
412
411
397
370
330
279
218
149
75
0
-76
-149
-216
-274
-322
-356
-375
-378
-364
-333
-285
-222
-143
-52
50
160
275
391
505
612
709
792
857
903
929
932
915
878
823
752
669
577
477
374
269
165
63
-35
-129
-218
-303
-383
-459
-529
-595
-656
-712
-762
-805
-842
-871
-892
-904
-908
-901
-884
-858
-820
-772
-713
-644
-564
-474
-376
-270
-157
-40
79
199
316
428
532
626
707
774
825
860
879
883
872
848
814
770
720
666
608
549
490
431
373
316
259
204
150
96
44
-6
-56
-103
-146
-186
-221
-252
-276
-295
-308
-317
-320
-321
-318
-314
-309
-305
-301
-299
-299
-301
-304
-309
-315
-322
-328
-333
-336
-337
-334
-328
-318
-305
-288
-267
-244
-218
-191
-162
-133
-105
-78
-52
-27
-4
17
37
56
74
92
109
127
146
165
185
206
227
249
270
290
309
325
339
349
356
359
358
352
343
330
313
293
270
244
217
188
158
129
100
72
46
22
1
-17
-32
-45
-56
-64
-70
-73
-75
-74
-70
-63
-52
-36
-16
8
37
71
108
147
187
224
258
287
307
319
320
310
289
257
215
165
107
43
-23
-92
-161
-229
-292
-349
-398
-438
-468
-485
-491
-484
-464
-434
-394
-345
-291
-232
-171
-110
-52
1
49
91
125
151
169
180
183
181
174
162
147
130
111
92
73
54
36
20
5
-7
-18
-28
-35
-41
-44
-45
-45
-43
-39
-35
-30
-24
-19
-13
-9
-6
-3
-2
-2
-4
-6
-10
-16
-22
-29
-37
-46
-54
-62
-70
-77
-82
-87
-90
-91
-90
-88
-85
-79
-72
-64
-54
-44
-33
-22
-11
0
8
16
22
27
30
31
31
30
27
24
21
17
14
11
9
7
7
7
8
9
11
13
15
16
16
15
13
10
5
0
-7
-14
-22
-30
-38
-45
-51
-56
-59
-61
-61
-61
-59
-57
-54
-50
-46
-41
-35
-29
-21
-12
-1
10
25
40
57
75
93
110
126
139
150
158
162
162
158
150
139
124
106
86
65
42
19
-3
-25
-46
-65
-84
-100
-115
-128
-138
-146
-152
-154
-154
-151
-145
-137
-127
-116
-104
-92
-79
-66
-54
-41
-28
-16
-3
9
21
33
43
52
58
61
60
56
47
34
17
-2
-25
-48
-72
-95
-116
-133
-146
-152
-153
-148
-137
-120
-98
-71
-42
-10
22
55
87
118
147
173
197
217
235
250
261
270
276
279
280
279
276
272
268
264
261
259
259
261
264
268
271
274
273
267
256
236
207
168
119
61
-5
-78
-156
-235
-313
-388
-455
-515
-563
-600
-624
-636
-635
-623
-600
-568
-529
-483
-433
-381
-327
-272
-219
-167
-118
-72
-29
8
42
71
95
115
130
140
147
151
152
151
150
149
149
149
152
156
162
170
178
188
197
206
213
218
220
219
214
206
194
179
161
142
121
101
80
61
43
28
16
6
0
-4
-5
-5
-3
0
2
5
6
7
5
1
-5
-14
-25
-39
-55
-72
-90
-108
-125
-141
-154
-163
-169
-170
-165
-156
-141
-122
-99
-73
-44
-15
13
40
63
83
97
106
109
106
98
84
66
44
19
-7
-34
-61
-87
-109
-128
-142
-150
-151
-146
-133
-112
-86
-54
-17
21
62
103
141
175
205
228
244
253
255
250
239
224
205
185
163
141
121
102
84
68
54
40
27
13
0
-14
-30
-47
-64
-82
-101
-119
-136
-152
-165
-177
-184
-188
-188
-183
-173
-158
-138
-113
-85
-53
-18
17
55
92
128
161
191
216
236
248
254
252
242
225
202
173
140
105
69
34
2
-25
-48
-64
-74
-77
-73
-65
-51
-35
-17
0
17
32
44
53
58
59
56
50
41
28
14
-2
-20
-40
-61
-82
-104
-125
-144
-163
-179
-193
-205
-213
-218
-220
-218
-213
-204
-193
-180
-164
-148
-131
-114
-99
-86
-75
-68
-63
-61
-62
-65
-69
-73
-77
-80
-80
-78
-73
-64
-53
-38
-20
-1
18
38
58
76
91
102
110
115
115
113
108
102
94
86
80
74
70
67
66
66
67
67
67
65
61
55
46
35
21
6
-9
-25
-41
-55
-66
-76
-82
-85
-85
-82
-78
-71
-64
-56
-48
-40
-33
-26
-20
-13
-6
0
8
17
27
36
45
52
57
59
57
50
38
21
0
-25
-52
-80
-108
-133
-154
-171
-181
-185
-183
-174
-161
-143
-122
-99
-77
-56
-37
-22
-11
-4
-1
-2
-5
-10
-15
-18
-19
-15
-7
5
23
45
72
101
132
163
192
218
239
255
264
266
259
246
225
198
166
130
93
54
17
-16
-46
-72
-92
-107
-115
-118
-115
-108
-97
-83
-66
-48
-29
-10
8
25
42
58
72
86
99
112
126
141
157
174
191
208
225
240
252
261
266
265
259
247
228
204
175
141
105
67
29
-6
-39
-66
-87
-101
-107
-105
-96
-80
-58
-32
-4
23
50
75
95
111
121
125
125
119
110
98
85
70
56
43
31
22
15
11
10
11
15
22
30
40
51
63
76
87
98
107
113
116
115
109
98
80
56
25
-12
-55
-104
-157
-213
-271
-330
-387
-443
-494
-541
-582
-616
-644
-664
-677
-682
-681
-674
-661
-642
-619
-592
-561
-528
-492
-455
-417
-378
-339
-300
-261
-223
-185
-147
-109
-69
-28
14
60
109
161
216
273
332
392
451
507
561
609
651
685
710
726
731
727
712
688
655
614
568
516
462
406
350
294
241
190
142
98
58
21
-11
-42
-70
-96
-120
-144
-166
-188
-209
-229
-247
-263
-278
-289
-298
-303
-305
-304
-299
-291
-280
-266
-251
-234
-217
-199
-181
-164
-149
-135
-124
-114
-107
-102
-98
-96
-94
-93
-91
-89
-85
-79
-72
-62
-50
-36
-21
-5
11
28
43
56
67
74
77
76
71
62
50
36
21
7
-5
-16
-21
-21
-15
0
20
50
87
130
178
229
281
331
377
416
447
467
474
469
451
421
379
327
269
205
139
73
10
-47
-98
-142
-176
-202
-218
-226
-225
-218
-204
-186
-163
-138
-111
-84
-56
-29
-5
16
34
49
58
63
62
56
45
30
11
-9
-32
-54
-76
-95
-111
-124
-132
-137
-137
-133
-126
-117
-105
-91
-77
-61
-45
-28
-9
10
32
56
82
111
141
172
204
234
263
288
309
325
335
339
339
333
324
313
300
289
279
272
269
268
269
272
275
275
271
261
243
216
180
133
77
13
-58
-134
-213
-293
-371
-445
-513
-574
-625
-667
-698
-718
-728
-728
-719
-702
-677
-647
-612
-572
-529
-482
-432
-379
-324
-266
-207
-146
-86
-26
30
84
131
171
203
226
238
240
232
215
191
162
129
94
61
31
6
-12
-24
-27
-22
-10
8
33
61
92
124
154
181
205
224
236
243
244
239
229
214
197
177
157
136
117
99
84
71
61
53
48
44
42
41
41
42
43
45
47
50
54
58
64
70
76
84
92
100
110
119
129
140
150
160
169
176
182
185
186
183
176
165
150
130
105
74
39
0
-43
-90
-140
-191
-242
-293
-342
-387
-428
-463
-492
-514
-527
-533
-531
-521
-504
-479
-449
-412
-371
-326
-277
-226
-173
-120
-66
-12
39
89
137
181
222
260
293
323
348
369
386
399
407
412
412
408
399
386
369
347
320
289
255
217
178
138
99
62
30
2
-19
-33
-41
-40
-34
-21
-4
14
33
51
65
74
76
69
55
32
2
-33
-73
-116
-160
-202
-241
-276
-304
-325
-339
-345
-342
-332
-315
-292
-263
-230
-194
-157
-119
-82
-47
-15
13
38
58
74
86
93
96
96
91
84
73
59
42
22
0
-24
-50
-77
-104
-130
-154
-175
-191
-202
-206
-204
-194
-176
-152
-121
-84
-43
0
44
89
132
171
205
233
255
269
276
277
270
258
242
222
200
