-77
-67
-55
-43
-29
-15
-1
12
25
37
48
58
65
71
75
76
76
73
69
63
55
46
36
25
13
1
-10
-22
-34
-45
-55
-64
-72
-79
-84
-88
-90
-92
-93
-92
-91
-90
-87
-84
-80
-75
-69
-62
-53
-44
-33
-22
-9
4
18
33
49
64
79
93
105
116
124
130
133
133
129
123
113
102
88
73
57
41
25
10
-2
-13
-22
-29
-34
-38
-40
-40
-40
-38
-36
-34
-31
-28
-25
-22
-18
-15
-12
-9
-6
-4
-2
-1
-1
-2
-5
-10
-17
-27
-38
-52
-68
-85
-104
-123
-142
-161
-179
-194
-208
-219
-227
-231
-231
-227
-218
-206
-190
-171
-148
-123
-95
-66
-36
-4
27
60
93
125
157
188
217
244
268
289
306
319
327
332
333
330
324
316
307
297
288
279
272
266
262
259
258
256
254
250
243
233
219
200
177
149
117
82
45
6
-33
-73
-112
-149
-185
-218
-247
-274
-297
-317
-333
-345
-354
-359
-363
-364
-363
-361
-359
-356
-354
-353
-352
-353
-355
-358
-362
-367
-371
-375
-377
-376
-371
-362
-348
-327
-300
-267
-228
-183
-133
-79
-23
33
90
145
197
244
285
321
349
370
384
392
394
390
383
374
363
351
341
331
324
318
315
314
314
315
317
319
320
320
318
314
306
295
280
262
239
212
182
148
112
75
36
-2
-41
-78
-112
-144
-173
-198
-218
-235
-247
-256
-261
-264
-264
-262
-259
-255
-251
-246
-242
-237
-233
-229
-225
-222
-219
-216
-214
-211
-209
-207
-205
-203
-200
-196
-191
-185
-176
-165
-152
-135
-116
-93
-66
-37
-5
28
62
97
131
164
193
219
239
255
264
266
262
250
232
208
179
146
110
73
36
2
-28
-54
-73
-86
-91
-88
-79
-63
-42
-17
10
38
66
91
113
131
144
151
154
151
145
135
123
109
95
81
69
59
52
47
46
46
49
54
58
62
64
63
57
46
29
6
-24
-60
-102
-149
-199
-252
-304
-356
-404
-448
-485
-514
-535
-547
-548
-539
-520
-492
-455
-411
-359
-302
-241
-176
-108
-40
29
98
167
234
300
362
421
475
523
564
597
621
635
637
628
606
572
526
468
401
325
243
158
72
-11
-89
-159
-218
-263
-293
-307
-305
-287
-254
-209
-154
-92
-27
39
103
163
215
257
289
309
316
312
296
270
234
190
139
83
24
-35
-95
-154
-211
-263
-310
-352
-387
-415
-436
-450
-456
-456
-449
-436
-417
-393
-365
-333
-297
-260
-221
-181
-142
-102
-63
-26
9
44
77
109
139
169
198
226
253
279
303
325
345
362
375
385
390
391
387
379
366
349
329
305
278
250
220
190
159
130
103
77
54
34
16
3
-7
-14
-19
-21
-21
-19
-17
-14
-11
-9
-8
-7
-7
-8
-10
-12
-14
-17
-20
-22
-24
-27
-29
-31
-32
-34
-36
-38
-41
-44
-47
-51
-56
-61
-67
-75
-83
-93
-105
-118
-134
-151
-170
-192
-216
-243
-272
-302
-333
-364
-394
-422
-447
-466
-478
-482
-478
-463
-438
-403
-357
-302
-239
-169
-95
-19
56
130
198
259
311
354
386
408
419
422
418
407
392
375
357
340
324
310
298
289
282
277
272
267
261
254
244
231
215
196
174
150
125
98
72
47
24
2
-16
-32
-46
-59
-70
-82
-93
-106
-120
-137
-156
-177
-200
-224
-250
-275
-300
-322
-342
-359
-372
-380
-385
-386
-382
-375
-366
-353
-339
-323
-305
-286
-267
-247
-226
-205
-184
-163
-142
-122
-102
-82
-64
-46
-30
-15
-1
11
23
33
43
53
64
75
87
101
117
135
154
175
196
219
240
262
281
299
314
326
335
340
341
337
330
319
304
285
263
239
214
187
160
133
108
85
64
46
31
19
11
5
3
2
3
5
7
9
10
9
7
3
-1
-7
-13
-18
-22
-24
-23
-20
-14
-6
3
14
25
36
45
52
57
58
55
49
39
25
10
-7
-26
-46
-65
-82
-98
-111
-122
-129
-135
-137
-137
-135
-131
-125
-118
-109
-99
-88
-75
-61
-46
-30
-14
3
21
39
58
76
93
109
123
135
145
152
156
158
157
155
150
144
137
129
120
111
101
91
80
67
54
38
21
0
-22
-49
-78
-111
-146
-182
-218
-253
-285
-314
-337
-352
-360
-358
-347
-325
-294
-254
-206
-152
-93
-32
29
89
145
196
240
276
303
321
330
329
320
302
278
247
211
172
129
86
42
0
-41
-79
-112
-141
-165
-183
-195
-202
-203
-200
-193
-183
-170
-155
-140
-124
-109
-95
-82
-70
-61
-53
-46
-41
-37
-34
-30
-25
-19
-11
-2
9
23
38
55
72
88
104
117
126
132
133
129
120
105
85
61
33
2
-29
-61
-91
-119
-143
-162
-176
-184
-185
-181
-172
-159
-142
-124
-106
-89
-74
-62
-54
-51
-52
-57
-66
-77
-90
-103
-115
-124
-129
-128
-122
-109
-89
-62
-30
6
46
87
128
167
202
232
255
271
281
283
278
268
253
235
214
192
170
148
128
110
94
79
67
56
45
36
26
16
4
-7
-21
-37
-54
-72
-91
-110
-129
-147
-163
-177
-188
-196
-201
-202
-199
-193
-183
-171
-156
-139
-121
-102
-81
-61
-40
-20
0
19
39
57
76
93
109
124
138
150
160
167
172
175
175
173
169
163
155
145
135
123
110
97
83
69
54
38
22
4
-13
-31
-50
-67
-83
-96
-104
-106
-103
-93
-76
-52
-22
11
48
87
124
159
188
211
226
233
230
218
198
170
136
97
56
14
-27
-65
-99
-128
-151
-166
-175
-177
-174
-166
-153
-138
-121
-103
-85
-68
-53
-39
-27
-17
-10
-6
-4
-5
-9
-16
-25
-37
-51
-67
-83
-99
-114
-126
-135
-139
-138
-129
-114
-92
-64
-30
8
48
89
129
165
197
222
240
250
252
247
235
218
197
172
146
119
93
69
48
29
14
3
-4
-8
-8
-6
-1
5
14
24
35
45
54
61
65
66
63
55
43
27
7
-16
-41
-68
-96
-122
-147
-168
-186
-199
-208
-212
-212
-208
-201
-192
-182
-173
-166
-161
-160
-162
-169
-179
-191
-205
-219
-231
-240
-243
-240
-229
-210
-183
-150
-109
-65
-17
31
78
123
164
200
230
253
271
284
291
295
296
295
294
292
291
290
291
293
296
299
303
305
306
305
300
291
277
258
235
206
172
134
94
51
7
-37
-80
-122
-162
-198
-231
-260
-285
-305
-320
-332
-340
-345
-348
-351
-354
-359
-367
-379
-396
-417
-444
-474
-507
-541
-575
-605
-630
-647
-654
-648
-629
-596
-547
-483
-404
-314
-213
-105
7
122
235
344
446
539
622
694
755
803
840
867
882
889
887
877
862
841
815
787
755
722
688
652
616
579
542
505
467
428
388
347
305
261
214
164
109
50
-15
-88
-168
-255
-348
-446
-546
-646
-743
-833
-914
-981
-1034
-1069
-1085
-1082
-1059
-1019
-962
-890
-806
-711
-609
-500
-389
-276
-162
-51
58
164
265
361
450
531
603
665
715
751
773
779
769
742
700
643
572
489
396
296
190
81
-27
-135
-240
-340
-436
-525
-607
-682
-748
-805
-851
-886
-907
-913
-903
-876
-830
-765
-682
-582
-467
-339
-203
-61
80
218
347
464
564
645
706
744
761
757
735
697
647
588
523
457
392
329
272
221
176
138
105
76
51
28
6
-16
-39
-65
-92
-121
-153
-185
-219
-253
-285
-315
-342
-364
-380
-390
-392
-385
-370
-345
-312
-271
-222
-168
-109
-48
13
75
133
188
237
279
314
342
362
374
379
378
371
359
343
324
301
277
250
222
191
158
123
84
44
1
-44
-90
-136
-181
-224
-262
-294
-320
-339
-349
-352
-348
-339
-324
-307
-290
-273
-259
-249
-244
-245
-251
-261
-274
-289
-304
-317
-326
-328
-323
-307
-282
-246
-199
-142
-77
-4
74
155
237
319
396
469
534
591
639
676
704
721
728
727
718
702
681
656
627
598
567
537
507
478
450
422
393
364
333
299
261
220
173
122
67
7
-56
-123
-191
-259
-325
-388
-445
-495
-536
-566
-586
-594
-590
-574
-547
-509
-461
-406
-344
-277
-207
-136
-63
8
79
150
219
287
356
424
493
562
631
698
763
822
874
915
942
952
941
909
853
774
673
552
415
266
109
-49
-206
-355
-493
-617
-724
-813
-883
-933
-965
-980
-979
-964
-938
-901
-855
-803
-745
-682
-616
-547
-476
-402
-327
-252
-177
-103
-31
36
99
157
209
252
288
315
333
343
346
342
331
314
294
269
242
213
182
152
121
92
63
37
11
-11
-32
-53
-71
-89
-105
-121
-135
-149
-162
-173
-182
-189
-193
-193
-190
-183
-172
-156
-135
-109
-79
-45
-8
31
71
112
152
188
221
247
268
280
285
280
267
246
217
181
139
94
46
-2
-50
-96
-138
-174
-205
-230
-248
-260
-265
-266
-263
-258
-250
-242
-233
-226
-220
-215
-213
-211
-212
-213
-216
-218
-220
-222
-221
-219
-214
-206
-195
-181
-163
-143
-120
-95
-68
-40
-12
14
40
64
85
104
120
132
141
147
151
153
153
152
150
148
146
144
142
139
136
133
129
124
119
113
106
99
92
84
76
68
59
49
39
28
16
2
-12
-29
-46
-65
-83
-102
-119
-136
-149
-160
-167
-171
-170
-164
-154
-139
-120
-97
-70
-40
-8
26
61
97
133
167
200
230
258
284
307
328
347
364
379
393
406
416
424
430
431
428
420
406
386
359
325
284
236
181
121
57
-11
-81
-153
-224
-293
-359
-420
-475
-522
-560
-588
-606
-613
-608
-592
-564
-527
-480
-425
-364
-299
-232
-165
-99
-38
18
70
114
153
185
211
233
250
264
275
285
294
303
311
319
327
335
341
346
349
349
347
341
332
320
304
285
263
239
213
187
160
132
105
78
52
26
1
-23
-47
-71
-95
-118
-141
-163
-183
-203
-221
-237
-252
-264
-275
-284
-291
-298
-305
-312
-320
-330
-342
-357
-375
-396
-420
-444
-470
-495
-517
-536
-549
-556
-555
-545
-526
-496
-457
-410
-354
-291
-223
-151
-77
-3
69
140
206
267
321
369
410
444
471
493
509
521
530
537
543
549
556
563
571
580
588
595
601
603
602
596
584
566
541
510
473
431
384
335
285
236
189
147
109
78
54
38
27
23
23
26
29
29
26
15
-4
-33
-75
-127
-191
-265
-346
-432
-520
-606
-687
-759
-819
-866
-896
-911
-910
-893
-863
-821
-770
-712
-649
-583
-516
-450
-386
-323
-263
-206
-151
-98
-48
0
47
92
135
176
213
245
273
296
312
322
326
323
315
303
287
269
250
230
211
194
178
163
150
137
124
110
95
77
56
32
6
-22
-51
-79
-105
-128
-145
-155
-158
-152
-137
-114
-82
-45
-1
