-7
5
19
33
45
54
61
65
66
64
60
54
47
41
35
31
29
30
34
40
49
60
73
87
102
117
133
148
163
178
193
207
220
233
245
256
266
274
281
286
289
289
287
283
277
270
261
251
242
233
224
218
212
209
208
207
208
209
209
208
203
195
181
162
136
103
63
17
-32
-86
-141
-196
-249
-299
-343
-380
-410
-431
-444
-449
-446
-437
-422
-403
-381
-357
-332
-309
-287
-268
-252
-238
-229
-221
-217
-214
-213
-212
-211
-209
-206
-202
-196
-187
-176
-162
-146
-127
-107
-85
-62
-39
-16
5
25
43
58
71
81
88
94
98
101
104
107
111
116
122
130
138
148
159
169
180
190
198
206
212
217
221
223
224
225
226
226
226
226
225
224
221
217
211
202
189
174
154
131
103
73
39
2
-36
-77
-118
-160
-201
-240
-278
-312
-343
-369
-391
-406
-417
-420
-418
-410
-396
-377
-354
-327
-298
-267
-236
-205
-174
-145
-118
-92
-68
-45
-24
-5
13
31
48
66
83
100
117
133
150
167
183
199
214
228
241
254
264
274
281
287
291
292
290
286
279
269
256
239
220
198
173
147
121
93
67
41
16
-6
-27
-46
-63
-77
-89
-100
-108
-115
-119
-122
-124
-123
-122
-119
-114
-107
-99
-88
-76
-61
-45
-26
-5
15
38
62
85
107
127
145
159
168
173
172
166
153
135
112
84
52
17
-19
-57
-96
-134
-170
-204
-235
-261
-283
-299
-308
-311
-306
-294
-274
-248
-215
-177
-134
-88
-40
7
54
98
137
170
195
212
220
219
210
193
170
141
109
75
41
8
-22
-50
-74
-93
-109
-119
-124
-125
-122
-114
-103
-90
-74
-56
-38
-19
-2
13
27
39
47
53
56
57
54
49
42
33
22
10
-2
-15
-29
-44
-58
-73
-88
-102
-116
-130
-142
-152
-160
-165
-166
-163
-155
-141
-122
-99
-70
-38
-2
34
73
111
148
182
212
236
254
265
269
266
255
238
215
188
158
127
95
65
37
13
-7
-23
-35
-42
-47
-49
-48
-48
-47
-47
-49
-53
-59
-69
-80
-94
-108
-123
-137
-150
-162
-170
-176
-179
-178
-173
-166
-155
-142
-127
-110
-91
-72
-53
-33
-14
2
18
33
45
54
60
62
62
59
53
44
35
24
14
4
-3
-9
-11
-10
-4
5
19
38
62
90
122
157
194
232
270
306
339
367
389
404
410
408
397
378
350
316
277
234
189
144
101
60
24
-7
-33
-54
-69
-79
-85
-87
-86
-83
-79
-75
-72
-69
-67
-66
-65
-66
-67
-67
-67
-66
-64
-60
-55
-48
-40
-31
-22
-12
-3
5
12
18
23
25
25
22
17
10
1
-9
-22
-35
-48
-61
-74
-85
-95
-104
-112
-119
-124
-130
-134
-139
-144
-149
-155
-161
-167
-174
-181
-187
-193
-198
-202
-204
-205
-203
-198
-191
-181
-168
-152
-134
-114
-92
-69
-46
-23
-2
17
34
47
57
62
62
59
51
40
26
10
-7
-25
-43
-60
-75
-88
-97
-102
-102
-97
-88
-74
-55
-32
-5
23
55
88
121
154
186
216
243
267
287
303
315
322
325
323
318
309
296
281
263
243
221
199
175
151
127
104
80
58
36
16
-3
-21
-38
-53
-67
-78
-88
-95
-101
-105
-106
-106
-104
-101
-97
-93
-88
-84
-81
-80
-80
-83
-88
-96
-106
-119
-135
-152
-169
-187
-205
-220
-233
-243
-249
-251
-248
-242
-231
-217
-200
-180
-158
-135
-112
-89
-66
-45
-25
-7
8
23
36
48
60
71
82
94
107
120
133
147
161
174
186
197
206
214
220
223
225
226
224
222
219
214
209
203
196
187
176
163
147
128
106
80
51
19
-15
-50
-86
-121
-153
-183
-208
-227
-241
-248
-249
-244
-233
-216
-196
-172
-146
-118
-90
-64
-40
-18
-1
11
20
25
26
23
19
13
6
0
-3
-6
-5
-2
4
13
26
40
57
74
92
109
124
137
146
152
153
151
144
133
119
103
84
64
43
23
3
-14
-30
-45
-57
-67
-75
-81
-85
-89
-91
-93
-95
-96
-98
-99
-101
-103
-105
-106
-107
-107
-107
-106
-104
-102
-100
-97
-95
-93
-91
-90
-89
-88
-88
-88
-88
-87
-86
-85
-82
-78
-73
-67
-59
-50
-40
-28
-15
0
17
36
57
80
104
130
155
180
204
225
243
257
267
272
271
264
253
236
216
192
165
137
109
81
55
32
11
-5
-18
-27
-32
-33
-32
-28
-23
-18
-14
-11
-12
-16
-25
-39
-58
-82
-110
-142
-177
-213
-250
-285
-318
-346
-370
-388
-399
-403
-401
-391
-374
-351
-322
-288
-249
-206
-159
-108
-54
1
58
117
176
234
290
343
391
434
471
499
519
529
531
523
506
482
451
415
375
333
290
247
206
167
132
99
71
46
25
7
-6
-18
-28
-36
-43
-49
-55
-60
-66
-71
-77
-82
-88
-94
-99
-106
-113
-120
-129
-139
-151
-163
-176
-189
-202
-215
-226
-237
-245
-251
-255
-256
-255
-252
-247
-239
-230
-218
-205
-190
-174
-156
-137
-116
-94
-71
-47
-22
2
28
53
77
100
121
139
154
165
173
178
179
177
172
164
155
143
131
118
105
93
81
70
60
51
44
38
32
28
24
20
16
13
10
6
3
1
0
-1
-1
0
1
2
4
6
7
6
5
2
-2
-7
-14
-22
-29
-35
-38
-39
-36
-29
-16
1
23
49
79
110
140
169
193
212
223
225
218
200
172
135
90
39
-16
-75
-133
-189
-240
-284
-320
-346
-360
-364
-357
-339
-312
-277
-236
-190
-142
-93
-46
0
40
76
107
131
148
160
165
166
162
155
144
132
118
104
89
74
59
45
31
19
7
-4
-15
-27
-38
-49
-60
-71
-81
-90
-97
-103
-105
-103
-98
-90
-77
-60
-41
-19
5
30
55
81
105
127
146
163
176
186
192
194
193
188
181
171
159
146
132
117
102
86
71
56
43
31
21
15
13
15
23
37
57
83
115
151
191
233
275
317
355
388
415
434
443
443
432
412
382
343
296
244
188
129
69
9
-48
-104
-158
-208
-255
-299
-339
-376
-410
-440
-465
-487
-503
-514
-519
-518
-510
-494
-472
-442
-407
-366
-321
-273
-225
-177
-132
-91
-54
-24
0
17
30
37
39
39
37
34
31
28
27
26
26
25
24
22
18
11
2
-9
-24
-40
-58
-77
-96
-116
-135
-154
-173
-194
-216
-242
-271
-307
-349
-397
-452
-514
-580
-650
-719
-786
-846
-895
-929
-945
-940
-910
-855
-772
-664
-531
-376
-203
-16
178
376
570
756
927
1079
1209
1312
1388
1434
1452
1442
1408
1351
1275
1184
1083
976
866
757
653
556
467
388
318
259
209
166
130
98
69
41
12
-18
-52
-90
-131
-177
-225
-276
-328
-381
-433
-483
-531
-574
-613
-646
-675
-697
-714
-726
-732
-733
-729
-720
-707
-689
-667
-640
-609
-574
-534
-491
-444
-393
-340
-285
-229
-173
-118
-63
-11
37
84
126
165
200
231
258
282
303
321
337
350
362
373
382
389
394
398
400
399
396
391
384
375
364
353
340
327
315
304
293
284
277
271
265
261
256
252
246
240
232
223
212
200
186
171
156
140
125
109
95
80
67
53
40
27
14
1
-11
-24
-36
-47
-57
-64
-69
-71
-70
-66
-58
-48
-36
-22
-8
4
16
25
31
34
33
28
19
8
-3
-16
-29
-40
-48
-53
-54
-51
-44
-34
-21
-6
9
24
39
51
61
68
73
74
74
71
66
61
55
49
44
39
35
32
29
25
21
16
8
-1
-14
-32
-53
-77
-105
-136
-169
-204
-238
-272
-303
-332
-356
-376
-390
-398
-400
-395
-385
-369
-349
-324
-298
-270
-243
-217
-194
-174
-160
-150
-147
-149
-155
-167
-182
-199
-217
-235
-251
-264
-272
-276
-273
-265
-250
-230
-205
-176
-144
-109
-73
-35
1
39
76
112
147
182
215
247
277
306
333
357
379
396
409
418
422
420
413
401
385
365
342
318
293
269
246
225
207
191
178
168
160
153
147
140
133
125
114
101
85
66
45
22
-2
-27
-53
-78
-102
-125
-146
-165
-183
-198
-212
-224
-234
-242
-248
-252
-253
-251
-247
-239
-229
-215
-199
-179
-157
-134
-109
-83
-56
-31
-6
16
36
54
68
79
86
90
89
85
76
64
48
29
6
-19
-46
-75
-105
-135
-163
-190
-214
-235
-251
-262
-267
-266
-258
-243
-222
-194
-160
-120
-77
-31
16
63
109
152
191
224
252
273
288
296
297
294
285
273
258
241
223
205
187
170
155
142
131
122
115
111
108
108
109
112
117
123
129
136
143
148
152
153
152
146
137
123
105
83
56
27
-5
-39
-74
-109
-143
-174
-201
-224
-241
-253
-258
-256
-249
-235
-217
-194
-168
-139
-109
-79
-50
-23
0
22
39
53
63
69
72
71
68
62
55
45
35
24
13
1
-8
-18
-26
-34
-40
-44
-47
-48
-49
-48
-47
-45
-44
-42
-41
-40
-38
-37
-36
-34
-31
-28
-24
-18
-12
-4
4
13
23
34
45
56
67
77
87
96
104
111
118
124
130
135
140
145
149
152
156
158
160
161
161
159
156
151
144
135
123
107
89
67
42
15
-12
-42
-71
-100
-126
-150
-170
-186
-198
-205
-209
-209
-207
-203
-197
-191
-184
-177
-171
-164
-156
-148
-137
-124
-108
-88
-64
-37
-6
27
63
99
134
166
195
218
234
242
242
233
216
191
159
120
77
32
-15
-61
-106
-148
-185
-216
-241
-260
-273
-280
-282
-278
-272
-262
-251
-238
-225
-212
-199
-187
-175
-164
-152
-141
-129
-116
-101
-85
-67
-46
-23
1
29
58
87
117
146
173
198
221
239
255
266
274
279
280
279
275
269
261
251
239
226
211
195
176
156
133
109
82
52
20
-13
-49
-86
-124
-160
-195
-227
-256
-279
-296
-307
-311
-308
-298
-281
-258
-230
-199
-165
-130
-94
-60
-27
2
28
51
71
86
98
107
111
113
112
108
101
92
82
70
57
42
28
12
-2
-17
-31
-44
-56
-66
-74
-79
-81
-81
-77
-71
-61
-50
-36
-21
-5
9
24
37
48
57
64
68
69
69
66
63
59
54
50
45
41
35
30
23
14
3
-9
-25
-42
-62
-82
-102
-120
-135
-145
-150
-147
-137
-120
-96
-68
-37
-6
22
46
65
77
84
84
80
72
62
53
44
38
35
37
42
52
65
81
98
117
136
153
169
182
192
201
207
211
215
219
225
232
242
255
270
287
304
320
333
341
341
333
314
285
244
193
132
64
-9
-85
-161
-234
-302
-360
-409
-445
-468
-478
-474
-458
-430
-393
-348
-297
-244
-190
-138
-89
-46
-8
