-441
-448
-460
-477
-499
-526
-554
-583
-609
-631
-644
-647
-635
-608
-564
-501
-422
-327
-220
-103
16
137
252
356
447
519
570
599
606
591
556
504
437
360
275
187
97
10
-73
-150
-219
-278
-326
-360
-379
-380
-361
-322
-260
-175
-67
61
209
372
545
722
897
1064
1216
1348
1454
1531
1577
1590
1573
1525
1452
1356
1242
1116
982
844
708
576
452
337
233
139
57
-15
-78
-132
-179
-219
-252
-279
-300
-315
-324
-328
-326
-320
-311
-300
-289
-280
-276
-278
-289
-309
-340
-382
-435
-499
-571
-650
-734
-820
-904
-984
-1057
-1119
-1168
-1202
-1218
-1217
-1198
-1160
-1105
-1035
-952
-858
-756
-649
-541
-434
-330
-232
-142
-60
12
76
133
182
226
265
301
334
367
399
433
467
504
543
586
632
681
734
790
849
909
969
1028
1083
1133
1177
1210
1233
1244
1241
1224
1192
1146
1087
1014
931
837
736
629
517
403
289
175
64
-43
-145
-242
-332
-413
-487
-552
-607
-654
-692
-722
-743
-756
-762
-761
-755
-744
-728
-709
-687
-664
-640
-616
-592
-568
-546
-525
-506
-488
-471
-456
-442
-430
-419
-412
-407
-407
-410
-418
-431
-447
-466
-486
-505
-521
-532
-534
-526
-505
-470
-419
-353
-272
-177
-71
43
163
285
405
519
624
718
797
861
908
939
954
954
940
914
876
828
771
707
636
560
478
392
304
213
123
34
-52
-134
-211
-281
-343
-396
-440
-476
-502
-519
-529
-532
-529
-520
-508
-493
-477
-458
-439
-420
-399
-377
-352
-325
-294
-259
-219
-175
-126
-73
-17
40
98
156
210
261
307
347
381
408
429
444
455
461
465
467
469
471
474
478
484
492
501
510
519
526
531
530
523
509
486
454
411
358
295
223
143
57
-31
-121
-210
-294
-371
-438
-493
-535
-562
-573
-570
-552
-522
-481
-431
-376
-317
-257
-200
-147
-100
-60
-29
-7
5
10
7
-2
-16
-34
-54
-74
-93
-109
-123
-134
-140
-144
-144
-142
-137
-132
-127
-123
-120
-119
-119
-122
-126
-131
-136
-141
-144
-145
-142
-136
-125
-109
-89
-64
-36
-5
27
61
95
127
156
183
206
225
241
253
262
270
278
285
295
306
321
338
359
382
407
433
458
480
499
513
520
520
512
495
469
434
391
339
281
215
145
70
-6
-86
-165
-243
-318
-389
-453
-511
-559
-599
-628
-648
-657
-658
-649
-634
-612
-585
-554
-521
-487
-454
-422
-393
-367
-344
-326
-312
-302
-296
-293
-292
-292
-293
-294
-294
-292
-287
-280
-269
-253
-234
-211
-184
-152
-118
-80
-39
2
46
90
134
176
216
252
285
312
333
349
358
362
360
354
344
333
321
309
300
294
292
294
302
314
330
348
367
384
399
408
411
406
393
373
345
311
273
232
192
153
118
88
65
48
40
40
47
61
81
107
137
170
205
240
274
306
335
359
379
393
401
402
397
387
370
348
320
289
253
214
171
126
78
27
-26
-82
-141
-202
-266
-332
-399
-468
-537
-607
-676
-743
-807
-867
-921
-968
-1006
-1033
-1049
-1050
-1037
-1008
-963
-903
-828
-740
-639
-529
-411
-289
-166
-43
76
190
296
392
479
554
618
670
712
743
766
780
787
788
785
777
767
753
737
719
697
672
642
607
565
516
460
396
325
246
161
72
-19
-112
-203
-290
-370
-441
-501
-548
-581
-600
-604
-594
-572
-538
-495
-444
-388
-329
-270
-211
-155
-104
-59
-21
9
33
48
56
57
51
40
25
6
-13
-34
-53
-71
-86
-98
-107
-112
-113
-112
-109
-105
-100
-95
-91
-87
-83
-80
-78
-75
-73
-69
-65
-59
-52
-43
-31
-17
0
19
41
67
96
126
158
190
221
249
273
292
304
308
302
285
258
218
167
105
33
-47
-136
-229
-325
-420
-512
-598
-674
-739
-789
-825
-843
-845
-829
-797
-750
-691
-621
-543
-459
-372
-284
-196
-109
-24
57
139
219
298
376
454
530
603
673
737
794
842
879
905
918
917
904
877
837
787
726
656
579
496
409
319
228
138
49
-35
-115
-190
-257
-315
-365
-404
-434
-453
-461
-459
-447
-426
-398
-362
-321
-276
-230
-183
-138
-95
-58
-25
0
20
32
38
37
30
17
0
-23
-51
-83
-118
-156
-196
-239
-283
-327
-372
-416
-458
-498
-535
-568
-596
-619
-636
-646
-648
-642
-627
-602
-567
-521
-463
-395
-315
-224
-124
-16
99
218
340
460
576
685
785
871
943
998
1035
1055
1058
1044
1017
977
926
868
805
737
668
598
529
461
396
336
281
232
191
158
134
119
112
112
118
127
135
141
142
134
118
91
54
8
-45
-105
-168
-231
-292
-349
-399
-441
-475
-500
-517
-528
-532
-532
-530
-526
-522
-518
-516
-515
-515
-515
-516
-517
-515
-512
-505
-496
-482
-464
-441
-414
-381
-344
-301
-253
-200
-142
-78
-10
61
137
216
296
377
456
531
600
662
712
751
774
782
773
747
704
645
571
485
388
283
173
60
-52
-163
-268
-365
-451
-525
-582
-623
-645
-647
-630
-594
-540
-471
-389
-298
-201
-102
-6
82
162
228
280
315
335
339
329
308
279
246
211
177
149
128
116
115
124
143
170
205
245
286
327
365
396
419
433
435
425
404
372
330
281
225
166
106
47
-9
-62
-110
-151
-186
-215
-237
-253
-263
-267
-266
-260
-249
-233
-213
-189
-162
-131
-97
-63
-27
6
37
65
87
103
111
111
104
89
68
42
12
-20
-53
-85
-114
-141
-163
-180
-192
-200
-202
-201
-196
-189
-181
-173
-165
-159
-155
-152
-152
-153
-154
-154
-153
-150
-144
-134
-121
-105
-88
-70
-53
-38
-27
-21
-21
-27
-40
-58
-82
-109
-138
-167
-196
-222
-244
-261
-273
-278
-276
-268
-254
-232
-204
-170
-129
-82
-28
32
99
171
246
324
402
478
549
611
664
705
731
743
740
721
689
644
588
524
453
378
302
225
152
82
18
-39
-90
-134
-170
-199
-222
-238
-248
-253
-253
-249
-240
-228
-212
-194
-174
-151
-128
-103
-77
-51
-26
-1
22
43
63
79
90
96
95
87
69
41
3
-44
-102
-168
-239
-314
-389
-460
-524
-578
-619
-645
-655
-648
-625
-588
-540
-483
-421
-357
-296
-240
-192
-154
-125
-107
-96
-92
-91
-91
-88
-79
-62
-36
0
49
108
177
253
334
418
500
578
648
709
756
788
804
802
783
746
693
625
545
455
359
259
158
60
-33
-119
-197
-265
-322
-368
-404
-428
-443
-448
-445
-435
-418
-394
-366
-332
-295
-255
-213
-169
-124
-80
-38
2
40
75
105
132
155
174
190
204
215
225
235
244
254
265
275
286
295
303
307
308
303
293
275
251
220
183
140
92
41
-11
-63
-115
-163
-206
-242
-271
-291
-301
-302
-293
-275
-248
-214
-174
-130
-83
-34
13
59
102
141
175
203
225
240
249
250
244
232
213
189
158
123
85
43
0
-42
-85
-127
-165
-200
-230
-256
-276
-290
-299
-302
-299
-292
-279
-263
-243
-220
-195
-168
-139
-108
-77
-44
-10
25
61
100
139
179
220
261
301
339
375
407
433
454
467
472
467
453
430
397
355
306
252
193
131
69
6
-54
-112
-168
-220
-269
-315
-358
-399
-437
-474
-510
-544
-577
-607
-633
-655
-671
-678
-674
-659
-630
-588
-532
-464
-385
-298
-206
-113
-23
60
135
197
247
281
302
309
304
289
267
241
213
186
162
144
131
126
128
136
149
166
185
204
223
239
251
259
263
263
260
253
244
233
221
208
195
180
165
149
132
113
92
70
47
23
-1
-26
-49
-71
-90
-105
-115
-121
-121
-116
-106
-91
-74
-54
-34
-16
-1
7
10
4
-10
-36
-72
-117
-171
-232
-298
-366
-434
-499
-559
-609
-650
-678
-692
-693
-679
-652
-612
-561
-501
-434
-361
-286
-209
-134
-61
8
73
132
187
237
282
323
361
396
429
458
485
509
529
544
554
558
555
545
527
501
467
425
377
321
260
195
127
58
-9
-74
-133
-185
-228
-260
-281
-288
-283
-266
-237
-199
-152
-99
-43
12
67
117
160
193
216
226
223
207
178
136
84
24
-42
-112
-182
-249
-308
-358
-394
-415
-418
-403
-370
-319
-252
-170
-77
24
131
240
349
454
552
642
721
789
842
880
903
910
899
872
829
769
695
607
508
399
283
163
43
-74
-187
-291
-384
-463
-528
-578
-612
-634
-644
-646
-643
-638
-636
-638
-647
-664
-689
-722
-760
-801
-843
-880
-911
-931
-937
-927
-899
-851
-783
-696
-590
-467
-329
-179
-20
142
305
465
616
756
880
985
1071
1135
1177
1198
1199
1183
1150
1104
1047
982
910
833
753
672
591
509
428
349
271
194
119
45
-25
-95
-162
-226
-286
-340
-389
-431
-465
-490
-504
-508
-501
-482
-452
-411
-359
-299
-230
-155
-76
5
86
165
238
304
360
404
435
452
455
443
417
379
331
273
208
138
64
-11
-86
-161
-234
-304
-369
-430
-484
-532
-572
-604
-627
-642
-648
-645
-633
-614
-588
-554
-515
-471
-423
-372
-318
-263
-207
-152
-99
-48
0
42
79
108
130
144
147
142
126
102
69
30
-14
-62
-112
-160
-206
-245
-277
-300
-311
-309
-294
-264
-220
-163
-93
-13
74
168
264
359
450
533
606
667
712
741
753
748
726
689
638
576
505
428
349
268
190
116
47
-12
-65
-109
-144
-170
-187
-197
-200
-197
-189
-178
-165
-151
-137
-126
-117
-112
-111
-114
-122
-133
-147
-163
-178
-193
-204
-210
-210
-204
-191
-170
-144
-112
-77
-39
-2
31
62
87
105
115
117
110
95
74
47
16
-16
-50
-83
-113
-139
-159
-173
-181
-182
-176
-165
-149
-130
-108
-86
-64
-44
-27
-13
-2
3
6
6
3
0
-6
-11
-15
-19
-20
-20
-17
-13
-6
0
8
17
26
35
45
56
67
80
95
112
131
151
173
196
219
240
258
273
283
287
285
276
260
238
210
177
141
103
65
28
-6
-37
-63
-83
-98
-107
-110
-107
-100
-88
-74
-56
-37
-16
6
29
53
78
103
129
155
181
207
232
255
276
294
309
318
323
322
313
298
276
246
209
166
116
63
5
-52
-112
-169
-223
-272
-314
-348
-373
-389
-395
-392
-381
-362
-338
-309
-278
-246
-214
-185
-159
-136
-117
-101
-89
-79
-70
-62
-54
-44
-32
-17
1
23
49
77
106
136
165
191
212
229
239
241
235
221
198
168
130
87
39
-12
-64
-116
-165
-209
-246
-275
-294
-302
-299
-285
-261
-228
-188
-144
-97
-50
-6
33
66
90
107
114
113
105
90
71
50
29
9
-7
-19
-26
-28
-24
-16
-4
10
25
39
51
60
64
65
60
51
38
22
4
-15
-36
-57
-76
-95
-111
-125
-137
-146
-152
-155
-156
-153
-148
-140
-129
-116
-100
-83
-64
-45
-25
-5
12
29
44
