-323
-308
-284
-252
-213
-167
-117
-64
-10
42
93
140
182
217
244
262
272
272
264
248
224
194
158
119
78
36
-5
-45
-82
-115
-144
-168
-187
-201
-210
-214
-213
-209
-201
-191
-178
-164
-149
-132
-116
-99
-83
-67
-51
-36
-21
-7
5
17
27
36
43
48
50
51
49
46
40
34
27
20
14
9
6
5
5
9
14
21
29
38
47
55
62
67
70
69
66
60
51
39
24
8
-9
-28
-47
-66
-84
-100
-114
-124
-131
-133
-131
-123
-111
-93
-71
-45
-16
14
47
80
112
141
166
187
201
209
210
203
188
167
138
104
65
22
-23
-70
-116
-161
-202
-240
-272
-299
-320
-334
-342
-343
-339
-329
-313
-294
-270
-244
-215
-186
-156
-127
-100
-75
-53
-35
-19
-8
0
3
4
1
-4
-13
-24
-37
-51
-65
-78
-89
-98
-102
-103
-98
-88
-72
-51
-26
3
36
71
107
143
178
210
239
264
285
301
313
319
321
318
310
298
281
261
238
212
183
151
118
83
46
8
-29
-69
-108
-147
-185
-222
-255
-284
-309
-328
-340
-346
-343
-334
-317
-294
-265
-231
-194
-155
-116
-79
-44
-13
11
30
43
49
49
44
34
21
7
-8
-22
-35
-44
-49
-49
-44
-33
-17
4
32
63
99
137
176
216
254
291
323
351
372
387
394
394
387
372
351
325
295
262
227
192
159
128
100
76
55
38
25
13
3
-6
-17
-29
-43
-60
-80
-102
-127
-154
-180
-206
-229
-249
-262
-269
-267
-257
-237
-208
-170
-124
-72
-17
40
97
150
198
237
267
284
288
278
256
221
175
120
60
-4
-69
-132
-190
-242
-285
-319
-343
-356
-359
-353
-339
-317
-289
-256
-219
-178
-134
-88
-40
9
61
113
167
221
276
330
384
436
486
531
573
608
636
657
668
669
660
641
610
569
519
461
395
325
251
175
100
26
-43
-108
-167
-221
-267
-307
-342
-371
-395
-415
-433
-448
-462
-475
-488
-500
-512
-524
-535
-545
-553
-559
-561
-559
-553
-541
-523
-498
-467
-429
-384
-334
-277
-216
-150
-82
-12
58
128
197
261
322
377
424
464
496
518
531
534
527
510
485
451
410
363
311
257
202
147
95
47
5
-30
-58
-79
-92
-98
-96
-89
-76
-59
-39
-18
2
22
39
53
61
64
61
51
34
10
-20
-56
-97
-142
-189
-238
-287
-334
-378
-417
-451
-477
-495
-503
-501
-489
-466
-432
-388
-336
-276
-210
-140
-69
2
71
136
195
248
292
327
353
369
376
375
365
349
328
301
272
240
207
174
142
111
82
55
30
8
-12
-31
-48
-63
-78
-91
-104
-115
-125
-134
-141
-146
-148
-149
-146
-142
-136
-129
-120
-111
-101
-92
-82
-71
-60
-48
-33
-17
2
26
54
85
121
160
202
246
288
329
366
397
420
433
435
426
404
372
328
276
216
152
85
18
-45
-105
-157
-201
-234
-256
-266
-264
-251
-228
-195
-155
-110
-61
-11
38
85
128
167
199
226
246
260
269
272
271
265
257
245
232
217
201
184
165
145
124
100
75
49
20
-9
-41
-73
-105
-137
-168
-197
-223
-247
-266
-281
-291
-297
-297
-293
-283
-269
-250
-228
-203
-175
-146
-116
-86
-57
-30
-6
14
31
44
52
55
54
48
39
27
12
-4
-22
-42
-61
-80
-98
-116
-132
-146
-157
-166
-172
-174
-173
-168
-159
-147
-131
-114
-96
-77
-59
-42
-26
-13
-2
6
13
18
23
28
33
39
46
54
62
71
80
88
94
97
96
91
80
64
42
15
-17
-53
-92
-132
-171
-207
-238
-262
-278
-284
-280
-264
-239
-203
-157
-104
-44
19
86
153
217
278
332
379
417
445
461
467
462
446
419
383
339
287
230
168
102
35
-31
-96
-158
-215
-266
-308
-341
-363
-375
-375
-364
-342
-312
-274
-230
-184
-137
-92
-50
-13
16
39
56
65
69
69
65
59
53
48
44
42
42
46
51
58
65
73
79
84
86
85
80
71
59
45
28
9
-8
-26
-42
-55
-66
-72
-74
-73
-67
-58
-46
-33
-17
-2
11
24
34
42
46
46
44
40
35
29
25
22
22
26
34
45
60
78
98
119
139
158
173
186
194
197
196
190
181
167
151
132
112
90
67
43
20
-2
-23
-42
-58
-71
-80
-84
-83
-77
-67
-52
-33
-10
15
43
72
102
131
160
186
209
229
244
253
257
255
246
232
212
187
157
125
90
54
18
-16
-48
-76
-100
-117
-128
-132
-129
-120
-106
-88
-70
-52
-37
-29
-28
-37
-56
-87
-130
-181
-241
-306
-374
-439
-500
-551
-590
-614
-621
-609
-578
-530
-464
-385
-294
-196
-94
7
104
195
275
341
394
430
450
455
445
422
389
348
302
255
208
164
127
96
75
63
60
66
79
97
118
140
159
174
181
179
166
140
103
53
-6
-74
-149
-226
-303
-376
-442
-498
-543
-575
-592
-595
-585
-563
-530
-488
-441
-391
-340
-289
-242
-199
-161
-129
-101
-78
-58
-40
-22
-2
21
50
84
125
173
228
288
353
422
491
560
627
689
743
789
824
847
856
852
833
800
755
699
633
561
483
402
319
237
156
76
0
-75
-149
-222
-294
-366
-437
-508
-577
-644
-706
-761
-809
-847
-872
-885
-883
-867
-837
-794
-739
-674
-602
-524
-444
-364
-285
-210
-139
-74
-16
34
78
115
145
168
184
194
197
193
183
168
147
121
91
58
24
-9
-41
-70
-94
-112
-124
-128
-124
-112
-92
-66
-33
3
44
87
131
174
216
255
290
321
348
370
388
401
409
414
414
412
406
398
387
375
361
347
332
318
305
294
285
278
273
270
268
267
264
258
248
232
209
177
137
87
28
-36
-108
-182
-258
-331
-400
-461
-513
-554
-582
-597
-599
-587
-563
-528
-483
-431
-372
-309
-244
-179
-115
-55
0
50
94
130
160
183
200
212
218
221
222
220
217
214
211
207
203
199
193
185
174
160
141
117
87
53
16
-23
-63
-102
-137
-166
-189
-202
-207
-203
-191
-171
-147
-118
-86
-54
-22
7
34
57
77
91
101
105
104
97
84
66
43
14
-17
-53
-93
-135
-179
-225
-272
-318
-364
-408
-450
-487
-519
-545
-563
-572
-571
-560
-538
-507
-465
-415
-358
-294
-226
-155
-82
-10
60
127
190
248
300
346
385
419
447
470
489
503
514
522
528
531
533
532
528
520
509
494
474
449
419
384
346
304
261
217
174
133
95
61
31
6
-14
-30
-43
-53
-61
-67
-74
-82
-92
-103
-117
-134
-153
-173
-193
-212
-229
-243
-252
-256
-254
-247
-235
-219
-200
-180
-160
-142
-127
-116
-111
-111
-116
-126
-139
-154
-169
-182
-191
-195
-194
-188
-176
-160
-142
-125
-109
-98
-93
-95
-105
-122
-145
-172
-200
-226
-248
-262
-265
-255
-231
-191
-135
-65
16
107
204
303
399
487
563
623
663
683
679
651
601
531
443
342
233
122
14
-84
-168
-231
-269
-279
-259
-209
-129
-22
105
249
402
556
703
837
951
1040
1102
1135
1141
1120
1075
1011
932
842
746
649
554
466
386
316
257
208
168
135
106
79
52
22
-12
-52
-98
-149
-205
-265
-326
-388
-448
-504
-555
-600
-639
-669
-692
-706
-712
-710
-700
-684
-661
-633
-600
-564
-526
-488
-450
-413
-380
-352
-328
-309
-296
-288
-283
-282
-281
-280
-277
-270
-257
-238
-213
-180
-141
-97
-49
0
48
94
136
170
195
211
214
206
185
152
108
54
-7
-74
-144
-215
-283
-346
-401
-447
-481
-503
-512
-508
-491
-463
-423
-374
-317
-254
-188
-119
-52
13
76
134
187
235
278
316
350
379
406
429
449
466
478
487
489
484
471
449
416
371
315
246
167
77
-19
-122
-228
-334
-438
-537
-627
-708
-778
-835
-879
-908
-923
-924
-910
-882
-839
-783
-713
-632
-539
-437
-328
-213
-97
17
127
229
320
395
453
492
509
505
479
435
373
298
212
121
27
-64
-152
-232
-302
-361
-409
-444
-468
-481
-485
-480
-469
-453
-434
-412
-390
-368
-347
-328
-310
-292
-276
-259
-240
-218
-192
-161
-123
-77
-24
36
104
176
252
328
402
470
529
576
609
626
626
609
576
528
469
402
330
258
190
128
77
38
12
1
4
19
46
81
123
168
214
260
304
343
379
411
438
463
485
505
524
543
561
579
595
610
622
630
635
636
633
626
617
606
595
584
574
568
564
564
568
574
583
594
604
613
619
620
614
600
577
543
499
445
382
311
234
154
72
-7
-83
-153
-214
-264
-303
-328
-340
-338
-323
-296
-258
-212
-159
-104
-47
7
56
98
131
151
159
153
133
100
54
-1
-67
-140
-218
-298
-379
-458
-534
-603
-664
-714
-753
-779
-788
-782
-758
-716
-656
-579
-486
-380
-264
-140
-13
114
237
353
457
548
623
679
716
734
732
712
674
620
553
476
390
298
205
111
21
-62
-139
-206
-262
-307
-339
-359
-368
-367
-357
-340
-319
-296
-272
-251
-234
-223
-220
-224
-238
-259
-289
-325
-366
-411
-457
-501
-542
-576
-603
-620
-626
-622
-608
-585
-554
-518
-479
-439
-401
-365
-335
-309
-290
-275
-265
-258
-253
-247
-239
-228
-212
-190
-162
-127
-86
-41
7
56
105
150
190
222
245
259
262
256
241
218
189
155
117
76
33
-10
-56
-103
-153
-205
-259
-317
-379
-443
-509
-575
-641
-704
-761
-809
-847
-870
-876
-864
-832
-780
-707
-613
-502
-375
-235
-84
71
230
388
541
685
817
934
1033
1112
1169
1202
1211
1195
1155
1092
1007
904
784
652
511
365
220
79
-53
-174
-280
-370
-440
-492
-526
-543
-544
-533
-513
-487
-459
-432
-409
-393
-386
-389
-403
-426
-457
-494
-534
-573
-607
-632
-644
-638
-612
-564
-491
-394
-274
-133
24
196
376
559
739
912
1072
1215
1338
1438
1514
1566
1593
1598
1583
1551
1505
1448
1384
1316
1245
1175
1105
1038
973
909
845
782
717
650
580
506
429
349
266
181
96
11
-72
-153
-231
-305
-375
-441
-503
-560
-614
-665
-713
-757
-799
-839
-875
-909
-939
-966
-989
-1007
-1020
-1026
-1024
-1013
-990
-954
-905
-840
-759
-664
-554
-432
-301
-163
-22
116
250
374
486
581
659
716
753
770
769
751
719
676
626
571
516
462
411
365
325
291
262
237
216
196
176
156
132
106
75
39
-1
-48
-101
-159
-222
-288
-358
-429
-499
-567
-632
-691
-742
-783
-814
-832
-838
-830
-807
-772
-724
-664
-595
-518
-436
-351
-266
-183
-104
-31
34
92
141
181
213
236
252
262
266
265
259
250
237
221
201
179
153
124
92
59
26
-7
-39
-69
-94
-114
-128
-135
-136
-131
-120
-105
-88
-69
-51
-35
-23
-16
-14
-18
-28
-44
-66
-92
