143
135
127
119
111
105
101
98
97
99
102
108
116
126
139
155
173
193
215
239
265
291
317
344
370
394
417
438
457
472
482
489
489
484
472
453
427
393
352
304
250
191
128
62
-5
-75
-144
-213
-281
-347
-410
-471
-528
-582
-632
-677
-718
-753
-783
-806
-823
-833
-837
-833
-822
-804
-780
-751
-716
-677
-635
-590
-544
-497
-448
-399
-349
-298
-246
-193
-140
-86
-33
18
68
114
156
192
221
244
259
268
270
266
257
245
230
215
200
186
176
168
165
166
170
179
189
201
212
222
228
228
222
208
186
154
115
67
14
-42
-101
-159
-214
-263
-304
-335
-355
-364
-360
-346
-322
-291
-253
-212
-171
-131
-95
-64
-40
-23
-12
-7
-6
-7
-8
-7
-3
7
25
50
84
126
174
227
283
340
394
444
485
515
533
537
524
496
453
397
329
252
170
87
7
-67
-133
-188
-229
-257
-271
-272
-261
-240
-211
-178
-142
-107
-74
-46
-24
-10
-5
-8
-20
-39
-66
-98
-136
-176
-218
-260
-302
-341
-377
-409
-436
-457
-470
-475
-471
-458
-436
-404
-363
-315
-262
-204
-145
-86
-31
18
61
96
122
140
149
151
148
142
136
131
131
138
152
175
207
248
294
345
398
448
495
533
562
578
581
571
547
511
466
413
356
297
240
187
141
103
75
56
46
46
53
66
83
104
124
144
162
178
189
198
202
204
203
199
195
189
182
175
167
159
150
140
129
117
103
88
71
53
33
11
-11
-36
-62
-89
-117
-147
-178
-210
-243
-276
-309
-342
-374
-404
-431
-453
-471
-482
-486
-482
-469
-448
-418
-380
-335
-285
-231
-176
-123
-72
-26
11
42
63
75
78
73
61
45
24
3
-18
-38
-55
-69
-79
-85
-89
-90
-89
-86
-83
-79
-75
-70
-64
-55
-44
-28
-8
17
50
90
136
188
245
307
370
433
495
551
601
642
673
690
694
683
657
616
561
492
410
319
220
115
8
-98
-200
-294
-378
-448
-504
-544
-567
-575
-569
-551
-524
-491
-454
-417
-382
-351
-325
-307
-295
-290
-290
-294
-301
-309
-316
-321
-322
-318
-309
-293
-272
-246
-216
-183
-148
-112
-78
-44
-13
15
41
66
90
113
137
162
189
217
246
274
301
325
344
355
358
350
331
300
258
206
145
78
7
-64
-133
-198
-256
-304
-341
-366
-377
-377
-363
-339
-304
-261
-212
-157
-99
-39
20
79
137
192
243
290
333
370
400
425
442
452
454
449
436
416
389
356
318
276
231
184
136
88
41
-4
-46
-85
-120
-149
-173
-190
-201
-204
-200
-188
-169
-143
-111
-74
-33
11
56
100
143
180
212
236
251
256
249
231
201
160
110
51
-12
-80
-149
-215
-277
-331
-376
-408
-429
-436
-430
-412
-383
-345
-300
-251
-199
-147
-97
-50
-7
31
67
98
127
153
178
202
227
251
275
298
320
337
350
357
355
345
324
294
253
204
148
86
21
-44
-108
-167
-219
-262
-296
-318
-329
-329
-319
-300
-274
-242
-206
-169
-133
-100
-71
-48
-31
-21
-17
-20
-28
-39
-53
-67
-80
-91
-97
-100
-97
-90
-78
-63
-45
-27
-10
4
15
20
20
15
3
-12
-33
-55
-78
-101
-121
-137
-148
-154
-153
-147
-134
-117
-95
-69
-40
-9
22
54
85
116
144
171
196
219
239
257
272
284
293
298
299
297
289
278
262
242
219
192
163
133
102
72
44
19
-1
-17
-27
-32
-31
-24
-12
2
19
37
54
68
79
85
86
83
75
64
52
40
31
26
27
34
50
74
105
143
185
230
275
317
354
382
400
406
398
377
343
297
239
174
102
25
-51
-128
-202
-272
-337
-396
-448
-493
-532
-564
-590
-611
-627
-637
-643
-643
-638
-626
-609
-584
-552
-513
-465
-410
-350
-284
-216
-147
-81
-19
34
77
109
127
131
122
101
70
30
-12
-56
-98
-134
-162
-179
-186
-180
-163
-135
-99
-57
-10
37
86
132
175
213
246
273
293
308
317
320
319
312
302
286
267
243
215
183
146
105
61
15
-32
-79
-124
-165
-201
-230
-252
-264
-267
-261
-246
-224
-195
-162
-126
-91
-56
-26
-1
17
29
33
29
20
6
-9
-26
-41
-52
-57
-55
-44
-24
4
41
84
133
185
239
291
341
387
427
460
486
504
514
517
512
500
482
458
428
392
350
303
251
194
132
67
0
-67
-133
-196
-254
-304
-345
-375
-393
-397
-387
-364
-327
-279
-221
-156
-86
-14
55
120
176
221
254
271
273
259
232
192
143
87
29
-27
-79
-123
-157
-179
-189
-185
-169
-143
-109
-69
-27
13
51
84
109
126
134
133
125
112
95
76
59
46
39
39
46
62
85
115
149
185
222
256
287
311
328
337
337
328
312
289
260
228
194
160
127
98
73
53
38
28
22
19
18
18
16
12
5
-6
-23
-43
-68
-95
-125
-155
-184
-211
-235
-255
-272
-285
-295
-302
-306
-310
-312
-315
-317
-321
-324
-328
-331
-334
-335
-334
-331
-324
-314
-300
-283
-262
-238
-212
-184
-154
-125
-95
-66
-39
-14
8
29
48
63
77
87
95
99
100
98
92
83
70
54
35
14
-8
-31
-54
-75
-94
-110
-122
-130
-134
-134
-129
-121
-111
-98
-84
-70
-56
-45
-36
-30
-27
-29
-34
-42
-54
-68
-84
-101
-118
-135
-151
-165
-177
-187
-193
-196
-195
-190
-182
-171
-156
-138
-118
-96
-73
-49
-25
-2
20
41
62
81
99
115
130
143
153
161
166
168
166
160
150
137
121
102
81
60
39
19
2
-10
-18
-22
-19
-11
3
22
46
73
101
130
158
183
205
222
234
240
240
234
223
207
188
165
140
115
89
65
43
24
8
-3
-11
-15
-15
-11
-5
2
11
22
32
41
50
58
66
73
80
87
94
102
111
121
132
144
155
167
179
190
200
208
213
215
214
209
200
186
168
146
121
92
62
31
0
-31
-62
-91
-119
-146
-171
-194
-217
-238
-258
-278
-297
-316
-333
-348
-361
-371
-376
-376
-370
-357
-336
-308
-273
-230
-181
-127
-69
-10
49
107
162
212
256
292
320
340
351
354
349
337
320
297
271
242
212
182
152
123
96
72
51
32
17
4
-6
-15
-23
-30
-38
-47
-57
-68
-81
-94
-108
-122
-136
-148
-159
-168
-174
-177
-178
-176
-171
-165
-156
-146
-136
-124
-113
-102
-91
-81
-71
-61
-51
-42
-32
-22
-13
-3
5
14
22
29
34
39
43
46
48
50
52
53
55
56
56
56
54
51
47
40
32
22
10
-2
-15
-27
-38
-47
-53
-56
-55
-51
-43
-31
-17
-2
14
30
46
60
72
81
86
87
85
80
71
60
47
34
21
8
-1
-10
-15
-17
-17
-14
-8
-1
5
13
21
27
32
35
36
35
33
30
27
24
23
23
25
30
38
49
63
78
96
113
131
147
160
170
176
178
174
165
151
132
109
83
53
22
-10
-43
-76
-109
-140
-169
-196
-220
-241
-259
-274
-284
-290
-291
-288
-281
-268
-251
-229
-204
-175
-143
-109
-74
-40
-6
24
51
75
93
105
111
111
105
92
75
52
26
-1
-32
-62
-91
-118
-142
-162
-176
-184
-187
-183
-173
-156
-134
-106
-74
-38
0
39
80
120
158
193
223
250
270
285
293
295
291
281
266
247
224
200
174
148
122
98
77
58
41
27
16
7
0
-6
-12
-17
-21
-26
-31
-36
-42
-48
-54
-60
-66
-72
-78
-83
-88
-93
-97
-101
-105
-108
-112
-117
-122
-127
-134
-141
-148
-156
-163
-170
-176
-181
-183
-183
-179
-172
-162
-147
-128
-105
-79
-51
-22
6
35
61
85
105
121
132
139
142
142
139
135
130
126
124
124
129
138
151
168
190
214
239
264
287
307
321
329
330
323
308
286
257
222
184
144
103
62
24
-9
-40
-67
-90
-109
-126
-141
-155
-169
-185
-203
-224
-247
-272
-298
-324
-349
-370
-385
-393
-391
-380
-358
-325
-282
-229
-168
-101
-30
42
113
180
242
296
342
377
403
419
427
426
420
408
393
375
355
333
311
287
262
235
207
178
146
113
79
43
7
-28
-63
-97
-129
-159
-186
-209
-229
-245
-257
-266
-271
-273
-272
-268
-262
-253
-242
-228
-211
-191
-169
-144
-117
-89
-60
-31
-4
20
43
62
76
86
91
92
88
79
67
53
36
19
2
-14
-29
-42
-53
-62
-70
-75
-80
-83
-86
-89
-91
-94
-96
-98
-99
-100
-100
-98
-94
-89
-81
-71
-59
-45
-29
-12
4
21
38
52
64
72
76
76
72
63
50
35
17
-1
-20
-38
-54
-68
-77
-82
-83
-79
-71
-58
-43
-25
-7
10
26
39
48
52
51
44
31
14
-6
-30
-55
-79
-100
-117
-128
-131
-125
-109
-85
-52
-12
33
80
127
171
208
237
256
263
257
240
210
172
125
73
19
-34
-84
-130
-168
-197
-217
-227
-228
-220
-206
-187
-164
-139
-115
-92
-71
-53
-38
-26
-16
-7
0
7
15
25
35
47
59
71
82
91
97
100
99
93
83
69
52
33
13
-5
-23
-37
-47
-53
-53
-48
-38
-24
-7
12
32
53
73
91
106
120
130
138
143
146
146
144
140
133
125
113
99
82
62
39
15
-10
-35
-60
-84
-104
-121
-134
-142
-144
-142
-135
-124
-110
-93
-75
-56
-37
-21
-7
3
11
14
14
11
5
-2
-11
-19
-27
-33
-37
-38
-36
-31
-23
-12
1
17
36
57
80
105
133
161
191
221
250
278
303
324
341
352
356
353
343
326
301
269
231
188
141
91
40
-9
-57
-103
-143
-178
-206
-228
-242
-250
-252
-247
-238
-224
-207
-187
-166
-144
-123
-102
-83
-66
-52
-40
-31
-24
-19
-14
-9
-3
6
19
37
61
91
127
168
212
258
303
344
380
405
418
416
398
361
306
233
144
40
-74
-197
-322
-444
-560
-664
-751
-818
-863
-882
-877
-846
-792
-718
-626
-521
-406
-287
-166
-50
59
158
245
318
375
416
443
455
455
444
424
398
368
336
303
271
241
213
188
167
148
131
117
104
93
82
73
63
55
47
39
33
27
23
21
20
21
23
27
31
35
39
42
43
41
36
28
16
1
-16
-38
-61
-86
-111
-135
-157
-177
-192
-203
-209
-210
-206
-196
-183
-167
-149
-129
-110
-93
-77
-65
-57
-53
-53
-57
-65
-76
-90
-105
-121
-138
-153
-166
-177
-185
-188
-188
-183
-174
-161
-143
-123
-98
-72
-43
-14
15
44
72
97
120
138
153
163
169
169
165
156
143
125
104
81
55
30
6
-15
-33
-45
-50
-49
-40
-23
0
31
66
104
143
182
217
248
273
290
299
