19
67
107
140
163
176
179
171
155
131
101
67
31
-5
-40
-73
-102
-126
-146
-161
-171
-177
-179
-179
-177
-173
-167
-161
-153
-143
-132
-118
-102
-82
-59
-33
-5
23
53
81
108
131
150
164
172
175
173
167
158
148
137
128
120
115
113
113
115
117
120
121
121
118
112
103
92
78
63
46
29
13
-3
-18
-33
-46
-57
-65
-72
-75
-74
-68
-57
-40
-15
15
54
101
154
212
274
338
402
462
516
562
597
619
626
619
596
558
505
441
366
283
196
106
18
-66
-145
-216
-276
-326
-362
-386
-398
-396
-383
-359
-326
-285
-237
-186
-133
-81
-33
9
45
70
84
87
78
59
30
-5
-45
-85
-123
-154
-175
-185
-180
-160
-125
-76
-15
55
133
214
294
370
438
496
540
570
583
581
562
528
480
420
350
272
188
101
11
-76
-161
-241
-314
-378
-430
-470
-496
-505
-499
-476
-437
-383
-315
-236
-148
-54
42
139
232
319
397
464
519
559
585
595
591
572
539
494
436
369
294
212
127
39
-48
-134
-215
-291
-360
-419
-469
-508
-537
-553
-558
-552
-536
-510
-476
-436
-392
-346
-300
-257
-219
-188
-164
-149
-142
-144
-154
-171
-193
-219
-247
-277
-306
-332
-356
-374
-386
-392
-390
-380
-363
-337
-304
-265
-220
-171
-119
-65
-12
40
90
136
178
214
246
272
292
307
316
321
321
316
308
296
280
261
238
213
185
155
123
89
55
20
-13
-47
-80
-112
-143
-173
-201
-230
-258
-286
-315
-344
-373
-401
-427
-451
-470
-485
-492
-491
-481
-460
-429
-388
-336
-276
-207
-133
-54
25
103
178
248
309
360
399
426
440
441
429
406
373
332
286
236
186
138
94
57
28
8
0
0
8
25
48
75
103
128
150
165
171
167
153
128
93
50
1
-51
-104
-154
-200
-239
-268
-287
-295
-293
-281
-261
-235
-204
-171
-137
-104
-74
-47
-23
-3
12
26
36
45
53
60
67
74
81
89
97
106
116
126
138
150
163
178
194
212
232
252
273
294
312
327
338
344
343
335
319
297
268
234
196
157
117
79
44
14
-10
-29
-41
-47
-47
-43
-36
-27
-18
-9
-2
2
5
6
5
2
0
-2
-3
-3
0
3
8
15
22
29
35
40
41
40
36
28
17
3
-13
-31
-51
-72
-93
-113
-132
-150
-166
-179
-190
-198
-203
-205
-203
-199
-191
-181
-168
-154
-137
-119
-100
-80
-59
-37
-14
9
34
59
86
114
143
172
201
229
256
280
301
317
329
335
334
328
316
298
275
249
221
191
162
134
109
87
70
58
50
47
49
53
61
70
80
89
96
101
102
98
90
76
58
36
11
-16
-45
-75
-104
-133
-160
-186
-211
-235
-259
-283
-307
-332
-357
-381
-405
-425
-442
-454
-460
-459
-449
-431
-405
-369
-327
-277
-223
-166
-108
-51
2
51
92
124
147
159
161
154
139
118
92
65
38
14
-4
-18
-24
-22
-13
2
23
49
77
105
131
154
171
181
184
178
164
142
113
78
39
-2
-45
-87
-127
-165
-198
-226
-249
-267
-278
-284
-285
-279
-268
-252
-230
-203
-171
-135
-95
-52
-6
39
86
131
174
213
247
275
297
311
317
315
305
289
265
236
202
165
126
86
47
11
-22
-50
-74
-92
-105
-113
-116
-114
-110
-103
-94
-86
-77
-70
-64
-59
-55
-53
-50
-47
-43
-37
-29
-18
-4
12
32
55
79
105
131
156
179
199
216
229
237
240
238
232
222
209
194
179
162
147
133
121
110
102
96
91
87
84
82
79
75
71
65
58
48
37
23
7
-9
-28
-48
-68
-88
-107
-124
-138
-149
-158
-163
-165
-165
-163
-160
-156
-153
-152
-152
-153
-157
-164
-172
-181
-192
-203
-214
-224
-232
-239
-243
-245
-244
-240
-232
-222
-209
-194
-176
-156
-134
-111
-87
-62
-38
-14
6
26
43
56
66
72
75
74
72
67
62
56
53
51
53
58
68
82
100
121
145
170
195
218
238
254
263
266
261
249
230
205
176
143
110
77
47
22
2
-11
-18
-18
-14
-6
3
13
21
25
24
16
0
-22
-52
-88
-127
-168
-209
-247
-279
-305
-322
-329
-327
-314
-292
-262
-224
-181
-134
-86
-39
5
45
80
108
128
141
146
143
134
118
99
76
50
24
-1
-26
-49
-68
-84
-97
-105
-109
-109
-106
-100
-92
-82
-71
-60
-48
-36
-24
-12
0
12
26
40
56
73
91
111
130
150
169
187
203
216
225
229
229
223
212
196
175
151
124
96
67
40
16
-4
-20
-30
-34
-32
-24
-9
10
34
63
95
129
164
200
235
268
300
329
354
376
392
404
410
410
403
389
368
339
303
259
209
155
96
36
-24
-82
-137
-186
-227
-259
-281
-293
-295
-286
-270
-246
-217
-185
-152
-121
-93
-69
-52
-41
-37
-39
-48
-62
-80
-102
-126
-151
-176
-200
-221
-240
-256
-267
-274
-276
-272
-264
-250
-232
-209
-183
-153
-121
-88
-55
-23
7
34
57
75
88
96
99
97
91
82
72
60
50
40
33
28
25
25
28
32
36
41
44
46
44
39
30
17
1
-18
-41
-65
-89
-112
-134
-152
-167
-177
-182
-183
-179
-172
-161
-148
-134
-119
-103
-88
-74
-61
-50
-40
-31
-24
-18
-14
-10
-6
-3
0
5
10
18
28
39
54
71
91
112
135
157
179
199
215
226
232
232
226
215
199
179
157
134
111
90
71
56
45
37
33
31
32
33
33
32
29
22
12
0
-18
-38
-61
-84
-108
-129
-147
-161
-168
-169
-162
-147
-125
-96
-61
-23
16
55
93
125
150
167
173
168
151
122
82
33
-23
-86
-151
-216
-279
-338
-389
-433
-467
-490
-502
-503
-493
-472
-441
-400
-352
-297
-236
-171
-103
-36
29
90
147
196
236
267
288
299
300
292
277
257
233
208
183
160
142
128
119
116
119
127
139
154
172
191
211
229
247
263
276
287
297
304
310
316
321
326
333
339
346
353
360
365
367
366
360
349
332
309
279
244
202
155
104
49
-7
-65
-124
-182
-238
-290
-339
-383
-421
-452
-477
-495
-506
-510
-508
-501
-488
-472
-453
-431
-408
-385
-361
-337
-314
-292
-271
-251
-232
-212
-193
-173
-153
-131
-109
-86
-62
-38
-15
7
28
47
64
79
90
99
106
111
115
117
119
121
123
127
131
136
142
148
154
160
164
167
168
168
165
160
153
146
137
129
121
113
107
103
100
99
99
100
102
103
104
104
102
97
90
80
68
53
36
18
0
-18
-37
-54
-70
-84
-96
-106
-114
-120
-125
-129
-132
-134
-137
-141
-145
-150
-157
-163
-171
-178
-185
-191
-196
-199
-200
-198
-193
-185
-174
-160
-143
-123
-100
-76
-50
-24
1
26
50
71
90
105
117
125
129
129
126
121
113
105
96
88
82
79
80
84
94
107
125
147
171
197
221
244
263
277
285
285
278
262
240
211
176
137
95
52
8
-34
-76
-115
-151
-184
-213
-239
-263
-284
-303
-319
-334
-347
-358
-367
-373
-376
-375
-369
-359
-344
-323
-298
-267
-232
-193
-151
-109
-65
-23
16
54
87
116
140
159
173
183
189
192
193
193
193
192
193
194
197
201
206
211
216
221
224
225
223
218
210
198
183
165
145
123
101
79
59
40
24
11
1
-5
-9
-11
-10
-8
-5
-2
0
1
1
0
-5
-11
-18
-28
-37
-47
-55
-62
-66
-67
-64
-57
-46
-31
-13
7
28
50
71
89
102
111
113
109
97
79
55
26
-5
-39
-73
-104
-131
-154
-169
-178
-180
-176
-165
-149
-129
-106
-81
-57
-34
-13
4
18
28
33
34
31
24
13
0
-15
-32
-50
-68
-85
-101
-115
-126
-133
-135
-133
-126
-114
-96
-75
-49
-21
9
39
70
98
124
145
162
173
179
179
173
162
146
126
103
77
50
23
-4
-30
-55
-78
-98
-116
-131
-144
-154
-161
-165
-167
-167
-164
-158
-151
-141
-129
-117
-103
-89
-75
-62
-50
-39
-29
-21
-15
-9
-3
1
8
16
25
37
52
69
89
110
132
155
176
196
214
228
237
243
244
240
231
219
204
186
168
149
131
115
103
96
93
96
106
121
143
169
200
234
269
303
336
364
386
400
406
400
385
358
321
275
221
162
99
35
-28
-90
-149
-203
-253
-298
-338
-373
-404
-431
-455
-476
-495
-511
-526
-538
-547
-554
-556
-555
-549
-538
-522
-500
-473
-441
-405
-366
-324
-282
-238
-195
-154
-113
-75
-38
-4
28
58
87
113
137
160
180
198
214
228
240
251
260
267
273
278
280
282
282
280
278
275
272
269
267
264
263
262
261
260
259
257
254
249
241
232
221
207
192
175
156
138
119
100
82
65
50
35
23
12
2
-6
-14
-23
-31
-42
-54
-68
-86
-107
-131
-159
-190
-223
-258
-294
-329
-363
-394
-422
-445
-462
-473
-476
-472
-460
-441
-414
-381
-343
-300
-254
-207
-160
-115
-73
-34
0
27
50
68
80
88
91
91
89
86
81
78
75
75
78
84
95
110
130
153
180
209
239
269
297
321
341
354
360
357
346
324
294
255
207
153
94
32
-31
-94
-154
-209
-258
-299
-331
-354
-368
-372
-369
-358
-341
-320
-295
-267
-239
-210
-181
-153
-126
-100
-76
-52
-29
-7
15
38
61
84
107
130
152
173
191
206
217
225
228
228
223
215
204
191
176
160
144
128
111
96
80
65
50
35
20
6
-7
-20
-32
-43
-52
-58
-62
-63
-61
-56
-48
-38
-27
-14
-1
10
20
28
33
34
31
25
16
4
-8
-20
-30
-38
-41
-38
-30
-15
4
29
57
88
119
149
175
197
213
223
226
222
212
197
177
154
128
101
73
46
19
-5
-29
-52
-73
-91
-108
-123
-135
-144
-150
-153
-151
-146
-136
-121
-103
-82
-58
-34
-9
14
35
54
69
81
88
92
92
90
85
79
72
65
59
53
47
43
39
35
31
27
22
15
8
0
-11
-23
-35
-49
-62
-75
-88
-99
-109
-118
-125
-131
-135
-136
-136
-134
-129
-123
-114
-103
-89
-74
-57
-39
-20
0
19
38
57
74
89
102
112
119
124
127
128
127
125
123
121
119
117
116
114
112
109
105
100
92
83
72
58
43
25
6
-14
-35
-58
-80
-103
-125
-147
-169
-189
-209
-229
-248
-267
-284
-301
-316
-330
-340
-348
-352
-351
-345
-334
-317
-295
-267
-235
-199
-159
-118
-76
-34
4
42
76
105
131
152
169
182
191
198
202
205
206
205
203
200
195
188
180
171
160
148
135
122
109
97
87
