18
31
46
61
77
91
104
113
118
119
115
107
94
77
57
36
14
-8
-28
-47
-62
-74
-82
-85
-85
-80
-72
-61
-46
-30
-11
8
29
51
73
94
114
131
146
158
166
169
168
162
152
138
119
97
71
44
15
-14
-45
-74
-103
-129
-153
-174
-191
-203
-212
-216
-216
-211
-202
-188
-171
-151
-128
-103
-76
-48
-20
8
36
64
90
114
137
157
176
193
207
220
230
239
246
251
255
256
254
250
243
232
218
202
182
160
137
114
91
70
52
37
27
20
18
21
26
35
44
54
63
69
71
68
59
44
22
-5
-39
-77
-119
-163
-207
-249
-288
-321
-348
-368
-381
-385
-381
-370
-352
-328
-299
-266
-230
-192
-153
-115
-77
-41
-8
20
45
65
79
87
88
83
72
54
31
5
-24
-54
-84
-110
-133
-149
-157
-156
-146
-127
-100
-65
-24
20
66
112
155
193
224
248
263
269
267
257
240
217
190
160
130
99
71
47
26
10
0
-7
-9
-9
-6
-2
0
2
2
0
-7
-17
-31
-49
-69
-90
-113
-134
-154
-171
-184
-193
-196
-195
-188
-178
-165
-149
-132
-115
-99
-84
-71
-61
-52
-46
-41
-38
-36
-34
-33
-31
-30
-27
-25
-21
-18
-14
-10
-5
0
4
10
16
24
33
44
56
70
85
99
114
128
140
149
156
158
157
152
143
131
115
98
78
59
39
20
4
-10
-22
-31
-38
-42
-43
-41
-38
-33
-27
-20
-12
-4
3
11
18
25
31
36
40
44
46
48
50
51
53
55
57
59
61
63
64
64
63
60
55
48
39
28
14
-2
-19
-39
-60
-81
-102
-123
-142
-159
-173
-183
-189
-191
-187
-180
-168
-152
-133
-112
-89
-65
-41
-17
4
24
41
55
66
73
77
78
76
71
65
56
47
37
26
17
9
2
0
-1
1
8
18
32
48
65
83
99
114
126
135
139
139
135
128
118
107
96
86
79
75
75
79
89
102
120
140
162
184
204
222
235
242
242
234
217
191
156
113
61
2
-62
-132
-203
-275
-345
-411
-470
-521
-561
-589
-604
-605
-592
-566
-528
-478
-418
-351
-278
-200
-122
-43
32
104
170
229
279
321
352
373
385
387
381
367
347
321
291
259
225
192
159
129
102
78
58
41
28
17
8
1
-4
-10
-16
-21
-27
-32
-37
-40
-41
-39
-34
-26
-13
2
21
43
68
93
118
142
163
180
193
200
201
196
186
171
151
128
101
73
42
11
-19
-51
-81
-111
-138
-164
-187
-208
-225
-238
-248
-254
-256
-254
-249
-240
-227
-211
-192
-171
-148
-124
-98
-73
-48
-24
-2
17
33
47
57
63
66
65
61
55
47
37
27
18
10
4
0
0
2
7
15
26
39
53
67
81
95
106
116
123
127
128
126
121
113
104
92
78
64
50
35
21
7
-5
-17
-29
-39
-48
-57
-64
-71
-78
-83
-89
-93
-97
-100
-102
-103
-103
-102
-99
-95
-90
-83
-76
-68
-60
-52
-44
-36
-28
-21
-14
-7
-1
5
11
16
21
24
27
28
27
25
22
17
12
6
0
-5
-11
-15
-19
-21
-22
-21
-19
-15
-9
-3
2
8
14
19
22
22
20
15
8
-1
-13
-26
-40
-54
-65
-75
-81
-82
-78
-70
-56
-37
-14
11
39
67
95
119
140
156
167
171
169
160
146
127
104
79
52
24
-1
-25
-45
-62
-74
-81
-84
-83
-78
-70
-61
-49
-37
-25
-13
-2
7
16
24
30
35
37
38
36
32
25
17
6
-7
-21
-38
-55
-73
-91
-109
-124
-138
-149
-156
-159
-158
-153
-144
-130
-112
-91
-68
-43
-17
8
34
58
82
104
123
141
156
169
179
187
192
194
194
192
188
182
174
164
153
140
126
111
94
76
58
39
20
1
-16
-34
-50
-64
-78
-90
-100
-110
-118
-126
-132
-137
-141
-144
-145
-146
-145
-144
-141
-139
-136
-133
-131
-129
-128
-128
-129
-131
-134
-137
-141
-144
-146
-146
-146
-143
-137
-130
-120
-108
-95
-81
-66
-52
-38
-26
-16
-9
-4
-2
-2
-4
-7
-10
-13
-14
-14
-12
-6
1
12
26
42
61
83
106
131
158
186
214
244
273
301
328
352
374
391
404
412
413
409
397
380
356
326
291
252
209
164
117
69
22
-22
-66
-106
-143
-176
-205
-229
-249
-265
-276
-283
-286
-286
-282
-275
-265
-252
-237
-220
-202
-182
-162
-142
-122
-102
-84
-66
-50
-35
-22
-10
0
7
15
21
25
29
31
32
31
30
28
25
21
17
13
9
5
2
0
-2
-3
-3
-3
-2
-1
0
3
7
11
16
22
29
36
44
52
60
67
75
82
87
92
95
97
98
97
95
92
89
86
84
82
82
84
88
93
100
107
115
122
129
133
136
136
134
129
122
113
102
90
76
61
45
29
12
-5
-22
-40
-57
-73
-89
-104
-117
-130
-141
-151
-159
-167
-172
-177
-179
-181
-181
-180
-176
-171
-164
-154
-141
-126
-108
-88
-66
-41
-16
8
33
56
78
98
114
127
137
142
144
142
135
126
113
98
82
64
46
28
11
-3
-17
-29
-39
-47
-54
-59
-62
-65
-66
-65
-63
-59
-53
-45
-35
-22
-8
7
24
42
59
76
91
103
113
118
120
118
112
103
90
75
59
42
26
11
-1
-11
-18
-22
-24
-23
-22
-20
-19
-20
-22
-28
-38
-51
-69
-91
-117
-147
-179
-213
-247
-281
-313
-341
-365
-383
-393
-396
-391
-378
-357
-327
-291
-248
-200
-147
-92
-36
20
76
129
178
222
261
293
319
338
349
353
351
341
327
307
283
256
227
198
169
143
119
98
82
69
61
58
57
60
66
72
79
86
91
93
92
88
79
66
48
28
4
-21
-48
-77
-105
-132
-158
-183
-206
-226
-243
-257
-268
-275
-279
-278
-274
-266
-254
-238
-220
-198
-174
-148
-120
-92
-63
-36
-9
14
35
53
68
78
83
85
83
77
69
59
48
38
29
23
20
21
27
37
51
70
91
115
139
164
187
208
226
239
248
252
251
244
233
216
195
170
142
111
78
44
9
-24
-56
-87
-114
-138
-157
-171
-179
-182
-180
-171
-158
-141
-121
-98
-76
-53
-33
-16
-3
5
9
9
5
-1
-10
-21
-33
-45
-55
-63
-70
-73
-73
-69
-62
-51
-37
-20
0
21
44
68
91
114
134
153
168
180
188
192
192
189
183
174
163
152
139
127
116
106
99
93
90
89
90
93
97
101
106
110
112
113
112
108
101
92
81
66
50
31
10
-11
-35
-60
-86
-113
-141
-170
-199
-229
-258
-286
-312
-335
-355
-370
-381
-385
-384
-376
-362
-343
-318
-289
-255
-219
-180
-140
-100
-59
-20
17
52
85
114
140
162
181
196
208
217
223
226
227
225
220
214
205
195
183
170
157
143
129
115
100
86
73
59
46
33
22
11
2
-4
-9
-12
-13
-12
-8
-3
2
9
16
23
30
36
40
43
45
46
45
43
40
37
34
31
28
26
24
22
21
18
15
10
2
-6
-18
-32
-48
-66
-84
-103
-122
-139
-155
-168
-178
-185
-188
-189
-187
-182
-175
-166
-156
-146
-135
-124
-113
-103
-92
-80
-68
-55
-40
-24
-5
14
36
60
85
110
136
160
182
202
219
231
239
242
240
233
221
204
183
157
128
96
61
23
-15
-55
-96
-137
-176
-214
-249
-281
-309
-332
-350
-364
-372
-375
-374
-368
-358
-345
-329
-311
-291
-269
-247
-224
-200
-175
-149
-122
-93
-62
-29
5
41
79
116
153
188
220
249
274
295
311
322
329
332
331
328
322
314
306
296
285
274
262
249
236
222
208
192
175
158
140
121
102
83
64
46
29
12
-3
-18
-33
-48
-64
-79
-96
-113
-130
-148
-165
-182
-198
-212
-224
-234
-239
-242
-240
-234
-225
-212
-197
-181
-163
-145
-128
-112
-97
-85
-76
-69
-64
-60
-59
-58
-58
-57
-56
-52
-48
-41
-31
-20
-7
5
19
33
45
54
61
65
66
64
60
54
47
41
35
31
29
30
34
40
49
60
73
87
102
117
133
148
163
178
193
207
220
233
245
256
266
274
281
286
289
289
287
283
277
270
261
251
242
233
224
218
212
209
208
207
208
209
209
208
203
195
181
162
136
103
63
17
-32
-86
-141
-196
-249
-299
-343
-380
-410
-431
-444
-449
-446
-437
-422
-403
-381
-357
-332
-309
-287
-268
-252
-238
-229
-221
-217
-214
-213
-212
-211
-209
-206
-202
-196
-187
-176
-162
-146
-127
-107
-85
-62
-39
-16
5
25
43
58
71
81
88
94
98
101
104
107
111
116
122
130
138
148
159
169
180
190
198
206
212
217
221
223
224
225
226
226
226
226
225
224
221
217
211
202
189
174
154
131
103
73
39
2
-36
-77
-118
-160
-201
-240
-278
-312
-343
-369
-391
-406
-417
-420
-418
-410
-396
-377
-354
-327
-298
-267
-236
-205
-174
-145
-118
-92
-68
-45
-24
-5
13
31
48
66
83
100
117
133
150
167
183
199
214
228
241
254
264
274
281
287
291
292
290
286
279
269
256
239
220
198
173
147
121
93
67
41
16
-6
-27
-46
-63
-77
-89
-100
-108
-115
-119
-122
-124
-123
-122
-119
-114
-107
-99
-88
-76
-61
-45
-26
-5
15
38
62
85
107
127
145
159
168
173
172
166
153
135
112
84
52
17
-19
-57
-96
-134
-170
-204
-235
-261
-283
-299
-308
-311
-306
-294
-274
-248
-215
-177
-134
-88
-40
7
54
98
137
170
195
212
220
219
210
193
170
141
109
75
41
8
-22
-50
-74
-93
-109
-119
-124
-125
-122
-114
-103
-90
-74
-56
-38
-19
-2
13
27
39
47
53
56
57
54
49
42
33
22
10
-2
-15
-29
-44
-58
-73
-88
-102
-116
-130
-142
-152
-160
-165
-166
-163
-155
-141
-122
-99
-70
-38
-2
34
73
111
148
182
212
236
254
265
269
266
255
238
215
188
158
127
95
65
37
13
-7
-23
-35
-42
-47
-49
-48
-48
-47
-47
-49
-53
-59
-69
-80
-94
-108
-123
-137
-150
-162
-170
-176
-179
-178
-173
-166
-155
-142
-127
-110
-91
-72
-53
-33
-14
2
18
33
45
54
60
62
62
59
53
44
35
24
14
4
-3
-9
-11
-10
-4
5
19
38
62
90
122
157
194
232
270
306
339
367
389
404
410
408
397
378
350
316
277
234
189
144
101
60
24
-7
-33
-54
-69
-79
-85
-87
-86
-83
-79
-75
-72
-69
-67
-66
-65
-66
-67
-67
-67
-66
-64
-60
-55
-48
-40
-31
-22
-12
-3
5
12
