16
13
9
6
3
0
-4
-9
-15
-21
-28
-36
-44
-53
-61
-69
-75
-80
-84
-85
-83
-79
-73
-64
-53
-39
-25
-10
4
19
32
42
50
54
53
49
40
27
11
-7
-27
-48
-68
-86
-102
-114
-122
-125
-124
-119
-111
-99
-86
-71
-56
-42
-29
-18
-9
-2
3
7
10
14
17
22
27
34
42
51
60
70
78
85
91
94
94
92
87
79
70
59
47
36
25
15
8
3
1
2
7
15
26
39
54
70
86
100
113
123
129
132
132
127
120
110
98
85
71
59
48
39
32
29
28
30
35
41
49
56
64
70
75
78
78
75
71
64
55
44
33
20
7
-5
-17
-30
-42
-53
-63
-72
-79
-84
-87
-86
-83
-76
-66
-54
-38
-22
-4
12
28
41
51
57
59
57
50
39
26
11
-4
-19
-33
-44
-52
-56
-55
-51
-42
-29
-13
5
25
46
66
85
102
116
127
133
134
130
122
108
90
68
43
14
-15
-46
-77
-107
-136
-162
-186
-205
-220
-231
-236
-237
-234
-226
-215
-200
-183
-165
-145
-125
-105
-85
-65
-46
-28
-11
5
22
38
53
68
83
97
109
120
129
137
141
143
143
141
136
130
123
115
106
96
86
76
65
55
43
32
20
8
-3
-15
-26
-37
-46
-54
-61
-66
-69
-70
-71
-70
-68
-67
-65
-65
-65
-66
-69
-72
-76
-80
-85
-88
-91
-93
-94
-93
-90
-87
-82
-76
-69
-62
-55
-47
-39
-32
-24
-16
-7
1
10
21
31
42
52
62
71
79
85
90
93
94
94
93
91
88
86
84
82
80
79
77
76
73
70
66
60
52
43
32
20
6
-7
-22
-37
-51
-64
-75
-84
-90
-94
-95
-95
-93
-89
-86
-82
-79
-77
-75
-75
-76
-78
-81
-86
-90
-95
-101
-105
-109
-111
-111
-108
-102
-91
-77
-58
-35
-9
20
51
83
114
143
169
190
205
213
213
206
191
170
142
110
75
38
2
-33
-66
-96
-122
-143
-159
-170
-175
-175
-170
-159
-144
-125
-103
-77
-49
-19
10
40
70
97
121
142
158
170
177
178
174
165
152
133
112
87
60
32
3
-25
-52
-77
-100
-120
-137
-150
-159
-165
-166
-164
-159
-151
-140
-127
-113
-98
-84
-70
-59
-49
-42
-37
-34
-31
-30
-28
-25
-21
-14
-4
9
25
44
65
86
107
127
143
155
162
164
160
152
139
124
107
92
78
67
61
60
65
74
88
105
125
144
163
179
192
200
202
200
191
178
161
141
119
96
74
53
34
17
3
-8
-18
-26
-34
-40
-47
-54
-61
-70
-78
-87
-96
-105
-113
-120
-127
-132
-135
-137
-137
-136
-133
-129
-124
-116
-108
-97
-86
-72
-57
-40
-22
-3
17
38
59
79
99
116
131
144
153
159
162
161
158
152
143
133
122
109
97
84
71
59
48
36
25
14
3
-8
-20
-33
-47
-62
-79
-96
-113
-131
-148
-164
-179
-191
-201
-207
-209
-206
-200
-190
-176
-159
-141
-121
-103
-87
-73
-64
-59
-58
-63
-70
-81
-92
-103
-112
-117
-115
-107
-91
-67
-35
2
47
94
144
193
238
278
311
335
349
352
344
325
297
261
218
172
123
74
28
-12
-47
-75
-93
-103
-102
-92
-74
-48
-17
18
56
94
130
162
188
206
216
217
208
190
163
129
88
42
-6
-55
-104
-151
-193
-231
-264
-291
-312
-328
-340
-347
-351
-352
-350
-346
-340
-331
-321
-308
-292
-275
-256
-234
-212
-189
-166
-143
-121
-101
-83
-67
-54
-44
-35
-29
-24
-19
-15
-10
-4
3
12
23
35
48
63
77
92
107
120
133
145
156
165
173
180
185
188
190
189
186
182
174
165
154
141
126
111
95
79
63
49
37
28
21
17
16
17
21
26
32
38
42
46
47
46
43
37
29
19
8
-2
-13
-23
-30
-36
-38
-36
-31
-23
-13
0
13
27
40
53
63
71
77
81
82
82
80
78
75
73
72
71
71
72
75
78
81
85
88
90
92
91
89
84
76
66
53
37
20
2
-17
-37
-56
-74
-91
-105
-117
-126
-132
-136
-136
-135
-133
-130
-126
-123
-122
-122
-124
-128
-134
-143
-153
-164
-175
-186
-196
-203
-208
-209
-205
-197
-183
-164
-140
-112
-79
-43
-4
34
72
109
142
171
194
211
221
224
220
209
193
173
149
125
100
77
58
43
33
29
30
37
48
63
80
98
115
131
143
152
156
155
149
139
125
108
88
67
45
23
2
-16
-34
-50
-64
-76
-86
-96
-103
-110
-116
-120
-124
-126
-127
-128
-127
-125
-123
-120
-117
-114
-111
-109
-107
-106
-106
-106
-107
-107
-107
-107
-105
-103
-99
-93
-86
-77
-67
-55
-42
-27
-12
4
21
39
57
76
95
114
133
152
170
187
203
216
228
236
241
242
240
233
222
206
186
161
133
100
65
27
-12
-52
-92
-131
-166
-197
-224
-244
-258
-265
-265
-257
-242
-221
-195
-164
-130
-94
-58
-22
11
43
71
95
115
130
143
151
157
160
161
161
160
158
155
153
149
145
141
134
127
117
105
91
75
56
36
15
-6
-28
-50
-70
-88
-103
-114
-122
-126
-125
-120
-112
-100
-85
-68
-51
-34
-17
-3
8
17
22
25
24
21
15
9
2
-4
-10
-15
-18
-18
-16
-12
-6
0
9
17
25
32
37
41
42
41
38
33
25
15
4
-8
-22
-37
-53
-69
-84
-98
-112
-124
-134
-142
-149
-154
-157
-158
-158
-156
-153
-148
-141
-133
-122
-110
-95
-78
-60
-39
-17
5
29
53
76
99
120
139
155
168
177
183
185
183
178
171
161
150
139
127
116
106
98
91
86
83
81
82
84
87
91
96
100
103
104
103
99
90
78
60
37
9
-22
-58
-96
-135
-175
-213
-247
-278
-303
-322
-334
-340
-339
-332
-320
-304
-284
-263
-241
-219
-198
-180
-163
-149
-137
-126
-117
-108
-99
-88
-75
-58
-39
-16
9
37
67
97
127
154
178
196
208
213
211
200
183
159
130
98
64
31
0
-27
-49
-65
-73
-74
-68
-56
-39
-18
4
27
49
67
81
89
91
87
77
61
40
16
-9
-35
-60
-83
-101
-113
-118
-117
-107
-89
-65
-33
2
43
86
129
172
212
248
280
305
324
336
342
341
334
322
305
284
260
233
204
172
138
102
64
24
-16
-59
-103
-148
-192
-235
-275
-311
-343
-368
-387
-398
-402
-397
-385
-366
-340
-308
-272
-232
-189
-144
-97
-51
-4
41
86
130
174
217
259
301
341
380
417
452
484
511
534
552
563
567
563
552
531
502
464
418
363
302
235
163
89
15
-58
-128
-193
-252
-305
-350
-387
-418
-442
-461
-474
-484
-490
-493
-493
-491
-487
-480
-471
-458
-443
-426
-405
-382
-356
-328
-298
-267
-235
-201
-167
-132
-96
-60
-24
11
46
80
113
143
170
194
214
230
240
246
247
244
238
229
219
208
199
191
187
186
190
198
212
230
253
280
310
342
377
411
445
476
503
524
538
544
539
524
497
458
409
351
285
213
139
63
-9
-79
-145
-203
-255
-300
-338
-369
-394
-413
-428
-438
-444
-447
-447
-443
-436
-425
-412
-396
-377
-355
-330
-303
-273
-242
-209
-176
-142
-109
-77
-46
-19
5
26
43
56
65
70
70
66
58
47
33
17
-1
-20
-40
-59
-77
-93
-108
-119
-127
-131
-132
-127
-119
-106
-88
-67
-42
-14
15
46
77
106
133
156
174
186
192
189
180
163
139
110
77
42
6
-28
-61
-90
-113
-131
-143
-148
-147
-140
-129
-114
-97
-78
-59
-41
-24
-10
0
7
11
11
7
0
-11
-24
-40
-56
-74
-90
-106
-120
-131
-139
-143
-144
-140
-132
-119
-102
-81
-56
-28
3
37
73
110
147
184
219
253
283
309
330
346
356
360
357
346
329
306
276
242
203
162
119
75
33
-7
-45
-79
-110
-137
-159
-178
-194
-206
-215
-221
-226
-228
-228
-225
-221
-215
-207
-197
-184
-170
-154
-136
-116
-96
-74
-53
-31
-10
9
27
42
55
64
70
73
72
69
63
55
47
39
31
26
22
20
21
23
28
33
39
44
49
51
52
50
45
37
26
13
-1
-18
-37
-56
-76
-96
-115
-132
-148
-162
-173
-182
-187
-188
-184
-177
-164
-147
-125
-98
-68
-34
1
39
77
114
148
180
208
230
247
258
263
262
255
242
226
206
183
158
133
109
85
64
45
29
15
5
-2
-6
-9
-9
-7
-2
4
13
24
37
52
69
87
105
124
142
159
173
185
193
198
199
196
188
177
161
143
121
97
71
44
16
-11
-39
-65
-91
-115
-137
-157
-176
-192
-207
-218
-227
-232
-234
-232
-226
-215
-200
-180
-156
-128
-96
-61
-24
14
53
91
127
160
189
212
228
238
241
237
226
208
186
160
131
100
70
42
16
-5
-23
-35
-42
-45
-43
-37
-29
-18
-7
3
13
21
27
31
32
30
26
19
11
2
-7
-17
-28
-38
-48
-57
-66
-74
-83
-92
-103
-115
-130
-147
-168
-192
-220
-251
-284
-320
-358
-395
-432
-467
-498
-525
-546
-561
-569
-569
-562
-547
-526
-497
-462
-422
-378
-330
-279
-225
-171
-115
-59
-4
50
104
157
209
258
306
352
395
436
474
507
537
561
581
595
603
605
601
591
575
554
527
496
459
419
375
327
278
226
174
122
70
20
-26
-70
-110
-146
-177
-202
-221
-234
-240
-240
-235
-223
-208
-189
-167
-144
-121
-98
-76
-56
-38
-21
-7
4
15
24
30
34
34
31
24
12
-4
-26
-53
-84
-119
-156
-194
-232
-268
-300
-327
-348
-362
-367
-364
-354
-337
-313
-285
-253
-219
-185
-151
-120
-91
-65
-42
-22
-5
10
23
36
50
63
78
94
112
130
149
169
188
205
221
235
246
255
261
264
265
264
262
259
256
253
250
248
247
246
245
246
246
246
246
245
244
241
237
232
225
218
209
200
192
183
175
169
163
160
157
156
156
156
156
156
154
150
144
134
122
107
88
66
42
16
-10
-37
-63
-88
-110
-129
-145
-157
-165
-169
-169
-167
-162
-156
-148
-140
-132
-124
-118
-113
-110
-109
-109
-112
-118
-125
-135
-146
-158
-172
-186
-200
-213
-225
-234
-241
-244
-243
-238
-229
-216
-199
-180
-160
-138
-117
-96
-77
-61
-47
-37
-29
-25
-24
-26
-29
-33
-38
-42
-45
-46
-43
-37
-28
-15
0
18
38
58
77
94
108
118
123
122
116
105
89
68
45
19
-5
-31
-53
-72
-86
-94
-96
-90
-78
-60
-37
-10
18
48
78
104
127
145
157
164
163
157
146
130
111
90
68
46
26
7
-8
-20
