73
57
43
31
21
15
10
8
8
9
11
13
15
17
17
17
16
14
11
7
3
-1
-7
-14
-21
-28
-36
-44
-51
-57
-63
-66
-68
-68
-66
-61
-55
-47
-38
-28
-18
-8
0
6
11
14
14
12
9
3
-2
-9
-16
-22
-27
-32
-34
-36
-36
-34
-32
-30
-27
-25
-23
-23
-23
-25
-28
-31
-34
-36
-36
-33
-28
-19
-5
11
32
56
82
109
135
159
179
194
202
203
197
182
160
130
95
56
14
-27
-67
-102
-133
-156
-170
-177
-175
-165
-150
-129
-106
-82
-60
-39
-23
-12
-7
-8
-14
-26
-42
-61
-83
-104
-125
-143
-157
-166
-169
-166
-156
-139
-117
-90
-60
-29
0
28
51
69
79
80
73
56
32
1
-35
-75
-116
-157
-196
-230
-259
-282
-297
-305
-306
-300
-288
-271
-250
-226
-199
-169
-138
-106
-73
-38
-3
31
68
105
143
183
223
264
305
347
388
429
468
505
538
566
587
600
604
598
581
552
513
463
404
338
266
191
116
42
-27
-91
-148
-197
-238
-270
-294
-311
-323
-331
-336
-339
-343
-347
-353
-359
-366
-373
-379
-383
-384
-380
-372
-357
-335
-306
-269
-223
-169
-107
-38
35
111
187
260
326
383
428
460
477
479
468
444
410
366
317
264
209
155
104
57
15
-19
-49
-71
-88
-100
-108
-112
-113
-113
-113
-113
-113
-114
-115
-118
-121
-124
-127
-129
-129
-129
-126
-122
-117
-110
-103
-96
-90
-85
-82
-82
-86
-93
-105
-120
-138
-159
-181
-202
-223
-241
-254
-262
-264
-258
-245
-224
-197
-163
-124
-81
-35
11
58
103
146
187
224
258
289
318
344
369
393
417
440
463
486
509
529
547
562
571
575
571
560
541
514
479
437
390
338
284
229
174
122
73
29
-10
-44
-73
-97
-117
-134
-148
-161
-174
-187
-201
-216
-232
-248
-265
-282
-299
-314
-327
-338
-346
-351
-353
-352
-349
-344
-336
-328
-318
-307
-296
-284
-272
-260
-247
-234
-220
-205
-190
-173
-156
-138
-120
-101
-82
-62
-42
-22
-2
16
34
52
69
85
99
112
123
133
141
147
151
153
154
154
153
151
149
146
144
142
141
141
142
144
147
151
156
161
166
170
172
172
169
163
153
138
120
97
71
43
12
-19
-50
-80
-107
-131
-151
-165
-175
-179
-178
-173
-164
-152
-138
-122
-107
-92
-78
-65
-54
-45
-37
-31
-27
-24
-22
-21
-21
-22
-23
-25
-27
-30
-33
-36
-38
-41
-44
-46
-48
-49
-49
-49
-48
-46
-43
-39
-35
-29
-23
-16
-8
0
10
19
28
37
44
50
53
55
54
51
45
38
29
19
8
-1
-12
-21
-29
-35
-38
-39
-38
-34
-27
-18
-7
3
15
27
38
47
53
57
58
56
52
46
39
31
23
15
8
3
0
-3
-5
-7
-9
-11
-14
-19
-25
-33
-43
-54
-66
-80
-93
-106
-117
-127
-135
-140
-143
-142
-138
-132
-123
-112
-99
-85
-69
-53
-37
-20
-4
11
27
43
59
75
91
107
123
139
156
172
188
204
219
233
245
255
261
263
260
252
239
219
195
165
130
93
54
13
-25
-62
-97
-127
-152
-173
-188
-197
-203
-203
-201
-195
-187
-178
-167
-157
-145
-134
-122
-110
-97
-83
-68
-51
-33
-14
4
24
44
63
80
95
107
116
122
125
124
119
111
99
84
66
45
22
-2
-29
-55
-79
-101
-119
-131
-136
-134
-123
-102
-73
-36
8
58
113
169
224
276
322
361
389
407
413
407
390
363
328
286
239
191
142
95
51
11
-22
-51
-73
-90
-101
-107
-110
-110
-108
-105
-103
-101
-100
-101
-103
-106
-110
-113
-116
-118
-118
-116
-111
-104
-94
-83
-70
-56
-43
-31
-20
-13
-9
-9
-13
-22
-34
-50
-68
-88
-110
-132
-153
-174
-194
-213
-231
-248
-264
-280
-294
-308
-320
-330
-338
-343
-344
-341
-333
-320
-301
-278
-250
-217
-180
-140
-98
-55
-12
29
69
106
139
168
192
212
228
239
246
251
253
254
254
254
254
256
259
264
270
278
288
298
308
318
326
332
335
335
331
322
309
291
270
245
216
186
153
119
84
49
13
-21
-56
-90
-124
-157
-190
-221
-252
-280
-306
-329
-348
-363
-372
-375
-372
-363
-348
-327
-301
-272
-241
-208
-175
-144
-116
-92
-72
-58
-49
-46
-49
-56
-67
-81
-97
-112
-127
-139
-148
-153
-153
-149
-140
-127
-110
-91
-70
-47
-24
-1
21
43
64
85
105
125
143
161
178
194
208
220
229
235
238
237
233
225
215
203
189
174
159
145
132
121
113
107
104
105
108
115
123
133
145
156
166
174
179
179
175
165
150
129
104
74
41
7
-27
-60
-91
-117
-138
-152
-159
-160
-153
-141
-124
-105
-84
-63
-45
-30
-20
-15
-15
-21
-31
-44
-59
-75
-91
-104
-114
-120
-121
-116
-107
-91
-71
-46
-17
14
47
81
115
148
178
206
229
248
262
270
273
269
260
244
223
197
167
133
98
61
25
-8
-39
-68
-91
-111
-126
-136
-143
-145
-145
-142
-137
-130
-122
-113
-104
-93
-82
-71
-58
-46
-32
-18
-4
9
23
36
47
57
65
71
74
75
74
70
65
58
49
40
29
18
7
-2
-12
-21
-29
-35
-39
-41
-41
-39
-36
-32
-26
-21
-15
-10
-7
-5
-5
-8
-13
-20
-30
-42
-56
-70
-85
-100
-113
-125
-134
-141
-145
-146
-143
-137
-128
-117
-102
-86
-69
-51
-32
-14
3
19
33
45
54
61
64
65
63
59
53
45
36
27
18
9
0
-8
-16
-25
-33
-41
-50
-60
-71
-82
-94
-106
-118
-129
-139
-147
-153
-157
-157
-155
-149
-141
-130
-117
-102
-86
-69
-52
-35
-19
-4
10
23
37
49
62
75
89
103
117
131
145
158
170
178
183
184
180
172
158
139
116
90
61
30
-1
-32
-62
-89
-112
-130
-144
-153
-156
-154
-147
-137
-123
-107
-90
-73
-56
-41
-28
-17
-9
-4
-1
-1
-2
-6
-10
-15
-21
-26
-31
-34
-35
-35
-31
-24
-14
-1
14
33
54
77
100
123
145
165
184
201
216
229
241
251
260
268
274
278
280
277
270
256
235
206
169
123
69
9
-55
-124
-193
-259
-322
-377
-424
-460
-484
-496
-495
-483
-459
-425
-384
-336
-285
-231
-177
-125
-75
-28
13
51
86
117
145
170
193
214
233
251
266
279
289
296
300
300
296
289
278
265
249
232
214
196
179
165
153
146
142
142
145
150
157
163
168
170
169
162
150
132
108
80
47
12
-24
-61
-97
-130
-159
-184
-204
-217
-225
-227
-224
-216
-204
-189
-172
-155
-137
-121
-107
-95
-87
-81
-79
-80
-83
-88
-94
-100
-105
-110
-112
-113
-112
-108
-103
-97
-91
-84
-78
-73
-69
-67
-65
-66
-66
-67
-68
-67
-65
-60
-52
-41
-27
-9
10
33
57
80
103
123
140
152
159
161
158
150
137
120
100
79
57
34
13
-5
-23
-38
-49
-59
-65
-69
-70
-70
-69
-67
-64
-60
-56
-52
-47
-42
-35
-27
-17
-6
7
22
38
55
73
91
108
124
138
149
159
165
168
167
164
158
148
136
122
105
85
64
40
14
-12
-42
-72
-104
-135
-166
-196
-223
-247
-266
-280
-288
-290
-286
-274
-257
-235
-209
-179
-148
-117
-86
-58
-34
-14
0
9
14
14
10
3
-4
-13
-22
-29
-34
-36
-34
-30
-21
-11
1
16
30
44
57
66
73
77
77
73
68
60
51
42
34
27
23
21
22
25
32
40
50
62
73
85
95
104
112
117
120
121
121
120
117
115
114
113
114
116
119
123
128
133
137
141
143
144
143
139
133
124
113
100
86
69
52
35
19
3
-9
-21
-31
-37
-41
-42
-40
-36
-29
-21
-11
0
10
21
31
39
44
48
48
45
40
33
24
13
2
-9
-19
-30
-39
-46
-53
-58
-63
-67
-70
-73
-76
-80
-83
-87
-91
-94
-98
-100
-102
-103
-103
-102
-100
-97
-93
-89
-86
-83
-80
-79
-78
-77
-77
-77
-75
-72
-68
-61
-51
-40
-26
-10
5
23
39
55
68
79
86
88
87
80
70
56
38
19
-1
-21
-40
-57
-70
-78
-83
-82
-77
-68
-56
-42
-26
-10
4
17
28
37
43
46
46
45
43
40
38
37
38
42
48
58
70
86
103
122
141
160
177
192
202
208
208
202
190
172
149
121
91
59
26
-4
-34
-60
-82
-100
-114
-125
-132
-136
-138
-140
-141
-142
-145
-149
-155
-163
-173
-183
-195
-206
-217
-226
-233
-238
-240
-238
-233
-225
-214
-199
-182
-163
-142
-119
-95
-70
-45
-21
2
24
45
62
77
89
97
101
102
100
95
89
80
70
59
48
37
27
16
7
0
-8
-13
-18
-21
-22
-22
-20
-16
-11
-5
2
11
20
30
39
48
56
63
68
72
75
76
77
77
77
77
79
82
87
95
105
117
132
148
165
182
198
212
223
231
234
232
225
213
197
177
153
127
101
74
47
23
0
-18
-34
-46
-55
-59
-61
-59
-54
-48
-39
-29
-18
-6
4
14
23
30
34
36
34
28
18
5
-12
-32
-55
-79
-105
-131
-155
-177
-196
-211
-222
-227
-227
-222
-212
-198
-181
-162
-141
-121
-101
-83
-68
-55
-44
-35
-28
-22
-15
-7
2
16
33
53
78
105
133
163
191
217
239
255
264
265
257
241
215
183
143
100
53
5
-40
-84
-123
-157
-184
-205
-220
-229
-234
-236
-236
-236
-238
-241
-248
-257
-269
-283
-297
-311
-322
-328
-328
-320
-302
-275
-237
-189
-133
-69
0
72
146
217
284
344
396
438
470
490
499
497
485
465
438
406
370
333
295
258
223
191
160
133
107
83
59
36
12
-13
-40
-68
-98
-129
-160
-191
-221
-249
-273
-293
-309
-318
-321
-317
-306
-288
-264
-235
-202
-166
-128
-91
-56
-25
1
20
33
37
34
24
7
-14
-40
-67
-94
-118
-138
-152
-160
-161
-153
-139
-118
-91
-60
-27
5
36
64
86
103
112
114
109
97
81
61
39
17
-2
-19
-30
-36
-35
-26
-11
11
39
72
109
148
187
225
259
289
313
329
337
337
328
311
287
256
221
182
141
99
59
20
-15
-47
-73
-95
-110
-119
-122
-119
-110
-95
-76
-53
-28
-1
25
52
77
100
120
137
150
160
167
171
172
169
165
157
148
136
121
105
87
67
45
21
-2
-27
-51
-74
-96
-116
-134
-149
-162
-174
-183
-191
-198
-205
-212
-219
-225
-231
-235
-239
-240
-238
-233
-225
-212
-195
-174
-148
-118
-84
-48
-9
30
71
110
149
184
217
245
268
285
296
301
299
290
274
252
225
193
157
120
81
42
5
-30
-64
-95
-124
-150
