-398
-426
-450
-469
-484
-494
-499
-500
-495
-487
-475
-461
-443
-424
-403
-380
-357
-333
-309
-284
-260
-235
-209
-183
-157
-129
-99
-68
-35
0
36
74
113
154
194
234
273
310
344
375
403
425
443
456
462
462
456
443
425
401
372
338
301
262
221
179
138
98
59
24
-8
-38
-63
-85
-104
-119
-132
-142
-149
-155
-160
-163
-165
-165
-164
-161
-155
-147
-136
-121
-103
-82
-59
-33
-6
21
50
77
103
128
150
170
187
202
214
224
233
239
244
248
250
251
250
248
244
238
229
219
206
191
173
154
132
109
85
59
32
5
-21
-49
-76
-102
-127
-149
-170
-187
-202
-213
-221
-225
-227
-226
-222
-217
-211
-205
-198
-191
-186
-180
-176
-172
-169
-167
-164
-162
-160
-157
-154
-150
-146
-141
-135
-128
-121
-114
-106
-97
-88
-79
-70
-61
-51
-42
-33
-23
-14
-4
4
14
24
34
43
53
62
71
79
87
95
102
110
118
126
136
147
159
173
189
205
223
242
260
277
292
304
312
316
315
307
294
275
249
219
184
146
106
64
21
-19
-58
-93
-125
-152
-173
-188
-198
-201
-200
-193
-183
-170
-155
-140
-125
-112
-101
-92
-86
-83
-83
-86
-91
-98
-107
-118
-131
-144
-159
-174
-190
-206
-222
-237
-251
-262
-271
-277
-280
-278
-272
-262
-247
-230
-209
-186
-162
-137
-112
-87
-64
-41
-19
2
23
43
64
84
103
120
136
149
158
162
161
155
143
126
104
78
51
22
-4
-29
-50
-64
-71
-70
-60
-42
-16
15
51
90
128
163
194
218
235
244
245
239
226
210
190
168
147
128
111
99
91
88
90
97
109
124
141
159
178
195
210
221
229
232
230
225
215
202
187
171
155
140
126
116
109
106
107
112
120
130
140
148
152
151
142
125
98
60
13
-43
-108
-179
-253
-329
-404
-475
-539
-596
-643
-679
-703
-717
-719
-710
-693
-666
-633
-593
-549
-502
-452
-400
-348
-297
-246
-196
-148
-101
-56
-12
29
71
111
151
190
229
267
304
340
374
406
437
464
487
507
522
533
539
540
537
530
520
508
495
481
468
456
445
436
427
419
411
400
387
369
347
318
284
244
199
149
97
44
-8
-59
-108
-152
-191
-226
-257
-283
-306
-326
-345
-363
-380
-398
-416
-433
-449
-463
-474
-481
-482
-477
-466
-447
-421
-389
-350
-307
-261
-213
-164
-118
-75
-37
-6
16
31
37
35
25
8
-13
-39
-65
-90
-113
-130
-140
-142
-135
-119
-95
-63
-25
17
63
108
151
190
222
246
260
265
259
243
219
187
151
111
70
31
-5
-36
-62
-80
-90
-93
-88
-77
-60
-39
-14
12
40
67
92
115
135
150
162
168
170
167
159
146
130
109
86
61
34
8
-18
-42
-65
-84
-101
-115
-127
-137
-146
-156
-166
-179
-195
-214
-238
-265
-296
-329
-363
-397
-429
-457
-480
-494
-500
-496
-482
-458
-423
-379
-327
-268
-204
-137
-69
-2
62
123
178
227
267
299
323
337
344
344
338
328
314
299
282
266
250
236
224
212
203
194
185
176
167
156
143
128
111
90
68
44
20
-2
-23
-39
-49
-51
-46
-32
-9
19
54
93
132
171
206
235
256
268
271
263
246
219
184
143
96
46
-6
-59
-112
-163
-212
-258
-302
-342
-379
-411
-440
-463
-481
-492
-495
-491
-477
-453
-420
-377
-324
-263
-196
-123
-47
29
105
178
246
309
364
412
452
486
514
538
558
576
592
609
625
642
659
674
687
696
698
694
679
652
613
560
494
414
323
222
115
4
-106
-213
-312
-401
-477
-537
-581
-607
-617
-611
-590
-558
-516
-468
-417
-364
-314
-268
-229
-197
-174
-161
-156
-160
-169
-184
-200
-217
-233
-244
-250
-249
-242
-227
-206
-179
-146
-111
-73
-35
2
37
70
99
124
146
163
178
190
200
209
218
228
239
251
265
280
296
313
329
344
357
367
373
375
372
363
349
330
306
277
243
207
167
127
85
45
6
-30
-63
-92
-116
-135
-149
-157
-161
-161
-158
-153
-148
-144
-143
-145
-151
-162
-178
-198
-221
-247
-275
-301
-326
-348
-366
-379
-387
-389
-384
-373
-357
-335
-309
-279
-246
-212
-177
-142
-109
-77
-49
-23
0
21
40
58
76
95
115
137
162
189
220
254
289
327
365
402
437
469
495
514
526
527
519
500
471
432
383
326
262
194
122
49
-24
-95
-163
-227
-285
-338
-384
-423
-454
-477
-494
-502
-503
-497
-484
-465
-440
-410
-375
-337
-297
-256
-216
-178
-144
-114
-91
-76
-69
-70
-80
-97
-120
-148
-178
-208
-235
-257
-271
-276
-269
-250
-219
-177
-125
-64
2
72
142
209
270
323
366
397
415
421
415
398
372
340
303
265
228
195
168
148
138
137
146
165
191
224
260
298
335
367
392
407
411
403
381
347
301
244
180
111
39
-32
-101
-166
-223
-273
-315
-348
-371
-387
-396
-398
-394
-385
-372
-356
-336
-314
-289
-263
-235
-204
-173
-140
-106
-71
-36
0
33
66
97
125
150
169
184
193
196
194
186
173
155
133
109
83
55
28
1
-23
-46
-68
-86
-102
-116
-127
-136
-143
-147
-150
-151
-149
-146
-141
-134
-126
-117
-106
-95
-83
-71
-59
-47
-36
-26
-17
-9
-2
3
8
13
16
19
21
20
17
10
-1
-18
-42
-73
-111
-156
-205
-258
-311
-364
-412
-452
-483
-502
-506
-495
-467
-422
-360
-284
-193
-92
18
134
252
370
483
588
684
766
835
888
925
946
951
941
916
879
830
772
705
631
552
470
385
301
218
137
60
-11
-78
-137
-190
-235
-273
-302
-323
-336
-341
-339
-329
-314
-293
-267
-238
-208
-177
-146
-118
-94
-74
-60
-53
-52
-59
-73
-92
-117
-145
-176
-206
-236
-262
-284
-299
-308
-309
-302
-287
-265
-236
-202
-164
-125
-86
-48
-15
13
35
50
57
57
50
38
20
0
-23
-47
-71
-93
-113
-130
-143
-151
-154
-152
-145
-133
-117
-96
-73
-49
-24
0
22
41
55
66
71
72
69
64
56
48
42
39
42
51
68
94
130
174
227
287
351
418
484
547
603
652
689
713
723
718
699
665
619
562
496
423
347
269
193
121
54
-4
-56
-98
-132
-158
-176
-187
-194
-198
-201
-205
-211
-219
-232
-249
-270
-295
-322
-349
-377
-402
-424
-442
-454
-461
-462
-457
-447
-432
-414
-394
-371
-346
-320
-293
-266
-237
-206
-175
-141
-107
-71
-34
2
39
74
106
133
156
173
183
185
180
168
148
123
93
60
24
-10
-45
-78
-108
-134
-156
-174
-187
-196
-200
-200
-196
-187
-175
-159
-139
-117
-93
-67
-40
-12
14
41
66
91
113
134
153
170
184
196
205
212
215
215
213
207
199
187
173
156
138
117
95
72
50
29
11
-4
-16
-23
-25
-21
-12
0
19
41
65
90
115
138
158
173
183
187
184
174
158
135
106
71
33
-7
-50
-94
-136
-176
-213
-245
-271
-291
-305
-312
-313
-310
-302
-291
-278
-264
-249
-234
-219
-204
-189
-173
-157
-140
-121
-99
-75
-49
-19
13
47
84
120
156
189
218
241
257
263
260
247
225
194
157
115
70
25
-15
-52
-82
-102
-113
-114
-104
-84
-56
-20
21
66
113
158
201
238
269
293
309
317
317
309
294
272
245
213
177
138
97
55
14
-25
-62
-95
-122
-145
-161
-171
-176
-176
-171
-163
-152
-139
-125
-110
-95
-80
-65
-51
-36
-22
-8
6
20
33
45
55
63
68
69
65
57
43
25
2
-23
-52
-81
-111
-139
-164
-186
-202
-213
-219
-219
-213
-202
-187
-168
-146
-123
-98
-72
-47
-22
0
21
41
58
72
83
91
96
98
97
93
87
78
68
56
43
30
16
3
-8
-18
-27
-33
-36
-37
-36
-31
-24
-14
-2
10
25
41
57
74
90
106
121
134
146
156
165
171
175
178
179
178
176
173
169
165
160
155
150
144
138
132
124
116
107
96
85
72
59
45
31
17
2
-13
-29
-47
-65
-85
-107
-130
-154
-178
-202
-225
-245
-262
-274
-281
-282
-277
-265
-247
-224
-196
-165
-131
-96
-61
-26
5
35
61
84
103
118
128
135
137
135
128
118
103
83
60
33
2
-31
-69
-107
-147
-187
-226
-262
-294
-320
-339
-349
-350
-340
-320
-289
-247
-196
-137
-71
-1
72
147
221
293
361
424
481
531
572
606
630
645
652
650
640
623
599
570
536
498
456
412
365
317
267
217
165
113
61
8
-44
-97
-149
-201
-252
-302
-349
-394
-435
-472
-505
-533
-555
-571
-583
-589
-590
-588
-582
-574
-564
-553
-541
-529
-516
-503
-488
-472
-454
-433
-409
-381
-348
-311
-268
-222
-171
-116
-58
1
63
126
189
253
316
377
437
494
547
595
639
675
704
725
736
739
731
712
684
645
596
538
471
397
317
233
146
58
-28
-112
-192
-267
-334
-394
-446
-489
-524
-551
-568
-577
-578
-571
-557
-536
-509
-478
-443
-407
-371
-335
-301
-270
-241
-215
-191
-167
-144
-118
-90
-58
-20
21
70
123
181
241
303
365
424
479
528
568
600
621
631
628
614
588
552
506
452
391
326
258
189
121
56
-5
-62
-114
-160
-200
-234
-263
-287
-307
-322
-334
-341
-346
-346
-343
-336
-324
-309
-289
-264
-236
-203
-167
-128
-87
-46
-5
34
72
106
135
160
178
191
198
199
194
185
171
154
134
113
91
69
48
30
14
2
-4
-7
-6
0
8
20
35
52
69
86
102
116
128
137
143
146
146
144
140
135
128
121
114
107
100
92
85
77
69
59
47
34
19
2
-16
-36
-56
-76
-96
-114
-131
-146
-158
-168
-175
-180
-182
-183
-183
-181
-179
-177
-175
-173
-172
-171
-171
-170
-168
-166
-162
-156
-148
-138
-127
-115
-103
-91
-80
-72
-66
-63
-64
-68
-76
-87
-100
-115
-130
-145
-159
-170
-178
-182
-181
-174
-162
-145
-123
-96
-66
-34
0
35
71
108
144
179
213
246
276
305
330
352
369
382
389
392
388
379
365
346
323
297
268
239
208
178
149
121
94
69
46
25
5
-13
-31
-47
-63
-78
-91
-103
-113
-121
-126
-129
-129
-127
-122
-114
-105
-94
-83
-73
-63
-54
-48
-45
-44
-48
-55
-67
-83
-103
-127
-154
-184
-215
-246
-276
-303
-326
-343
-353
-355
-348
-334
-311
-280
-243
-201
-155
-108
-60
-14
29
68
102
130
151
166
175
177
174
167
157
144
130
115
101
88
76
67
61
58
59
64
73
87
105
128
154
184
215
247
279
308
333
354
367
374
373
365
350
329
303
273
241
208
175
142
111
82
55
29
5
-17
-40
-64
-89
-115
-143
-174
-206
