-566
-586
-594
-590
-574
-547
-509
-461
-406
-344
-277
-207
-136
-63
8
79
150
219
287
356
424
493
562
631
698
763
822
874
915
942
952
941
909
853
774
673
552
415
266
109
-49
-206
-355
-493
-617
-724
-813
-883
-933
-965
-980
-979
-964
-938
-901
-855
-803
-745
-682
-616
-547
-476
-402
-327
-252
-177
-103
-31
36
99
157
209
252
288
315
333
343
346
342
331
314
294
269
242
213
182
152
121
92
63
37
11
-11
-32
-53
-71
-89
-105
-121
-135
-149
-162
-173
-182
-189
-193
-193
-190
-183
-172
-156
-135
-109
-79
-45
-8
31
71
112
152
188
221
247
268
280
285
280
267
246
217
181
139
94
46
-2
-50
-96
-138
-174
-205
-230
-248
-260
-265
-266
-263
-258
-250
-242
-233
-226
-220
-215
-213
-211
-212
-213
-216
-218
-220
-222
-221
-219
-214
-206
-195
-181
-163
-143
-120
-95
-68
-40
-12
14
40
64
85
104
120
132
141
147
151
153
153
152
150
148
146
144
142
139
136
133
129
124
119
113
106
99
92
84
76
68
59
49
39
28
16
2
-12
-29
-46
-65
-83
-102
-119
-136
-149
-160
-167
-171
-170
-164
-154
-139
-120
-97
-70
-40
-8
26
61
97
133
167
200
230
258
284
307
328
347
364
379
393
406
416
424
430
431
428
420
406
386
359
325
284
236
181
121
57
-11
-81
-153
-224
-293
-359
-420
-475
-522
-560
-588
-606
-613
-608
-592
-564
-527
-480
-425
-364
-299
-232
-165
-99
-38
18
70
114
153
185
211
233
250
264
275
285
294
303
311
319
327
335
341
346
349
349
347
341
332
320
304
285
263
239
213
187
160
132
105
78
52
26
1
-23
-47
-71
-95
-118
-141
-163
-183
-203
-221
-237
-252
-264
-275
-284
-291
-298
-305
-312
-320
-330
-342
-357
-375
-396
-420
-444
-470
-495
-517
-536
-549
-556
-555
-545
-526
-496
-457
-410
-354
-291
-223
-151
-77
-3
69
140
206
267
321
369
410
444
471
493
509
521
530
537
543
549
556
563
571
580
588
595
601
603
602
596
584
566
541
510
473
431
384
335
285
236
189
147
109
78
54
38
27
23
23
26
29
29
26
15
-4
-33
-75
-127
-191
-265
-346
-432
-520
-606
-687
-759
-819
-866
-896
-911
-910
-893
-863
-821
-770
-712
-649
-583
-516
-450
-386
-323
-263
-206
-151
-98
-48
0
47
92
135
176
213
245
273
296
312
322
326
323
315
303
287
269
250
230
211
194
178
163
150
137
124
110
95
77
56
32
6
-22
-51
-79
-105
-128
-145
-155
-158
-152
-137
-114
-82
-45
-1
45
93
142
189
232
270
301
326
342
351
352
347
337
323
308
292
277
266
259
258
262
271
287
307
331
358
385
411
434
452
464
467
461
445
418
380
331
274
208
136
61
-16
-92
-166
-236
-299
-354
-402
-440
-470
-491
-505
-513
-515
-513
-509
-504
-499
-494
-491
-488
-486
-485
-483
-480
-475
-467
-455
-439
-418
-394
-365
-334
-301
-267
-234
-202
-172
-147
-125
-108
-95
-86
-81
-78
-77
-77
-78
-77
-76
-73
-68
-61
-53
-44
-34
-24
-14
-5
4
12
21
29
38
47
58
69
83
98
115
133
150
168
184
197
207
214
215
213
206
196
184
172
160
150
144
143
147
158
176
200
229
264
301
340
380
417
452
481
504
520
528
527
518
501
476
446
410
370
327
283
239
195
152
111
72
35
1
-31
-62
-91
-119
-145
-172
-198
-224
-250
-277
-305
-334
-365
-396
-428
-460
-492
-523
-552
-577
-598
-613
-620
-618
-606
-583
-550
-506
-453
-392
-324
-253
-181
-110
-43
16
68
111
142
163
174
174
167
154
136
117
100
85
77
75
82
98
123
157
198
245
296
348
399
446
488
521
543
554
551
536
506
465
412
350
281
208
133
58
-14
-82
-144
-199
-246
-285
-315
-337
-351
-358
-358
-353
-342
-327
-310
-289
-266
-241
-215
-187
-158
-128
-95
-62
-26
9
47
85
123
160
195
227
256
281
301
316
326
330
329
324
315
303
289
273
257
241
226
212
199
189
180
172
166
160
154
148
142
134
125
113
101
86
69
50
29
6
-17
-43
-70
-98
-127
-156
-185
-213
-239
-263
-284
-300
-313
-320
-322
-319
-311
-299
-282
-262
-239
-214
-189
-164
-141
-119
-101
-87
-78
-73
-73
-79
-88
-102
-120
-140
-161
-183
-205
-225
-242
-257
-267
-273
-273
-268
-258
-243
-222
-198
-170
-140
-109
-77
-45
-16
10
35
55
73
86
96
104
109
114
118
123
130
140
154
172
194
221
252
288
328
371
416
462
509
554
597
634
666
689
703
706
696
673
637
588
526
454
372
284
191
96
2
-89
-176
-258
-332
-400
-459
-512
-558
-598
-634
-666
-695
-722
-747
-770
-792
-812
-830
-846
-860
-870
-878
-882
-883
-881
-876
-868
-856
-841
-821
-797
-766
-728
-681
-623
-554
-473
-379
-272
-153
-23
116
262
413
565
715
861
999
1126
1240
1338
1421
1485
1532
1560
1569
1561
1536
1493
1434
1359
1270
1165
1048
918
778
628
473
313
154
-3
-153
-294
-423
-535
-631
-707
-762
-799
-816
-815
-799
-770
-731
-684
-634
-583
-533
-486
-444
-408
-379
-356
-339
-327
-319
-313
-308
-303
-296
-287
-274
-257
-235
-209
-179
-145
-108
-69
-31
6
41
72
98
118
131
138
139
133
123
108
92
74
56
39
25
13
5
1
1
4
10
19
30
42
55
68
80
91
100
109
115
120
124
127
129
131
133
134
134
134
134
132
130
125
120
112
102
91
78
64
49
35
21
8
-1
-8
-11
-9
-4
5
19
36
56
77
98
119
137
151
162
168
168
164
155
141
124
103
80
56
32
7
-15
-36
-56
-73
-87
-98
-106
-111
-114
-114
-111
-107
-100
-92
-82
-70
-58
-45
-31
-17
-4
8
20
29
37
41
43
42
38
32
23
12
0
-12
-24
-37
-49
-60
-70
-80
-89
-98
-107
-115
-124
-132
-141
-150
-158
-166
-173
-180
-185
-188
-190
-189
-185
-179
-170
-158
-145
-129
-112
-95
-77
-59
-41
-23
-4
14
34
56
81
108
138
172
208
246
285
324
362
396
426
449
464
470
465
449
422
385
337
281
218
151
81
11
-56
-120
-178
-229
-272
-305
-330
-345
-351
-350
-341
-326
-307
-284
-259
-234
-208
-183
-160
-140
-121
-105
-91
-79
-68
-58
-48
-38
-26
-14
-1
12
26
41
55
68
78
86
90
90
86
78
66
51
34
15
-4
-22
-39
-52
-63
-69
-70
-68
-61
-51
-39
-26
-14
-3
5
10
10
6
-1
-14
-29
-46
-63
-78
-90
-98
-101
-97
-88
-72
-50
-23
6
38
72
105
137
167
194
217
236
252
263
270
273
272
267
259
246
230
209
186
159
129
98
65
32
0
-31
-61
-88
-112
-132
-148
-160
-169
-173
-175
-173
-170
-164
-158
-152
-147
-142
-139
-138
-139
-142
-147
-153
-160
-167
-174
-179
-182
-183
-180
-173
-162
-147
-127
-103
-77
-47
-17
13
43
71
95
116
131
142
147
147
143
134
122
108
92
77
62
48
36
26
19
15
13
14
16
20
24
28
32
34
35
34
31
26
19
11
2
-7
-16
-25
-32
-37
-39
-39
-35
-28
-17
-4
12
31
52
73
95
116
136
153
168
180
188
194
196
195
193
189
184
179
174
169
165
161
156
151
144
135
122
106
86
61
31
-1
-38
-78
-119
-160
-200
-237
-271
-300
-324
-342
-353
-358
-356
-349
-335
-317
-295
-269
-242
-212
-182
-152
-123
-95
-69
-46
-25
-8
6
18
28
36
44
51
60
70
83
99
119
142
168
196
225
254
281
304
323
335
340
337
326
308
282
251
215
177
139
101
66
35
9
-12
-28
-40
-48
-54
-57
-60
-64
-68
-74
-82
-91
-102
-113
-123
-133
-140
-143
-143
-138
-127
-112
-91
-66
-37
-4
29
64
98
131
162
189
211
229
242
251
254
253
248
239
228
214
197
178
157
132
104
72
36
-4
-51
-103
-160
-220
-284
-348
-411
-471
-526
-573
-610
-637
-651
-653
-643
-621
-589
-549
-503
-453
-402
-352
-305
-262
-225
-195
-171
-152
-138
-128
-120
-112
-101
-88
-69
-44
-11
30
80
139
206
282
364
451
542
633
722
806
880
942
987
1012
1016
996
952
885
796
688
564
427
282
133
-15
-160
-297
-425
-540
-642
-730
-805
-868
-920
-962
-995
-1021
-1040
-1052
-1056
-1052
-1037
-1012
-973
-921
-855
-774
-679
-572
-455
-329
-198
-65
67
196
318
431
533
623
698
759
805
836
854
859
854
839
816
786
751
711
669
624
577
529
480
430
380
329
279
229
179
131
84
40
-1
-41
-77
-110
-139
-165
-187
-205
-220
-232
-241
-246
-249
-249
-248
-244
-239
-232
-224
-215
-206
-195
-184
-173
-161
-149
-137
-126
-114
-102
-90
-78
-66
-54
-42
-29
-17
-3
9
23
38
53
68
84
100
116
131
145
158
168
176
181
182
178
168
153
132
105
72
35
-4
-46
-88
-129
-166
-199
-225
-243
-253
-253
-244
-226
-198
-162
-118
-68
-13
45
107
170
232
292
348
401
448
489
524
552
574
590
600
605
605
601
592
580
565
547
525
500
471
439
403
362
316
266
210
150
86
18
-50
-121
-191
-260
-326
-388
-446
-498
-545
-586
-620
-649
-671
-686
-695
-696
-690
-677
-656
-627
-590
-546
-496
-440
-379
-316
-252
-188
-126
-68
-15
31
72
105
132
153
168
178
185
190
192
193
193
192
190
186
179
169
155
137
114
87
56
21
-16
-55
-95
-135
-173
-210
-243
-272
-298
-319
-336
-348
-355
-356
-353
-343
-329
-308
-281
-249
-211
-167
-117
-63
-5
54
116
178
238
295
345
388
422
445
457
456
442
417
379
331
274
210
140
68
-4
-74
-140
-199
-248
-287
-314
-329
-331
-321
-301
-271
-235
-193
-148
-101
-55
-11
30
68
102
132
158
180
199
213
225
233
237
239
237
232
223
211
194
174
151
124
94
62
28
-6
-41
-74
-106
-135
-160
-182
-198
-210
-217
-220
-217
-211
-201
-189
-173
-156
-139
-121
-103
-85
-69
-54
-40
-27
-15
-3
8
21
34
49
65
82
100
119
137
155
171
185
196
203
206
204
197
185
169
148
124
97
68
39
10
-17
-41
-63
-80
-93
-101
-104
-103
-97
-88
-77
-64
-51
-38
-27
-18
-11
-7
-6
-6
-9
-12
-16
-20
-23
-24
-25
-23
-20
-16
-10
-3
3
11
18
25
32
37
42
46
49
52
55
58
62
68
75
83
92
103
113
124
135
145
154
162
168
173
175
176
174
