-23
-48
-70
-86
-97
-103
-105
-104
-99
-93
-85
-78
-70
-64
-60
-57
-56
-56
-58
-60
-63
-65
-67
-68
-67
-64
-59
-53
-45
-36
-26
-15
-3
7
18
28
38
46
53
60
65
71
75
79
83
86
88
89
89
88
83
76
66
53
36
16
-6
-32
-58
-85
-112
-136
-158
-175
-187
-193
-193
-186
-173
-153
-128
-98
-63
-27
10
48
85
119
149
174
194
208
216
218
214
206
192
176
156
133
109
84
59
33
9
-14
-36
-56
-74
-88
-99
-106
-110
-110
-106
-100
-91
-80
-68
-55
-42
-30
-20
-11
-5
-1
0
-2
-6
-12
-21
-31
-42
-54
-66
-77
-87
-96
-104
-109
-112
-112
-109
-103
-95
-83
-69
-53
-35
-16
3
23
42
60
76
90
102
111
118
122
125
125
124
121
116
110
102
93
83
71
58
45
31
18
5
-6
-17
-26
-33
-39
-42
-44
-45
-45
-44
-43
-42
-41
-40
-40
-40
-39
-38
-35
-31
-25
-16
-5
6
20
35
50
64
76
85
90
91
87
76
61
39
13
-17
-52
-89
-127
-164
-200
-234
-263
-287
-306
-318
-324
-323
-316
-304
-286
-265
-240
-213
-186
-158
-131
-105
-81
-59
-40
-22
-6
7
21
35
49
64
80
98
117
136
157
177
197
215
231
244
253
259
259
255
247
235
219
201
182
162
142
124
106
91
77
65
54
44
35
26
16
6
-4
-16
-29
-43
-57
-72
-87
-102
-116
-129
-140
-148
-152
-153
-149
-140
-126
-107
-84
-56
-25
8
42
76
110
140
166
188
203
211
212
205
191
169
141
107
69
28
-13
-56
-97
-135
-169
-198
-221
-240
-252
-260
-262
-261
-257
-249
-240
-228
-215
-201
-184
-167
-147
-125
-101
-74
-45
-14
18
52
86
119
151
181
207
229
246
258
264
265
261
253
241
226
210
194
178
163
150
139
130
124
119
115
113
110
107
103
98
91
84
75
66
55
45
34
24
15
6
0
-7
-12
-16
-19
-23
-26
-30
-34
-40
-46
-54
-63
-72
-82
-92
-100
-108
-114
-118
-119
-117
-113
-106
-95
-82
-66
-47
-27
-6
15
36
55
73
87
97
103
105
102
94
82
66
47
26
4
-18
-39
-59
-77
-92
-103
-110
-113
-112
-107
-98
-87
-74
-59
-44
-29
-15
-3
7
15
21
25
28
29
29
29
28
28
28
29
30
31
32
32
32
31
30
28
25
22
19
16
14
13
12
13
14
15
17
18
19
19
17
14
10
4
-2
-10
-18
-27
-35
-42
-47
-51
-53
-54
-53
-50
-47
-43
-39
-35
-32
-30
-29
-29
-30
-33
-36
-39
-42
-46
-49
-52
-55
-58
-60
-62
-64
-66
-68
-70
-72
-74
-76
-77
-77
-77
-76
-73
-69
-63
-57
-49
-40
-31
-22
-14
-7
-2
0
0
-2
-7
-15
-24
-34
-45
-55
-64
-70
-74
-75
-72
-66
-57
-44
-29
-13
3
20
35
49
61
70
76
80
82
82
80
78
76
74
73
74
75
78
83
87
93
98
103
108
111
114
116
118
120
122
125
129
135
142
150
160
169
177
184
189
189
185
176
161
141
115
84
49
11
-28
-69
-109
-147
-181
-212
-237
-256
-269
-276
-277
-271
-261
-246
-227
-205
-181
-156
-131
-106
-82
-60
-39
-20
-3
10
22
32
41
47
51
55
57
58
58
58
57
55
53
49
44
37
29
19
8
-4
-17
-31
-43
-55
-63
-68
-69
-66
-57
-43
-24
-1
25
53
82
111
137
160
179
193
201
203
201
194
183
170
156
141
127
114
102
93
85
79
74
69
65
60
53
45
35
22
8
-7
-25
-43
-62
-80
-96
-109
-119
-125
-127
-124
-116
-104
-89
-71
-50
-30
-9
9
26
40
50
57
59
56
49
39
25
8
-9
-28
-47
-65
-80
-93
-103
-108
-111
-110
-106
-100
-92
-85
-79
-74
-72
-73
-78
-87
-99
-114
-132
-151
-171
-191
-210
-226
-240
-251
-258
-261
-261
-257
-250
-239
-226
-211
-194
-175
-155
-133
-110
-85
-59
-32
-5
23
51
80
108
136
164
190
214
237
257
274
288
297
302
303
300
292
279
264
245
223
201
178
155
133
114
97
83
73
67
63
63
65
68
72
76
78
79
78
74
68
61
52
41
30
19
8
-2
-13
-23
-34
-44
-56
-68
-82
-96
-113
-130
-149
-169
-190
-211
-231
-251
-270
-287
-302
-314
-322
-328
-329
-327
-321
-310
-296
-277
-253
-225
-194
-158
-119
-77
-33
11
56
101
144
183
219
251
276
296
309
316
317
312
302
289
272
253
233
213
194
175
158
142
128
114
102
91
81
71
61
51
42
32
22
12
2
-8
-18
-28
-38
-46
-54
-60
-65
-68
-70
-70
-69
-67
-65
-62
-60
-59
-58
-59
-61
-63
-65
-67
-68
-68
-66
-61
-53
-43
-29
-14
3
22
42
61
79
96
109
119
125
128
127
122
114
105
94
82
71
61
53
47
43
42
43
45
49
53
57
60
61
60
58
52
45
37
27
16
6
-3
-12
-19
-24
-26
-27
-25
-22
-17
-10
-3
4
11
19
26
33
38
44
48
53
58
63
68
73
79
84
89
93
96
96
93
87
78
65
47
26
1
-26
-56
-88
-120
-152
-181
-207
-228
-243
-253
-256
-253
-243
-228
-209
-188
-164
-141
-118
-99
-82
-70
-62
-58
-58
-60
-64
-69
-73
-75
-74
-71
-64
-53
-39
-22
-4
15
35
54
72
88
102
114
123
130
135
137
138
137
135
132
126
120
111
101
88
73
56
37
15
-6
-30
-54
-77
-100
-121
-141
-157
-172
-183
-191
-197
-199
-199
-197
-192
-185
-176
-166
-154
-141
-127
-113
-98
-83
-68
-54
-41
-28
-17
-7
1
8
15
20
25
30
34
39
44
51
58
67
78
89
102
116
130
145
159
172
184
195
204
211
215
216
214
209
201
189
175
157
138
116
94
71
49
28
9
-7
-21
-33
-42
-49
-53
-56
-56
-55
-53
-50
-47
-43
-39
-34
-30
-27
-24
-21
-19
-18
-18
-19
-21
-24
-28
-33
-40
-48
-58
-70
-83
-99
-117
-137
-158
-180
-202
-224
-244
-262
-277
-289
-295
-297
-293
-284
-270
-252
-228
-201
-170
-138
-103
-67
-32
2
36
67
97
124
148
169
187
203
215
224
230
234
234
232
227
219
210
198
186
173
159
146
134
124
117
112
111
114
122
135
152
174
199
226
255
284
311
334
352
363
367
362
348
326
295
258
216
169
120
71
23
-21
-63
-100
-132
-158
-178
-192
-202
-207
-209
-208
-204
-200
-195
-190
-186
-182
-180
-179
-179
-180
-183
-186
-189
-192
-194
-196
-197
-196
-194
-190
-185
-178
-171
-162
-153
-143
-132
-120
-107
-94
-81
-68
-55
-43
-33
-25
-20
-18
-18
-21
-27
-35
-44
-53
-61
-68
-72
-73
-69
-62
-49
-33
-12
11
37
64
91
117
140
159
173
182
186
183
174
160
141
118
92
64
34
5
-23
-50
-75
-96
-113
-126
-134
-137
-136
-130
-120
-107
-91
-74
-55
-36
-18
0
17
33
48
62
75
88
101
115
129
144
159
175
192
208
223
237
247
255
258
257
251
241
225
205
181
154
125
95
65
36
8
-15
-37
-54
-68
-77
-82
-84
-83
-80
-75
-69
-63
-57
-52
-48
-45
-44
-45
-47
-50
-53
-58
-63
-68
-73
-78
-82
-87
-90
-93
-96
-99
-101
-103
-104
-106
-107
-108
-109
-109
-109
-110
-110
-111
-112
-114
-116
-119
-122
-126
-129
-131
-132
-131
-127
-120
-108
-93
-73
-48
-20
10
43
77
110
142
171
196
216
231
240
242
238
227
211
190
164
135
105
73
41
10
-18
-45
-69
-89
-106
-120
-131
-140
-147
-152
-156
-160
-162
-163
-164
-162
-159
-153
-146
-136
-124
-110
-94
-78
-62
-45
-30
-15
-3
7
17
24
30
36
41
47
54
62
73
86
101
117
135
153
171
187
200
210
216
219
217
211
202
191
177
163
148
134
121
111
102
96
93
91
91
93
95
97
98
98
97
92
85
75
62
46
28
7
-14
-38
-61
-85
-107
-127
-146
-161
-173
-182
-187
-189
-188
-184
-177
-169
-159
-149
-138
-129
-119
-111
-105
-99
-95
-93
-91
-90
-90
-90
-90
-90
-90
-89
-87
-85
-82
-79
-75
-70
-65
-59
-52
-46
-39
-32
-25
-19
-14
-10
-8
-7
-8
-11
-16
-23
-32
-41
-52
-61
-71
-78
-83
-84
-81
-73
-60
-42
-19
8
40
75
112
149
185
218
248
272
291
304
311
311
307
298
287
273
260
246
234
224
215
208
202
197
190
182
172
158
141
120
96
70
41
12
-15
-40
-63
-80
-92
-98
-97
-91
-79
-63
-44
-25
-6
9
21
26
24
14
-3
-28
-59
-95
-134
-172
-209
-241
-266
-284
-292
-291
-281
-262
-237
-206
-172
-137
-103
-72
-46
-25
-10
-2
0
-1
-7
-15
-24
-31
-36
-38
-36
-30
-20
-7
8
24
40
55
69
79
86
89
89
85
78
69
57
45
31
18
5
-5
-15
-24
-31
-38
-43
-48
-53
-59
-66
-73
-81
-90
-99
-109
-119
-128
-136
-143
-149
-153
-155
-154
-150
-144
-134
-122
-107
-89
-69
-47
-24
0
25
50
74
97
118
137
153
166
174
179
179
175
167
156
142
126
109
93
79
66
57
51
48
50
54
62
71
81
91
100
107
110
111
107
100
90
77
61
44
26
7
-10
-28
-45
-61
-76
-90
-103
-116
-129
-142
-156
-169
-184
-198
-211
-224
-234
-241
-244
-243
-236
-224
-205
-180
-151
-117
-80
-41
-2
35
69
98
122
138
147
147
141
127
107
84
58
31
6
-14
-31
-42
-46
-43
-34
-18
1
25
50
76
101
122
140
153
160
162
157
146
130
110
86
60
33
7
-15
-34
-48
-56
-57
-49
-35
-13
14
46
82
120
156
190
219
240
254
257
251
233
206
169
125
74
19
-36
-93
-148
-198
-243
-282
-312
-334
-347
-351
-347
-334
-314
-287
-253
-215
-173
-128
-81
-35
9
51
90
123
151
173
189
198
201
199
192
182
171
159
148
139
135
135
140
152
170
193
222
254
289
326
363
398
430
458
480
494
501
499
488
469
443
409
369
325
277
227
176
124
73
23
-25
-72
-117
-160
-200
-238
-274
-306
-336
-363
-386
-405
-420
-430
-436
-436
-431
-421
-406
-386
-361
-333
-303
-270
-237
-204
-173
-144
-118
-97
-80
-69
-64
-65
-72
-87
-108
-136
-171
-210
-254
-301
-349
-396
-440
-479
-510
-531
-541
-538
-521
-489
-443
-385
-314
-234
-147
-57
33
120
201
273
332
378
408
424
425
414
391
360
323
283
242
203
167
135
108
