209
214
220
228
237
246
255
262
267
267
262
252
234
209
176
135
88
35
-22
-82
-143
-202
-258
-310
-355
-391
-419
-438
-447
-448
-440
-425
-405
-381
-355
-330
-306
-286
-269
-257
-249
-245
-243
-242
-240
-235
-227
-212
-191
-163
-128
-84
-35
20
80
144
209
273
335
393
445
491
529
559
581
596
604
605
602
595
585
573
560
546
531
515
498
479
459
437
412
383
352
317
279
237
193
147
99
51
4
-42
-85
-127
-164
-198
-228
-253
-275
-294
-309
-321
-331
-338
-344
-349
-352
-355
-357
-358
-359
-359
-358
-356
-354
-351
-346
-341
-335
-328
-320
-311
-301
-291
-279
-267
-254
-241
-227
-213
-199
-186
-174
-164
-156
-150
-146
-145
-147
-150
-155
-162
-169
-175
-179
-181
-178
-171
-157
-137
-109
-75
-34
13
65
121
179
237
294
348
398
441
478
508
531
546
554
556
552
545
535
523
511
499
487
475
465
454
443
431
417
400
381
358
331
301
269
234
198
161
125
90
57
27
0
-25
-46
-65
-82
-97
-111
-125
-140
-157
-176
-197
-222
-250
-280
-313
-347
-382
-416
-448
-477
-502
-521
-535
-543
-545
-540
-529
-513
-493
-469
-443
-416
-390
-365
-344
-327
-314
-307
-303
-304
-308
-315
-321
-327
-329
-327
-319
-303
-280
-249
-210
-163
-110
-52
9
72
136
199
259
316
367
414
455
491
521
545
565
580
592
600
606
609
609
608
606
601
595
588
579
568
557
545
532
519
505
490
474
455
434
409
379
344
303
255
201
141
77
9
-61
-132
-203
-271
-335
-393
-445
-489
-525
-551
-568
-576
-576
-569
-556
-537
-516
-492
-467
-442
-418
-395
-374
-354
-335
-317
-299
-280
-260
-238
-214
-188
-158
-126
-91
-53
-13
27
69
110
150
188
222
252
278
299
314
325
331
332
329
323
314
304
292
279
266
253
240
228
215
203
191
179
166
154
140
127
113
98
84
69
54
39
24
9
-5
-20
-34
-47
-59
-71
-81
-90
-97
-103
-108
-111
-113
-114
-114
-114
-113
-112
-112
-113
-114
-118
-123
-130
-139
-150
-163
-176
-190
-204
-217
-229
-238
-245
-249
-250
-247
-241
-231
-218
-201
-180
-156
-130
-100
-69
-35
-1
33
68
102
133
162
186
206
221
229
232
229
220
208
191
173
154
135
118
104
93
85
80
78
79
80
82
83
81
78
71
60
46
29
9
-11
-34
-57
-79
-99
-117
-133
-145
-155
-162
-166
-170
-172
-175
-178
-183
-188
-196
-205
-216
-227
-239
-250
-260
-268
-274
-277
-275
-270
-261
-248
-231
-211
-187
-160
-130
-98
-64
-28
8
45
83
120
157
191
223
252
278
299
317
331
341
349
353
356
356
356
354
351
347
342
335
326
314
300
283
262
237
209
178
144
108
72
34
-1
-35
-67
-95
-119
-139
-156
-168
-177
-184
-188
-190
-192
-193
-193
-194
-195
-196
-198
-201
-204
-206
-208
-208
-206
-202
-195
-186
-173
-158
-141
-122
-103
-85
-68
-54
-43
-35
-31
-31
-34
-40
-48
-57
-66
-74
-79
-81
-79
-71
-58
-39
-14
16
51
89
130
171
211
249
283
312
335
351
361
363
360
351
338
321
303
283
262
241
220
199
177
153
128
101
70
37
1
-37
-78
-120
-161
-202
-240
-275
-305
-331
-350
-364
-371
-373
-367
-356
-339
-316
-289
-257
-222
-185
-145
-104
-63
-22
16
55
91
124
154
181
204
223
238
248
254
255
253
246
236
222
206
187
165
141
116
89
62
34
7
-17
-41
-61
-77
-89
-95
-96
-92
-82
-68
-49
-28
-4
19
44
67
88
108
124
137
148
155
161
165
168
170
172
173
173
172
170
165
157
145
129
109
84
54
21
-13
-50
-88
-124
-158
-188
-214
-233
-246
-251
-249
-239
-222
-199
-171
-138
-103
-65
-26
11
47
80
110
134
151
161
162
154
138
112
77
36
-11
-61
-114
-164
-211
-251
-281
-301
-307
-300
-278
-242
-195
-136
-70
0
72
141
204
258
298
324
332
324
298
256
200
133
57
-23
-107
-189
-267
-339
-401
-454
-495
-524
-541
-546
-541
-526
-504
-475
-443
-410
-378
-349
-324
-306
-295
-292
-298
-311
-331
-357
-387
-419
-453
-485
-515
-540
-560
-572
-576
-570
-555
-529
-492
-443
-382
-309
-224
-127
-18
101
231
369
513
660
807
950
1085
1208
1316
1405
1471
1512
1528
1517
1480
1418
1334
1229
1108
975
832
686
539
395
257
129
12
-92
-184
-263
-329
-384
-428
-463
-490
-511
-526
-536
-542
-544
-543
-539
-533
-524
-513
-500
-485
-469
-453
-437
-421
-406
-393
-383
-375
-369
-365
-364
-364
-364
-365
-364
-361
-355
-345
-331
-313
-290
-262
-231
-197
-160
-122
-85
-48
-13
18
46
70
91
109
123
136
149
162
177
195
217
244
276
313
354
398
444
489
532
571
604
629
645
651
646
630
604
569
527
478
425
370
314
260
210
164
125
92
68
50
41
39
44
55
72
93
116
142
169
195
219
239
256
267
271
269
259
242
218
188
151
111
67
22
-23
-67
-109
-148
-182
-211
-235
-254
-268
-277
-281
-282
-279
-273
-265
-256
-245
-233
-221
-209
-197
-187
-177
-170
-165
-163
-164
-167
-174
-183
-195
-206
-218
-228
-235
-237
-234
-224
-206
-181
-148
-109
-63
-13
39
92
144
191
233
266
291
304
307
300
281
254
218
174
126
73
18
-36
-91
-142
-190
-233
-269
-298
-320
-332
-336
-331
-317
-294
-262
-223
-177
-125
-69
-10
48
107
162
212
255
290
316
331
336
330
315
290
258
219
176
130
82
35
-9
-51
-89
-123
-152
-176
-196
-211
-223
-233
-239
-244
-248
-250
-251
-252
-252
-251
-249
-246
-242
-236
-230
-222
-213
-202
-190
-176
-162
-146
-128
-110
-91
-72
-51
-31
-9
11
33
56
79
102
124
147
168
187
205
220
233
242
248
252
253
251
247
241
234
227
219
211
204
198
193
189
186
184
182
179
174
167
155
138
116
88
54
14
-30
-79
-131
-183
-236
-287
-335
-379
-417
-449
-474
-492
-501
-502
-494
-477
-452
-419
-377
-329
-275
-216
-154
-90
-26
35
94
147
194
233
264
286
299
304
302
292
278
260
239
217
196
175
156
139
125
113
103
94
87
80
73
66
60
53
47
42
38
35
33
33
35
37
40
44
47
50
51
49
45
39
29
17
3
-13
-31
-51
-71
-91
-111
-131
-150
-168
-186
-203
-219
-235
-251
-267
-282
-296
-309
-320
-328
-331
-330
-323
-309
-290
-263
-231
-194
-152
-107
-59
-9
41
92
144
196
249
302
356
409
463
517
569
619
665
707
742
769
785
791
784
763
728
679
616
541
456
361
260
154
46
-60
-164
-264
-356
-441
-517
-582
-635
-678
-708
-726
-733
-727
-711
-685
-650
-607
-556
-501
-441
-379
-316
-253
-191
-132
-75
-23
26
71
112
150
185
216
243
268
289
308
323
335
344
350
354
354
352
346
338
327
314
297
277
254
228
199
168
135
101
66
31
-2
-34
-64
-91
-114
-133
-149
-160
-167
-170
-170
-167
-160
-152
-141
-129
-116
-102
-89
-76
-63
-51
-41
-34
-28
-25
-26
-29
-36
-46
-58
-71
-84
-96
-105
-111
-111
-106
-95
-77
-54
-26
5
40
76
112
147
178
207
231
251
267
278
285
289
290
287
281
272
260
243
222
195
163
125
80
30
-25
-85
-149
-214
-278
-339
-395
-442
-480
-507
-520
-519
-505
-477
-438
-389
-332
-270
-206
-141
-78
-19
33
79
118
149
172
188
197
200
197
189
177
161
141
119
93
65
34
2
-32
-68
-105
-143
-180
-218
-254
-288
-321
-351
-378
-402
-423
-441
-456
-467
-476
-481
-483
-480
-474
-463
-446
-424
-396
-361
-320
-272
-218
-158
-93
-24
47
121
197
272
346
417
485
548
606
656
699
733
758
773
778
771
754
725
687
640
585
523
456
386
315
245
177
112
52
-1
-48
-90
-125
-155
-180
-200
-218
-233
-247
-260
-274
-289
-304
-321
-338
-355
-372
-388
-401
-412
-419
-422
-421
-414
-403
-386
-365
-340
-311
-279
-245
-209
-173
-138
-103
-69
-38
-8
19
44
69
92
114
136
157
178
198
218
238
256
273
287
298
307
311
310
305
294
279
257
232
202
169
133
97
61
27
-4
-31
-53
-69
-77
-77
-70
-54
-31
-1
33
72
112
152
189
221
246
262
268
264
248
222
187
144
96
44
-6
-55
-100
-138
-168
-189
-201
-205
-201
-191
-176
-159
-142
-126
-112
-102
-96
-93
-93
-95
-97
-98
-96
-89
-76
-55
-28
7
50
100
156
216
279
343
407
468
525
576
619
655
680
696
700
694
676
647
607
557
497
428
352
269
181
89
-3
-95
-185
-270
-349
-419
-480
-529
-566
-591
-603
-602
-590
-568
-538
-501
-460
-416
-371
-326
-284
-245
-209
-177
-149
-125
-104
-86
-71
-58
-48
-39
-31
-25
-21
-17
-15
-13
-12
-11
-10
-9
-7
-4
0
3
9
14
18
22
22
20
12
0
-18
-42
-73
-108
-146
-186
-226
-262
-293
-316
-329
-330
-319
-296
-260
-213
-157
-95
-28
38
103
163
215
258
289
307
313
307
289
262
228
189
147
105
66
32
4
-16
-29
-33
-29
-19
-2
18
40
63
83
99
109
112
106
92
69
39
3
-36
-79
-121
-160
-194
-221
-240
-249
-249
-238
-217
-189
-155
-117
-77
-37
0
31
57
75
85
87
82
70
52
30
7
-16
-38
-57
-71
-79
-81
-74
-60
-39
-11
23
61
104
148
192
236
277
314
347
374
394
408
414
414
405
390
367
338
301
259
212
160
104
45
-14
-74
-134
-191
-245
-294
-337
-374
-405
-428
-444
-454
-458
-455
-447
-435
-418
-397
-373
-346
-317
-285
-251
-214
-176
-136
-95
-52
-8
35
78
120
160
196
227
253
273
285
291
288
278
262
239
210
176
139
99
57
15
-25
-64
-100
-132
-158
-178
-192
-198
-196
-187
-172
-149
-122
-89
-53
-13
27
70
112
153
193
229
262
289
311
326
334
334
329
317
299
279
256
233
211
191
176
164
157
154
154
155
158
158
156
149
135
114
86
50
7
-40
-92
-145
-197
-246
-289
-326
-354
-372
-381
-380
-371
-354
-330
-302
-270
-236
-202
-169
-138
-110
-87
-69
-56
-48
-46
-47
-52
-59
-67
-73
-77
-76
-69
-55
-34
-4
33
78
130
186
245
304
361
412
456
489
510
516
507
482
441
385
316
238
151
60
-32
-122
-208
-287
-357
-416
-464
-500
-524
-537
-540
-534
-520
-499
-472
-440
-405
-366
-325
-283
-239
-194
-150
-105
-62
-20
20
58
93
125
153
178
199
215
228
237
243
246
246
244
240
234
227
218
208
