-380
-380
-374
-363
-346
-323
-295
-262
-225
-183
-138
-89
-39
12
63
114
161
205
244
276
301
318
326
326
316
297
270
236
196
152
106
60
14
-26
-63
-92
-115
-129
-135
-133
-124
-109
-89
-67
-42
-18
4
25
41
53
58
58
52
39
21
0
-26
-53
-80
-106
-129
-147
-161
-168
-170
-166
-157
-143
-125
-106
-84
-62
-41
-21
-2
13
27
39
48
55
61
65
69
71
72
73
72
69
65
57
46
31
12
-11
-40
-73
-109
-147
-187
-227
-265
-299
-329
-352
-368
-375
-373
-362
-343
-315
-279
-237
-189
-138
-84
-30
23
75
124
168
206
237
261
277
284
284
275
258
235
204
168
127
82
34
-13
-61
-108
-151
-190
-223
-248
-266
-275
-275
-266
-248
-223
-192
-156
-116
-75
-34
5
42
75
104
128
148
162
172
177
179
178
175
171
165
158
152
144
137
129
121
113
104
96
87
78
71
64
59
56
55
57
63
71
83
97
114
134
155
176
198
218
237
254
268
278
284
287
287
283
276
267
255
243
229
214
199
183
166
148
129
107
82
54
23
-12
-52
-96
-143
-193
-245
-298
-350
-399
-445
-486
-521
-549
-569
-581
-586
-583
-573
-557
-535
-510
-481
-451
-419
-387
-356
-326
-297
-270
-244
-219
-196
-174
-152
-130
-109
-88
-66
-45
-24
-2
18
40
61
83
104
125
145
165
184
203
222
240
258
275
293
310
327
344
360
375
389
401
412
421
428
432
435
435
433
430
425
419
413
406
400
393
387
382
376
370
363
354
342
326
305
278
246
208
163
114
60
4
-53
-112
-169
-224
-275
-320
-360
-392
-417
-433
-441
-441
-432
-415
-391
-359
-321
-277
-229
-177
-123
-68
-13
39
88
132
169
199
219
230
231
222
202
173
135
90
39
-15
-74
-133
-191
-247
-299
-346
-387
-421
-449
-471
-487
-497
-503
-506
-505
-502
-498
-492
-486
-479
-470
-461
-449
-435
-417
-395
-368
-336
-299
-256
-208
-155
-99
-42
16
73
129
181
230
274
314
350
382
411
438
464
488
513
538
563
588
613
636
655
671
680
683
676
660
633
595
547
490
425
354
281
206
134
66
5
-47
-89
-122
-143
-154
-156
-150
-138
-122
-104
-86
-71
-59
-53
-53
-59
-71
-89
-111
-136
-162
-190
-216
-241
-263
-281
-295
-305
-310
-310
-305
-295
-279
-258
-233
-204
-172
-137
-101
-66
-32
-1
24
44
58
64
62
52
34
8
-22
-59
-98
-139
-178
-216
-248
-275
-295
-307
-311
-306
-294
-275
-250
-221
-189
-156
-123
-92
-65
-41
-22
-8
2
9
13
16
19
22
27
34
43
54
67
82
96
110
122
132
139
143
144
142
138
133
128
124
123
126
133
146
164
186
213
243
274
304
332
356
375
388
393
391
382
367
345
319
288
255
221
186
151
118
86
55
27
0
-24
-47
-70
-92
-114
-134
-154
-171
-187
-199
-207
-210
-207
-198
-183
-161
-133
-100
-63
-24
14
52
87
116
137
149
152
143
124
95
57
11
-39
-93
-148
-200
-247
-286
-316
-336
-345
-342
-329
-307
-279
-246
-211
-178
-147
-121
-101
-88
-82
-82
-86
-93
-101
-108
-113
-115
-112
-103
-90
-72
-50
-25
1
29
57
83
107
129
148
164
177
188
196
202
206
209
211
212
211
209
205
199
190
178
163
145
124
100
75
48
21
-5
-32
-57
-80
-100
-118
-134
-148
-159
-169
-177
-185
-191
-196
-200
-202
-203
-201
-197
-189
-176
-160
-139
-113
-84
-51
-17
17
50
81
106
126
139
143
138
125
103
73
37
-3
-47
-93
-137
-179
-216
-246
-269
-283
-288
-283
-270
-248
-219
-184
-146
-105
-64
-23
13
48
79
105
128
148
165
181
196
210
224
238
252
265
275
283
288
288
284
275
261
243
222
199
175
151
128
107
88
72
59
49
40
33
27
21
14
7
-2
-12
-24
-37
-49
-61
-72
-79
-84
-86
-83
-77
-68
-57
-44
-30
-18
-7
0
4
4
0
-10
-24
-43
-64
-88
-113
-138
-162
-182
-199
-209
-214
-211
-200
-181
-154
-120
-80
-34
15
66
118
168
216
258
294
322
343
354
358
354
342
325
303
278
250
221
191
161
131
102
73
45
17
-9
-37
-64
-91
-117
-142
-166
-189
-210
-228
-244
-258
-269
-278
-286
-292
-298
-302
-306
-309
-311
-310
-306
-297
-283
-263
-235
-200
-158
-110
-56
0
61
121
181
237
288
332
368
395
413
420
417
404
382
352
316
274
229
182
135
89
45
5
-30
-62
-90
-114
-134
-151
-165
-177
-187
-195
-201
-206
-209
-210
-209
-206
-201
-193
-183
-170
-154
-135
-112
-87
-58
-27
4
38
73
107
140
170
197
221
240
255
264
269
270
266
259
250
238
224
209
193
176
158
139
119
98
75
51
25
0
-27
-55
-82
-109
-135
-159
-183
-205
-227
-248
-270
-291
-314
-338
-362
-387
-412
-435
-456
-474
-486
-492
-490
-480
-461
-434
-398
-353
-301
-243
-180
-113
-44
25
94
162
227
288
345
397
444
486
522
553
578
598
612
621
624
621
612
597
577
550
519
482
442
398
351
302
251
198
145
90
34
-21
-79
-137
-196
-255
-314
-371
-426
-476
-522
-561
-591
-612
-622
-621
-609
-586
-553
-511
-461
-405
-345
-283
-221
-161
-105
-53
-7
31
65
92
114
131
144
154
162
170
177
184
192
201
209
217
223
227
228
224
216
202
182
157
127
93
57
19
-18
-53
-84
-109
-128
-139
-142
-137
-125
-105
-81
-52
-20
11
43
73
100
124
142
156
164
167
165
159
148
133
114
94
71
48
25
2
-18
-36
-52
-64
-73
-78
-80
-81
-80
-79
-79
-80
-85
-92
-103
-118
-136
-156
-179
-202
-225
-246
-264
-279
-289
-294
-293
-286
-274
-256
-233
-205
-173
-137
-98
-57
-15
27
70
113
153
191
225
255
279
298
310
316
314
306
291
269
242
209
173
134
93
53
13
-23
-57
-87
-113
-133
-148
-158
-163
-163
-159
-152
-141
-126
-109
-90
-69
-47
-24
-1
21
43
63
82
98
113
124
133
139
141
140
136
128
118
106
91
76
60
45
31
19
8
0
-6
-11
-16
-20
-25
-32
-40
-49
-60
-72
-84
-95
-105
-112
-115
-114
-107
-95
-78
-56
-31
-3
25
53
79
101
118
129
133
131
123
109
90
68
45
21
0
-19
-34
-44
-49
-49
-43
-33
-21
-7
6
18
27
31
31
25
15
1
-16
-35
-54
-72
-88
-99
-105
-106
-100
-89
-72
-52
-28
-3
21
44
63
78
88
93
93
88
81
71
62
54
48
47
51
60
73
92
113
138
163
187
209
228
242
250
252
247
235
217
193
164
131
95
57
19
-16
-50
-80
-104
-122
-132
-135
-129
-116
-95
-68
-36
-1
34
71
105
135
160
179
190
193
189
175
155
127
93
54
12
-32
-78
-123
-167
-209
-247
-282
-312
-337
-357
-373
-383
-389
-389
-385
-376
-363
-346
-326
-302
-275
-247
-217
-186
-154
-122
-91
-62
-33
-7
17
39
59
77
92
106
119
131
143
155
167
180
194
208
222
236
250
262
272
279
282
281
275
264
247
225
196
162
122
78
30
-20
-73
-126
-178
-227
-273
-313
-347
-372
-389
-397
-396
-385
-364
-335
-299
-255
-207
-154
-99
-44
9
59
105
144
176
200
215
221
219
210
194
174
151
126
102
80
61
47
37
31
30
31
34
37
40
40
37
29
17
0
-21
-47
-75
-105
-136
-166
-194
-217
-235
-247
-252
-250
-240
-222
-198
-167
-132
-92
-49
-4
40
86
130
172
211
246
277
304
324
339
348
351
348
339
325
305
280
250
216
178
137
93
48
1
-44
-89
-132
-172
-208
-238
-263
-280
-291
-295
-291
-280
-263
-240
-212
-179
-144
-106
-69
-32
2
34
61
84
100
111
117
118
116
111
104
99
95
95
99
108
124
144
171
202
237
274
311
348
382
412
436
454
465
467
462
448
427
398
363
321
275
225
173
118
63
9
-42
-92
-138
-180
-216
-248
-274
-294
-310
-321
-328
-332
-335
-336
-338
-341
-346
-353
-362
-375
-389
-406
-422
-439
-453
-465
-472
-473
-468
-456
-435
-408
-372
-330
-282
-230
-175
-119
-65
-12
35
77
112
139
158
169
172
167
157
140
120
98
74
51
29
9
-7
-21
-32
-40
-45
-48
-49
-48
-46
-43
-39
-35
-30
-25
-19
-12
-5
2
11
20
30
40
50
60
71
81
91
101
111
119
127
135
141
146
151
156
159
163
165
167
167
165
161
155
147
136
122
107
90
73
55
37
21
6
-7
-19
-30
-38
-46
-51
-55
-58
-60
-60
-60
-59
-58
-57
-57
-58
-61
-64
-70
-76
-84
-93
-103
-113
-124
-133
-141
-148
-153
-155
-155
-151
-145
-136
-125
-113
-98
-84
-68
-53
-38
-23
-8
7
25
44
67
94
124
159
198
240
286
332
379
424
466
503
533
555
568
571
563
543
513
471
420
360
293
220
144
66
-11
-88
-161
-229
-293
-349
-398
-439
-470
-492
-504
-506
-496
-476
-446
-406
-357
-303
-243
-180
-118
-56
0
52
96
134
163
185
201
212
219
224
228
233
238
245
252
259
265
268
268
262
250
230
203
167
125
75
20
-37
-97
-157
-213
-263
-305
-336
-356
-362
-354
-332
-298
-251
-194
-130
-62
8
79
146
208
262
308
344
370
384
389
383
367
343
310
271
227
179
129
77
25
-24
-72
-118
-160
-198
-233
-265
-294
-320
-344
-367
-387
-406
-423
-437
-450
-460
-466
-469
-468
-462
-451
-435
-413
-384
-350
-310
-265
-215
-161
-105
-48
8
64
116
163
205
239
266
285
296
300
295
285
269
249
227
203
179
155
134
115
99
85
74
63
54
45
35
25
13
1
-11
-24
-36
-47
-55
-61
-62
-60
-54
-43
-29
-11
10
34
60
87
114
140
163
182
195
203
202
193
175
148
112
68
17
-38
-97
-156
-214
-266
-312
-347
-370
-380
-375
-354
-317
-266
-202
-126
-43
43
132
218
298
368
426
469
496
508
504
486
457
418
372
323
274
226
182
142
108
77
51
28
7
-12
-31
-50
-68
-86
-102
-116
-125
-131
-130
-123
-110
-91
-65
-35
0
36
74
110
144
172
194
207
210
204
186
159
121
74
20
-40
-104
-170
-236
-299
-356
-407
-449
-480
-501
-509
-506
-491
-466
-433
-393
-347
-299
-249
-199
-152
-108
-69
-35
-7
14
30
42
51
56
60
63
68
74
82
92
106
122
139
158
176
194
210
222
231
235
235
230
220
207
190
170
149
126
102
78
53
29
