-152
-131
-109
-87
-64
-41
-17
4
27
48
69
88
106
122
137
150
162
172
180
186
191
195
197
198
199
199
199
199
199
200
201
203
205
208
210
213
215
216
216
216
214
210
205
199
191
182
171
158
145
130
113
96
79
61
44
27
10
-5
-20
-34
-46
-58
-68
-76
-84
-89
-94
-96
-97
-96
-93
-89
-83
-75
-66
-56
-46
-34
-24
-13
-4
2
7
10
11
9
5
0
-7
-15
-23
-32
-40
-46
-52
-56
-58
-60
-60
-59
-57
-54
-52
-49
-46
-42
-38
-34
-28
-22
-15
-7
1
11
21
32
44
55
67
78
88
97
104
108
110
108
103
93
79
62
41
18
-6
-31
-54
-75
-93
-105
-112
-112
-107
-96
-80
-60
-37
-14
9
30
49
65
76
82
84
81
74
63
50
34
17
0
-17
-33
-49
-64
-78
-89
-99
-107
-114
-118
-121
-121
-120
-117
-112
-106
-99
-91
-83
-74
-64
-54
-44
-33
-21
-9
2
15
28
41
53
64
74
81
87
90
89
86
78
67
51
32
9
-17
-46
-77
-110
-143
-175
-206
-234
-259
-280
-296
-308
-314
-315
-310
-300
-283
-262
-235
-204
-169
-131
-90
-47
-5
36
77
114
148
178
203
223
238
247
251
251
247
241
232
223
213
205
198
192
189
187
187
188
189
190
189
186
180
170
157
140
118
94
66
37
6
-24
-55
-84
-110
-133
-153
-168
-178
-184
-185
-181
-174
-162
-147
-129
-110
-90
-69
-50
-32
-16
-3
6
12
14
13
8
0
-10
-23
-37
-52
-67
-82
-95
-107
-116
-123
-127
-127
-124
-118
-109
-97
-82
-66
-47
-28
-7
13
34
54
75
94
113
130
147
163
177
191
203
214
223
230
235
237
235
231
222
209
191
170
145
116
85
52
19
-14
-46
-76
-103
-126
-144
-158
-168
-172
-173
-169
-161
-151
-138
-123
-106
-89
-70
-51
-31
-11
8
27
45
62
77
90
100
106
109
108
102
92
78
61
40
17
-7
-34
-60
-86
-111
-133
-151
-166
-176
-182
-183
-178
-170
-157
-141
-122
-100
-77
-53
-28
-4
19
42
64
84
102
119
134
147
159
169
178
187
195
202
208
213
216
218
218
214
208
199
186
170
150
127
101
73
44
13
-17
-48
-77
-105
-130
-153
-172
-189
-202
-212
-218
-221
-222
-220
-216
-211
-204
-196
-187
-179
-171
-163
-157
-151
-146
-142
-138
-135
-131
-127
-122
-116
-107
-97
-84
-69
-52
-33
-13
7
29
49
69
86
100
111
117
118
115
108
97
82
65
46
27
7
-10
-26
-39
-50
-56
-59
-57
-51
-40
-26
-7
13
38
65
93
122
151
178
204
227
247
263
275
283
285
283
276
264
248
228
206
181
154
126
99
72
45
20
-2
-25
-45
-64
-82
-99
-115
-130
-144
-158
-171
-184
-196
-208
-220
-230
-239
-247
-253
-257
-259
-257
-253
-246
-235
-220
-201
-179
-153
-124
-93
-59
-24
10
44
76
106
132
154
172
184
191
194
191
185
176
163
149
133
116
98
80
63
45
29
13
0
-13
-25
-36
-45
-52
-57
-59
-60
-57
-52
-45
-35
-23
-10
4
19
33
47
59
70
78
83
85
83
79
72
61
48
32
15
-2
-20
-37
-54
-68
-80
-88
-94
-97
-96
-93
-87
-80
-72
-62
-53
-43
-35
-27
-20
-15
-10
-7
-4
-1
0
2
3
4
4
4
4
3
2
1
0
0
1
3
8
14
21
30
41
52
64
76
88
98
107
113
118
120
119
115
109
100
89
77
63
49
35
21
7
-5
-16
-27
-36
-43
-49
-53
-55
-54
-51
-45
-37
-25
-11
5
23
43
63
82
101
117
129
138
143
143
137
127
112
93
70
45
18
-8
-35
-61
-84
-104
-121
-134
-143
-148
-150
-149
-144
-138
-130
-121
-112
-104
-95
-88
-81
-75
-69
-63
-56
-48
-39
-27
-14
0
18
37
58
81
103
126
146
165
179
189
193
190
180
161
136
103
64
20
-25
-73
-120
-163
-202
-234
-258
-272
-277
-272
-257
-234
-203
-166
-125
-81
-36
6
48
85
118
146
169
187
201
211
218
223
227
229
231
232
232
232
230
227
222
214
204
191
174
155
133
108
81
53
23
-6
-36
-66
-95
-123
-149
-175
-200
-223
-247
-269
-291
-313
-335
-356
-377
-397
-416
-432
-446
-457
-464
-467
-466
-459
-448
-432
-412
-388
-360
-329
-295
-258
-218
-175
-129
-80
-30
21
73
124
174
220
261
296
325
346
358
361
356
342
321
292
257
218
175
132
90
49
13
-16
-40
-56
-65
-66
-60
-47
-30
-8
16
42
68
93
116
137
154
167
177
182
184
182
177
169
160
148
136
123
110
97
85
74
63
54
45
39
33
28
25
23
22
22
22
23
25
26
27
27
27
26
23
18
12
4
-5
-18
-32
-49
-66
-84
-103
-121
-136
-150
-159
-163
-162
-154
-140
-118
-90
-57
-18
23
66
109
151
189
221
247
266
277
281
276
263
245
220
192
160
126
92
58
26
-3
-29
-52
-71
-87
-98
-105
-109
-109
-106
-101
-92
-81
-68
-53
-36
-17
2
24
46
68
91
113
134
153
170
183
193
199
201
198
191
179
163
144
121
95
67
38
8
-22
-51
-80
-106
-130
-151
-168
-181
-189
-193
-192
-186
-176
-161
-144
-123
-99
-75
-49
-23
2
27
50
71
89
104
114
120
121
117
108
94
74
51
23
-6
-38
-71
-104
-137
-168
-197
-224
-248
-270
-289
-306
-320
-332
-342
-351
-357
-362
-363
-362
-357
-348
-334
-316
-292
-263
-229
-191
-149
-104
-56
-8
40
86
131
171
207
238
264
284
298
308
314
317
318
316
314
312
309
305
300
293
284
271
253
231
203
169
130
85
37
-13
-65
-117
-168
-214
-255
-290
-317
-336
-346
-348
-343
-330
-312
-290
-264
-237
-210
-183
-157
-132
-109
-88
-67
-47
-28
-9
9
28
46
64
81
96
109
118
124
125
121
112
97
76
50
20
-14
-50
-88
-126
-162
-194
-221
-242
-255
-259
-255
-241
-218
-188
-150
-107
-59
-10
39
88
133
174
209
237
258
271
277
275
268
256
239
220
200
180
160
143
128
116
106
99
95
92
90
89
88
86
85
82
79
74
69
62
55
48
40
32
25
19
14
10
7
7
7
9
11
15
18
22
26
31
35
40
45
51
57
63
70
76
81
85
87
88
87
83
77
70
61
52
43
35
28
23
20
20
23
29
37
47
59
72
85
98
112
125
137
149
160
171
180
188
195
200
203
203
200
193
183
169
151
131
108
82
56
29
2
-22
-45
-65
-83
-97
-108
-116
-122
-125
-128
-131
-134
-137
-142
-148
-156
-164
-173
-181
-189
-195
-198
-199
-196
-189
-179
-164
-146
-125
-103
-80
-57
-36
-19
-6
1
2
-2
-14
-31
-54
-80
-109
-138
-167
-193
-217
-235
-249
-257
-260
-258
-250
-238
-222
-202
-180
-155
-129
-101
-72
-43
-13
16
46
76
105
133
161
186
210
231
248
262
271
276
276
272
263
249
232
212
189
163
136
108
80
52
24
-1
-26
-48
-68
-84
-97
-107
-113
-116
-116
-113
-108
-102
-97
-92
-88
-88
-91
-98
-109
-124
-144
-166
-191
-217
-243
-268
-289
-306
-317
-322
-320
-310
-294
-272
-245
-215
-184
-152
-123
-96
-72
-54
-39
-29
-22
-17
-15
-14
-12
-9
-6
0
6
15
25
36
47
58
68
77
85
92
98
104
109
115
120
127
134
142
151
159
167
173
177
179
177
171
162
148
132
111
89
65
40
15
-9
-32
-53
-73
-90
-105
-117
-127
-135
-141
-145
-146
-145
-141
-135
-125
-111
-94
-74
-51
-25
1
28
55
81
104
124
140
151
158
161
160
155
147
136
124
111
98
85
73
63
55
49
45
43
43
46
49
55
61
68
77
87
98
111
126
142
161
182
204
227
251
273
294
312
327
338
344
344
340
331
317
299
277
252
225
197
169
140
113
87
63
40
19
0
-19
-38
-57
-77
-98
-121
-144
-168
-193
-217
-240
-261
-280
-297
-311
-321
-329
-333
-333
-331
-326
-318
-308
-296
-282
-266
-249
-231
-212
-193
-173
-153
-134
-114
-94
-74
-55
-35
-15
5
26
47
69
92
116
141
168
195
223
251
278
302
323
339
347
348
338
319
288
248
199
143
81
18
-45
-105
-160
-208
-246
-274
-291
-298
-295
-283
-265
-241
-213
-183
-153
-124
-98
-74
-53
-36
-22
-11
-2
5
12
18
25
31
36
41
45
47
48
45
41
34
26
16
6
-3
-11
-18
-21
-20
-16
-8
3
18
34
50
66
79
89
94
94
89
79
64
45
24
2
-20
-41
-60
-76
-89
-97
-101
-102
-98
-92
-84
-75
-66
-57
-51
-48
-48
-52
-59
-70
-84
-101
-119
-138
-156
-174
-189
-201
-210
-215
-217
-214
-208
-198
-186
-170
-153
-134
-113
-91
-68
-44
-19
5
30
55
79
102
123
141
156
167
174
177
176
171
163
152
141
129
118
108
102
98
98
101
107
115
126
136
146
155
161
165
164
160
152
141
127
111
94
77
60
45
32
22
14
9
6
6
7
8
10
10
9
5
-1
-11
-25
-41
-60
-81
-102
-122
-139
-154
-164
-169
-169
-163
-153
-138
-119
-97
-73
-49
-25
-2
17
33
45
53
57
57
53
48
41
35
30
28
28
33
41
52
65
80
94
107
117
123
123
118
107
92
71
48
23
-2
-27
-49
-68
-82
-91
-96
-97
-94
-89
-83
-76
-70
-65
-62
-61
-62
-64
-68
-71
-73
-73
-72
-67
-59
-48
-34
-18
0
18
37
54
69
80
88
91
89
83
73
61
47
32
18
5
-4
-11
-13
-12
-7
1
14
29
45
62
77
91
102
109
112
110
103
91
76
57
37
15
-6
-28
-47
-65
-80
-92
-101
-107
-112
-116
-118
-120
-122
-125
-129
-134
-139
-145
-150
-154
-156
-155
-150
-142
-129
-111
-89
-64
-37
-8
20
48
73
94
111
123
131
133
132
126
118
108
97
87
77
69
63
60
61
64
70
78
88
99
110
120
129
136
140
140
136
129
117
102
83
62
39
15
-9
-32
-53
-71
-86
-97
-103
-105
-103
-96
-86
-72
-57
-41
-25
-9
3
15
23
29
31
31
28
24
18
12
5
-2
-9
-16
-23
-30
-37
-44
-50
-56
-62
-68
-73
-77
-82
-86
-90
-95
-100
-105
-111
-117
-124
-131
-139
-147
-154
-160
-166
-170
-173
-173
-170
-166
-158
-148
-136
-122
-107
-91
-74
-58
-42
-26
-10
6
23
42
62
83
105
