185
162
136
107
76
44
11
-21
-53
-83
-110
-133
-151
-164
-171
-172
-167
-154
-135
-110
-81
-47
-10
27
64
99
130
156
175
187
191
188
177
158
134
106
74
40
5
-27
-59
-88
-113
-134
-151
-163
-172
-176
-178
-176
-173
-167
-161
-154
-146
-138
-130
-121
-112
-104
-94
-85
-75
-66
-55
-45
-34
-22
-10
2
16
30
46
63
81
99
119
138
157
174
190
203
212
218
218
214
204
189
170
148
122
96
68
42
17
-4
-22
-37
-49
-57
-61
-63
-62
-60
-57
-53
-50
-48
-46
-47
-48
-51
-56
-61
-66
-71
-76
-79
-82
-83
-82
-80
-76
-71
-64
-56
-47
-37
-26
-15
-2
11
24
39
52
65
77
86
92
93
89
79
63
40
10
-25
-66
-110
-156
-203
-246
-286
-319
-344
-358
-362
-355
-336
-307
-269
-223
-171
-116
-61
-6
44
90
128
160
183
198
205
205
200
191
179
165
149
134
120
106
92
79
66
53
40
26
11
-3
-20
-36
-54
-71
-88
-103
-117
-129
-138
-143
-144
-142
-135
-125
-111
-95
-76
-56
-36
-15
3
21
37
50
60
66
68
67
61
52
40
26
9
-7
-24
-41
-56
-69
-78
-84
-86
-84
-78
-68
-56
-41
-25
-9
6
21
35
46
54
60
63
64
64
62
61
60
61
62
65
69
74
79
84
89
93
96
97
96
95
92
89
85
83
81
81
84
88
95
103
113
123
134
143
150
155
157
155
150
142
130
115
99
81
62
44
27
10
-3
-16
-27
-36
-43
-50
-56
-62
-68
-75
-84
-93
-102
-113
-123
-133
-143
-150
-156
-159
-160
-156
-148
-135
-118
-97
-71
-42
-11
21
54
86
115
140
161
175
183
185
181
170
153
132
107
79
50
21
-5
-29
-50
-66
-75
-79
-77
-70
-57
-40
-19
2
24
46
65
81
93
100
101
97
87
72
53
30
4
-23
-50
-77
-103
-125
-144
-159
-169
-176
-179
-178
-173
-167
-158
-146
-134
-119
-103
-86
-67
-47
-25
-2
20
43
66
88
109
127
142
154
162
165
165
160
150
136
119
98
74
48
21
-5
-32
-57
-81
-101
-118
-131
-138
-141
-138
-131
-119
-104
-86
-67
-48
-29
-12
2
14
22
28
29
28
25
19
12
4
-3
-12
-19
-26
-31
-35
-38
-38
-37
-35
-31
-27
-22
-17
-13
-10
-8
-9
-12
-18
-27
-38
-52
-67
-82
-99
-114
-129
-141
-151
-158
-161
-161
-156
-149
-138
-125
-110
-94
-77
-62
-47
-34
-23
-14
-8
-2
0
3
6
9
11
14
18
21
24
26
28
27
25
22
17
12
7
2
0
1
6
15
30
50
76
106
139
176
213
250
285
316
340
358
367
367
358
340
314
281
243
201
157
113
71
32
-2
-31
-56
-74
-87
-96
-101
-102
-102
-100
-98
-97
-96
-97
-100
-103
-107
-111
-114
-116
-116
-113
-109
-102
-93
-82
-70
-57
-45
-33
-22
-12
-3
3
10
17
24
32
41
53
66
82
101
121
143
165
187
208
226
240
249
252
248
238
220
195
164
127
86
42
-2
-48
-91
-131
-166
-195
-218
-233
-240
-241
-234
-221
-203
-180
-153
-124
-92
-58
-24
9
43
76
107
136
163
186
205
220
230
236
236
231
222
208
190
168
144
117
88
59
28
-2
-33
-64
-95
-126
-157
-186
-214
-239
-260
-277
-289
-296
-296
-290
-278
-260
-236
-209
-177
-143
-107
-70
-33
2
38
71
103
132
158
181
200
214
224
227
224
214
196
170
137
96
49
-3
-61
-122
-185
-246
-305
-360
-409
-451
-484
-507
-522
-527
-523
-510
-491
-464
-432
-396
-355
-313
-268
-221
-174
-127
-80
-33
12
56
99
140
179
214
246
275
299
318
333
343
348
349
345
338
327
313
297
279
259
238
216
193
169
144
118
91
63
35
6
-21
-48
-74
-97
-117
-133
-144
-151
-153
-151
-145
-136
-125
-113
-102
-91
-82
-75
-71
-68
-68
-70
-72
-75
-76
-76
-73
-68
-59
-47
-31
-13
7
29
52
75
97
118
136
153
167
178
187
194
198
201
203
205
206
207
208
210
211
212
213
212
209
202
192
176
156
130
98
62
21
-21
-67
-111
-154
-193
-226
-252
-269
-277
-276
-264
-244
-215
-180
-139
-95
-50
-5
36
75
108
136
157
172
181
183
181
173
162
147
130
113
94
77
61
47
36
27
21
18
16
15
15
15
14
11
6
-1
-11
-23
-37
-52
-67
-81
-93
-102
-106
-105
-98
-85
-65
-41
-12
18
51
84
115
143
166
185
197
204
206
202
194
182
168
151
133
115
96
78
61
44
27
11
-5
-21
-38
-55
-71
-88
-102
-116
-126
-133
-135
-132
-124
-111
-92
-69
-43
-15
13
40
65
84
98
104
103
93
76
51
19
-16
-55
-96
-135
-172
-205
-232
-252
-266
-272
-271
-263
-249
-230
-208
-184
-160
-136
-115
-98
-84
-76
-73
-74
-81
-90
-103
-117
-132
-146
-158
-167
-172
-172
-168
-158
-144
-125
-102
-77
-49
-21
5
32
56
78
97
112
125
135
142
148
152
156
158
160
161
162
162
161
160
159
156
151
146
138
128
115
100
82
61
39
14
-10
-35
-59
-80
-97
-111
-119
-121
-117
-107
-92
-73
-50
-25
0
25
47
65
78
85
85
78
63
42
14
-18
-55
-96
-140
-184
-227
-269
-307
-340
-368
-388
-401
-405
-400
-386
-365
-335
-298
-256
-209
-158
-105
-51
1
52
101
145
184
218
246
268
285
297
304
307
307
305
301
296
290
282
272
260
245
228
207
183
156
125
93
60
26
-6
-37
-64
-87
-104
-116
-120
-118
-110
-96
-77
-54
-29
-4
20
44
64
82
95
105
111
113
112
108
103
95
87
78
69
60
51
42
33
24
15
7
0
-9
-16
-24
-30
-35
-39
-41
-41
-38
-34
-28
-20
-11
-2
5
12
16
18
16
9
-1
-17
-37
-61
-87
-114
-141
-167
-189
-206
-219
-224
-223
-216
-201
-181
-155
-125
-92
-57
-22
11
43
72
97
117
133
144
151
154
156
156
156
157
160
165
172
182
194
207
220
233
245
254
260
263
261
255
245
231
213
192
168
143
116
88
59
31
3
-23
-49
-73
-95
-115
-133
-149
-163
-176
-188
-200
-211
-221
-231
-241
-249
-256
-259
-260
-256
-247
-233
-213
-189
-160
-129
-95
-60
-26
6
36
63
86
105
120
132
141
147
152
156
158
160
161
161
158
153
144
131
113
89
60
27
-10
-50
-92
-133
-173
-208
-238
-262
-278
-286
-286
-278
-262
-240
-211
-177
-139
-98
-56
-13
28
68
105
138
165
186
200
207
206
199
186
167
144
119
92
65
40
18
0
-11
-18
-18
-12
-1
14
33
56
80
104
127
147
165
179
189
195
196
193
186
176
162
146
128
107
84
58
31
1
-30
-64
-99
-136
-174
-212
-249
-284
-317
-347
-372
-393
-407
-416
-417
-412
-401
-384
-361
-334
-304
-270
-235
-199
-162
-124
-87
-49
-11
27
66
106
147
188
227
266
301
333
359
380
393
400
399
392
380
364
346
329
312
299
290
285
284
286
291
296
299
300
295
284
265
237
201
157
104
46
-17
-85
-155
-224
-293
-358
-418
-472
-519
-557
-585
-603
-611
-607
-594
-570
-538
-499
-453
-401
-347
-289
-231
-173
-115
-59
-5
44
92
136
174
208
236
257
271
277
274
263
244
216
180
137
88
36
-19
-75
-131
-183
-231
-273
-309
-337
-357
-370
-376
-375
-368
-355
-338
-318
-295
-269
-242
-215
-187
-159
-132
-104
-76
-46
-16
16
51
90
131
175
220
266
311
353
390
420
442
455
456
447
427
397
358
312
261
208
154
103
57
17
-14
-37
-53
-60
-62
-58
-51
-42
-34
-28
-24
-22
-24
-28
-33
-39
-44
-48
-48
-45
-37
-25
-8
12
37
65
95
126
157
187
214
238
257
270
277
278
272
258
238
211
178
138
94
44
-8
-64
-122
-181
-238
-292
-342
-386
-423
-450
-467
-472
-466
-447
-417
-376
-325
-267
-204
-139
-74
-12
43
91
130
158
176
184
183
175
163
148
134
122
115
115
121
136
157
185
218
255
292
329
363
393
417
434
444
448
446
440
430
418
406
394
383
374
367
361
356
350
343
332
317
295
267
231
187
134
75
9
-62
-137
-213
-289
-361
-429
-488
-538
-577
-604
-617
-617
-604
-578
-539
-491
-434
-370
-302
-232
-162
-95
-32
23
73
114
148
173
191
201
207
207
204
199
192
184
176
167
158
149
139
129
118
106
94
81
67
53
40
27
14
3
-6
-15
-23
-31
-38
-46
-54
-63
-73
-84
-96
-109
-122
-134
-146
-157
-166
-173
-178
-181
-183
-185
-186
-187
-189
-192
-196
-200
-204
-208
-209
-207
-201
-190
-174
-151
-122
-88
-50
-8
34
77
117
153
183
205
217
219
209
187
155
113
62
6
-54
-115
-174
-229
-277
-316
-345
-363
-369
-364
-347
-320
-284
-242
-194
-143
-91
-40
8
54
96
133
167
196
223
248
273
298
324
351
380
408
437
463
485
501
509
507
494
469
431
381
318
244
161
71
-23
-120
-217
-310
-399
-481
-554
-616
-668
-708
-736
-752
-756
-749
-732
-705
-669
-626
-576
-520
-460
-395
-328
-259
-188
-117
-47
21
87
150
208
261
307
346
377
399
414
420
419
412
398
379
357
331
302
271
238
205
170
136
101
66
33
1
-28
-56
-80
-101
-118
-130
-137
-140
-139
-135
-127
-118
-108
-98
-89
-83
-79
-79
-81
-87
-94
-103
-112
-120
-126
-129
-128
-123
-114
-101
-83
-62
-38
-11
16
45
74
102
129
153
175
194
209
221
229
232
231
226
216
203
185
163
137
108
77
43
8
-27
-62
-96
-128
-155
-177
-193
-201
-199
-188
-167
-135
-93
-43
14
78
144
211
276
335
387
431
463
484
492
489
474
448
414
371
322
268
211
153
93
35
-20
-74
-123
-168
-209
-244
-274
-298
-317
-332
-342
-349
-353
-355
-357
-358
-359
-360
-362
-363
-361
-356
-345
-327
-300
-262
-214
-155
-86
-9
72
157
240
317
385
439
478
498
499
482
446
395
332
260
183
106
33
-32
-87
-128
-156
-169
-168
-154
-129
-98
-61
-23
12
44
70
87
95
95
85
69
46
21
-5
-31
-53
-70
-81
-84
-79
-67
-48
-24
3
32
62
89
112
130
142
146
142
132
116
94
70
44
18
-5
-26
-42
-52
-57
-57
-50
-39
-23
-4
16
38
60
80
97
110
117
118
111
98
76
48
15
-21
-60
-99
-136
-168
-193
-209
-216
-213
-199
-176
-144
-104
-59
-10
40
90
