838
845
847
843
831
810
782
745
701
648
589
523
452
378
300
220
140
61
-14
-87
-155
-218
-273
-321
-361
-394
-419
-437
-448
-454
-456
-455
-451
-447
-444
-443
-445
-450
-460
-474
-491
-512
-536
-560
-584
-605
-623
-636
-643
-643
-635
-620
-597
-567
-530
-487
-440
-388
-333
-276
-218
-160
-103
-47
7
59
109
157
202
244
282
316
345
369
387
397
401
396
385
366
341
310
275
238
199
161
125
93
65
43
28
21
20
28
42
63
89
120
154
190
226
263
297
330
359
385
407
425
439
447
451
450
442
429
410
384
352
315
273
228
179
130
81
33
-11
-52
-88
-120
-146
-168
-186
-200
-213
-224
-236
-248
-261
-276
-291
-306
-320
-333
-343
-349
-351
-348
-340
-326
-307
-284
-256
-225
-192
-157
-121
-85
-50
-17
13
42
69
92
112
128
142
152
159
162
163
161
157
151
144
136
128
120
112
105
100
96
93
91
89
87
83
78
71
60
46
29
9
-14
-39
-66
-93
-120
-145
-167
-185
-198
-206
-207
-202
-191
-175
-154
-129
-101
-71
-41
-10
18
45
69
90
107
120
129
133
131
125
113
97
76
51
22
-7
-39
-72
-103
-132
-157
-178
-193
-203
-206
-204
-196
-183
-166
-146
-124
-102
-79
-57
-37
-18
0
15
29
43
55
68
80
92
105
119
132
147
161
174
188
200
210
220
227
234
239
243
247
252
257
263
272
282
295
310
326
344
362
379
396
410
420
427
428
424
413
396
371
340
301
255
202
143
79
10
-61
-136
-212
-287
-360
-430
-494
-553
-604
-646
-680
-705
-720
-726
-724
-713
-694
-669
-637
-601
-560
-517
-472
-427
-382
-338
-296
-256
-219
-185
-154
-125
-98
-73
-48
-24
0
24
50
77
104
133
162
192
221
248
274
296
315
328
337
340
337
328
315
297
277
254
230
207
185
166
150
138
130
127
129
135
144
156
170
185
199
213
224
233
239
241
240
234
223
208
188
164
135
102
64
22
-22
-71
-121
-173
-225
-277
-327
-373
-416
-452
-483
-506
-520
-527
-524
-513
-492
-464
-428
-385
-336
-283
-227
-169
-110
-53
2
53
100
142
178
208
231
248
260
266
268
266
260
252
243
231
218
204
188
171
153
134
114
93
71
49
27
5
-15
-35
-53
-69
-83
-95
-104
-110
-113
-112
-109
-102
-92
-80
-64
-47
-27
-4
18
44
70
97
125
152
179
204
227
248
265
278
286
289
286
277
261
238
210
175
136
92
45
-3
-54
-105
-156
-207
-255
-301
-345
-385
-421
-452
-479
-499
-512
-516
-513
-499
-477
-444
-402
-352
-293
-229
-159
-87
-13
58
127
191
249
300
342
376
400
414
420
417
405
386
361
330
294
256
215
174
133
94
58
25
-3
-27
-46
-61
-71
-77
-79
-79
-76
-72
-68
-63
-59
-55
-53
-53
-53
-55
-58
-61
-65
-68
-70
-72
-72
-71
-68
-64
-58
-50
-41
-31
-19
-7
4
17
29
40
50
58
64
67
67
64
57
47
35
20
3
-13
-30
-44
-55
-62
-63
-58
-47
-29
-5
23
56
90
125
158
188
213
231
240
242
234
218
194
163
126
86
44
2
-38
-76
-110
-138
-160
-175
-182
-182
-175
-161
-141
-114
-83
-48
-10
27
64
98
127
150
164
169
163
146
119
81
35
-17
-74
-133
-191
-246
-294
-334
-364
-382
-388
-381
-362
-333
-294
-247
-194
-138
-80
-22
33
86
134
176
213
243
268
286
299
307
311
311
307
302
294
284
273
261
248
235
222
208
195
182
168
153
137
120
101
79
54
26
-4
-36
-71
-106
-141
-174
-203
-229
-248
-261
-266
-263
-253
-235
-212
-183
-150
-116
-81
-48
-17
8
28
43
51
54
51
43
32
19
6
-5
-13
-16
-14
-5
10
32
61
94
131
170
208
245
279
306
327
339
342
335
317
288
248
198
139
73
2
-71
-146
-220
-289
-351
-405
-449
-481
-501
-510
-507
-493
-469
-438
-400
-358
-313
-268
-223
-180
-141
-106
-76
-51
-31
-16
-6
0
2
3
1
-2
-6
-11
-17
-22
-26
-30
-32
-34
-35
-36
-36
-35
-34
-33
-31
-28
-24
-18
-11
-1
10
24
41
59
78
97
114
129
140
146
145
137
123
100
71
35
-5
-51
-99
-148
-196
-243
-286
-326
-359
-387
-408
-422
-428
-427
-417
-398
-370
-332
-285
-227
-160
-83
2
96
195
299
404
509
610
704
789
862
921
964
989
997
987
960
918
862
796
721
640
556
471
388
307
232
161
97
38
-12
-58
-99
-135
-167
-197
-225
-254
-283
-314
-346
-382
-420
-461
-503
-546
-589
-631
-670
-705
-734
-756
-769
-773
-767
-749
-721
-683
-636
-580
-518
-451
-382
-312
-243
-178
-117
-62
-13
27
61
88
109
124
134
141
145
147
149
150
152
156
160
165
171
178
185
191
197
201
204
206
206
204
202
199
197
194
192
192
193
197
202
210
221
234
250
267
287
308
329
351
372
392
410
424
434
440
440
434
422
404
379
348
310
268
220
169
114
58
0
-57
-114
-168
-219
-266
-307
-342
-371
-392
-407
-414
-416
-413
-405
-394
-382
-368
-355
-342
-330
-319
-309
-299
-289
-278
-265
-250
-231
-208
-181
-150
-114
-74
-32
12
58
104
148
190
227
259
285
304
316
321
318
308
291
267
237
202
163
120
74
27
-19
-66
-111
-154
-192
-225
-252
-273
-289
-297
-301
-299
-293
-285
-274
-263
-251
-239
-227
-215
-202
-188
-171
-151
-127
-98
-65
-28
11
53
95
135
172
205
230
248
258
259
251
236
213
185
153
118
82
46
13
-15
-40
-58
-70
-76
-74
-65
-49
-27
0
31
67
104
143
182
220
255
287
316
339
357
369
375
375
370
360
345
327
306
283
259
236
212
190
169
150
132
114
97
81
63
45
24
2
-23
-51
-81
-113
-147
-181
-214
-245
-273
-296
-314
-326
-332
-332
-326
-315
-298
-279
-256
-233
-209
-185
-162
-141
-122
-106
-91
-78
-66
-56
-46
-37
-27
-18
-8
0
10
20
29
37
45
51
55
56
56
53
48
41
34
26
20
16
15
17
23
33
47
64
84
105
127
148
166
181
192
198
199
194
184
169
150
128
104
78
53
28
5
-15
-34
-51
-65
-76
-85
-92
-98
-102
-104
-106
-107
-108
-108
-108
-109
-109
-111
-114
-118
-125
-133
-143
-156
-171
-188
-206
-224
-241
-257
-269
-277
-279
-275
-262
-242
-213
-177
-133
-83
-28
28
87
146
202
254
300
340
372
396
410
416
413
401
382
355
321
283
240
194
148
101
55
13
-25
-59
-87
-109
-124
-134
-138
-136
-132
-124
-115
-107
-99
-94
-92
-93
-100
-111
-126
-145
-167
-192
-217
-243
-267
-289
-306
-318
-322
-319
-307
-286
-256
-218
-171
-118
-59
2
67
131
193
250
300
341
371
389
393
384
362
328
284
234
180
126
75
31
-1
-23
-32
-27
-8
21
61
109
161
213
262
304
337
357
363
354
329
289
235
171
98
21
-58
-136
-210
-277
-336
-384
-422
-448
-463
-467
-462
-450
-430
-405
-376
-346
-314
-282
-251
-221
-192
-165
-138
-112
-87
-61
-36
-11
12
35
57
75
91
102
110
114
113
109
101
92
80
69
59
51
46
46
49
58
71
90
112
138
166
196
227
257
286
312
336
356
372
384
391
393
390
382
369
351
327
298
263
225
182
135
85
33
-20
-74
-127
-180
-229
-276
-319
-357
-391
-419
-443
-462
-477
-488
-495
-498
-497
-493
-483
-469
-449
-421
-387
-344
-292
-232
-164
-88
-8
75
161
244
324
397
460
513
554
581
596
597
586
564
532
492
445
393
338
280
220
159
98
37
-24
-85
-144
-202
-258
-310
-357
-399
-433
-459
-476
-482
-477
-460
-433
-396
-349
-294
-233
-168
-102
-36
25
81
129
167
193
208
209
198
175
141
98
49
-4
-60
-115
-167
-213
-253
-284
-307
-321
-327
-326
-318
-307
-292
-276
-261
-246
-233
-222
-214
-207
-200
-194
-186
-175
-159
-137
-109
-73
-29
22
81
147
217
291
367
442
516
585
648
705
752
790
817
832
834
824
801
766
718
658
589
511
425
334
241
146
52
-37
-122
-199
-267
-325
-371
-406
-429
-441
-442
-435
-421
-401
-379
-355
-333
-314
-300
-291
-289
-293
-303
-318
-337
-358
-380
-401
-419
-433
-440
-440
-433
-418
-395
-366
-330
-290
-246
-202
-157
-114
-74
-38
-6
21
44
62
77
90
101
111
123
136
152
171
194
221
251
285
323
363
406
451
498
545
593
640
685
727
764
793
814
824
821
804
771
723
658
577
482
373
252
122
-13
-152
-290
-424
-550
-664
-765
-849
-914
-960
-985
-992
-980
-951
-908
-853
-789
-720
-647
-572
-498
-427
-357
-291
-228
-167
-108
-50
6
63
119
175
231
284
335
381
421
455
479
493
497
489
471
442
404
360
310
259
209
163
123
93
73
64
68
83
109
143
185
230
277
324
366
403
432
451
459
455
438
408
366
312
246
169
83
-11
-114
-223
-337
-454
-572
-689
-802
-909
-1007
-1094
-1166
-1221
-1258
-1275
-1270
-1244
-1196
-1128
-1041
-937
-819
-690
-552
-410
-267
-125
12
143
264
375
474
561
636
697
747
784
811
827
833
831
820
802
777
746
711
672
631
589
548
508
471
438
409
387
369
358
352
352
356
363
372
382
391
398
400
397
387
369
344
309
267
217
161
101
37
-26
-90
-151
-208
-260
-305
-344
-375
-401
-421
-436
-449
-459
-468
-478
-489
-502
-517
-534
-552
-570
-588
-604
-615
-622
-622
-613
-596
-571
-536
-492
-442
-385
-325
-263
-201
-142
-88
-41
-2
28
48
60
63
60
51
40
28
18
12
12
20
35
59
90
126
167
209
251
291
326
355
378
393
400
401
395
384
369
351
331
310
289
268
248
228
209
191
172
152
130
106
79
49
15
-19
-57
-96
-135
-172
-207
-237
-263
-283
-297
-305
-308
-305
-298
-288
-276
-263
-250
-237
-225
-213
-202
-190
-178
-165
-150
-132
-111
-87
-60
-29
4
42
83
126
173
222
275
330
389
450
513
578
644
708
770
827
877
917
944
956
950
925
878
810
721
610
481
334
173
3
-172
-349
-523
-688
-840
-976
-1091
-1184
-1252
-1293
-1309
-1299
-1265
-1208
-1132
-1040
-935
-820
-701
-579
-459
-344
-236
-137
-49
27
91
143
183
212
230
240
242
238
229
216
201
185
170
156
145
138
134
136
143
156
174
198
225
256
290
323
356
387
413
433
448
454
453
443
425
401
369
333
293
251
210
171
136
106
84
71
67
74
