-62
-1
61
125
186
243
293
334
366
387
397
397
387
371
348
322
295
268
244
223
207
197
191
189
192
197
204
210
215
218
217
211
200
185
164
140
113
83
52
22
-6
-33
-57
-78
-95
-108
-118
-125
-130
-134
-137
-140
-145
-151
-159
-170
-183
-199
-215
-232
-249
-264
-277
-287
-292
-293
-289
-280
-265
-245
-220
-190
-156
-119
-80
-39
3
45
87
129
168
206
241
273
303
328
349
366
378
385
387
383
373
359
339
315
288
259
228
197
167
140
115
95
81
71
68
70
78
90
106
125
145
165
184
201
215
225
232
234
234
230
224
215
204
191
176
158
139
116
91
64
33
1
-32
-67
-102
-137
-170
-201
-230
-256
-278
-297
-314
-328
-340
-350
-360
-370
-380
-390
-402
-415
-430
-445
-461
-476
-491
-504
-514
-521
-523
-519
-508
-490
-465
-431
-390
-341
-285
-223
-157
-87
-16
54
123
188
249
304
353
395
431
460
483
501
514
522
526
527
525
518
509
495
478
457
432
404
372
338
301
264
226
189
153
119
87
59
32
8
-13
-33
-53
-74
-96
-119
-145
-174
-205
-239
-275
-312
-349
-385
-418
-447
-471
-488
-497
-498
-490
-472
-445
-410
-367
-317
-263
-207
-149
-93
-40
7
48
81
106
121
127
124
114
99
78
56
32
8
-13
-31
-46
-57
-64
-66
-66
-62
-56
-50
-43
-36
-31
-27
-25
-24
-26
-28
-31
-35
-37
-39
-39
-38
-34
-27
-18
-6
7
24
42
61
82
103
123
141
158
172
183
191
195
195
193
188
181
172
163
155
146
139
132
127
122
117
112
106
99
89
77
62
44
22
-1
-27
-55
-84
-113
-142
-168
-191
-209
-223
-231
-233
-228
-217
-200
-177
-150
-119
-85
-51
-16
16
46
73
95
112
123
130
131
128
122
112
101
89
76
65
55
47
42
40
41
45
52
63
76
91
107
125
142
159
174
186
195
200
200
195
185
171
151
129
103
76
49
23
0
-20
-36
-48
-54
-56
-54
-48
-39
-29
-17
-5
6
17
25
32
35
36
33
25
15
0
-16
-37
-60
-85
-112
-138
-165
-191
-215
-236
-255
-270
-281
-288
-289
-286
-277
-264
-247
-225
-201
-173
-144
-114
-84
-54
-25
2
28
53
75
96
115
133
150
166
183
199
216
233
251
269
287
304
319
332
342
348
349
344
334
318
296
269
237
201
163
123
83
45
8
-26
-57
-84
-107
-127
-143
-155
-163
-167
-167
-163
-155
-143
-127
-108
-86
-64
-41
-20
-2
9
16
15
6
-10
-36
-69
-108
-151
-196
-241
-283
-319
-347
-366
-372
-366
-347
-315
-271
-216
-153
-83
-9
66
140
210
274
331
378
414
439
453
455
445
425
397
360
317
270
220
168
116
65
15
-31
-76
-118
-157
-192
-225
-253
-278
-298
-314
-324
-329
-329
-323
-312
-294
-272
-244
-212
-176
-136
-93
-48
-1
44
88
130
167
198
222
236
239
231
210
175
128
68
-2
-82
-168
-258
-346
-431
-506
-570
-618
-649
-659
-649
-619
-570
-504
-423
-332
-233
-132
-31
64
154
233
301
356
397
425
441
444
438
423
401
376
347
318
289
261
237
215
197
182
169
160
152
145
140
134
128
122
115
108
99
90
79
68
57
45
33
20
8
-3
-15
-26
-37
-47
-56
-64
-72
-80
-87
-94
-101
-108
-115
-123
-132
-141
-151
-161
-171
-180
-188
-194
-199
-200
-198
-192
-183
-170
-153
-133
-110
-85
-60
-34
-9
14
36
56
73
88
101
112
120
127
132
135
137
138
137
135
132
128
123
117
112
106
102
99
97
98
101
107
115
125
137
150
162
174
184
191
194
193
187
177
162
144
122
99
75
52
31
13
0
-8
-12
-11
-6
2
14
27
39
50
57
60
57
49
35
16
-6
-33
-61
-90
-118
-144
-165
-182
-193
-198
-198
-191
-180
-164
-144
-123
-99
-75
-52
-29
-8
9
25
38
47
52
53
49
40
26
9
-12
-38
-65
-94
-123
-150
-174
-194
-208
-216
-217
-210
-197
-177
-151
-122
-89
-56
-23
6
33
54
70
80
84
83
77
67
56
43
31
20
11
6
4
5
10
17
27
38
49
60
69
75
79
79
76
68
57
42
26
7
-11
-30
-48
-63
-76
-86
-92
-95
-94
-89
-81
-69
-56
-41
-25
-9
4
17
26
33
35
33
26
16
2
-14
-32
-52
-71
-88
-103
-114
-121
-122
-118
-109
-95
-77
-55
-31
-5
19
43
65
83
98
108
115
118
118
115
110
104
98
91
86
82
79
77
75
75
74
72
69
63
55
44
30
13
-6
-29
-53
-78
-104
-130
-154
-175
-193
-207
-216
-220
-218
-209
-195
-176
-151
-123
-92
-60
-28
2
29
53
70
81
84
80
68
49
23
-7
-41
-78
-114
-147
-177
-201
-217
-225
-224
-213
-194
-166
-130
-88
-41
8
61
115
169
221
271
317
360
397
430
458
479
494
502
503
497
482
460
430
393
348
298
243
185
126
68
14
-34
-76
-109
-132
-144
-144
-133
-111
-80
-41
3
52
102
151
196
236
268
292
306
310
306
292
270
241
206
167
123
76
26
-25
-79
-135
-192
-249
-307
-363
-418
-470
-518
-562
-599
-631
-656
-673
-684
-689
-686
-678
-665
-647
-625
-599
-570
-538
-503
-466
-425
-382
-336
-287
-234
-178
-118
-54
12
81
151
220
289
353
414
468
514
553
584
606
619
625
623
615
601
582
559
532
502
470
436
399
361
321
280
238
195
152
109
67
26
-12
-49
-83
-114
-141
-165
-185
-202
-214
-224
-230
-233
-234
-233
-231
-227
-222
-217
-211
-205
-199
-192
-186
-181
-176
-171
-167
-163
-158
-153
-147
-140
-130
-118
-103
-85
-65
-41
-17
9
35
61
86
108
127
141
151
157
157
152
142
128
110
90
68
45
23
2
-15
-31
-44
-52
-57
-58
-55
-48
-38
-25
-8
10
30
53
75
97
117
134
145
149
145
130
105
67
18
-42
-112
-189
-270
-351
-429
-500
-559
-603
-630
-638
-626
-594
-544
-477
-396
-305
-207
-106
-5
91
181
263
335
396
446
485
514
534
546
551
551
546
537
525
509
491
469
444
415
383
347
308
265
220
174
127
79
34
-9
-49
-86
-118
-145
-168
-185
-197
-205
-209
-210
-208
-204
-197
-189
-180
-170
-158
-145
-130
-114
-95
-75
-53
-29
-5
19
44
67
88
105
119
127
130
127
119
106
90
70
49
27
6
-12
-28
-40
-48
-53
-54
-51
-47
-41
-34
-28
-22
-18
-16
-16
-17
-20
-23
-28
-32
-35
-37
-38
-36
-32
-26
-18
-9
1
11
20
28
34
36
34
29
19
5
-10
-30
-51
-72
-92
-109
-122
-130
-131
-124
-108
-84
-52
-14
29
76
124
172
216
256
289
314
330
336
333
321
300
270
234
192
145
94
42
-10
-62
-112
-159
-202
-240
-272
-297
-317
-329
-335
-334
-328
-316
-300
-280
-257
-233
-207
-181
-157
-136
-118
-104
-96
-93
-97
-107
-122
-141
-164
-188
-211
-231
-245
-251
-248
-234
-208
-171
-123
-65
0
72
147
224
299
371
438
498
550
593
627
651
666
671
666
653
631
601
563
518
466
407
344
275
202
127
50
-26
-101
-174
-242
-304
-359
-407
-447
-478
-501
-515
-521
-520
-512
-497
-477
-452
-423
-392
-358
-324
-290
-256
-224
-194
-167
-142
-119
-99
-81
-64
-49
-35
-21
-8
4
16
29
41
52
61
70
76
80
81
80
77
71
63
53
42
31
19
9
0
-7
-12
-14
-15
-12
-8
-2
5
14
22
31
38
45
51
55
58
59
60
61
62
63
65
68
72
77
83
90
97
104
111
118
124
129
132
135
137
138
138
137
136
135
133
132
130
128
124
120
113
104
91
75
56
33
7
-21
-52
-84
-115
-146
-174
-199
-220
-237
-249
-256
-257
-254
-247
-235
-219
-199
-176
-151
-122
-92
-60
-27
5
38
70
100
128
152
174
191
204
212
216
215
209
199
185
168
148
125
101
75
50
25
0
-21
-42
-60
-75
-87
-96
-102
-104
-104
-101
-95
-88
-79
-69
-59
-48
-37
-27
-18
-10
-3
1
4
5
4
0
-4
-11
-20
-29
-40
-50
-61
-71
-80
-88
-94
-99
-102
-103
-102
-100
-95
-87
-78
-66
-52
-35
-17
3
25
47
70
92
113
132
148
160
168
172
171
166
157
144
128
110
90
70
50
30
13
-2
-15
-25
-33
-37
-39
-37
-34
-28
-21
-11
-1
10
23
38
53
69
86
103
121
139
155
171
184
195
203
206
205
198
186
168
144
116
83
48
11
-24
-58
-88
-112
-131
-142
-146
-145
-138
-127
-114
-102
-92
-87
-88
-96
-112
-137
-170
-210
-256
-306
-356
-404
-447
-481
-505
-514
-509
-489
-453
-402
-339
-266
-186
-102
-18
62
138
206
265
313
350
377
392
398
396
387
372
353
331
307
282
257
231
205
180
155
130
106
81
56
32
8
-14
-36
-57
-75
-91
-104
-114
-120
-122
-120
-115
-107
-96
-83
-70
-56
-43
-32
-22
-16
-12
-11
-13
-18
-25
-33
-42
-52
-59
-65
-68
-67
-62
-53
-41
-24
-6
14
35
55
74
90
102
111
115
114
109
99
85
67
45
21
-5
-33
-62
-91
-120
-147
-173
-196
-216
-232
-244
-251
-252
-247
-236
-219
-196
-168
-136
-101
-63
-25
11
46
78
105
126
142
152
155
154
148
138
126
112
98
85
73
64
57
54
53
55
60
67
76
86
97
108
119
130
140
149
156
162
165
166
166
162
157
150
142
133
123
114
105
98
92
88
87
89
92
98
104
112
119
125
129
131
130
126
118
107
92
74
54
32
9
-14
-39
-63
-87
-110
-131
-150
-168
-183
-195
-205
-213
-218
-220
-221
-220
-219
-217
-215
-214
-215
-217
-221
-226
-233
-241
-250
-258
-266
-271
-274
-273
-267
-258
-243
-223
-199
-171
-140
-107
-74
-40
-7
23
51
77
99
119
135
149
160
170
177
182
186
190
192
193
194
194
193
192
191
188
185
181
176
170
163
156
147
138
128
116
103
89
74
58
41
24
7
-9
-25
-40
-53
-64
-72
-78
-81
-82
-80
-75
-67
-58
-46
-32
-18
-2
12
26
39
50
59
64
66
64
59
51
39
25
9
-8
-26
-45
-63
-79
-94
-107
-118
-126
-133
-138
-141
-144
-146
-148
-150
-151
-153
-155
-155
-155
-153
-148
-141
-130
-116
-98
-77
-53
-27
0
27
55
82
107
129
148
163
175
184
190
193
194
193
189
184
176
167
156
142
127
110
91
71
51
32
13
-1
-14
-22
-27
-27
