278
292
308
326
344
360
375
386
392
393
387
373
350
317
274
222
160
89
13
-67
-150
-232
-309
-378
-437
-483
-514
-529
-526
-504
-465
-409
-336
-250
-151
-44
69
184
298
406
504
589
657
706
733
738
720
679
618
537
441
332
215
94
-27
-145
-255
-353
-436
-502
-548
-572
-575
-556
-517
-459
-385
-299
-203
-103
-1
98
191
277
351
414
463
499
522
533
532
521
501
475
444
410
376
343
314
288
267
251
240
233
228
224
220
214
204
190
172
148
119
84
44
0
-51
-106
-164
-226
-288
-350
-408
-461
-505
-539
-561
-569
-563
-543
-509
-463
-408
-345
-277
-209
-142
-80
-25
19
53
75
85
84
73
55
33
11
-8
-21
-26
-19
0
33
80
138
207
283
364
447
529
608
680
744
798
842
874
895
903
898
882
853
812
760
698
628
550
468
383
299
216
139
68
4
-50
-97
-137
-172
-203
-232
-263
-297
-337
-384
-439
-501
-571
-647
-726
-807
-885
-959
-1024
-1080
-1122
-1151
-1165
-1164
-1149
-1121
-1081
-1032
-975
-913
-847
-780
-712
-644
-578
-513
-450
-388
-327
-266
-206
-145
-84
-22
41
105
169
234
297
358
416
468
512
548
573
586
586
571
542
499
442
374
295
210
120
28
-61
-146
-225
-293
-351
-395
-427
-445
-450
-444
-427
-402
-369
-332
-292
-251
-210
-171
-136
-104
-77
-55
-37
-23
-13
-6
-1
1
5
9
14
22
31
44
59
76
95
116
138
158
177
193
205
211
211
203
188
166
136
100
60
16
-29
-73
-114
-150
-179
-199
-210
-212
-203
-185
-159
-126
-86
-43
2
50
98
144
187
227
262
291
313
329
339
342
338
329
314
295
271
245
216
186
155
124
95
69
46
29
16
10
9
16
28
45
67
92
120
148
176
204
229
253
274
292
306
318
328
334
338
339
338
334
328
317
304
286
264
237
205
169
128
82
32
-20
-76
-134
-193
-250
-305
-356
-400
-436
-462
-477
-479
-467
-443
-407
-359
-302
-238
-170
-101
-34
27
83
129
165
191
206
212
209
201
190
178
167
160
160
165
178
198
224
254
286
317
346
370
386
394
391
378
355
321
277
226
168
105
39
-27
-93
-156
-215
-269
-315
-355
-386
-410
-426
-434
-436
-432
-422
-407
-389
-367
-342
-315
-287
-256
-225
-192
-159
-126
-93
-61
-30
-1
24
46
65
79
89
95
95
92
85
76
64
50
36
22
8
-2
-11
-18
-21
-22
-19
-14
-7
0
9
16
22
27
29
30
30
29
28
29
32
39
50
64
83
104
128
152
176
198
216
229
236
236
229
214
192
163
129
90
47
3
-40
-82
-121
-156
-184
-206
-219
-225
-223
-214
-198
-177
-151
-121
-91
-60
-30
-4
18
36
48
53
52
45
31
12
-11
-38
-68
-99
-131
-161
-190
-215
-237
-254
-266
-272
-273
-268
-258
-243
-224
-202
-176
-149
-120
-91
-63
-35
-8
17
41
64
87
108
130
151
172
192
212
229
244
255
260
260
253
239
217
189
153
113
69
24
-20
-63
-100
-131
-153
-165
-166
-155
-133
-99
-55
-4
53
114
175
233
286
329
360
377
378
363
331
283
221
147
63
-27
-120
-212
-300
-379
-445
-497
-532
-548
-546
-527
-493
-447
-393
-335
-277
-222
-175
-138
-112
-97
-93
-99
-112
-129
-147
-164
-175
-180
-176
-163
-140
-108
-68
-23
25
76
126
173
217
254
286
312
332
347
358
366
372
377
382
389
397
407
418
430
441
450
456
458
455
447
433
414
390
363
333
303
273
244
218
194
175
159
146
136
128
120
111
100
86
68
45
17
-15
-52
-92
-134
-176
-216
-253
-284
-310
-329
-340
-344
-341
-333
-321
-305
-289
-273
-259
-249
-241
-239
-240
-246
-255
-267
-280
-295
-308
-319
-327
-331
-330
-322
-309
-289
-263
-232
-195
-154
-110
-62
-14
34
82
128
170
208
241
267
286
298
302
299
288
271
248
220
188
152
114
73
31
-11
-56
-101
-146
-190
-234
-278
-320
-360
-398
-434
-467
-497
-523
-545
-563
-576
-583
-585
-580
-569
-550
-523
-487
-442
-388
-324
-251
-169
-81
12
110
209
308
405
496
582
660
729
788
837
876
904
921
929
927
917
898
872
839
801
756
706
651
591
524
452
374
290
201
107
10
-85
-180
-269
-349
-415
-465
-495
-502
-485
-443
-379
-294
-192
-79
39
157
269
367
448
506
539
546
527
483
418
334
236
129
18
-92
-199
-298
-387
-464
-529
-581
-622
-652
-674
-688
-697
-702
-705
-704
-702
-698
-690
-680
-665
-645
-620
-589
-552
-511
-465
-417
-367
-318
-272
-230
-193
-162
-139
-124
-116
-114
-119
-127
-138
-150
-161
-169
-173
-171
-162
-146
-123
-93
-58
-17
26
72
118
164
209
251
291
327
361
393
423
452
480
508
536
562
588
611
631
647
656
658
652
636
611
575
531
478
417
352
284
216
150
89
35
-9
-42
-63
-70
-62
-41
-6
40
98
165
238
315
394
472
545
613
671
718
751
771
775
763
736
694
637
568
487
398
301
200
96
-7
-109
-206
-297
-380
-452
-513
-562
-600
-626
-642
-650
-652
-649
-645
-643
-643
-649
-662
-682
-710
-745
-786
-832
-882
-932
-982
-1028
-1068
-1100
-1121
-1130
-1125
-1105
-1069
-1017
-951
-870
-777
-674
-563
-445
-324
-202
-79
41
159
273
383
487
585
677
763
841
911
972
1024
1066
1096
1115
1121
1114
1095
1063
1021
968
907
840
768
693
618
543
471
403
339
281
228
182
141
106
75
49
26
7
-9
-25
-38
-51
-61
-71
-79
-86
-92
-96
-100
-104
-107
-111
-115
-119
-124
-130
-136
-142
-147
-152
-155
-157
-157
-155
-152
-147
-141
-135
-128
-122
-116
-113
-112
-114
-119
-128
-139
-154
-171
-189
-209
-228
-246
-262
-277
-288
-298
-304
-308
-310
-310
-308
-306
-303
-301
-298
-296
-294
-292
-291
-290
-288
-286
-281
-275
-266
-254
-238
-218
-195
-168
-137
-105
-70
-35
-1
32
62
90
114
133
149
161
170
176
180
183
184
185
186
186
185
184
181
176
169
158
144
126
104
78
49
18
-13
-45
-75
-103
-126
-143
-154
-158
-155
-144
-127
-104
-76
-46
-14
18
48
77
102
123
139
151
159
164
165
164
162
160
158
158
161
166
174
186
199
215
232
249
265
278
287
291
289
280
263
238
205
165
119
67
12
-43
-99
-153
-202
-244
-279
-304
-319
-324
-318
-302
-278
-246
-208
-166
-122
-79
-38
-1
29
53
69
78
79
73
63
49
33
18
6
-1
-3
0
9
25
47
72
101
130
159
186
208
226
237
241
237
225
205
178
146
108
67
25
-17
-59
-98
-132
-162
-187
-206
-219
-227
-231
-230
-225
-218
-207
-195
-180
-163
-143
-119
-92
-61
-25
14
59
109
162
218
275
333
390
444
494
538
575
604
625
636
638
630
615
592
562
528
488
446
401
355
308
260
211
163
114
64
14
-37
-89
-141
-195
-248
-301
-353
-403
-450
-493
-531
-563
-587
-604
-611
-609
-598
-578
-550
-515
-474
-430
-383
-337
-294
-254
-220
-193
-175
-164
-163
-170
-184
-204
-228
-255
-281
-305
-325
-338
-342
-337
-321
-294
-257
-210
-157
-97
-35
27
87
143
191
231
261
281
289
288
277
259
236
210
183
157
135
118
106
101
102
107
117
129
141
151
159
163
161
154
142
125
104
82
60
38
20
6
-1
-3
0
11
27
49
74
103
133
163
193
220
244
263
276
282
281
271
253
226
191
149
102
50
-3
-59
-113
-166
-215
-259
-298
-332
-361
-384
-402
-415
-425
-431
-436
-438
-440
-441
-441
-441
-440
-438
-433
-426
-415
-401
-381
-357
-328
-295
-257
-216
-172
-125
-78
-31
14
58
100
139
174
204
231
253
271
285
294
300
301
299
293
284
273
259
243
226
210
194
180
169
162
159
160
167
178
194
213
235
257
279
299
315
326
330
327
317
300
277
250
220
189
159
131
107
89
76
68
67
69
76
84
93
102
109
113
113
109
100
88
71
52
29
6
-18
-42
-67
-90
-113
-134
-155
-175
-195
-214
-232
-250
-266
-281
-293
-301
-305
-303
-295
-282
-262
-236
-205
-170
-131
-92
-53
-16
17
46
69
87
99
105
107
105
100
94
88
83
81
80
81
85
89
92
93
91
84
71
52
25
-8
-47
-90
-135
-179
-219
-253
-278
-292
-294
-282
-257
-220
-172
-117
-56
6
68
127
179
223
258
282
295
297
289
272
246
214
177
136
93
50
7
-31
-67
-99
-124
-142
-154
-158
-156
-146
-129
-107
-81
-51
-19
12
43
71
96
115
130
138
140
137
127
113
95
74
51
26
1
-23
-47
-69
-89
-106
-120
-132
-140
-147
-151
-153
-154
-154
-154
-153
-153
-153
-153
-153
-154
-154
-153
-150
-146
-140
-130
-118
-103
-85
-64
-40
-15
11
38
64
89
111
129
143
152
155
151
141
124
102
74
43
9
-25
-59
-90
-116
-135
-147
-150
-143
-126
-100
-66
-25
19
66
112
156
194
226
248
262
267
262
250
230
206
179
150
121
94
70
50
35
23
17
14
14
17
21
27
32
38
42
45
47
47
45
41
36
30
22
14
6
-2
-11
-20
-30
-39
-49
-58
-67
-76
-85
-94
-102
-109
-116
-123
-130
-136
-143
-150
-157
-164
-171
-177
-181
-183
-182
-177
-167
-153
-134
-109
-80
-47
-11
26
64
101
136
165
189
205
212
210
199
179
152
117
77
35
-8
-51
-91
-126
-155
-178
-192
-200
-199
-192
-179
-161
-138
-114
-87
-60
-34
-9
13
33
51
66
78
87
92
95
96
93
88
81
71
59
45
30
14
-2
-20
-37
-54
-70
-85
-97
-107
-113
-116
-115
-110
-101
-88
-71
-51
-28
-3
23
50
78
104
129
152
171
187
198
204
206
202
193
180
164
143
121
96
70
44
18
-7
-30
-52
-72
-88
-101
-109
-114
-114
-109
-99
-85
-68
-47
-24
0
25
50
74
95
113
128
138
143
143
139
131
118
102
83
62
40
18
-4
-25
-46
-64
-80
-94
-104
-112
-116
-118
-117
-114
-108
-101
-92
-81
-70
-58
-45
-32
-18
-4
10
25
39
54
68
81
93
103
110
115
117
116
110
101
89
72
53
32
9
-14
-37
-59
-78
-94
-106
-114
-117
-115
-109
-99
-86
-71
-54
-35
-17
1
19
35
50
63
73
81
85
86
84
78
68
54
36
16
-6
-31
-55
-79
-101
-119
-133
-141
-144
-140
-130
-115
-94
-69
-40
-9
22
55
88
118
146
169
189
203
211
214
210
201
187
169
147
122
95
67
