-147
-137
-125
-113
-102
-91
-81
-72
-64
-58
-53
-49
-45
-43
-41
-39
-36
-33
-28
-22
-15
-6
3
15
28
41
54
67
78
88
97
103
107
109
108
106
102
97
91
84
77
71
64
59
55
51
49
47
47
47
47
47
48
48
47
46
44
42
39
36
32
29
26
23
20
19
18
18
19
21
23
25
27
29
31
32
33
33
31
28
24
19
13
5
-3
-12
-22
-33
-43
-52
-60
-67
-73
-76
-78
-78
-76
-72
-67
-61
-53
-45
-37
-29
-22
-16
-11
-7
-5
-5
-6
-8
-10
-13
-15
-17
-18
-17
-16
-14
-11
-8
-4
-1
0
2
3
4
4
3
2
1
0
-1
-3
-5
-7
-9
-11
-14
-17
-19
-22
-25
-28
-30
-33
-36
-38
-41
-43
-46
-48
-50
-52
-54
-57
-59
-62
-65
-69
-74
-80
-88
-97
-108
-121
-135
-150
-165
-179
-192
-203
-210
-213
-210
-203
-189
-171
-147
-119
-87
-53
-17
19
54
89
121
150
175
197
215
230
241
249
254
256
256
254
250
243
234
222
208
191
172
150
126
101
75
49
22
-2
-26
-48
-67
-83
-96
-106
-112
-116
-118
-118
-117
-116
-114
-113
-113
-114
-116
-118
-121
-124
-126
-128
-128
-127
-124
-119
-113
-105
-96
-86
-75
-64
-54
-44
-35
-27
-20
-15
-10
-7
-4
-2
0
1
3
6
9
12
15
18
21
23
25
26
27
27
27
27
26
25
25
24
24
24
25
27
31
35
40
47
55
64
74
83
93
103
112
119
126
130
133
134
132
128
121
112
101
88
73
58
43
29
17
7
0
-4
-5
-2
2
11
21
32
44
55
65
73
79
82
83
80
75
67
58
47
35
23
12
3
-4
-10
-14
-16
-15
-13
-8
-3
3
10
18
26
33
40
47
52
56
60
63
64
64
64
62
59
54
47
38
27
14
0
-17
-37
-57
-79
-102
-124
-147
-169
-190
-209
-227
-243
-257
-268
-276
-281
-282
-280
-275
-266
-253
-238
-220
-200
-179
-156
-132
-108
-85
-63
-42
-23
-5
9
23
34
43
51
57
61
64
67
68
68
67
65
61
55
47
36
22
6
-13
-35
-60
-87
-114
-142
-169
-194
-216
-234
-246
-252
-252
-245
-230
-209
-182
-149
-112
-72
-29
13
55
96
135
170
200
227
248
266
279
288
294
298
299
298
295
292
287
282
276
269
262
254
245
236
227
217
207
196
185
175
164
154
145
136
128
119
111
103
94
85
74
63
52
39
26
12
0
-14
-27
-39
-50
-60
-69
-76
-83
-89
-95
-100
-105
-111
-117
-122
-128
-133
-138
-141
-143
-144
-143
-141
-137
-133
-128
-123
-119
-116
-115
-116
-119
-124
-130
-138
-146
-155
-163
-170
-176
-180
-182
-182
-180
-176
-171
-165
-158
-149
-140
-130
-119
-106
-91
-73
-54
-31
-5
23
54
87
123
159
195
231
265
296
325
349
370
385
396
403
404
401
394
383
368
351
331
309
286
261
236
211
186
162
139
117
97
78
60
44
28
13
-1
-16
-32
-48
-65
-82
-100
-119
-137
-155
-172
-187
-201
-213
-223
-232
-240
-246
-252
-258
-264
-271
-279
-288
-297
-306
-315
-322
-327
-329
-328
-322
-311
-295
-274
-247
-216
-180
-141
-99
-55
-10
33
75
115
151
183
211
233
250
263
270
272
269
263
252
238
222
203
182
161
139
117
96
76
56
39
23
8
-4
-16
-26
-35
-43
-49
-53
-57
-58
-59
-58
-55
-52
-48
-43
-39
-34
-29
-25
-21
-18
-15
-12
-9
-7
-4
0
3
7
13
19
26
34
43
52
63
73
84
94
104
113
120
125
129
130
130
129
126
122
117
111
105
99
93
87
81
75
70
66
62
59
57
55
54
53
52
50
47
44
39
32
25
16
6
-3
-14
-25
-36
-46
-55
-63
-70
-75
-79
-80
-81
-79
-76
-72
-67
-61
-55
-49
-43
-38
-34
-30
-29
-28
-30
-34
-39
-47
-56
-67
-79
-91
-103
-114
-123
-129
-132
-131
-126
-116
-102
-83
-61
-36
-9
16
42
66
86
102
113
118
118
114
104
91
75
56
38
19
1
-14
-28
-39
-48
-54
-58
-59
-59
-57
-55
-53
-51
-49
-47
-45
-43
-41
-39
-36
-33
-30
-26
-22
-17
-12
-8
-3
0
4
8
11
14
15
16
17
16
15
13
11
9
6
4
2
0
0
-2
-3
-4
-6
-8
-10
-14
-18
-23
-28
-34
-40
-46
-52
-57
-61
-65
-67
-69
-71
-72
-73
-74
-76
-78
-80
-83
-87
-91
-96
-100
-104
-107
-108
-108
-105
-99
-90
-78
-64
-47
-27
-6
15
39
62
85
107
127
145
160
173
183
191
197
201
204
205
206
207
207
206
206
204
202
198
194
188
180
171
161
149
136
122
107
91
75
58
42
26
10
-3
-15
-26
-35
-41
-45
-47
-47
-45
-43
-39
-35
-32
-30
-29
-29
-32
-36
-41
-47
-55
-63
-70
-78
-84
-90
-95
-100
-104
-108
-112
-117
-123
-130
-138
-148
-158
-169
-181
-192
-203
-212
-219
-224
-225
-224
-219
-210
-197
-182
-163
-141
-117
-90
-63
-34
-4
25
55
85
114
142
169
195
218
239
258
274
287
297
303
307
306
302
295
284
270
253
232
209
184
157
129
100
71
42
15
-11
-35
-58
-78
-96
-112
-126
-138
-148
-157
-165
-171
-177
-181
-185
-187
-189
-189
-188
-185
-180
-173
-163
-151
-137
-120
-102
-82
-62
-40
-19
0
20
37
53
66
76
83
87
89
87
83
78
70
62
53
44
36
28
23
19
18
19
24
31
41
54
69
85
103
120
137
153
167
178
185
189
189
185
177
165
149
130
108
83
57
30
3
-24
-50
-76
-102
-126
-150
-174
-198
-222
-246
-270
-293
-315
-335
-352
-365
-374
-378
-375
-365
-348
-325
-295
-259
-219
-175
-129
-82
-36
7
47
83
114
139
158
173
182
187
188
187
183
179
174
169
164
161
160
159
160
163
166
170
174
178
181
184
186
186
185
183
179
173
166
157
147
136
123
109
95
81
67
53
41
31
22
16
12
9
8
8
8
8
6
4
0
-6
-15
-26
-38
-53
-67
-82
-97
-110
-122
-132
-139
-145
-148
-150
-149
-147
-143
-138
-132
-126
-119
-112
-105
-100
-95
-93
-93
-95
-100
-108
-119
-133
-149
-166
-185
-203
-220
-236
-249
-258
-263
-263
-258
-248
-233
-213
-188
-160
-130
-98
-65
-32
-1
28
54
78
97
113
125
132
135
134
129
122
111
98
85
71
59
48
41
38
41
49
63
83
108
138
172
208
244
280
314
343
367
384
394
396
390
377
357
332
303
271
237
204
171
140
111
85
63
43
26
11
-2
-15
-28
-42
-56
-72
-89
-107
-126
-145
-163
-181
-197
-212
-225
-235
-244
-250
-253
-254
-253
-251
-247
-242
-238
-233
-229
-227
-226
-227
-230
-235
-241
-248
-255
-262
-266
-267
-264
-255
-241
-221
-193
-160
-120
-76
-28
22
73
123
170
213
251
283
308
326
338
344
345
342
335
326
315
303
291
278
265
250
235
219
200
179
156
131
103
74
44
13
-16
-44
-71
-94
-114
-130
-142
-150
-153
-151
-146
-137
-125
-109
-92
-72
-52
-30
-9
11
30
49
65
79
90
98
103
104
102
96
87
74
58
39
18
-5
-30
-56
-82
-107
-130
-151
-168
-181
-188
-190
-186
-177
-162
-142
-119
-92
-63
-33
-4
24
50
72
92
107
117
124
126
125
121
114
104
93
80
67
52
38
23
8
-6
-19
-32
-43
-53
-60
-65
-67
-66
-62
-54
-44
-31
-16
1
19
37
54
69
82
91
96
97
93
86
76
63
48
32
16
1
-13
-26
-37
-46
-53
-59
-63
-66
-69
-71
-73
-75
-76
-77
-77
-76
-74
-70
-65
-58
-49
-38
-26
-13
0
13
27
40
52
62
70
76
80
80
78
73
66
56
45
32
18
5
-8
-22
-36
-49
-61
-73
-85
-96
-106
-115
-124
-131
-138
-144
-148
-151
-152
-151
-147
-141
-132
-120
-105
-87
-66
-43
-18
6
32
57
80
101
120
136
147
155
159
159
156
149
139
128
115
101
87
74
62
53
45
39
36
35
36
38
41
44
48
51
54
56
58
59
60
60
60
59
58
56
53
49
45
39
33
26
18
10
2
-6
-15
-23
-31
-38
-44
-49
-52
-54
-55
-54
-52
-48
-44
-39
-34
-29
-24
-20
-18
-17
-17
-19
-22
-27
-32
-38
-43
-48
-52
-54
-55
-54
-51
-46
-39
-32
-23
-15
-6
1
9
15
20
24
26
27
27
26
25
23
22
21
20
20
20
22
24
27
30
33
36
39
41
43
44
43
42
39
34
28
20
11
1
-9
-21
-32
-43
-52
-61
-68
-74
-78
-80
-80
-78
-75
-69
-63
-54
-45
-34
-23
-12
-1
9
19
28
36
41
45
47
47
45
42
38
33
28
24
21
19
20
22
26
33
41
51
61
72
83
92
100
106
110
111
108
103
96
85
73
59
44
28
12
-4
-20
-37
-52
-68
-83
-98
-113
-127
-141
-153
-165
-174
-181
-186
-188
-187
-182
-175
-165
-153
-138
-122
-104
-85
-66
-48
-30
-14
0
13
23
31
37
40
43
44
44
45
45
47
48
51
54
58
62
66
70
73
76
78
79
79
78
77
75
73
72
71
72
73
77
82
88
96
106
116
127
138
148
156
163
168
170
169
165
157
146
131
112
90
66
40
13
-14
-40
-65
-88
-107
-124
-136
-145
-151
-154
-154
-152
-148
-144
-139
-134
-129
-125
-121
-117
-113
-109
-105
-100
-94
-87
-79
-70
-60
-49
-38
-28
-18
-9
-2
1
3
3
0
-7
-16
-27
-40
-55
-70
-85
-98
-110
-120
-126
-129
-128
-123
-114
-101
-85
-67
-47
-26
-4
15
34
51
64
74
81
83
81
76
67
55
41
24
7
-10
-29
-46
-62
-76
-88
-96
-100
-100
-97
-89
-78
-63
-46
-26
-5
16
38
60
80
98
115
129
140
148
155
159
162
163
164
166
168
171
176
183
192
202
213
226
238
250
260
269
275
278
278
274
267
256
241
223
203
181
157
133
108
84
61
38
18
0
-18
-35
-50
-65
-79
-94
-108
-123
-138
-154
-170
-186
-203
-220
-238
-257
-276
-297
-318
-340
-361
-382
-402
-421
-437
-449
-458
-463
-463
-458
-447
-432
-412
-387
-358
-326
-291
-255
-219
-183
-149
-118
-90
-67
-49
-36
-29
-27
-30
-38
-50
-64
-81
-98
-115
-131
-143
-152
-155
-153
-144
-127
-104
-72
-34
9
60
114
172
231
290
348
404
455
502
543
578
606
628
644
654
658
