-95
-79
-58
-33
-5
26
60
95
130
164
195
222
243
257
264
262
253
236
212
183
151
116
82
49
19
-5
-24
-39
-48
-53
-55
-56
-57
-60
-66
-76
-91
-111
-135
-163
-193
-224
-255
-283
-308
-328
-342
-350
-352
-349
-341
-329
-314
-298
-280
-260
-239
-215
-187
-155
-115
-68
-12
53
128
211
301
394
488
580
665
739
799
841
864
863
839
792
723
634
529
411
285
157
30
-90
-201
-298
-379
-444
-492
-522
-538
-539
-528
-508
-480
-449
-415
-381
-349
-320
-295
-276
-262
-254
-251
-252
-257
-264
-271
-279
-284
-287
-286
-280
-269
-252
-232
-207
-179
-150
-121
-94
-69
-49
-33
-23
-18
-18
-22
-29
-38
-48
-56
-62
-65
-62
-55
-41
-22
1
31
64
100
137
175
212
247
279
307
331
348
360
366
365
358
345
325
300
271
238
202
164
127
90
54
21
-9
-36
-61
-83
-102
-118
-133
-145
-156
-163
-168
-170
-168
-161
-150
-134
-114
-90
-63
-34
-4
24
52
76
97
113
124
131
133
131
127
121
114
108
102
97
94
91
90
89
88
85
81
74
65
53
38
21
1
-18
-39
-60
-80
-98
-113
-126
-135
-140
-140
-137
-130
-119
-105
-89
-72
-55
-39
-24
-13
-4
0
0
-3
-11
-21
-34
-48
-62
-74
-84
-91
-92
-88
-78
-62
-41
-16
13
44
75
105
132
154
171
181
183
177
164
144
117
85
50
13
-23
-58
-88
-112
-129
-136
-132
-117
-91
-55
-9
43
102
165
229
291
349
400
444
479
504
518
523
517
503
481
452
418
379
336
292
245
198
151
104
57
10
-34
-79
-123
-166
-208
-249
-288
-326
-360
-391
-418
-440
-456
-465
-467
-462
-448
-427
-398
-362
-321
-274
-223
-170
-116
-63
-13
33
75
110
139
160
174
181
183
181
175
169
164
161
162
167
176
190
208
228
250
271
289
303
311
313
305
289
263
229
185
134
77
15
-49
-115
-179
-241
-299
-350
-394
-430
-457
-475
-485
-487
-482
-470
-453
-432
-407
-380
-351
-320
-288
-254
-220
-185
-148
-112
-75
-40
-6
23
50
71
87
96
98
94
83
68
49
28
5
-16
-36
-54
-68
-77
-81
-81
-76
-68
-56
-43
-29
-15
-2
7
15
20
22
21
18
13
7
1
-3
-5
-4
0
10
25
45
68
96
126
157
188
217
244
267
285
299
309
314
316
314
311
307
302
298
295
293
291
290
287
283
276
265
249
227
199
165
126
83
37
-10
-58
-104
-149
-190
-228
-263
-294
-322
-347
-372
-396
-420
-445
-471
-498
-527
-556
-586
-614
-640
-663
-682
-694
-701
-700
-691
-674
-648
-614
-571
-521
-463
-398
-327
-250
-169
-84
3
93
184
274
363
450
532
610
681
744
799
845
881
906
921
925
918
902
876
843
802
756
706
653
600
547
495
447
401
360
322
288
257
227
198
167
133
94
48
-5
-68
-138
-216
-298
-384
-469
-550
-624
-688
-738
-772
-789
-787
-768
-730
-677
-610
-531
-445
-353
-260
-168
-81
-1
69
129
177
213
238
251
255
250
238
221
201
180
158
137
118
102
89
80
74
71
70
72
75
78
81
84
85
84
81
77
71
64
56
47
39
32
26
23
22
24
30
39
51
66
83
101
119
137
153
166
176
181
182
177
167
151
130
105
77
45
13
-19
-51
-81
-108
-131
-149
-163
-171
-173
-172
-166
-158
-148
-136
-126
-117
-111
-109
-111
-117
-129
-146
-167
-192
-221
-251
-282
-312
-339
-363
-383
-397
-405
-406
-401
-390
-372
-350
-323
-293
-260
-226
-191
-156
-122
-89
-58
-28
0
26
51
76
98
119
139
156
170
182
190
194
194
190
182
171
156
139
119
98
77
55
34
13
-6
-25
-42
-57
-71
-82
-91
-97
-100
-101
-100
-95
-89
-80
-70
-59
-47
-35
-23
-11
-1
8
17
25
32
37
42
46
50
52
53
54
53
51
49
47
44
43
42
43
47
54
63
75
90
108
127
147
167
186
203
216
225
228
226
217
201
180
153
123
90
57
24
-6
-33
-56
-73
-83
-88
-87
-81
-70
-55
-38
-19
0
20
39
57
74
89
102
114
124
132
139
145
149
151
152
150
146
140
130
118
102
84
64
42
20
-2
-23
-43
-61
-75
-85
-92
-94
-92
-86
-75
-62
-45
-25
-3
19
42
66
88
109
129
146
161
173
182
188
192
193
192
189
183
176
168
158
147
135
122
108
93
77
60
41
22
2
-18
-39
-60
-81
-101
-120
-138
-155
-169
-181
-191
-197
-200
-200
-197
-191
-183
-173
-162
-152
-143
-136
-132
-133
-139
-150
-165
-185
-208
-234
-261
-288
-312
-332
-346
-352
-351
-339
-317
-286
-245
-195
-138
-75
-9
56
122
184
241
291
333
365
388
402
406
401
389
370
346
317
284
250
214
179
145
112
83
57
35
17
4
-4
-8
-8
-6
0
7
16
25
36
45
55
63
71
76
80
80
78
71
61
45
25
1
-28
-61
-97
-135
-175
-215
-254
-291
-325
-356
-381
-400
-412
-417
-413
-403
-384
-360
-330
-296
-260
-222
-185
-150
-118
-89
-65
-46
-32
-22
-17
-15
-16
-19
-21
-23
-22
-18
-11
0
17
36
59
82
106
128
148
165
179
189
195
199
201
203
204
206
209
214
220
228
237
246
255
262
267
267
262
252
234
209
176
135
88
35
-22
-82
-143
-202
-258
-310
-355
-391
-419
-438
-447
-448
-440
-425
-405
-381
-355
-330
-306
-286
-269
-257
-249
-245
-243
-242
-240
-235
-227
-212
-191
-163
-128
-84
-35
20
80
144
209
273
335
393
445
491
529
559
581
596
604
605
602
595
585
573
560
546
531
515
498
479
459
437
412
383
352
317
279
237
193
147
99
51
4
-42
-85
-127
-164
-198
-228
-253
-275
-294
-309
-321
-331
-338
-344
-349
-352
-355
-357
-358
-359
-359
-358
-356
-354
-351
-346
-341
-335
-328
-320
-311
-301
-291
-279
-267
-254
-241
-227
-213
-199
-186
-174
-164
-156
-150
-146
-145
-147
-150
-155
-162
-169
-175
-179
-181
-178
-171
-157
-137
-109
-75
-34
13
65
121
179
237
294
348
398
441
478
508
531
546
554
556
552
545
535
523
511
499
487
475
465
454
443
431
417
400
381
358
331
301
269
234
198
161
125
90
57
27
0
-25
-46
-65
-82
-97
-111
-125
-140
-157
-176
-197
-222
-250
-280
-313
-347
-382
-416
-448
-477
-502
-521
-535
-543
-545
-540
-529
-513
-493
-469
-443
-416
-390
-365
-344
-327
-314
-307
-303
-304
-308
-315
-321
-327
-329
-327
-319
-303
-280
-249
-210
-163
-110
-52
9
72
136
199
259
316
367
414
455
491
521
545
565
580
592
600
606
609
609
608
606
601
595
588
579
568
557
545
532
519
505
490
474
455
434
409
379
344
303
255
201
141
77
9
-61
-132
-203
-271
-335
-393
-445
-489
-525
-551
-568
-576
-576
-569
-556
-537
-516
-492
-467
-442
-418
-395
-374
-354
-335
-317
-299
-280
-260
-238
-214
-188
-158
-126
-91
-53
-13
27
69
110
150
188
222
252
278
299
314
325
331
332
329
323
314
304
292
279
266
253
240
228
215
203
191
179
166
154
140
127
113
98
84
69
54
39
24
9
-5
-20
-34
-47
-59
-71
-81
-90
-97
-103
-108
-111
-113
-114
-114
-114
-113
-112
-112
-113
-114
-118
-123
-130
-139
-150
-163
-176
-190
-204
-217
-229
-238
-245
-249
-250
-247
-241
-231
-218
-201
-180
-156
-130
-100
-69
-35
-1
33
68
102
133
162
186
206
221
229
232
229
220
208
191
173
154
135
118
104
93
85
80
78
79
80
82
83
81
78
71
60
46
29
9
-11
-34
-57
-79
-99
-117
-133
-145
-155
-162
-166
-170
-172
-175
-178
-183
-188
-196
-205
-216
-227
-239
-250
-260
-268
-274
-277
-275
-270
-261
-248
-231
-211
-187
-160
-130
-98
-64
-28
8
45
83
120
157
191
223
252
278
299
317
331
341
349
353
356
356
356
354
351
347
342
335
326
314
300
283
262
237
209
178
144
108
72
34
-1
-35
-67
-95
-119
-139
-156
-168
-177
-184
-188
-190
-192
-193
-193
-194
-195
-196
-198
-201
-204
-206
-208
-208
-206
-202
-195
-186
-173
-158
-141
-122
-103
-85
-68
-54
-43
-35
-31
-31
-34
-40
-48
-57
-66
-74
-79
-81
-79
-71
-58
-39
-14
16
51
89
130
171
211
249
283
312
335
351
361
363
360
351
338
321
303
283
262
241
220
199
177
153
128
101
70
37
1
-37
-78
-120
-161
-202
-240
-275
-305
-331
-350
-364
-371
-373
-367
-356
-339
-316
-289
-257
-222
-185
-145
-104
-63
-22
16
55
91
124
154
181
204
223
238
248
254
255
253
246
236
222
206
187
165
141
116
89
62
34
7
-17
-41
-61
-77
-89
-95
-96
-92
-82
-68
-49
-28
-4
19
44
67
88
108
124
137
148
155
161
165
168
170
172
173
173
172
170
165
157
145
129
109
84
54
21
-13
-50
-88
-124
-158
-188
-214
-233
-246
-251
-249
-239
-222
-199
-171
-138
-103
-65
-26
11
47
80
110
134
151
161
162
154
138
112
77
36
-11
-61
-114
-164
-211
-251
-281
-301
-307
-300
-278
-242
-195
-136
-70
0
72
141
204
258
298
324
332
324
298
256
200
133
57
-23
-107
-189
-267
-339
-401
-454
-495
-524
-541
-546
-541
-526
-504
-475
-443
-410
-378
-349
-324
-306
-295
-292
-298
-311
-331
-357
-387
-419
-453
-485
-515
-540
-560
-572
-576
-570
-555
-529
-492
-443
-382
-309
-224
-127
-18
101
231
369
513
660
807
950
1085
1208
1316
1405
1471
1512
1528
1517
1480
1418
1334
1229
1108
975
832
686
539
395
257
129
12
-92
-184
-263
-329
-384
-428
-463
-490
-511
-526
-536
-542
-544
-543
-539
-533
-524
-513
-500
-485
-469
-453
-437
-421
-406
-393
-383
-375
-369
-365
-364
-364
-364
-365
-364
-361
-355
-345
-331
-313
-290
-262
-231
-197
-160
-122
-85
-48
-13
18
46
70
91
109
123
136
149
162
177
195
217
244
276
313
354
398
444
489
532
571
604
629
645
651
646
630
604
569
527
478
425
370
314
260
210
164
125
92
68
50
41
39
44
55
72
93
116
142
169
195
219
239
256
267
271
269
259
242
218
188
151
111
67
22
-23
-67
-109
-148
-182
-211
-235
-254
-268
-277
-281
-282
-279
-273
-265
-256
-245
-233
-221
-209
-197
-187
-177
-170
-165
-163
-164
-167
-174
-183
-195
-206
-218
-228
-235
-237
-234
-224
-206
-181
-148
-109
-63
-13
39
92
144
191
233
266
291
304
307
300
