446
439
421
393
355
309
255
196
132
67
0
-64
-126
-183
-233
-273
-303
-320
-323
-311
-285
-244
-190
-125
-53
24
101
175
241
295
335
356
360
344
310
260
197
123
44
-37
-116
-191
-257
-314
-358
-390
-409
-416
-412
-398
-376
-348
-314
-277
-238
-197
-156
-114
-74
-35
3
39
73
105
133
158
178
194
204
209
208
203
192
178
162
144
127
111
98
89
85
86
91
101
115
130
147
164
180
193
204
210
213
212
207
198
186
172
155
135
115
92
69
45
20
-4
-28
-52
-75
-97
-118
-137
-154
-169
-183
-195
-206
-216
-224
-232
-239
-246
-251
-255
-258
-259
-258
-255
-249
-239
-227
-212
-193
-171
-147
-121
-93
-64
-35
-6
21
48
74
99
121
142
161
177
191
202
210
214
214
211
203
191
174
153
129
100
69
35
0
-36
-72
-107
-139
-168
-192
-211
-224
-229
-228
-219
-202
-179
-150
-115
-76
-35
7
49
89
126
157
183
203
215
221
220
212
200
182
162
139
116
93
70
50
32
16
3
-6
-14
-20
-25
-29
-33
-36
-40
-44
-48
-53
-58
-63
-69
-75
-81
-87
-94
-102
-109
-117
-125
-132
-138
-143
-146
-147
-145
-140
-132
-120
-105
-87
-67
-45
-21
2
25
48
68
85
99
109
115
117
116
111
103
92
79
63
47
29
10
-9
-29
-49
-68
-88
-106
-123
-139
-152
-163
-172
-177
-179
-178
-174
-167
-157
-146
-133
-118
-103
-87
-71
-55
-38
-21
-4
12
31
50
71
92
115
139
165
192
221
250
281
312
343
373
403
432
458
481
500
514
523
525
519
504
480
445
400
345
280
206
125
38
-52
-144
-236
-324
-407
-482
-548
-604
-648
-681
-702
-712
-712
-702
-685
-660
-631
-598
-563
-527
-491
-456
-421
-387
-353
-320
-286
-251
-214
-175
-133
-88
-41
9
61
115
170
225
279
332
382
429
472
510
543
570
591
606
615
619
617
610
599
583
563
539
511
479
443
403
359
312
262
209
155
99
44
-9
-60
-107
-150
-186
-216
-239
-254
-262
-263
-258
-248
-233
-215
-196
-175
-154
-134
-116
-100
-86
-76
-68
-64
-63
-64
-68
-74
-80
-88
-96
-104
-111
-118
-125
-131
-137
-143
-149
-156
-165
-174
-185
-196
-208
-221
-233
-244
-254
-261
-265
-266
-263
-256
-243
-226
-204
-177
-146
-112
-75
-37
0
38
74
106
135
158
177
190
197
198
195
187
177
163
149
134
119
105
92
80
70
62
54
47
41
35
29
24
19
15
13
11
12
14
17
23
31
39
49
59
69
77
83
86
86
81
71
56
37
12
-15
-47
-80
-115
-149
-182
-211
-236
-255
-268
-273
-271
-261
-243
-217
-183
-143
-97
-47
6
61
118
173
227
278
324
365
401
430
451
466
473
473
467
456
440
422
402
382
364
346
331
317
305
293
280
264
245
220
188
149
102
47
-15
-84
-159
-237
-317
-396
-472
-542
-604
-656
-697
-726
-741
-743
-732
-709
-677
-636
-589
-538
-486
-434
-384
-338
-295
-257
-224
-194
-166
-140
-115
-88
-60
-29
4
42
83
126
172
219
267
314
358
400
437
468
492
508
515
512
499
477
445
405
358
306
251
195
141
91
46
8
-20
-40
-50
-52
-46
-32
-12
11
38
67
97
125
151
173
192
205
213
216
213
204
189
169
143
112
76
35
-9
-58
-109
-163
-217
-269
-319
-363
-400
-429
-447
-453
-447
-428
-397
-354
-300
-238
-169
-97
-23
47
114
174
224
263
290
304
306
296
276
249
218
184
151
120
95
75
61
54
52
55
60
68
75
81
85
86
84
78
70
58
46
33
22
12
7
6
10
21
38
61
88
120
153
186
216
243
262
274
275
264
241
206
159
101
34
-41
-123
-209
-295
-381
-464
-541
-610
-669
-716
-751
-771
-776
-766
-740
-699
-645
-580
-504
-421
-333
-243
-155
-72
3
70
125
167
197
213
217
211
197
177
155
133
114
100
92
92
100
116
138
166
196
227
256
281
301
313
318
315
305
289
268
244
219
196
175
157
143
134
128
127
127
130
133
136
136
133
127
114
96
71
40
1
-43
-93
-148
-205
-264
-321
-374
-422
-461
-490
-507
-510
-500
-475
-438
-388
-329
-262
-190
-117
-45
21
83
135
178
210
231
241
241
233
216
194
167
137
106
74
43
14
-12
-36
-57
-75
-88
-99
-105
-108
-108
-105
-100
-91
-80
-67
-52
-34
-15
5
27
49
72
93
112
130
144
156
165
169
171
169
164
157
146
133
118
101
83
63
42
20
-2
-25
-48
-71
-93
-115
-137
-157
-177
-195
-213
-229
-245
-259
-272
-284
-295
-305
-313
-319
-323
-324
-322
-317
-308
-294
-276
-254
-228
-198
-164
-128
-89
-50
-10
28
66
103
138
171
204
235
266
298
331
366
403
443
485
530
578
627
678
728
778
826
869
908
939
961
972
970
956
926
882
824
752
667
573
471
365
257
151
50
-43
-127
-200
-260
-307
-343
-367
-381
-387
-388
-385
-380
-375
-371
-369
-369
-372
-377
-384
-392
-402
-412
-423
-435
-446
-459
-471
-484
-497
-511
-524
-536
-548
-558
-565
-570
-571
-567
-558
-543
-522
-496
-463
-425
-381
-333
-282
-228
-173
-118
-64
-10
40
89
135
178
218
255
289
320
348
373
395
413
427
437
443
444
439
428
410
386
354
314
268
214
155
90
21
-48
-120
-190
-257
-318
-373
-419
-455
-479
-490
-487
-469
-437
-391
-331
-260
-177
-87
8
107
205
300
387
464
529
578
612
627
625
606
570
519
455
380
298
210
120
31
-54
-135
-209
-273
-328
-371
-404
-425
-436
-438
-431
-416
-395
-369
-339
-305
-270
-232
-193
-154
-114
-76
-38
-3
29
59
84
104
118
127
128
123
110
91
66
36
2
-33
-69
-102
-132
-154
-168
-172
-165
-146
-116
-75
-25
31
92
154
213
267
311
343
361
363
349
319
275
217
150
75
-2
-82
-159
-231
-295
-350
-395
-427
-447
-454
-448
-431
-404
-366
-320
-268
-209
-148
-83
-19
44
105
162
213
257
292
318
334
339
333
316
290
255
212
164
113
60
9
-37
-77
-109
-130
-140
-137
-120
-90
-47
7
71
145
224
306
389
470
545
614
672
719
752
772
778
771
750
718
676
625
569
508
446
385
325
270
219
174
133
98
66
36
8
-20
-51
-84
-120
-160
-202
-246
-292
-337
-380
-420
-456
-485
-508
-523
-531
-532
-526
-514
-497
-477
-455
-433
-411
-391
-373
-357
-344
-333
-323
-315
-306
-297
-288
-278
-267
-255
-243
-230
-217
-203
-190
-176
-162
-148
-133
-118
-102
-85
-68
-51
-33
-15
1
18
34
50
65
79
92
104
115
124
132
139
144
147
149
150
149
148
145
142
139
137
135
135
137
141
148
157
170
186
205
226
249
273
299
324
348
370
389
405
416
422
421
413
397
374
342
303
257
206
150
92
33
-22
-75
-123
-164
-197
-222
-238
-248
-251
-249
-244
-238
-232
-228
-226
-228
-233
-241
-251
-264
-277
-289
-300
-309
-313
-313
-307
-296
-278
-255
-226
-192
-154
-112
-68
-24
20
62
100
134
162
182
195
200
197
187
171
150
126
101
76
53
35
20
11
7
7
12
19
28
38
46
53
58
59
55
48
37
21
3
-17
-41
-66
-91
-117
-142
-167
-190
-211
-231
-249
-266
-281
-294
-306
-316
-324
-330
-334
-336
-335
-330
-322
-311
-295
-276
-252
-225
-195
-161
-126
-89
-52
-15
21
57
93
127
161
195
229
264
302
342
384
429
476
525
573
620
664
702
732
752
761
756
737
704
657
598
529
451
367
280
193
108
28
-46
-114
-173
-225
-268
-304
-333
-355
-372
-384
-391
-393
-391
-385
-373
-356
-335
-307
-275
-237
-195
-149
-100
-50
-1
45
88
125
155
175
186
186
175
153
122
81
33
-19
-77
-135
-193
-249
-300
-345
-383
-414
-437
-453
-461
-464
-462
-458
-451
-445
-440
-439
-441
-448
-460
-477
-499
-526
-554
-583
-609
-631
-644
-647
-635
-608
-564
-501
-422
-327
-220
-103
16
137
252
356
447
519
570
599
606
591
556
504
437
360
275
187
97
10
-73
-150
-219
-278
-326
-360
-379
-380
-361
-322
-260
-175
-67
61
209
372
545
722
897
1064
1216
1348
1454
1531
1577
1590
1573
1525
1452
1356
1242
1116
982
844
708
576
452
337
233
139
57
-15
-78
-132
-179
-219
-252
-279
-300
-315
-324
-328
-326
-320
-311
-300
-289
-280
-276
-278
-289
-309
-340
-382
-435
-499
-571
-650
-734
-820
-904
-984
-1057
-1119
-1168
-1202
-1218
-1217
-1198
-1160
-1105
-1035
-952
-858
-756
-649
-541
-434
-330
-232
-142
-60
12
76
133
182
226
265
301
334
367
399
433
467
504
543
586
632
681
734
790
849
909
969
1028
1083
1133
1177
1210
1233
1244
1241
1224
1192
1146
1087
1014
931
837
736
629
517
403
289
175
64
-43
-145
-242
-332
-413
-487
-552
-607
-654
-692
-722
-743
-756
-762
-761
-755
-744
-728
-709
-687
-664
-640
-616
-592
-568
-546
-525
-506
-488
-471
-456
-442
-430
-419
-412
-407
-407
-410
-418
-431
-447
-466
-486
-505
-521
-532
-534
-526
-505
-470
-419
-353
-272
-177
-71
43
163
285
405
519
624
718
797
861
908
939
954
954
940
914
876
828
771
707
636
560
478
392
304
213
123
34
-52
-134
-211
-281
-343
-396
-440
-476
-502
-519
-529
-532
-529
-520
-508
-493
-477
-458
-439
-420
-399
-377
-352
-325
-294
-259
-219
-175
-126
-73
-17
40
98
156
210
261
307
347
381
408
429
444
455
461
465
467
469
471
474
478
484
492
501
510
519
526
531
530
523
509
486
454
411
358
295
223
143
57
-31
-121
-210
-294
-371
-438
-493
-535
-562
-573
-570
-552
-522
-481
-431
-376
-317
-257
-200
-147
-100
-60
-29
-7
5
10
7
-2
-16
-34
-54
-74
-93
-109
-123
-134
-140
-144
-144
-142
-137
-132
-127
-123
-120
-119
-119
-122
-126
-131
-136
-141
-144
-145
-142
-136
-125
-109
-89
-64
-36
-5
27
61
95
127
156
183
206
225
241
253
262
270
278
285
295
306
321
338
359
382
407
433
458
480
499
513
520
520
512
495
469
434
391
339
281
215
145
70
-6
-86
-165
-243
-318
-389
-453
-511
-559
-599
-628
-648
-657
-658
-649
-634
-612
-585
-554
-521
-487
-454
-422
-393
-367
-344
-326
-312
-302
-296
-293
-292
-292
-293
-294
-294
-292
-287
-280
-269
-253
-234
-211
-184
-152
-118
-80
-39
2
46
90
134
176
216
252
285
312
333
349
358
362
360
354
344
333
321
309
300
294
292
294
302
314
330
348
367
