-230
-252
-270
-285
-296
-304
-309
-310
-308
-302
-292
-279
-261
-239
-213
-183
-151
-116
-79
-42
-6
29
61
91
116
137
152
163
168
168
164
156
146
132
118
103
89
75
63
52
44
37
31
26
21
16
10
3
-4
-14
-25
-38
-51
-64
-76
-87
-97
-103
-106
-106
-101
-93
-81
-65
-47
-27
-5
15
36
55
72
85
93
97
96
89
78
62
42
19
-5
-30
-56
-80
-101
-118
-132
-140
-143
-142
-135
-125
-112
-96
-79
-60
-42
-24
-7
8
22
35
46
55
63
69
73
76
78
79
78
77
73
69
63
55
45
33
19
4
-12
-30
-48
-65
-81
-95
-106
-112
-114
-110
-101
-86
-66
-43
-17
10
37
61
81
95
102
100
89
70
43
9
-30
-73
-119
-165
-209
-250
-285
-314
-334
-346
-349
-341
-323
-293
-254
-204
-145
-77
-2
77
160
243
324
401
471
531
578
613
632
636
624
598
559
509
449
383
314
244
175
111
51
0
-45
-82
-112
-135
-153
-166
-176
-184
-191
-197
-204
-211
-220
-229
-238
-248
-258
-268
-277
-286
-294
-302
-309
-315
-320
-324
-327
-329
-329
-326
-322
-314
-304
-290
-272
-251
-226
-198
-166
-131
-94
-55
-14
26
67
107
146
181
214
243
267
287
303
313
319
320
317
311
301
288
274
258
241
225
209
195
182
172
166
162
163
167
175
185
199
214
229
244
257
267
272
273
267
255
235
210
177
140
97
50
1
-49
-101
-151
-199
-245
-286
-323
-355
-381
-401
-415
-422
-423
-417
-406
-389
-367
-340
-310
-277
-244
-209
-175
-143
-113
-85
-59
-36
-15
3
21
39
57
76
95
116
137
159
181
202
221
238
252
263
270
272
271
265
256
244
230
214
199
184
170
158
148
139
132
125
118
109
97
82
63
40
13
-16
-50
-85
-121
-155
-188
-218
-244
-266
-283
-297
-308
-315
-321
-326
-331
-336
-342
-350
-358
-367
-376
-384
-389
-391
-388
-379
-363
-341
-312
-275
-233
-187
-136
-85
-33
15
61
102
136
164
185
199
208
211
210
207
203
198
195
194
195
199
207
217
229
243
257
271
283
294
301
305
305
302
294
282
268
250
231
211
189
167
146
125
104
85
66
48
31
14
-1
-17
-33
-49
-64
-80
-95
-109
-123
-135
-146
-155
-162
-167
-171
-173
-174
-174
-174
-173
-172
-171
-170
-168
-165
-161
-156
-148
-139
-127
-114
-98
-81
-64
-45
-27
-9
6
21
33
43
50
54
55
52
48
40
31
21
10
0
-11
-22
-30
-37
-41
-42
-41
-35
-27
-15
-1
15
34
54
74
94
113
131
148
164
178
191
203
215
226
237
248
258
268
277
283
288
290
289
284
275
262
244
223
199
172
143
113
84
55
28
4
-16
-33
-47
-58
-66
-73
-78
-84
-90
-98
-107
-119
-134
-150
-169
-187
-206
-224
-240
-253
-263
-267
-267
-262
-252
-236
-217
-194
-168
-141
-112
-85
-58
-35
-15
0
10
16
16
11
0
-13
-32
-53
-76
-100
-124
-147
-169
-188
-204
-217
-226
-231
-231
-227
-218
-206
-190
-170
-148
-123
-96
-68
-40
-11
17
46
73
99
123
145
165
181
195
206
215
221
225
228
230
232
234
237
240
245
251
258
266
273
279
284
286
284
279
269
254
234
208
177
141
101
58
11
-37
-87
-138
-189
-240
-289
-335
-378
-417
-450
-476
-495
-505
-506
-496
-477
-449
-411
-365
-313
-256
-196
-134
-74
-16
35
82
120
151
173
186
192
191
184
172
158
143
127
113
101
91
85
82
82
85
91
99
109
119
129
138
146
153
158
161
161
160
156
151
143
134
123
110
96
80
64
46
27
8
-10
-29
-47
-65
-82
-97
-110
-121
-131
-138
-145
-150
-154
-158
-160
-162
-163
-162
-160
-157
-151
-143
-132
-119
-102
-83
-62
-38
-12
13
40
67
94
120
144
168
190
210
230
248
265
280
294
307
318
327
333
337
336
332
322
308
287
261
229
191
149
104
55
6
-43
-91
-136
-177
-213
-243
-267
-284
-294
-298
-294
-286
-272
-254
-232
-209
-184
-158
-131
-105
-80
-56
-34
-13
4
20
34
46
55
61
66
67
67
66
62
58
53
47
40
33
25
17
8
0
-10
-20
-31
-43
-55
-69
-83
-98
-115
-133
-152
-170
-189
-206
-222
-234
-243
-247
-246
-240
-228
-211
-189
-162
-131
-97
-62
-27
7
40
70
96
118
134
144
149
148
142
131
116
98
78
56
34
12
-8
-28
-46
-63
-77
-89
-99
-107
-113
-117
-119
-120
-119
-118
-116
-113
-110
-106
-101
-95
-88
-78
-66
-51
-32
-9
17
47
80
116
153
190
226
259
289
312
329
339
341
334
319
296
266
230
190
147
103
58
16
-23
-59
-89
-115
-134
-147
-154
-156
-153
-145
-133
-118
-100
-81
-60
-38
-15
7
29
50
70
89
105
118
127
134
136
134
128
117
102
83
61
35
6
-24
-56
-88
-119
-149
-176
-200
-219
-233
-243
-247
-246
-240
-229
-214
-196
-174
-150
-124
-97
-69
-41
-13
14
41
67
92
115
138
159
178
195
211
225
236
245
252
256
258
257
254
247
238
226
210
192
171
147
121
94
65
36
8
-18
-43
-65
-84
-100
-112
-121
-126
-128
-128
-125
-121
-116
-111
-107
-104
-102
-101
-102
-105
-108
-111
-114
-116
-117
-115
-111
-104
-95
-84
-70
-55
-38
-20
-2
15
33
50
66
81
94
106
115
123
128
132
135
136
137
137
138
139
143
148
156
168
182
200
221
244
268
292
314
332
345
351
349
337
315
282
239
186
125
58
-12
-87
-161
-233
-301
-363
-418
-465
-502
-529
-547
-557
-558
-553
-541
-526
-506
-484
-461
-436
-410
-383
-354
-325
-294
-261
-227
-190
-152
-113
-72
-30
11
54
95
136
176
213
248
280
308
333
354
370
381
386
385
377
361
338
307
268
223
173
119
63
7
-47
-100
-148
-191
-228
-258
-282
-299
-309
-313
-312
-304
-291
-274
-251
-225
-194
-159
-120
-78
-33
14
63
113
163
211
256
298
334
364
387
402
410
410
402
387
366
340
309
275
239
202
165
128
94
62
33
7
-15
-34
-51
-64
-75
-83
-90
-95
-99
-102
-104
-105
-107
-108
-109
-110
-112
-113
-115
-118
-120
-123
-127
-130
-134
-138
-141
-143
-143
-141
-137
-129
-117
-101
-81
-58
-32
-4
23
51
77
99
116
127
131
127
114
93
64
29
-12
-58
-106
-154
-200
-242
-278
-306
-325
-333
-329
-314
-288
-251
-205
-151
-90
-26
39
106
169
228
280
322
355
375
382
376
357
326
284
233
174
110
43
-22
-86
-144
-196
-239
-272
-295
-307
-309
-302
-286
-263
-236
-205
-174
-143
-114
-89
-69
-54
-45
-40
-41
-45
-51
-59
-67
-74
-79
-81
-78
-71
-59
-42
-20
6
36
70
108
148
190
233
277
321
363
403
439
469
491
505
508
500
481
450
409
359
302
241
177
113
52
-5
-56
-101
-138
-168
-192
-209
-221
-228
-232
-233
-232
-230
-227
-223
-218
-213
-208
-201
-193
-185
-175
-165
-154
-143
-131
-120
-110
-99
-90
-81
-73
-66
-59
-53
-47
-40
-32
-24
-15
-4
6
18
31
44
56
67
77
85
91
94
95
93
88
81
70
57
42
25
6
-13
-33
-53
-72
-90
-105
-118
-127
-133
-133
-128
-118
-101
-77
-48
-12
28
74
122
171
220
266
307
342
369
387
394
392
379
356
325
287
242
194
144
95
47
3
-34
-64
-87
-100
-104
-98
-83
-61
-32
1
38
75
111
144
172
194
208
215
214
207
193
175
153
129
103
79
55
32
11
-6
-23
-39
-54
-68
-82
-96
-111
-127
-144
-161
-179
-198
-217
-235
-254
-271
-288
-304
-320
-335
-350
-365
-380
-395
-409
-423
-435
-444
-450
-452
-449
-439
-423
-400
-370
-334
-291
-244
-192
-137
-80
-22
34
89
142
190
235
274
307
334
355
369
377
379
376
367
353
335
314
291
265
239
213
187
163
141
122
106
93
83
75
70
67
65
63
61
58
55
51
45
39
33
26
20
14
8
4
0
-1
-2
-1
0
1
4
6
7
6
4
-1
-9
-20
-35
-52
-72
-93
-114
-135
-154
-169
-181
-187
-188
-182
-169
-150
-125
-96
-62
-26
10
47
81
112
137
155
166
167
160
143
117
84
43
-1
-49
-98
-146
-190
-229
-261
-285
-301
-307
-306
-296
-280
-258
-233
-206
-178
-152
-127
-106
-89
-75
-65
-59
-54
-50
-46
-40
-31
-19
-2
19
46
77
111
148
187
225
261
294
322
345
360
369
369
361
346
322
292
256
215
171
126
81
38
0
-34
-62
-82
-94
-96
-91
-76
-54
-24
10
50
93
138
183
227
267
303
333
356
371
378
375
362
340
309
269
222
170
113
55
-3
-60
-113
-160
-201
-233
-257
-273
-279
-278
-271
-257
-241
-222
-203
-187
-173
-165
-163
-167
-178
-195
-217
-244
-273
-303
-332
-359
-382
-400
-412
-418
-416
-408
-394
-374
-348
-318
-286
-251
-215
-180
-146
-114
-85
-59
-36
-18
-3
9
19
27
34
41
49
58
69
82
97
114
134
156
180
205
230
256
281
305
327
345
359
369
373
373
366
355
339
318
295
269
242
214
188
164
142
123
108
95
85
77
72
67
63
59
56
51
46
41
35
29
23
18
13
9
7
8
12
18
29
44
63
86
114
145
179
214
251
287
321
351
376
393
402
399
384
357
315
260
192
113
25
-68
-167
-266
-362
-454
-538
-613
-678
-731
-772
-801
-819
-827
-824
-813
-794
-769
-738
-702
-662
-619
-574
-526
-476
-424
-370
-315
-258
-199
-139
-78
-17
43
102
160
213
263
306
341
367
384
389
381
362
329
285
229
164
90
12
-69
-151
-229
-303
-368
-421
-462
-487
-495
-485
-457
-410
-346
-266
-171
-64
52
174
299
423
543
656
758
849
925
985
1029
1056
1067
1061
1041
1006
959
901
834
759
678
592
503
412
320
228
137
49
-35
-116
-192
-262
-327
-385
-436
-481
-520
-552
-578
-598
-612
-620
-622
-619
-609
-594
-574
-549
-519
-486
-451
-414
-377
-340
-304
-271
-240
-213
-188
-167
-150
-135
-123
-114
-106
-100
-95
-90
-86
-81
-77
-72
-67
-62
-56
-50
-43
-36
-28
-19
-11
-1
7
17
27
36
46
55
63
72
80
89
97
106
116
125
135
145
156
166
177
188
200
211
223
234
244
254
262
268
271
272
270
265
256
244
228
209
188
164
139
113
88
65
44
27
14
7
5
10
20
36
56
79
105
132
157
181
201
217
227
232
231
225
214
198
180
160
