-17
-90
-162
-230
-292
-348
-396
-433
-460
-475
-477
-467
-446
-412
-368
-315
-255
-188
-116
-43
30
103
172
237
296
347
391
427
455
475
488
494
494
489
480
467
450
431
408
384
357
328
297
264
230
194
156
118
79
39
-1
-41
-80
-119
-157
-194
-228
-260
-289
-315
-338
-357
-372
-382
-388
-390
-387
-379
-368
-354
-336
-317
-296
-275
-253
-231
-209
-187
-167
-146
-126
-106
-85
-65
-44
-22
0
22
46
71
96
121
146
169
192
212
231
247
260
271
279
285
290
293
295
295
295
294
292
289
284
278
271
262
251
238
223
206
187
165
142
117
91
63
35
7
-19
-46
-72
-96
-118
-137
-154
-168
-179
-186
-190
-191
-187
-180
-170
-156
-139
-119
-96
-72
-47
-22
2
26
49
70
89
105
119
131
141
149
156
162
167
172
176
180
184
188
191
192
193
190
185
176
163
145
121
91
56
16
-29
-78
-130
-183
-237
-288
-337
-380
-418
-448
-471
-484
-488
-483
-469
-446
-415
-377
-333
-285
-232
-178
-123
-69
-18
28
70
106
135
157
172
180
181
176
166
152
135
116
96
76
58
42
28
17
8
2
0
-2
-3
-3
-3
-4
-6
-8
-12
-16
-21
-25
-30
-34
-36
-37
-37
-34
-30
-24
-16
-8
2
12
23
34
44
53
61
66
69
69
66
60
50
38
22
5
-14
-34
-54
-74
-93
-109
-122
-132
-139
-141
-140
-134
-125
-112
-96
-78
-58
-36
-15
5
25
43
58
70
80
87
90
91
90
87
83
78
73
68
63
60
57
55
53
52
52
51
51
51
51
51
51
52
52
54
55
57
59
61
62
63
63
61
57
51
44
34
22
8
-6
-21
-37
-52
-66
-79
-89
-96
-100
-102
-100
-95
-88
-78
-66
-51
-36
-19
-2
14
31
48
63
76
88
98
105
111
114
115
113
110
104
97
88
78
67
55
43
30
18
7
-3
-12
-19
-25
-29
-31
-31
-29
-26
-21
-17
-12
-9
-6
-4
-5
-6
-9
-14
-19
-25
-31
-37
-43
-48
-53
-56
-58
-59
-59
-58
-55
-51
-47
-41
-35
-29
-22
-16
-10
-4
0
3
6
7
7
5
2
-2
-8
-15
-23
-31
-38
-46
-52
-57
-61
-64
-65
-66
-66
-66
-65
-65
-65
-66
-67
-68
-70
-71
-72
-72
-71
-69
-65
-61
-54
-47
-38
-29
-19
-8
1
10
19
27
33
39
43
47
50
53
56
60
66
72
81
92
104
117
131
145
158
169
178
183
184
181
174
163
148
130
110
87
64
40
16
-6
-27
-46
-63
-77
-89
-97
-103
-106
-106
-104
-100
-94
-86
-77
-67
-55
-43
-29
-15
-1
12
25
37
48
58
65
71
75
76
76
73
69
63
55
46
36
25
13
1
-10
-22
-34
-45
-55
-64
-72
-79
-84
-88
-90
-92
-93
-92
-91
-90
-87
-84
-80
-75
-69
-62
-53
-44
-33
-22
-9
4
18
33
49
64
79
93
105
116
124
130
133
133
129
123
113
102
88
73
57
41
25
10
-2
-13
-22
-29
-34
-38
-40
-40
-40
-38
-36
-34
-31
-28
-25
-22
-18
-15
-12
-9
-6
-4
-2
-1
-1
-2
-5
-10
-17
-27
-38
-52
-68
-85
-104
-123
-142
-161
-179
-194
-208
-219
-227
-231
-231
-227
-218
-206
-190
-171
-148
-123
-95
-66
-36
-4
27
60
93
125
157
188
217
244
268
289
306
319
327
332
333
330
324
316
307
297
288
279
272
266
262
259
258
256
254
250
243
233
219
200
177
149
117
82
45
6
-33
-73
-112
-149
-185
-218
-247
-274
-297
-317
-333
-345
-354
-359
-363
-364
-363
-361
-359
-356
-354
-353
-352
-353
-355
-358
-362
-367
-371
-375
-377
-376
-371
-362
-348
-327
-300
-267
-228
-183
-133
-79
-23
33
90
145
197
244
285
321
349
370
384
392
394
390
383
374
363
351
341
331
324
318
315
314
314
315
317
319
320
320
318
314
306
295
280
262
239
212
182
148
112
75
36
-2
-41
-78
-112
-144
-173
-198
-218
-235
-247
-256
-261
-264
-264
-262
-259
-255
-251
-246
-242
-237
-233
-229
-225
-222
-219
-216
-214
-211
-209
-207
-205
-203
-200
-196
-191
-185
-176
-165
-152
-135
-116
-93
-66
-37
-5
28
62
97
131
164
193
219
239
255
264
266
262
250
232
208
179
146
110
73
36
2
-28
-54
-73
-86
-91
-88
-79
-63
-42
-17
10
38
66
91
113
131
144
151
154
151
145
135
123
109
95
81
69
59
52
47
46
46
49
54
58
62
64
63
57
46
29
6
-24
-60
-102
-149
-199
-252
-304
-356
-404
-448
-485
-514
-535
-547
-548
-539
-520
-492
-455
-411
-359
-302
-241
-176
-108
-40
29
98
167
234
300
362
421
475
523
564
597
621
635
637
628
606
572
526
468
401
325
243
158
72
-11
-89
-159
-218
-263
-293
-307
-305
-287
-254
-209
-154
-92
-27
39
103
163
215
257
289
309
316
312
296
270
234
190
139
83
24
-35
-95
-154
-211
-263
-310
-352
-387
-415
-436
-450
-456
-456
-449
-436
-417
-393
-365
-333
-297
-260
-221
-181
-142
-102
-63
-26
9
44
77
109
139
169
198
226
253
279
303
325
345
362
375
385
390
391
387
379
366
349
329
305
278
250
220
190
159
130
103
77
54
34
16
3
-7
-14
-19
-21
-21
-19
-17
-14
-11
-9
-8
-7
-7
-8
-10
-12
-14
-17
-20
-22
-24
-27
-29
-31
-32
-34
-36
-38
-41
-44
-47
-51
-56
-61
-67
-75
-83
-93
-105
-118
-134
-151
-170
-192
-216
-243
-272
-302
-333
-364
-394
-422
-447
-466
-478
-482
-478
-463
-438
-403
-357
-302
-239
-169
-95
-19
56
130
198
259
311
354
386
408
419
422
418
407
392
375
357
340
324
310
298
289
282
277
272
267
261
254
244
231
215
196
174
150
125
98
72
47
24
2
-16
-32
-46
-59
-70
-82
-93
-106
-120
-137
-156
-177
-200
-224
-250
-275
-300
-322
-342
-359
-372
-380
-385
-386
-382
-375
-366
-353
-339
-323
-305
-286
-267
-247
-226
-205
-184
-163
-142
-122
-102
-82
-64
-46
-30
-15
-1
11
23
33
43
53
64
75
87
101
117
135
154
175
196
219
240
262
281
299
314
326
335
340
341
337
330
319
304
285
263
239
214
187
160
133
108
85
64
46
31
19
11
5
3
2
3
5
7
9
10
9
7
3
-1
-7
-13
-18
-22
-24
-23
-20
-14
-6
3
14
25
36
45
52
57
58
55
49
39
25
10
-7
-26
-46
-65
-82
-98
-111
-122
-129
-135
-137
-137
-135
-131
-125
-118
-109
-99
-88
-75
-61
-46
-30
-14
3
21
39
58
76
93
109
123
135
145
152
156
158
157
155
150
144
137
129
120
111
101
91
80
67
54
38
21
0
-22
-49
-78
-111
-146
-182
-218
-253
-285
-314
-337
-352
-360
-358
-347
-325
-294
-254
-206
-152
-93
-32
29
89
145
196
240
276
303
321
330
329
320
302
278
247
211
172
129
86
42
0
-41
-79
-112
-141
-165
-183
-195
-202
-203
-200
-193
-183
-170
-155
-140
-124
-109
-95
-82
-70
-61
-53
-46
-41
-37
-34
-30
-25
-19
-11
-2
9
23
38
55
72
88
104
117
126
132
133
129
120
105
85
61
33
2
-29
-61
-91
-119
-143
-162
-176
-184
-185
-181
-172
-159
-142
-124
-106
-89
-74
-62
-54
-51
-52
-57
-66
-77
-90
-103
-115
-124
-129
-128
-122
-109
-89
-62
-30
6
46
87
128
167
202
232
255
271
281
283
278
268
253
235
214
192
170
148
128
110
94
79
67
56
45
36
26
16
4
-7
-21
-37
-54
-72
-91
-110
-129
-147
-163
-177
-188
-196
-201
-202
-199
-193
-183
-171
-156
-139
-121
-102
-81
-61
-40
-20
0
19
39
57
76
93
109
124
138
150
160
167
172
175
175
173
169
163
155
145
135
123
110
97
83
69
54
38
22
4
-13
-31
-50
-67
-83
-96
-104
-106
-103
-93
-76
-52
-22
11
48
87
124
159
188
211
226
233
230
218
198
170
136
97
56
14
-27
-65
-99
-128
-151
-166
-175
-177
-174
-166
-153
-138
-121
-103
-85
-68
-53
-39
-27
-17
-10
-6
-4
-5
-9
-16
-25
-37
-51
-67
-83
-99
-114
-126
-135
-139
-138
-129
-114
-92
-64
-30
8
48
89
129
165
197
222
240
250
252
247
235
218
197
172
146
119
93
69
48
29
14
3
-4
-8
-8
-6
-1
5
14
24
35
45
54
61
65
66
63
55
43
27
7
-16
-41
-68
-96
-122
-147
-168
-186
-199
-208
-212
-212
-208
-201
-192
-182
-173
-166
-161
-160
-162
-169
-179
-191
-205
-219
-231
-240
-243
-240
-229
-210
-183
-150
-109
-65
-17
31
78
123
164
200
230
253
271
284
291
295
296
295
294
292
291
290
291
293
296
299
303
305
306
305
300
291
277
258
235
206
172
134
94
51
7
-37
-80
-122
-162
-198
-231
-260
-285
-305
-320
-332
-340
-345
-348
-351
-354
-359
-367
-379
-396
-417
-444
-474
-507
-541
-575
-605
-630
-647
-654
-648
-629
-596
-547
-483
-404
-314
-213
-105
7
122
235
344
446
539
622
694
755
803
840
867
882
889
887
877
862
841
815
787
755
722
688
652
616
579
542
505
467
428
388
347
305
261
214
164
109
50
-15
-88
-168
-255
-348
-446
-546
-646
-743
-833
-914
-981
-1034
-1069
-1085
-1082
-1059
-1019
-962
-890
-806
-711
-609
-500
-389
-276
-162
-51
58
164
265
361
450
531
603
665
715
751
773
779
769
742
700
643
572
489
396
296
190
81
-27
-135
-240
-340
-436
-525
-607
-682
-748
-805
-851
-886
-907
-913
-903
-876
-830
-765
-682
-582
-467
-339
-203
-61
80
218
347
464
564
645
706
744
761
757
735
697
647
588
523
457
392
329
272
221
176
138
105
76
51
28
6
-16
-39
-65
-92
-121
-153
-185
-219
-253
-285
-315
-342
-364
-380
-390
-392
-385
-370
-345
-312
-271
-222
-168
-109
-48
13
75
133
188
237
279
314
342
362
374
379
378
371
359
343
324
301
277
250
222
191
158
123
84
44
1
-44
-90
-136
-181
-224
-262
-294
-320
-339
-349
-352
-348
-339
-324
-307
-290
-273
-259
-249
-244
-245
-251
-261
-274
-289
-304
-317
-326
-328
-323
-307
-282
-246
-199
-142
-77
-4
74
155
237
319
396
469
534
591
639
676
704
721
728
727
718
702
681
656
627
598
567
537
507
478
450
422
393
364
333
299
261
220
173
122
67
7
-56
-123
-191
-259
-325
-388
-445
-495
-536
