159
131
107
89
76
68
67
69
76
84
93
102
109
113
113
109
100
88
71
52
29
6
-18
-42
-67
-90
-113
-134
-155
-175
-195
-214
-232
-250
-266
-281
-293
-301
-305
-303
-295
-282
-262
-236
-205
-170
-131
-92
-53
-16
17
46
69
87
99
105
107
105
100
94
88
83
81
80
81
85
89
92
93
91
84
71
52
25
-8
-47
-90
-135
-179
-219
-253
-278
-292
-294
-282
-257
-220
-172
-117
-56
6
68
127
179
223
258
282
295
297
289
272
246
214
177
136
93
50
7
-31
-67
-99
-124
-142
-154
-158
-156
-146
-129
-107
-81
-51
-19
12
43
71
96
115
130
138
140
137
127
113
95
74
51
26
1
-23
-47
-69
-89
-106
-120
-132
-140
-147
-151
-153
-154
-154
-154
-153
-153
-153
-153
-153
-154
-154
-153
-150
-146
-140
-130
-118
-103
-85
-64
-40
-15
11
38
64
89
111
129
143
152
155
151
141
124
102
74
43
9
-25
-59
-90
-116
-135
-147
-150
-143
-126
-100
-66
-25
19
66
112
156
194
226
248
262
267
262
250
230
206
179
150
121
94
70
50
35
23
17
14
14
17
21
27
32
38
42
45
47
47
45
41
36
30
22
14
6
-2
-11
-20
-30
-39
-49
-58
-67
-76
-85
-94
-102
-109
-116
-123
-130
-136
-143
-150
-157
-164
-171
-177
-181
-183
-182
-177
-167
-153
-134
-109
-80
-47
-11
26
64
101
136
165
189
205
212
210
199
179
152
117
77
35
-8
-51
-91
-126
-155
-178
-192
-200
-199
-192
-179
-161
-138
-114
-87
-60
-34
-9
13
33
51
66
78
87
92
95
96
93
88
81
71
59
45
30
14
-2
-20
-37
-54
-70
-85
-97
-107
-113
-116
-115
-110
-101
-88
-71
-51
-28
-3
23
50
78
104
129
152
171
187
198
204
206
202
193
180
164
143
121
96
70
44
18
-7
-30
-52
-72
-88
-101
-109
-114
-114
-109
-99
-85
-68
-47
-24
0
25
50
74
95
113
128
138
143
143
139
131
118
102
83
62
40
18
-4
-25
-46
-64
-80
-94
-104
-112
-116
-118
-117
-114
-108
-101
-92
-81
-70
-58
-45
-32
-18
-4
10
25
39
54
68
81
93
103
110
115
117
116
110
101
89
72
53
32
9
-14
-37
-59
-78
-94
-106
-114
-117
-115
-109
-99
-86
-71
-54
-35
-17
1
19
35
50
63
73
81
85
86
84
78
68
54
36
16
-6
-31
-55
-79
-101
-119
-133
-141
-144
-140
-130
-115
-94
-69
-40
-9
22
55
88
118
146
169
189
203
211
214
210
201
187
169
147
122
95
67
40
14
-8
-27
-42
-52
-57
-56
-50
-39
-24
-6
13
33
52
70
84
95
101
102
98
90
78
63
45
25
4
-15
-35
-52
-68
-80
-90
-97
-101
-104
-106
-109
-113
-119
-128
-141
-158
-177
-199
-221
-244
-264
-280
-291
-296
-292
-281
-262
-235
-200
-158
-112
-62
-9
42
93
141
185
222
253
276
291
299
299
292
279
259
236
208
177
143
108
73
37
3
-28
-58
-85
-108
-127
-141
-151
-156
-156
-153
-146
-137
-127
-116
-106
-97
-90
-85
-83
-84
-86
-90
-94
-98
-101
-101
-98
-91
-80
-64
-45
-21
4
32
61
90
118
144
167
186
201
212
218
219
217
211
202
190
177
162
146
129
112
94
76
57
37
16
-5
-28
-52
-78
-104
-131
-159
-188
-216
-245
-272
-298
-322
-341
-356
-366
-368
-362
-349
-326
-295
-255
-208
-154
-95
-32
32
96
158
215
267
311
346
371
385
389
384
369
346
316
281
243
202
161
121
82
46
13
-15
-41
-63
-82
-98
-111
-121
-129
-134
-138
-139
-139
-137
-133
-128
-122
-115
-108
-100
-93
-86
-80
-75
-71
-67
-64
-60
-55
-49
-41
-30
-17
-1
17
38
61
84
108
130
149
164
174
178
175
166
150
128
102
72
41
10
-18
-44
-66
-83
-93
-97
-95
-86
-72
-52
-29
-1
27
57
88
117
145
169
190
206
217
223
224
220
211
197
179
157
132
105
75
45
14
-16
-45
-73
-97
-118
-135
-147
-154
-155
-151
-142
-128
-109
-88
-64
-39
-13
11
35
57
76
92
105
115
121
125
125
122
118
111
102
92
80
67
52
36
20
2
-16
-36
-57
-79
-100
-122
-144
-165
-184
-201
-215
-225
-232
-234
-232
-226
-215
-200
-183
-162
-140
-117
-93
-70
-48
-28
-11
2
13
21
26
29
31
32
33
36
40
47
56
68
82
98
116
133
150
165
177
187
192
194
190
183
171
156
137
116
93
70
46
23
2
-16
-32
-45
-53
-59
-61
-59
-56
-50
-43
-36
-29
-22
-17
-12
-9
-8
-7
-7
-8
-8
-8
-7
-5
-1
1
6
9
11
11
8
0
-11
-28
-50
-76
-104
-135
-166
-196
-223
-246
-263
-274
-278
-274
-264
-247
-224
-197
-167
-136
-104
-73
-45
-20
1
19
33
43
49
53
56
57
58
59
60
64
68
73
80
86
93
99
103
106
106
104
100
93
85
74
63
52
40
30
20
13
7
3
1
0
0
-1
-3
-5
-9
-15
-22
-29
-37
-45
-53
-58
-62
-64
-63
-60
-54
-46
-36
-26
-15
-4
5
13
19
22
24
22
19
15
9
3
0
-4
-5
-4
0
7
18
31
46
61
77
91
104
113
118
119
115
107
94
77
57
36
14
-8
-28
-47
-62
-74
-82
-85
-85
-80
-72
-61
-46
-30
-11
8
29
51
73
94
114
131
146
158
166
169
168
162
152
138
119
97
71
44
15
-14
-45
-74
-103
-129
-153
-174
-191
-203
-212
-216
-216
-211
-202
-188
-171
-151
-128
-103
-76
-48
-20
8
36
64
90
114
137
157
176
193
207
220
230
239
246
251
255
256
254
250
243
232
218
202
182
160
137
114
91
70
52
37
27
20
18
21
26
35
44
54
63
69
71
68
59
44
22
-5
-39
-77
-119
-163
-207
-249
-288
-321
-348
-368
-381
-385
-381
-370
-352
-328
-299
-266
-230
-192
-153
-115
-77
-41
-8
20
45
65
79
87
88
83
72
54
31
5
-24
-54
-84
-110
-133
-149
-157
-156
-146
-127
-100
-65
-24
20
66
112
155
193
224
248
263
269
267
257
240
217
190
160
130
99
71
47
26
10
0
-7
-9
-9
-6
-2
0
2
2
0
-7
-17
-31
-49
-69
-90
-113
-134
-154
-171
-184
-193
-196
-195
-188
-178
-165
-149
-132
-115
-99
-84
-71
-61
-52
-46
-41
-38
-36
-34
-33
-31
-30
-27
-25
-21
-18
-14
-10
-5
0
4
10
16
24
33
44
56
70
85
99
114
128
140
149
156
158
157
152
143
131
115
98
78
59
39
20
4
-10
-22
-31
-38
-42
-43
-41
-38
-33
-27
-20
-12
-4
3
11
18
25
31
36
40
44
46
48
50
51
53
55
57
59
61
63
64
64
63
60
55
48
39
28
14
-2
-19
-39
-60
-81
-102
-123
-142
-159
-173
-183
-189
-191
-187
-180
-168
-152
-133
-112
-89
-65
-41
-17
4
24
41
55
66
73
77
78
76
71
65
56
47
37
26
17
9
2
0
-1
1
8
18
32
48
65
83
99
114
126
135
139
139
135
128
118
107
96
86
79
75
75
79
89
102
120
140
162
184
204
222
235
242
242
234
217
191
156
113
61
2
-62
-132
-203
-275
-345
-411
-470
-521
-561
-589
-604
-605
-592
-566
-528
-478
-418
-351
-278
-200
-122
-43
32
104
170
229
279
321
352
373
385
387
381
367
347
321
291
259
225
192
159
129
102
78
58
41
28
17
8
1
-4
-10
-16
-21
-27
-32
-37
-40
-41
-39
-34
-26
-13
2
21
43
68
93
118
142
163
180
193
200
201
196
186
171
151
128
101
73
42
11
-19
-51
-81
-111
-138
-164
-187
-208
-225
-238
-248
-254
-256
-254
-249
-240
-227
-211
-192
-171
-148
-124
-98
-73
-48
-24
-2
17
33
47
57
63
66
65
61
55
47
37
27
18
10
4
0
0
2
7
15
26
39
53
67
81
95
106
116
123
127
128
126
121
113
104
92
78
64
50
35
21
7
-5
-17
-29
-39
-48
-57
-64
-71
-78
-83
-89
-93
-97
-100
-102
-103
-103
-102
-99
-95
-90
-83
-76
-68
-60
-52
-44
-36
-28
-21
-14
-7
-1
5
11
16
21
24
27
28
27
25
22
17
12
6
0
-5
-11
-15
-19
-21
-22
-21
-19
-15
-9
-3
2
8
14
19
22
22
20
15
8
-1
-13
-26
-40
-54
-65
-75
-81
-82
-78
-70
-56
-37
-14
11
39
67
95
119
140
156
167
171
169
160
146
127
104
79
52
24
-1
-25
-45
-62
-74
-81
-84
-83
-78
-70
-61
-49
-37
-25
-13
-2
7
16
24
30
35
37
38
36
32
25
17
6
-7
-21
-38
-55
-73
-91
-109
-124
-138
-149
-156
-159
-158
-153
-144
-130
-112
-91
-68
-43
-17
8
34
58
82
104
123
141
156
169
179
187
192
194
194
192
188
182
174
164
153
140
126
111
94
76
58
39
20
1
-16
-34
-50
-64
-78
-90
-100
-110
-118
-126
-132
-137
-141
-144
-145
-146
-145
-144
-141
-139
-136
-133
-131
-129
-128
-128
-129
-131
-134
-137
-141
-144
-146
-146
-146
-143
-137
-130
-120
-108
-95
-81
-66
-52
-38
-26
-16
-9
-4
-2
-2
-4
-7
-10
-13
-14
-14
-12
-6
1
12
26
42
61
83
106
131
158
186
214
244
273
301
328
352
374
391
404
412
413
409
397
380
356
326
291
252
209
164
117
69
22
-22
-66
-106
-143
-176
-205
-229
-249
-265
-276
-283
-286
-286
-282
-275
-265
-252
-237
-220
-202
-182
-162
-142
-122
-102
-84
-66
-50
-35
-22
-10
0
7
15
21
25
29
31
32
31
30
28
25
21
17
13
9
5
2
0
-2
-3
-3
-3
-2
-1
0
3
7
11
16
22
29
36
44
52
60
67
75
82
87
92
95
97
98
97
95
92
89
86
84
82
82
84
88
93
100
107
115
122
129
133
136
136
134
129
122
113
102
90
76
61
45
29
12
-5
-22
-40
-57
-73
-89
-104
-117
-130
-141
-151
-159
-167
-172
-177
-179
-181
-181
-180
-176
-171
-164
-154
-141
-126
-108
-88
-66
-41
-16
8
33
56
78
98
114
127
137
142
144
142
135
126
113
98
82
64
46
28
11
-3
-17
-29
-39
-47
-54
-59
-62
-65
-66
-65
-63
-59
-53
-45
-35
-22
-8
7
24
42
59
76
91
103
113
118
120
118
112
103
90
