-484
-525
-557
-578
-586
-582
-564
-533
-488
-431
-364
-287
-205
-118
-30
55
136
211
277
333
378
411
432
441
439
426
404
374
336
292
242
188
130
70
8
-53
-115
-174
-230
-281
-327
-365
-396
-417
-428
-428
-417
-394
-359
-314
-257
-191
-115
-32
55
147
241
333
421
504
577
640
690
725
745
748
736
709
668
614
550
477
398
315
231
147
65
-12
-86
-154
-216
-272
-321
-363
-400
-430
-456
-476
-492
-503
-511
-515
-515
-512
-506
-497
-484
-469
-452
-432
-411
-388
-365
-341
-318
-297
-277
-260
-247
-237
-231
-229
-231
-237
-245
-254
-264
-272
-278
-281
-278
-270
-255
-232
-203
-166
-123
-74
-19
39
101
164
229
292
352
409
460
504
540
569
588
599
602
597
586
569
550
527
504
481
459
438
419
402
386
372
359
345
332
318
303
286
268
248
226
203
178
151
123
92
59
24
-13
-52
-93
-134
-177
-219
-259
-297
-332
-362
-388
-407
-419
-425
-424
-416
-401
-381
-355
-325
-292
-256
-220
-183
-147
-114
-83
-55
-32
-13
0
8
10
8
0
-13
-31
-52
-76
-103
-129
-156
-181
-203
-221
-235
-244
-247
-244
-236
-222
-203
-179
-150
-118
-83
-46
-8
30
67
104
138
168
195
216
233
244
251
253
250
244
236
226
215
205
194
185
177
170
164
158
152
145
136
126
113
98
82
64
46
27
10
-5
-18
-27
-33
-34
-30
-23
-12
2
18
36
54
72
89
103
115
124
130
132
132
130
125
118
109
99
89
78
67
56
45
34
23
11
0
-13
-27
-42
-57
-74
-90
-106
-121
-134
-145
-154
-158
-159
-156
-149
-138
-124
-106
-86
-65
-43
-23
-4
12
24
32
35
34
27
16
0
-18
-39
-61
-82
-102
-118
-130
-135
-132
-121
-101
-73
-37
5
52
102
151
198
239
273
297
310
310
298
274
238
192
139
80
18
-43
-104
-160
-210
-253
-288
-313
-329
-336
-335
-327
-313
-294
-271
-247
-221
-196
-171
-148
-128
-109
-93
-80
-68
-59
-51
-45
-40
-35
-31
-27
-23
-19
-15
-11
-6
0
5
12
20
29
39
52
66
81
99
117
137
157
177
195
211
224
232
235
232
223
208
187
159
127
91
52
11
-29
-68
-105
-137
-164
-184
-197
-201
-196
-183
-161
-131
-95
-54
-9
37
83
127
167
200
226
243
250
248
235
213
183
147
105
60
14
-31
-73
-112
-146
-173
-193
-206
-213
-214
-209
-200
-189
-175
-161
-147
-134
-123
-113
-106
-102
-100
-100
-102
-106
-110
-115
-119
-122
-123
-122
-118
-111
-100
-86
-69
-49
-28
-5
17
39
58
75
87
95
97
94
85
71
54
32
9
-15
-39
-61
-80
-95
-105
-109
-107
-97
-81
-58
-28
7
49
94
144
195
247
297
344
385
419
444
460
464
457
439
412
375
331
283
231
179
128
81
40
4
-23
-44
-57
-63
-64
-59
-51
-41
-31
-21
-14
-10
-10
-13
-20
-31
-45
-62
-81
-102
-123
-144
-165
-184
-201
-215
-226
-233
-236
-235
-230
-220
-208
-192
-175
-156
-137
-118
-101
-86
-73
-63
-55
-50
-47
-45
-44
-41
-35
-26
-12
7
34
68
108
153
204
258
314
368
421
468
509
540
561
570
565
548
517
473
418
353
282
206
128
51
-20
-87
-145
-195
-234
-263
-282
-291
-293
-289
-280
-269
-257
-246
-237
-232
-231
-234
-242
-253
-268
-285
-302
-319
-333
-344
-350
-351
-345
-332
-312
-285
-251
-211
-165
-115
-61
-5
52
109
164
216
262
303
335
358
372
376
370
354
329
297
259
217
173
130
90
56
27
7
-4
-8
-4
5
20
37
54
68
77
80
74
59
35
4
-33
-76
-119
-162
-201
-233
-256
-268
-269
-258
-235
-203
-163
-117
-69
-21
23
63
94
115
125
123
109
85
50
7
-41
-93
-147
-199
-246
-286
-318
-339
-348
-345
-331
-305
-269
-226
-177
-125
-73
-23
20
57
84
101
106
100
84
60
29
-4
-39
-71
-99
-120
-133
-137
-132
-118
-97
-70
-39
-7
25
55
81
103
120
130
135
133
127
117
103
86
68
48
29
10
-7
-21
-32
-38
-39
-33
-20
0
25
59
98
141
186
232
277
318
352
380
398
406
403
390
368
337
298
253
205
154
103
53
5
-37
-74
-105
-128
-144
-152
-153
-146
-134
-118
-98
-78
-59
-43
-32
-28
-32
-45
-67
-98
-138
-184
-236
-290
-346
-400
-450
-493
-529
-555
-570
-573
-564
-544
-512
-468
-415
-352
-282
-206
-126
-44
36
116
190
258
318
368
408
438
456
465
465
458
445
428
409
390
373
359
349
344
343
348
357
369
383
398
412
423
430
433
429
419
402
379
349
313
273
228
181
133
84
36
-9
-52
-93
-130
-164
-193
-220
-242
-261
-277
-291
-301
-309
-314
-316
-316
-313
-307
-298
-285
-270
-250
-228
-202
-174
-143
-111
-79
-47
-16
11
36
57
75
87
95
99
99
95
89
80
71
61
51
42
35
29
24
20
17
15
11
6
0
-10
-25
-43
-66
-93
-125
-160
-198
-238
-279
-319
-357
-393
-423
-448
-467
-478
-482
-478
-466
-446
-419
-386
-348
-304
-257
-206
-154
-101
-48
3
52
97
136
169
195
214
224
227
223
212
197
179
158
136
115
95
76
60
46
34
24
14
6
-2
-11
-21
-33
-45
-58
-71
-84
-95
-103
-109
-110
-107
-99
-86
-67
-43
-14
19
57
98
143
190
238
286
334
381
425
465
500
529
552
568
577
579
573
561
543
520
493
462
429
394
358
321
284
247
209
171
132
93
53
13
-27
-67
-107
-146
-183
-218
-250
-277
-300
-318
-331
-338
-339
-335
-325
-312
-294
-273
-250
-225
-198
-170
-142
-113
-84
-55
-26
2
31
59
86
111
135
156
174
189
200
208
213
214
211
206
198
186
172
154
134
111
85
56
25
-7
-41
-76
-110
-144
-176
-205
-232
-254
-273
-288
-298
-303
-305
-302
-296
-287
-276
-263
-249
-235
-221
-206
-192
-179
-166
-154
-143
-133
-124
-116
-109
-103
-97
-92
-88
-83
-78
-72
-65
-56
-47
-36
-23
-9
6
23
43
65
90
118
149
182
219
257
298
338
378
415
449
477
499
513
518
513
499
475
443
403
357
306
251
194
137
80
25
-26
-75
-120
-162
-200
-235
-268
-298
-326
-353
-378
-402
-423
-442
-458
-469
-476
-477
-472
-460
-442
-419
-390
-358
-323
-286
-250
-214
-181
-151
-124
-102
-84
-72
-65
-62
-65
-73
-84
-100
-119
-142
-166
-193
-221
-249
-279
-308
-338
-366
-393
-418
-438
-454
-464
-466
-459
-443
-415
-377
-328
-270
-202
-126
-46
38
123
208
289
365
433
492
541
579
605
620
625
619
604
582
554
521
486
450
413
378
346
317
291
269
251
237
226
217
210
205
200
195
190
183
174
163
150
134
116
96
73
48
22
-4
-31
-58
-83
-106
-126
-143
-157
-165
-170
-170
-166
-158
-145
-129
-109
-86
-59
-30
0
33
65
97
127
153
175
191
202
206
203
194
178
157
132
104
75
45
16
-9
-32
-51
-66
-76
-83
-86
-87
-85
-81
-76
-70
-64
-58
-51
-45
-40
-36
-33
-33
-36
-42
-53
-67
-87
-111
-139
-170
-204
-238
-272
-304
-333
-356
-373
-382
-383
-375
-358
-334
-304
-269
-232
-194
-158
-125
-98
-77
-64
-58
-60
-69
-83
-101
-122
-143
-163
-179
-189
-193
-189
-176
-154
-124
-86
-41
10
65
123
183
242
299
354
404
450
491
526
554
577
593
602
606
602
593
578
558
534
506
475
441
407
371
336
302
268
236
204
174
145
116
88
60
32
4
-23
-50
-78
-106
-133
-161
-189
-216
-243
-269
-294
-317
-339
-357
-372
-383
-390
-392
-388
-378
-363
-343
-318
-288
-256
-221
-185
-149
-115
-84
-56
-33
-14
-2
5
7
4
-1
-11
-22
-35
-48
-60
-72
-84
-93
-101
-107
-111
-112
-111
-106
-98
-85
-69
-49
-26
0
28
59
90
121
151
180
206
230
251
269
284
297
306
314
319
322
322
320
314
305
293
276
255
229
201
169
135
100
66
32
0
-27
-53
-75
-93
-109
-121
-131
-139
-145
-149
-153
-155
-155
-154
-151
-147
-142
-136
-130
-125
-122
-121
-122
-127
-135
-147
-161
-176
-192
-207
-219
-228
-231
-228
-217
-198
-171
-136
-95
-49
0
52
104
155
203
246
285
318
346
369
387
402
413
423
431
438
444
450
454
456
456
451
441
426
403
374
338
296
248
195
138
78
16
-47
-110
-173
-236
-297
-356
-414
-468
-520
-568
-612
-651
-684
-712
-733
-747
-754
-752
-742
-724
-699
-666
-627
-582
-534
-483
-429
-374
-318
-262
-204
-146
-86
-25
38
103
170
239
306
372
432
486
531
564
583
587
574
544
498
438
365
283
194
103
14
-67
-140
-200
-243
-269
-277
-267
-240
-199
-146
-85
-19
48
113
173
226
269
303
325
336
337
327
309
283
250
212
171
127
81
36
-8
-51
-91
-127
-157
-181
-198
-207
-209
-203
-190
-170
-143
-112
-77
-38
0
41
80
116
150
180
206
227
244
255
263
267
268
267
263
257
250
241
231
219
206
190
173
153
130
105
78
48
17
-15
-48
-82
-115
-147
-178
-206
-231
-254
-274
-292
-307
-321
-334
-346
-358
-369
-380
-389
-396
-400
-400
-394
-383
-366
-342
-312
-277
-238
-195
-150
-105
-61
-19
19
54
85
111
133
152
167
179
190
201
211
221
232
244
255
267
279
291
303
315
327
339
352
365
379
392
404
414
422
426
425
418
405
384
355
318
273
222
164
102
37
-28
-93
-156
-214
-267
-313
-352
-384
-409
-426
-437
-442
-441
-436
-426
-413
-398
-381
-363
-345
-328
-312
-297
-284
-273
-263
-253
-243
-232
-218
-200
-177
-149
-114
-73
-24
30
91
155
221
288
353
413
467
513
549
575
590
593
585
567
539
503
459
409
355
298
240
181
122
65
8
-46
-100
-153
-205
-257
-308
-359
-409
-457
-503
-546
-583
-615
-641
-659
-668
-669
-662
-648
-627
-600
-568
-533
-496
-458
-419
-380
-341
-303
-265
-227
-190
-153
-117
-81
-45
-11
20
51
78
103
123
141
154
164
170
174
174
173
170
167
163
159
157
157
160
165
173
185
200
218
238
260
282
303
323
340
353
362
365
363
355
342
324
303
278
253
227
202
180
160
143
131
122
118
119
124
134
149
169
192
219
248
277
304
327
343
350
346
328
295
245
180
99
4
-101
-216
-335
-455
-571
-679
-775
-855
-918
-961
-984
-985
-966
-928
-874
-805
-725
-636
-541
-442
-342
-241
-142
-43
53
149
243
336
427
515
600
679
751
814
866
905
930
939
