-79
-98
-114
-129
-141
-152
-161
-167
-172
-175
-176
-175
-173
-168
-161
-152
-140
-126
-109
-90
-68
-44
-18
8
36
65
94
122
148
173
196
215
232
244
253
257
256
251
242
229
212
193
171
149
125
103
81
60
41
24
8
-4
-17
-29
-40
-51
-63
-77
-92
-108
-127
-146
-167
-188
-208
-226
-241
-252
-258
-257
-251
-238
-218
-194
-165
-132
-98
-64
-31
-1
25
46
63
75
83
87
88
88
88
88
90
94
101
109
119
129
139
148
153
155
153
146
134
118
99
77
54
31
9
-9
-26
-39
-47
-51
-51
-48
-40
-30
-18
-5
8
21
34
46
55
63
68
70
69
65
58
49
38
25
12
-1
-14
-26
-36
-44
-48
-49
-47
-42
-34
-23
-11
2
16
30
43
56
66
75
81
85
86
85
82
77
70
61
51
40
27
13
-1
-17
-34
-52
-71
-89
-107
-123
-138
-150
-159
-164
-166
-164
-158
-149
-136
-121
-103
-83
-62
-41
-20
0
18
36
51
64
74
82
87
89
89
86
81
73
64
52
39
25
11
-2
-15
-26
-35
-41
-44
-43
-38
-29
-17
-2
14
33
53
74
94
112
128
141
151
156
157
153
144
130
112
90
65
38
9
-20
-49
-76
-101
-123
-141
-154
-162
-165
-163
-157
-146
-131
-112
-91
-68
-43
-16
9
37
64
90
116
141
163
184
202
217
227
233
234
228
217
200
178
150
118
83
46
7
-30
-67
-101
-132
-159
-182
-200
-214
-225
-233
-237
-240
-240
-239
-237
-233
-228
-220
-210
-198
-182
-164
-143
-119
-94
-67
-40
-14
9
30
47
60
68
71
70
64
54
41
27
13
0
-12
-22
-28
-29
-27
-19
-7
8
28
51
76
102
128
152
173
192
205
214
218
215
208
195
176
154
127
97
65
31
-3
-37
-71
-102
-131
-156
-176
-191
-200
-202
-199
-188
-172
-150
-124
-94
-61
-26
9
44
78
109
138
163
184
201
215
224
231
235
237
237
235
232
229
225
220
214
207
200
192
183
173
162
150
138
124
108
92
73
52
29
3
-24
-55
-88
-124
-162
-201
-241
-281
-320
-358
-392
-423
-448
-468
-480
-484
-480
-467
-446
-418
-384
-344
-303
-260
-219
-181
-147
-120
-98
-83
-74
-70
-68
-68
-68
-65
-59
-49
-33
-12
13
42
75
110
144
177
206
231
250
262
267
264
253
235
210
179
144
106
66
26
-12
-47
-79
-106
-126
-141
-149
-150
-146
-135
-120
-101
-80
-56
-33
-9
12
32
50
65
78
89
97
103
108
112
114
116
116
117
116
115
112
110
106
102
97
91
85
79
72
66
60
54
48
44
39
36
32
29
26
22
18
13
8
1
-5
-14
-23
-34
-45
-57
-69
-81
-92
-103
-112
-119
-125
-127
-128
-125
-120
-113
-103
-92
-80
-66
-52
-37
-21
-5
11
28
44
61
77
93
108
122
135
148
159
168
176
182
186
187
187
184
179
173
166
158
152
146
143
142
144
149
157
166
177
187
196
201
203
199
189
173
150
120
84
43
0
-48
-96
-143
-189
-230
-267
-297
-320
-335
-342
-342
-334
-318
-296
-268
-235
-196
-154
-108
-58
-6
48
104
160
215
268
317
361
397
424
442
449
443
426
398
360
312
257
197
135
72
12
-44
-94
-137
-172
-199
-217
-229
-235
-237
-236
-234
-233
-233
-236
-241
-248
-258
-267
-276
-283
-286
-284
-275
-260
-237
-207
-171
-130
-84
-37
10
56
99
137
168
190
204
209
204
191
172
146
116
83
50
17
-12
-38
-61
-78
-91
-99
-102
-101
-96
-88
-79
-67
-55
-43
-31
-21
-12
-5
0
0
0
-4
-11
-20
-32
-45
-60
-76
-91
-107
-120
-132
-142
-149
-153
-154
-151
-146
-138
-128
-116
-103
-90
-78
-67
-57
-51
-47
-47
-52
-60
-73
-89
-108
-130
-152
-175
-198
-217
-234
-246
-253
-253
-248
-236
-218
-193
-164
-131
-94
-56
-17
20
57
91
121
147
169
187
201
211
218
223
226
228
228
227
226
223
220
216
211
205
198
189
179
169
157
146
135
125
117
111
107
107
109
115
124
135
147
161
174
186
195
201
203
201
193
179
161
137
109
77
42
6
-29
-65
-98
-127
-153
-174
-190
-201
-207
-209
-208
-204
-198
-191
-184
-177
-170
-163
-156
-148
-138
-127
-113
-95
-75
-51
-24
4
34
64
93
119
141
158
169
173
172
165
152
137
118
99
80
62
46
33
22
14
7
2
-2
-6
-11
-17
-22
-29
-35
-40
-44
-46
-46
-44
-38
-31
-21
-10
0
11
21
29
34
36
35
31
23
14
3
-8
-20
-31
-40
-46
-50
-50
-47
-41
-32
-22
-10
0
10
19
26
30
32
31
28
24
19
14
9
5
2
0
0
0
0
1
3
5
7
9
11
13
15
17
19
21
22
23
24
25
25
25
24
24
24
24
24
24
25
25
25
24
23
21
17
12
5
-3
-14
-25
-38
-50
-62
-73
-82
-88
-92
-92
-90
-86
-81
-75
-69
-65
-62
-62
-65
-71
-80
-91
-102
-115
-126
-135
-141
-144
-141
-133
-120
-101
-78
-51
-21
10
43
74
103
130
152
169
180
186
187
182
173
159
143
125
105
86
67
50
34
20
9
0
-9
-17
-25
-33
-44
-56
-70
-87
-105
-125
-145
-164
-181
-195
-204
-206
-202
-190
-170
-144
-111
-73
-31
10
52
91
126
155
178
194
203
205
202
195
184
173
160
149
138
129
122
116
111
106
99
91
81
68
51
31
9
-16
-42
-70
-98
-124
-148
-168
-184
-195
-201
-202
-196
-186
-170
-150
-126
-99
-71
-41
-11
17
44
68
88
103
113
117
114
104
87
64
34
0
-39
-81
-125
-167
-208
-244
-273
-295
-308
-312
-305
-289
-263
-230
-189
-143
-94
-42
8
59
107
151
192
228
259
286
310
330
348
364
379
393
406
417
428
436
441
443
441
435
424
407
386
359
327
291
252
210
167
123
80
39
2
-30
-58
-80
-97
-110
-117
-121
-123
-123
-123
-123
-123
-125
-128
-133
-138
-145
-152
-161
-169
-177
-185
-192
-198
-203
-205
-205
-204
-200
-195
-188
-180
-172
-163
-155
-149
-143
-140
-138
-139
-141
-146
-151
-158
-165
-171
-176
-179
-180
-179
-174
-167
-156
-142
-125
-106
-85
-63
-39
-14
11
37
64
91
118
146
175
203
230
256
280
302
319
332
339
339
332
317
294
264
226
183
136
86
36
-10
-52
-87
-112
-127
-129
-119
-97
-64
-21
29
85
144
202
257
307
348
379
399
406
401
383
354
314
266
211
150
87
22
-40
-102
-160
-212
-260
-300
-335
-362
-384
-400
-410
-416
-419
-418
-415
-411
-404
-397
-388
-378
-366
-354
-339
-323
-304
-284
-260
-234
-205
-174
-140
-105
-68
-30
6
42
75
106
132
153
169
179
183
181
173
160
143
122
98
73
48
23
0
-21
-40
-57
-70
-81
-88
-94
-98
-101
-103
-105
-108
-111
-114
-118
-121
-124
-125
-124
-121
-114
-103
-89
-72
-51
-27
-2
23
49
74
96
116
132
144
152
156
155
151
143
133
120
106
91
76
60
46
32
20
9
0
-6
-10
-13
-13
-11
-7
-1
5
14
24
35
45
56
65
74
82
89
94
99
102
106
109
112
114
117
120
122
124
125
124
121
115
107
97
83
66
47
25
2
-22
-48
-74
-99
-124
-146
-167
-185
-201
-215
-226
-236
-242
-246
-247
-245
-239
-228
-212
-190
-163
-130
-92
-48
0
50
104
158
211
260
305
344
375
398
410
412
405
387
361
326
285
238
188
135
82
30
-19
-65
-106
-141
-168
-189
-201
-205
-202
-192
-175
-153
-127
-99
-69
-39
-11
14
36
55
67
74
75
70
59
41
19
-7
-38
-71
-106
-140
-174
-207
-236
-262
-284
-302
-314
-320
-321
-316
-305
-287
-265
-237
-204
-166
-126
-82
-37
8
53
97
138
176
210
240
264
283
296
304
307
304
298
287
273
255
236
214
191
167
143
119
97
76
58
44
32
25
22
24
30
39
52
67
85
104
123
141
159
174
187
197
204
207
205
200
190
175
156
132
103
70
33
-7
-51
-97
-145
-191
-237
-279
-317
-349
-374
-391
-401
-402
-395
-380
-358
-330
-297
-261
-223
-185
-149
-115
-85
-60
-40
-25
-15
-10
-8
-9
-12
-16
-19
-21
-21
-19
-14
-7
2
14
29
44
60
76
90
104
114
122
126
126
123
116
107
95
83
70
59
50
44
43
46
54
67
83
103
125
148
171
191
207
219
225
226
219
207
188
164
135
103
68
32
-4
-41
-77
-113
-146
-177
-206
-231
-252
-269
-280
-286
-286
-280
-268
-250
-226
-197
-163
-125
-83
-39
7
54
100
145
186
222
253
276
291
297
294
283
263
235
200
160
116
70
24
-18
-59
-94
-122
-143
-156
-161
-158
-149
-135
-117
-96
-75
-54
-36
-20
-8
-1
1
0
-2
-9
-16
-23
-28
-31
-30
-25
-16
-4
11
29
47
65
81
94
102
104
100
90
74
52
25
-5
-39
-74
-109
-143
-175
-204
-230
-250
-266
-278
-284
-286
-284
-278
-268
-255
-240
-223
-204
-184
-162
-139
-116
-92
-67
-41
-15
11
40
69
98
129
160
191
222
252
281
308
331
352
369
381
390
394
393
389
381
370
357
341
325
308
290
274
258
243
229
217
204
192
180
167
151
134
115
93
68
41
11
-18
-50
-82
-114
-144
-173
-200
-225
-246
-265
-281
-294
-303
-308
-311
-309
-304
-296
-284
-268
-250
-230
-208
-186
-164
-143
-124
-108
-96
-87
-83
-84
-91
-102
-117
-137
-161
-188
-217
-247
-276
-305
-331
-354
-372
-385
-391
-391
-383
-368
-344
-314
-276
-232
-183
-129
-73
-16
40
95
145
191
230
262
287
303
312
313
306
294
276
253
226
197
167
138
110
86
68
56
52
55
67
86
112
142
175
208
240
267
289
303
310
307
296
277
252
222
188
152
117
84
54
28
6
-9
-22
-31
-38
-43
-49
-55
-63
-73
-86
-100
-116
-133
-148
-162
-171
-176
-174
-165
-149
-124
-91
-52
-7
41
93
144
194
239
277
308
330
341
343
334
315
289
255
216
173
128
81
36
-8
-51
-93
-132
-169
-204
-237
-269
-299
-328
-354
-378
-399
-417
-430
-439
-442
-440
-432
-419
-399
-375
-346
-312
-276
-237
-196
-155
-114
-74
-35
0
34
65
92
115
134
148
158
162
161
155
144
129
109
85
57
28
-2
-33
-63
-92
-118
-139
-155
-165
-168
-164
-151
-129
-99
-60
-14
38
96
158
220
283
342
396
444
483
513
533
542
541
531
