-20
-24
-28
-31
-36
-42
-49
-58
-68
-79
-88
-95
-98
-97
-90
-77
-58
-33
-4
29
64
99
131
160
182
197
204
201
190
171
144
112
76
38
0
-37
-72
-104
-131
-153
-169
-180
-186
-186
-183
-175
-163
-149
-132
-114
-95
-74
-54
-34
-16
1
17
30
42
50
56
59
59
57
52
45
37
28
18
9
0
-6
-11
-15
-17
-16
-14
-10
-3
3
12
22
31
41
50
59
66
72
76
79
80
79
78
75
71
67
63
60
57
55
54
54
55
57
58
58
57
53
47
37
24
7
-12
-37
-64
-94
-125
-157
-189
-221
-250
-276
-298
-316
-329
-336
-337
-332
-321
-305
-284
-260
-232
-201
-170
-138
-106
-77
-50
-26
-6
9
20
27
31
30
27
21
14
5
-3
-11
-20
-27
-34
-41
-47
-52
-57
-62
-67
-72
-77
-82
-86
-90
-94
-96
-98
-98
-96
-93
-86
-77
-64
-48
-27
-1
28
62
101
143
188
234
281
326
370
409
443
471
491
503
507
502
488
467
438
404
366
324
281
239
197
159
123
92
66
44
26
11
0
-10
-21
-31
-43
-57
-74
-93
-114
-138
-163
-189
-216
-242
-267
-292
-315
-336
-355
-372
-388
-401
-412
-421
-426
-427
-423
-415
-401
-381
-355
-324
-287
-245
-200
-153
-106
-60
-17
21
55
83
104
119
128
132
131
128
122
116
109
104
101
100
102
106
112
120
130
140
151
162
171
179
185
188
189
186
180
172
160
146
131
113
95
76
57
39
21
4
-11
-25
-38
-49
-58
-66
-72
-77
-80
-82
-82
-81
-79
-76
-72
-66
-60
-52
-43
-31
-18
-2
16
37
61
87
114
141
167
190
209
222
229
228
218
199
171
135
92
43
-9
-64
-118
-170
-216
-255
-285
-303
-309
-302
-282
-249
-206
-153
-91
-25
44
114
182
247
304
354
394
424
443
451
449
438
419
394
365
333
300
267
236
208
183
161
141
124
109
94
78
62
43
22
-2
-31
-63
-98
-137
-178
-221
-264
-307
-349
-389
-425
-457
-485
-508
-527
-542
-552
-560
-565
-568
-570
-571
-572
-572
-573
-574
-576
-577
-578
-579
-577
-574
-567
-555
-539
-517
-489
-454
-413
-364
-309
-248
-180
-106
-26
58
149
244
344
448
554
662
771
878
983
1081
1172
1252
1318
1368
1400
1411
1400
1366
1310
1232
1134
1021
893
757
615
472
331
197
71
-43
-144
-232
-305
-364
-409
-441
-462
-473
-477
-475
-469
-461
-453
-445
-440
-437
-436
-436
-437
-438
-437
-433
-425
-412
-392
-367
-337
-301
-261
-218
-175
-132
-92
-56
-26
-4
10
16
12
0
-21
-51
-89
-133
-184
-238
-296
-354
-412
-468
-520
-566
-605
-636
-657
-668
-668
-658
-638
-608
-570
-525
-474
-418
-358
-294
-229
-161
-91
-19
55
131
210
290
372
452
531
605
674
735
785
824
848
858
852
829
791
738
671
593
506
413
318
223
133
49
-25
-87
-134
-166
-182
-181
-163
-131
-84
-26
39
112
186
261
331
394
448
491
520
536
538
526
500
462
413
355
290
219
145
69
-6
-80
-152
-220
-284
-343
-397
-446
-489
-526
-557
-582
-600
-610
-612
-605
-590
-567
-535
-496
-450
-399
-344
-286
-228
-171
-116
-66
-19
21
56
86
111
131
147
160
172
183
193
204
216
230
244
259
272
285
294
298
296
287
270
244
210
168
119
64
6
-52
-109
-163
-210
-248
-277
-294
-299
-292
-273
-243
-204
-157
-105
-49
7
64
118
168
213
253
286
312
332
346
355
359
358
354
347
337
324
309
292
272
250
225
197
166
132
94
54
12
-29
-72
-113
-150
-184
-211
-233
-247
-253
-252
-243
-228
-206
-180
-151
-119
-85
-52
-20
8
35
58
76
90
98
101
99
92
79
63
42
18
-7
-34
-61
-87
-111
-133
-151
-165
-175
-181
-182
-181
-176
-169
-162
-155
-148
-144
-143
-144
-149
-157
-168
-180
-195
-209
-222
-234
-243
-249
-250
-246
-237
-222
-202
-178
-149
-115
-79
-40
0
40
80
117
152
182
207
226
237
242
239
229
212
191
166
138
109
82
56
34
16
3
-4
-6
-4
3
14
28
44
63
82
101
119
137
153
167
180
190
199
205
209
211
211
209
204
196
186
173
158
140
120
99
76
52
27
2
-21
-44
-67
-88
-107
-124
-140
-155
-168
-180
-191
-202
-213
-224
-235
-247
-258
-269
-280
-288
-295
-298
-298
-294
-285
-272
-255
-235
-213
-189
-166
-144
-125
-110
-99
-93
-91
-94
-101
-111
-122
-134
-146
-156
-164
-169
-171
-169
-163
-154
-142
-127
-109
-90
-69
-46
-24
0
23
47
72
97
123
149
176
203
231
259
286
313
338
362
382
400
414
425
431
433
432
426
418
406
392
376
358
338
317
294
271
247
222
197
171
145
119
93
68
45
22
1
-17
-35
-50
-64
-76
-88
-98
-108
-117
-127
-138
-149
-161
-174
-187
-200
-213
-225
-235
-242
-247
-249
-248
-242
-234
-221
-206
-187
-167
-144
-120
-96
-71
-46
-23
0
20
38
55
69
80
88
94
97
96
93
87
80
70
59
48
36
25
14
4
-3
-10
-16
-21
-25
-30
-35
-41
-48
-57
-67
-79
-92
-106
-120
-132
-143
-151
-154
-153
-147
-135
-119
-97
-71
-43
-12
18
48
76
100
119
131
138
138
132
121
105
87
66
46
27
10
-4
-15
-24
-29
-32
-34
-34
-36
-39
-44
-52
-63
-78
-97
-117
-140
-164
-188
-210
-229
-245
-257
-264
-266
-262
-253
-239
-220
-198
-171
-141
-108
-73
-36
1
40
80
119
158
196
231
264
294
321
343
362
375
384
388
388
382
372
358
339
317
291
262
231
197
162
126
89
52
16
-18
-52
-84
-113
-139
-162
-181
-197
-209
-218
-224
-227
-229
-230
-230
-230
-229
-229
-228
-228
-226
-224
-220
-213
-204
-192
-176
-158
-136
-112
-86
-59
-32
-6
18
40
59
75
87
95
99
100
99
95
89
81
73
65
56
48
40
32
25
19
13
8
4
0
-1
-2
-2
-1
0
3
5
7
9
10
9
8
4
0
-4
-9
-15
-19
-23
-24
-22
-17
-9
3
19
40
64
90
119
150
180
209
235
258
277
291
299
303
302
297
289
278
265
252
238
224
211
199
189
180
172
165
159
154
148
142
134
125
113
99
83
65
45
25
6
-11
-25
-36
-42
-43
-40
-32
-19
-3
15
35
55
73
89
101
108
110
105
94
76
53
25
-6
-41
-77
-114
-150
-184
-216
-245
-271
-293
-311
-325
-336
-343
-348
-350
-350
-349
-346
-343
-338
-334
-328
-322
-314
-306
-295
-283
-270
-254
-236
-216
-195
-173
-151
-128
-105
-83
-61
-41
-22
-5
10
25
38
50
60
69
77
83
88
91
92
91
88
83
76
67
57
47
38
31
26
27
33
45
65
93
128
170
218
271
327
384
440
493
540
579
608
626
632
625
605
572
529
475
413
345
272
197
121
46
-26
-95
-161
-221
-276
-327
-371
-411
-447
-477
-504
-527
-546
-562
-574
-583
-588
-589
-586
-579
-567
-550
-527
-500
-467
-428
-385
-337
-286
-233
-178
-123
-71
-21
23
62
95
120
137
148
151
147
139
127
113
98
84
72
64
59
60
65
75
90
109
131
155
180
205
228
250
270
286
298
306
310
309
303
292
275
253
225
191
152
108
61
11
-39
-89
-138
-183
-223
-257
-283
-301
-310
-311
-303
-287
-265
-237
-206
-171
-135
-99
-63
-29
2
31
56
79
99
115
129
141
151
159
166
173
180
186
192
198
203
208
211
213
213
211
207
200
191
180
167
153
137
121
105
89
74
60
47
35
24
15
6
-1
-10
-19
-29
-40
-52
-65
-79
-94
-109
-125
-140
-157
-173
-190
-206
-223
-239
-255
-269
-281
-289
-294
-294
-288
-276
-258
-233
-203
-167
-127
-85
-41
1
41
78
109
134
151
161
162
155
142
122
97
68
38
7
-22
-49
-72
-91
-105
-113
-115
-112
-102
-87
-68
-44
-18
10
40
69
97
123
146
166
181
192
199
201
199
194
185
174
161
147
133
119
106
94
84
75
68
62
57
52
46
39
31
22
11
-1
-15
-30
-45
-60
-73
-84
-93
-99
-102
-103
-100
-96
-91
-85
-79
-73
-69
-66
-65
-65
-66
-68
-69
-71
-71
-70
-68
-64
-59
-53
-47
-40
-33
-27
-22
-19
-16
-16
-16
-18
-20
-22
-24
-24
-23
-20
-15
-7
3
16
31
48
66
83
100
115
128
137
143
146
144
138
127
113
96
77
56
34
13
-5
-22
-35
-44
-48
-48
-42
-31
-17
1
22
45
69
91
112
130
144
153
157
156
149
138
121
102
79
55
30
4
-21
-46
-71
-94
-117
-139
-159
-179
-197
-214
-229
-242
-253
-261
-265
-265
-261
-251
-236
-216
-190
-158
-120
-77
-31
18
71
124
177
229
278
324
364
398
426
447
460
465
461
450
431
405
373
336
294
249
202
153
104
55
7
-38
-82
-122
-158
-190
-218
-241
-259
-272
-281
-287
-289
-289
-287
-285
-281
-276
-272
-266
-261
-253
-245
-235
-222
-206
-188
-166
-141
-113
-83
-50
-16
18
52
85
116
144
168
187
201
209
212
208
200
186
168
147
124
100
76
54
35
21
11
7
10
18
33
52
75
102
129
157
182
205
222
234
239
236
225
207
181
148
109
66
20
-27
-75
-122
-166
-208
-245
-278
-305
-328
-346
-358
-365
-367
-363
-354
-339
-321
-297
-270
-241
-209
-176
-142
-109
-78
-48
-21
1
21
37
50
59
64
66
66
63
59
53
45
37
28
18
8
-2
-14
-27
-40
-55
-70
-86
-102
-118
-134
-149
-163
-173
-181
-184
-184
-179
-170
-157
-140
-120
-99
-76
-52
-29
-7
12
31
48
63
76
89
101
113
126
142
159
180
203
228
256
284
312
339
362
381
395
403
403
396
382
361
333
299
261
219
173
126
79
32
-13
-57
-98
-135
-168
-197
-221
-240
-254
-263
-268
-269
-265
-259
-249
-236
-222
-206
-189
-171
-153
-136
-119
-104
-89
-77
-65
-54
-44
-34
-25
-15
-5
4
15
26
36
45
53
59
62
62
60
54
45
34
20
5
-10
-27
-44
-59
-74
-86
-97
-104
-110
-112
-110
-105
-97
-84
-68
-47
-22
6
39
75
114
155
197
238
277
313
344
368
384
391
387
373
348
314
271
222
168
112
56
2
-47
-91
-127
-155
-174
-184
-186
-179
-166
-146
-121
-93
-63
-32
-3
24
50
71
88
100
108
112
112
108
103
95
87
78
70
62
56
51
47
44
42
41
40
39
36
32
26
18
8
-4
-18
-34
-50
-67
-83
