-209
-179
-145
-108
-69
-31
6
41
72
98
118
131
138
139
133
123
108
92
74
56
39
25
13
5
1
1
4
10
19
30
42
55
68
80
91
100
109
115
120
124
127
129
131
133
134
134
134
134
132
130
125
120
112
102
91
78
64
49
35
21
8
-1
-8
-11
-9
-4
5
19
36
56
77
98
119
137
151
162
168
168
164
155
141
124
103
80
56
32
7
-15
-36
-56
-73
-87
-98
-106
-111
-114
-114
-111
-107
-100
-92
-82
-70
-58
-45
-31
-17
-4
8
20
29
37
41
43
42
38
32
23
12
0
-12
-24
-37
-49
-60
-70
-80
-89
-98
-107
-115
-124
-132
-141
-150
-158
-166
-173
-180
-185
-188
-190
-189
-185
-179
-170
-158
-145
-129
-112
-95
-77
-59
-41
-23
-4
14
34
56
81
108
138
172
208
246
285
324
362
396
426
449
464
470
465
449
422
385
337
281
218
151
81
11
-56
-120
-178
-229
-272
-305
-330
-345
-351
-350
-341
-326
-307
-284
-259
-234
-208
-183
-160
-140
-121
-105
-91
-79
-68
-58
-48
-38
-26
-14
-1
12
26
41
55
68
78
86
90
90
86
78
66
51
34
15
-4
-22
-39
-52
-63
-69
-70
-68
-61
-51
-39
-26
-14
-3
5
10
10
6
-1
-14
-29
-46
-63
-78
-90
-98
-101
-97
-88
-72
-50
-23
6
38
72
105
137
167
194
217
236
252
263
270
273
272
267
259
246
230
209
186
159
129
98
65
32
0
-31
-61
-88
-112
-132
-148
-160
-169
-173
-175
-173
-170
-164
-158
-152
-147
-142
-139
-138
-139
-142
-147
-153
-160
-167
-174
-179
-182
-183
-180
-173
-162
-147
-127
-103
-77
-47
-17
13
43
71
95
116
131
142
147
147
143
134
122
108
92
77
62
48
36
26
19
15
13
14
16
20
24
28
32
34
35
34
31
26
19
11
2
-7
-16
-25
-32
-37
-39
-39
-35
-28
-17
-4
12
31
52
73
95
116
136
153
168
180
188
194
196
195
193
189
184
179
174
169
165
161
156
151
144
135
122
106
86
61
31
-1
-38
-78
-119
-160
-200
-237
-271
-300
-324
-342
-353
-358
-356
-349
-335
-317
-295
-269
-242
-212
-182
-152
-123
-95
-69
-46
-25
-8
6
18
28
36
44
51
60
70
83
99
119
142
168
196
225
254
281
304
323
335
340
337
326
308
282
251
215
177
139
101
66
35
9
-12
-28
-40
-48
-54
-57
-60
-64
-68
-74
-82
-91
-102
-113
-123
-133
-140
-143
-143
-138
-127
-112
-91
-66
-37
-4
29
64
98
131
162
189
211
229
242
251
254
253
248
239
228
214
197
178
157
132
104
72
36
-4
-51
-103
-160
-220
-284
-348
-411
-471
-526
-573
-610
-637
-651
-653
-643
-621
-589
-549
-503
-453
-402
-352
-305
-262
-225
-195
-171
-152
-138
-128
-120
-112
-101
-88
-69
-44
-11
30
80
139
206
282
364
451
542
633
722
806
880
942
987
1012
1016
996
952
885
796
688
564
427
282
133
-15
-160
-297
-425
-540
-642
-730
-805
-868
-920
-962
-995
-1021
-1040
-1052
-1056
-1052
-1037
-1012
-973
-921
-855
-774
-679
-572
-455
-329
-198
-65
67
196
318
431
533
623
698
759
805
836
854
859
854
839
816
786
751
711
669
624
577
529
480
430
380
329
279
229
179
131
84
40
-1
-41
-77
-110
-139
-165
-187
-205
-220
-232
-241
-246
-249
-249
-248
-244
-239
-232
-224
-215
-206
-195
-184
-173
-161
-149
-137
-126
-114
-102
-90
-78
-66
-54
-42
-29
-17
-3
9
23
38
53
68
84
100
116
131
145
158
168
176
181
182
178
168
153
132
105
72
35
-4
-46
-88
-129
-166
-199
-225
-243
-253
-253
-244
-226
-198
-162
-118
-68
-13
45
107
170
232
292
348
401
448
489
524
552
574
590
600
605
605
601
592
580
565
547
525
500
471
439
403
362
316
266
210
150
86
18
-50
-121
-191
-260
-326
-388
-446
-498
-545
-586
-620
-649
-671
-686
-695
-696
-690
-677
-656
-627
-590
-546
-496
-440
-379
-316
-252
-188
-126
-68
-15
31
72
105
132
153
168
178
185
190
192
193
193
192
190
186
179
169
155
137
114
87
56
21
-16
-55
-95
-135
-173
-210
-243
-272
-298
-319
-336
-348
-355
-356
-353
-343
-329
-308
-281
-249
-211
-167
-117
-63
-5
54
116
178
238
295
345
388
422
445
457
456
442
417
379
331
274
210
140
68
-4
-74
-140
-199
-248
-287
-314
-329
-331
-321
-301
-271
-235
-193
-148
-101
-55
-11
30
68
102
132
158
180
199
213
225
233
237
239
237
232
223
211
194
174
151
124
94
62
28
-6
-41
-74
-106
-135
-160
-182
-198
-210
-217
-220
-217
-211
-201
-189
-173
-156
-139
-121
-103
-85
-69
-54
-40
-27
-15
-3
8
21
34
49
65
82
100
119
137
155
171
185
196
203
206
204
197
185
169
148
124
97
68
39
10
-17
-41
-63
-80
-93
-101
-104
-103
-97
-88
-77
-64
-51
-38
-27
-18
-11
-7
-6
-6
-9
-12
-16
-20
-23
-24
-25
-23
-20
-16
-10
-3
3
11
18
25
32
37
42
46
49
52
55
58
62
68
75
83
92
103
113
124
135
145
154
162
168
173
175
176
174
170
163
154
142
127
110
90
69
46
23
1
-20
-41
-60
-76
-90
-102
-111
-119
-124
-128
-131
-133
-136
-138
-140
-143
-146
-149
-152
-153
-153
-151
-146
-139
-127
-112
-94
-73
-49
-22
5
33
62
90
116
140
161
178
190
198
201
199
193
182
167
149
128
105
80
55
28
1
-25
-52
-80
-108
-135
-163
-190
-216
-241
-265
-285
-303
-317
-328
-334
-336
-334
-327
-317
-303
-286
-266
-244
-221
-195
-169
-142
-114
-86
-58
-31
-5
17
39
58
74
88
98
107
114
118
122
126
129
132
136
141
146
152
157
162
167
170
171
170
167
161
153
144
133
121
110
99
90
83
78
76
77
81
87
95
105
115
124
132
138
141
141
136
126
111
92
67
38
7
-26
-61
-96
-129
-159
-186
-209
-226
-239
-247
-251
-251
-249
-244
-237
-229
-221
-213
-205
-197
-189
-182
-175
-168
-160
-151
-141
-130
-116
-100
-82
-62
-39
-14
11
39
67
95
122
147
169
189
204
216
224
227
226
222
214
203
190
176
161
147
133
120
108
99
91
84
79
74
70
66
61
55
49
41
31
21
11
0
-10
-21
-31
-39
-46
-51
-54
-56
-55
-53
-50
-44
-38
-30
-22
-13
-3
5
14
23
32
39
46
53
59
64
69
74
78
83
87
91
95
98
101
103
105
106
105
103
100
95
88
79
68
55
40
22
3
-18
-40
-64
-87
-110
-132
-152
-170
-185
-196
-205
-210
-212
-212
-209
-204
-198
-191
-182
-173
-163
-151
-138
-124
-107
-88
-67
-42
-16
12
42
73
104
133
160
184
202
216
223
225
219
209
193
173
150
126
101
77
55
36
20
8
0
-5
-8
-8
-7
-6
-6
-7
-11
-19
-29
-43
-61
-81
-103
-125
-147
-167
-183
-194
-199
-196
-186
-169
-144
-113
-76
-36
5
47
88
125
157
184
202
213
216
211
198
178
153
124
92
59
26
-4
-32
-56
-76
-92
-103
-110
-114
-114
-113
-111
-108
-107
-107
-109
-113
-119
-128
-137
-147
-156
-163
-166
-165
-159
-147
-129
-106
-78
-47
-15
16
45
70
91
104
111
111
103
90
72
50
27
3
-18
-37
-52
-62
-67
-66
-60
-49
-33
-15
5
27
49
69
88
103
116
124
129
130
127
121
111
98
83
65
47
29
11
-3
-16
-25
-30
-31
-26
-17
-5
10
27
45
62
77
87
93
93
86
72
51
23
-9
-47
-89
-131
-174
-213
-249
-277
-298
-308
-309
-299
-278
-248
-209
-163
-112
-59
-4
47
96
140
178
209
232
247
256
257
253
244
231
215
199
181
164
148
133
118
105
93
82
70
59
48
37
26
15
5
-3
-11
-19
-24
-28
-31
-32
-32
-30
-27
-23
-19
-14
-9
-4
0
4
8
12
16
21
26
32
39
47
56
65
74
83
90
96
98
96
91
80
64
43
17
-13
-49
-88
-129
-171
-213
-253
-289
-322
-349
-370
-384
-391
-391
-384
-370
-350
-324
-293
-258
-218
-175
-129
-81
-31
18
69
120
172
223
274
324
374
423
470
514
554
588
615
631
636
627
604
564
509
438
352
255
148
36
-78
-190
-297
-393
-475
-541
-589
-618
-627
-618
-591
-550
-497
-435
-367
-296
-224
-154
-87
-25
31
80
123
158
185
204
215
218
214
201
183
158
129
96
61
26
-8
-41
-69
-93
-111
-123
-129
-128
-121
-109
-92
-73
-51
-29
-8
11
28
42
52
58
61
60
56
50
43
36
29
24
21
21
23
28
35
44
54
64
74
82
88
93
94
93
89
83
74
64
52
40
27
15
3
-6
-15
-23
-29
-33
-37
-39
-42
-45
-49
-54
-60
-67
-75
-84
-93
-102
-111
-118
-123
-127
-128
-128
-125
-121
-116
-110
-104
-99
-95
-92
-91
-92
-95
-99
-105
-111
-117
-123
-127
-130
-130
-128
-123
-114
-103
-89
-73
-54
-34
-13
8
30
53
75
98
121
144
169
195
223
251
281
311
342
372
401
427
451
471
486
497
501
498
489
471
447
414
375
328
276
219
158
95
32
-29
-88
-144
-194
-239
-277
-308
-332
-349
-360
-366
-366
-363
-355
-345
-332
-316
-299
-279
-256
-232
-205
-176
-145
-112
-77
-43
-8
23
54
81
104
122
135
142
145
142
135
124
110
93
74
53
31
8
-14
-36
-58
-78
-97
-114
-128
-140
-147
-151
-152
-148
-141
-131
-118
-102
-84
-66
-47
-27
-9
8
24
38
50
60
68
73
76
77
76
73
70
66
61
57
53
49
47
46
47
48
51
55
60
66
74
82
91
101
111
121
130
138
143
146
145
140
131
117
98
76
50
21
-9
-40
-70
-100
-127
-151
-172
-189
-203
-214
-223
-229
-233
-237
-239
-241
-243
-244
-244
-243
-240
-235
-228
-218
-205
-188
-168
-144
-117
-88
-56
-23
10
45
79
112
144
173
200
223
242
257
267
272
272
267
256
241
220
195
167
136
103
70
37
6
-21
-46
-67
-83
-94
-100
-102
-100
-94
-86
-76
-66
-55
-45
-36
-29
-25
-23
-23
-24
-28
-32
-36
-40
-44
-46
-46
-45
-43
-39
-34
-30
-26
-23
-21
-22
-25
-30
-37
-45
-54
-63
-70
-74
-76
-74
-67
-56
-40
-19
4
31
60
90
119
147
173
196
216
231
243
250
253
252
247
238
226
212
