378
323
263
201
139
81
30
-12
-43
-63
-72
-69
-57
-37
-11
18
48
77
102
121
133
136
131
118
97
70
38
4
-28
-60
-87
-109
-123
-131
-130
-123
-110
-92
-70
-47
-25
-4
13
27
36
40
39
33
23
9
-6
-22
-39
-53
-64
-70
-71
-67
-56
-38
-14
16
52
94
141
191
245
301
357
413
465
514
556
591
617
633
638
631
614
585
546
498
442
380
314
244
173
103
35
-28
-87
-140
-185
-223
-252
-274
-288
-296
-297
-294
-287
-278
-267
-255
-243
-232
-220
-208
-196
-184
-170
-155
-137
-118
-97
-73
-48
-20
7
37
66
96
125
153
181
207
233
257
281
303
324
343
360
374
386
393
395
393
384
369
346
317
281
238
188
133
74
11
-52
-117
-180
-240
-296
-345
-386
-419
-441
-453
-453
-443
-421
-389
-348
-297
-240
-178
-111
-42
26
93
157
215
266
308
339
357
362
351
325
284
229
159
79
-10
-106
-204
-302
-396
-482
-557
-618
-664
-692
-702
-693
-667
-624
-566
-496
-417
-331
-242
-152
-64
19
96
165
224
273
310
336
350
352
344
324
296
259
215
165
111
55
-1
-58
-114
-166
-213
-255
-291
-318
-337
-346
-345
-333
-311
-279
-237
-187
-131
-70
-6
57
119
178
231
276
314
342
360
368
367
356
337
311
279
243
204
163
122
82
45
11
-18
-44
-65
-82
-95
-104
-112
-118
-125
-132
-143
-157
-175
-199
-228
-263
-303
-347
-395
-445
-496
-545
-592
-632
-666
-691
-705
-708
-699
-677
-643
-597
-540
-474
-400
-319
-234
-145
-54
36
126
215
301
384
463
536
604
665
718
763
798
823
838
841
832
811
778
734
678
613
539
457
370
279
187
95
7
-76
-152
-220
-278
-325
-361
-386
-401
-407
-404
-393
-375
-352
-324
-293
-259
-224
-187
-149
-112
-76
-40
-7
23
51
76
97
115
128
138
144
147
146
143
137
129
120
110
100
89
80
72
66
62
62
66
75
89
107
131
159
190
223
255
286
313
334
348
352
346
330
303
267
222
171
113
53
-8
-70
-130
-187
-239
-287
-329
-367
-399
-427
-450
-468
-482
-492
-497
-498
-494
-486
-472
-453
-428
-398
-361
-320
-272
-221
-165
-108
-49
9
65
118
166
209
245
275
298
315
327
334
337
338
336
333
329
324
318
310
300
287
271
250
224
192
156
114
69
21
-25
-72
-114
-151
-180
-202
-214
-217
-212
-199
-180
-157
-132
-106
-82
-60
-43
-31
-25
-24
-29
-37
-49
-62
-75
-86
-92
-93
-86
-70
-44
-10
33
84
140
199
257
312
360
398
425
437
435
417
384
337
279
211
136
59
-18
-93
-161
-221
-270
-308
-332
-344
-343
-329
-305
-272
-231
-185
-134
-81
-27
24
74
120
162
199
229
254
273
286
294
297
295
290
281
270
258
243
227
209
189
166
141
113
82
48
12
-24
-62
-98
-132
-162
-187
-207
-221
-228
-229
-222
-209
-190
-164
-133
-95
-53
-7
41
92
143
192
237
276
305
324
330
320
293
249
187
108
15
-90
-204
-321
-437
-546
-644
-728
-793
-838
-862
-864
-845
-806
-749
-678
-595
-503
-407
-309
-212
-118
-31
48
120
183
236
280
314
340
355
362
360
350
331
305
273
235
193
150
107
65
29
0
-22
-34
-36
-28
-9
16
48
84
118
149
172
184
182
164
129
78
12
-64
-149
-236
-321
-398
-462
-508
-533
-534
-510
-463
-392
-303
-199
-86
31
147
256
354
435
498
540
561
562
544
510
462
406
345
283
225
173
132
103
88
88
103
131
170
219
273
328
380
426
460
479
481
464
427
372
300
215
120
21
-76
-169
-252
-321
-374
-409
-426
-426
-411
-382
-345
-302
-257
-214
-178
-149
-132
-127
-136
-157
-192
-237
-292
-353
-418
-484
-547
-606
-656
-696
-724
-738
-736
-719
-687
-639
-578
-505
-421
-330
-233
-135
-37
56
146
230
306
375
435
488
535
574
609
638
664
686
705
720
733
743
749
751
748
739
722
697
662
617
560
492
413
324
226
123
16
-90
-194
-290
-375
-445
-499
-533
-546
-539
-512
-465
-403
-328
-243
-155
-66
16
92
155
205
238
254
255
242
216
180
139
95
51
10
-25
-53
-73
-85
-88
-85
-75
-61
-43
-24
-4
13
30
44
55
60
61
56
44
24
-1
-36
-78
-128
-184
-246
-312
-381
-449
-516
-579
-635
-681
-717
-740
-750
-745
-726
-694
-649
-595
-532
-464
-393
-320
-248
-179
-114
-53
3
54
100
142
180
216
250
282
315
347
381
414
447
479
510
538
563
585
601
614
621
624
623
617
607
592
572
547
517
480
437
388
333
272
207
138
66
-5
-75
-142
-205
-260
-306
-343
-368
-381
-382
-371
-349
-317
-277
-232
-183
-135
-90
-50
-20
0
7
2
-16
-46
-86
-134
-186
-238
-286
-327
-356
-370
-366
-344
-302
-243
-166
-77
21
124
227
324
412
486
542
578
594
587
560
514
451
375
289
197
103
11
-75
-154
-222
-279
-323
-355
-375
-385
-386
-379
-368
-353
-337
-320
-303
-288
-274
-261
-249
-237
-226
-214
-201
-186
-170
-153
-134
-115
-95
-76
-58
-42
-27
-14
-3
6
14
22
30
37
46
55
65
76
87
98
108
117
123
128
128
125
117
104
87
66
41
14
-12
-39
-62
-80
-92
-95
-88
-71
-44
-6
41
97
160
227
296
366
432
493
546
589
620
637
639
625
595
550
490
419
337
249
156
65
-23
-103
-173
-230
-271
-295
-302
-293
-268
-230
-181
-125
-65
-4
52
103
145
176
194
199
191
170
139
99
54
5
-41
-86
-124
-155
-176
-187
-187
-178
-161
-138
-112
-83
-57
-33
-16
-7
-7
-17
-37
-67
-106
-152
-204
-258
-313
-365
-412
-452
-481
-499
-505
-498
-477
-445
-402
-351
-292
-229
-164
-99
-36
21
75
122
164
200
231
260
286
310
335
359
382
404
423
436
443
442
430
407
372
326
269
203
131
56
-18
-90
-155
-209
-250
-274
-281
-270
-240
-191
-126
-47
42
140
243
346
446
538
620
689
743
779
797
797
779
744
692
627
549
461
365
264
160
55
-48
-150
-248
-340
-426
-505
-577
-641
-697
-744
-783
-812
-832
-843
-845
-838
-822
-799
-768
-731
-688
-640
-586
-527
-464
-396
-324
-247
-167
-84
0
85
168
248
322
389
445
490
522
539
542
528
499
456
398
327
244
151
49
-59
-172
-287
-401
-512
-617
-713
-796
-865
-916
-947
-957
-944
-908
-849
-767
-665
-545
-411
-266
-115
35
183
320
445
551
637
701
742
759
754
729
687
630
562
487
408
329
253
183
121
69
28
0
-17
-24
-21
-11
3
21
40
57
70
78
79
72
56
32
0
-40
-86
-136
-189
-241
-291
-336
-375
-405
-425
-435
-434
-422
-399
-367
-327
-279
-226
-169
-110
-50
9
66
120
170
214
251
282
305
320
328
327
319
304
282
255
224
190
154
118
84
52
23
0
-16
-28
-33
-31
-23
-10
6
27
49
72
93
110
122
127
123
108
84
48
2
-54
-118
-188
-261
-335
-406
-472
-528
-573
-604
-618
-616
-596
-558
-504
-436
-356
-267
-174
-79
12
98
174
237
285
317
332
332
318
292
257
218
177
139
109
88
79
85
106
142
191
251
319
391
462
528
585
629
658
669
662
636
593
534
463
383
298
214
134
63
5
-35
-57
-59
-40
-2
52
121
198
280
360
433
495
541
568
575
560
525
470
399
315
223
126
30
-61
-146
-220
-280
-327
-358
-375
-377
-367
-346
-316
-279
-238
-193
-147
-103
-61
-23
9
35
54
65
68
63
50
30
4
-27
-62
-99
-136
-171
-203
-230
-251
-265
-271
-269
-261
-246
-227
-206
-184
-164
-147
-136
-132
-135
-146
-164
-187
-215
-245
-276
-304
-329
-348
-361
-367
-366
-357
-343
-324
-301
-276
-250
-224
-200
-177
-157
-138
-120
-103
-86
-69
-50
-31
-9
13
37
63
89
115
141
168
195
222
251
282
315
351
390
433
478
525
572
618
661
699
729
749
757
751
731
695
645
580
504
419
327
231
134
39
-51
-136
-215
-288
-354
-415
-471
-524
-575
-624
-672
-720
-767
-812
-854
-893
-925
-950
-965
-968
-958
-934
-894
-839
-769
-686
-590
-483
-368
-249
-126
-4
113
224
326
415
489
546
585
603
601
580
539
481
408
324
232
135
38
-55
-143
-220
-285
-335
-368
-385
-385
-369
-337
-292
-235
-170
-99
-25
48
120
188
250
304
349
385
413
431
442
446
444
438
427
414
400
384
368
351
336
321
306
293
280
267
254
241
227
212
195
177
159
140
123
108
98
92
93
100
113
132
155
181
207
232
253
270
280
283
279
268
251
229
203
173
140
106
71
35
0
-34
-68
-102
-135
-168
-201
-233
-264
-296
-326
-356
-383
-408
-429
-446
-458
-465
-466
-460
-449
-430
-405
-372
-332
-284
-228
-164
-92
-13
71
159
249
338
423
500
568
623
664
690
700
695
677
646
604
554
498
439
378
318
260
206
157
113
75
42
12
-13
-39
-66
-95
-128
-166
-209
-258
-311
-368
-426
-483
-538
-588
-632
-668
-695
-713
-720
-718
-706
-684
-654
-616
-572
-520
-464
-404
-340
-275
-210
-145
-83
-24
30
79
122
157
186
206
217
220
215
202
181
152
118
78
33
-13
-62
-112
-160
-207
-251
-291
-328
-361
-391
-419
-444
-467
-488
-507
-524
-538
-547
-550
-545
-531
-506
-470
-420
-358
-284
-200
-108
-10
89
186
278
360
429
481
514
528
520
493
448
389
317
240
161
86
20
-32
-68
-84
-78
-51
-2
64
146
240
341
443
542
633
711
774
819
844
847
830
791
733
655
560
451
330
200
67
-64
-192
-309
-412
-496
-557
-595
-606
-592
-553
-493
-415
-325
-226
-126
-30
55
126
180
212
222
211
179
131
69
-1
-76
-151
-222
-284
-335
-373
-397
-407
-403
-386
-359
-323
-280
-235
-188
-142
-99
-61
-28
-1
19
34
43
47
47
44
41
36
33
31
32
35
42
52
65
79
95
111
126
138
147
150
146
134
112
80
38
-15
-78
-150
-229
-311
-394
-474
-546
-606
-649
-673
-673
-647
-593
-512
-405
-274
-122
44
223
406
588
765
931
1080
1211
1318
1400
1455
1482
1481
1452
1398
1319
1220
1103
974
835
690
544
399
259
125
0
-115
-220
-313
-394
-463
-517
-558
-585
-598
-597
-584
-561
-528
-488
-444
-396
-347
-297
-245
-193
-139
-80
-17
53
131
217
311
411
515
620
721
813
892
953
991
1002
985
936
857
749
613
455
280
92
-99
-290
-474
-644
-795
-924
-1029
-1106
-1158
-1185
-1188
-1172
