-17
-53
-91
-131
-172
-213
-254
-294
-332
-367
-397
-420
-437
-445
-445
-436
-417
-391
-358
-319
-276
-232
-186
-142
-100
-63
-29
0
23
43
60
74
87
100
113
127
143
160
177
194
210
223
232
236
233
224
208
184
154
119
80
39
-2
-43
-81
-114
-141
-161
-174
-179
-178
-170
-156
-138
-117
-94
-70
-46
-23
0
21
41
61
79
96
113
128
143
156
168
179
188
196
201
204
204
202
196
187
175
161
144
125
104
82
59
36
12
-11
-34
-56
-77
-97
-115
-131
-145
-155
-163
-166
-167
-163
-156
-146
-133
-117
-99
-80
-61
-42
-24
-7
6
18
28
35
40
44
45
46
46
45
46
46
48
51
54
59
64
70
77
83
90
96
101
105
107
107
104
98
88
74
57
35
8
-21
-55
-92
-130
-168
-204
-237
-264
-285
-297
-299
-292
-276
-250
-216
-176
-130
-82
-34
13
57
96
129
156
176
190
198
201
202
202
203
206
212
223
238
257
280
305
331
356
378
395
405
408
401
385
360
326
286
240
191
141
91
42
-2
-44
-83
-118
-149
-178
-203
-226
-246
-264
-278
-287
-293
-292
-286
-272
-252
-224
-191
-154
-113
-72
-34
0
25
41
45
36
12
-24
-74
-135
-205
-279
-354
-427
-492
-547
-588
-612
-618
-605
-575
-529
-468
-398
-319
-238
-156
-78
-6
56
108
148
175
190
192
183
164
136
103
66
26
-13
-51
-86
-116
-141
-159
-171
-175
-172
-161
-143
-119
-87
-50
-8
38
88
141
195
250
303
355
404
450
490
526
555
578
593
601
602
595
582
562
536
505
471
433
393
351
309
267
226
187
150
115
82
52
23
-3
-29
-55
-81
-109
-140
-172
-208
-247
-288
-332
-378
-425
-471
-516
-558
-597
-630
-658
-678
-690
-693
-688
-675
-652
-621
-582
-536
-482
-422
-355
-284
-209
-130
-51
28
106
180
249
311
365
409
443
466
477
479
470
452
426
394
357
317
275
234
193
156
122
92
67
47
32
21
14
12
12
16
22
30
40
51
63
75
87
99
110
120
128
134
137
137
135
129
120
109
96
82
68
55
43
35
30
30
35
45
60
79
100
122
145
165
181
191
195
192
181
162
137
106
71
34
-2
-37
-68
-93
-112
-122
-123
-115
-100
-76
-47
-13
21
57
90
119
141
154
159
154
138
113
79
37
-9
-61
-114
-166
-216
-261
-300
-333
-357
-373
-381
-381
-375
-362
-344
-322
-297
-271
-243
-214
-186
-158
-130
-102
-75
-49
-24
0
20
38
52
60
63
59
47
29
3
-27
-63
-101
-141
-181
-217
-247
-271
-286
-291
-285
-268
-241
-204
-158
-106
-49
9
69
127
182
232
276
314
344
368
384
393
395
392
383
368
350
328
303
276
247
217
186
155
125
95
67
39
14
-9
-31
-51
-69
-85
-99
-110
-120
-129
-136
-142
-148
-154
-161
-168
-176
-184
-192
-201
-208
-215
-219
-220
-218
-212
-202
-187
-168
-144
-116
-84
-50
-13
24
62
99
134
166
194
218
235
247
253
251
243
228
207
180
147
110
69
26
-18
-62
-105
-145
-179
-207
-227
-238
-238
-228
-207
-176
-135
-86
-31
27
88
148
205
256
300
334
357
369
369
358
336
304
265
221
174
127
81
40
5
-23
-43
-56
-60
-58
-50
-38
-23
-7
8
22
34
42
46
47
44
38
29
18
7
-4
-16
-28
-40
-50
-61
-72
-83
-94
-107
-121
-136
-152
-169
-187
-205
-222
-238
-250
-260
-264
-264
-257
-245
-228
-205
-178
-148
-117
-85
-56
-29
-7
8
17
19
13
1
-18
-42
-71
-101
-131
-159
-184
-202
-214
-217
-211
-197
-175
-145
-110
-72
-31
9
49
85
118
145
168
185
197
206
211
213
214
214
213
213
213
214
215
218
221
225
231
236
242
248
254
260
264
268
270
270
267
262
255
244
230
212
191
167
139
108
75
39
3
-33
-68
-102
-134
-163
-188
-209
-227
-241
-251
-260
-266
-270
-273
-274
-275
-275
-275
-274
-272
-269
-265
-260
-253
-243
-232
-218
-201
-182
-161
-138
-113
-88
-62
-37
-13
8
27
44
57
67
74
77
78
76
73
69
64
60
56
53
52
51
52
53
54
55
56
56
54
51
46
40
32
23
13
3
-8
-19
-30
-40
-49
-57
-63
-67
-69
-69
-68
-64
-59
-52
-43
-32
-18
-3
15
35
59
84
111
140
169
198
226
252
276
296
313
326
334
337
336
329
318
302
282
260
235
208
180
152
125
99
74
52
32
14
0
-12
-23
-32
-39
-45
-51
-57
-63
-70
-78
-87
-98
-109
-121
-133
-145
-156
-164
-170
-173
-171
-165
-155
-140
-120
-97
-71
-43
-14
13
39
61
79
90
95
92
81
62
36
3
-35
-78
-123
-170
-215
-257
-295
-325
-347
-361
-365
-360
-346
-324
-296
-264
-228
-191
-154
-118
-85
-56
-31
-10
6
19
28
36
42
48
54
62
73
87
105
126
150
176
204
231
257
278
295
304
306
298
282
256
222
182
137
89
41
-3
-44
-79
-106
-125
-136
-140
-138
-132
-124
-115
-107
-103
-103
-108
-118
-134
-155
-181
-210
-242
-275
-309
-341
-371
-397
-418
-434
-443
-444
-438
-423
-400
-369
-329
-281
-226
-165
-98
-27
46
121
195
267
335
397
451
497
533
558
574
579
575
561
540
511
477
438
397
354
311
269
228
190
155
123
95
71
49
31
16
3
-7
-16
-24
-31
-38
-43
-48
-52
-55
-58
-60
-62
-64
-66
-68
-72
-76
-82
-89
-98
-109
-122
-136
-152
-169
-185
-202
-217
-231
-242
-251
-256
-258
-257
-252
-244
-234
-221
-206
-189
-171
-153
-133
-113
-93
-72
-51
-30
-9
11
31
51
70
88
104
119
132
142
150
155
158
159
158
156
152
147
143
139
137
136
138
143
151
163
176
192
209
227
243
257
268
275
276
271
260
242
218
188
153
114
71
27
-16
-60
-101
-139
-171
-199
-220
-234
-242
-243
-239
-229
-215
-197
-177
-156
-134
-112
-91
-72
-54
-38
-23
-9
3
18
34
54
77
105
138
176
219
266
315
366
416
463
506
543
573
593
602
601
589
565
530
485
431
369
301
229
155
80
7
-62
-127
-184
-233
-273
-304
-323
-333
-333
-325
-309
-289
-264
-239
-215
-194
-178
-169
-168
-176
-192
-218
-251
-290
-334
-380
-427
-471
-511
-545
-571
-588
-595
-592
-580
-559
-530
-496
-457
-415
-373
-331
-291
-255
-222
-194
-172
-154
-142
-135
-133
-135
-140
-148
-157
-167
-177
-185
-191
-194
-193
-188
-179
-165
-147
-124
-96
-65
-29
10
55
103
155
210
268
328
389
450
510
566
618
665
704
735
756
767
768
757
736
706
666
619
566
509
450
389
329
270
214
161
112
68
28
-7
-39
-67
-92
-113
-131
-146
-159
-170
-179
-187
-193
-197
-200
-202
-203
-203
-202
-201
-200
-200
-200
-201
-204
-209
-216
-224
-234
-246
-260
-274
-289
-303
-317
-329
-340
-349
-355
-359
-360
-360
-357
-352
-345
-337
-327
-316
-304
-289
-273
-255
-233
-209
-182
-152
-118
-82
-43
-2
40
84
129
173
216
257
295
330
361
387
406
419
425
422
410
390
362
324
280
229
173
115
55
-2
-57
-106
-147
-179
-200
-209
-207
-193
-169
-134
-90
-40
16
76
138
200
261
319
372
420
461
494
519
537
545
545
538
522
500
472
438
400
358
314
267
220
172
125
78
32
-13
-57
-99
-140
-178
-214
-246
-274
-298
-316
-328
-335
-336
-331
-321
-306
-289
-269
-248
-227
-206
-186
-167
-150
-133
-118
-104
-91
-78
-66
-54
-43
-32
-22
-14
-7
-1
1
3
2
0
-6
-14
-24
-36
-49
-62
-77
-90
-104
-116
-126
-135
-142
-146
-148
-147
-144
-139
-131
-121
-109
-94
-77
-58
-37
-14
9
34
60
85
108
130
150
166
178
186
191
191
188
182
174
164
153
140
128
115
103
91
79
68
58
47
37
27
18
10
2
-3
-8
-10
-11
-8
-4
3
12
23
35
47
59
70
80
88
94
99
102
105
107
109
111
114
117
119
122
123
122
119
112
102
89
71
50
25
-1
-30
-59
-89
-116
-142
-163
-181
-192
-198
-198
-192
-179
-161
-137
-110
-79
-45
-10
23
57
89
117
142
161
175
182
183
178
165
146
120
88
51
8
-38
-89
-142
-196
-251
-305
-358
-408
-453
-495
-530
-560
-583
-599
-607
-608
-601
-587
-565
-537
-502
-462
-416
-366
-313
-256
-196
-133
-67
1
73
148
225
305
386
467
546
623
694
758
812
856
887
904
907
896
871
832
782
722
654
581
503
424
344
264
185
108
32
-42
-114
-186
-255
-323
-389
-452
-511
-565
-615
-657
-692
-719
-737
-745
-744
-733
-712
-684
-647
-604
-555
-503
-447
-390
-332
-275
-218
-163
-110
-60
-13
29
69
105
136
163
185
202
216
225
232
236
238
239
240
241
242
244
248
252
256
261
266
269
272
272
271
267
260
251
239
226
211
194
177
158
139
120
100
80
60
39
18
-1
-21
-40
-58
-73
-86
-96
-102
-105
-105
-101
-94
-84
-73
-62
-50
-39
-29
-22
-18
-16
-17
-21
-27
-35
-44
-52
-59
-64
-67
-66
-60
-50
-36
-17
5
32
62
93
125
157
187
213
235
252
263
268
265
256
240
218
191
160
125
89
53
17
-16
-47
-75
-98
-117
-131
-141
-146
-147
-144
-139
-132
-124
-115
-106
-96
-87
-79
-71
-63
-56
-50
-43
-37
-30
-23
-16
-9
-2
4
10
17
22
26
30
32
32
31
28
23
16
7
-4
-18
-34
-52
-71
-93
-115
-137
-158
-178
-195
-208
-217
-220
-218
-209
-194
-173
-147
-117
-84
-49
-13
21
55
85
113
136
154
168
178
183
185
184
181
177
173
169
166
164
163
162
161
160
157
153
146
137
125
110
93
74
53
31
9
-12
-33
-54
-73
-91
-107
-121
-134
-145
-156
-165
-175
-184
-193
-202
-211
-221
-230
-238
-245
-250
-253
-254
-250
-243
-231
-215
-195
-171
-142
-111
-77
-42
-7
27
59
89
115
137
154
165
171
172
168
159
147
131
113
93
73
52
32
13
-4
-21
-36
-50
-62
-73
-83
-91
-98
-103
-106
-107
-106
-102
-96
-86
-73
-57
-37
-14
11
39
70
102
134
166
196
223
247
265
279
286
287
283
273
259
242
223
202
182
163
147
134
125
119
118
119
123
128
134
137
138
136
129
117
101
81
58
33
7
-17
-40
-61
-77
-89
-96
-99
-98
-94
-89
-83
-79
-78
-81
-90
-105
-126
-155
-189
-229
-273
-318
-364
-408
-448
-484
-513
-534
-548
-552
-548
-535
-513
-484
