-62
-56
-55
-58
-66
-78
-95
-115
-138
-162
-188
-215
-241
-267
-290
-311
-329
-344
-355
-361
-363
-362
-356
-348
-336
-322
-306
-288
-269
-249
-229
-208
-186
-164
-141
-117
-92
-67
-40
-12
16
45
75
106
136
164
190
213
232
245
252
252
245
230
210
183
153
119
83
47
14
-16
-42
-61
-74
-80
-78
-69
-53
-32
-6
23
54
85
116
145
171
194
213
229
240
248
252
253
250
245
236
225
211
195
175
152
127
98
65
31
-5
-43
-81
-119
-154
-185
-212
-234
-249
-257
-259
-254
-243
-228
-209
-188
-166
-144
-125
-108
-95
-86
-82
-83
-88
-96
-107
-121
-135
-149
-163
-176
-188
-198
-207
-216
-223
-230
-236
-242
-246
-249
-249
-246
-238
-224
-204
-176
-140
-96
-43
15
81
152
226
301
374
444
509
565
612
649
674
687
689
680
662
635
602
566
527
488
451
417
386
359
337
318
302
288
275
261
245
226
202
174
140
100
55
5
-48
-105
-162
-219
-274
-324
-369
-407
-437
-459
-471
-475
-471
-461
-444
-424
-401
-377
-353
-331
-311
-294
-281
-271
-264
-259
-256
-255
-253
-251
-248
-244
-237
-229
-219
-207
-193
-178
-162
-145
-127
-108
-87
-65
-40
-12
17
52
89
130
173
218
264
309
352
392
427
455
476
489
492
487
471
447
415
375
329
278
224
168
112
58
7
-39
-80
-114
-140
-158
-168
-170
-164
-151
-133
-110
-84
-57
-30
-4
18
37
52
62
67
67
62
52
39
23
5
-14
-34
-54
-74
-92
-109
-124
-136
-147
-156
-163
-169
-174
-179
-184
-191
-199
-209
-222
-238
-257
-279
-304
-331
-359
-386
-413
-438
-458
-474
-484
-487
-483
-471
-453
-427
-395
-357
-316
-271
-223
-174
-124
-75
-25
22
69
115
159
202
243
283
319
353
384
410
433
451
464
472
476
476
472
465
457
448
438
428
418
409
399
389
377
364
348
328
303
274
239
200
156
108
58
6
-44
-93
-138
-179
-213
-241
-261
-274
-279
-279
-272
-261
-247
-231
-214
-198
-183
-171
-161
-155
-153
-153
-157
-162
-168
-174
-179
-182
-183
-180
-173
-162
-148
-131
-112
-92
-72
-53
-34
-19
-5
5
13
20
26
32
39
48
60
76
98
125
157
194
236
280
326
372
416
456
490
516
534
541
538
522
495
458
410
353
290
221
150
78
7
-59
-121
-176
-222
-258
-285
-302
-308
-304
-291
-270
-242
-210
-174
-137
-99
-64
-33
-6
15
31
40
44
42
37
28
18
7
-1
-9
-12
-12
-6
4
20
41
65
93
122
150
178
202
221
235
242
242
234
218
195
163
125
80
30
-24
-82
-142
-202
-261
-317
-368
-412
-447
-473
-488
-491
-483
-463
-432
-392
-343
-289
-230
-170
-111
-54
-3
41
79
108
129
141
147
145
139
128
116
103
90
80
73
71
74
82
96
116
141
171
206
243
282
321
358
391
418
436
443
439
422
392
349
294
230
159
84
7
-66
-137
-200
-256
-302
-338
-364
-381
-391
-394
-393
-388
-381
-374
-369
-364
-363
-364
-368
-375
-383
-393
-402
-411
-417
-420
-419
-415
-406
-393
-377
-359
-338
-318
-297
-278
-261
-245
-231
-219
-208
-196
-184
-169
-152
-130
-104
-72
-36
5
50
99
149
199
247
293
335
372
404
431
453
470
484
495
504
512
520
526
532
537
540
540
535
526
509
486
454
413
365
308
243
173
98
20
-58
-136
-211
-282
-347
-406
-457
-500
-535
-562
-581
-594
-600
-600
-596
-588
-576
-561
-543
-523
-501
-476
-448
-419
-386
-351
-314
-273
-231
-186
-139
-90
-40
11
64
118
172
226
280
333
383
432
477
519
556
589
615
636
651
660
662
658
649
634
616
593
568
540
512
483
453
425
396
368
340
312
282
251
218
183
144
102
58
11
-36
-84
-132
-178
-220
-257
-288
-313
-329
-338
-339
-332
-318
-297
-272
-242
-210
-178
-147
-118
-95
-77
-66
-63
-69
-83
-106
-136
-173
-214
-259
-304
-348
-388
-422
-449
-465
-470
-464
-445
-415
-374
-323
-265
-202
-135
-68
-3
58
113
161
200
229
249
260
262
258
248
234
220
206
194
186
183
186
193
206
223
244
266
289
312
332
349
362
371
374
371
363
349
331
307
281
251
220
188
156
125
96
70
48
30
16
7
3
2
5
11
17
24
30
33
32
26
14
-3
-29
-60
-98
-140
-186
-234
-283
-330
-373
-411
-442
-465
-479
-484
-480
-466
-445
-417
-384
-346
-308
-268
-231
-196
-165
-139
-118
-101
-89
-80
-74
-70
-65
-60
-54
-44
-32
-17
1
22
45
69
93
116
136
153
165
170
170
161
146
124
95
61
23
-16
-56
-95
-131
-162
-188
-208
-221
-228
-228
-223
-213
-200
-183
-165
-146
-126
-106
-87
-69
-52
-35
-18
-2
13
30
47
64
83
102
123
144
165
187
210
232
255
277
299
320
340
358
374
386
394
398
397
390
377
358
333
303
267
228
185
139
93
47
2
-39
-77
-111
-139
-160
-175
-182
-182
-175
-161
-142
-118
-90
-61
-31
-2
23
46
64
77
84
85
79
68
51
29
4
-24
-54
-86
-118
-149
-179
-207
-232
-255
-274
-291
-304
-314
-320
-323
-322
-318
-311
-301
-288
-272
-254
-234
-212
-189
-165
-141
-117
-93
-70
-47
-26
-5
14
33
52
71
90
110
131
152
175
197
220
243
265
286
305
321
333
341
345
344
337
326
310
290
267
240
211
181
151
120
91
62
36
11
-10
-31
-49
-64
-78
-89
-99
-107
-113
-117
-121
-122
-122
-121
-119
-114
-109
-101
-92
-82
-70
-57
-43
-28
-13
0
14
27
38
48
56
62
68
72
76
79
83
87
92
98
103
108
111
112
111
105
96
82
63
40
12
-18
-51
-86
-120
-153
-184
-210
-232
-249
-259
-265
-264
-260
-251
-239
-226
-212
-198
-184
-172
-162
-153
-146
-141
-138
-135
-133
-131
-130
-127
-124
-119
-112
-103
-92
-79
-63
-46
-26
-6
15
37
58
78
97
114
129
141
151
158
164
167
168
167
165
161
156
150
143
135
126
115
104
91
78
63
48
33
18
4
-8
-19
-28
-34
-37
-37
-36
-32
-27
-22
-16
-11
-7
-3
0
2
4
8
13
20
29
41
56
74
94
116
137
159
178
193
205
211
210
203
189
168
142
111
76
39
2
-33
-67
-97
-122
-142
-156
-165
-170
-171
-169
-166
-164
-162
-163
-167
-174
-184
-198
-214
-232
-251
-270
-287
-302
-313
-320
-322
-318
-309
-294
-274
-249
-220
-186
-150
-110
-69
-26
16
60
103
145
186
225
263
300
335
369
402
435
466
497
526
553
578
599
616
628
632
630
619
599
569
530
482
426
362
291
215
136
55
-26
-107
-184
-255
-320
-377
-424
-460
-484
-497
-499
-490
-471
-445
-412
-374
-334
-293
-252
-213
-178
-146
-119
-96
-77
-63
-51
-41
-32
-24
-16
-6
4
16
29
43
57
70
81
90
96
98
97
92
83
70
54
36
15
-5
-28
-50
-71
-91
-108
-122
-133
-141
-144
-144
-140
-133
-123
-110
-94
-77
-58
-38
-17
2
22
41
58
75
89
101
112
120
126
131
133
133
131
128
122
114
105
93
80
65
48
31
12
-5
-23
-40
-55
-67
-76
-81
-82
-78
-69
-57
-41
-22
-1
20
41
60
77
89
96
97
92
81
64
41
13
-17
-51
-87
-123
-158
-190
-219
-243
-261
-274
-279
-278
-271
-258
-240
-219
-196
-172
-148
-127
-108
-92
-80
-73
-69
-67
-68
-70
-72
-72
-69
-62
-50
-32
-8
21
58
99
145
193
243
291
335
374
405
426
435
433
417
389
350
301
244
180
112
42
-28
-97
-163
-226
-284
-335
-380
-417
-446
-466
-476
-477
-469
-451
-424
-389
-347
-298
-245
-188
-130
-70
-12
43
95
143
185
221
250
272
286
293
294
288
277
261
242
222
200
178
157
137
119
104
92
82
75
71
70
70
72
75
78
82
85
87
88
89
88
86
84
81
79
77
76
76
78
81
85
91
98
106
113
121
128
133
137
137
135
129
119
106
89
69
45
20
-6
-33
-60
-85
-108
-129
-146
-159
-169
-175
-178
-179
-176
-172
-167
-160
-151
-142
-131
-119
-106
-91
-75
-57
-38
-18
1
21
39
57
72
85
94
101
104
103
98
88
74
55
32
4
-27
-63
-102
-143
-185
-228
-269
-308
-343
-371
-392
-403
-404
-393
-370
-334
-286
-228
-160
-85
-5
77
158
236
307
370
423
464
492
506
508
497
475
444
404
358
309
259
209
161
118
80
47
19
-2
-19
-34
-46
-57
-67
-79
-92
-107
-122
-139
-155
-170
-183
-192
-197
-196
-190
-179
-162
-141
-118
-93
-67
-43
-22
-4
9
18
22
23
20
16
10
5
0
-1
-2
0
4
11
19
27
35
41
46
48
48
45
41
34
28
21
15
11
10
12
18
28
41
58
77
98
119
140
159
175
187
194
196
193
184
169
150
127
100
72
42
12
-17
-46
-74
-99
-121
-141
-158
-170
-179
-185
-186
-184
-178
-171
-161
-151
-142
-134
-128
-125
-126
-130
-139
-151
-167
-184
-203
-221
-238
-252
-262
-266
-265
-258
-245
-226
-202
-174
-143
-110
-77
-46
-16
9
31
49
61
68
71
68
62
52
40
26
11
-2
-14
-24
-31
-35
-34
-30
-22
-11
2
18
35
53
69
85
99
110
118
124
127
127
126
124
122
120
120
123
127
135
146
159
175
192
211
229
247
264
280
292
302
309
311
310
304
294
280
261
238
211
181
148
113
76
39
1
-36
-72
-107
-139
-169
-196
-220
-241
-259
-275
-288
-298
-307
-314
-319
-322
-324
-324
-324
-322
-319
-315
-310
-303
-295
-284
-271
-255
-236
-214
-188
-159
-127
-93
-57
-21
13
47
79
107
132
151
165
173
176
172
164
150
133
113
91
69
48
29
13
1
-4
-5
0
9
23
42
63
86
109
131
151
169
183
193
200
203
202
199
194
187
180
172
164
157
149
142
135
127
119
109
97
84
70
53
35
15
-5
-28
-52
-78
-106
-136
-167
-200
-234
-268
-302
-334
-364
-390
-411
-425
-430
-426
-412
-387
-351
-305
-250
-187
-118
-45
29
104
177
245
308
363
410
448
477
498
510
514
513
506
496
482
467
452
436
421
406
391
377
362
346
328
307
282
253
219
180
134
83
27
-34
-99
-166
-235
-303
-369
-430
-484
-530
-566
-591
-602
-600
-585
-555
-514
-461
-398
-328
-254
-178
-103
-32
30
85
127
157
174
177
167
146
115
77
34
-11
-56
-99
-137
-170
-194
-210
-217
-216
-205
-188
-164
-134
-102
