-137
-170
-198
-223
-243
-261
-275
-286
-292
-294
-291
-282
-265
-241
-210
-170
-123
-70
-11
52
117
183
247
308
362
408
445
471
486
491
484
466
439
403
360
311
257
199
139
78
17
-42
-99
-152
-199
-239
-271
-293
-305
-304
-292
-267
-231
-184
-129
-68
-3
63
127
186
238
279
309
326
328
316
290
251
199
138
68
-8
-87
-168
-248
-324
-393
-454
-503
-540
-562
-567
-557
-529
-484
-424
-350
-265
-171
-70
32
134
233
325
409
481
540
584
614
629
630
618
594
560
518
471
420
368
316
265
218
176
139
107
82
63
50
43
41
42
47
53
61
68
75
80
84
85
85
83
81
78
76
74
74
75
78
82
87
91
94
94
91
83
69
49
23
-8
-46
-89
-134
-180
-226
-268
-306
-337
-360
-373
-376
-369
-352
-326
-292
-252
-207
-159
-111
-63
-18
23
61
93
121
143
160
174
183
189
193
194
194
191
188
182
176
168
158
147
134
119
102
84
65
44
22
0
-23
-45
-67
-87
-105
-120
-133
-142
-149
-153
-155
-155
-153
-152
-150
-150
-150
-153
-158
-165
-175
-186
-199
-212
-226
-239
-251
-260
-266
-269
-268
-263
-254
-241
-226
-208
-188
-167
-146
-125
-104
-85
-67
-49
-33
-18
-4
10
24
39
55
71
88
105
122
139
155
169
181
191
197
199
197
192
183
171
157
141
124
106
87
69
51
33
16
-1
-18
-34
-51
-66
-81
-95
-108
-119
-128
-135
-140
-144
-146
-147
-148
-149
-151
-154
-159
-164
-171
-179
-186
-194
-200
-204
-206
-204
-197
-186
-169
-147
-119
-86
-49
-7
36
81
126
170
211
248
280
305
324
336
341
339
331
317
298
276
251
223
194
164
134
105
76
48
21
-3
-27
-49
-69
-86
-101
-114
-124
-131
-135
-136
-134
-130
-123
-116
-107
-97
-88
-78
-70
-63
-56
-50
-44
-39
-32
-25
-16
-5
8
23
41
60
80
100
120
138
154
167
176
180
178
171
157
139
115
86
55
20
-14
-50
-84
-116
-143
-166
-183
-194
-199
-196
-188
-173
-153
-129
-102
-72
-40
-8
23
54
83
111
136
159
178
195
207
217
222
224
222
216
206
193
177
157
136
112
88
63
39
16
-4
-21
-36
-46
-53
-57
-57
-55
-50
-45
-39
-34
-29
-26
-24
-24
-27
-31
-37
-45
-53
-63
-73
-83
-92
-101
-110
-117
-123
-128
-132
-135
-138
-139
-140
-140
-140
-139
-137
-134
-129
-121
-109
-94
-75
-51
-22
10
46
85
125
165
202
236
263
283
295
297
291
276
254
226
194
160
126
93
64
40
20
6
-3
-8
-10
-9
-8
-6
-5
-6
-9
-14
-22
-33
-44
-58
-71
-85
-97
-108
-116
-122
-124
-123
-117
-107
-94
-76
-55
-32
-5
22
50
79
105
130
151
167
179
184
183
176
162
142
116
85
49
9
-33
-78
-125
-172
-220
-266
-309
-350
-386
-417
-442
-459
-468
-468
-459
-442
-415
-381
-339
-292
-240
-185
-130
-75
-22
26
70
109
142
168
189
205
215
222
227
229
230
230
231
232
232
234
235
236
236
236
236
234
231
228
224
219
213
206
198
189
178
165
150
132
110
86
60
31
0
-31
-62
-92
-120
-144
-163
-177
-186
-188
-184
-174
-158
-139
-117
-93
-69
-47
-29
-15
-6
-4
-8
-18
-34
-55
-79
-106
-132
-157
-179
-197
-208
-214
-212
-203
-188
-166
-140
-110
-78
-45
-14
15
41
63
81
95
104
110
114
116
116
117
117
119
122
125
129
134
139
144
147
149
148
145
139
130
119
104
88
70
51
32
14
-3
-18
-32
-45
-55
-64
-71
-78
-85
-92
-99
-107
-115
-123
-130
-136
-140
-142
-140
-134
-125
-111
-94
-72
-48
-22
5
33
62
89
114
136
156
171
182
188
190
186
178
166
151
133
113
94
75
59
46
37
34
36
45
60
80
104
131
160
187
211
229
239
240
230
210
180
141
97
49
0
-45
-86
-120
-145
-161
-167
-164
-154
-138
-119
-99
-81
-66
-57
-55
-61
-75
-97
-127
-163
-204
-248
-292
-335
-375
-410
-437
-457
-467
-469
-460
-442
-416
-382
-341
-295
-245
-192
-139
-87
-37
8
51
88
120
147
170
188
202
215
225
234
242
249
256
262
268
272
273
272
268
259
246
229
207
180
149
116
80
43
6
-28
-61
-89
-113
-130
-141
-146
-143
-134
-118
-97
-72
-44
-15
13
41
65
86
102
113
119
122
122
119
117
115
115
117
123
132
143
157
172
186
198
207
212
210
201
184
159
125
84
36
-15
-72
-130
-187
-241
-290
-332
-366
-389
-402
-404
-394
-374
-345
-306
-260
-210
-155
-100
-46
4
50
89
120
141
153
154
146
129
105
74
39
1
-37
-76
-112
-146
-174
-198
-216
-227
-233
-231
-224
-211
-193
-170
-143
-113
-81
-48
-14
17
48
77
103
126
146
163
176
187
194
200
203
204
204
202
200
197
194
191
189
188
189
193
199
208
219
233
247
262
277
290
300
306
308
304
295
280
260
235
206
175
141
108
74
43
13
-12
-36
-56
-74
-89
-102
-114
-124
-134
-143
-152
-160
-167
-172
-175
-176
-175
-171
-165
-157
-147
-136
-124
-113
-103
-94
-88
-84
-83
-85
-89
-96
-104
-113
-123
-133
-142
-149
-156
-161
-165
-167
-168
-167
-166
-164
-161
-158
-155
-152
-149
-146
-144
-142
-142
-142
-144
-146
-150
-154
-159
-164
-170
-176
-180
-184
-186
-187
-184
-178
-168
-154
-136
-113
-87
-57
-23
11
48
85
121
155
186
214
236
253
265
270
269
262
250
233
212
188
162
137
112
90
71
56
47
43
45
52
65
81
101
123
146
168
188
204
216
221
221
213
198
177
149
115
78
39
-1
-40
-76
-108
-135
-155
-170
-178
-179
-176
-168
-156
-140
-122
-102
-80
-56
-32
-6
19
45
70
94
115
133
146
155
158
155
146
132
113
90
64
36
8
-17
-41
-61
-75
-84
-87
-83
-73
-58
-37
-14
11
38
66
91
114
134
149
160
165
165
159
149
134
116
94
70
45
20
-3
-27
-48
-67
-83
-96
-106
-114
-119
-122
-123
-122
-119
-115
-110
-103
-94
-84
-72
-59
-44
-28
-12
3
17
29
37
40
38
30
15
-5
-32
-64
-100
-138
-176
-211
-242
-267
-284
-291
-289
-277
-255
-224
-184
-138
-87
-33
22
78
132
183
230
272
308
338
362
380
393
400
403
402
397
388
377
362
345
325
302
277
249
219
187
152
116
78
39
0
-38
-76
-113
-148
-180
-210
-236
-258
-277
-292
-303
-312
-318
-322
-325
-327
-328
-330
-332
-333
-335
-335
-335
-332
-327
-319
-306
-290
-269
-245
-217
-187
-156
-124
-93
-65
-41
-21
-6
2
6
4
-1
-11
-24
-37
-51
-63
-73
-79
-81
-79
-72
-60
-45
-27
-6
16
39
62
84
105
125
142
158
171
183
192
200
205
210
213
215
216
217
217
217
216
215
214
212
209
205
199
191
182
170
155
138
118
95
71
44
17
-11
-39
-66
-92
-115
-136
-154
-168
-179
-187
-191
-192
-189
-184
-176
-166
-153
-138
-120
-102
-82
-60
-38
-16
5
26
46
64
80
94
106
115
123
128
131
133
134
135
134
133
131
128
124
117
109
98
85
68
49
27
4
-19
-42
-63
-80
-92
-97
-94
-83
-63
-35
0
42
88
136
183
227
265
294
313
321
316
299
270
231
183
128
69
8
-52
-110
-165
-214
-256
-291
-318
-337
-347
-350
-345
-333
-316
-292
-263
-229
-191
-149
-102
-52
0
54
110
165
218
268
312
349
377
395
402
397
381
353
316
269
215
157
97
37
-18
-69
-112
-146
-168
-180
-180
-170
-150
-122
-89
-53
-17
18
49
76
96
109
114
112
104
89
70
46
19
-9
-39
-69
-99
-129
-158
-184
-209
-232
-252
-270
-285
-297
-306
-313
-317
-319
-318
-314
-307
-296
-282
-263
-240
-212
-179
-141
-99
-54
-8
38
84
126
163
194
217
231
235
231
217
197
170
138
105
72
41
15
-5
-18
-23
-21
-10
6
29
56
84
114
141
165
184
195
199
194
180
156
123
82
33
-21
-81
-142
-202
-261
-314
-361
-398
-425
-441
-444
-435
-414
-383
-342
-294
-240
-184
-126
-70
-16
33
77
114
146
171
189
203
211
216
217
217
215
212
209
206
204
202
201
200
199
197
195
191
187
180
171
160
147
131
112
91
69
44
19
-7
-33
-59
-85
-109
-131
-151
-169
-184
-196
-205
-211
-214
-214
-211
-206
-198
-188
-176
-161
-145
-127
-108
-88
-66
-44
-22
0
22
45
66
87
107
125
141
155
167
176
182
187
188
188
185
181
176
170
163
156
148
139
130
118
105
89
71
50
28
3
-21
-47
-71
-94
-114
-130
-142
-148
-149
-145
-137
-124
-108
-90
-70
-51
-32
-15
0
13
24
34
43
52
61
72
84
100
118
138
160
184
208
232
254
274
290
302
308
308
301
287
264
234
196
151
99
43
-15
-75
-135
-191
-243
-287
-324
-351
-368
-375
-371
-358
-336
-306
-271
-230
-187
-143
-99
-57
-18
15
43
65
80
87
86
79
64
44
18
-10
-41
-73
-103
-130
-152
-169
-178
-180
-174
-160
-139
-113
-83
-49
-16
16
47
73
95
112
124
131
135
135
134
133
133
135
139
146
157
171
188
207
227
248
269
287
304
317
325
329
327
320
306
287
262
232
197
158
116
72
26
-19
-64
-108
-149
-187
-222
-253
-280
-302
-321
-336
-347
-354
-359
-361
-359
-356
-350
-341
-330
-317
-302
-284
-265
-245
-223
-201
-178
-155
-133
-111
-91
-73
-57
-44
-34
-28
-26
-29
-37
-48
-63
-81
-101
-122
-142
-161
-178
-191
-199
-203
-201
-194
-180
-161
-137
-108
-74
-35
6
51
97
145
194
241
286
327
364
395
418
433
438
433
419
394
359
317
269
217
163
111
62
19
-15
-41
-57
-63
-60
-48
-29
-5
21
48
74
96
114
126
130
127
116
99
76
48
17
-13
-45
-74
-99
-119
-134
-142
-144
-140
-130
-116
-99
-80
-61
-43
-26
-13
-3
1
2
0
-6
-17
-30
-46
-63
-82
-102
-123
-144
-164
-185
-205
-223
-240
-255
-266
-274
-278
-277
-271
-259
-243
-221
-194
-164
-131
-96
-60
-24
10
44
74
101
124
142
156
165
170
170
166
159
148
135
120
103
86
69
53
38
24
13
5
0
-2
-1
2
8
16
27
38
50
63
74
85
95
103
110
116
121
125
129
131
134
137
140
143
147
152
158
166
175
186
199
213
229
246
263
280
295
308
317
323
323
318
308
291
