27
4
-19
-43
-67
-87
-104
-116
-123
-124
-119
-110
-95
-77
-57
-36
-15
3
20
35
46
54
59
60
60
57
54
50
47
44
43
43
45
49
54
59
66
72
79
84
88
90
91
89
85
79
70
60
48
34
20
5
-9
-24
-38
-51
-62
-71
-78
-83
-85
-85
-83
-79
-72
-65
-56
-47
-37
-27
-16
-6
4
14
24
33
42
50
57
63
67
71
73
74
74
72
69
66
62
58
55
52
52
53
57
64
74
86
100
115
131
145
158
168
175
178
176
170
159
145
127
106
84
61
39
18
0
-13
-24
-29
-29
-25
-15
-1
14
32
51
67
80
88
90
84
70
47
17
-20
-63
-112
-164
-217
-270
-320
-366
-408
-442
-469
-489
-500
-503
-499
-488
-472
-450
-425
-397
-366
-334
-301
-267
-233
-197
-161
-123
-84
-44
-1
42
89
136
184
232
279
324
366
403
435
459
475
482
479
466
442
408
365
313
254
191
125
58
-6
-66
-121
-168
-206
-234
-252
-259
-257
-247
-228
-204
-175
-143
-110
-78
-49
-22
0
17
30
38
43
43
41
38
33
29
26
24
23
25
28
34
41
49
58
67
76
85
92
97
100
101
100
95
88
77
64
48
30
10
-12
-36
-62
-88
-115
-142
-168
-193
-216
-236
-254
-268
-279
-285
-287
-285
-278
-267
-252
-232
-208
-180
-150
-116
-80
-43
-5
31
67
101
132
160
184
204
219
229
235
237
234
227
217
203
187
169
150
130
110
90
71
53
36
22
8
-3
-14
-23
-31
-37
-42
-45
-47
-48
-47
-44
-41
-36
-30
-23
-15
-7
1
10
20
29
38
47
53
59
61
62
60
55
48
38
27
16
5
-3
-10
-12
-9
0
14
37
65
100
139
182
225
268
307
341
369
387
395
393
379
355
321
278
228
174
117
60
4
-47
-94
-135
-170
-197
-218
-232
-240
-243
-243
-240
-236
-231
-226
-222
-219
-217
-216
-216
-215
-213
-209
-202
-193
-180
-164
-146
-126
-105
-83
-62
-42
-25
-9
2
11
17
21
22
23
22
22
23
24
28
33
41
50
60
70
80
90
97
102
104
103
99
92
83
71
58
43
29
15
3
-7
-15
-21
-24
-24
-21
-15
-7
3
15
28
43
58
74
90
106
121
137
151
165
178
189
200
208
215
221
223
224
221
215
206
192
175
153
127
96
60
21
-21
-68
-117
-168
-220
-272
-323
-371
-416
-457
-492
-521
-543
-558
-565
-565
-559
-546
-529
-508
-483
-457
-430
-402
-373
-346
-318
-290
-263
-235
-207
-177
-145
-112
-76
-37
3
48
94
142
192
242
291
339
385
427
464
496
521
540
552
556
553
543
526
503
475
443
407
369
330
290
250
213
177
144
115
88
64
42
23
5
-11
-28
-45
-63
-82
-101
-121
-142
-162
-182
-201
-218
-232
-243
-250
-253
-252
-246
-237
-223
-207
-189
-169
-149
-130
-113
-98
-86
-77
-72
-69
-70
-73
-78
-83
-90
-95
-100
-103
-105
-104
-102
-98
-93
-86
-78
-70
-60
-51
-40
-30
-18
-7
4
17
29
42
56
69
83
96
109
121
132
140
147
151
152
151
147
142
134
126
117
109
101
95
91
88
88
89
92
97
102
107
112
116
119
120
118
114
107
98
87
75
61
46
31
17
3
-9
-20
-30
-38
-44
-48
-50
-50
-49
-47
-44
-40
-35
-31
-28
-25
-23
-22
-22
-23
-24
-25
-26
-26
-25
-23
-19
-13
-4
5
17
31
47
63
81
98
114
129
142
151
157
159
156
148
136
120
101
78
54
29
5
-16
-36
-52
-64
-71
-74
-73
-68
-61
-52
-43
-34
-27
-22
-19
-19
-21
-26
-34
-42
-51
-60
-69
-77
-83
-88
-90
-91
-90
-88
-84
-80
-75
-69
-64
-58
-53
-48
-44
-40
-36
-32
-29
-26
-23
-20
-17
-14
-10
-7
-4
-1
0
2
2
0
-1
-5
-10
-17
-24
-31
-39
-46
-52
-58
-61
-63
-62
-59
-53
-46
-36
-23
-9
5
22
39
56
73
89
103
115
125
131
135
135
133
127
119
108
96
83
70
57
45
35
26
19
13
9
4
0
-4
-12
-21
-34
-50
-69
-90
-113
-136
-159
-179
-196
-208
-214
-213
-205
-189
-168
-140
-108
-73
-37
-2
30
58
80
95
103
103
95
81
61
36
8
-21
-50
-78
-103
-124
-141
-154
-161
-165
-164
-161
-156
-150
-143
-137
-131
-127
-123
-120
-117
-113
-107
-99
-89
-75
-57
-37
-14
11
37
64
90
114
134
152
165
174
178
178
174
166
156
143
130
116
102
89
78
70
64
60
59
61
66
72
80
89
99
109
118
125
131
134
133
129
121
109
93
73
50
25
-1
-30
-58
-85
-111
-135
-155
-173
-186
-195
-200
-200
-196
-188
-176
-162
-144
-124
-103
-82
-60
-40
-20
-3
10
22
31
37
41
43
44
45
45
47
51
56
64
74
87
102
118
136
154
172
188
204
217
226
233
234
232
224
211
194
172
145
116
84
51
17
-15
-47
-76
-101
-123
-140
-153
-160
-163
-160
-153
-142
-128
-111
-93
-74
-54
-36
-18
-1
12
25
36
44
50
54
55
54
51
46
39
33
26
21
17
16
19
25
35
48
65
84
103
122
139
151
159
160
153
139
117
88
52
11
-32
-78
-123
-166
-205
-238
-264
-282
-291
-291
-282
-264
-239
-207
-171
-130
-88
-45
-4
33
68
98
123
144
160
172
182
189
195
201
206
212
218
225
231
237
241
242
241
235
225
209
188
160
127
89
46
0
-48
-97
-147
-194
-239
-280
-316
-346
-369
-386
-395
-396
-391
-378
-359
-334
-304
-270
-233
-195
-155
-116
-79
-44
-12
14
38
56
70
80
85
87
87
85
83
81
80
80
83
87
93
100
107
114
119
122
121
117
107
93
75
52
25
-3
-34
-65
-96
-124
-148
-168
-182
-191
-194
-191
-183
-170
-155
-137
-119
-100
-84
-69
-58
-50
-46
-46
-49
-54
-61
-68
-74
-79
-80
-77
-69
-56
-37
-13
15
48
84
122
161
199
235
268
296
319
335
345
347
342
330
311
286
256
222
185
146
107
67
29
-7
-41
-71
-99
-123
-142
-158
-171
-179
-185
-188
-188
-186
-181
-175
-167
-157
-145
-130
-114
-95
-75
-53
-30
-5
19
44
69
94
118
142
166
189
210
231
249
264
276
284
287
286
279
267
250
228
202
173
142
108
75
41
9
-20
-47
-71
-92
-108
-120
-129
-134
-137
-137
-137
-136
-135
-136
-139
-145
-154
-166
-182
-202
-224
-249
-276
-304
-331
-357
-380
-397
-410
-415
-412
-401
-381
-353
-317
-275
-226
-174
-119
-64
-9
43
91
134
171
201
224
239
247
249
245
236
224
208
192
176
160
146
135
127
122
121
123
128
135
144
154
163
171
178
182
184
183
179
173
164
153
140
126
111
96
80
64
49
33
19
5
-7
-18
-29
-38
-46
-52
-57
-61
-63
-63
-63
-61
-58
-55
-51
-47
-43
-40
-37
-36
-35
-35
-36
-38
-40
-43
-46
-49
-51
-54
-56
-59
-61
-64
-67
-71
-75
-80
-86
-92
-99
-105
-111
-116
-120
-122
-123
-122
-120
-116
-110
-104
-98
-92
-86
-81
-76
-73
-70
-67
-65
-62
-57
-51
-42
-31
-17
0
18
41
65
92
120
149
178
207
234
260
284
304
320
332
339
341
336
325
308
283
253
217
177
133
86
37
-10
-57
-102
-143
-181
-213
-240
-260
-275
-283
-284
-280
-269
-252
-230
-204
-174
-141
-106
-70
-33
1
34
66
94
118
137
153
163
168
168
163
154
141
126
109
90
72
54
37
23
11
2
-4
-8
-10
-11
-10
-9
-8
-7
-6
-5
-5
-5
-4
-3
-2
0
3
7
12
17
23
29
34
39
42
45
45
44
41
36
29
21
11
1
-9
-20
-30
-40
-49
-56
-63
-69
-73
-77
-81
-84
-87
-90
-92
-94
-95
-95
-94
-92
-88
-84
-77
-70
-61
-51
-41
-31
-21
-13
-6
-2
-2
-5
-12
-24
-41
-62
-86
-113
-141
-169
-197
-222
-244
-262
-275
-282
-284
-280
-271
-256
-237
-215
-190
-163
-136
-108
-82
-58
-36
-16
0
15
27
39
50
60
70
81
93
105
118
132
146
159
173
185
197
207
215
222
228
231
233
233
232
230
226
222
218
213
209
204
201
198
195
193
191
189
186
182
176
168
157
143
126
107
86
63
39
16
-5
-25
-43
-57
-69
-76
-80
-80
-78
-73
-67
-59
-51
-43
-36
-30
-26
-24
-25
-27
-32
-38
-45
-54
-64
-73
-83
-93
-101
-110
-117
-122
-126
-128
-128
-125
-120
-113
-104
-92
-79
-65
-50
-36
-23
-11
-2
4
8
8
4
-2
-12
-25
-41
-57
-74
-91
-106
-118
-126
-130
-130
-124
-113
-98
-79
-56
-31
-5
21
47
71
93
111
126
136
141
142
139
131
120
106
90
74
59
44
32
23
18
16
18
24
33
46
60
75
91
107
122
137
149
160
170
178
185
190
195
198
200
201
200
197
192
185
174
160
144
124
102
77
50
22
-5
-33
-60
-85
-108
-128
-146
-160
-171
-178
-184
-187
-188
-188
-187
-185
-183
-182
-180
-179
-179
-178
-177
-177
-176
-175
-172
-169
-165
-159
-151
-143
-132
-121
-109
-96
-83
-71
-59
-48
-39
-31
-25
-21
-19
-19
-21
-24
-28
-34
-40
-47
-55
-62
-68
-74
-78
-81
-82
-81
-78
-73
-67
-58
-48
-36
-23
-7
8
26
45
64
84
103
122
141
158
173
186
196
204
208
210
208
203
196
186
174
162
148
136
124
115
108
104
103
105
111
120
131
144
157
169
179
185
187
182
171
153
127
96
58
17
-26
-72
-116
-159
-198
-232
-261
-283
-298
-306
-307
-302
-290
-273
-252
-228
-201
-172
-144
-116
-89
-65
-43
-25
-9
2
10
15
17
17
13
8
1
-5
-13
-20
-26
-29
-28
-24
-16
-3
14
35
60
87
116
144
171
196
216
233
244
249
248
241
227
209
185
156
125
91
55
19
-17
-52
-85
-117
-146
-171
-194
-213
-229
-242
-252
-259
-264
-267
-268
-268
-267
-264
-260
-255
-247
-238
-228
-215
-200
-183
-164
-144
-123
-101
-80
-58
-37
-18
0
15
28
40
50
58
66
74
83
94
107
124
144
167
194
224
256
290
324
359
392
423
451
475
493
505
510
507
497
478
451
418
378
335
289
241
194
149
106
66
30
-1
-31
-59
-85
-111
-137
-165
-196
-229
-264
-302
-342
-383
-424
-464
-501
-535
-563
-586
-602
-610
-611
-603
-588
-565
-534
-498
-456
-410
-361
-310
-257
-205
-154
-105
-58
-14
26
63
