-101
-118
-135
-151
-165
-177
-187
-193
-196
-195
-190
-182
-171
-156
-138
-118
-96
-73
-49
-25
-2
20
41
62
81
99
115
130
143
153
161
166
168
166
160
150
137
121
102
81
60
39
19
2
-10
-18
-22
-19
-11
3
22
46
73
101
130
158
183
205
222
234
240
240
234
223
207
188
165
140
115
89
65
43
24
8
-3
-11
-15
-15
-11
-5
2
11
22
32
41
50
58
66
73
80
87
94
102
111
121
132
144
155
167
179
190
200
208
213
215
214
209
200
186
168
146
121
92
62
31
0
-31
-62
-91
-119
-146
-171
-194
-217
-238
-258
-278
-297
-316
-333
-348
-361
-371
-376
-376
-370
-357
-336
-308
-273
-230
-181
-127
-69
-10
49
107
162
212
256
292
320
340
351
354
349
337
320
297
271
242
212
182
152
123
96
72
51
32
17
4
-6
-15
-23
-30
-38
-47
-57
-68
-81
-94
-108
-122
-136
-148
-159
-168
-174
-177
-178
-176
-171
-165
-156
-146
-136
-124
-113
-102
-91
-81
-71
-61
-51
-42
-32
-22
-13
-3
5
14
22
29
34
39
43
46
48
50
52
53
55
56
56
56
54
51
47
40
32
22
10
-2
-15
-27
-38
-47
-53
-56
-55
-51
-43
-31
-17
-2
14
30
46
60
72
81
86
87
85
80
71
60
47
34
21
8
-1
-10
-15
-17
-17
-14
-8
-1
5
13
21
27
32
35
36
35
33
30
27
24
23
23
25
30
38
49
63
78
96
113
131
147
160
170
176
178
174
165
151
132
109
83
53
22
-10
-43
-76
-109
-140
-169
-196
-220
-241
-259
-274
-284
-290
-291
-288
-281
-268
-251
-229
-204
-175
-143
-109
-74
-40
-6
24
51
75
93
105
111
111
105
92
75
52
26
-1
-32
-62
-91
-118
-142
-162
-176
-184
-187
-183
-173
-156
-134
-106
-74
-38
0
39
80
120
158
193
223
250
270
285
293
295
291
281
266
247
224
200
174
148
122
98
77
58
41
27
16
7
0
-6
-12
-17
-21
-26
-31
-36
-42
-48
-54
-60
-66
-72
-78
-83
-88
-93
-97
-101
-105
-108
-112
-117
-122
-127
-134
-141
-148
-156
-163
-170
-176
-181
-183
-183
-179
-172
-162
-147
-128
-105
-79
-51
-22
6
35
61
85
105
121
132
139
142
142
139
135
130
126
124
124
129
138
151
168
190
214
239
264
287
307
321
329
330
323
308
286
257
222
184
144
103
62
24
-9
-40
-67
-90
-109
-126
-141
-155
-169
-185
-203
-224
-247
-272
-298
-324
-349
-370
-385
-393
-391
-380
-358
-325
-282
-229
-168
-101
-30
42
113
180
242
296
342
377
403
419
427
426
420
408
393
375
355
333
311
287
262
235
207
178
146
113
79
43
7
-28
-63
-97
-129
-159
-186
-209
-229
-245
-257
-266
-271
-273
-272
-268
-262
-253
-242
-228
-211
-191
-169
-144
-117
-89
-60
-31
-4
20
43
62
76
86
91
92
88
79
67
53
36
19
2
-14
-29
-42
-53
-62
-70
-75
-80
-83
-86
-89
-91
-94
-96
-98
-99
-100
-100
-98
-94
-89
-81
-71
-59
-45
-29
-12
4
21
38
52
64
72
76
76
72
63
50
35
17
-1
-20
-38
-54
-68
-77
-82
-83
-79
-71
-58
-43
-25
-7
10
26
39
48
52
51
44
31
14
-6
-30
-55
-79
-100
-117
-128
-131
-125
-109
-85
-52
-12
33
80
127
171
208
237
256
263
257
240
210
172
125
73
19
-34
-84
-130
-168
-197
-217
-227
-228
-220
-206
-187
-164
-139
-115
-92
-71
-53
-38
-26
-16
-7
0
7
15
25
35
47
59
71
82
91
97
100
99
93
83
69
52
33
13
-5
-23
-37
-47
-53
-53
-48
-38
-24
-7
12
32
53
73
91
106
120
130
138
143
146
146
144
140
133
125
113
99
82
62
39
15
-10
-35
-60
-84
-104
-121
-134
-142
-144
-142
-135
-124
-110
-93
-75
-56
-37
-21
-7
3
11
14
14
11
5
-2
-11
-19
-27
-33
-37
-38
-36
-31
-23
-12
1
17
36
57
80
105
133
161
191
221
250
278
303
324
341
352
356
353
343
326
301
269
231
188
141
91
40
-9
-57
-103
-143
-178
-206
-228
-242
-250
-252
-247
-238
-224
-207
-187
-166
-144
-123
-102
-83
-66
-52
-40
-31
-24
-19
-14
-9
-3
6
19
37
61
91
127
168
212
258
303
344
380
405
418
416
398
361
306
233
144
40
-74
-197
-322
-444
-560
-664
-751
-818
-863
-882
-877
-846
-792
-718
-626
-521
-406
-287
-166
-50
59
158
245
318
375
416
443
455
455
444
424
398
368
336
303
271
241
213
188
167
148
131
117
104
93
82
73
63
55
47
39
33
27
23
21
20
21
23
27
31
35
39
42
43
41
36
28
16
1
-16
-38
-61
-86
-111
-135
-157
-177
-192
-203
-209
-210
-206
-196
-183
-167
-149
-129
-110
-93
-77
-65
-57
-53
-53
-57
-65
-76
-90
-105
-121
-138
-153
-166
-177
-185
-188
-188
-183
-174
-161
-143
-123
-98
-72
-43
-14
15
44
72
97
120
138
153
163
169
169
165
156
143
125
104
81
55
30
6
-15
-33
-45
-50
-49
-40
-23
0
31
66
104
143
182
217
248
273
290
299
299
291
275
252
223
190
153
116
78
42
9
-19
-44
-64
-78
-87
-91
-89
-84
-75
-63
-49
-35
-21
-8
2
9
13
12
6
-4
-21
-42
-68
-97
-129
-161
-192
-220
-244
-261
-270
-270
-260
-240
-209
-168
-119
-62
-1
63
129
192
251
304
347
380
401
408
402
382
349
304
248
185
115
42
-30
-102
-168
-227
-277
-317
-344
-360
-363
-355
-336
-308
-272
-230
-185
-137
-89
-43
0
41
78
110
138
161
180
194
205
212
215
215
212
205
196
183
167
148
128
105
82
58
34
11
-9
-28
-44
-56
-64
-69
-69
-66
-59
-49
-36
-22
-7
6
21
33
43
51
56
59
59
57
54
50
47
44
42
41
42
44
46
48
49
48
44
36
23
4
-18
-47
-80
-117
-157
-198
-239
-279
-317
-350
-377
-399
-413
-419
-418
-408
-390
-366
-335
-299
-258
-215
-169
-124
-79
-35
4
41
74
102
126
145
160
170
176
178
178
174
167
159
149
138
127
115
104
93
84
75
68
63
60
58
59
61
66
72
80
89
99
110
120
130
139
147
153
156
157
156
151
143
132
118
100
80
58
33
7
-19
-46
-73
-99
-123
-145
-164
-179
-191
-199
-203
-203
-201
-197
-192
-187
-182
-178
-176
-175
-176
-178
-181
-184
-186
-187
-186
-182
-175
-164
-150
-131
-109
-83
-53
-20
14
51
89
128
165
202
236
267
295
320
340
356
368
376
379
378
372
362
348
329
306
278
246
208
167
121
71
19
-35
-91
-147
-200
-250
-294
-330
-358
-375
-381
-375
-357
-329
-290
-243
-189
-130
-68
-6
54
111
162
207
244
272
291
301
301
293
277
255
228
197
164
130
97
66
37
12
-8
-24
-37
-46
-53
-56
-59
-60
-60
-60
-60
-59
-58
-55
-51
-44
-35
-23
-8
8
27
48
70
92
114
134
152
167
178
186
189
188
184
175
162
147
129
110
89
68
47
26
6
-13
-31
-49
-66
-83
-98
-114
-129
-145
-160
-176
-193
-210
-227
-244
-261
-278
-294
-308
-320
-329
-335
-337
-335
-328
-316
-299
-278
-252
-221
-187
-149
-109
-66
-22
22
67
111
154
195
234
269
301
328
350
367
377
382
380
371
355
333
304
270
232
189
144
97
50
4
-39
-80
-118
-151
-179
-202
-220
-233
-242
-246
-247
-245
-240
-233
-224
-213
-202
-188
-174
-158
-142
-124
-105
-86
-67
-47
-28
-10
6
21
33
44
52
57
60
61
60
58
54
50
45
40
34
28
21
14
5
-2
-12
-22
-32
-42
-52
-61
-69
-75
-78
-80
-79
-75
-70
-62
-54
-44
-33
-23
-13
-4
2
9
14
17
19
20
21
22
24
27
31
37
46
56
69
83
99
115
131
146
160
172
181
187
190
189
186
179
169
157
143
127
110
93
75
57
40
22
5
-10
-27
-42
-57
-72
-85
-96
-107
-115
-121
-124
-124
-122
-116
-107
-95
-80
-63
-43
-22
-1
19
39
56
70
81
87
88
84
76
63
47
28
8
-12
-33
-52
-69
-83
-93
-100
-104
-104
-102
-96
-90
-81
-72
-63
-53
-43
-32
-22
-10
1
13
27
41
55
69
83
96
107
115
121
123
121
115
103
87
66
41
11
-20
-54
-89
-123
-154
-181
-202
-216
-222
-220
-209
-189
-162
-128
-89
-47
-4
39
80
117
149
176
197
212
222
228
231
232
232
233
236
240
247
255
265
274
282
286
286
280
266
242
210
168
117
59
-4
-71
-139
-207
-270
-326
-375
-415
-444
-462
-471
-469
-460
-442
-419
-392
-360
-327
-292
-255
-219
-181
-143
-105
-66
-26
13
54
94
134
173
211
245
276
302
324
339
348
350
347
337
323
303
280
254
226
197
167
137
107
78
50
22
-2
-27
-49
-70
-88
-105
-120
-133
-144
-153
-161
-167
-172
-175
-176
-176
-174
-170
-165
-158
-149
-138
-126
-111
-95
-78
-60
-41
-22
-3
14
30
45
58
68
76
82
85
86
85
83
79
75
71
67
62
59
55
52
50
48
45
42
39
34
28
21
12
2
-9
-22
-35
-49
-62
-74
-84
-92
-98
-100
-98
-94
-86
-75
-61
-45
-28
-9
8
25
41
56
67
76
82
84
82
78
70
59
47
32
17
2
-11
-24
-36
-44
-50
-53
-53
-51
-45
-38
-29
-19
-10
-1
5
10
11
10
4
-4
-17
-34
-53
-75
-98
-122
-145
-167
-186
-203
-215
-223
-225
-223
-216
-204
-189
-170
-148
-125
-102
-79
-57
-37
-18
-1
13
27
40
54
67
81
96
112
128
145
161
177
191
204
214
222
227
229
229
226
221
215
208
200
191
181
171
161
149
136
122
105
87
67
45
21
-3
-29
-54
-78
-100
-118
-131
-140
-144
-141
-133
-119
-100
-77
-51
-23
5
34
62
88
110
129
144
154
160
161
158
151
140
126
109
90
69
46
22
-1
-25
-49
-73
-96
-118
-139
-158
-176
-193
-208
-221
-233
-243
-251
-257
-261
-264
-264
-262
-257
-250
-241
-229
-215
-199
-181
-162
-142
-121
-101
-81
-64
-48
-35
-24
-16
-9
-4
0
4
10
18
30
46
65
89
117
149
183
218
255
290
323
353
378
399
414
423
426
424
417
405
389
369
347
323
297
270
242
215
188
161
135
109
83
57
31
4
-23
-53
