-398
-415
-424
-424
-416
-401
-381
-357
-330
-302
-273
-246
-220
-196
-174
-154
-136
-119
-103
-89
-75
-61
-47
-33
-19
-4
10
25
41
56
71
84
95
104
111
114
113
108
100
87
71
51
28
3
-22
-49
-74
-98
-119
-136
-149
-156
-159
-155
-147
-134
-117
-97
-76
-53
-31
-9
11
31
50
67
84
100
116
133
149
166
184
202
220
239
257
275
291
307
321
332
341
347
350
349
344
334
319
299
274
244
208
169
125
78
28
-21
-72
-123
-171
-217
-259
-296
-329
-355
-376
-390
-399
-401
-398
-389
-376
-360
-339
-317
-292
-265
-237
-208
-179
-148
-117
-86
-54
-22
8
38
67
94
117
138
154
167
175
178
176
171
162
149
134
118
101
84
69
54
42
32
25
19
14
10
6
1
-6
-16
-28
-44
-63
-84
-107
-132
-157
-182
-205
-226
-243
-257
-266
-269
-267
-259
-246
-228
-205
-177
-146
-111
-74
-35
5
46
89
131
174
216
257
297
336
373
408
440
469
495
516
533
544
549
547
538
522
498
468
431
388
341
290
238
185
132
81
32
-13
-54
-92
-124
-152
-176
-194
-208
-218
-224
-227
-225
-220
-212
-201
-188
-172
-154
-136
-118
-100
-83
-68
-56
-47
-41
-38
-38
-41
-45
-50
-56
-62
-67
-70
-72
-74
-74
-73
-73
-74
-76
-79
-85
-92
-102
-113
-125
-138
-150
-161
-170
-177
-181
-181
-178
-171
-160
-147
-131
-112
-93
-72
-52
-32
-13
3
18
31
40
46
49
48
45
38
29
17
5
-7
-19
-31
-40
-46
-50
-50
-46
-40
-30
-19
-6
7
20
32
42
50
56
59
60
58
55
50
44
38
31
25
19
13
8
4
0
-2
-5
-8
-11
-14
-17
-20
-23
-25
-27
-28
-28
-28
-26
-24
-21
-17
-13
-9
-5
-2
0
1
2
2
2
0
-1
-2
-4
-4
-4
-2
2
9
19
32
49
69
92
117
145
175
205
235
264
293
318
341
361
376
386
392
392
387
376
359
337
308
274
233
186
133
75
12
-53
-122
-193
-264
-333
-400
-462
-519
-569
-611
-644
-667
-679
-680
-669
-647
-614
-571
-518
-457
-390
-318
-243
-167
-92
-20
46
108
163
209
247
274
292
299
296
283
261
230
191
146
96
43
-10
-63
-114
-159
-197
-227
-247
-257
-255
-242
-219
-187
-147
-101
-50
2
56
109
160
207
251
290
325
355
382
405
426
444
461
475
487
498
505
508
508
503
492
476
454
426
392
354
312
266
217
167
117
66
17
-29
-74
-116
-154
-187
-217
-241
-259
-272
-280
-282
-280
-273
-262
-248
-233
-218
-203
-190
-179
-172
-168
-167
-170
-176
-184
-193
-203
-213
-221
-227
-230
-229
-224
-214
-200
-183
-162
-139
-114
-89
-64
-40
-19
0
13
23
27
25
18
5
-13
-36
-63
-93
-122
-150
-175
-195
-208
-214
-211
-199
-179
-151
-116
-76
-31
16
64
112
159
202
241
276
304
327
344
355
361
361
358
351
342
331
319
307
296
285
275
265
256
246
236
223
208
190
169
144
115
84
49
12
-24
-62
-100
-135
-168
-198
-225
-247
-265
-279
-290
-297
-301
-304
-304
-304
-303
-302
-300
-299
-297
-295
-292
-287
-282
-274
-265
-253
-239
-222
-203
-182
-159
-134
-106
-77
-47
-14
19
55
92
130
169
209
248
286
323
357
389
418
444
466
485
500
511
518
522
522
520
514
506
495
482
465
446
422
395
362
324
281
232
178
119
57
-6
-70
-134
-195
-251
-303
-348
-386
-416
-438
-452
-458
-457
-450
-437
-420
-400
-378
-354
-332
-310
-291
-275
-262
-252
-247
-245
-247
-252
-260
-270
-283
-298
-313
-329
-345
-360
-373
-383
-391
-396
-396
-392
-384
-371
-353
-331
-304
-273
-239
-203
-164
-125
-86
-47
-10
25
58
88
115
138
158
173
185
192
196
196
193
188
181
174
169
164
163
165
171
181
195
213
235
258
283
308
332
354
372
385
392
394
389
377
359
336
309
278
245
211
178
146
117
91
69
51
37
25
16
9
2
-4
-12
-22
-34
-50
-69
-91
-117
-145
-176
-208
-240
-272
-303
-331
-357
-379
-396
-409
-417
-420
-417
-410
-398
-382
-363
-341
-316
-289
-259
-228
-194
-159
-122
-83
-42
0
41
83
125
164
201
233
261
284
300
311
317
317
313
305
295
283
272
260
251
243
239
237
238
242
248
256
265
273
280
286
288
288
283
274
260
242
220
194
165
133
100
66
34
3
-25
-49
-69
-83
-92
-95
-93
-86
-74
-58
-40
-19
2
24
46
65
83
98
109
116
120
120
116
108
96
81
62
40
16
-10
-39
-69
-99
-129
-158
-184
-207
-227
-241
-249
-250
-245
-232
-211
-183
-148
-106
-59
-7
46
101
156
209
257
299
333
359
376
383
380
368
348
319
285
245
203
158
112
67
24
-16
-54
-88
-119
-145
-168
-186
-201
-211
-218
-221
-221
-218
-213
-206
-198
-189
-180
-170
-162
-154
-147
-143
-140
-139
-141
-145
-150
-158
-166
-176
-186
-196
-206
-214
-222
-228
-233
-236
-237
-237
-235
-232
-228
-224
-220
-215
-212
-209
-206
-205
-203
-203
-202
-200
-198
-196
-192
-186
-179
-170
-158
-144
-127
-108
-85
-60
-32
-1
31
65
101
138
175
211
246
279
310
337
360
379
392
399
401
397
388
374
356
334
310
284
256
228
199
171
142
114
86
58
30
2
-25
-52
-79
-105
-130
-153
-174
-193
-208
-219
-227
-231
-230
-225
-216
-204
-188
-170
-149
-128
-106
-85
-65
-48
-34
-23
-15
-10
-8
-9
-10
-11
-12
-12
-9
-4
3
14
27
41
56
72
86
99
109
115
118
117
112
103
91
76
61
45
31
20
12
8
10
17
29
46
67
91
117
143
167
189
207
219
226
226
219
206
187
163
133
101
66
30
-5
-40
-74
-105
-132
-156
-175
-190
-200
-205
-204
-199
-189
-174
-155
-133
-109
-82
-53
-24
3
31
56
79
98
113
125
132
135
134
130
123
115
105
95
85
76
68
62
57
53
50
49
48
48
48
49
50
51
52
51
50
48
45
40
34
27
19
9
0
-9
-19
-28
-37
-46
-55
-64
-73
-83
-92
-103
-114
-125
-136
-147
-157
-166
-172
-176
-177
-173
-166
-155
-139
-119
-96
-68
-38
-5
28
64
100
137
173
208
240
270
297
319
336
347
351
348
338
319
292
257
215
165
110
51
-10
-73
-135
-194
-248
-295
-334
-365
-387
-399
-404
-400
-389
-373
-353
-330
-305
-278
-252
-226
-200
-175
-151
-126
-102
-77
-52
-26
1
29
59
88
116
143
168
188
204
213
215
209
195
171
139
99
52
0
-57
-115
-172
-227
-276
-318
-350
-373
-384
-384
-372
-350
-318
-278
-231
-180
-126
-71
-17
34
83
127
166
201
230
255
276
292
306
316
324
330
334
337
337
336
333
328
322
314
304
293
281
268
254
239
223
207
191
174
158
140
123
105
88
70
52
35
18
2
-12
-26
-38
-48
-55
-60
-63
-63
-61
-58
-53
-48
-43
-39
-37
-37
-39
-44
-52
-63
-77
-92
-110
-129
-148
-168
-188
-207
-225
-242
-258
-273
-287
-301
-315
-329
-343
-358
-374
-390
-406
-421
-435
-447
-456
-462
-463
-459
-449
-433
-411
-382
-346
-304
-256
-203
-147
-88
-28
30
87
141
190
234
271
301
324
342
353
360
363
363
362
360
358
357
358
360
364
370
377
384
392
398
404
409
411
412
411
407
402
394
385
374
361
345
328
309
287
262
235
204
171
134
95
52
8
-37
-83
-129
-174
-217
-256
-292
-323
-348
-368
-382
-391
-395
-394
-390
-382
-372
-361
-350
-338
-328
-318
-309
-301
-293
-286
-278
-269
-259
-247
-233
-216
-197
-176
-153
-129
-104
-80
-57
-37
-18
-3
8
17
23
27
29
31
31
33
35
39
44
51
61
72
86
101
118
136
155
175
195
215
233
251
267
280
290
298
301
301
297
290
279
265
249
232
213
194
175
156
137
120
103
88
74
60
48
37
27
18
10
3
-2
-7
-11
-14
-16
-17
-18
-19
-19
-20
-22
-25
-29
-35
-42
-50
-60
-70
-81
-92
-102
-111
-119
-125
-129
-130
-129
-126
-120
-112
-101
-88
-72
-55
-35
-14
8
30
53
75
94
111
125
134
139
139
134
123
108
89
67
41
14
-12
-39
-63
-84
-101
-113
-118
-117
-109
-95
-75
-51
-22
7
37
65
89
108
119
122
117
102
80
50
14
-25
-67
-110
-151
-189
-222
-249
-268
-279
-282
-276
-262
-241
-215
-184
-150
-114
-79
-44
-11
18
46
70
91
110
126
140
153
163
173
180
185
187
186
182
173
159
139
114
84
48
8
-35
-82
-130
-176
-221
-260
-294
-321
-340
-349
-350
-341
-324
-299
-269
-233
-194
-153
-112
-72
-35
0
29
56
78
96
110
120
127
132
134
134
132
129
123
116
106
93
78
61
41
19
-4
-30
-55
-79
-101
-119
-133
-141
-142
-137
-125
-106
-82
-53
-20
14
49
83
114
142
166
185
198
205
207
205
198
187
175
160
145
130
115
100
87
74
62
50
38
25
11
-3
-18
-35
-51
-66
-81
-93
-102
-108
-110
-108
-103
-94
-81
-66
-49
-31
-13
4
20
35
47
57
64
68
71
71
69
67
63
60
56
52
49
46
44
41
39
36
34
31
28
24
21
17
13
8
4
0
-5
-10
-16
-22
-29
-37
-45
-53
-63
-73
-84
-96
-108
-119
-130
-139
-147
-152
-155
-154
-149
-141
-128
-113
-94
-74
-52
-30
-9
9
25
37
44
47
46
41
33
24
14
6
0
-2
0
8
21
39
63
90
121
153
185
216
245
270
290
305
315
318
315
307
295
278
259
238
215
193
171
149
129
109
90
72
55
38
20
2
-15
-33
-52
-71
-90
-108
-125
-140
-153
-163
-171
-176
-178
-177
-174
-169
-162
-155
-147
-139
-132
-126
-120
-115
-111
-106
-101
-96
-89
-80
-70
-59
-46
-32
-19
-5
6
16
22
24
21
12
-2
-22
-47
-76
-108
-142
-177
-209
-238
-262
-280
-291
-295
-290
-278
-259
-234
-205
-174
-141
-110
-81
-56
-36
-21
-13
-10
-12
-19
-29
-41
-53
-65
-73
-79
-79
-75
-66
-53
-34
-13
11
36
63
89
114
137
158
176
192
207
219
231
243
255
269
284
301
321
342
366
390
414
437
458
476
489
497
499
494
483
465
442
414
380
344
304
262
219
175
130
86
42
-1
-43
-85
-127
-168
-208
-247
-285
-323
-360
-395
-429
-461
-491
-517
-540
-560
-574
-585
-590
-591
-587
-579
-565
-547
-525
-498
-467
-432
-394
-352
-307
-259
-210
