-190
-192
-190
-186
-179
-171
-160
-149
-136
-124
-111
-99
-87
-77
-67
-59
-52
-48
-45
-44
-45
-48
-54
-61
-71
-81
-92
-104
-116
-126
-135
-142
-145
-146
-143
-136
-126
-112
-96
-76
-55
-32
-8
16
42
66
90
112
132
149
163
174
181
185
186
184
181
176
171
167
164
163
164
167
172
178
184
190
195
197
195
189
177
159
136
106
70
30
-13
-60
-108
-155
-200
-240
-274
-300
-318
-326
-324
-313
-293
-266
-232
-193
-152
-108
-66
-24
13
48
78
104
125
141
154
163
168
171
172
171
168
163
156
147
135
120
101
78
51
20
-15
-55
-98
-143
-190
-236
-281
-322
-359
-389
-412
-426
-431
-426
-411
-387
-354
-313
-266
-214
-159
-102
-46
9
61
110
154
193
226
252
271
283
289
289
282
270
253
233
209
184
157
131
106
83
62
45
31
21
14
11
10
10
12
13
14
14
13
9
4
-2
-9
-16
-23
-29
-32
-33
-31
-27
-20
-10
0
10
21
30
38
42
44
42
38
30
20
10
0
-10
-18
-22
-23
-18
-9
4
23
46
71
98
126
152
177
199
217
231
239
242
239
231
218
201
180
156
129
102
73
45
18
-7
-32
-55
-76
-95
-111
-124
-135
-143
-148
-150
-148
-144
-136
-124
-110
-92
-72
-50
-26
-2
21
42
60
71
75
71
56
31
-2
-44
-92
-145
-199
-252
-302
-348
-389
-424
-451
-472
-485
-490
-488
-477
-459
-433
-400
-359
-312
-259
-201
-139
-74
-7
60
128
194
257
317
372
421
464
500
529
551
565
573
573
566
553
533
507
474
436
392
343
290
234
176
118
62
8
-40
-84
-121
-150
-171
-185
-190
-188
-179
-166
-149
-131
-112
-95
-81
-71
-67
-68
-75
-88
-106
-129
-155
-182
-211
-239
-266
-289
-309
-323
-331
-331
-324
-309
-286
-254
-215
-169
-116
-59
1
64
126
186
242
292
333
364
383
391
385
368
340
302
256
204
149
93
38
-12
-58
-97
-129
-153
-168
-176
-176
-170
-160
-145
-129
-111
-93
-76
-61
-47
-35
-26
-17
-10
-5
0
5
10
15
20
25
31
35
39
42
44
45
43
41
37
31
24
16
8
0
-9
-18
-26
-33
-39
-43
-46
-48
-48
-48
-46
-44
-41
-38
-35
-32
-28
-25
-21
-17
-13
-7
-1
5
13
22
31
39
46
52
55
55
52
45
36
23
9
-5
-20
-34
-45
-53
-56
-55
-49
-38
-22
-2
20
45
73
101
128
155
180
203
222
238
249
256
257
254
244
229
209
182
151
116
77
36
-4
-46
-86
-123
-156
-184
-207
-224
-235
-239
-238
-231
-218
-200
-178
-152
-124
-93
-61
-29
0
29
53
73
88
97
100
96
87
73
54
32
8
-15
-39
-62
-82
-99
-111
-120
-124
-125
-121
-115
-107
-97
-87
-77
-68
-61
-56
-53
-51
-52
-54
-56
-57
-58
-56
-52
-45
-35
-22
-7
10
28
47
66
83
98
111
121
127
131
132
129
125
118
111
102
94
86
79
73
69
67
66
67
69
73
77
82
86
89
92
93
93
90
86
79
70
60
47
33
18
1
-14
-31
-46
-61
-74
-86
-96
-103
-109
-114
-117
-120
-122
-124
-125
-127
-129
-132
-134
-137
-138
-140
-140
-139
-137
-134
-129
-123
-115
-105
-94
-82
-68
-54
-38
-22
-4
13
31
51
70
90
109
128
145
161
175
186
194
198
200
198
192
184
173
159
144
127
110
94
78
64
52
43
36
33
33
36
41
48
56
63
70
76
79
79
77
71
63
52
40
27
13
0
-11
-22
-30
-37
-42
-45
-48
-51
-56
-62
-71
-83
-100
-121
-146
-176
-211
-249
-291
-336
-383
-430
-478
-524
-567
-607
-642
-670
-691
-703
-705
-696
-677
-646
-603
-549
-486
-413
-333
-247
-158
-67
22
109
192
268
337
397
448
490
523
549
566
577
583
584
581
575
568
558
547
535
522
507
491
473
454
432
408
382
353
321
287
250
210
169
127
83
40
-2
-44
-82
-118
-148
-173
-191
-203
-208
-207
-199
-186
-170
-151
-132
-114
-100
-89
-85
-87
-96
-113
-136
-165
-199
-237
-277
-317
-354
-388
-415
-435
-445
-445
-434
-411
-377
-333
-279
-217
-148
-74
2
80
156
229
297
358
411
453
485
504
512
508
493
468
433
390
342
289
234
178
123
71
23
-19
-55
-84
-105
-119
-126
-125
-119
-107
-90
-71
-49
-26
-2
20
41
61
79
94
106
116
124
129
132
132
131
128
123
116
108
98
86
73
59
44
30
16
3
-8
-18
-27
-33
-37
-40
-40
-38
-35
-30
-25
-19
-12
-6
0
4
8
10
12
12
11
9
6
3
0
-3
-6
-9
-11
-12
-13
-13
-13
-11
-9
-6
-2
1
5
10
16
21
27
32
36
40
43
45
46
46
45
43
39
34
28
20
12
2
-7
-18
-29
-41
-53
-66
-79
-92
-105
-118
-130
-143
-154
-164
-172
-179
-183
-185
-184
-180
-174
-164
-153
-140
-127
-114
-103
-93
-87
-84
-84
-88
-95
-103
-113
-124
-133
-142
-148
-152
-154
-152
-149
-143
-136
-127
-118
-110
-102
-95
-89
-83
-79
-74
-69
-63
-55
-44
-30
-11
10
35
65
97
132
168
204
239
272
302
328
350
366
376
380
377
369
354
333
306
274
237
196
151
103
54
4
-45
-93
-140
-182
-221
-254
-281
-301
-315
-321
-320
-313
-298
-278
-253
-224
-192
-158
-123
-88
-55
-23
5
30
52
69
83
92
97
97
94
88
78
66
52
37
22
6
-9
-25
-39
-52
-64
-75
-84
-91
-97
-100
-102
-102
-100
-95
-88
-79
-67
-52
-35
-17
3
24
46
69
91
112
131
150
166
180
192
202
211
217
223
227
231
235
239
243
248
252
257
260
261
259
254
244
229
208
181
148
109
66
18
-32
-84
-135
-184
-229
-268
-300
-324
-339
-345
-342
-331
-313
-288
-259
-227
-193
-158
-124
-91
-61
-34
-11
7
22
33
40
42
41
37
30
20
8
-3
-17
-31
-44
-56
-67
-76
-82
-86
-87
-84
-78
-69
-55
-39
-19
2
26
51
76
102
126
149
169
185
198
206
209
208
201
190
174
155
132
108
83
58
33
9
-11
-30
-47
-60
-71
-78
-83
-84
-82
-77
-68
-56
-41
-22
0
23
50
78
106
134
160
184
203
218
228
232
230
222
209
193
173
152
131
112
97
85
79
78
82
91
105
121
139
156
171
183
191
193
188
177
159
134
105
70
32
-8
-50
-92
-133
-173
-210
-245
-276
-303
-327
-348
-366
-380
-393
-403
-411
-417
-421
-423
-421
-416
-407
-394
-375
-351
-322
-288
-250
-208
-164
-119
-75
-33
4
37
62
79
86
84
72
49
18
-20
-65
-114
-165
-217
-266
-312
-351
-385
-410
-428
-439
-442
-438
-429
-416
-398
-377
-354
-328
-300
-269
-235
-197
-154
-105
-50
11
78
150
227
306
385
462
535
601
659
706
741
764
774
773
759
735
702
661
614
562
508
452
396
341
288
238
190
146
105
68
34
3
-23
-48
-69
-88
-105
-120
-133
-144
-155
-164
-174
-183
-192
-200
-209
-217
-225
-232
-239
-244
-249
-253
-256
-258
-260
-262
-264
-266
-268
-271
-274
-276
-279
-280
-280
-279
-275
-268
-259
-245
-229
-208
-184
-158
-128
-97
-64
-31
2
34
64
93
119
141
161
177
189
197
202
205
204
202
198
194
190
188
188
190
196
206
218
233
250
267
284
298
309
316
316
310
297
278
253
223
190
156
121
88
59
34
16
3
-1
0
7
19
36
57
79
101
123
144
161
176
186
192
194
191
186
177
165
153
139
126
113
101
90
81
73
66
60
54
49
42
33
23
11
-3
-20
-40
-60
-82
-104
-125
-145
-161
-173
-181
-183
-180
-172
-159
-142
-121
-99
-75
-51
-28
-7
11
26
38
47
52
53
50
44
35
23
9
-8
-28
-50
-74
-100
-127
-155
-183
-210
-236
-260
-280
-297
-309
-317
-319
-316
-308
-295
-278
-256
-231
-204
-175
-146
-116
-88
-61
-36
-14
4
21
35
47
56
64
70
74
77
78
79
78
76
73
70
66
62
57
53
48
44
41
38
36
34
32
31
29
28
26
23
20
16
11
5
0
-5
-10
-14
-17
-18
-18
-16
-13
-10
-6
-4
-2
-2
-3
-7
-12
-19
-26
-33
-38
-42
-44
-42
-37
-28
-15
0
18
37
58
79
99
116
131
143
150
153
152
145
133
116
94
68
37
3
-32
-71
-111
-150
-187
-222
-253
-278
-298
-310
-315
-313
-305
-289
-268
-242
-213
-181
-147
-114
-81
-49
-19
8
33
55
76
94
110
125
138
150
162
172
181
190
197
203
207
209
209
207
202
194
184
171
157
140
121
102
81
61
40
20
2
-14
-30
-43
-54
-63
-69
-74
-76
-77
-76
-74
-71
-68
-64
-60
-57
-53
-50
-46
-43
-40
-36
-32
-27
-22
-17
-12
-6
-1
3
8
11
15
17
18
19
19
18
17
16
15
15
15
16
18
22
27
33
40
47
54
60
65
68
69
66
60
51
39
23
5
-15
-38
-62
-87
-111
-133
-154
-171
-184
-193
-198
-197
-192
-183
-169
-152
-132
-110
-86
-62
-37
-13
9
30
50
67
82
95
105
113
119
123
125
126
125
124
121
119
115
111
107
103
100
96
93
90
88
87
87
89
91
96
103
112
124
138
153
170
188
206
222
235
245
250
249
243
230
210
185
153
117
77
34
-10
-56
-102
-146
-188
-227
-261
-290
-314
-332
-345
-352
-353
-349
-340
-327
-310
-290
-269
-245
-220
-195
-170
-145
-121
-97
-75
-53
-33
-13
4
20
36
50
62
72
81
87
91
92
91
87
81
74
65
55
45
35
26
18
11
7
5
5
7
12
19
28
39
50
62
74
86
96
104
110
113
113
110
104
95
83
70
55
40
25
11
0
-9
-16
-20
-20
-19
-15
-11
-7
-3
-2
-3
-7
-16
-27
-42
-59
-78
-97
-116
-132
-145
-153
-156
-153
-144
-129
-109
-85
-58
-30
-2
24
49
70
86
97
103
103
99
90
78
63
48
33
19
8
0
-2
-1
3
13
26
42
60
79
97
113
127
136
142
142
137
127
112
92
69
43
15
-13
-42
-71
-97
-122
-143
-162
-177
-188
-196
-200
-200
-196
-189
-177
-162
-142
-119
-93
-64
-32
1
37
73
109
143
176
206
231
252
268
278
282
280
271
255
234
206
172
134
90
43
-7
-60
-115
-170
-225
-277
-327
-374
-415
-450
-479
-500
-513
-517
-512
-497
-474
-443
-404
-358
-307
-252
-195
-137
-80
-25
