-141
-113
-84
-53
-22
7
36
63
87
108
125
138
146
150
150
145
138
127
113
98
82
65
48
33
18
6
-3
-10
-14
-15
-12
-7
0
10
22
35
49
62
75
88
99
109
117
124
128
131
133
132
130
127
123
117
112
105
99
92
85
77
69
61
51
42
31
20
8
-3
-16
-29
-42
-55
-67
-79
-88
-96
-100
-101
-99
-92
-81
-67
-49
-28
-6
16
39
60
78
93
104
110
111
107
98
85
69
49
28
6
-15
-35
-54
-70
-84
-94
-100
-104
-104
-103
-100
-95
-91
-87
-83
-80
-78
-76
-74
-72
-70
-66
-61
-53
-44
-32
-19
-4
11
28
45
63
79
95
110
124
137
148
157
165
170
173
174
171
165
155
142
125
106
85
62
39
15
-6
-27
-46
-62
-75
-85
-92
-95
-96
-95
-92
-88
-84
-81
-79
-78
-80
-83
-89
-97
-107
-118
-130
-142
-154
-165
-175
-183
-188
-190
-188
-181
-171
-155
-136
-112
-85
-55
-24
7
39
70
97
121
140
154
161
162
157
146
128
106
80
52
22
-7
-36
-62
-84
-101
-113
-119
-120
-114
-103
-88
-70
-49
-27
-6
14
32
48
59
67
71
71
68
63
57
50
44
39
36
36
38
42
48
55
62
68
73
77
78
77
74
69
62
55
47
40
34
29
25
24
24
26
29
32
36
39
41
41
40
36
31
24
16
6
-3
-14
-26
-37
-49
-60
-70
-79
-87
-93
-97
-100
-100
-97
-92
-85
-75
-62
-48
-33
-16
0
17
33
47
60
71
79
84
87
86
83
77
70
61
51
41
32
24
17
11
8
8
9
13
20
28
38
48
60
72
83
94
103
111
117
121
122
120
116
110
102
91
80
68
56
44
32
22
13
5
-1
-7
-12
-17
-22
-28
-35
-43
-53
-64
-77
-90
-103
-117
-128
-138
-145
-148
-148
-143
-134
-122
-107
-90
-70
-51
-31
-13
2
17
28
37
44
47
49
48
45
41
35
28
20
11
2
-6
-14
-22
-28
-33
-36
-37
-36
-33
-27
-20
-11
0
12
25
40
54
69
83
95
106
115
121
125
125
123
118
111
101
89
75
59
41
22
1
-19
-42
-65
-88
-111
-134
-156
-177
-197
-216
-233
-248
-262
-275
-285
-295
-304
-311
-317
-322
-325
-326
-325
-321
-313
-302
-288
-271
-251
-229
-204
-179
-153
-127
-101
-76
-51
-28
-6
13
33
52
70
87
105
123
142
162
183
206
229
253
278
302
326
349
370
389
406
419
429
435
438
437
432
423
410
394
374
351
325
297
267
235
203
170
137
104
71
39
6
-25
-58
-90
-122
-154
-184
-213
-240
-265
-286
-304
-318
-328
-333
-334
-330
-322
-310
-295
-276
-256
-234
-211
-188
-166
-145
-125
-106
-89
-74
-59
-46
-34
-22
-11
0
12
24
36
49
63
77
91
105
120
133
147
159
171
181
190
197
202
204
205
202
197
189
179
166
151
135
117
99
81
63
46
31
18
6
-2
-10
-16
-21
-24
-26
-27
-28
-28
-28
-28
-28
-28
-27
-27
-27
-26
-26
-26
-26
-27
-28
-31
-35
-40
-47
-56
-67
-78
-91
-103
-115
-126
-134
-141
-144
-144
-141
-135
-127
-115
-102
-88
-73
-57
-42
-27
-14
-1
9
18
26
33
40
45
51
56
63
70
78
88
100
114
130
147
165
184
202
218
232
243
248
248
243
230
211
186
155
119
79
37
-6
-50
-92
-132
-169
-201
-228
-251
-269
-283
-292
-298
-300
-300
-297
-293
-286
-278
-268
-256
-242
-226
-208
-189
-169
-149
-130
-113
-100
-90
-86
-87
-93
-104
-120
-138
-159
-179
-198
-213
-223
-225
-220
-207
-184
-153
-115
-70
-20
32
85
138
188
234
275
309
337
357
371
378
379
375
365
352
334
315
293
270
247
225
203
183
166
151
139
130
123
119
117
116
115
114
111
106
98
88
74
57
38
16
-5
-28
-50
-71
-89
-104
-116
-124
-129
-131
-131
-128
-123
-117
-110
-103
-95
-88
-82
-76
-70
-65
-61
-57
-52
-48
-43
-37
-31
-24
-16
-8
0
10
20
30
40
50
59
68
76
84
90
95
99
101
102
102
100
96
91
85
79
72
65
58
51
45
39
34
29
24
20
17
14
12
11
11
12
15
19
24
31
39
47
57
66
75
83
89
94
97
97
95
90
83
73
60
46
29
11
-8
-28
-49
-69
-90
-109
-128
-145
-161
-176
-189
-201
-213
-224
-234
-244
-254
-264
-274
-285
-295
-304
-312
-319
-323
-323
-320
-311
-296
-275
-248
-214
-174
-128
-79
-26
27
81
134
183
227
265
296
319
334
341
341
334
321
305
285
264
242
220
198
178
158
138
118
97
75
52
27
1
-25
-52
-80
-106
-131
-154
-173
-190
-203
-212
-217
-219
-217
-213
-207
-200
-193
-185
-178
-172
-167
-163
-160
-157
-153
-150
-146
-141
-136
-130
-123
-116
-109
-102
-94
-87
-80
-73
-65
-57
-49
-40
-31
-22
-13
-3
5
13
21
28
35
41
47
52
56
61
66
71
77
84
92
103
115
129
146
164
184
205
226
247
267
284
298
309
315
316
312
304
290
272
250
224
195
163
130
96
62
29
-1
-29
-55
-76
-93
-107
-116
-122
-124
-124
-121
-116
-111
-104
-98
-91
-84
-78
-71
-65
-60
-56
-52
-51
-51
-53
-58
-65
-73
-84
-94
-105
-114
-120
-124
-123
-117
-107
-91
-69
-44
-14
17
50
84
117
148
175
198
216
229
236
239
237
231
221
208
193
177
159
140
122
103
84
66
49
32
17
2
-10
-21
-31
-39
-46
-50
-53
-53
-51
-48
-43
-36
-29
-21
-13
-6
0
5
9
11
12
11
9
6
3
1
0
-1
0
2
7
13
21
29
38
47
54
60
65
66
65
61
55
46
35
22
8
-6
-21
-35
-49
-61
-73
-82
-91
-98
-104
-109
-113
-116
-118
-120
-121
-122
-122
-122
-121
-119
-116
-112
-106
-99
-90
-79
-67
-53
-37
-21
-4
12
29
44
58
71
81
88
93
95
95
92
88
82
76
69
62
55
48
43
38
35
32
31
30
30
30
30
29
28
25
21
16
9
1
-8
-19
-31
-44
-57
-69
-82
-93
-103
-110
-115
-117
-115
-109
-100
-87
-71
-53
-33
-12
8
27
45
59
68
74
74
69
58
43
23
0
-27
-56
-86
-116
-145
-172
-196
-217
-234
-247
-255
-259
-260
-258
-252
-245
-237
-227
-217
-206
-195
-183
-171
-159
-146
-131
-115
-98
-78
-56
-32
-6
21
49
78
106
133
157
179
198
213
224
232
238
242
244
247
250
255
263
273
287
304
323
344
365
384
401
413
420
419
410
392
364
327
280
224
161
92
19
-56
-131
-203
-272
-334
-388
-434
-471
-499
-518
-528
-531
-527
-518
-503
-483
-460
-433
-403
-370
-335
-299
-260
-221
-181
-142
-102
-64
-28
5
35
63
85
104
117
126
131
131
128
123
117
111
105
102
100
102
106
113
123
135
148
162
176
189
202
213
223
231
237
241
243
244
244
242
239
235
229
222
213
203
191
176
160
141
120
98
74
50
25
1
-22
-44
-64
-81
-96
-107
-116
-121
-124
-125
-124
-123
-121
-119
-118
-118
-120
-123
-127
-133
-138
-144
-148
-151
-152
-150
-144
-135
-123
-108
-91
-71
-51
-30
-10
8
25
40
53
65
76
88
101
116
134
155
180
208
239
272
306
339
368
394
413
424
426
419
401
374
337
292
240
183
123
61
0
-57
-111
-160
-202
-236
-263
-281
-292
-296
-293
-284
-271
-255
-237
-217
-198
-179
-163
-148
-137
-128
-122
-120
-120
-122
-126
-132
-139
-147
-156
-165
-174
-183
-193
-202
-210
-218
-226
-233
-239
-243
-246
-247
-247
-243
-237
-229
-216
-200
-181
-158
-131
-101
-68
-33
2
40
78
115
150
184
214
241
264
282
296
304
307
304
297
285
269
249
227
204
180
157
135
115
99
85
75
68
64
63
65
68
72
75
79
80
79
75
68
57
42
24
2
-20
-46
-72
-98
-122
-145
-164
-181
-194
-203
-208
-210
-209
-204
-196
-186
-173
-158
-142
-123
-102
-79
-55
-29
-3
24
51
79
105
129
150
168
182
191
195
193
186
172
153
128
99
66
30
-6
-44
-79
-112
-141
-165
-182
-192
-194
-189
-177
-157
-131
-100
-64
-26
12
50
87
121
150
174
193
206
212
214
210
201
189
173
154
134
112
89
67
44
23
2
-15
-32
-47
-60
-71
-80
-86
-90
-91
-90
-86
-79
-69
-56
-40
-21
0
22
47
72
98
122
145
164
180
190
195
192
181
161
133
96
50
-1
-58
-119
-181
-243
-301
-353
-397
-431
-454
-465
-463
-448
-420
-382
-334
-278
-216
-151
-84
-18
45
105
160
209
251
286
315
336
352
361
365
364
360
353
343
332
321
309
298
287
277
267
259
250
242
233
224
214
202
188
173
155
135
113
89
63
35
6
-23
-54
-84
-114
-144
-172
-199
-224
-247
-267
-284
-297
-307
-313
-314
-311
-303
-292
-277
-260
-240
-219
-198
-177
-157
-140
-126
-114
-106
-101
-100
-102
-107
-115
-125
-137
-150
-164
-179
-193
-207
-221
-233
-245
-257
-268
-279
-290
-302
-312
-322
-330
-336
-339
-338
-332
-321
-302
-276
-242
-201
-152
-95
-32
35
108
182
257
331
401
467
525
576
619
651
673
685
686
679
662
637
606
569
528
484
437
388
338
287
236
184
133
81
30
-19
-68
-114
-158
-199
-236
-268
-294
-314
-328
-334
-334
-327
-314
-296
-274
-248
-221
-193
-165
-140
-117
-97
-82
-70
-62
-57
-55
-56
-58
-62
-65
-69
-72
-73
-74
-72
-68
-63
-54
-44
-31
-15
3
23
45
69
94
120
144
168
190
209
225
238
247
253
254
252
246
237
224
207
188
166
141
114
84
54
22
-8
-39
-68
-94
-116
-135
-148
-157
-160
-159
-153
-143
-130
-115
-100
-84
-69
-56
-45
-36
-31
-27
-26
-26
-26
-25
-23
-20
-14
-5
5
18
33
48
63
76
87
94
98
97
91
81
66
48
27
3
-21
-45
-69
-89
-106
-118
-124
-124
-117
-103
-84
-58
-28
5
42
80
117
153
185
214
238
256
267
272
271
263
249
230
206
179
149
118
85
53
21
-8
-36
-63
-88
-110
-130
-147
-162
-175
-185
-192
-197
-200
-200
-198
-194
-189
-182
-174
-167
-160
-154
-149
-146
-146
-147
-150
-154
-160
-166
-171
-174
-175
-174
-168
-159
-146
-128
-107
-82
-54
-25
4
35
65
94
121
146
168
188
204
217
226
231
231
226
216
200
179
153
123
89
52
13
-25
-62
-97
-129
-156
