-71
0
69
132
187
234
271
298
315
323
324
319
308
295
280
263
247
231
216
200
185
169
153
135
115
94
70
44
17
-11
-40
-69
-96
-121
-143
-161
-174
-182
-185
-183
-175
-163
-147
-127
-104
-80
-54
-27
-1
24
49
71
92
110
126
138
148
156
161
163
164
164
162
159
155
150
145
138
131
122
112
101
88
75
60
44
27
9
-8
-27
-46
-65
-84
-103
-121
-139
-156
-173
-188
-201
-213
-222
-229
-233
-234
-232
-227
-218
-207
-192
-174
-155
-133
-111
-87
-64
-40
-17
4
26
46
65
83
99
114
128
141
153
164
174
183
191
197
202
205
205
202
197
189
178
165
151
135
118
102
87
74
63
54
49
46
45
46
49
53
57
60
63
63
61
56
47
36
22
4
-14
-35
-56
-77
-97
-115
-130
-141
-147
-149
-146
-138
-124
-107
-85
-61
-35
-7
19
45
69
90
109
123
134
141
144
145
144
140
135
129
122
115
108
100
93
86
79
73
67
62
58
55
54
54
57
61
68
76
86
97
108
118
126
131
132
129
120
106
86
61
31
-1
-38
-75
-112
-147
-177
-203
-222
-233
-235
-229
-215
-194
-165
-132
-94
-55
-16
22
57
87
113
132
144
149
147
138
124
104
80
53
24
-4
-34
-63
-90
-115
-137
-155
-170
-180
-186
-187
-184
-177
-165
-149
-129
-107
-83
-57
-31
-6
16
37
55
69
78
83
83
79
70
56
39
18
-4
-30
-57
-84
-112
-138
-162
-185
-204
-220
-232
-240
-245
-245
-242
-235
-225
-213
-199
-182
-165
-147
-129
-111
-94
-79
-65
-53
-44
-38
-36
-38
-44
-54
-70
-89
-113
-140
-169
-199
-230
-259
-285
-308
-324
-334
-337
-331
-316
-293
-261
-222
-176
-124
-68
-10
49
108
165
219
269
314
353
386
413
433
448
458
462
462
458
450
440
427
412
395
376
355
333
310
285
259
232
205
176
148
120
92
64
38
12
-11
-35
-57
-77
-96
-113
-127
-140
-151
-159
-166
-170
-173
-175
-175
-176
-176
-176
-176
-177
-179
-180
-183
-185
-187
-188
-189
-189
-188
-186
-182
-177
-171
-162
-153
-142
-129
-115
-99
-82
-62
-41
-17
7
34
62
90
118
145
170
191
209
223
232
236
236
232
225
217
207
197
188
181
177
176
178
183
190
198
207
215
222
226
226
223
216
204
188
169
147
123
99
75
52
31
13
-1
-11
-17
-19
-16
-9
1
15
32
51
71
93
114
134
152
167
178
185
187
184
175
160
141
117
90
60
29
-1
-31
-59
-85
-106
-125
-139
-149
-155
-159
-160
-160
-159
-158
-158
-159
-160
-163
-165
-168
-169
-169
-167
-161
-152
-139
-123
-103
-80
-55
-28
0
28
57
84
110
134
156
174
188
199
204
205
201
190
174
153
126
94
59
20
-20
-61
-102
-141
-177
-208
-235
-255
-269
-275
-275
-269
-256
-238
-216
-192
-166
-139
-113
-88
-66
-46
-29
-16
-6
0
1
1
-1
-7
-14
-23
-33
-42
-51
-59
-66
-71
-73
-74
-72
-67
-60
-51
-39
-26
-11
4
20
36
51
64
74
81
83
80
72
58
40
16
-11
-42
-74
-107
-138
-167
-191
-209
-220
-224
-220
-209
-191
-167
-137
-105
-70
-35
-1
29
56
78
94
104
107
105
98
86
71
53
33
14
-5
-24
-41
-57
-70
-82
-92
-100
-106
-110
-112
-113
-112
-108
-102
-93
-81
-66
-47
-25
-1
26
55
85
116
146
174
200
223
242
255
264
266
262
252
235
213
184
150
112
70
26
-19
-64
-109
-150
-186
-218
-242
-259
-267
-267
-258
-242
-218
-188
-154
-116
-77
-39
-2
31
60
85
104
117
125
128
128
124
118
110
102
94
86
80
74
69
66
64
63
63
63
64
66
67
69
70
70
69
68
65
60
55
48
39
29
17
4
-9
-23
-38
-52
-65
-77
-88
-97
-103
-108
-110
-111
-111
-110
-107
-104
-100
-96
-90
-83
-75
-66
-55
-42
-29
-14
2
19
38
57
76
95
115
133
150
166
181
193
203
211
218
223
228
231
234
237
240
243
245
245
245
241
236
227
215
200
182
161
139
116
93
71
51
34
21
10
4
2
4
9
16
25
36
46
55
62
66
67
62
53
38
19
-5
-33
-65
-99
-135
-170
-204
-235
-262
-284
-300
-309
-312
-309
-300
-287
-269
-249
-227
-205
-184
-166
-149
-135
-124
-115
-108
-102
-96
-89
-81
-70
-57
-41
-22
-1
20
43
67
89
108
125
138
147
150
149
142
131
115
95
72
46
19
-8
-36
-63
-88
-111
-131
-149
-164
-176
-186
-194
-200
-205
-208
-211
-212
-212
-210
-207
-203
-196
-186
-172
-155
-133
-106
-74
-37
4
51
102
156
211
266
319
369
413
450
478
497
506
503
489
464
429
383
330
269
204
135
65
-3
-70
-133
-191
-241
-284
-319
-346
-365
-376
-380
-377
-369
-357
-340
-322
-302
-282
-262
-243
-226
-211
-199
-188
-179
-172
-165
-159
-153
-147
-139
-130
-120
-108
-94
-78
-62
-45
-27
-11
4
19
31
41
49
54
58
61
62
64
65
67
69
72
76
80
83
87
90
92
93
94
94
94
95
96
98
101
106
113
122
133
145
159
175
191
208
225
242
259
275
291
306
320
333
344
352
359
362
362
358
350
339
324
306
286
264
240
216
190
164
136
108
79
48
16
-18
-54
-93
-134
-176
-219
-261
-302
-340
-373
-401
-423
-436
-442
-438
-427
-408
-382
-349
-313
-272
-231
-188
-147
-107
-71
-38
-10
12
30
42
50
52
50
44
34
22
7
-8
-25
-42
-57
-71
-82
-90
-94
-94
-90
-81
-67
-50
-28
-4
23
52
83
115
146
178
207
235
260
281
299
311
317
317
311
298
279
254
224
189
150
109
66
23
-17
-56
-91
-121
-146
-165
-177
-182
-181
-174
-160
-142
-119
-93
-64
-35
-6
20
46
68
86
100
110
115
115
111
103
92
78
63
47
30
13
-2
-17
-30
-41
-50
-56
-60
-62
-62
-59
-55
-50
-43
-36
-30
-23
-18
-15
-14
-15
-20
-29
-41
-57
-77
-100
-126
-154
-184
-214
-244
-273
-300
-324
-345
-363
-376
-384
-388
-386
-379
-367
-350
-328
-302
-272
-240
-204
-167
-129
-89
-49
-9
31
72
114
155
195
234
272
306
337
362
382
395
400
397
386
366
339
305
264
217
167
113
58
1
-53
-106
-156
-201
-240
-271
-294
-307
-310
-302
-283
-254
-215
-167
-111
-49
16
84
151
215
274
324
366
395
413
418
410
390
359
318
269
214
155
94
33
-25
-80
-131
-175
-213
-244
-267
-283
-290
-290
-281
-266
-244
-216
-182
-145
-105
-65
-24
13
48
79
105
126
141
150
154
153
149
141
130
117
103
87
70
53
34
16
-3
-23
-43
-64
-87
-110
-133
-158
-183
-208
-233
-258
-281
-302
-321
-336
-349
-357
-362
-363
-360
-353
-342
-328
-310
-289
-265
-237
-207
-173
-137
-97
-54
-8
40
92
145
199
253
306
356
403
445
482
512
536
552
561
562
557
546
530
510
486
460
432
403
374
344
315
285
254
223
190
156
120
82
42
2
-38
-79
-118
-156
-190
-221
-247
-267
-282
-292
-296
-294
-287
-276
-261
-243
-223
-202
-180
-159
-138
-119
-101
-84
-69
-54
-42
-30
-19
-9
-1
5
11
14
14
12
8
1
-6
-17
-28
-39
-50
-60
-68
-73
-75
-75
-70
-63
-52
-38
-22
-3
15
36
57
77
96
114
129
143
153
162
167
169
169
166
161
153
144
133
122
110
98
87
76
67
59
52
46
42
38
35
33
31
29
27
24
21
17
12
7
1
-4
-11
-17
-24
-30
-37
-43
-49
-55
-62
-68
-75
-82
-89
-96
-103
-109
-114
-117
-118
-117
-114
-109
-101
-91
-79
-66
-52
-38
-25
-12
-1
7
14
18
20
19
17
13
8
2
-4
-10
-16
-22
-27
-31
-33
-35
-34
-32
-28
-23
-16
-7
2
12
24
35
46
57
67
76
83
89
92
94
92
88
81
71
59
45
30
14
-2
-18
-34
-49
-62
-74
-84
-93
-100
-105
-109
-112
-114
-114
-114
-113
-111
-108
-105
-101
-96
-91
-85
-78
-71
-63
-54
-45
-36
-26
-16
-6
3
13
22
31
40
48
56
63
69
76
82
87
92
97
101
104
105
106
104
100
93
83
70
53
32
9
-17
-45
-73
-102
-129
-153
-173
-188
-198
-201
-198
-189
-174
-153
-129
-100
-70
-39
-8
20
48
72
93
110
124
134
141
146
148
149
149
148
145
142
138
132
124
114
101
86
68
48
25
1
-23
-47
-70
-91
-109
-123
-133
-138
-139
-135
-127
-116
-101
-85
-68
-49
-31
-14
1
15
28
38
46
53
57
60
62
62
62
60
58
54
50
44
38
30
21
12
2
-8
-19
-30
-40
-50
-58
-65
-70
-73
-73
-70
-65
-57
-47
-35
-21
-5
10
27
44
60
76
90
103
114
123
131
136
138
138
134
127
117
103
86
66
43
18
-6
-32
-58
-81
-103
-121
-136
-146
-152
-153
-149
-140
-127
-110
-90
-67
-43
-18
5
29
50
69
84
94
100
101
98
90
78
63
46
27
8
-11
-30
-48
-65
-80
-92
-104
-113
-120
-126
-130
-133
-134
-134
-133
-130
-126
-121
-114
-106
-96
-84
-70
-55
-38
-19
0
20
41
61
81
99
115
129
139
146
150
151
148
142
135
125
115
105
95
86
79
73
70
68
68
69
70
71
72
70
67
61
53
42
28
12
-4
-22
-40
-58
-75
-90
-103
-114
-122
-127
-130
-130
-127
-122
-115
-105
-94
-82
-68
-54
-39
-24
-10
2
14
24
31
35
37
36
33
27
20
12
4
-3
-10
-15
-18
-19
-19
-16
-12
-8
-3
0
3
3
2
0
-5
-13
-21
-30
-39
-46
-52
-55
-56
-52
-46
-36
-24
-9
6
24
41
58
73
87
97
104
107
107
103
95
85
72
59
44
31
18
7
-1
-7
-11
-13
-13
-11
-7
-2
3
10
18
28
39
51
65
80
97
114
131
148
163
176
185
191
192
189
181
169
151
130
105
78
48
18
-12
-42
-71
-98
-121
-141
-157
-169
-176
-177
-175
-167
-155
-138
-118
-96
-71
-45
-18
7
31
54
73
88
98
103
103
96
85
68
47
23
-3
-32
-61
-89
-115
-139
-158
-173
-184
-189
-189
-184
-176
-163
-148
-131
-113
-94
-77
-60
-46
-33
-22
-13
-5
0
6
11
16
22
27
34
40
47
55
63
71
79
87
94
101
107
112
115
116
116
113
107
100
90
77
63
46
28
9
-11
-32
-52
