-281
-303
-314
-319
-321
-325
-333
-348
-372
-405
-447
-497
-553
-612
-672
-730
-782
-826
-860
-881
-888
-881
-858
-821
-771
-709
-637
-558
-474
-387
-302
-220
-144
-76
-18
27
61
81
90
86
72
49
20
-14
-51
-89
-124
-156
-183
-203
-216
-219
-214
-199
-176
-145
-106
-61
-12
40
94
147
199
249
295
338
377
412
443
472
499
525
550
574
597
620
641
659
673
680
679
668
644
606
552
482
397
296
184
61
-68
-199
-330
-455
-571
-674
-761
-831
-881
-913
-925
-920
-900
-866
-822
-770
-714
-656
-598
-542
-489
-440
-395
-354
-316
-281
-248
-216
-186
-156
-126
-97
-68
-40
-13
11
34
54
71
85
96
103
107
108
106
102
97
91
85
79
73
67
61
56
49
43
35
27
19
10
2
-5
-12
-17
-21
-22
-21
-18
-12
-3
8
22
38
56
76
97
119
141
163
184
204
222
237
250
259
265
268
266
261
252
241
226
210
192
174
156
138
121
104
88
72
57
42
26
11
-4
-20
-35
-49
-60
-69
-74
-74
-69
-57
-39
-15
14
49
88
129
170
209
245
277
302
319
329
331
324
310
289
262
230
193
154
112
69
27
-14
-54
-91
-125
-154
-178
-196
-209
-215
-215
-210
-199
-183
-164
-141
-118
-94
-71
-50
-32
-18
-7
-1
0
-1
-6
-15
-25
-36
-48
-59
-68
-75
-80
-81
-78
-72
-62
-50
-36
-22
-8
4
14
21
23
22
15
6
-6
-20
-35
-48
-58
-64
-64
-59
-46
-27
-2
27
62
99
137
173
206
234
256
270
276
274
263
244
219
187
152
114
75
36
0
-33
-63
-87
-107
-121
-131
-136
-139
-138
-137
-134
-133
-132
-133
-135
-139
-144
-150
-156
-161
-165
-166
-165
-161
-154
-143
-128
-111
-90
-67
-42
-17
8
32
55
75
92
106
115
121
123
120
115
107
97
86
75
66
58
53
51
53
58
65
75
86
96
104
109
108
101
86
62
31
-8
-55
-107
-163
-220
-275
-326
-369
-402
-422
-428
-419
-394
-354
-301
-238
-166
-90
-13
60
128
186
232
264
283
288
280
260
230
193
150
104
57
12
-30
-69
-102
-130
-150
-164
-171
-172
-166
-155
-138
-118
-93
-65
-36
-5
25
56
86
113
138
159
175
186
192
192
187
177
161
142
119
94
68
42
17
-4
-23
-37
-46
-49
-48
-42
-33
-21
-9
2
11
17
18
15
6
-7
-26
-49
-74
-102
-130
-157
-184
-207
-226
-241
-250
-252
-248
-237
-220
-196
-166
-132
-93
-50
-5
41
88
135
181
225
265
302
333
358
377
391
398
400
397
392
385
377
371
366
365
368
375
386
400
416
433
449
463
473
478
475
463
443
412
372
322
264
199
128
53
-22
-98
-171
-240
-304
-360
-409
-452
-487
-517
-543
-565
-586
-606
-627
-648
-671
-694
-718
-741
-761
-779
-790
-795
-789
-773
-743
-700
-641
-568
-480
-379
-268
-150
-27
96
216
329
430
517
587
637
667
677
667
638
593
534
465
390
312
235
162
97
42
0
-29
-45
-48
-38
-17
11
47
87
128
169
207
240
266
286
298
302
298
286
267
240
207
168
125
79
31
-18
-67
-114
-159
-200
-236
-266
-290
-307
-317
-320
-317
-308
-294
-276
-255
-233
-210
-187
-165
-145
-126
-110
-96
-84
-75
-66
-59
-53
-48
-42
-36
-30
-23
-17
-10
-3
1
6
9
11
11
10
7
3
0
-4
-7
-9
-9
-7
-3
3
12
22
34
45
55
62
67
67
63
54
40
21
0
-23
-46
-69
-88
-103
-113
-116
-113
-103
-89
-70
-49
-26
-5
12
26
34
36
31
19
1
-22
-50
-82
-116
-151
-186
-218
-248
-272
-292
-304
-309
-307
-296
-276
-248
-213
-170
-121
-68
-12
44
102
157
209
257
298
334
362
384
398
407
410
409
404
397
388
379
369
361
352
345
338
332
326
321
315
310
306
303
301
300
302
305
310
315
321
325
327
325
318
304
282
252
212
162
104
37
-35
-113
-193
-273
-351
-422
-486
-538
-579
-606
-620
-619
-607
-583
-550
-510
-466
-420
-374
-329
-288
-251
-217
-189
-164
-143
-125
-108
-93
-78
-63
-47
-30
-13
3
20
36
51
63
72
78
79
77
71
63
52
39
27
15
5
-1
-7
-10
-12
-13
-14
-17
-21
-30
-42
-60
-82
-108
-139
-172
-206
-240
-271
-299
-321
-336
-343
-342
-331
-311
-283
-247
-206
-161
-114
-66
-19
24
65
101
133
161
184
203
219
232
243
251
258
263
266
269
270
269
269
268
267
268
271
277
286
298
314
334
356
380
404
427
447
462
471
473
466
450
426
395
359
318
276
234
196
163
138
121
113
115
126
144
168
197
227
257
284
307
323
331
330
319
298
267
227
178
120
56
-13
-86
-163
-241
-319
-395
-468
-537
-601
-658
-708
-752
-787
-816
-838
-855
-866
-873
-875
-874
-868
-858
-842
-821
-792
-756
-710
-655
-591
-519
-438
-351
-260
-166
-73
16
101
177
243
298
341
372
391
401
403
399
393
388
385
386
394
409
432
460
493
528
564
597
624
643
652
648
632
603
562
509
448
380
309
238
168
104
47
-2
-43
-77
-103
-122
-138
-150
-160
-170
-179
-190
-201
-212
-223
-233
-241
-247
-250
-250
-247
-240
-230
-218
-204
-188
-172
-156
-142
-129
-119
-112
-108
-107
-108
-112
-118
-124
-131
-137
-144
-149
-154
-158
-162
-166
-170
-174
-179
-184
-191
-199
-208
-217
-227
-236
-244
-250
-254
-254
-249
-240
-227
-210
-190
-168
-144
-121
-98
-78
-61
-47
-37
-29
-23
-18
-13
-5
4
19
39
66
99
138
181
229
278
327
373
415
449
474
489
491
482
459
425
381
327
267
203
138
73
11
-44
-93
-134
-166
-188
-202
-206
-203
-192
-176
-154
-128
-100
-70
-39
-7
23
52
79
103
123
138
148
153
151
144
131
112
89
62
33
4
-25
-52
-76
-95
-108
-115
-113
-105
-89
-67
-39
-6
28
65
101
136
168
195
216
232
240
242
238
228
212
193
170
146
121
97
74
54
37
22
12
4
-1
-4
-6
-7
-8
-10
-14
-19
-26
-34
-42
-51
-59
-65
-68
-67
-62
-52
-37
-18
3
28
55
81
107
129
148
163
173
177
177
171
161
146
128
107
83
57
30
1
-27
-56
-85
-113
-142
-169
-196
-221
-246
-268
-290
-310
-328
-344
-358
-370
-380
-388
-393
-396
-395
-392
-384
-371
-354
-332
-304
-272
-234
-193
-149
-102
-54
-7
37
80
119
153
182
205
221
232
236
235
229
219
204
187
166
143
119
94
69
44
20
-1
-20
-37
-49
-57
-59
-56
-48
-33
-14
9
37
67
98
129
158
184
206
223
234
239
239
233
223
211
196
181
167
156
147
142
141
143
148
155
163
170
175
177
175
167
154
135
110
79
43
3
-39
-85
-131
-178
-223
-266
-306
-342
-373
-398
-417
-428
-432
-428
-415
-395
-367
-331
-288
-240
-186
-130
-71
-12
46
101
152
198
237
269
292
306
312
311
301
285
263
237
208
177
145
114
86
60
38
21
8
1
-1
0
6
14
24
34
44
53
60
65
66
64
59
50
39
26
12
-3
-19
-36
-52
-68
-83
-97
-109
-120
-128
-135
-139
-141
-141
-138
-134
-128
-121
-113
-106
-99
-94
-90
-89
-90
-94
-100
-109
-118
-129
-139
-149
-156
-161
-162
-158
-150
-138
-120
-99
-73
-45
-15
16
48
78
107
133
156
175
190
201
207
209
207
200
189
174
156
133
107
79
47
14
-19
-53
-87
-118
-146
-170
-188
-200
-206
-205
-199
-186
-169
-148
-124
-98
-72
-44
-17
10
37
65
93
122
151
180
210
239
266
290
310
325
334
335
328
313
289
256
217
172
123
71
20
-28
-73
-113
-146
-171
-188
-198
-201
-199
-192
-183
-173
-163
-155
-150
-149
-151
-157
-166
-177
-189
-202
-212
-221
-225
-225
-220
-210
-194
-173
-147
-118
-87
-54
-20
11
42
69
94
115
132
145
154
160
163
163
161
157
152
145
138
130
122
114
107
101
97
93
92
93
96
101
107
115
125
135
146
157
168
179
188
195
201
203
203
199
192
181
167
149
129
105
80
53
25
-3
-32
-61
-90
-118
-145
-170
-194
-215
-234
-249
-261
-269
-273
-272
-266
-256
-242
-224
-203
-179
-153
-127
-100
-75
-51
-30
-13
1
12
19
23
25
24
22
19
16
14
12
12
13
14
17
21
25
30
34
38
41
45
47
50
52
54
57
59
63
66
71
76
82
88
95
103
111
120
128
137
145
152
157
160
161
158
152
141
126
107
84
58
30
0
-29
-58
-84
-108
-127
-142
-152
-157
-157
-153
-145
-134
-120
-106
-91
-77
-65
-56
-50
-48
-49
-53
-60
-70
-81
-93
-105
-116
-126
-134
-139
-143
-143
-142
-138
-132
-123
-113
-102
-88
-73
-57
-39
-20
-1
19
39
59
79
97
114
127
138
145
148
147
142
134
121
106
88
68
47
26
6
-12
-29
-45
-57
-67
-74
-79
-81
-80
-78
-74
-68
-62
-54
-46
-37
-28
-19
-10
0
8
17
26
36
45
55
64
74
84
94
103
112
120
127
132
135
136
134
130
123
113
101
86
69
50
29
8
-12
-33
-52
-70
-85
-98
-108
-114
-118
-117
-114
-106
-96
-82
-66
-47
-26
-4
18
40
63
83
102
118
130
138
142
141
135
124
107
86
61
31
0
-34
-68
-103
-135
-165
-192
-213
-230
-241
-246
-245
-239
-227
-211
-192
-170
-147
-122
-98
-75
-53
-34
-18
-5
4
10
13
13
10
5
-1
-10
-20
-31
-41
-51
-60
-67
-72
-72
-69
-60
-45
-25
0
32
69
110
154
200
246
291
334
372
405
431
450
460
463
457
442
421
392
357
317
274
227
180
132
84
38
-5
-46
-84
-119
-150
-178
-202
-224
-242
-258
-272
-285
-296
-307
-318
-329
-340
-351
-362
-372
-381
-387
-390
-389
-383
-371
-353
-329
-298
-260
-218
-171
-120
-68
-16
34
82
125
163
194
218
235
245
249
248
242
233
222
209
197
185
175
167
162
159
158
160
163
168
174
181
188
195
201
207
212
215
217
218
217
215
210
204
196
186
173
159
141
121
98
72
43
11
-23
-59
-96
-133
-168
-202
-233
-259
-282
-299
-312
-319
-322
-320
-314
-304
-292
-277
-260
-243
-225
-207
-189
-172
-156
-141
-126
-112
-98
-84
-70
-55
-40
-24
-7
8
25
42
58
74
90
105
119
133
146
157
168
177
185
190
193
194
192
186
176
163
145
124
99
72
43
12
-16
-45
-71
-93
-111
-124
-131
