-273
-266
-255
-241
-224
-207
-189
-170
-152
-135
-119
-103
-87
-72
-57
-42
-26
-10
6
23
40
56
71
83
94
101
104
103
97
88
74
57
37
16
-4
-24
-43
-58
-68
-74
-74
-67
-55
-37
-14
12
43
75
109
142
173
201
225
244
257
264
265
259
248
231
210
185
158
130
101
73
46
20
-3
-25
-46
-65
-84
-102
-119
-136
-153
-169
-186
-202
-217
-231
-245
-257
-267
-275
-281
-284
-285
-283
-277
-269
-258
-244
-227
-208
-187
-164
-139
-114
-87
-60
-34
-9
14
35
53
68
79
86
89
88
84
76
66
54
40
26
12
-1
-14
-25
-36
-44
-51
-57
-61
-64
-66
-67
-67
-65
-62
-57
-51
-41
-30
-15
1
21
44
69
96
125
153
182
209
234
256
274
287
296
298
295
287
272
253
230
204
175
145
115
85
58
33
11
-6
-21
-32
-40
-46
-51
-54
-58
-62
-66
-72
-79
-86
-91
-94
-94
-88
-77
-58
-32
0
39
83
130
178
225
267
304
332
350
356
350
331
299
256
203
141
74
3
-67
-136
-201
-260
-310
-351
-381
-400
-409
-407
-396
-374
-344
-307
-263
-213
-159
-102
-44
15
73
130
183
231
274
311
339
359
369
369
358
336
304
260
208
148
81
11
-60
-132
-200
-262
-316
-360
-392
-412
-420
-415
-397
-369
-332
-286
-235
-180
-123
-65
-8
46
98
147
193
235
274
310
342
372
398
421
440
455
465
470
468
460
446
425
400
370
336
301
264
228
194
162
132
105
80
56
31
5
-23
-57
-95
-140
-190
-246
-307
-370
-435
-500
-561
-617
-665
-704
-731
-746
-748
-737
-714
-678
-633
-579
-520
-457
-393
-331
-272
-218
-170
-128
-94
-66
-43
-25
-11
0
11
20
30
39
47
54
59
60
58
51
38
20
-2
-29
-61
-95
-131
-165
-198
-225
-247
-261
-266
-261
-245
-219
-182
-137
-84
-25
38
103
169
233
295
352
404
451
492
527
556
580
597
609
615
614
608
596
577
553
523
488
449
405
358
309
257
204
150
96
42
-10
-62
-113
-161
-207
-249
-288
-322
-352
-376
-394
-405
-410
-408
-400
-386
-368
-346
-321
-296
-272
-250
-233
-221
-216
-218
-227
-244
-267
-295
-328
-363
-399
-435
-467
-495
-516
-530
-534
-529
-513
-486
-448
-400
-341
-272
-194
-109
-17
78
176
276
373
467
556
636
707
766
813
847
866
871
863
841
808
764
710
650
584
515
444
374
306
241
182
130
84
46
15
-6
-20
-26
-26
-19
-6
9
28
48
68
85
99
108
112
110
102
90
74
55
35
16
0
-12
-20
-22
-17
-5
12
35
63
93
125
155
183
206
222
231
230
220
200
170
131
85
32
-24
-82
-140
-195
-244
-285
-317
-338
-348
-346
-333
-312
-283
-249
-213
-177
-144
-116
-94
-80
-72
-71
-76
-85
-95
-106
-114
-119
-120
-114
-103
-86
-64
-38
-9
20
48
75
97
114
123
126
120
107
86
59
27
-9
-48
-89
-130
-171
-212
-251
-290
-327
-362
-396
-428
-457
-483
-505
-523
-535
-540
-538
-528
-510
-484
-448
-405
-354
-296
-232
-163
-90
-14
63
141
219
296
371
442
509
570
624
671
710
740
762
773
776
769
754
730
699
661
618
570
519
466
412
356
301
246
192
138
84
31
-20
-71
-122
-170
-216
-259
-298
-332
-362
-386
-405
-419
-428
-433
-435
-433
-429
-423
-416
-408
-401
-394
-387
-382
-376
-372
-367
-361
-354
-345
-332
-316
-297
-273
-246
-216
-184
-150
-116
-83
-52
-25
-1
18
33
43
50
52
52
50
46
42
39
38
40
45
54
67
83
103
124
147
170
192
210
225
235
239
238
232
221
206
189
171
154
139
127
120
118
122
131
145
164
186
210
235
259
280
298
311
319
320
316
306
291
272
250
225
199
171
144
118
92
68
46
24
4
-14
-32
-50
-68
-87
-105
-125
-145
-165
-186
-208
-229
-250
-269
-287
-303
-315
-324
-328
-328
-324
-316
-305
-291
-276
-260
-245
-231
-219
-208
-199
-190
-182
-174
-164
-153
-141
-126
-109
-91
-70
-48
-25
-1
22
46
69
90
109
126
140
150
157
160
161
159
154
148
142
135
130
126
124
124
126
130
136
142
147
152
154
153
148
139
125
106
83
56
26
-4
-36
-67
-95
-119
-137
-150
-155
-154
-145
-130
-109
-84
-57
-28
0
27
51
72
88
100
108
112
111
107
100
91
79
67
53
39
25
11
-2
-16
-29
-42
-54
-67
-79
-92
-105
-117
-130
-141
-152
-161
-169
-174
-177
-177
-174
-168
-159
-147
-133
-116
-97
-76
-54
-32
-10
9
29
45
60
71
79
84
87
87
86
84
80
77
73
69
65
62
58
56
53
52
51
51
52
54
56
60
64
68
72
75
79
82
84
86
87
88
89
89
89
89
89
89
88
88
86
84
81
76
70
62
53
42
30
16
2
-11
-24
-37
-49
-60
-69
-76
-81
-84
-85
-83
-79
-72
-62
-51
-38
-23
-8
5
18
29
38
43
45
44
39
30
19
5
-10
-28
-46
-65
-84
-102
-119
-135
-150
-163
-173
-181
-186
-188
-186
-182
-174
-163
-148
-132
-113
-92
-70
-47
-24
-1
22
45
68
91
114
135
155
173
187
198
203
203
196
183
163
137
105
70
32
-6
-45
-81
-114
-142
-163
-177
-184
-184
-177
-164
-145
-122
-96
-67
-38
-9
18
43
66
86
103
116
125
130
131
129
122
112
99
84
66
47
28
9
-8
-24
-38
-49
-56
-61
-62
-60
-56
-49
-41
-31
-21
-11
-1
7
15
22
28
32
34
35
34
31
28
23
17
11
4
0
-5
-8
-9
-7
-2
5
15
28
42
57
71
84
93
98
98
92
79
60
34
1
-35
-77
-120
-164
-206
-244
-276
-299
-314
-317
-308
-288
-255
-212
-159
-98
-31
40
114
187
259
326
387
441
486
521
546
562
567
562
548
525
495
458
415
366
313
257
198
138
78
20
-36
-88
-137
-181
-219
-252
-280
-303
-322
-338
-350
-360
-367
-373
-378
-382
-383
-384
-382
-377
-370
-359
-344
-325
-302
-276
-246
-213
-178
-143
-109
-76
-46
-20
0
15
26
30
30
26
18
8
-3
-13
-23
-30
-34
-33
-29
-20
-7
9
28
49
72
95
118
139
160
179
196
212
227
242
256
271
287
304
323
344
366
388
411
433
453
468
479
482
478
464
441
408
364
312
251
183
109
31
-48
-128
-206
-281
-350
-413
-467
-511
-544
-566
-577
-575
-563
-540
-507
-467
-421
-370
-316
-262
-208
-158
-111
-70
-35
-8
11
23
28
26
18
6
-9
-27
-46
-64
-82
-97
-109
-116
-120
-118
-113
-102
-88
-70
-49
-28
-6
13
30
44
52
56
54
46
34
19
3
-12
-26
-35
-39
-36
-25
-5
22
58
101
149
201
255
309
360
407
447
479
501
510
506
488
454
406
344
269
183
88
-12
-116
-220
-321
-416
-503
-579
-643
-694
-732
-754
-763
-757
-737
-704
-660
-604
-539
-466
-386
-302
-215
-127
-40
44
125
199
267
327
379
421
455
481
499
511
517
519
517
513
507
498
488
475
459
440
417
389
357
320
279
235
188
141
94
50
8
-28
-60
-85
-104
-116
-123
-123
-120
-112
-103
-92
-82
-72
-64
-59
-56
-56
-59
-64
-73
-84
-96
-111
-127
-145
-163
-183
-202
-221
-239
-256
-272
-284
-294
-301
-304
-303
-299
-290
-277
-261
-241
-218
-192
-165
-136
-106
-76
-47
-18
7
31
53
72
87
99
108
114
116
116
114
110
106
101
96
92
89
87
87
87
89
90
92
93
92
89
84
76
66
52
36
19
1
-15
-30
-42
-49
-49
-43
-29
-7
21
56
96
139
183
226
266
300
328
347
358
360
353
337
315
288
256
223
188
155
123
94
68
45
26
10
-2
-14
-24
-34
-43
-52
-61
-70
-79
-88
-97
-106
-116
-127
-139
-152
-166
-181
-198
-216
-233
-251
-268
-283
-297
-310
-320
-329
-336
-342
-347
-350
-353
-354
-354
-353
-349
-343
-335
-324
-309
-291
-270
-245
-218
-188
-155
-121
-85
-48
-11
26
64
102
140
178
216
253
290
326
360
391
420
446
467
483
493
498
497
490
478
461
441
418
393
368
343
320
298
280
264
252
242
235
231
229
228
229
229
229
227
222
213
199
179
152
117
75
26
-29
-89
-152
-216
-279
-339
-392
-438
-475
-501
-516
-520
-513
-495
-469
-436
-398
-356
-314
-272
-233
-197
-167
-142
-122
-108
-97
-91
-86
-83
-80
-76
-70
-63
-53
-40
-25
-7
12
34
58
83
108
134
158
180
199
216
228
236
239
239
234
227
216
203
189
175
161
148
137
128
121
116
113
111
110
109
106
103
96
88
76
61
44
25
4
-17
-39
-60
-80
-98
-114
-127
-137
-146
-152
-156
-160
-163
-165
-167
-169
-171
-172
-173
-174
-174
-174
-173
-172
-172
-173
-176
-180
-187
-197
-209
-223
-239
-256
-273
-288
-301
-311
-315
-313
-304
-287
-263
-232
-193
-149
-101
-50
2
53
101
145
182
213
235
250
257
257
251
241
229
215
202
191
182
176
174
174
178
183
188
194
198
200
198
193
183
169
149
125
97
66
33
-1
-35
-68
-99
-126
-149
-166
-178
-184
-184
-179
-168
-154
-137
-117
-96
-76
-56
-38
-23
-12
-4
-1
-2
-7
-16
-29
-44
-62
-80
-98
-114
-128
-138
-144
-144
-139
-128
-112
-91
-66
-38
-8
20
49
76
100
120
136
148
157
163
166
167
167
167
168
169
171
174
178
181
185
188
189
187
183
176
166
153
137
121
103
85
68
53
40
29
21
16
14
14
16
20
26
32
38
44
50
55
58
59
59
57
53
47
40
32
22
11
0
-11
-23
-35
-46
-58
-69
-79
-89
-99
-108
-117
-126
-136
-146
-158
-172
-187
-203
-221
-240
-258
-277
-293
-307
-316
-322
-322
-316
-305
-288
-267
-241
-213
-183
-154
-125
-97
-73
-52
-34
-18
-5
7
20
35
54
78
108
145
190
242
300
362
427
492
553
609
657
692
714
721
710
683
640
582
513
434
350
265
183
107
40
-14
-57
-88
-106
-113
-112
-105
-94
-84
-75
-71
-73
-83
-102
-130
-166
-209
-258
-311
-365
-418
-468
-513
-550
-578
-596
-602
-597
-580
-552
-513
-466
-412
-352
-289
-223
-157
-92
-31
26
78
124
163
196
221
240
252
259
260
257
249
239
226
210
193
175
156
135
113
91
68
45
22
0
-22
-42
-60
-76
-88
-95
-98
-96
-89
-76
-59
-38
-14
11
37
63
87
108
124
136
142
144
140
131
120
105
89
