46
52
61
74
91
110
132
155
178
201
221
238
251
261
265
265
260
251
239
224
207
188
168
147
126
105
84
63
42
22
3
-14
-31
-46
-58
-67
-73
-75
-73
-66
-55
-40
-22
0
22
46
70
93
112
128
139
143
140
130
112
86
54
15
-26
-72
-118
-164
-206
-243
-274
-297
-311
-316
-311
-298
-276
-247
-214
-177
-139
-101
-67
-36
-11
7
18
23
21
14
3
-11
-27
-43
-58
-70
-78
-82
-81
-75
-65
-50
-31
-11
10
32
54
73
89
102
111
117
120
119
117
112
107
101
95
90
86
82
80
78
77
77
78
79
81
83
85
88
90
92
94
95
95
95
93
89
84
77
68
58
47
36
24
13
2
-6
-12
-16
-18
-18
-15
-10
-4
2
9
16
23
30
36
43
50
57
66
74
84
95
107
118
130
141
152
160
166
170
170
167
161
151
138
121
103
82
60
38
16
-4
-22
-38
-50
-58
-61
-61
-57
-49
-40
-29
-19
-11
-6
-5
-9
-19
-35
-57
-84
-114
-146
-177
-207
-231
-249
-258
-257
-245
-222
-187
-143
-90
-31
29
91
150
203
247
282
304
313
310
295
268
232
189
140
88
35
-15
-64
-109
-149
-183
-211
-234
-252
-265
-276
-283
-289
-294
-298
-302
-304
-304
-303
-298
-290
-277
-259
-236
-207
-174
-136
-95
-51
-7
35
76
113
145
172
192
207
215
218
217
212
205
198
191
185
181
180
181
184
189
194
199
204
205
203
197
185
168
145
116
82
44
3
-39
-81
-121
-157
-189
-215
-234
-246
-251
-249
-240
-226
-207
-184
-159
-131
-103
-75
-48
-23
-1
18
34
47
57
63
67
69
68
67
65
63
61
60
61
62
65
69
73
78
83
85
85
82
73
58
37
8
-26
-68
-116
-167
-220
-273
-324
-369
-406
-434
-450
-452
-440
-414
-373
-319
-253
-178
-95
-8
79
166
248
323
389
443
484
512
526
527
514
489
454
411
361
308
254
201
150
104
64
31
4
-16
-31
-41
-49
-55
-60
-67
-75
-86
-100
-117
-135
-155
-175
-194
-211
-225
-234
-239
-239
-234
-225
-213
-199
-184
-170
-157
-147
-140
-136
-135
-136
-138
-140
-139
-136
-128
-113
-93
-65
-31
8
53
101
149
197
242
281
314
338
352
357
352
339
318
292
262
230
199
171
146
127
115
109
109
115
127
141
158
176
192
205
215
220
220
215
204
189
168
144
116
85
52
19
-14
-48
-81
-111
-140
-165
-187
-205
-219
-229
-234
-233
-229
-219
-205
-187
-166
-143
-118
-92
-67
-44
-22
-4
10
20
26
26
22
12
-2
-22
-45
-72
-101
-131
-161
-189
-215
-236
-252
-263
-267
-264
-254
-238
-216
-188
-156
-119
-80
-40
-1
35
69
97
118
131
135
130
115
93
63
27
-11
-51
-90
-126
-157
-181
-196
-201
-197
-182
-159
-127
-88
-45
0
45
88
126
157
181
194
197
190
172
146
111
69
23
-25
-75
-123
-168
-207
-239
-263
-277
-282
-276
-261
-238
-207
-170
-129
-86
-42
0
39
75
106
131
151
165
174
177
176
170
162
152
140
128
115
103
91
80
69
58
47
35
22
7
-8
-25
-44
-63
-81
-99
-115
-127
-137
-142
-142
-138
-130
-116
-99
-79
-57
-34
-11
10
29
44
55
61
62
59
52
43
32
21
12
5
2
4
10
22
38
57
80
104
127
149
168
182
191
193
188
176
157
133
103
70
35
0
-33
-63
-88
-107
-119
-124
-123
-115
-103
-86
-67
-48
-28
-10
4
17
27
34
39
41
43
44
45
46
47
50
53
57
61
66
72
77
81
85
88
90
92
93
94
95
98
101
107
115
124
136
148
162
175
187
198
207
212
215
214
208
199
187
170
151
130
107
84
61
39
20
4
-6
-14
-17
-16
-12
-5
3
11
19
24
25
21
13
0
-19
-42
-69
-97
-126
-153
-178
-198
-212
-219
-217
-207
-188
-160
-125
-81
-32
19
74
129
181
229
269
301
322
331
328
312
284
245
195
136
70
0
-72
-144
-215
-281
-342
-396
-441
-479
-509
-531
-546
-555
-559
-559
-555
-548
-537
-522
-502
-478
-448
-412
-369
-319
-262
-198
-127
-50
30
114
200
285
368
445
514
575
624
662
687
699
700
689
669
641
607
569
528
486
445
406
370
337
307
280
256
233
210
186
160
132
99
63
24
-18
-63
-109
-155
-199
-239
-274
-302
-324
-338
-345
-344
-336
-323
-305
-284
-262
-241
-221
-205
-194
-189
-191
-201
-219
-245
-278
-317
-360
-406
-453
-498
-539
-573
-600
-617
-623
-617
-600
-570
-530
-480
-421
-355
-283
-208
-131
-54
20
93
161
224
281
332
376
413
442
464
478
484
483
475
460
439
413
381
345
305
263
219
174
130
87
46
9
-23
-50
-71
-86
-93
-93
-87
-74
-57
-37
-14
7
28
45
58
67
69
66
59
48
34
19
6
-5
-12
-14
-11
-1
14
35
61
90
120
150
176
198
213
221
220
209
190
161
125
82
35
-16
-68
-121
-173
-222
-267
-308
-344
-375
-400
-422
-438
-451
-461
-468
-473
-476
-477
-477
-475
-469
-460
-447
-428
-401
-368
-326
-276
-218
-153
-82
-6
71
148
224
294
356
408
447
472
482
477
457
423
378
323
263
201
139
81
30
-12
-43
-63
-72
-69
-57
-37
-11
18
48
77
102
121
133
136
131
118
97
70
38
4
-28
-60
-87
-109
-123
-131
-130
-123
-110
-92
-70
-47
-25
-4
13
27
36
40
39
33
23
9
-6
-22
-39
-53
-64
-70
-71
-67
-56
-38
-14
16
52
94
141
191
245
301
357
413
465
514
556
591
617
633
638
631
614
585
546
498
442
380
314
244
173
103
35
-28
-87
-140
-185
-223
-252
-274
-288
-296
-297
-294
-287
-278
-267
-255
-243
-232
-220
-208
-196
-184
-170
-155
-137
-118
-97
-73
-48
-20
7
37
66
96
125
153
181
207
233
257
281
303
324
343
360
374
386
393
395
393
384
369
346
317
281
238
188
133
74
11
-52
-117
-180
-240
-296
-345
-386
-419
-441
-453
-453
-443
-421
-389
-348
-297
-240
-178
-111
-42
26
93
157
215
266
308
339
357
362
351
325
284
229
159
79
-10
-106
-204
-302
-396
-482
-557
-618
-664
-692
-702
-693
-667
-624
-566
-496
-417
-331
-242
-152
-64
19
96
165
224
273
310
336
350
352
344
324
296
259
215
165
111
55
-1
-58
-114
-166
-213
-255
-291
-318
-337
-346
-345
-333
-311
-279
-237
-187
-131
-70
-6
57
119
178
231
276
314
342
360
368
367
356
337
311
279
243
204
163
122
82
45
11
-18
-44
-65
-82
-95
-104
-112
-118
-125
-132
-143
-157
-175
-199
-228
-263
-303
-347
-395
-445
-496
-545
-592
-632
-666
-691
-705
-708
-699
-677
-643
-597
-540
-474
-400
-319
-234
-145
-54
36
126
215
301
384
463
536
604
665
718
763
798
823
838
841
832
811
778
734
678
613
539
457
370
279
187
95
7
-76
-152
-220
-278
-325
-361
-386
-401
-407
-404
-393
-375
-352
-324
-293
-259
-224
-187
-149
-112
-76
-40
-7
23
51
76
97
115
128
138
144
147
146
143
137
129
120
110
100
89
80
72
66
62
62
66
75
89
107
131
159
190
223
255
286
313
334
348
352
346
330
303
267
222
171
113
53
-8
-70
-130
-187
-239
-287
-329
-367
-399
-427
-450
-468
-482
-492
-497
-498
-494
-486
-472
-453
-428
-398
-361
-320
-272
-221
-165
-108
-49
9
65
118
166
209
245
275
298
315
327
334
337
338
336
333
329
324
318
310
300
287
271
250
224
192
156
114
69
21
-25
-72
-114
-151
-180
-202
-214
-217
-212
-199
-180
-157
-132
-106
-82
-60
-43
-31
-25
-24
-29
-37
-49
-62
-75
-86
-92
-93
-86
-70
-44
-10
33
84
140
199
257
312
360
398
425
437
435
417
384
337
279
211
136
59
-18
-93
-161
-221
-270
-308
-332
-344
-343
-329
-305
-272
-231
-185
-134
-81
-27
24
74
120
162
199
229
254
273
286
294
297
295
290
281
270
258
243
227
209
189
166
141
113
82
48
12
-24
-62
-98
-132
-162
-187
-207
-221
-228
-229
-222
-209
-190
-164
-133
-95
-53
-7
41
92
143
192
237
276
305
324
330
320
293
249
187
108
15
-90
-204
-321
-437
-546
-644
-728
-793
-838
-862
-864
-845
-806
-749
-678
-595
-503
-407
-309
-212
-118
-31
48
120
183
236
280
314
340
355
362
360
350
331
305
273
235
193
150
107
65
29
0
-22
-34
-36
-28
-9
16
48
84
118
149
172
184
182
164
129
78
12
-64
-149
-236
-321
-398
-462
-508
-533
-534
-510
-463
-392
-303
-199
-86
31
147
256
354
435
498
540
561
562
544
510
462
406
345
283
225
173
132
103
88
88
103
131
170
219
273
328
380
426
460
479
481
464
427
372
300
215
120
21
-76
-169
-252
-321
-374
-409
-426
-426
-411
-382
-345
-302
-257
-214
-178
-149
-132
-127
-136
-157
-192
-237
-292
-353
-418
-484
-547
-606
-656
-696
-724
-738
-736
-719
-687
-639
-578
-505
-421
-330
-233
-135
-37
56
146
230
306
375
435
488
535
574
609
638
664
686
705
720
733
743
749
751
748
739
722
697
662
617
560
492
413
324
226
123
16
-90
-194
-290
-375
-445
-499
-533
-546
-539
-512
-465
-403
-328
-243
-155
-66
16
92
155
205
238
254
255
242
216
180
139
95
51
10
-25
-53
-73
-85
-88
-85
-75
-61
-43
-24
-4
13
30
44
55
60
61
56
44
24
-1
-36
-78
-128
-184
-246
-312
-381
-449
-516
-579
-635
-681
-717
-740
-750
-745
-726
-694
-649
-595
-532
-464
-393
-320
-248
-179
-114
-53
3
54
100
142
180
216
250
282
315
347
381
414
447
479
510
538
563
585
601
614
621
624
623
617
607
592
572
547
517
480
437
388
333
272
207
138
66
-5
-75
-142
-205
-260
-306
-343
-368
-381
-382
-371
-349
-317
-277
-232
-183
-135
-90
-50
-20
0
7
2
-16
-46
-86
-134
-186
-238
-286
-327
-356
-370
-366
-344
-302
-243
-166
-77
21
124
227
324
412
486
542
578
594
587
560
514
451
375
289
197
103
11
-75
-154
-222
-279
-323
-355
-375
-385
-386
-379
-368
-353
-337
-320
-303
-288
-274
-261
-249
-237
-226
-214
-201
-186
-170
-153
-134
-115
-95
-76
-58
-42
-27
-14
-3
6
14
22
30
37
46
55
65
76
87
98
108
117
123
128
128
125
117
104
87
66
41
14
-12
