-109
-152
-198
-245
-291
-334
-373
-407
-435
-456
-469
-476
-476
-470
-458
-441
-420
-396
-369
-340
-308
-275
-239
-203
-164
-124
-83
-41
0
42
82
120
156
187
215
238
256
269
278
283
285
285
283
280
276
273
270
268
266
264
262
257
250
240
225
206
180
149
112
69
21
-31
-87
-145
-205
-263
-318
-369
-413
-450
-477
-493
-498
-491
-473
-442
-400
-347
-286
-216
-141
-62
18
100
179
255
325
389
446
494
534
564
585
596
596
586
566
536
494
443
382
313
235
151
62
-28
-120
-210
-295
-372
-440
-495
-537
-563
-573
-568
-547
-512
-465
-407
-342
-273
-200
-128
-58
8
69
125
175
218
255
285
310
329
342
349
352
349
340
326
308
284
256
224
188
149
109
67
26
-13
-52
-88
-121
-150
-175
-197
-215
-229
-241
-249
-254
-256
-255
-252
-247
-239
-228
-216
-202
-188
-173
-158
-143
-130
-119
-111
-104
-100
-98
-99
-101
-104
-108
-112
-115
-117
-118
-116
-113
-108
-100
-91
-81
-69
-58
-46
-34
-24
-15
-7
-1
2
4
4
3
0
-2
-7
-13
-18
-24
-29
-33
-35
-35
-32
-27
-19
-8
3
17
32
48
63
77
90
101
111
120
129
138
148
158
170
184
199
214
230
246
259
270
278
281
279
272
259
241
219
194
166
138
109
83
60
40
25
16
11
11
15
22
31
42
52
61
67
71
70
65
56
42
24
2
-23
-50
-79
-109
-138
-166
-191
-213
-233
-248
-260
-268
-273
-275
-275
-272
-268
-262
-256
-248
-240
-232
-222
-212
-201
-189
-175
-159
-141
-122
-100
-77
-52
-26
0
26
52
76
99
119
137
152
165
175
183
189
196
202
210
220
232
247
266
287
311
337
363
388
412
432
446
454
454
446
429
404
370
329
282
229
174
116
58
2
-50
-99
-143
-180
-210
-233
-248
-256
-257
-251
-239
-223
-202
-179
-154
-128
-103
-78
-54
-33
-13
4
20
34
47
59
70
81
91
101
111
120
128
136
141
144
144
141
133
122
107
89
69
46
23
0
-21
-42
-61
-78
-94
-108
-121
-134
-146
-159
-171
-184
-197
-210
-223
-236
-248
-260
-271
-281
-291
-300
-308
-315
-322
-327
-330
-332
-331
-328
-321
-310
-297
-280
-260
-238
-216
-195
-174
-156
-141
-130
-122
-117
-115
-114
-115
-116
-116
-116
-116
-117
-120
-126
-137
-153
-176
-207
-244
-288
-335
-383
-430
-472
-504
-524
-529
-515
-482
-428
-355
-264
-157
-38
88
219
349
473
588
690
775
842
890
917
926
917
892
854
806
750
690
627
564
502
442
385
329
277
225
175
126
77
28
-19
-66
-111
-154
-193
-228
-257
-280
-297
-307
-310
-306
-297
-281
-260
-235
-207
-178
-147
-117
-89
-63
-41
-22
-9
0
3
1
-5
-17
-33
-53
-75
-100
-126
-153
-178
-201
-221
-238
-249
-256
-257
-252
-242
-225
-203
-176
-145
-109
-71
-31
9
50
90
127
162
193
219
240
257
267
273
273
268
259
248
234
219
205
193
184
178
177
181
191
205
224
246
272
299
328
357
385
411
434
455
471
484
492
495
495
490
482
470
456
438
417
393
366
336
302
266
227
186
143
99
54
9
-33
-75
-114
-150
-182
-211
-236
-258
-277
-293
-307
-319
-331
-343
-356
-371
-388
-407
-429
-453
-479
-505
-531
-555
-576
-592
-603
-608
-605
-595
-578
-555
-527
-494
-459
-422
-385
-349
-313
-278
-243
-207
-169
-127
-80
-28
30
95
166
240
317
393
466
533
590
636
668
683
683
665
632
584
523
452
374
291
207
123
43
-31
-99
-161
-214
-260
-299
-331
-356
-377
-392
-404
-411
-415
-416
-414
-409
-401
-391
-378
-363
-345
-326
-305
-282
-258
-234
-210
-185
-162
-140
-119
-101
-84
-69
-55
-43
-32
-22
-11
-1
10
23
37
52
69
87
107
127
146
166
184
202
217
231
242
252
259
263
266
266
263
258
250
239
225
208
188
166
141
114
86
57
28
0
-25
-49
-69
-85
-97
-104
-105
-102
-95
-84
-70
-55
-38
-23
-8
3
13
20
24
26
26
24
21
18
16
14
15
17
22
28
35
43
51
59
64
68
68
65
57
45
29
10
-11
-34
-57
-78
-95
-108
-115
-115
-108
-93
-71
-43
-9
27
68
108
148
185
219
247
269
286
296
301
301
298
293
287
283
281
282
288
299
314
333
355
378
401
420
435
443
441
429
406
369
321
261
191
112
27
-60
-148
-234
-315
-389
-452
-504
-544
-570
-583
-585
-575
-556
-528
-496
-459
-420
-381
-343
-307
-273
-244
-217
-195
-176
-161
-149
-140
-133
-129
-126
-125
-124
-123
-121
-119
-115
-110
-104
-96
-86
-74
-62
-48
-34
-18
-3
12
28
43
58
72
85
97
109
119
129
138
147
156
165
173
181
189
196
203
209
213
217
219
219
217
212
205
194
181
164
144
122
97
71
44
17
-8
-32
-54
-73
-88
-99
-107
-111
-112
-110
-106
-101
-95
-90
-86
-83
-83
-85
-89
-96
-104
-115
-127
-141
-156
-171
-188
-206
-224
-243
-262
-281
-299
-316
-331
-343
-352
-356
-355
-347
-333
-313
-285
-252
-211
-166
-115
-61
-5
51
107
162
214
261
302
338
366
388
402
410
411
405
394
379
359
335
310
283
255
227
200
174
151
130
112
96
83
72
63
55
48
41
35
28
20
12
4
-3
-11
-18
-25
-29
-32
-34
-34
-32
-30
-27
-25
-24
-24
-26
-31
-37
-45
-54
-63
-70
-76
-78
-75
-68
-55
-37
-13
15
49
85
123
161
197
230
259
281
295
302
300
289
270
243
210
172
130
86
41
-1
-43
-80
-113
-141
-165
-183
-196
-206
-213
-218
-223
-228
-234
-243
-254
-268
-284
-303
-322
-342
-361
-378
-391
-398
-400
-394
-379
-355
-323
-281
-232
-175
-114
-49
16
81
142
198
247
286
315
333
340
337
322
299
267
229
187
141
95
50
8
-29
-60
-86
-103
-114
-117
-115
-107
-96
-84
-71
-61
-55
-54
-60
-73
-94
-121
-154
-190
-228
-266
-299
-328
-348
-359
-361
-351
-331
-301
-261
-212
-157
-95
-29
40
113
187
262
337
412
484
554
620
682
739
789
831
862
883
890
883
859
819
761
685
593
486
366
234
94
-50
-196
-341
-481
-613
-733
-840
-930
-1002
-1055
-1087
-1099
-1091
-1063
-1018
-957
-883
-799
-708
-613
-517
-425
-337
-258
-187
-127
-77
-38
-7
16
34
48
61
75
91
111
135
163
194
229
265
301
335
367
394
416
433
444
450
452
451
447
442
437
433
430
429
429
431
434
436
438
439
438
434
427
417
403
387
368
345
321
295
267
238
208
178
149
121
94
69
47
27
9
-5
-16
-25
-32
-35
-37
-36
-33
-28
-23
-17
-12
-7
-4
-4
-7
-14
-25
-40
-61
-86
-116
-149
-187
-228
-271
-317
-363
-409
-455
-498
-539
-576
-608
-634
-654
-666
-671
-667
-655
-635
-606
-570
-526
-475
-418
-357
-291
-224
-155
-87
-22
38
92
138
173
196
205
201
182
151
107
52
-8
-74
-139
-201
-255
-297
-323
-331
-319
-285
-230
-155
-62
46
167
295
425
555
678
791
890
972
1036
1079
1102
1103
1083
1044
987
914
826
726
616
498
375
249
122
-1
-121
-234
-338
-431
-512
-579
-632
-670
-693
-702
-697
-681
-655
-620
-579
-533
-484
-433
-382
-331
-281
-231
-181
-132
-83
-35
12
59
103
144
181
211
234
249
254
249
234
209
176
134
85
32
-23
-80
-137
-191
-241
-286
-324
-355
-377
-391
-397
-394
-382
-363
-335
-301
-260
-214
-163
-108
-52
4
61
115
166
212
251
283
307
323
329
328
318
302
279
252
221
189
157
128
102
82
67
60
61
68
83
103
128
155
184
213
239
263
282
295
302
303
298
287
270
250
225
199
171
143
117
92
70
52
38
29
24
23
27
34
44
56
68
81
92
102
108
110
109
103
94
81
65
48
29
10
-6
-22
-35
-45
-52
-56
-56
-55
-52
-49
-47
-46
-48
-54
-65
-81
-102
-128
-158
-191
-226
-261
-293
-322
-345
-362
-370
-370
-362
-345
-320
-290
-255
-218
-180
-143
-109
-80
-57
-41
-30
-26
-28
-33
-42
-53
-64
-74
-82
-88
-91
-91
-88
-83
-77
-70
-64
-60
-58
-59
-63
-70
-80
-93
-107
-123
-139
-154
-168
-180
-189
-196
-198
-197
-192
-182
-168
-149
-125
-96
-63
-25
15
59
104
150
194
235
271
301
324
338
344
341
329
311
286
257
226
195
164
137
114
97
86
81
82
88
99
112
127
142
156
168
178
185
189
191
190
188
185
181
175
169
162
154
145
133
119
103
83
61
35
6
-25
-60
-96
-133
-169
-204
-237
-266
-291
-312
-327
-336
-340
-338
-332
-322
-309
-294
-278
-262
-247
-233
-221
-212
-205
-200
-196
-192
-188
-181
-172
-159
-143
-122
-98
-70
-40
-7
25
58
89
118
144
165
181
192
197
196
189
178
162
143
122
101
80
61
45
33
26
24
28
38
53
72
95
121
149
176
203
227
247
262
272
276
274
267
254
238
218
197
175
154
134
117
101
89
79
71
66
61
58
55
51
46
39
31
20
8
-6
-23
-41
-60
-80
-100
-121
-142
-163
-184
-206
-228
-250
-272
-294
-316
-336
-355
-372
-385
-394
-397
-394
-385
-367
-342
-309
-270
-223
-172
-117
-60
-4
49
100
145
183
213
236
250
256
254
246
233
215
194
171
148
125
104
84
68
54
44
36
32
30
30
32
35
39
44
49
54
60
65
69
74
78
81
85
88
91
94
98
102
107
113
121
128
137
146
155
165
173
180
186
190
191
189
183
174
160
141
118
91
59
23
-14
-55
-98
-140
-182
-221
-257
-289
-315
-335
-349
-356
-356
-351
-340
-326
-308
-289
-269
-249
-230
-212
-195
-180
-164
-149
-133
-115
-96
-75
-52
-28
-2
24
50
76
99
121
139
154
165
172
176
177
175
172
168
164
160
158
158
160
166
176
189
207
228
251
277
303
329
353
373
387
394
393
382
362
332
293
246
193
134
73
10
-51
-111
-166
-216
-259
-296
-324
-346
-359
-366
-366
-361
-350
-336
-318
-298
-276
-252
-229
-205
-182
-159
-138
-117
-99
-82
-67
-54
-43
-34
-27
-23
-21
-22
-26
-33
-43
-57
-75
-96
-121
-148
-178
-210
-243
-275
-307
-336
-361
-382
-398
-407
-409
-403
-390
-370
-343
-309
-270
-228
-183
-137
-92
-48
-6
31
64
93
118
138
154
166
176
183
189
194
199
204
210
217
225
235
245
256
268
280
293
306
318
330
342
352
362
370
377
381
384
385
383
379
371
361
347
