336
386
428
464
494
517
535
547
555
558
557
551
542
528
510
487
460
428
392
352
308
261
211
159
106
54
3
-44
-88
-126
-159
-184
-202
-212
-215
-210
-200
-186
-168
-150
-131
-115
-103
-95
-94
-98
-108
-124
-145
-171
-200
-230
-262
-294
-324
-353
-377
-397
-412
-419
-418
-409
-390
-361
-322
-274
-218
-153
-82
-7
70
148
224
296
362
418
464
497
516
520
508
481
440
386
320
246
165
81
-3
-86
-164
-234
-296
-346
-384
-408
-418
-414
-397
-368
-327
-277
-220
-157
-91
-24
41
105
166
220
269
311
344
370
388
398
401
396
385
368
347
322
294
264
234
204
175
148
123
102
84
71
61
55
53
54
58
63
69
75
80
84
85
82
76
66
51
32
9
-18
-50
-85
-123
-161
-199
-236
-269
-297
-320
-335
-342
-341
-332
-315
-291
-261
-226
-188
-149
-109
-70
-34
0
28
53
73
88
99
104
105
103
97
89
78
66
52
38
24
10
-2
-15
-26
-37
-47
-55
-62
-67
-71
-73
-74
-73
-71
-67
-63
-58
-53
-49
-45
-43
-43
-46
-52
-61
-74
-90
-110
-132
-156
-180
-204
-225
-242
-255
-261
-260
-251
-235
-211
-180
-145
-105
-63
-20
21
61
97
127
152
171
184
192
195
195
191
186
180
174
168
163
159
157
155
154
153
153
152
150
148
144
140
135
130
124
118
112
107
102
98
93
89
84
78
71
62
52
39
25
9
-7
-24
-42
-58
-74
-88
-100
-109
-116
-120
-121
-120
-117
-113
-108
-102
-96
-91
-86
-83
-81
-79
-79
-80
-82
-84
-86
-87
-88
-87
-85
-80
-73
-63
-51
-37
-21
-4
12
29
44
57
67
73
76
75
70
61
50
36
21
5
-10
-25
-38
-49
-57
-63
-65
-64
-61
-55
-48
-38
-28
-18
-6
4
16
28
41
54
68
83
98
114
129
143
156
165
172
174
173
166
154
138
119
95
70
44
17
-7
-30
-50
-67
-79
-88
-91
-91
-87
-80
-70
-58
-46
-32
-19
-7
3
13
22
28
34
38
41
44
47
50
53
57
61
66
70
75
78
80
81
79
75
68
57
44
28
10
-10
-32
-55
-78
-100
-121
-140
-155
-168
-178
-185
-189
-190
-189
-186
-182
-176
-169
-160
-150
-136
-120
-101
-78
-50
-19
15
53
93
134
175
213
248
278
301
317
325
326
319
306
289
268
245
222
201
182
166
153
143
136
131
127
121
114
104
89
70
45
15
-18
-56
-96
-138
-180
-219
-256
-289
-316
-338
-354
-364
-369
-368
-362
-352
-339
-322
-304
-284
-263
-242
-221
-200
-180
-162
-144
-128
-114
-99
-85
-70
-53
-35
-14
9
35
63
93
124
154
183
209
232
250
264
272
275
273
267
258
246
232
218
204
192
181
172
164
159
154
151
147
143
138
132
124
114
104
92
80
68
56
45
35
26
18
10
3
-3
-11
-21
-32
-45
-60
-78
-97
-117
-139
-160
-181
-202
-221
-238
-252
-265
-275
-283
-288
-291
-293
-293
-292
-289
-285
-280
-273
-266
-257
-246
-234
-221
-206
-189
-170
-150
-128
-105
-80
-54
-27
0
29
58
87
117
146
174
200
224
246
265
281
292
299
303
302
297
288
276
261
244
224
204
183
162
142
122
104
89
75
65
57
53
51
51
53
56
59
62
62
61
56
48
35
18
-2
-28
-57
-90
-126
-163
-201
-238
-273
-306
-334
-357
-374
-384
-387
-382
-370
-351
-325
-292
-254
-211
-164
-115
-64
-13
37
85
130
170
205
233
253
266
270
266
253
232
204
170
131
90
48
7
-29
-62
-88
-106
-115
-116
-108
-92
-69
-40
-6
30
68
107
143
177
207
232
251
263
268
266
257
242
219
192
160
124
87
50
14
-17
-45
-67
-81
-87
-84
-73
-53
-27
4
40
78
116
151
182
206
222
229
225
211
186
150
105
50
-10
-77
-147
-219
-288
-353
-412
-462
-501
-528
-542
-542
-529
-504
-467
-421
-368
-309
-247
-183
-121
-60
-3
49
97
141
180
216
247
277
304
329
353
376
398
419
439
458
476
491
504
514
520
520
516
504
487
462
429
389
340
285
222
151
75
-6
-93
-182
-273
-364
-452
-535
-612
-679
-735
-778
-806
-819
-815
-794
-757
-703
-634
-551
-455
-350
-237
-120
-1
113
223
323
410
482
535
569
583
577
553
512
458
395
325
254
184
120
63
15
-21
-48
-65
-73
-75
-71
-63
-55
-47
-40
-37
-37
-41
-48
-60
-75
-92
-112
-134
-158
-182
-207
-232
-257
-283
-308
-333
-357
-379
-398
-415
-426
-432
-431
-423
-405
-378
-342
-296
-241
-179
-110
-37
37
111
183
249
309
359
399
428
447
455
453
443
425
401
372
339
304
267
229
191
153
116
80
46
14
-15
-42
-65
-85
-101
-113
-120
-124
-123
-119
-112
-102
-90
-77
-64
-51
-40
-31
-24
-20
-19
-20
-25
-32
-41
-52
-63
-73
-83
-89
-92
-91
-85
-72
-55
-31
-2
29
65
101
137
169
197
219
233
238
235
222
201
173
139
101
62
22
-16
-51
-82
-107
-126
-139
-145
-145
-139
-128
-114
-98
-80
-64
-48
-36
-29
-25
-28
-35
-48
-64
-84
-105
-126
-145
-160
-171
-174
-170
-157
-135
-104
-64
-18
34
91
150
208
264
316
361
398
425
441
446
439
421
393
355
309
255
196
132
67
0
-64
-126
-183
-233
-273
-303
-320
-323
-311
-285
-244
-190
-125
-53
24
101
175
241
295
335
356
360
344
310
260
197
123
44
-37
-116
-191
-257
-314
-358
-390
-409
-416
-412
-398
-376
-348
-314
-277
-238
-197
-156
-114
-74
-35
3
39
73
105
133
158
178
194
204
209
208
203
192
178
162
144
127
111
98
89
85
86
91
101
115
130
147
164
180
193
204
210
213
212
207
198
186
172
155
135
115
92
69
45
20
-4
-28
-52
-75
-97
-118
-137
-154
-169
-183
-195
-206
-216
-224
-232
-239
-246
-251
-255
-258
-259
-258
-255
-249
-239
-227
-212
-193
-171
-147
-121
-93
-64
-35
-6
21
48
74
99
121
142
161
177
191
202
210
214
214
211
203
191
174
153
129
100
69
35
0
-36
-72
-107
-139
-168
-192
-211
-224
-229
-228
-219
-202
-179
-150
-115
-76
-35
7
49
89
126
157
183
203
215
221
220
212
200
182
162
139
116
93
70
50
32
16
3
-6
-14
-20
-25
-29
-33
-36
-40
-44
-48
-53
-58
-63
-69
-75
-81
-87
-94
-102
-109
-117
-125
-132
-138
-143
-146
-147
-145
-140
-132
-120
-105
-87
-67
-45
-21
2
25
48
68
85
99
109
115
117
116
111
103
92
79
63
47
29
10
-9
-29
-49
-68
-88
-106
-123
-139
-152
-163
-172
-177
-179
-178
-174
-167
-157
-146
-133
-118
-103
-87
-71
-55
-38
-21
-4
12
31
50
71
92
115
139
165
192
221
250
281
312
343
373
403
432
458
481
500
514
523
525
519
504
480
445
400
345
280
206
125
38
-52
-144
-236
-324
-407
-482
-548
-604
-648
-681
-702
-712
-712
-702
-685
-660
-631
-598
-563
-527
-491
-456
-421
-387
-353
-320
-286
-251
-214
-175
-133
-88
-41
9
61
115
170
225
279
332
382
429
472
510
543
570
591
606
615
619
617
610
599
583
563
539
511
479
443
403
359
312
262
209
155
99
44
-9
-60
-107
-150
-186
-216
-239
-254
-262
-263
-258
-248
-233
-215
-196
-175
-154
-134
-116
-100
-86
-76
-68
-64
-63
-64
-68
-74
-80
-88
-96
-104
-111
-118
-125
-131
-137
-143
-149
-156
-165
-174
-185
-196
-208
-221
-233
-244
-254
-261
-265
-266
-263
-256
-243
-226
-204
-177
-146
-112
-75
-37
0
38
74
106
135
158
177
190
197
198
195
187
177
163
149
134
119
105
92
80
70
62
54
47
41
35
29
24
19
15
13
11
12
14
17
23
31
39
49
59
69
77
83
86
86
81
71
56
37
12
-15
-47
-80
-115
-149
-182
-211
-236
-255
-268
-273
-271
-261
-243
-217
-183
-143
-97
-47
6
61
118
173
227
278
324
365
401
430
451
466
473
473
467
456
440
422
402
382
364
346
331
317
305
293
280
264
245
220
188
149
102
47
-15
-84
-159
-237
-317
-396
-472
-542
-604
-656
-697
-726
-741
-743
-732
-709
-677
-636
-589
-538
-486
-434
-384
-338
-295
-257
-224
-194
-166
-140
-115
-88
-60
-29
4
42
83
126
172
219
267
314
358
400
437
468
492
508
515
512
499
477
445
405
358
306
251
195
141
91
46
8
-20
-40
-50
-52
-46
-32
-12
11
38
67
97
125
151
173
192
205
213
216
213
204
189
169
143
112
76
35
-9
-58
-109
-163
-217
-269
-319
-363
-400
-429
-447
-453
-447
-428
-397
-354
-300
-238
-169
-97
-23
47
114
174
224
263
290
304
306
296
276
249
218
184
151
120
95
75
61
54
52
55
60
68
75
81
85
86
84
78
70
58
46
33
22
12
7
6
10
21
38
61
88
120
153
186
216
243
262
274
275
264
241
206
159
101
34
-41
-123
-209
-295
-381
-464
-541
-610
-669
-716
-751
-771
-776
-766
-740
-699
-645
-580
-504
-421
-333
-243
-155
-72
3
70
125
167
197
213
217
211
197
177
155
133
114
100
92
92
100
116
138
166
196
227
256
281
301
313
318
315
305
289
268
244
219
196
175
157
143
134
128
127
127
130
133
136
136
133
127
114
96
71
40
1
-43
-93
-148
-205
-264
-321
-374
-422
-461
-490
-507
-510
-500
-475
-438
-388
-329
-262
-190
-117
-45
21
83
135
178
210
231
241
241
233
216
194
167
137
106
74
43
14
-12
-36
-57
-75
-88
-99
-105
-108
-108
-105
-100
-91
-80
-67
-52
-34
-15
5
27
49
72
93
112
130
144
156
165
169
171
169
164
157
146
133
118
101
83
63
42
20
-2
-25
-48
-71
-93
-115
-137
-157
-177
-195
-213
-229
-245
-259
-272
-284
-295
-305
-313
-319
-323
-324
-322
-317
-308
-294
-276
-254
-228
-198
-164
-128
-89
-50
-10
28
66
103
138
171
204
235
266
298
331
366
403
443
485
530
578
627
678
728
778
826
869
908
939
961
972
970
956
926
882
824
752
667
573
471
365
257
151
50
-43
-127
-200
-260
-307
-343
-367
-381
-387
-388
-385
-380
-375
-371
-369
-369
-372
-377
-384
-392
-402
-412
-423
-435
-446
-459
-471
-484
-497
-511
-524
-536
-548
-558
-565
-570
-571
-567
-558
-543
-522
-496
-463
-425
-381
-333
-282
-228
-173
-118
-64
-10
40
89
135
178
218
255
289
