138
236
335
433
527
614
692
759
812
851
874
883
876
856
825
784
737
686
636
588
546
514
494
486
494
516
552
601
660
728
799
871
939
1001
1052
1088
1108
1108
1087
1044
979
892
784
658
516
361
196
26
-144
-314
-478
-634
-778
-907
-1021
-1117
-1195
-1255
-1296
-1321
-1329
-1324
-1307
-1280
-1246
-1205
-1161
-1115
-1066
-1014
-960
-901
-836
-762
-680
-586
-480
-362
-233
-93
53
206
359
510
655
790
912
1018
1108
1180
1234
1271
1292
1300
1296
1283
1263
1238
1212
1186
1161
1139
1122
1110
1104
1104
1109
1120
1136
1155
1177
1201
1225
1247
1267
1281
1289
1288
1277
1253
1217
1166
1100
1017
918
801
667
516
346
159
-45
-267
-504
-754
-1016
-1285
-1556
-1825
-2086
-2333
-2558
-2757
-2922
-3050
-3136
-3179
-3175
-3126
-3034
-2899
-2728
-2524
-2293
-2041
-1774
-1500
-1223
-950
-686
-434
-198
19
218
396
555
695
817
923
1015
1095
1164
1224
1277
1323
1364
1399
1429
1454
1472
1485
1490
1487
1475
1454
1422
1381
1329
1268
1199
1122
1039
951
860
767
673
581
490
403
319
238
162
90
22
-42
-104
-165
-224
-284
-343
-403
-465
-527
-589
-652
-712
-770
-823
-869
-906
-932
-946
-946
-930
-900
-855
-796
-726
-647
-561
-472
-382
-296
-216
-143
-81
-30
8
35
50
55
51
39
22
2
-19
-41
-60
-76
-88
-96
-99
-99
-96
-92
-87
-84
-83
-85
-92
-104
-121
-142
-167
-195
-224
-252
-278
-301
-317
-327
-329
-322
-306
-282
-250
-212
-168
-122
-75
-29
13
51
82
105
119
124
119
104
81
50
11
-32
-79
-128
-176
-222
-263
-298
-326
-344
-354
-354
-347
-333
-313
-291
-267
-244
-224
-208
-198
-194
-195
-203
-215
-230
-248
-266
-282
-295
-303
-304
-298
-283
-259
-225
-182
-129
-67
2
80
166
258
356
457
562
669
775
879
978
1072
1157
1231
1293
1340
1371
1385
1381
1358
1317
1259
1185
1097
997
888
772
654
534
418
308
206
115
36
-27
-77
-113
-135
-146
-146
-138
-125
-109
-92
-75
-61
-50
-43
-40
-41
-44
-50
-57
-65
-72
-79
-86
-91
-97
-102
-107
-113
-120
-128
-137
-147
-157
-167
-177
-185
-192
-198
-203
-209
-216
-226
-240
-260
-286
-318
-355
-398
-443
-489
-533
-573
-607
-633
-649
-655
-651
-637
-615
-586
-551
-513
-472
-432
-393
-356
-321
-289
-259
-231
-203
-174
-143
-108
-70
-26
21
75
133
194
257
321
383
441
495
543
583
614
635
647
649
642
627
604
576
544
510
477
446
418
395
378
367
361
360
361
364
367
366
361
349
329
300
261
211
152
85
10
-70
-155
-241
-327
-410
-487
-557
-618
-669
-709
-738
-755
-761
-758
-745
-725
-698
-668
-635
-600
-565
-531
-498
-468
-440
-414
-391
-370
-351
-334
-319
-305
-292
-280
-268
-254
-239
-222
-202
-179
-151
-118
-81
-39
7
57
111
167
223
279
333
384
430
469
501
524
539
543
539
526
505
477
444
408
369
330
293
258
226
199
176
159
146
137
131
129
128
127
126
124
119
112
101
87
69
49
26
2
-20
-43
-62
-78
-89
-94
-93
-87
-75
-59
-40
-20
0
20
38
53
64
73
79
81
82
81
78
74
69
61
51
38
22
2
-20
-47
-76
-106
-137
-167
-195
-220
-241
-256
-267
-272
-272
-268
-260
-248
-234
-219
-202
-185
-169
-152
-136
-119
-103
-86
-69
-51
-32
-12
8
30
53
76
101
125
150
174
199
223
247
270
291
311
329
345
359
370
379
385
391
395
398
401
403
404
404
402
397
388
375
355
329
297
258
213
162
108
51
-6
-64
-118
-170
-215
-255
-288
-315
-335
-349
-358
-363
-365
-366
-366
-367
-368
-371
-375
-381
-386
-391
-395
-396
-394
-388
-378
-362
-341
-317
-288
-258
-226
-194
-164
-136
-111
-90
-72
-58
-47
-37
-27
-17
-5
9
28
51
78
108
142
176
210
242
270
293
310
319
321
315
303
286
265
243
221
202
185
174
167
166
170
178
189
200
211
221
227
229
226
218
204
186
163
136
106
74
40
5
-29
-64
-100
-135
-170
-205
-238
-271
-302
-331
-356
-377
-392
-401
-402
-395
-380
-357
-326
-289
-245
-198
-147
-96
-45
3
48
89
124
154
178
196
210
219
225
228
231
232
233
235
236
238
240
241
243
244
244
244
244
243
242
241
238
235
230
224
216
205
190
172
149
121
88
49
5
-42
-92
-143
-192
-238
-277
-308
-329
-339
-338
-326
-305
-278
-245
-210
-176
-144
-118
-99
-89
-87
-95
-111
-134
-163
-196
-232
-267
-301
-331
-356
-375
-386
-390
-386
-374
-355
-331
-302
-272
-240
-210
-182
-156
-135
-117
-102
-90
-81
-72
-63
-53
-41
-26
-7
15
43
75
112
153
198
246
296
346
395
442
486
523
554
577
591
595
589
573
548
513
470
420
365
305
242
177
112
47
-15
-77
-136
-193
-247
-299
-349
-397
-444
-488
-531
-570
-607
-639
-666
-687
-700
-706
-703
-692
-672
-643
-607
-563
-513
-458
-398
-334
-268
-201
-133
-65
1
67
132
194
254
311
366
417
464
507
546
579
606
626
639
644
641
630
610
583
550
510
467
420
371
322
274
227
182
140
101
64
30
-1
-31
-59
-85
-110
-133
-153
-171
-185
-195
-201
-202
-199
-192
-181
-168
-153
-137
-121
-106
-93
-82
-74
-68
-65
-65
-67
-71
-75
-80
-85
-88
-91
-91
-89
-85
-79
-71
-62
-52
-42
-30
-18
-5
9
26
47
71
99
131
166
204
243
281
319
352
381
402
416
420
414
398
372
335
290
237
178
114
48
-18
-83
-146
-204
-256
-303
-342
-374
-399
-418
-429
-434
-433
-426
-413
-395
-371
-342
-308
-269
-226
-178
-127
-73
-18
37
91
143
191
234
269
295
313
320
316
302
279
248
209
166
120
73
27
-14
-52
-84
-108
-125
-133
-133
-126
-111
-90
-63
-32
1
37
73
109
143
173
198
218
232
238
236
227
211
188
160
129
95
61
29
0
-26
-47
-62
-72
-76
-76
-70
-60
-48
-33
-17
-1
13
26
36
41
41
36
25
7
-15
-44
-77
-113
-151
-190
-227
-261
-291
-316
-334
-344
-347
-342
-330
-310
-284
-252
-216
-176
-135
-92
-50
-8
30
67
101
131
156
177
193
203
207
204
196
183
165
142
117
91
64
38
15
-4
-19
-30
-35
-34
-28
-16
0
18
41
65
89
113
136
155
172
183
191
193
190
182
169
153
134
113
91
69
49
30
14
0
-11
-21
-30
-38
-47
-57
-70
-86
-105
-128
-155
-186
-219
-255
-291
-328
-363
-394
-422
-444
-459
-468
-468
-461
-446
-424
-396
-363
-327
-287
-245
-203
-160
-118
-78
-38
0
36
71
105
139
171
202
233
261
289
315
338
360
379
397
411
424
435
444
451
458
462
466
468
468
466
461
454
442
427
408
385
357
325
289
250
208
164
118
70
22
-25
-72
-119
-164
-207
-247
-283
-316
-344
-367
-385
-397
-402
-401
-394
-379
-359
-332
-301
-266
-227
-187
-146
-106
-69
-34
-5
17
35
45
48
45
36
22
4
-15
-35
-55
-72
-85
-94
-98
-97
-91
-80
-66
-49
-30
-10
8
26
42
54
63
66
65
58
46
29
7
-16
-43
-70
-96
-119
-139
-153
-161
-162
-157
-144
-125
-100
-71
-38
-3
32
68
103
136
167
196
222
244
264
280
294
306
315
323
329
333
336
337
337
333
327
317
303
284
261
232
199
162
121
77
33
-11
-55
-97
-136
-172
-205
-233
-258
-279
-297
-312
-325
-337
-347
-355
-363
-369
-374
-377
-379
-379
-376
-370
-362
-351
-337
-321
-302
-281
-259
-236
-212
-188
-165
-142
-119
-97
-74
-51
-26
0
27
56
88
121
156
191
225
259
291
320
346
368
385
397
403
402
396
382
363
338
307
272
234
193
150
108
66
25
-11
-44
-73
-97
-116
-128
-135
-135
-131
-121
-108
-93
-76
-59
-43
-31
-22
-19
-22
-30
-45
-64
-89
-117
-147
-178
-208
-237
-262
-284
-303
-317
-328
-335
-339
-341
-341
-339
-337
-334
-330
-326
-321
-316
-310
-302
-292
-280
-265
-245
-221
-192
-157
-117
-72
-21
32
89
149
209
268
325
379
429
473
513
545
571
590
601
604
599
587
567
542
511
477
440
402
364
328
296
267
242
222
207
195
188
183
181
179
177
174
170
163
153
141
126
109
90
70
50
31
13
-2
-15
-27
-37
-45
-52
-59
-68
-78
-90
-106
-125
-147
-173
-200
-230
-259
-288
-314
-338
-357
-372
-382
-386
-385
-379
-369
-355
-337
-317
-296
-274
-253
-233
-215
-199
-185
-173
-163
-155
-147
-140
-133
-124
-115
-104
-92
-79
-65
-51
-36
-22
-9
3
14
24
32
39
44
48
50
51
51
49
47
44
40
37
35
33
33
36
40
48
58
71
88
107
130
155
182
211
242
273
304
333
360
383
402
416
424
426
422
410
393
370
341
308
271
232
191
149
109
70
35
5
-20
-39
-52
-59
-59
-54
-44
-31
-16
-1
12
23
30
32
27
17
0
-24
-54
-90
-130
-173
-218
-264
-308
-351
-390
-423
-451
-471
-485
-490
-487
-477
-459
-435
-405
-371
-334
-294
-253
-213
-173
-136
-100
-68
-38
-12
10
30
47
60
71
80
87
92
96
98
101
103
104
106
107
108
108
108
106
104
101
97
92
86
79
73
67
62
59
59
61
66
74
84
95
107
119
129
137
140
139
132
119
101
77
50
18
-14
-47
-80
-111
-139
-163
-184
-201
-214
-224
-232
-238
-242
-246
-248
-250
-252
-252
-251
-248
-243
-236
-225
-212
-196
-177
-155
-130
-103
-75
-44
-13
19
52
85
119
151
182
211
238
262
284
302
318
332
343
353
361
367
372
377
381
384
388
391
394
396
398
397
395
388
378
361
338
307
269
222
167
106
38
-34
-109
-185
-261
-334
-402
-463
-517
-561
-594
-617
-629
-630
-620
-600
-572
-536
-493
-446
-394
-340
-285
-231
-178
-127
-80
-37
0
32
59
80
95
106
112
114
113
109
104
98
92
86
83
81
82
87
94
106
121
140
162
187
213
240
267
291
313
330
343
349
348
341
326
304
276
244
207
169
131
94
60
31
7
-10
-22
-28
-29
-25
-19
-10
-1
7
14
20
23
23
21
15
7
-2
-15
-28
-43
-59
-74
-89
-103
-116
-128
-138
-147
-154
-159
-162
-163
-163
-161
-158
-153
-148
-143
-138
-132
-128
-124
-120
-117
-114
-110
-105
-98
-90
-78
-64
-47
-27
-5
19
45
71
97
122
145
166
183
197
206
210
209
203
191
174
150
122
88
49
7
-37
-85
-132
-179
-224
-264
-299
-326
-346
-357
-358
-349
-331
-303
-268
-225
-177
-126
