163
152
137
117
94
68
40
10
-20
-51
-81
-109
-135
-158
-177
-191
-201
-205
-204
-197
-185
-168
-146
-121
-93
-62
-31
0
29
56
80
100
115
125
130
129
123
112
97
79
57
32
6
-21
-49
-77
-104
-130
-154
-175
-194
-208
-219
-226
-228
-224
-216
-202
-184
-161
-134
-103
-69
-33
3
40
76
110
142
169
192
210
223
232
236
235
231
223
212
198
181
163
142
121
97
73
48
22
-3
-29
-55
-79
-102
-123
-141
-156
-168
-176
-181
-182
-179
-173
-164
-153
-139
-124
-108
-92
-77
-63
-50
-40
-33
-27
-25
-25
-27
-31
-36
-41
-46
-49
-51
-50
-47
-40
-30
-17
-1
18
40
65
91
118
145
172
197
219
238
254
265
272
274
271
263
250
232
210
184
156
125
93
61
29
0
-27
-52
-72
-89
-101
-110
-116
-120
-122
-123
-124
-126
-128
-131
-135
-139
-143
-147
-151
-153
-153
-152
-148
-141
-132
-121
-107
-90
-72
-52
-31
-10
12
33
55
75
93
109
122
131
138
140
139
134
126
116
104
91
79
68
59
54
53
56
63
74
89
105
123
139
153
163
169
168
161
147
127
102
72
39
5
-29
-62
-92
-118
-139
-154
-163
-165
-162
-153
-139
-122
-103
-84
-66
-51
-40
-35
-35
-42
-54
-73
-96
-122
-150
-178
-203
-225
-242
-252
-255
-250
-238
-219
-194
-163
-130
-94
-58
-24
6
32
51
64
68
64
52
32
6
-25
-60
-98
-136
-173
-206
-235
-258
-274
-282
-282
-274
-257
-232
-199
-160
-115
-66
-14
39
94
148
199
248
293
333
368
399
424
443
458
467
471
471
467
458
447
432
415
395
373
349
323
295
266
235
203
169
133
97
59
21
-17
-56
-94
-132
-169
-204
-238
-269
-298
-323
-346
-365
-381
-394
-402
-407
-408
-404
-397
-387
-373
-356
-338
-318
-296
-275
-253
-231
-210
-189
-169
-149
-128
-108
-87
-67
-46
-25
-5
14
33
51
69
85
101
116
130
143
157
170
184
197
212
227
242
258
273
287
300
310
317
319
318
311
299
283
262
238
211
181
151
122
93
67
43
22
5
-7
-18
-25
-28
-30
-28
-25
-19
-12
-3
6
18
31
45
59
73
86
99
109
118
123
125
124
119
111
99
83
65
44
22
-1
-24
-47
-68
-86
-101
-112
-118
-120
-116
-108
-95
-79
-60
-40
-19
0
17
30
40
44
43
37
25
8
-12
-36
-62
-89
-116
-141
-163
-182
-197
-208
-213
-214
-211
-203
-192
-177
-159
-140
-118
-96
-73
-50
-28
-7
12
29
43
55
62
65
63
56
44
28
8
-14
-40
-67
-94
-119
-142
-162
-177
-188
-194
-195
-192
-183
-171
-155
-136
-114
-91
-67
-42
-18
5
29
51
72
92
110
127
143
156
168
177
184
188
189
188
183
176
166
154
140
124
107
88
68
48
26
5
-15
-35
-54
-72
-87
-99
-109
-116
-119
-120
-118
-113
-106
-98
-89
-79
-69
-60
-51
-43
-36
-30
-24
-18
-13
-8
-2
3
9
16
23
30
38
45
52
58
62
65
66
64
61
55
48
39
30
20
10
2
-5
-10
-13
-14
-12
-8
-2
4
11
19
26
32
38
41
44
45
45
44
42
39
36
33
29
25
22
19
17
15
15
15
17
20
25
31
39
49
60
73
88
102
118
132
146
157
166
171
173
169
161
148
130
109
84
56
28
0
-28
-55
-78
-97
-112
-123
-129
-130
-127
-121
-113
-103
-93
-82
-73
-65
-60
-56
-54
-55
-57
-59
-63
-65
-67
-67
-66
-62
-56
-48
-38
-26
-13
0
14
29
43
55
67
77
85
91
95
98
100
100
99
97
94
90
86
82
77
72
66
60
54
47
41
34
28
23
18
14
12
10
10
11
12
14
16
17
17
14
10
2
-8
-23
-42
-65
-93
-123
-158
-194
-233
-273
-313
-351
-388
-421
-450
-473
-490
-500
-502
-496
-482
-459
-429
-391
-346
-296
-242
-184
-125
-65
-6
51
106
157
205
247
286
319
348
372
392
406
416
421
420
414
403
385
362
333
299
261
218
172
123
74
24
-23
-69
-111
-148
-180
-206
-226
-238
-244
-243
-236
-222
-203
-179
-151
-120
-86
-50
-14
21
56
90
121
149
174
195
212
225
232
235
233
226
215
200
182
160
137
113
88
63
39
16
-4
-24
-43
-60
-76
-91
-104
-116
-127
-136
-144
-149
-152
-154
-152
-149
-142
-133
-121
-107
-91
-74
-56
-38
-21
-5
8
20
29
35
38
39
37
34
29
24
19
15
12
10
11
13
18
25
33
44
56
68
81
93
105
116
124
130
134
135
133
129
123
114
105
95
84
75
68
62
59
58
60
64
70
77
83
90
94
97
97
94
88
79
67
53
36
18
-1
-23
-45
-67
-89
-111
-132
-151
-168
-182
-192
-199
-202
-199
-192
-180
-162
-139
-112
-81
-47
-11
25
63
99
132
162
187
207
221
229
231
228
219
206
189
168
144
119
92
65
37
10
-15
-40
-62
-81
-97
-109
-117
-122
-123
-121
-116
-108
-98
-87
-74
-61
-48
-36
-24
-15
-7
-2
0
0
-2
-7
-14
-23
-32
-42
-51
-60
-67
-73
-76
-78
-77
-75
-72
-67
-63
-58
-55
-53
-53
-56
-63
-73
-87
-105
-128
-154
-183
-214
-245
-276
-304
-328
-347
-358
-361
-355
-340
-316
-284
-245
-201
-153
-102
-50
0
48
93
133
168
196
219
235
246
252
253
251
246
238
230
220
211
201
192
184
176
168
161
155
149
143
138
133
128
123
119
114
110
105
99
94
87
80
71
61
50
37
22
6
-11
-30
-48
-67
-85
-101
-114
-125
-131
-134
-131
-125
-115
-101
-85
-67
-48
-31
-15
-2
7
13
14
11
4
-5
-19
-34
-50
-65
-80
-92
-103
-110
-114
-115
-113
-109
-101
-92
-80
-67
-53
-39
-24
-10
2
14
24
32
39
42
44
42
39
33
26
18
9
0
-8
-14
-18
-19
-16
-9
1
17
36
57
81
106
131
155
177
196
211
222
229
232
230
225
216
204
190
175
158
141
123
105
87
70
53
36
20
4
-10
-25
-39
-53
-65
-76
-85
-92
-97
-99
-99
-95
-88
-79
-67
-53
-38
-21
-4
12
28
42
55
65
73
78
80
78
73
64
52
37
19
-1
-23
-47
-71
-94
-115
-134
-149
-161
-170
-174
-174
-171
-165
-156
-146
-135
-123
-112
-101
-90
-80
-71
-63
-55
-47
-39
-30
-21
-12
-3
6
15
23
31
38
43
46
48
49
48
45
42
38
32
27
21
16
11
8
6
6
9
14
21
31
43
56
71
86
101
115
128
140
150
159
166
172
176
180
182
184
184
182
179
174
167
156
143
126
105
82
55
26
-4
-36
-67
-97
-123
-145
-163
-174
-180
-180
-175
-166
-152
-137
-121
-106
-92
-81
-74
-70
-71
-76
-85
-98
-114
-131
-150
-169
-187
-205
-222
-237
-250
-263
-274
-284
-293
-301
-309
-316
-322
-326
-330
-332
-332
-330
-326
-319
-311
-300
-287
-271
-253
-232
-209
-182
-153
-119
-82
-42
2
50
101
155
212
270
328
386
442
495
543
586
622
650
671
683
686
681
667
646
618
584
544
500
452
402
350
297
244
191
139
89
40
-6
-50
-91
-130
-165
-197
-226
-250
-271
-287
-300
-309
-314
-316
-316
-312
-307
-300
-291
-281
-270
-259
-246
-234
-220
-207
-193
-178
-164
-149
-134
-119
-104
-89
-75
-61
-48
-36
-24
-13
-3
5
13
19
23
26
27
26
25
22
19
16
13
11
10
11
14
18
24
33
42
54
66
79
93
106
120
132
144
154
161
167
169
169
165
157
147
133
117
99
79
59
38
18
0
-15
-29
-40
-48
-53
-56
-57
-56
-53
-50
-47
-43
-39
-36
-31
-26
-20
-13
-3
7
21
37
54
72
91
109
126
141
154
163
169
171
170
166
158
148
136
122
107
91
75
59
44
29
16
3
-7
-18
-27
-34
-40
-44
-46
-47
-46
-43
-39
-34
-28
-22
-16
-10
-5
-1
1
2
1
-1
-5
-11
-17
-24
-30
-34
-37
-38
-36
-32
-25
-17
-7
2
12
20
25
27
25
18
5
-11
-34
-61
-91
-124
-157
-190
-220
-247
-269
-284
-293
-294
-289
-278
-261
-241
-216
-190
-163
-135
-108
-81
-55
-30
-5
18
41
64
86
107
128
148
166
183
198
209
218
223
223
219
210
197
179
157
132
105
76
48
20
-6
-30
-52
-70
-85
-97
-105
-111
-115
-116
-117
-116
-114
-112
-109
-106
-103
-100
-95
-90
-84
-77
-68
-58
-47
-35
-21
-8
5
18
30
41
49
55
58
59
56
50
42
32
20
7
-5
-18
-29
-39
-47
-52
-56
-57
-56
-53
-49
-43
-35
-27
-19
-10
-2
5
12
18
23
27
31
35
40
44
50
55
62
68
74
78
81
82
81
76
69
59
47
33
18
3
-10
-22
-33
-40
-45
-46
-44
-40
-35
-28
-22
-16
-11
-8
-8
-10
-15
-22
-31
-41
-52
-63
-74
-83
-90
-95
-96
-95
-90
-82
-71
-58
-42
-25
-8
8
25
39
50
59
64
65
63
57
48
36
23
8
-5
-18
-30
-40
-46
-49
-49
-46
-40
-31
-20
-7
5
20
35
50
64
79
92
105
117
127
136
144
149
153
156
157
157
156
155
153
151
147
143
138
131
123
113
102
88
73
56
38
19
0
-21
-41
-61
-79
-97
-113
-126
-138
-146
-151
-153
-151
-146
-138
-127
-113
-98
-80
-61
-41
-21
0
18
37
55
72
87
100
112
122
130
136
139
141
141
138
133
126
116
105
92
77
61
44
27
9
-9
-27
-45
-62
-78
-92
-105
-116
-125
-132
-135
-136
-134
-129
-122
-111
-98
-83
-67
-49
-31
-13
3
20
35
48
60
69
75
79
80
79
75
69
60
49
36
21
5
-11
-29
-46
-63
-79
-92
-102
-108
-111
-109
-104
-94
-81
-64
-46
-26
-6
12
29
44
54
61
62
57
48
34
16
-3
-25
-46
-65
-80
-89
-91
-86
-73
-52
-24
9
48
90
133
175
213
245
270
287
293
288
272
246
210
166
115
61
4
-52
-106
-155
-197
-231
-256
-272
-278
-275
-265
-247
-225
-199
-172
-145
-121
-99
-82
-71
-65
-66
-72
-84
-100
-120
-141
-163
-185
-205
-221
-234
-242
-244
-241
-233
-221
-204
-183
-161
-136
-110
-84
-58
-33
-10
11
31
50
67
81
94
106
115
123
129
132
134
134
131
125
118
108
96
82
68
53
39
26
14
5
0
-2
-1
3
11
22
37
53
70
88
106
124
140
155
167
178
185
190
193
