299
291
275
252
223
190
153
116
78
42
9
-19
-44
-64
-78
-87
-91
-89
-84
-75
-63
-49
-35
-21
-8
2
9
13
12
6
-4
-21
-42
-68
-97
-129
-161
-192
-220
-244
-261
-270
-270
-260
-240
-209
-168
-119
-62
-1
63
129
192
251
304
347
380
401
408
402
382
349
304
248
185
115
42
-30
-102
-168
-227
-277
-317
-344
-360
-363
-355
-336
-308
-272
-230
-185
-137
-89
-43
0
41
78
110
138
161
180
194
205
212
215
215
212
205
196
183
167
148
128
105
82
58
34
11
-9
-28
-44
-56
-64
-69
-69
-66
-59
-49
-36
-22
-7
6
21
33
43
51
56
59
59
57
54
50
47
44
42
41
42
44
46
48
49
48
44
36
23
4
-18
-47
-80
-117
-157
-198
-239
-279
-317
-350
-377
-399
-413
-419
-418
-408
-390
-366
-335
-299
-258
-215
-169
-124
-79
-35
4
41
74
102
126
145
160
170
176
178
178
174
167
159
149
138
127
115
104
93
84
75
68
63
60
58
59
61
66
72
80
89
99
110
120
130
139
147
153
156
157
156
151
143
132
118
100
80
58
33
7
-19
-46
-73
-99
-123
-145
-164
-179
-191
-199
-203
-203
-201
-197
-192
-187
-182
-178
-176
-175
-176
-178
-181
-184
-186
-187
-186
-182
-175
-164
-150
-131
-109
-83
-53
-20
14
51
89
128
165
202
236
267
295
320
340
356
368
376
379
378
372
362
348
329
306
278
246
208
167
121
71
19
-35
-91
-147
-200
-250
-294
-330
-358
-375
-381
-375
-357
-329
-290
-243
-189
-130
-68
-6
54
111
162
207
244
272
291
301
301
293
277
255
228
197
164
130
97
66
37
12
-8
-24
-37
-46
-53
-56
-59
-60
-60
-60
-60
-59
-58
-55
-51
-44
-35
-23
-8
8
27
48
70
92
114
134
152
167
178
186
189
188
184
175
162
147
129
110
89
68
47
26
6
-13
-31
-49
-66
-83
-98
-114
-129
-145
-160
-176
-193
-210
-227
-244
-261
-278
-294
-308
-320
-329
-335
-337
-335
-328
-316
-299
-278
-252
-221
-187
-149
-109
-66
-22
22
67
111
154
195
234
269
301
328
350
367
377
382
380
371
355
333
304
270
232
189
144
97
50
4
-39
-80
-118
-151
-179
-202
-220
-233
-242
-246
-247
-245
-240
-233
-224
-213
-202
-188
-174
-158
-142
-124
-105
-86
-67
-47
-28
-10
6
21
33
44
52
57
60
61
60
58
54
50
45
40
34
28
21
14
5
-2
-12
-22
-32
-42
-52
-61
-69
-75
-78
-80
-79
-75
-70
-62
-54
-44
-33
-23
-13
-4
2
9
14
17
19
20
21
22
24
27
31
37
46
56
69
83
99
115
131
146
160
172
181
187
190
189
186
179
169
157
143
127
110
93
75
57
40
22
5
-10
-27
-42
-57
-72
-85
-96
-107
-115
-121
-124
-124
-122
-116
-107
-95
-80
-63
-43
-22
-1
19
39
56
70
81
87
88
84
76
63
47
28
8
-12
-33
-52
-69
-83
-93
-100
-104
-104
-102
-96
-90
-81
-72
-63
-53
-43
-32
-22
-10
1
13
27
41
55
69
83
96
107
115
121
123
121
115
103
87
66
41
11
-20
-54
-89
-123
-154
-181
-202
-216
-222
-220
-209
-189
-162
-128
-89
-47
-4
39
80
117
149
176
197
212
222
228
231
232
232
233
236
240
247
255
265
274
282
286
286
280
266
242
210
168
117
59
-4
-71
-139
-207
-270
-326
-375
-415
-444
-462
-471
-469
-460
-442
-419
-392
-360
-327
-292
-255
-219
-181
-143
-105
-66
-26
13
54
94
134
173
211
245
276
302
324
339
348
350
347
337
323
303
280
254
226
197
167
137
107
78
50
22
-2
-27
-49
-70
-88
-105
-120
-133
-144
-153
-161
-167
-172
-175
-176
-176
-174
-170
-165
-158
-149
-138
-126
-111
-95
-78
-60
-41
-22
-3
14
30
45
58
68
76
82
85
86
85
83
79
75
71
67
62
59
55
52
50
48
45
42
39
34
28
21
12
2
-9
-22
-35
-49
-62
-74
-84
-92
-98
-100
-98
-94
-86
-75
-61
-45
-28
-9
8
25
41
56
67
76
82
84
82
78
70
59
47
32
17
2
-11
-24
-36
-44
-50
-53
-53
-51
-45
-38
-29
-19
-10
-1
5
10
11
10
4
-4
-17
-34
-53
-75
-98
-122
-145
-167
-186
-203
-215
-223
-225
-223
-216
-204
-189
-170
-148
-125
-102
-79
-57
-37
-18
-1
13
27
40
54
67
81
96
112
128
145
161
177
191
204
214
222
227
229
229
226
221
215
208
200
191
181
171
161
149
136
122
105
87
67
45
21
-3
-29
-54
-78
-100
-118
-131
-140
-144
-141
-133
-119
-100
-77
-51
-23
5
34
62
88
110
129
144
154
160
161
158
151
140
126
109
90
69
46
22
-1
-25
-49
-73
-96
-118
-139
-158
-176
-193
-208
-221
-233
-243
-251
-257
-261
-264
-264
-262
-257
-250
-241
-229
-215
-199
-181
-162
-142
-121
-101
-81
-64
-48
-35
-24
-16
-9
-4
0
4
10
18
30
46
65
89
117
149
183
218
255
290
323
353
378
399
414
423
426
424
417
405
389
369
347
323
297
270
242
215
188
161
135
109
83
57
31
4
-23
-53
-85
-118
-154
-192
-232
-273
-315
-356
-397
-434
-469
-498
-521
-537
-545
-544
-534
-514
-486
-448
-403
-351
-293
-231
-166
-99
-33
31
92
149
200
244
280
308
327
337
339
333
321
303
280
255
228
200
172
146
123
103
87
75
67
64
64
66
71
77
83
87
89
87
80
67
49
26
-2
-36
-72
-111
-150
-188
-222
-252
-275
-292
-300
-300
-290
-272
-246
-213
-174
-130
-83
-34
14
61
104
143
176
201
219
229
231
224
210
188
161
127
90
49
5
-39
-85
-130
-175
-218
-260
-298
-332
-363
-388
-408
-421
-428
-428
-420
-405
-382
-352
-315
-271
-222
-168
-110
-50
11
74
135
194
250
301
347
387
420
445
464
475
478
475
465
449
429
406
379
351
322
293
265
238
211
186
160
135
110
84
57
28
0
-31
-63
-95
-127
-160
-191
-221
-249
-274
-297
-316
-332
-345
-355
-362
-367
-369
-369
-367
-363
-357
-349
-338
-324
-307
-286
-263
-236
-206
-175
-142
-107
-73
-39
-7
23
52
78
101
121
138
153
165
174
182
188
193
197
200
204
207
211
214
218
221
225
228
231
233
235
237
237
237
235
232
228
222
215
206
196
185
173
161
149
137
125
115
105
97
91
86
83
82
83
84
87
89
92
93
92
89
83
75
63
49
32
12
-7
-28
-48
-68
-85
-99
-110
-117
-121
-122
-119
-114
-108
-100
-92
-85
-80
-75
-73
-72
-74
-76
-79
-83
-86
-88
-89
-87
-84
-78
-68
-57
-42
-26
-8
9
28
45
59
71
78
80
78
71
59
44
25
5
-14
-34
-51
-65
-76
-81
-81
-75
-63
-46
-23
3
34
67
102
137
170
200
225
245
258
263
261
251
233
208
177
141
101
58
14
-28
-71
-110
-145
-176
-203
-224
-240
-251
-258
-261
-261
-258
-254
-248
-241
-233
-225
-217
-208
-199
-189
-179
-167
-154
-139
-123
-105
-84
-62
-38
-13
13
40
67
94
118
139
156
167
171
168
157
137
109
73
31
-15
-66
-117
-168
-216
-259
-295
-324
-345
-356
-359
-353
-340
-321
-296
-266
-234
-200
-165
-129
-93
-57
-20
16
53
92
132
172
213
254
293
329
362
389
410
424
430
427
416
398
374
345
312
278
243
210
179
151
128
108
91
79
69
60
53
46
37
27
14
-1
-20
-43
-70
-100
-133
-168
-204
-241
-278
-313
-345
-373
-398
-417
-431
-438
-440
-436
-427
-412
-392
-369
-341
-311
-279
-245
-211
-176
-142
-108
-75
-44
-13
15
43
70
96
120
143
164
184
201
217
230
241
250
256
261
264
266
267
268
270
273
277
282
290
299
310
322
334
347
359
368
375
378
376
369
356
336
309
276
237
193
143
91
36
-18
-73
-125
-174
-218
-256
-287
-310
-326
-335
-336
-331
-321
-306
-288
-269
-248
-229
-211
-195
-183
-174
-168
-166
-166
-168
-172
-175
-178
-179
-178
-172
-163
-149
-130
-106
-79
-48
-15
19
54
87
119
148
173
193
210
222
230
235
239
241
242
245
249
255
263
274
285
298
310
320
327
329
324
312
291
261
222
173
117
53
-14
-85
-156
-226
-291
-350
-402
-445
-478
-501
-515
-519
-516
-506
-489
-468
-442
-413
-382
-349
-314
-277
-239
-199
-158
-116
-74
-32
9
50
90
128
163
195
225
251
275
295
312
326
338
347
353
356
357
354
349
340
328
313
293
270
243
213
181
146
110
74
38
3
-28
-58
-85
-109
-130
-150
-167
-183
-198
-212
-226
-240
-252
-262
-270
-275
-275
-270
-259
-242
-218
-188
-152
-111
-67
-21
25
69
109
144
172
192
202
202
193
175
148
115
76
34
-10
-56
-101
-144
-185
-224
-258
-290
-318
-342
-362
-379
-391
-399
-401
-397
-388
-372
-349
-319
-283
-241
-193
-141
-85
-26
34
95
156
214
269
320
366
406
439
466
486
500
507
510
507
501
492
481
468
454
439
425
410
396
383
370
357
345
332
319
306
291
274
255
234
210
182
151
116
77
35
-9
-55
-104
-153
-202
-250
-297
-341
-383
-422
-459
-492
-523
-551
-576
-598
-617
-633
-645
-654
-658
-659
-655
-646
-632
-612
-586
-554
-516
-472
-422
-366
-306
-241
-172
-101
-28
45
120
194
267
337
403
465
520
567
604
632
647
650
638
614
575
523
460
387
306
220
133
46
-35
-111
-178
-235
-280
-314
-335
-345
-344
-334
-317
-293
-266
-235
-204
-172
-141
-111
-82
-55
-29
-4
20
46
74
103
133
165
198
232
265
297
325
351
371
386
395
398
396
389
378
364
348
332
315
298
283
268
254
239
223
205
183
157
126
89
46
0
-52
-107
-162
-217
-268
-315
-356
-388
-412
-427
-433
-431
-421
-405
-383
-358
-330
-300
-269
-239
-209
-181
-153
-127
-103
-80
-58
-38
-19
-2
13
26
38
46
52
54
52
47
38
24
8
-11
-33
-56
-80
-104
-127
-147
-165
-180
-191
-198
-201
-200
-194
-185
-171
-154
-133
-110
-84
-55
-26
4
36
68
99
129
156
181
203
221
234
243
247
246
241
231
219
204
187
169
151
134
118
104
93
85
80
78
80
84
92
102
114
127
141
155
168
181
192
201
208
213
214
213
210
203
194
183
171
157
142
127
111
96
81
67
54
41
30
20
10
2
-5
