-6
-8
-10
-13
-16
-20
-25
-31
-38
-45
-51
-57
-62
-64
-65
-63
-59
-52
-44
-35
-25
-15
-6
2
9
14
16
16
13
8
0
-10
-23
-37
-52
-69
-85
-102
-119
-136
-151
-165
-177
-187
-194
-198
-197
-193
-184
-170
-153
-132
-109
-85
-60
-35
-13
7
24
37
46
50
50
46
39
28
14
-1
-19
-38
-56
-75
-93
-109
-125
-138
-149
-157
-164
-167
-168
-167
-163
-157
-149
-139
-129
-117
-105
-92
-79
-66
-52
-38
-23
-8
6
22
38
55
72
89
105
121
136
150
162
171
179
184
187
187
185
180
174
166
156
144
132
118
103
89
74
61
48
38
31
27
27
31
40
53
70
90
112
136
159
182
202
218
229
234
234
227
214
194
170
141
109
74
38
1
-34
-70
-105
-137
-168
-197
-224
-249
-271
-290
-306
-319
-328
-333
-332
-327
-315
-298
-275
-247
-213
-175
-134
-91
-48
-5
35
72
105
132
154
170
180
185
184
178
169
156
140
123
104
84
64
44
24
3
-15
-35
-54
-73
-91
-108
-123
-136
-146
-152
-155
-152
-144
-129
-108
-80
-45
-4
42
94
149
207
265
323
379
430
476
515
545
566
577
576
565
544
513
474
428
377
323
268
213
161
111
64
21
-17
-53
-86
-117
-148
-177
-207
-236
-265
-293
-320
-345
-367
-384
-395
-400
-397
-385
-366
-337
-300
-256
-206
-150
-91
-31
27
84
136
181
219
246
264
270
265
248
222
186
143
94
42
-10
-62
-110
-153
-189
-217
-235
-244
-244
-235
-218
-194
-164
-130
-94
-56
-17
20
56
91
123
153
179
204
225
244
260
273
284
292
297
300
301
300
296
290
281
269
253
233
207
174
134
86
30
-35
-108
-189
-275
-365
-457
-548
-634
-713
-782
-837
-878
-902
-908
-895
-865
-819
-758
-684
-600
-509
-413
-314
-216
-120
-28
59
140
213
277
332
376
408
428
434
425
402
364
313
248
172
87
-5
-101
-199
-295
-387
-471
-544
-606
-654
-687
-705
-707
-693
-665
-624
-570
-506
-434
-354
-270
-181
-91
-1
89
178
265
349
431
508
582
650
714
772
824
869
906
934
954
963
960
946
918
878
823
756
677
587
488
383
273
163
54
-49
-147
-235
-313
-378
-430
-468
-493
-506
-507
-497
-480
-456
-429
-398
-368
-338
-311
-288
-268
-252
-241
-232
-227
-223
-221
-218
-215
-210
-202
-192
-180
-164
-146
-127
-106
-85
-64
-44
-26
-11
0
8
14
16
16
14
11
10
10
13
21
34
53
78
109
147
189
235
283
333
380
425
464
496
520
534
539
535
522
501
474
443
410
376
343
313
288
267
251
241
235
233
233
236
239
240
240
237
229
216
198
175
146
112
75
35
-6
-47
-86
-122
-155
-182
-204
-219
-228
-231
-227
-218
-204
-186
-164
-141
-118
-95
-75
-58
-45
-38
-36
-39
-48
-61
-78
-97
-117
-136
-154
-169
-181
-188
-192
-190
-185
-175
-162
-146
-127
-106
-83
-60
-36
-12
11
33
55
74
92
107
120
129
136
139
138
133
124
111
94
73
49
22
-5
-35
-64
-91
-116
-138
-155
-168
-176
-180
-180
-176
-169
-161
-151
-142
-133
-126
-122
-121
-124
-132
-143
-158
-178
-200
-224
-249
-274
-297
-317
-332
-342
-345
-341
-330
-311
-285
-252
-213
-169
-121
-72
-21
27
74
117
155
186
210
226
234
236
231
221
206
190
172
156
141
131
125
124
128
138
151
169
188
208
227
244
257
265
268
265
255
240
219
193
163
131
97
61
26
-7
-40
-71
-99
-126
-150
-172
-192
-211
-228
-244
-259
-272
-283
-292
-298
-300
-299
-292
-282
-266
-247
-224
-197
-170
-141
-113
-88
-65
-46
-32
-23
-21
-23
-31
-43
-59
-77
-96
-115
-133
-147
-158
-163
-164
-159
-148
-132
-112
-88
-61
-34
-6
20
45
67
87
103
116
125
133
139
143
147
152
157
163
171
180
190
201
213
226
238
250
260
270
278
284
288
288
286
280
271
258
242
223
201
177
152
125
99
74
50
28
9
-5
-17
-26
-32
-34
-34
-32
-28
-23
-18
-13
-9
-5
-1
0
1
1
0
-2
-7
-13
-22
-32
-45
-60
-76
-94
-113
-132
-150
-168
-185
-199
-212
-222
-230
-235
-237
-236
-233
-227
-219
-207
-194
-178
-159
-139
-116
-92
-67
-41
-15
10
34
56
76
92
104
111
115
114
110
102
92
81
69
58
49
41
36
34
36
40
46
54
63
72
81
87
92
94
92
88
80
70
59
46
33
20
9
0
-7
-11
-11
-9
-3
5
17
31
47
63
81
98
114
129
141
151
157
160
160
157
150
141
130
117
104
91
79
69
61
55
52
52
53
56
59
63
65
66
65
61
54
44
31
14
-5
-27
-52
-79
-107
-135
-164
-192
-218
-242
-263
-279
-292
-299
-301
-297
-288
-274
-254
-230
-203
-172
-140
-107
-75
-43
-14
11
35
54
70
83
93
100
104
107
109
109
109
108
106
103
99
94
87
80
70
60
49
38
26
14
3
-7
-17
-27
-36
-45
-53
-60
-66
-71
-75
-78
-78
-77
-74
-68
-59
-48
-34
-18
0
21
43
66
89
111
133
152
170
185
196
203
207
206
200
190
176
158
136
111
84
55
25
-4
-33
-62
-88
-111
-132
-149
-162
-172
-177
-180
-179
-175
-170
-162
-154
-144
-134
-124
-113
-101
-89
-77
-64
-50
-37
-23
-10
1
12
21
28
32
32
29
21
9
-7
-29
-54
-83
-114
-146
-178
-208
-236
-258
-275
-285
-288
-283
-271
-251
-225
-193
-157
-117
-75
-31
11
54
95
134
171
205
237
267
295
321
346
371
395
419
444
468
492
516
539
559
576
587
593
590
578
555
520
473
414
344
264
176
82
-14
-113
-209
-301
-386
-462
-527
-579
-618
-643
-653
-648
-630
-599
-556
-503
-442
-376
-306
-236
-169
-106
-51
-7
25
44
49
38
12
-27
-80
-144
-215
-291
-368
-443
-511
-570
-617
-650
-667
-667
-651
-619
-573
-516
-449
-374
-296
-215
-135
-57
17
88
153
212
266
315
359
400
437
471
504
536
566
597
627
657
686
714
739
762
780
792
798
797
788
769
742
705
658
602
538
466
388
304
215
124
32
-58
-148
-234
-314
-388
-453
-509
-555
-590
-614
-627
-628
-618
-597
-568
-529
-484
-433
-377
-319
-261
-203
-147
-95
-48
-5
30
61
85
104
118
127
131
132
130
125
118
109
98
86
73
59
44
28
11
-6
-26
-46
-67
-88
-108
-126
-143
-156
-164
-168
-166
-159
-145
-126
-101
-73
-41
-8
25
59
90
118
142
162
176
186
191
193
191
187
181
175
169
162
157
152
147
143
138
131
124
114
103
89
73
56
37
18
-1
-19
-35
-49
-59
-65
-67
-64
-56
-44
-28
-8
12
35
57
78
98
114
127
136
140
141
137
130
119
105
89
72
53
33
13
-5
-24
-41
-58
-72
-85
-95
-103
-108
-110
-110
-106
-100
-90
-79
-66
-53
-40
-27
-17
-9
-5
-4
-7
-15
-26
-41
-60
-81
-103
-127
-152
-176
-199
-221
-240
-258
-273
-286
-296
-305
-311
-316
-319
-322
-323
-323
-322
-320
-317
-313
-308
-301
-291
-279
-264
-246
-223
-195
-163
-125
-83
-36
14
69
126
183
240
294
345
390
430
462
487
504
514
517
514
505
492
476
457
436
414
391
367
341
314
284
252
217
179
137
92
45
-3
-54
-105
-156
-205
-251
-295
-334
-369
-398
-422
-440
-452
-458
-458
-452
-441
-425
-404
-378
-349
-315
-278
-239
-196
-152
-106
-60
-14
30
72
111
145
175
199
217
229
235
236
231
222
210
195
178
160
141
123
106
91
76
64
53
44
36
30
24
20
15
11
8
4
1
0
-2
-3
-4
-3
-2
0
2
5
9
14
18
23
28
33
38
44
49
54
59
64
68
72
75
78
80
81
82
83
83
84
85
86
87
88
89
89
89
87
84
80
73
64
53
40
24
7
-10
-29
-49
-67
-84
-99
-110
-118
-121
-120
-114
-103
-87
-66
-42
-15
14
45
76
107
136
162
185
203
217
225
228
227
220
209
195
179
161
142
123
105
88
72
57
43
29
16
2
-11
-27
-44
-62
-81
-102
-123
-144
-165
-185
-204
-220
-233
-244
-251
-254
-253
-248
-239
-227
-211
-193
-172
-150
-126
-102
-79
-56
-34
-15
0
13
23
28
30
29
25
18
10
2
-6
-15
-22
-28
-33
-35
-36
-36
-35
-33
-31
-29
-26
-24
-23
-21
-20
-19
-17
-15
-13
-11
-9
-7
-6
-5
-5
-6
-7
-9
-10
-12
-13
-12
-11
-7
-1
5
15
25
38
51
64
78
91
105
119
132
146
159
173
188
202
216
230
243
253
261
265
264
257
242
219
187
147
98
41
-20
-87
-155
-223
-288
-347
-398
-440
-470
-489
-495
-489
-472
-445
-409
-366
-318
-267
-215
-164
-116
-72
-33
0
26
46
59
66
66
62
54
43
29
14
0
-12
-23
-32
-37
-39
-38
-34
-27
-19
-9
1
11
22
32
40
48
55
61
66
70
75
80
85
91
97
104
111
117
124
129
132
133
131
127
119
109
95
80
63
45
28
12
-1
-12
-19
-22
-20
-13
-3
10
27
45
64
82
100
116
129
139
146
149
149
146
140
131
120
106
91
74
57
38
18
-2
-22
-43
-62
-81
-98
-113
-125
-134
-139
-139
-135
-127
-114
-99
-80
-60
-39
-18
0
17
30
40
45
45
40
31
17
0
-21
-44
-67
-90
-111
-129
-143
-153
-156
-155
-148
-137
-121
-102
-80
-56
-32
-7
17
42
66
89
112
132
151
167
180
190
195
196
192
183
169
151
129
104
78
50
24
0
-22
-40
-53
-62
-66
-65
-59
-50
-38
-24
-9
6
22
39
55
71
88
106
126
147
171
197
225
255
286
317
347
373
394
409
416
413
399
373
334
282
219
144
59
-32
-128
-227
-325
-420
-508
-587
-654
-709
-749
-773
-782
-774
-750
-713
-662
-601
-531
-454
-374
-292
-211
-132
-57
11
74
130
179
221
257
286
310
329
344
355
363
367
369
369
365
359
349
336
320
300
276
249
220
188
155
121
87
55
26
0
-22
-40
-52
-60
-63
-61
-54
-45
-32
-18
-2
14
31
47
63
78
92
103
113
121
125
127
126
121
112
99
81
59
32
0
-34
-72
-112
-154
-195
-236
-275
-310
-341
-366
-386
-399
-405
-404
-397
-383
-365
-341
-313
-282
-248
-213
-175
-137
-98
-58
-18
22
63
105
145
185
224
260
293
321
344
361
371
373
368
355
334
308
275
239
199
