-692
-731
-761
-778
-779
-764
-732
-682
-616
-536
-445
-348
-249
-153
-65
8
66
103
117
107
75
23
-45
-126
-213
-301
-385
-458
-516
-556
-576
-574
-550
-506
-444
-367
-277
-180
-78
23
122
214
299
373
436
487
528
559
582
598
611
621
631
643
657
673
692
713
734
753
769
780
782
775
757
728
686
633
570
499
420
338
255
172
94
23
-39
-91
-132
-161
-179
-186
-182
-170
-152
-129
-104
-77
-52
-29
-10
4
12
15
11
0
-16
-39
-67
-99
-135
-171
-208
-243
-274
-301
-322
-335
-341
-339
-329
-310
-285
-254
-217
-178
-136
-94
-54
-17
15
41
61
72
75
68
53
30
0
-36
-77
-120
-165
-207
-247
-283
-312
-335
-351
-360
-361
-356
-345
-329
-311
-290
-270
-250
-232
-217
-205
-196
-190
-187
-185
-184
-183
-182
-178
-171
-160
-145
-125
-100
-70
-36
1
41
83
125
165
203
236
264
285
299
306
306
299
285
266
243
216
186
155
124
94
66
41
20
5
-4
-9
-7
0
13
31
52
75
99
121
141
155
164
166
160
145
123
92
55
13
-31
-77
-122
-163
-199
-227
-247
-259
-261
-255
-241
-222
-198
-173
-147
-122
-100
-83
-70
-62
-58
-59
-62
-69
-76
-84
-90
-95
-97
-96
-91
-82
-69
-52
-32
-9
15
42
68
93
116
135
150
159
164
162
155
143
126
106
84
60
35
11
-10
-31
-48
-63
-73
-81
-85
-86
-84
-81
-75
-69
-61
-52
-42
-30
-17
-2
15
36
59
85
112
140
168
195
218
238
253
261
263
257
243
222
194
160
121
80
37
-5
-45
-81
-112
-137
-154
-165
-168
-166
-157
-144
-128
-111
-92
-74
-57
-42
-29
-19
-11
-6
-2
0
2
3
4
5
7
10
13
17
20
23
25
25
24
20
15
8
0
-10
-21
-31
-40
-48
-52
-53
-50
-43
-31
-16
3
26
50
76
101
124
144
159
169
174
172
165
153
136
117
97
78
60
46
36
31
31
36
46
60
76
92
108
122
132
137
138
133
123
109
91
70
47
23
-1
-24
-47
-68
-87
-105
-122
-137
-151
-165
-179
-192
-205
-219
-232
-245
-256
-266
-274
-279
-280
-278
-271
-260
-244
-224
-199
-171
-141
-110
-78
-48
-20
3
22
35
43
45
41
32
19
4
-12
-29
-45
-58
-67
-72
-73
-69
-60
-47
-31
-12
8
29
50
70
88
103
116
127
135
142
148
154
160
169
180
194
211
232
256
283
312
342
373
403
431
457
479
496
507
512
509
500
482
458
426
387
341
290
233
171
104
34
-38
-112
-188
-263
-337
-408
-474
-535
-589
-635
-672
-700
-717
-725
-723
-713
-693
-667
-634
-596
-554
-509
-463
-416
-369
-323
-278
-234
-192
-152
-113
-75
-39
-3
31
65
98
130
161
191
218
243
266
285
301
313
322
328
329
328
325
319
312
304
296
287
280
273
267
262
258
254
250
246
241
235
227
217
204
188
170
149
125
100
75
48
22
-2
-25
-47
-67
-85
-103
-119
-136
-153
-171
-190
-210
-232
-255
-278
-301
-323
-344
-362
-379
-392
-402
-410
-414
-414
-412
-406
-397
-386
-371
-352
-331
-306
-278
-246
-211
-173
-132
-90
-46
-1
43
87
130
173
214
254
293
331
370
408
447
487
526
566
604
641
676
708
736
760
779
793
800
802
798
786
768
743
711
671
624
569
509
442
371
295
217
137
56
-22
-99
-173
-243
-307
-364
-414
-457
-492
-520
-540
-555
-566
-575
-583
-593
-607
-628
-656
-693
-740
-797
-863
-936
-1016
-1099
-1182
-1261
-1334
-1397
-1447
-1481
-1497
-1493
-1468
-1421
-1353
-1265
-1157
-1031
-889
-733
-565
-389
-205
-18
171
361
548
731
908
1077
1236
1385
1521
1642
1748
1836
1907
1958
1989
1999
1989
1959
1908
1839
1752
1650
1533
1404
1265
1120
971
820
672
527
389
259
139
29
-68
-156
-232
-299
-357
-407
-451
-492
-530
-568
-607
-650
-696
-747
-803
-863
-927
-993
-1058
-1120
-1177
-1225
-1262
-1284
-1291
-1281
-1252
-1206
-1143
-1065
-974
-872
-764
-653
-542
-435
-335
-245
-166
-101
-50
-13
9
20
21
14
1
-13
-28
-41
-49
-50
-43
-27
-1
32
74
124
180
241
304
369
433
495
554
608
656
698
733
759
778
788
789
782
767
744
715
679
639
595
549
501
452
404
358
313
269
226
185
143
101
58
14
-31
-80
-130
-181
-233
-286
-336
-385
-431
-471
-506
-535
-555
-567
-571
-565
-551
-528
-497
-459
-415
-366
-313
-258
-200
-142
-85
-29
24
76
124
169
210
247
279
306
329
346
358
365
366
363
355
344
331
315
297
280
264
248
235
225
218
213
211
210
210
210
209
205
198
185
168
144
115
80
40
-2
-48
-93
-138
-180
-217
-248
-273
-289
-298
-299
-293
-281
-265
-246
-226
-206
-188
-171
-158
-147
-138
-131
-125
-118
-110
-99
-85
-66
-44
-18
11
43
76
109
140
168
191
208
219
222
218
206
188
164
135
104
72
40
11
-13
-34
-48
-57
-59
-56
-47
-35
-21
-7
6
17
24
27
24
15
0
-18
-42
-67
-93
-117
-138
-154
-163
-163
-153
-134
-105
-66
-20
31
87
145
201
254
300
337
364
380
383
374
353
321
280
232
179
124
69
17
-30
-70
-103
-128
-143
-150
-149
-142
-131
-116
-101
-85
-72
-62
-56
-55
-58
-66
-78
-95
-115
-138
-162
-188
-215
-241
-267
-290
-311
-329
-344
-355
-361
-363
-362
-356
-348
-336
-322
-306
-288
-269
-249
-229
-208
-186
-164
-141
-117
-92
-67
-40
-12
16
45
75
106
136
164
190
213
232
245
252
252
245
230
210
183
153
119
83
47
14
-16
-42
-61
-74
-80
-78
-69
-53
-32
-6
23
54
85
116
145
171
194
213
229
240
248
252
253
250
245
236
225
211
195
175
152
127
98
65
31
-5
-43
-81
-119
-154
-185
-212
-234
-249
-257
-259
-254
-243
-228
-209
-188
-166
-144
-125
-108
-95
-86
-82
-83
-88
-96
-107
-121
-135
-149
-163
-176
-188
-198
-207
-216
-223
-230
-236
-242
-246
-249
-249
-246
-238
-224
-204
-176
-140
-96
-43
15
81
152
226
301
374
444
509
565
612
649
674
687
689
680
662
635
602
566
527
488
451
417
386
359
337
318
302
288
275
261
245
226
202
174
140
100
55
5
-48
-105
-162
-219
-274
-324
-369
-407
-437
-459
-471
-475
-471
-461
-444
-424
-401
-377
-353
-331
-311
-294
-281
-271
-264
-259
-256
-255
-253
-251
-248
-244
-237
-229
-219
-207
-193
-178
-162
-145
-127
-108
-87
-65
-40
-12
17
52
89
130
173
218
264
309
352
392
427
455
476
489
492
487
471
447
415
375
329
278
224
168
112
58
7
-39
-80
-114
-140
-158
-168
-170
-164
-151
-133
-110
-84
-57
-30
-4
18
37
52
62
67
67
62
52
39
23
5
-14
-34
-54
-74
-92
-109
-124
-136
-147
-156
-163
-169
-174
-179
-184
-191
-199
-209
-222
-238
-257
-279
-304
-331
-359
-386
-413
-438
-458
-474
-484
-487
-483
-471
-453
-427
-395
-357
-316
-271
-223
-174
-124
-75
-25
22
69
115
159
202
243
283
319
353
384
410
433
451
464
472
476
476
472
465
457
448
438
428
418
409
399
389
377
364
348
328
303
274
239
200
156
108
58
6
-44
-93
-138
-179
-213
-241
-261
-274
-279
-279
-272
-261
-247
-231
-214
-198
-183
-171
-161
-155
-153
-153
-157
-162
-168
-174
-179
-182
-183
-180
-173
-162
-148
-131
-112
-92
-72
-53
-34
-19
-5
5
13
20
26
32
39
48
60
76
98
125
157
194
236
280
326
372
416
456
490
516
534
541
538
522
495
458
410
353
290
221
150
78
7
-59
-121
-176
-222
-258
-285
-302
-308
-304
-291
-270
-242
-210
-174
-137
-99
-64
-33
-6
15
31
40
44
42
37
28
18
7
-1
-9
-12
-12
-6
4
20
41
65
93
122
150
178
202
221
235
242
242
234
218
195
163
125
80
30
-24
-82
-142
-202
-261
-317
-368
-412
-447
-473
-488
-491
-483
-463
-432
-392
-343
-289
-230
-170
-111
-54
-3
41
79
108
129
141
147
145
139
128
116
103
90
80
73
71
74
82
96
116
141
171
206
243
282
321
358
391
418
436
443
439
422
392
349
294
230
159
84
7
-66
-137
-200
-256
-302
-338
-364
-381
-391
-394
-393
-388
-381
-374
-369
-364
-363
-364
-368
-375
-383
-393
-402
-411
-417
-420
-419
-415
-406
-393
-377
-359
-338
-318
-297
-278
-261
-245
-231
-219
-208
-196
-184
-169
-152
-130
-104
-72
-36
5
50
99
149
199
247
293
335
372
404
431
453
470
484
495
504
512
520
526
532
537
540
540
535
526
509
486
454
413
365
308
243
173
98
20
-58
-136
-211
-282
-347
-406
-457
-500
-535
-562
-581
-594
-600
-600
-596
-588
-576
-561
-543
-523
-501
-476
-448
-419
-386
-351
-314
-273
-231
-186
-139
-90
-40
11
64
118
172
226
280
333
383
432
477
519
556
589
615
636
651
660
662
658
649
634
616
593
568
540
512
483
453
425
396
368
340
312
282
251
218
183
144
102
58
11
-36
-84
-132
-178
-220
-257
-288
-313
-329
-338
-339
-332
-318
-297
-272
-242
-210
-178
-147
-118
-95
-77
-66
-63
-69
-83
-106
-136
-173
-214
-259
-304
-348
-388
-422
-449
-465
-470
-464
-445
-415
-374
-323
-265
-202
-135
-68
-3
58
113
161
200
229
249
260
262
258
248
234
220
206
194
186
183
186
193
206
223
244
266
289
312
332
349
362
371
374
371
363
349
331
307
281
251
220
188
156
125
96
70
48
30
16
7
3
2
5
11
17
24
30
33
32
26
14
-3
-29
-60
-98
-140
-186
-234
-283
-330
-373
-411
-442
-465
-479
-484
-480
-466
-445
-417
-384
-346
-308
-268
-231
-196
-165
-139
-118
-101
-89
-80
-74
-70
-65
-60
-54
-44
-32
-17
1
22
45
69
93
116
136
153
165
170
170
161
146
124
95
61
23
-16
-56
-95
-131
-162
-188
-208
-221
-228
-228
-223
-213
-200
-183
-165
-146
-126
-106
-87
-69
-52
-35
-18
-2
13
30
47
64
83
102
123
144
165
187
210
232
255
277
299
320
340
358
374
386
394
398
397
390
377
358
333
303
267
228
185
139
93
47
2
-39
-77
-111
-139
-160
-175
-182
-182
-175
-161
-142
-118
-90
-61
-31
-2
23
46
64
77
84
85
79
68
51
29
4
-24
-54
-86
-118
-149
-179
-207
-232
-255
-274
-291
-304
-314
-320
-323
-322
-318
-311
-301
-288
-272
-254
-234
-212
-189
-165
-141
-117
-93
-70
-47
-26
-5
14
33
52
