117
100
84
72
62
56
53
53
56
61
66
72
75
75
72
63
48
28
1
-30
-66
-107
-150
-194
-238
-281
-320
-355
-384
-407
-422
-429
-428
-417
-397
-368
-330
-284
-230
-170
-105
-36
32
102
168
230
285
332
369
396
411
414
405
385
355
315
269
216
159
100
41
-15
-70
-120
-165
-205
-237
-264
-283
-296
-303
-304
-299
-290
-276
-258
-236
-212
-185
-156
-127
-97
-68
-40
-13
11
33
52
69
82
91
98
101
101
99
95
90
84
78
72
67
63
61
60
60
62
65
68
72
75
78
79
80
79
78
75
71
67
63
60
58
57
58
61
65
70
75
81
85
87
88
86
81
73
62
48
32
15
-3
-22
-40
-57
-73
-86
-96
-104
-108
-110
-109
-107
-103
-97
-92
-86
-81
-76
-72
-69
-67
-66
-66
-66
-67
-69
-71
-74
-78
-82
-86
-91
-95
-100
-104
-107
-110
-111
-111
-109
-105
-100
-92
-82
-71
-57
-42
-26
-9
7
24
40
55
69
81
91
99
106
110
114
116
117
117
117
116
115
115
114
114
115
115
115
115
115
113
111
107
103
96
89
81
72
62
51
40
29
18
7
-2
-12
-21
-30
-38
-46
-53
-60
-66
-73
-79
-85
-91
-96
-99
-102
-103
-102
-99
-93
-85
-75
-62
-48
-32
-16
0
16
30
42
51
56
58
56
49
39
26
11
-6
-25
-44
-64
-82
-99
-113
-124
-132
-137
-137
-134
-128
-118
-106
-91
-76
-59
-42
-25
-10
4
17
28
38
46
52
57
61
64
66
68
69
70
71
72
72
72
71
70
67
63
58
51
43
34
25
15
7
0
-4
-6
-4
1
10
23
39
59
80
103
125
146
165
180
190
195
193
185
170
149
122
91
56
19
-18
-56
-92
-125
-154
-179
-198
-212
-220
-222
-220
-213
-203
-190
-174
-158
-141
-125
-110
-95
-82
-71
-61
-52
-45
-39
-34
-30
-26
-22
-19
-16
-13
-11
-9
-8
-8
-8
-8
-9
-9
-10
-10
-9
-8
-6
-4
-1
2
7
12
18
24
32
40
49
60
72
86
101
117
133
148
162
175
184
191
193
190
184
172
157
139
117
95
72
49
29
11
-3
-14
-22
-26
-26
-23
-18
-11
-4
4
12
19
25
30
34
35
35
32
29
23
16
8
0
-10
-21
-33
-44
-56
-68
-80
-90
-99
-107
-112
-114
-113
-108
-100
-88
-72
-53
-31
-7
18
45
72
99
124
146
166
183
195
204
207
205
199
187
171
150
126
99
70
40
9
-20
-48
-74
-97
-116
-131
-141
-147
-149
-147
-143
-137
-130
-124
-119
-116
-116
-120
-126
-136
-149
-164
-179
-195
-209
-222
-231
-237
-239
-237
-230
-220
-208
-193
-179
-164
-152
-142
-135
-132
-132
-135
-141
-147
-154
-159
-162
-162
-156
-144
-127
-102
-71
-34
7
54
103
154
205
254
300
341
376
405
427
442
450
451
446
436
421
402
381
357
332
306
280
255
230
206
182
159
136
113
90
66
43
19
-5
-30
-55
-81
-107
-133
-159
-186
-212
-238
-264
-288
-310
-330
-346
-359
-366
-368
-365
-355
-340
-319
-295
-266
-235
-202
-169
-137
-107
-78
-53
-30
-10
6
20
32
42
52
60
68
75
82
90
97
103
110
115
119
123
125
126
126
125
123
120
115
111
106
101
96
91
87
83
78
73
67
60
51
39
24
7
-13
-36
-62
-90
-117
-145
-170
-192
-209
-220
-225
-223
-214
-197
-173
-143
-108
-70
-29
11
52
90
125
156
181
201
215
224
228
229
227
224
220
217
216
218
223
232
244
260
277
296
314
330
342
348
347
337
319
292
256
212
161
104
45
-16
-77
-135
-189
-238
-279
-312
-337
-352
-359
-358
-349
-333
-313
-288
-261
-233
-204
-175
-148
-123
-101
-81
-64
-49
-37
-28
-20
-14
-8
-4
0
4
8
13
17
22
27
33
39
45
51
58
65
73
81
90
98
107
115
122
128
133
135
135
132
127
118
106
91
73
52
30
7
-17
-41
-64
-86
-105
-122
-135
-145
-152
-156
-157
-156
-153
-148
-143
-137
-132
-128
-126
-125
-126
-130
-136
-144
-154
-165
-177
-190
-201
-212
-220
-226
-228
-226
-220
-209
-194
-174
-151
-124
-95
-64
-32
0
30
59
86
111
133
152
169
184
197
209
220
231
241
251
261
271
280
288
295
300
303
303
300
293
283
268
249
227
201
173
144
113
82
52
22
-4
-31
-54
-75
-94
-109
-122
-132
-140
-146
-151
-154
-157
-160
-162
-165
-169
-173
-177
-182
-187
-191
-196
-199
-201
-202
-201
-197
-192
-184
-173
-161
-147
-131
-115
-98
-82
-67
-54
-43
-35
-30
-28
-29
-32
-37
-44
-50
-56
-59
-60
-58
-50
-38
-22
0
25
56
89
124
161
198
235
269
301
330
355
375
391
402
408
408
404
395
382
365
344
320
293
265
234
203
171
139
108
78
49
21
-3
-27
-49
-69
-88
-105
-122
-138
-154
-170
-186
-202
-217
-233
-247
-261
-273
-284
-294
-301
-306
-309
-309
-306
-301
-293
-281
-267
-251
-232
-211
-190
-167
-144
-122
-100
-78
-58
-38
-18
0
19
38
58
79
101
124
148
173
198
223
248
271
292
310
325
336
341
342
336
324
305
281
250
215
175
131
85
38
-7
-53
-95
-135
-170
-200
-225
-244
-257
-265
-266
-263
-255
-243
-228
-210
-190
-170
-149
-128
-109
-90
-73
-57
-42
-29
-16
-3
7
18
29
38
47
54
61
66
70
73
75
76
76
75
73
70
66
61
56
49
42
34
25
16
6
-4
-15
-26
-38
-50
-62
-74
-86
-97
-107
-116
-124
-130
-135
-138
-140
-141
-140
-137
-133
-128
-121
-112
-102
-89
-75
-59
-41
-22
-1
19
41
62
82
101
117
129
139
144
146
143
137
127
115
101
85
70
56
43
33
26
22
21
23
28
34
42
49
55
60
64
64
63
60
55
48
42
35
29
24
21
19
18
20
22
26
30
34
39
43
46
49
50
50
48
46
42
39
35
32
30
29
30
33
37
42
49
55
62
67
70
72
70
66
59
49
36
22
5
-12
-31
-50
-69
-87
-103
-118
-130
-141
-149
-155
-158
-160
-159
-155
-150
-142
-133
-121
-107
-92
-75
-58
-40
-21
-2
15
33
50
67
83
97
110
122
132
141
148
153
157
159
159
159
157
155
151
147
142
136
130
122
113
102
90
77
63
47
31
15
0
-16
-31
-44
-56
-67
-76
-84
-91
-98
-105
-112
-120
-129
-139
-152
-165
-180
-195
-211
-226
-239
-251
-261
-268
-271
-271
-266
-257
-243
-224
-201
-174
-143
-109
-73
-35
2
39
74
106
136
160
181
196
206
210
210
204
194
179
161
140
116
90
63
35
7
-19
-46
-70
-92
-111
-127
-138
-144
-144
-140
-129
-114
-94
-70
-44
-15
14
44
72
98
122
141
156
166
171
171
166
158
146
132
116
100
84
71
60
52
47
47
50
56
65
75
87
100
112
123
132
139
143
144
141
136
127
117
104
90
75
58
42
25
7
-10
-28
-47
-66
-87
-108
-129
-151
-172
-193
-212
-228
-241
-250
-254
-252
-244
-229
-208
-180
-146
-106
-63
-17
30
78
126
170
211
247
277
299
315
321
319
308
287
258
221
176
126
71
14
-43
-99
-152
-200
-242
-277
-303
-321
-329
-329
-321
-305
-284
-257
-227
-195
-161
-129
-98
-71
-46
-26
-11
0
5
7
4
-1
-11
-24
-39
-56
-74
-94
-114
-135
-155
-175
-194
-213
-230
-246
-260
-272
-281
-288
-291
-289
-282
-269
-249
-222
-187
-145
-96
-40
20
85
153
222
290
355
416
471
519
558
588
609
619
620
611
593
568
535
497
454
407
358
307
257
207
158
112
68
28
-8
-42
-72
-99
-123
-144
-163
-180
-194
-207
-218
-227
-235
-243
-250
-256
-262
-269
-275
-281
-286
-291
-296
-299
-301
-301
-300
-296
-291
-284
-276
-265
-254
-240
-225
-209
-191
-172
-152
-131
-109
-87
-64
-41
-17
4
27
48
69
88
106
122
137
150
162
172
180
186
191
195
197
198
199
199
199
199
199
200
201
203
205
208
210
213
215
216
216
216
214
210
205
199
191
182
171
158
145
130
113
96
79
61
44
27
10
-5
-20
-34
-46
-58
-68
-76
-84
-89
-94
-96
-97
-96
-93
-89
-83
-75
-66
-56
-46
-34
-24
-13
-4
2
7
10
11
9
5
0
-7
-15
-23
-32
-40
-46
-52
-56
-58
-60
-60
-59
-57
-54
-52
-49
-46
-42
-38
-34
-28
-22
-15
-7
1
11
21
32
44
55
67
78
88
97
104
108
110
108
103
93
79
62
41
18
-6
-31
-54
-75
-93
-105
-112
-112
-107
-96
-80
-60
-37
-14
9
30
49
65
76
82
84
81
74
63
50
34
17
0
-17
-33
-49
-64
-78
-89
-99
-107
-114
-118
-121
-121
-120
-117
-112
-106
-99
-91
-83
-74
-64
-54
-44
-33
-21
-9
2
15
28
41
53
64
74
81
87
90
89
86
78
67
51
32
9
-17
-46
-77
-110
-143
-175
-206
-234
-259
-280
-296
-308
-314
-315
-310
-300
-283
-262
-235
-204
-169
-131
-90
-47
-5
36
77
114
148
178
203
223
238
247
251
251
247
241
232
223
213
205
198
192
189
187
187
188
189
190
189
186
180
170
157
140
118
94
66
37
6
-24
-55
-84
-110
-133
-153
-168
-178
-184
-185
-181
-174
-162
-147
-129
-110
-90
-69
-50
-32
-16
-3
6
12
14
13
8
0
-10
-23
-37
-52
-67
-82
-95
-107
-116
-123
-127
-127
-124
-118
-109
-97
-82
-66
-47
-28
-7
13
34
54
75
94
113
130
147
163
177
191
203
214
223
230
235
237
235
231
222
209
191
170
145
116
85
52
19
-14
-46
-76
-103
-126
-144
-158
-168
-172
-173
-169
-161
-151
-138
-123
-106
-89
-70
-51
-31
-11
8
27
45
62
77
90
100
106
109
108
102
92
78
61
40
17
-7
-34
-60
-86
-111
-133
-151
-166
-176
-182
-183
-178
-170
-157
-141
-122
-100
-77
-53
-28
-4
19
42
64
84
102
119
134
147
159
169
178
187
195
202
208
213
216
218
218
214
208
199
186
170
150
127
101
73
44
13
-17
-48
-77
-105
-130
-153
-172
-189
-202
-212
-218
-221
-222
-220
-216
-211
-204
-196
-187
-179
-171
-163
-157
-151
-146
-142
-138
-135
-131
-127
-122
-116
-107
-97
-84
-69
-52
-33
-13
7
29
49
69
86
100
111
117
118
115
108
97
82
65
46
27
7
-10
-26
-39
-50
-56
-59
-57
-51
-40
-26
-7
13
38
65
93
