-85
-118
-154
-192
-232
-273
-315
-356
-397
-434
-469
-498
-521
-537
-545
-544
-534
-514
-486
-448
-403
-351
-293
-231
-166
-99
-33
31
92
149
200
244
280
308
327
337
339
333
321
303
280
255
228
200
172
146
123
103
87
75
67
64
64
66
71
77
83
87
89
87
80
67
49
26
-2
-36
-72
-111
-150
-188
-222
-252
-275
-292
-300
-300
-290
-272
-246
-213
-174
-130
-83
-34
14
61
104
143
176
201
219
229
231
224
210
188
161
127
90
49
5
-39
-85
-130
-175
-218
-260
-298
-332
-363
-388
-408
-421
-428
-428
-420
-405
-382
-352
-315
-271
-222
-168
-110
-50
11
74
135
194
250
301
347
387
420
445
464
475
478
475
465
449
429
406
379
351
322
293
265
238
211
186
160
135
110
84
57
28
0
-31
-63
-95
-127
-160
-191
-221
-249
-274
-297
-316
-332
-345
-355
-362
-367
-369
-369
-367
-363
-357
-349
-338
-324
-307
-286
-263
-236
-206
-175
-142
-107
-73
-39
-7
23
52
78
101
121
138
153
165
174
182
188
193
197
200
204
207
211
214
218
221
225
228
231
233
235
237
237
237
235
232
228
222
215
206
196
185
173
161
149
137
125
115
105
97
91
86
83
82
83
84
87
89
92
93
92
89
83
75
63
49
32
12
-7
-28
-48
-68
-85
-99
-110
-117
-121
-122
-119
-114
-108
-100
-92
-85
-80
-75
-73
-72
-74
-76
-79
-83
-86
-88
-89
-87
-84
-78
-68
-57
-42
-26
-8
9
28
45
59
71
78
80
78
71
59
44
25
5
-14
-34
-51
-65
-76
-81
-81
-75
-63
-46
-23
3
34
67
102
137
170
200
225
245
258
263
261
251
233
208
177
141
101
58
14
-28
-71
-110
-145
-176
-203
-224
-240
-251
-258
-261
-261
-258
-254
-248
-241
-233
-225
-217
-208
-199
-189
-179
-167
-154
-139
-123
-105
-84
-62
-38
-13
13
40
67
94
118
139
156
167
171
168
157
137
109
73
31
-15
-66
-117
-168
-216
-259
-295
-324
-345
-356
-359
-353
-340
-321
-296
-266
-234
-200
-165
-129
-93
-57
-20
16
53
92
132
172
213
254
293
329
362
389
410
424
430
427
416
398
374
345
312
278
243
210
179
151
128
108
91
79
69
60
53
46
37
27
14
-1
-20
-43
-70
-100
-133
-168
-204
-241
-278
-313
-345
-373
-398
-417
-431
-438
-440
-436
-427
-412
-392
-369
-341
-311
-279
-245
-211
-176
-142
-108
-75
-44
-13
15
43
70
96
120
143
164
184
201
217
230
241
250
256
261
264
266
267
268
270
273
277
282
290
299
310
322
334
347
359
368
375
378
376
369
356
336
309
276
237
193
143
91
36
-18
-73
-125
-174
-218
-256
-287
-310
-326
-335
-336
-331
-321
-306
-288
-269
-248
-229
-211
-195
-183
-174
-168
-166
-166
-168
-172
-175
-178
-179
-178
-172
-163
-149
-130
-106
-79
-48
-15
19
54
87
119
148
173
193
210
222
230
235
239
241
242
245
249
255
263
274
285
298
310
320
327
329
324
312
291
261
222
173
117
53
-14
-85
-156
-226
-291
-350
-402
-445
-478
-501
-515
-519
-516
-506
-489
-468
-442
-413
-382
-349
-314
-277
-239
-199
-158
-116
-74
-32
9
50
90
128
163
195
225
251
275
295
312
326
338
347
353
356
357
354
349
340
328
313
293
270
243
213
181
146
110
74
38
3
-28
-58
-85
-109
-130
-150
-167
-183
-198
-212
-226
-240
-252
-262
-270
-275
-275
-270
-259
-242
-218
-188
-152
-111
-67
-21
25
69
109
144
172
192
202
202
193
175
148
115
76
34
-10
-56
-101
-144
-185
-224
-258
-290
-318
-342
-362
-379
-391
-399
-401
-397
-388
-372
-349
-319
-283
-241
-193
-141
-85
-26
34
95
156
214
269
320
366
406
439
466
486
500
507
510
507
501
492
481
468
454
439
425
410
396
383
370
357
345
332
319
306
291
274
255
234
210
182
151
116
77
35
-9
-55
-104
-153
-202
-250
-297
-341
-383
-422
-459
-492
-523
-551
-576
-598
-617
-633
-645
-654
-658
-659
-655
-646
-632
-612
-586
-554
-516
-472
-422
-366
-306
-241
-172
-101
-28
45
120
194
267
337
403
465
520
567
604
632
647
650
638
614
575
523
460
387
306
220
133
46
-35
-111
-178
-235
-280
-314
-335
-345
-344
-334
-317
-293
-266
-235
-204
-172
-141
-111
-82
-55
-29
-4
20
46
74
103
133
165
198
232
265
297
325
351
371
386
395
398
396
389
378
364
348
332
315
298
283
268
254
239
223
205
183
157
126
89
46
0
-52
-107
-162
-217
-268
-315
-356
-388
-412
-427
-433
-431
-421
-405
-383
-358
-330
-300
-269
-239
-209
-181
-153
-127
-103
-80
-58
-38
-19
-2
13
26
38
46
52
54
52
47
38
24
8
-11
-33
-56
-80
-104
-127
-147
-165
-180
-191
-198
-201
-200
-194
-185
-171
-154
-133
-110
-84
-55
-26
4
36
68
99
129
156
181
203
221
234
243
247
246
241
231
219
204
187
169
151
134
118
104
93
85
80
78
80
84
92
102
114
127
141
155
168
181
192
201
208
213
214
213
210
203
194
183
171
157
142
127
111
96
81
67
54
41
30
20
10
2
-5
-12
-18
-24
-30
-35
-40
-45
-51
-57
-64
-73
-82
-94
-107
-122
-139
-158
-179
-200
-221
-241
-260
-277
-292
-303
-311
-315
-316
-313
-307
-298
-286
-271
-253
-233
-211
-187
-162
-134
-106
-76
-46
-16
12
40
66
89
109
126
139
148
153
155
153
149
143
135
125
115
104
93
82
70
59
49
39
29
21
14
8
3
1
0
1
4
10
17
26
36
48
61
76
90
104
118
130
141
149
153
154
151
143
131
113
92
66
36
4
-30
-66
-103
-141
-177
-213
-246
-278
-306
-332
-354
-372
-386
-396
-400
-399
-393
-380
-361
-336
-305
-268
-226
-179
-129
-76
-21
33
87
141
192
240
284
324
359
389
412
428
437
439
432
418
395
365
329
287
240
191
140
90
43
0
-37
-66
-87
-99
-101
-94
-80
-60
-36
-10
13
35
51
60
61
52
33
6
-27
-68
-111
-156
-199
-237
-269
-292
-304
-304
-292
-268
-232
-186
-131
-70
-4
62
128
191
247
296
334
362
378
382
374
356
327
291
247
199
147
94
42
-8
-55
-96
-132
-161
-182
-195
-199
-195
-183
-164
-139
-110
-79
-47
-17
7
28
41
48
46
38
24
4
-17
-40
-62
-82
-98
-110
-117
-119
-117
-113
-107
-101
-98
-97
-101
-111
-125
-145
-169
-197
-227
-257
-287
-314
-337
-355
-366
-369
-364
-351
-328
-297
-258
-211
-159
-101
-40
22
85
148
209
267
322
373
420
462
500
533
561
583
601
613
620
620
615
604
587
564
536
504
468
428
386
342
296
250
205
160
116
75
35
-2
-37
-70
-101
-129
-154
-177
-197
-214
-227
-238
-246
-252
-256
-258
-259
-260
-262
-264
-267
-272
-279
-288
-298
-310
-323
-336
-350
-363
-375
-386
-395
-401
-405
-406
-404
-398
-389
-375
-357
-334
-307
-275
-240
-201
-160
-117
-74
-32
7
43
75
102
122
136
143
143
138
128
113
96
78
60
43
29
19
14
14
19
30
46
65
88
112
137
161
183
203
218
230
236
237
234
225
212
195
176
154
132
109
87
66
48
32
19
9
2
0
0
1
7
16
28
43
61
81
105
131
158
187
216
243
269
292
310
323
329
328
320
305
283
256
225
190
153
116
79
43
8
-24
-55
-85
-115
-143
-171
-198
-224
-249
-273
-295
-314
-331
-343
-352
-355
-353
-345
-332
-313
-288
-259
-226
-189
-152
-114
-77
-42
-11
14
35
50
59
62
59
50
37
19
-1
-24
-49
-74
-99
-123
-145
-163
-179
-190
-198
-201
-200
-194
-184
-170
-152
-130
-106
-79
-50
-20
11
44
77
110
142
173
202
229
252
272
288
300
307
309
307
299
288
272
252
229
204
177
150
124
100
78
60
46
37
34
36
44
56
72
91
112
132
151
167
179
184
183
174
158
135
105
69
28
-14
-59
-103
-145
-183
-216
-243
-263
-276
-281
-280
-273
-261
-245
-226
-206
-185
-163
-143
-124
-106
-89
-74
-61
-49
-39
-30
-22
-16
-13
-11
-12
-17
-24
-34
-47
-63
-80
-98
-116
-133
-147
-157
-161
-159
-151
-135
-111
-82
-46
-7
35
79
122
163
201
235
263
286
302
313
317
317
311
302
288
271
250
227
200
170
137
101
62
22
-18
-59
-100
-138
-172
-201
-225
-242
-251
-254
-250
-239
-222
-200
-175
-148
-119
-91
-64
-40
-19
-1
12
23
30
36
40
44
48
54
61
70
81
93
105
118
129
139
146
150
150
146
138
126
111
93
74
53
33
13
-5
-22
-37
-51
-63
-75
-88
-102
-119
-140
-165
-195
-229
-267
-310
-354
-399
-444
-485
-522
-552
-574
-585
-585
-573
-549
-513
-465
-406
-339
-265
-185
-103
-19
63
143
220
293
360
422
478
527
571
608
640
666
687
701
710
713
710
700
682
657
623
580
530
470
404
330
252
170
87
5
-72
-145
-210
-265
-308
-339
-356
-361
-353
-334
-307
-273
-235
-197
-161
-129
-104
-87
-80
-81
-91
-109
-133
-160
-190
-220
-247
-271
-288
-298
-301
-296
-282
-261
-233
-198
-159
-116
-69
-21
28
79
131
184
236
289
341
392
441
487
528
563
589
605
610
601
578
541
490
426
351
266
173
77
-20
-117
-210
-296
-374
-441
-497
-541
-572
-591
-598
-594
-580
-556
-526
-488
-446
-399
-350
-299
-248
-199
-152
-109
-69
-34
-5
18
37
51
60
65
66
65
61
55
49
42
36
30
24
20
17
14
11
8
4
0
-6
-14
-24
-36
-48
-60
-71
-80
-85
-85
-79
-67
-47
-19
15
56
103
154
206
259
309
356
398
432
458
476
485
484
475
458
434
403
366
326
282
235
187
138
90
41
-5
-51
-96
-138
-178
-216
-251
-284
-313
-339
-362
-381
-395
-406
-411
-412
-409
-400
-387
-370
-348
-324
-296
-266
-234
-202
-170
-139
-110
-84
-61
-41
-26
-14
-5
0
2
3
2
0
-2
-4
-6
-7
-7
-6
-4
-1
1
4
7
9
10
9
6
2
-2
-8
-14
-19
-21
-21
-17
-8
5
25
50
81
116
154
194
234
272
308
339
364
382
392
392
384
367
341
308
268
223
175
125
75
26
-18
-59
-95
-123
-145
-161
-169
-171
-167
-157
-144
-127
-108
-86
-63
-40
-17
5
26
46
64
79
91
100
107
110
110
108
103
96
88
78
67
56
45
