274
252
230
209
190
173
160
149
141
135
130
127
123
117
108
94
76
51
20
-16
-60
-110
-164
-221
-279
-336
-390
-439
-481
-513
-535
-543
-538
-518
-484
-434
-371
-294
-207
-111
-9
94
198
296
387
467
532
582
614
628
624
604
570
523
468
406
340
274
210
150
94
44
0
-37
-70
-99
-123
-146
-167
-187
-207
-226
-246
-266
-285
-303
-319
-332
-343
-350
-353
-351
-346
-335
-320
-301
-277
-250
-219
-186
-152
-118
-85
-54
-27
-4
13
25
32
33
29
21
11
0
-11
-20
-27
-28
-25
-16
-2
17
42
70
101
133
164
195
223
248
269
287
300
309
313
314
312
307
299
289
278
266
253
241
230
219
210
201
193
186
179
171
161
150
136
119
98
72
42
7
-32
-75
-122
-172
-223
-274
-324
-370
-412
-448
-477
-498
-510
-512
-505
-490
-465
-433
-395
-351
-304
-255
-205
-156
-109
-65
-26
8
39
65
87
105
121
134
145
154
162
169
173
175
175
171
163
152
138
121
101
79
56
33
11
-8
-26
-40
-50
-57
-60
-59
-55
-49
-41
-34
-27
-22
-20
-19
-22
-26
-31
-36
-40
-42
-41
-36
-27
-13
4
25
48
72
95
116
133
144
149
147
138
123
101
74
43
12
-18
-46
-70
-88
-98
-100
-94
-80
-59
-33
-3
28
59
88
113
133
146
153
152
144
131
114
94
72
51
32
17
6
0
-1
1
10
22
38
56
75
95
115
133
150
164
176
184
188
189
186
178
166
149
129
103
74
40
2
-38
-83
-129
-177
-225
-272
-316
-357
-392
-420
-441
-452
-453
-444
-425
-396
-359
-314
-264
-209
-153
-95
-38
16
68
116
161
200
235
264
287
304
315
319
316
306
288
264
233
197
156
111
65
18
-26
-68
-105
-137
-161
-179
-189
-192
-188
-179
-165
-146
-125
-102
-77
-52
-26
-1
23
48
72
95
116
135
152
165
174
179
178
171
158
139
115
85
52
15
-22
-62
-100
-137
-171
-202
-227
-246
-259
-266
-265
-258
-244
-223
-197
-165
-130
-93
-54
-16
20
52
80
103
119
130
135
135
133
128
123
118
116
117
120
128
138
152
167
183
200
215
228
238
244
244
239
228
212
191
166
138
108
77
46
15
-14
-43
-73
-103
-135
-168
-203
-241
-281
-321
-363
-403
-441
-475
-504
-525
-539
-544
-539
-523
-497
-461
-414
-359
-295
-225
-149
-69
12
95
177
257
334
405
471
530
582
625
659
683
697
702
696
681
656
624
585
541
491
439
385
329
273
218
162
107
52
-3
-61
-119
-180
-244
-309
-375
-441
-505
-566
-621
-669
-706
-733
-747
-748
-735
-710
-671
-622
-563
-496
-424
-349
-273
-200
-131
-68
-14
29
63
85
97
98
91
78
59
39
20
4
-4
-5
2
22
52
93
142
198
258
319
378
430
474
507
528
536
530
513
485
449
408
365
321
281
245
215
191
173
160
151
144
137
129
117
101
81
56
26
-6
-42
-79
-115
-150
-182
-210
-233
-252
-265
-274
-277
-277
-273
-266
-257
-246
-233
-220
-206
-191
-176
-160
-143
-124
-105
-83
-61
-38
-15
6
27
44
59
69
75
76
72
65
54
41
27
12
-1
-15
-29
-41
-52
-62
-71
-79
-87
-94
-100
-106
-111
-114
-116
-116
-113
-106
-95
-80
-59
-33
-2
32
69
109
149
187
222
252
276
292
301
302
295
282
263
240
214
187
162
138
118
102
90
84
82
83
87
92
95
97
93
85
69
45
13
-25
-72
-124
-180
-239
-298
-355
-408
-456
-495
-526
-547
-558
-559
-549
-529
-501
-466
-424
-377
-327
-275
-221
-167
-113
-59
-6
45
97
149
201
253
304
355
405
451
493
528
555
573
580
575
558
530
490
441
384
321
255
187
121
58
0
-51
-96
-134
-164
-187
-203
-213
-219
-222
-223
-223
-223
-225
-227
-231
-237
-242
-248
-252
-254
-254
-250
-242
-230
-214
-194
-172
-147
-120
-93
-66
-41
-19
0
14
24
30
31
28
22
13
2
-9
-20
-31
-41
-48
-54
-57
-57
-55
-50
-42
-32
-19
-4
13
35
59
85
115
146
178
211
244
274
302
327
346
360
369
371
367
357
343
324
302
279
254
230
206
182
161
140
120
100
80
59
36
12
-12
-40
-67
-95
-121
-143
-161
-173
-178
-176
-165
-147
-122
-92
-59
-25
7
37
60
77
87
87
80
65
44
18
-9
-38
-66
-91
-111
-126
-136
-139
-136
-128
-115
-99
-79
-58
-35
-13
9
30
51
69
86
101
114
123
128
129
125
115
99
77
48
13
-27
-72
-120
-170
-220
-268
-312
-350
-381
-404
-417
-419
-410
-391
-362
-323
-276
-222
-163
-100
-34
31
96
159
218
272
320
361
393
416
430
433
426
408
380
343
297
243
184
121
56
-8
-70
-128
-180
-223
-258
-282
-296
-301
-296
-284
-264
-239
-210
-179
-148
-117
-88
-62
-40
-22
-8
0
5
7
5
2
-2
-7
-11
-15
-16
-14
-10
-3
6
18
31
44
56
67
75
80
81
78
71
60
45
27
7
-13
-34
-55
-73
-88
-99
-106
-107
-104
-94
-80
-61
-39
-13
14
42
68
93
113
128
136
137
130
115
93
65
32
-2
-38
-71
-99
-121
-134
-137
-130
-111
-82
-43
3
56
113
170
225
274
314
343
359
361
349
322
282
231
171
106
37
-31
-97
-159
-213
-260
-297
-324
-341
-349
-347
-339
-324
-304
-281
-256
-230
-205
-182
-160
-139
-121
-104
-88
-73
-58
-43
-28
-12
2
18
32
45
55
62
65
62
54
39
19
-7
-39
-75
-112
-150
-186
-216
-239
-251
-251
-236
-207
-161
-101
-26
59
154
255
357
458
551
635
704
756
790
803
795
767
720
656
579
491
397
299
201
107
18
-61
-133
-195
-248
-291
-325
-352
-373
-387
-396
-400
-398
-392
-380
-363
-339
-310
-276
-237
-195
-150
-106
-62
-21
15
46
70
87
96
98
92
80
62
40
16
-9
-34
-57
-78
-94
-107
-115
-118
-117
-111
-102
-89
-74
-57
-38
-19
0
19
37
53
68
80
91
99
105
109
111
111
110
108
104
100
95
90
83
77
70
63
56
49
42
35
28
20
13
5
-4
-14
-26
-39
-53
-67
-81
-93
-103
-110
-112
-108
-98
-82
-58
-29
6
46
88
131
173
210
241
263
275
274
261
235
197
148
89
24
-43
-111
-176
-235
-284
-322
-346
-357
-354
-338
-311
-275
-234
-189
-145
-104
-67
-36
-12
5
16
22
24
24
24
25
29
36
47
62
81
104
129
155
180
204
224
240
251
256
256
251
242
228
213
195
176
157
138
120
103
86
70
54
37
19
0
-22
-48
-77
-111
-147
-187
-230
-273
-316
-357
-395
-428
-455
-474
-484
-485
-476
-458
-433
-400
-361
-318
-273
-228
-184
-141
-102
-66
-34
-4
23
51
79
108
140
176
213
254
294
334
371
401
423
434
432
415
383
335
274
200
116
26
-66
-158
-244
-321
-385
-435
-468
-484
-483
-466
-435
-393
-342
-286
-227
-169
-114
-63
-19
17
47
69
85
95
100
102
103
104
106
110
119
131
148
170
194
222
250
279
307
332
354
370
381
386
385
377
364
346
323
297
268
238
207
177
146
117
89
62
37
14
-6
-25
-41
-56
-67
-76
-83
-87
-88
-87
-84
-80
-76
-71
-66
-63
-60
-60
-61
-64
-69
-75
-82
-90
-98
-105
-111
-115
-118
-118
-116
-113
-109
-103
-98
-93
-90
-88
-88
-90
-94
-100
-106
-114
-121
-128
-134
-138
-139
-139
-136
-131
-123
-113
-101
-88
-72
-56
-39
-21
-2
16
36
57
78
100
121
142
163
183
201
217
229
239
244
244
239
229
215
195
172
146
120
93
69
48
33
24
22
27
39
57
81
107
135
163
188
208
222
228
226
215
195
167
131
91
47
2
-41
-81
-116
-143
-161
-170
-169
-160
-144
-123
-100
-78
-60
-48
-44
-50
-67
-93
-127
-168
-212
-256
-296
-329
-353
-364
-363
-349
-322
-286
-241
-192
-142
-94
-51
-15
10
26
32
29
17
0
-21
-44
-65
-83
-95
-101
-99
-89
-72
-49
-21
10
43
76
106
133
154
169
176
176
169
155
134
108
78
45
11
-22
-54
-83
-107
-126
-138
-144
-143
-136
-124
-107
-86
-63
-39
-15
6
26
44
58
68
75
79
79
78
76
73
71
70
70
73
78
85
94
103
112
119
123
124
121
112
98
78
55
27
-1
-32
-64
-93
-121
-144
-164
-178
-188
-192
-192
-186
-177
-164
-148
-129
-108
-86
-62
-38
-14
9
32
54
75
93
109
122
133
141
147
152
156
160
164
168
172
177
182
187
191
194
196
195
192
186
177
164
148
128
105
80
53
26
0
-26
-49
-69
-85
-96
-103
-105
-102
-97
-89
-79
-69
-60
-53
-48
-47
-48
-53
-59
-67
-73
-78
-79
-75
-65
-49
-27
1
33
69
106
141
173
198
216
224
221
207
182
147
104
55
2
-52
-106
-155
-197
-229
-251
-261
-258
-245
-222
-191
-155
-116
-75
-34
4
40
73
102
127
146
159
167
169
165
156
144
128
110
91
73
56
42
32
24
20
20
22
25
30
34
37
38
35
29
17
1
-18
-43
-70
-98
-127
-154
-177
-196
-209
-215
-215
-210
-199
-185
-169
-152
-137
-125
-116
-111
-110
-113
-119
-128
-136
-145
-151
-154
-152
-146
-135
-120
-99
-76
-50
-24
1
26
47
65
78
86
90
89
84
77
69
60
52
46
42
41
44
49
58
68
80
92
104
114
122
126
126
121
111
97
78
56
31
5
-21
-46
-69
-88
-102
-111
-113
-109
-98
-82
-62
-39
-14
9
31
51
65
75
78
76
67
54
35
13
-10
-36
-62
-87
-110
-131
-149
-162
-171
-175
-173
-166
-154
-136
-113
-86
-54
-20
15
52
88
122
153
180
202
218
230
235
236
233
226
217
206
193
180
166
151
136
120
103
87
70
53
37
22
10
0
-7
-12
-14
-13
-9
-4
1
8
14
19
22
22
19
12
2
-10
-26
-44
-64
-83
-101
-117
-130
-139
-145
-145
-141
-132
-118
-100
-77
-50
-21
9
42
75
107
138
165
188
207
220
227
226
219
205
185
158
128
94
59
24
-8
-36
-58
-73
-81
-79
-69
-50
-24
6
41
77
113
145
172
190
199
198
185
160
126
83
33
-20
-76
-131
-182
-228
-267
-298
-319
-331
-334
-328
-314
-293
-266
-234
-199
-162
-126
-90
-57
-28
-5
11
21
23
16
1
-21
-52
-90
-133
-182
-233
-286
-338
-388
-433
-472
-502
-521
-528
-522
-501
-465
-414
-348
