38
74
107
135
158
174
184
187
183
175
161
144
124
103
82
62
45
30
20
14
13
17
26
38
52
69
86
102
116
128
136
139
138
132
121
105
84
57
26
-7
-45
-85
-126
-166
-205
-239
-269
-292
-307
-313
-310
-297
-275
-244
-204
-158
-106
-51
6
62
117
167
211
249
279
300
314
320
318
311
299
284
267
248
230
213
197
182
169
156
143
129
113
94
71
44
14
-20
-58
-98
-138
-177
-213
-245
-270
-289
-300
-301
-294
-279
-255
-225
-190
-152
-112
-74
-37
-6
20
40
53
59
58
52
42
28
13
-2
-17
-30
-40
-47
-52
-53
-51
-47
-42
-37
-31
-27
-23
-21
-20
-21
-22
-24
-26
-26
-25
-22
-17
-9
0
11
23
36
49
60
69
75
79
78
74
66
55
41
25
8
-8
-23
-36
-44
-47
-44
-34
-17
5
34
68
104
141
178
212
242
265
281
288
286
275
255
226
190
150
105
59
13
-31
-72
-109
-140
-167
-187
-202
-211
-215
-214
-209
-200
-188
-172
-154
-134
-112
-89
-66
-42
-19
3
24
45
63
79
92
102
109
112
110
105
95
82
64
44
20
-4
-31
-58
-84
-108
-130
-149
-162
-171
-173
-169
-159
-142
-120
-93
-62
-28
5
39
70
98
121
137
146
148
142
128
107
80
49
15
-19
-54
-86
-113
-135
-150
-158
-157
-148
-131
-107
-77
-43
-6
31
68
103
134
160
180
194
200
200
193
180
161
139
113
86
57
29
2
-21
-42
-58
-69
-74
-73
-67
-56
-40
-21
0
23
47
69
89
107
121
132
138
141
139
134
125
114
100
84
67
48
29
9
-10
-30
-50
-70
-89
-108
-124
-137
-147
-152
-151
-144
-131
-111
-85
-54
-20
14
48
79
105
124
136
139
133
118
94
64
28
-11
-54
-97
-139
-177
-211
-239
-260
-274
-281
-282
-276
-267
-253
-238
-221
-204
-186
-170
-153
-137
-122
-106
-90
-74
-57
-40
-21
-1
19
42
66
92
119
147
176
206
236
266
296
325
352
377
399
416
427
430
424
406
376
333
276
207
125
33
-65
-170
-276
-380
-480
-573
-655
-724
-779
-818
-842
-848
-838
-813
-772
-719
-653
-578
-493
-401
-303
-201
-96
9
115
219
320
415
504
584
655
715
764
801
826
840
843
836
820
797
768
734
697
657
614
571
525
479
431
381
329
275
217
155
90
20
-52
-128
-206
-285
-364
-440
-513
-580
-640
-693
-736
-770
-793
-806
-808
-801
-783
-756
-720
-675
-623
-564
-498
-428
-353
-277
-200
-124
-53
12
71
119
155
179
190
187
171
144
107
63
14
-34
-82
-125
-159
-183
-194
-191
-174
-142
-98
-41
23
96
174
253
331
407
477
542
598
647
686
715
735
744
743
732
711
682
644
598
546
488
427
364
300
236
174
116
61
11
-33
-73
-108
-139
-167
-192
-217
-241
-266
-292
-320
-350
-381
-413
-444
-472
-496
-514
-524
-525
-515
-495
-465
-424
-375
-319
-258
-195
-132
-72
-17
31
72
104
127
142
149
149
144
135
124
111
98
85
74
63
54
45
38
32
27
23
20
18
18
20
24
30
39
49
61
75
89
104
117
130
140
148
153
156
157
156
154
152
150
148
146
144
143
140
136
130
121
109
93
73
50
25
-2
-31
-60
-88
-113
-135
-154
-167
-176
-179
-178
-172
-162
-149
-134
-118
-103
-88
-76
-67
-62
-61
-64
-72
-83
-97
-114
-131
-148
-163
-174
-180
-180
-173
-157
-134
-101
-62
-15
36
93
151
210
267
320
368
408
440
462
472
470
457
431
394
346
290
227
159
89
19
-47
-109
-164
-210
-246
-270
-283
-284
-276
-258
-233
-203
-170
-137
-106
-77
-52
-32
-17
-5
2
7
10
12
13
15
17
20
23
26
30
33
35
35
34
30
23
13
0
-15
-33
-54
-77
-101
-125
-149
-173
-195
-216
-235
-252
-267
-279
-289
-295
-298
-297
-292
-283
-269
-250
-225
-195
-160
-119
-74
-25
28
84
141
198
254
306
354
394
425
446
455
452
437
410
371
323
267
205
138
70
2
-62
-122
-176
-221
-257
-284
-300
-306
-302
-290
-270
-245
-214
-180
-144
-108
-72
-38
-6
21
46
67
83
94
102
105
103
99
90
79
66
50
33
14
-4
-24
-44
-63
-81
-98
-113
-125
-135
-142
-146
-148
-147
-143
-138
-132
-124
-116
-107
-99
-90
-82
-73
-64
-55
-44
-32
-18
-2
15
35
56
78
100
122
143
163
182
198
213
226
237
246
253
259
262
262
258
250
238
219
195
166
131
91
48
3
-42
-88
-132
-172
-207
-237
-260
-276
-285
-287
-282
-271
-253
-231
-203
-171
-136
-98
-59
-21
16
50
80
104
122
134
139
138
133
125
116
107
101
98
100
107
118
134
153
173
194
212
227
237
241
238
227
210
186
157
124
88
51
15
-19
-50
-77
-100
-119
-134
-146
-156
-163
-170
-176
-181
-186
-191
-195
-197
-198
-196
-191
-181
-167
-148
-124
-95
-60
-20
22
68
115
162
205
244
275
296
306
304
287
258
216
163
102
35
-32
-99
-159
-211
-250
-275
-281
-270
-239
-191
-125
-46
42
138
236
331
418
493
553
593
614
613
591
548
487
411
322
225
122
17
-85
-183
-274
-356
-426
-484
-529
-560
-578
-583
-575
-556
-526
-487
-440
-387
-330
-269
-208
-147
-87
-31
20
67
108
143
172
195
210
220
224
222
216
204
189
171
149
125
100
73
45
17
-10
-37
-62
-85
-106
-124
-138
-147
-153
-154
-150
-141
-128
-111
-92
-69
-45
-20
3
27
48
66
81
92
97
96
89
75
54
27
-7
-47
-93
-143
-196
-250
-305
-357
-406
-450
-488
-518
-539
-550
-551
-542
-523
-493
-452
-402
-343
-276
-201
-121
-36
52
142
232
320
405
484
557
620
673
714
742
756
756
741
712
670
616
552
482
406
328
249
173
101
34
-24
-77
-121
-158
-187
-209
-224
-233
-236
-235
-230
-221
-211
-198
-185
-171
-158
-145
-133
-123
-114
-106
-101
-97
-95
-95
-96
-99
-104
-109
-116
-123
-131
-138
-145
-150
-155
-157
-158
-155
-150
-142
-130
-116
-98
-78
-56
-32
-6
18
42
65
86
103
116
126
132
134
133
129
123
116
109
103
98
95
94
96
99
105
112
120
128
135
140
144
145
144
140
134
126
116
105
94
83
73
65
59
56
56
58
64
71
81
91
102
113
121
128
132
134
132
126
118
106
92
75
57
36
14
-7
-30
-52
-74
-93
-111
-126
-138
-146
-151
-152
-150
-145
-138
-128
-116
-103
-91
-78
-66
-56
-48
-42
-39
-38
-40
-43
-47
-52
-57
-62
-64
-65
-64
-60
-54
-45
-34
-21
-6
9
26
44
63
81
99
116
133
148
162
174
184
192
197
200
200
196
189
179
165
147
127
104
80
54
27
0
-27
-54
-80
-105
-129
-152
-173
-192
-209
-223
-235
-244
-250
-253
-252
-248
-241
-230
-217
-201
-182
-162
-140
-117
-95
-72
-51
-31
-12
4
20
34
48
60
72
84
94
105
114
123
130
135
138
139
136
130
119
105
87
65
40
13
-16
-48
-80
-111
-141
-170
-195
-217
-235
-248
-256
-258
-255
-247
-233
-215
-191
-163
-131
-96
-58
-18
22
63
104
143
180
215
245
272
293
308
318
320
316
305
287
263
234
200
162
123
82
42
4
-29
-59
-83
-100
-109
-110
-102
-86
-64
-37
-5
26
58
86
110
127
135
136
127
111
88
60
27
-6
-40
-73
-102
-128
-149
-165
-175
-181
-182
-180
-174
-167
-158
-148
-138
-127
-116
-106
-95
-84
-73
-62
-51
-40
-28
-17
-6
4
14
23
31
38
44
48
49
49
46
42
36
28
20
12
4
-1
-6
-9
-8
-5
0
8
19
31
45
58
72
83
93
99
100
98
89
76
57
33
5
-25
-57
-91
-123
-153
-178
-198
-211
-217
-216
-206
-190
-167
-139
-107
-74
-40
-9
19
42
61
73
81
82
80
74
67
58
49
41
35
31
28
29
31
34
39
45
51
58
65
72
81
90
100
112
125
141
158
176
196
215
233
249
263
273
278
280
276
267
253
235
212
187
158
128
97
66
35
7
-18
-41
-60
-76
-88
-96
-100
-102
-100
-96
-91
-83
-75
-65
-55
-45
-35
-27
-21
-18
-18
-24
-35
-52
-75
-105
-141
-182
-226
-273
-320
-366
-407
-442
-470
-487
-494
-489
-472
-444
-406
-359
-306
-248
-189
-129
-73
-22
22
59
88
107
118
120
114
102
83
60
33
3
-27
-59
-90
-120
-146
-169
-186
-197
-200
-195
-181
-158
-124
-81
-30
28
92
159
227
294
356
412
460
497
523
536
538
527
505
474
435
391
343
293
244
199
158
124
96
76
64
59
59
65
73
83
92
99
103
101
93
79
59
34
3
-29
-65
-101
-135
-166
-192
-211
-223
-227
-222
-210
-190
-164
-134
-102
-69
-38
-11
11
26
35
36
29
14
-6
-33
-63
-96
-129
-161
-190
-216
-237
-253
-264
-269
-268
-262
-251
-237
-218
-197
-174
-148
-122
-96
-69
-43
-18
5
26
46
62
75
83
87
85
76
62
40
13
-20
-57
-98
-139
-180
-216
-247
-269
-281
-280
-266
-238
-196
-141
-74
2
86
174
265
354
438
515
581
636
676
702
714
711
694
667
630
586
536
484
430
377
324
274
225
178
132
89
46
5
-34
-72
-107
-139
-167
-189
-206
-216
-219
-214
-203
-186
-164
-139
-113
-86
-62
-40
-24
-14
-11
-14
-24
-39
-60
-84
-110
-136
-162
-187
-208
-225
-239
-249
-255
-257
-255
-250
-243
-233
-220
-206
-190
-173
-156
-139
-125
-112
-103
-97
-96
-100
-107
-119
-133
-150
-167
-183
-198
-210
-218
-222
-220
-214
-202
-186
-165
-141
-113
-84
-52
-19
15
50
87
124
161
197
232
265
294
320
340
354
361
362
355
341
320
294
264
230
194
157
120
85
52
22
-5
-30
-52
-72
-90
-106
-120
-132
-141
-148
-152
-153
-150
-142
-129
-111
-88
-60
-28
6
44
82
121
158
192
223
248
267
280
287
286
280
268
251
230
206
181
154
127
100
74
49
24
0
-25
-49
-75
-101
-128
-155
-183
-211
-239
-266
-291
-315
-336
-353
-366
-375
-379
-377
-370
-358
-342
-321
-297
-270
-241
-211
-180
-150
-121
-93
-67
-43
-20
0
20
38
57
74
92
110
128
145
162
177
189
199
204
205
200
190
175
155
130
103
73
43
14
-11
-34
-52
-65
-72
-74
-70
-62
-51
-37
-22
-7
8
22
35
47
57
66
74
81
89
97
107
117
129
143
157
173
190
207
224
240
255
268
278
