-799
-637
-459
-265
-57
163
393
627
860
1087
1300
1494
1663
1801
1905
1970
1994
1978
1922
1828
1700
1545
1369
1180
984
792
609
444
302
187
102
47
23
26
55
104
168
242
320
396
464
518
553
565
550
507
436
336
211
66
-95
-265
-438
-603
-755
-885
-987
-1056
-1089
-1083
-1040
-961
-851
-715
-559
-392
-221
-52
105
247
367
463
531
570
582
566
527
467
390
300
203
103
5
-88
-172
-246
-307
-355
-391
-417
-434
-446
-456
-466
-479
-495
-516
-539
-563
-584
-600
-608
-603
-583
-548
-497
-432
-356
-273
-186
-102
-25
40
91
125
141
140
124
94
55
10
-37
-84
-126
-160
-183
-192
-185
-157
-108
-35
63
187
335
506
695
899
1110
1323
1529
1721
1890
2027
2125
2176
2172
2109
1983
1794
1543
1236
878
482
58
-378
-815
-1236
-1628
-1978
-2275
-2508
-2673
-2763
-2777
-2717
-2585
-2388
-2134
-1833
-1496
-1136
-767
-401
-52
267
550
786
972
1103
1180
1205
1183
1119
1021
898
757
608
459
318
192
87
8
-41
-59
-47
-7
56
138
231
325
413
487
541
571
574
551
505
440
362
277
193
115
49
0
-31
-43
-37
-16
14
50
86
117
137
143
131
100
51
-13
-93
-182
-275
-367
-453
-525
-580
-614
-623
-606
-562
-490
-393
-272
-130
29
204
389
579
771
958
1135
1296
1433
1542
1615
1650
1641
1590
1495
1362
1194
999
785
560
332
108
-104
-303
-485
-647
-789
-912
-1017
-1105
-1177
-1234
-1276
-1304
-1320
-1322
-1312
-1291
-1261
-1223
-1181
-1138
-1096
-1059
-1028
-1007
-995
-994
-1003
-1020
-1043
-1069
-1094
-1113
-1122
-1115
-1087
-1034
-949
-829
-671
-472
-233
46
362
711
1084
1472
1866
2253
2619
2949
3231
3450
3595
3656
3625
3500
3282
2975
2588
2136
1633
1098
552
15
-493
-957
-1363
-1699
-1961
-2146
-2258
-2304
-2291
-2231
-2136
-2018
-1888
-1756
-1630
-1515
-1413
-1327
-1253
-1189
-1130
-1072
-1009
-937
-853
-753
-638
-507
-363
-209
-50
110
267
414
548
663
757
826
869
884
870
827
756
658
534
387
221
39
-151
-347
-542
-728
-900
-1053
-1181
-1282
-1351
-1389
-1396
-1373
-1323
-1251
-1159
-1053
-936
-813
-685
-557
-427
-299
-170
-40
90
224
361
502
647
795
944
1093
1239
1379
1510
1629
1734
1820
1886
1929
1949
1945
1917
1865
1791
1697
1585
1457
1316
1164
1003
837
666
494
323
155
-6
-158
-299
-427
-539
-635
-713
-775
-822
-855
-876
-889
-896
-899
-903
-907
-916
-929
-947
-972
-1003
-1039
-1080
-1124
-1170
-1215
-1256
-1292
-1319
-1336
-1339
-1326
-1296
-1247
-1176
-1083
-967
-827
-662
-474
-262
-30
218
481
752
1025
1292
1548
1783
1991
2164
2296
2382
2418
2403
2338
2225
2069
1877
1659
1425
1186
951
730
528
351
199
72
-34
-127
-213
-299
-391
-498
-621
-763
-922
-1096
-1277
-1458
-1628
-1775
-1890
-1962
-1983
-1944
-1844
-1681
-1459
-1182
-859
-501
-120
267
650
1013
1342
1626
1855
2021
2119
2149
2112
2013
1861
1664
1435
1187
932
681
445
233
51
-98
-212
-293
-343
-366
-367
-351
-323
-290
-255
-224
-199
-183
-179
-186
-206
-235
-274
-317
-362
-404
-439
-463
-471
-461
-430
-375
-298
-199
-80
53
197
344
487
617
726
806
851
855
814
729
600
432
232
6
-235
-485
-733
-970
-1189
-1382
-1546
-1675
-1765
-1816
-1825
-1792
-1717
-1601
-1447
-1257
-1036
-790
-525
-248
31
305
565
803
1012
1185
1319
1410
1458
1464
1431
1363
1267
1148
1014
872
729
590
461
345
244
158
88
30
-15
-52
-83
-110
-135
-159
-183
-208
-233
-258
-284
-309
-333
-355
-375
-393
-409
-421
-429
-432
-429
-420
-403
-377
-343
-301
-250
-193
-130
-65
-1
60
114
160
192
211
213
199
168
122
62
-8
-86
-169
-252
-334
-409
-476
-532
-575
-605
-622
-626
-618
-600
-576
-546
-515
-484
-455
-430
-409
-393
-380
-368
-356
-342
-322
-295
-260
-215
-160
-96
-25
50
128
205
277
342
397
440
469
485
487
476
452
418
375
324
265
202
134
62
-10
-84
-157
-227
-292
-349
-398
-435
-460
-471
-467
-449
-416
-370
-312
-244
-167
-83
2
90
176
256
328
389
435
463
470
454
411
341
242
114
-43
-229
-442
-677
-932
-1201
-1477
-1754
-2025
-2280
-2512
-2711
-2869
-2977
-3028
-3014
-2929
-2769
-2530
-2212
-1815
-1343
-804
-205
441
1122
1824
2530
3225
3894
4522
5097
5607
6045
6404
6679
6869
6973
6992
6928
6782
6556
6254
5878
5430
4914
4332
3689
2993
2250
1473
672
-136
-937
-1712
-2443
-3112
-3703
-4202
-4598
-4884
-5057
-5119
-5076
-4937
-4715
-4426
-4086
-3712
-3322
-2932
-2554
-2201
-1882
-1601
-1364
-1170
-1019
-909
-836
-795
-782
-792
-821
-863
-915
-974
-1036
-1099
-1160
-1218
-1272
-1322
-1367
-1409
-1447
-1481
-1511
-1537
-1555
-1564
-1561
-1542
-1503
-1440
-1350
-1230
-1077
-890
-668
-414
-130
179
510
854
1205
1556
1899
2228
2538
2826
3093
3338
3564
3776
3978
4175
4368
4560
4750
4934
5108
5264
5394
5490
5541
5540
5480
5355
5160
4893
4555
4147
3673
3142
2559
1936
1284
614
-60
-730
-1383
-2010
-2601
-3150
-3649
-4094
-4480
-4805
-5065
-5260
-5390
-5454
-5455
-5396
-5280
-5112
-4899
-4649
-4367
-4063
-3744
-3419
-3093
-2774
-2466
-2174
-1901
-1649
-1419
-1211
-1026
-861
-717
-590
-479
-381
-294
-215
-142
-73
-4
65
138
216
299
389
487
593
707
828
955
1086
1219
1351
1477
1595
1699
1784
1847
1881
1885
1855
1788
1686
1547
1375
1174
947
701
442
179
-81
-330
-562
-770
-947
-1091
-1197
-1264
-1294
-1287
-1247
-1178
-1084
-970
-843
-707
-569
-432
-303
-186
-83
1
67
111
135
140
127
99
61
16
-29
-73
-111
-139
-156
-159
-149
-127
-93
-49
2
60
124
192
266
346
434
531
641
765
904
1058
1226
1407
1597
1790
1980
2159
2319
2451
2545
2593
2587
2522
2395
2204
1952
1646
1292
902
488
64
-357
-761
-1137
-1474
-1764
-2002
-2184
-2312
-2389
-2419
-2409
-2368
-2305
-2229
-2146
-2063
-1986
-1915
-1851
-1794
-1740
-1687
-1629
-1563
-1486
-1396
-1292
-1173
-1041
-899
-749
-595
-441
-292
-150
-19
98
201
289
362
422
470
510
544
576
608
644
685
733
790
856
930
1011
1099
1190
1283
1376
1466
1551
1628
1695
1751
1793
1819
1829
1821
1794
1746
1679
1592
1486
1363
1223
1070
907
736
562
387
216
50
-104
-249
-380
-496
-598
-685
-758
-815
-858
-885
-898
-893
-872
-832
-774
-696
-600
-487
-359
-221
-76
69
211
341
455
548
614
650
656
629
573
490
386
265
134
1
-127
-245
-347
-428
-485
-518
-528
-515
-483
-438
-384
-329
-277
-236
-210
-205
-223
-266
-333
-424
-534
-660
-793
-930
-1061
-1182
-1285
-1367
-1422
-1448
-1445
-1411
-1348
-1258
-1144
-1009
-858
-693
-520
-342
-163
10
178
334
475
597
698
775
824
845
837
798
729
632
508
360
191
6
-191
-396
-603
-808
-1005
-1190
-1357
-1504
-1626
-1719
-1782
-1810
-1802
-1754
-1666
-1534
-1356
-1133
-862
-545
-183
220
661
1130
1620
2119
2614
3091
3534
3930
4265
4527
4707
4799
4802
4716
4548
4305
4000
3645
3254
2841
2419
2001
1597
1216
863
540
249
-13
-251
-471
-680
-884
-1090
-1302
-1523
-1754
-1996
-2244
-2494
-2740
-2977
-3195
-3388
-3548
-3667
-3740
-3761
-3728
-3637
-3491
-3290
-3038
-2742
-2408
-2045
-1663
-1271
-879
-497
-133
203
508
775
1000
1180
1316
1406
1453
1459
1428
1364
1273
1160
1031
892
749
607
471
346
234
140
64
9
-26
-41
-38
-19
14
58
108
162
214
260
295
316
318
298
256
189
98
-14
-146
-293
-447
-602
-750
-881
-987
-1059
-1088
-1069
-995
-865
-677
-434
-141
193
561
951
1349
1744
2121
2467
2772
3024
3214
3338
3390
3370
3281
3128
2919
2665
2376
2067
1750
1437
1138
862
612
392
201
34
-112
-248
-381
-517
-665
-830
-1014
-1219
-1442
-1679
-1923
-2168
-2404
-2622
-2813
-2969
-3085
-3155
-3178
-3152
-3081
-2966
-2814
-2631
-2423
-2197
-1960
-1719
-1478
-1242
-1013
-796
-591
-399
-220
-56
93
230
352
460
554
634
700
753
793
823
842
852
855
853
845
834
820
803
782
758
730
696
655
608
552
490
420
344
264
182
101
24
-45
-105
-151
-181
-195
-190
-167
-128
-76
-13
56
129
200
266
324
371
405
426
433
426
409
381
346
305
260
216
172
131
95
63
35
11
-9
-31
-53
-78
-109
-144
-186
-232
-281
-331
-379
-421
-453
-473
-475
-459
-423
-367
-290
-195
-85
36
165
297
427
549
660
755
831
885
914
918
896
850
780
688
578
451
313
166
14
-136
-283
-423
-552
-668
-768
-851
-916
-964
-995
-1009
-1009
-994
-966
-926
-875
-812
-739
-653
-553
-439
-310
-164
-1
176
366
566
770
973
1168
1347
1505
1635
1732
1792
1814
1797
1744
1657
1541
1401
1243
1072
894
713
533
357
185
19
-141
-298
-453
-605
-756
-905
-1051
-1194
-1329
-1454
-1564
-1656
-1726
-1771
-1787
-1774
-1730
-1657
-1556
-1430
-1284
-1121
-948
-768
-588
-412
-244
-88
54
181
292
387
468
537
596
649
697
743
791
842
896
955
1018
1083
1149
1211
1266
1311
1341
1353
1344
1314
1260
1184
1089
978
856
727
599
478
367
273
198
144
111
98
101
117
140
165
187
200
202
188
157
106
36
-52
-158
-279
-413
-557
-707
-861
-1015
-1167
-1315
-1457
-1590
-1713
-1824
-1921
-2002
-2063
-2101
-2113
-2094
-2042
-1954
-1827
-1661
-1457
-1218
-948
-653
-341
-21
295
600
882
1131
1339
1498
1601
1646
1631
1555
1423
1240
1013
751
465
165
-137
-433
-713
-971
-1200
-1394
-1551
-1669
-1745
-1778
-1767
-1712
-1612
-1466
-1276
-1041
-764
-447
-96
282
681
1091
1501
1901
2278
2621
2919
3165
3349
3466
3513
3489
3395
3235
3015
2743
2430
2087
1727
1362
1007
671
366
98
-126
-308
-447
-546
-611
-650
-671
-681
-689
-702
-726
-764
-819
-893
-983
-1088
-1203
-1325
-1447
-1565
-1673
-1767
-1843
-1897
-1927
-1933
-1915
-1874
-1811
-1730
-1632
-1521
-1400
-1272
-1139
-1004
-870
-739
-613
-494
-382
-279
-184
-96
-13
66
145
227
313
405
505
613
729
850
976
1102
1225
1342
1449
1542
1618
1676
1712
1726
1715
1681
1621
1537
1429
1297
1144
969
777
568
347
118
-114
-346
-572
-786
-982
-1156
-1301
-1414
-1493
-1534
-1538
-1504
-1437
-1337
-1211
-1062
-896
-718
-533
-346
-160
21
197
366
528
683
830
970
1104
1233
1355
1473
1587
1695
1796
1890
1972
2039
2085
2106
2094
2045
1954
1818
1636
1409
1141
837
505
155
-203
-560
-904
-1228
-1522
-1780
-1998
-2173
-2302
-2386
-2426
-2422
-2378
-2296
-2179
-2031
-1854
-1653
-1432
-1195
-946
-691
-435
-187
47
261
446
595
703
764
777
740
657
533
375
192
-5
-207
-402
-581
-737
-862
-953
-1009
-1031
-1019
-980
-919
-841
-754
-665
-580
-503
-440
-394
-364
-351
-353
-366
-386
-407
-423
-428
-417
-387
-333
-255
-154
-31
109
263
425
589
749
900
1038
1160
1263
1346
1409
1452
1476
1484
1475
1451
1413
1360
1293
1210
1111
996
862
710
541
356
157
-52
-267
-484
-697
-898
-1081
-1241
-1371
-1465
-1521
-1535
-1504
-1428
-1308
-1145
-944
-707
-442
-154
147
455
760
1052
1322
1561
1759
1911
2010
