105
100
93
85
76
66
56
46
36
27
19
12
6
1
-2
-4
-5
-6
-6
-5
-4
-3
-3
-4
-6
-9
-14
-21
-30
-41
-54
-68
-85
-104
-124
-146
-169
-193
-218
-242
-265
-287
-307
-324
-338
-348
-354
-355
-352
-343
-330
-311
-287
-259
-225
-187
-145
-99
-50
0
54
108
163
216
268
316
360
398
429
453
468
475
472
460
440
411
375
334
287
238
186
133
81
30
-17
-61
-102
-138
-169
-195
-217
-234
-247
-256
-262
-265
-266
-264
-259
-252
-244
-233
-220
-206
-190
-172
-153
-133
-113
-93
-73
-55
-37
-22
-8
3
12
20
26
30
33
36
39
42
46
51
57
64
73
83
92
101
110
116
121
123
123
120
115
107
97
86
74
61
47
34
21
9
-2
-13
-23
-34
-45
-57
-70
-83
-97
-112
-127
-142
-155
-167
-176
-183
-186
-185
-180
-171
-158
-141
-121
-98
-72
-45
-16
12
41
69
95
119
141
160
176
190
201
209
215
218
220
220
219
216
212
207
201
194
187
179
169
159
148
136
122
108
93
77
61
46
32
20
10
2
-2
-4
-4
-1
3
8
15
21
27
32
34
35
32
26
18
6
-8
-25
-44
-63
-84
-104
-123
-140
-154
-165
-171
-173
-169
-159
-143
-121
-94
-61
-24
14
53
92
128
158
183
200
208
209
201
187
167
143
117
91
68
47
32
23
21
25
36
53
73
97
121
145
167
185
199
207
210
206
195
179
157
130
99
64
27
-11
-51
-90
-129
-166
-201
-233
-262
-288
-311
-331
-348
-361
-372
-380
-385
-388
-388
-385
-379
-371
-359
-343
-325
-303
-279
-251
-221
-189
-155
-120
-85
-50
-17
11
36
56
69
74
70
59
39
10
-23
-63
-107
-152
-197
-239
-277
-309
-334
-352
-363
-366
-363
-353
-339
-320
-296
-269
-239
-206
-169
-128
-84
-37
13
67
124
182
241
299
355
407
455
496
530
556
573
580
579
569
551
526
495
461
424
386
348
311
276
243
212
184
157
133
109
86
62
38
13
-13
-42
-72
-102
-133
-163
-191
-217
-240
-258
-271
-280
-283
-282
-276
-267
-256
-243
-229
-216
-204
-194
-186
-179
-175
-172
-171
-172
-173
-175
-177
-178
-179
-178
-176
-170
-160
-146
-126
-101
-70
-33
9
56
105
157
207
255
298
333
359
374
376
367
345
311
268
218
165
111
61
18
-14
-33
-38
-28
-3
34
83
139
198
256
309
354
388
409
415
407
385
352
310
262
209
157
106
60
19
-14
-40
-59
-72
-80
-84
-85
-86
-87
-88
-92
-97
-104
-112
-120
-128
-133
-134
-131
-122
-106
-82
-51
-13
31
81
135
190
246
298
346
388
420
442
452
450
434
406
365
312
250
180
105
27
-50
-126
-197
-261
-317
-363
-399
-425
-441
-449
-450
-446
-437
-426
-414
-402
-391
-380
-370
-359
-348
-335
-319
-299
-276
-249
-217
-183
-145
-107
-68
-30
4
36
64
88
105
118
124
126
123
117
107
96
82
68
53
37
22
6
-8
-24
-40
-55
-71
-87
-103
-118
-133
-146
-157
-166
-171
-172
-169
-160
-146
-127
-103
-75
-43
-10
23
57
88
116
139
158
172
181
185
185
181
174
166
156
146
137
128
120
114
109
106
104
103
103
104
104
104
103
101
98
93
85
76
65
51
34
16
-4
-27
-51
-75
-100
-124
-147
-167
-184
-197
-205
-208
-205
-196
-181
-161
-135
-105
-72
-38
-5
26
54
76
91
98
96
85
65
38
4
-35
-78
-123
-166
-207
-242
-272
-293
-306
-311
-306
-293
-272
-245
-212
-174
-133
-89
-43
3
50
98
146
194
241
287
332
376
417
455
489
518
541
557
565
563
551
528
495
453
401
341
276
208
138
70
5
-54
-106
-150
-186
-213
-230
-240
-243
-240
-233
-222
-209
-195
-181
-167
-154
-142
-130
-119
-108
-97
-86
-74
-62
-50
-38
-26
-14
-5
2
8
11
12
11
7
1
-6
-15
-25
-36
-47
-57
-67
-77
-85
-92
-97
-101
-104
-106
-107
-109
-110
-112
-115
-119
-123
-128
-133
-138
-141
-144
-144
-142
-136
-127
-113
-94
-70
-42
-11
23
60
98
135
170
201
228
249
264
272
273
268
256
239
218
192
165
135
105
75
47
19
-4
-26
-45
-60
-72
-81
-85
-87
-85
-80
-72
-62
-51
-38
-24
-10
2
14
25
32
37
38
35
29
19
5
-11
-31
-53
-76
-99
-121
-141
-159
-173
-182
-187
-187
-183
-174
-162
-146
-129
-110
-91
-72
-53
-35
-19
-4
9
21
32
42
51
60
68
76
84
93
101
108
115
121
125
126
125
121
114
104
91
75
57
38
19
0
-16
-30
-41
-48
-50
-48
-40
-29
-13
6
28
52
79
105
132
159
184
208
229
248
262
273
279
280
275
264
246
221
189
151
106
56
2
-53
-110
-166
-218
-264
-303
-333
-353
-361
-357
-342
-315
-279
-233
-181
-123
-61
1
64
125
183
237
287
332
372
407
436
460
479
492
501
505
503
496
482
463
437
403
361
312
254
188
115
35
-48
-136
-225
-313
-399
-480
-554
-620
-676
-721
-753
-773
-780
-776
-759
-733
-697
-654
-607
-556
-504
-453
-405
-361
-321
-287
-259
-235
-216
-200
-185
-170
-154
-134
-111
-84
-51
-13
28
74
121
169
216
259
297
328
350
362
364
354
333
301
259
207
148
82
12
-58
-129
-196
-259
-313
-359
-393
-415
-425
-422
-405
-376
-335
-283
-221
-150
-73
7
92
177
260
341
416
484
544
595
635
663
680
684
677
657
627
587
538
481
418
351
280
207
134
61
-8
-75
-139
-197
-250
-296
-336
-368
-393
-410
-419
-421
-417
-407
-391
-372
-349
-324
-299
-274
-250
-228
-208
-192
-178
-169
-162
-157
-155
-155
-155
-155
-155
-154
-152
-148
-142
-133
-123
-110
-95
-77
-57
-34
-9
17
46
76
108
141
174
207
239
271
302
332
360
386
411
433
454
471
487
499
507
512
512
507
497
480
456
425
387
344
294
241
185
129
74
22
-24
-65
-98
-124
-141
-150
-152
-146
-135
-119
-98
-74
-48
-20
8
36
64
90
114
135
153
167
178
184
187
185
179
168
155
137
117
94
70
44
18
-6
-31
-54
-75
-95
-111
-126
-137
-147
-153
-157
-157
-155
-150
-142
-131
-118
-102
-83
-63
-42
-20
1
22
42
59
74
86
95
100
101
99
93
84
73
60
45
28
11
-5
-23
-42
-61
-81
-101
-123
-146
-170
-194
-219
-243
-266
-287
-305
-321
-333
-341
-345
-345
-341
-334
-323
-311
-296
-280
-264
-246
-228
-210
-191
-171
-151
-130
-109
-87
-66
-44
-23
-4
13
30
44
55
65
71
75
76
75
72
67
61
54
47
40
34
29
26
25
27
31
37
46
56
69
82
97
113
129
144
159
173
186
196
204
210
211
209
204
194
180
162
140
114
84
50
14
-25
-67
-110
-153
-195
-235
-272
-304
-330
-349
-361
-364
-359
-346
-325
-298
-265
-229
-190
-150
-111
-74
-40
-10
15
36
54
69
81
93
106
121
139
159
183
211
240
270
300
328
352
371
383
386
381
366
342
310
270
223
173
119
65
11
-39
-86
-128
-164
-194
-216
-232
-240
-241
-236
-225
-208
-187
-162
-133
-104
-73
-44
-16
9
31
49
63
72
78
79
77
73
67
61
55
50
47
47
49
53
60
69
79
90
101
111
121
129
135
140
141
141
137
131
121
109
94
77
57
37
15
-5
-26
-46
-64
-79
-92
-101
-107
-110
-110
-106
-100
-92
-82
-71
-59
-48
-37
-28
-20
-13
-9
-6
-5
-5
-8
-11
-16
-23
-30
-38
-47
-55
-64
-72
-79
-85
-90
-93
-94
-94
-93
-90
-85
-80
-73
-65
-57
-47
-37
-27
-16
-6
3
13
22
31
39
46
52
57
62
64
66
65
63
58
52
44
35
25
15
4
-5
-14
-21
-27
-31
-33
-33
-31
-28
-23
-18
-12
-8
-4
-3
-4
-8
-14
-22
-33
-44
-56
-68
-77
-85
-89
-89
-85
-78
-66
-52
-35
-16
2
21
39
55
69
78
85
87
85
79
70
58
43
26
7
-11
-32
-52
-74
-96
-117
-139
-161
-183
-204
-225
-243
-260
-274
-284
-290
-291
-286
-275
-258
-233
-203
-166
-123
-76
-25
28
83
140
195
250
303
353
401
445
486
523
556
586
611
632
648
660
667
668
662
649
627
594
551
497
430
351
261
161
53
-61
-178
-297
-413
-524
-628
-721
-801
-867
-916
-947
-960
-954
-929
-887
-829
-757
-672
-578
-476
-369
-261
-153
-47
53
148
235
315
385
446
498
541
576
602
619
629
632
628
616
598
574
542
504
459
408
352
290
224
156
86
17
-48
-111
-168
-217
-257
-287
-307
-316
-315
-306
-288
-265
-237
-207
-176
-146
-117
-91
-67
-45
-27
-11
3
15
26
35
42
48
51
52
50
44
36
24
10
-7
-26
-46
-67
-87
-106
-123
-136
-146
-152
-153
-151
-144
-135
-124
-111
-97
-84
-71
-60
-51
-44
-40
-37
-36
-37
-38
-41
-43
-45
-46
-47
-47
-46
-43
-40
-36
-31
-25
-18
-10
-1
8
19
31
45
60
76
93
110
126
141
155
165
172
175
173
165
153
135
113
87
58
27
-4
-36
-68
-97
-125
-149
-171
-190
-207
-220
-231
-239
-245
-249
-250
-249
-245
-239
-231
-221
-210
-197
-185
-172
-161
-151
-143
-138
-136
-136
-139
-144
-152
-160
-168
-175
-181
-182
-180
-172
-157
-136
-109
-75
-35
10
59
110
163
216
268
316
360
399
432
458
477
488
493
490
480
464
444
419
391
362
333
304
277
253
232
216
203
193
186
182
178
175
170
162
151
136
116
91
62
28
-8
-46
-85
-121
-154
-182
-202
-215
-219
-215
-202
-182
-155
-125
-91
-57
-24
4
29
49
61
68
68
62
51
37
19
1
-17
-36
-52
-67
-80
-90
-97
-101
-103
-102
-99
-93
-86
-77
-68
-58
-48
-39
-30
-23
-18
-14
-13
-14
-17
-22
-28
-36
-44
-52
-61
-69
-76
-83
-90
-97
-105
-114
-125
-138
-152
-169
-188
-208
-229
-249
-268
-284
-296
-304
-307
-304
-297
-284
-268
-248
-226
-203
-179
-155
-132
-111
-91
-73
-56
-40
-25
-9
6
24
44
67
93
121
153
186
222
257
293
327
358
385
408
426
439
446
447
443
435
423
408
390
370
348
325
299
272
243
211
178
141
103
63
21
-20
-63
-106
-147
-186
-223
-257
-288
-314
-336
-354
-369
-379
-386
-390
-391
-390
-387
-382
-375
-367
-356
-342
-324
-302
-276
-244
-207
-166
-119
-69
-17
35
87
135
177
212
237
252
256
249
231
204
169
128
83
37
-9
-53
-94
-130
