-229
-145
-64
13
86
155
219
278
331
378
420
457
489
517
541
562
579
593
605
613
618
620
617
609
596
577
552
521
483
441
393
341
287
230
174
118
63
12
-36
-82
-123
-161
-195
-226
-252
-275
-293
-308
-319
-327
-330
-331
-329
-324
-318
-311
-303
-295
-287
-281
-277
-275
-275
-277
-283
-290
-300
-311
-322
-334
-343
-351
-354
-353
-345
-331
-311
-284
-251
-214
-174
-132
-91
-52
-18
10
32
46
52
50
43
30
15
0
-14
-24
-27
-22
-8
15
49
92
144
201
263
327
391
453
510
560
602
635
657
667
665
651
626
589
541
484
418
344
265
180
92
2
-87
-177
-263
-346
-422
-492
-553
-604
-644
-671
-685
-685
-671
-641
-596
-536
-462
-375
-277
-171
-59
54
167
275
375
464
538
597
638
661
667
656
629
590
539
480
414
345
274
204
135
70
9
-46
-96
-142
-183
-219
-250
-276
-298
-316
-329
-338
-343
-344
-341
-335
-326
-314
-299
-283
-265
-247
-228
-211
-194
-179
-165
-153
-144
-135
-128
-122
-116
-110
-103
-95
-85
-73
-59
-42
-23
-2
21
47
76
107
141
177
216
257
303
351
403
458
516
575
635
693
749
800
845
879
903
914
911
893
860
812
749
674
587
490
384
271
154
32
-92
-217
-343
-467
-588
-705
-816
-920
-1014
-1098
-1170
-1230
-1277
-1310
-1330
-1336
-1329
-1310
-1279
-1237
-1185
-1124
-1053
-976
-891
-799
-702
-598
-490
-377
-259
-138
-13
112
240
366
490
610
724
829
925
1008
1077
1130
1166
1185
1184
1165
1128
1075
1006
925
834
737
636
535
437
344
258
181
113
56
7
-33
-67
-97
-125
-154
-186
-222
-263
-310
-363
-419
-477
-535
-589
-636
-673
-695
-702
-690
-658
-606
-534
-443
-337
-217
-88
44
177
305
422
525
609
671
708
718
703
661
597
513
413
303
187
72
-37
-138
-226
-298
-353
-392
-414
-423
-421
-410
-393
-373
-352
-331
-313
-297
-283
-270
-259
-247
-235
-220
-202
-180
-155
-126
-94
-59
-21
16
56
95
134
171
206
238
266
290
309
323
332
335
334
327
316
301
283
262
240
216
194
172
154
140
131
128
132
143
160
182
208
235
262
286
303
314
314
304
282
248
205
152
92
29
-36
-100
-160
-214
-259
-294
-318
-331
-333
-324
-307
-283
-253
-221
-188
-155
-124
-97
-73
-54
-40
-30
-24
-23
-26
-34
-46
-62
-83
-109
-139
-173
-210
-249
-289
-328
-364
-398
-425
-447
-461
-467
-464
-452
-432
-403
-367
-324
-276
-223
-166
-108
-50
5
58
106
147
182
209
229
242
250
254
257
259
263
270
281
296
316
340
368
399
431
464
495
522
543
555
556
545
519
477
421
350
268
177
80
-16
-110
-197
-273
-334
-380
-410
-423
-422
-408
-384
-352
-317
-280
-245
-213
-187
-167
-154
-148
-146
-149
-153
-158
-161
-161
-156
-145
-128
-106
-78
-47
-13
20
52
81
106
126
140
148
151
150
146
142
138
136
138
145
155
170
188
207
226
243
256
263
261
251
230
199
158
108
51
-10
-75
-138
-197
-250
-292
-322
-337
-337
-321
-290
-245
-188
-121
-47
30
109
186
259
325
381
428
462
484
491
485
464
427
376
311
231
139
35
-77
-197
-321
-446
-567
-683
-789
-882
-960
-1021
-1064
-1087
-1090
-1075
-1041
-989
-922
-841
-747
-642
-528
-406
-278
-145
-10
127
264
400
532
659
779
889
987
1073
1145
1201
1242
1267
1278
1275
1259
1233
1197
1153
1102
1045
980
909
830
743
648
543
429
307
179
45
-89
-224
-356
-481
-597
-701
-793
-871
-936
-987
-1025
-1051
-1067
-1075
-1074
-1067
-1054
-1035
-1010
-980
-944
-902
-854
-799
-738
-671
-601
-526
-451
-375
-302
-232
-168
-110
-61
-19
15
43
66
86
104
123
145
171
203
242
287
338
396
457
521
586
649
709
763
809
846
873
889
894
887
869
841
803
756
701
638
570
496
417
334
249
162
75
-10
-92
-169
-239
-301
-353
-394
-424
-444
-453
-453
-447
-437
-424
-412
-402
-397
-396
-401
-411
-426
-443
-460
-477
-489
-496
-495
-485
-465
-433
-391
-339
-277
-207
-131
-51
29
109
186
257
318
369
407
431
441
436
417
385
341
289
231
169
107
47
-6
-52
-89
-113
-125
-123
-109
-84
-49
-6
41
93
145
196
243
284
318
344
361
369
368
358
342
319
292
262
230
199
169
142
119
99
81
67
53
39
24
6
-15
-42
-73
-109
-147
-188
-231
-273
-314
-353
-389
-421
-449
-474
-495
-513
-528
-541
-552
-561
-569
-574
-575
-573
-565
-550
-526
-493
-451
-397
-334
-261
-181
-94
-4
86
176
263
343
416
480
535
579
614
639
655
664
665
660
647
627
601
566
524
474
416
351
281
206
128
50
-26
-98
-164
-222
-271
-310
-339
-356
-364
-363
-355
-340
-320
-298
-274
-251
-230
-211
-196
-184
-177
-172
-169
-168
-165
-161
-152
-139
-120
-94
-61
-23
19
64
109
152
189
218
237
243
237
219
189
149
102
51
0
-47
-88
-119
-138
-144
-134
-110
-71
-19
44
117
196
278
359
436
505
561
603
628
633
618
583
528
455
366
264
153
37
-79
-192
-296
-388
-464
-523
-563
-583
-586
-574
-549
-516
-479
-441
-405
-374
-349
-331
-319
-311
-304
-297
-285
-266
-237
-194
-137
-64
23
126
240
365
494
625
752
872
980
1073
1147
1201
1234
1244
1233
1200
1147
1073
981
872
745
602
444
272
89
-104
-305
-509
-714
-915
-1106
-1285
-1446
-1586
-1702
-1790
-1849
-1878
-1877
-1846
-1787
-1703
-1594
-1466
-1322
-1164
-997
-825
-649
-475
-303
-135
25
181
329
471
608
741
872
1000
1129
1258
1387
1516
1645
1770
1889
1999
2097
2178
2238
2272
2277
2248
2183
2080
1938
1758
1544
1298
1027
737
435
130
-171
-461
-734
-983
-1205
-1397
-1557
-1686
-1783
-1852
-1894
-1913
-1910
-1890
-1855
-1806
-1746
-1676
-1595
-1505
-1405
-1294
-1173
-1042
-901
-752
-597
-436
-274
-112
45
196
337
466
580
678
758
818
859
880
881
862
824
770
700
618
527
428
326
225
127
35
-48
-120
-181
-229
-265
-288
-301
-303
-297
-284
-265
-243
-217
-190
-163
-135
-107
-80
-53
-28
-3
21
45
68
91
115
138
161
186
211
237
265
295
325
357
389
419
447
469
486
494
491
477
451
413
362
302
232
157
79
0
-74
-145
-207
-261
-304
-337
-360
-375
-384
-388
-390
-393
-399
-409
-426
-449
-478
-513
-550
-589
-626
-658
-683
-699
-705
-700
-684
-656
-620
-575
-524
-468
-409
-348
-287
-226
-165
-105
-45
12
70
126
181
234
283
330
371
407
438
462
480
492
499
502
503
501
500
499
501
507
519
537
561
594
633
679
729
782
835
885
927
958
975
973
950
904
833
739
621
482
325
155
-23
-206
-386
-559
-717
-856
-971
-1060
-1119
-1148
-1147
-1118
-1064
-988
-895
-791
-680
-568
-460
-359
-269
-191
-127
-77
-40
-13
4
18
29
42
58
80
109
144
184
229
275
320
361
395
422
438
444
439
425
403
375
342
308
274
242
213
187
166
148
133
120
108
96
82
67
49
28
4
-20
-47
-75
-103
-130
-156
-180
-202
-224
-245
-268
-294
-324
-359
-402
-452
-510
-575
-648
-725
-805
-885
-963
-1034
-1096
-1145
-1180
-1196
-1193
-1170
-1126
-1062
-977
-875
-756
-624
-481
-330
-173
-13
146
307
466
625
784
943
1105
1272
1444
1621
1805
1994
2186
2379
2567
2745
2908
3049
3161
3236
3269
3254
3188
3069
2895
2670
2397
2082
1730
1350
951
540
125
-284
-684
-1067
-1428
-1764
-2071
-2346
-2588
-2795
-2965
-3097
-3190
-3243
-3258
-3234
-3174
-3078
-2951
-2795
-2615
-2416
-2203
-1980
-1753
-1527
-1305
-1092
-888
-698
-520
-356
-206
-69
55
169
271
363
444
515
575
625
664
692
709
717
715
706
691
671
648
624
600
578
558
543
531
522
516
513
510
506
501
494
483
469
453
435
417
401
387
377
372
373
379
389
403
419
436
454
471
487
503
520
538
558
582
610
641
676
712
747
776
797
805
797
769
721
650
559
449
324
189
47
-95
-235
-368
-490
-600
-695
-777
-845
-900
-945
-981
-1011
-1036
-1058
-1077
-1095
-1109
-1121
-1127
-1127
-1119
-1101
-1072
-1031
-978
-913
-837
-751
-659
-561
-461
-360
-262
-167
-77
5
82
151
214
268
315
354
385
407
422
428
425
416
401
381
357
331
303
276
249
223
197
172
148
123
99
74
47
18
-13
-48
-87
-131
-179
-232
-288
-345
-402
-456
-504
-542
-569
-580
-574
-548
-502
-434
-344
-234
-105
40
201
372
550
731
908
1076
1229
1362
1469
1544
1586
1590
1557
1488
1385
1252
1095
918
730
535
340
150
-30
-199
-353
-490
-610
-713
-798
-866
-918
-954
-974
-980
-973
-953
-922
-881
-832
-777
-717
-652
-586
-518
-448
-378
-307
-234
-158
-77
9
104
207
321
444
576
714
855
993
1123
1239
1332
1397
1429
1424
1379
1296
1178
1027
853
660
458
253
54
-135
-311
-470
-612
-737
-847
-944
-1031
-1108
-1179
-1243
-1301
-1353
-1396
-1429
-1449
-1455
-1444
-1414
-1365
-1296
-1207
-1100
-976
-838
-688
-531
-368
-203
-37
126
287
445
599
748
892
1029
1158
1277
1384
1475
1547
1598
1626
1627
1604
1554
1481
1387
1276
1150
1015
875
735
597
466
344
233
134
50
-20
-78
-123
-158
-183
-202
-217
-229
-241
-254
-271
-290
-314
-341
-371
-404
-439
-474
-509
-542
-572
-599
-622
-640
-652
-657
-655
-645
-626
-598
-561
-515
-463
-404
-342
-279
-216
-157
-103
-56
-18
11
31
43
46
42
32
18
0
-21
-45
-71
-99
-129
-161
-196
-232
-269
-307
-344
-378
-407
-431
-447
-454
-451
-438
-415
-382
-340
-291
-237
-179
-120
-60
-1
56
111
164
215
263
308
350
387
419
443
458
462
453
430
392
340
274
196
109
16
-77
-168
-251
-320
-371
-400
-403
-377
-323
-239
-129
4
156
321
490
658
815
954
1069
1154
1204
1216
1189
1123
1020
885
722
538
340
136
-65
-258
-433
-586
-712
-806
-867
-895
-893
-862
-808
-736
-651
-560
-468
-381
-300
-230
-172
-125
-89
-64
-46
-35
-28
-25
-23
-22
-22
-21
-20
-18
-15
-12
-8
-4
0
5
10
13
14
11
3
-9
-30
-58
-94
-136
-183
-233
-282
-328
-367
-395
-409
-405
-381
-337
-272
-188
-87
25
146
269
390
500
597
675
732
765
775
762
728
675
607
528
442
350
259
169
83
5
-65
-127
-181
-227
-267
-301
-333
-363
-393
-424
-458
-493
-530
-567
-603
-635
-662
-683
-694
-694
-683
-658
-619
-566
-498
-417
-323
-217
-102
19
148
281
416
552
687
820
950
1075
1192
1301
1398
1482
1549
1598
1626
1631
1609
1559
1480
1370
1229
1057
855
627
377
109
-168
-449
-724
-984
-1221
-1427
-1594
-1717
-1793
-1819
-1795
-1724
-1609
