212
510
788
1037
1249
1419
1542
1619
1650
1641
1598
1529
1445
1353
1265
1185
1120
1071
1038
1019
1007
994
973
932
864
761
617
429
197
-76
-386
-725
-1081
-1446
-1805
-2148
-2461
-2734
-2957
-3120
-3218
-3244
-3198
-3079
-2889
-2634
-2321
-1957
-1553
-1121
-671
-214
239
682
1104
1503
1872
2211
2518
2794
3040
3256
3443
3603
3734
3835
3904
3938
3934
3887
3794
3650
3452
3198
2888
2523
2106
1645
1147
624
89
-443
-959
-1445
-1888
-2277
-2605
-2867
-3060
-3184
-3240
-3232
-3163
-3038
-2860
-2636
-2368
-2065
-1732
-1376
-1006
-631
-260
95
427
726
982
1189
1342
1437
1475
1456
1384
1267
1109
921
711
488
259
31
-188
-397
-590
-765
-922
-1058
-1173
-1267
-1340
-1389
-1416
-1419
-1397
-1350
-1277
-1179
-1058
-914
-752
-575
-390
-204
-23
143
289
407
493
542
554
529
471
384
275
152
22
-105
-224
-327
-410
-468
-499
-502
-478
-427
-352
-255
-138
-5
142
301
470
646
828
1012
1197
1380
1557
1727
1885
2029
2155
2262
2347
2409
2446
2459
2446
2407
2342
2249
2130
1982
1805
1599
1365
1103
816
507
181
-156
-499
-841
-1175
-1494
-1791
-2059
-2295
-2492
-2650
-2765
-2840
-2876
-2876
-2845
-2788
-2712
-2620
-2519
-2412
-2301
-2188
-2073
-1955
-1832
-1701
-1561
-1409
-1243
-1061
-863
-650
-423
-184
61
312
561
805
1037
1254
1452
1627
1776
1899
1996
2068
2117
2145
2155
2149
2130
2097
2051
1990
1912
1813
1689
1538
1355
1139
891
610
300
-34
-387
-750
-1115
-1473
-1814
-2129
-2408
-2643
-2829
-2960
-3032
-3045
-2999
-2897
-2743
-2543
-2305
-2037
-1747
-1444
-1135
-829
-531
-246
22
273
504
715
904
1073
1220
1345
1447
1524
1578
1607
1613
1599
1569
1527
1480
1435
1398
1376
1374
1394
1439
1510
1604
1716
1843
1978
2113
2240
2351
2438
2494
2512
2486
2413
2291
2121
1905
1648
1357
1040
707
367
29
-297
-607
-895
-1159
-1395
-1604
-1786
-1941
-2069
-2169
-2242
-2287
-2301
-2284
-2236
-2157
-2047
-1911
-1752
-1574
-1386
-1193
-1004
-826
-667
-534
-432
-363
-330
-332
-364
-423
-502
-592
-685
-773
-848
-905
-937
-942
-918
-864
-782
-675
-545
-396
-232
-56
126
313
499
683
859
1026
1179
1316
1434
1530
1602
1649
1670
1665
1634
1580
1504
1412
1306
1191
1072
954
842
739
648
572
511
466
435
416
404
396
387
370
342
296
228
136
18
-125
-294
-483
-689
-906
-1125
-1341
-1546
-1731
-1891
-2020
-2111
-2163
-2172
-2136
-2057
-1935
-1774
-1576
-1347
-1093
-820
-534
-243
45
325
591
836
1055
1245
1402
1524
1610
1659
1674
1654
1604
1526
1424
1303
1165
1017
861
702
541
382
225
71
-77
-223
-365
-503
-637
-767
-893
-1012
-1124
-1227
-1320
-1402
-1470
-1523
-1561
-1584
-1590
-1581
-1555
-1512
-1452
-1375
-1279
-1162
-1024
-863
-680
-476
-253
-15
232
482
726
955
1160
1331
1461
1543
1570
1540
1452
1305
1104
852
555
223
-135
-510
-890
-1261
-1612
-1929
-2200
-2413
-2559
-2629
-2617
-2520
-2338
-2072
-1728
-1314
-843
-327
217
774
1326
1855
2345
2781
3151
3445
3657
3782
3822
3776
3651
3451
3185
2860
2487
2077
1641
1192
744
310
-97
-466
-786
-1050
-1252
-1389
-1462
-1473
-1427
-1331
-1192
-1019
-820
-604
-378
-149
75
292
495
680
842
977
1080
1148
1178
1166
1113
1017
881
707
501
270
21
-236
-493
-738
-961
-1155
-1310
-1423
-1488
-1506
-1477
-1405
-1296
-1156
-995
-819
-638
-460
-290
-134
3
120
217
293
350
390
415
428
431
427
416
400
378
352
322
288
252
214
177
143
114
91
76
70
76
92
121
161
212
276
350
433
524
621
718
813
900
974
1029
1061
1065
1039
981
891
771
625
457
274
80
-119
-318
-514
-703
-886
-1061
-1229
-1391
-1546
-1696
-1838
-1971
-2092
-2195
-2277
-2331
-2352
-2336
-2277
-2172
-2020
-1821
-1575
-1286
-960
-602
-222
170
565
951
1314
1643
1927
2154
2314
2400
2407
2330
2170
1930
1614
1233
798
326
-166
-658
-1131
-1562
-1934
-2230
-2436
-2541
-2541
-2434
-2223
-1916
-1522
-1054
-526
44
643
1254
1860
2446
2997
3497
3932
4289
4556
4723
4783
4732
4569
4298
3928
3468
2934
2342
1711
1060
405
-234
-845
-1415
-1934
-2395
-2793
-3124
-3389
-3586
-3719
-3790
-3803
-3762
-3672
-3540
-3372
-3175
-2955
-2718
-2472
-2221
-1971
-1726
-1491
-1268
-1060
-867
-690
-528
-379
-243
-115
6
125
244
367
493
626
766
911
1060
1212
1362
1506
1642
1763
1865
1944
1995
2015
2002
1953
1869
1749
1596
1412
1203
974
731
480
229
-15
-247
-462
-656
-824
-967
-1085
-1177
-1246
-1296
-1327
-1343
-1346
-1337
-1317
-1286
-1244
-1190
-1123
-1044
-951
-847
-729
-601
-461
-309
-146
27
215
416
632
863
1109
1369
1640
1918
2198
2473
2732
2967
3165
3315
3407
3430
3378
3247
3037
2751
2398
1990
1540
1064
578
100
-358
-784
-1169
-1507
-1795
-2033
-2223
-2367
-2471
-2540
-2578
-2590
-2580
-2553
-2512
-2458
-2394
-2321
-2240
-2153
-2059
-1958
-1851
-1736
-1612
-1479
-1335
-1179
-1011
-829
-634
-427
-210
13
239
464
681
885
1070
1229
1357
1452
1508
1526
1505
1447
1353
1229
1079
907
721
526
328
132
-54
-229
-388
-525
-640
-729
-792
-829
-842
-832
-802
-757
-700
-636
-569
-504
-443
-390
-346
-312
-288
-272
-262
-256
-251
-242
-228
-206
-173
-131
-78
-17
50
120
190
257
316
366
404
430
443
446
441
431
421
414
416
428
456
501
562
641
734
838
948
1058
1161
1252
1322
1367
1380
1358
1296
1193
1048
862
637
374
79
-241
-582
-935
-1290
-1637
-1965
-2261
-2516
-2717
-2856
-2926
-2920
-2837
-2676
-2440
-2136
-1771
-1355
-899
-414
85
590
1089
1573
2033
2463
2854
3203
3503
3751
3941
4070
4135
4132
4061
3921
3716
3448
3124
2752
2344
1910
1465
1021
594
195
-162
-471
-725
-920
-1060
-1149
-1197
-1216
-1220
-1224
-1242
-1287
-1367
-1488
-1651
-1851
-2080
-2327
-2575
-2811
-3018
-3180
-3286
-3326
-3295
-3189
-3013
-2771
-2474
-2133
-1762
-1374
-985
-608
-252
70
355
598
797
952
1065
1141
1185
1201
1195
1173
1140
1102
1062
1026
998
981
978
993
1026
1079
1150
1238
1340
1452
1567
1680
1783
1870
1934
1969
1972
1939
1867
1759
1613
1435
1227
995
745
483
216
-48
-305
-549
-774
-978
-1157
-1309
-1435
-1536
-1612
-1666
-1702
-1723
-1734
-1737
-1739
-1742
-1750
-1764
-1787
-1818
-1854
-1894
-1931
-1962
-1979
-1977
-1949
-1892
-1800
-1672
-1507
-1307
-1073
-812
-526
-222
95
421
752
1083
1413
1737
2055
2364
2662
2945
3210
3451
3662
3836
3965
4040
4052
3994
3860
3648
3356
2991
2559
2074
1550
1004
455
-78
-582
-1040
-1444
-1787
-2066
-2282
-2440
-2546
-2608
-2633
-2630
-2606
-2566
-2515
-2456
-2392
-2322
-2248
-2169
-2084
-1995
-1900
-1801
-1698
-1592
-1485
-1377
-1271
-1166
-1064
-966
-870
-779
-691
-607
-528
-452
-382
-317
-257
-202
-153
-107
-65
-24
16
58
104
155
211
273
342
417
497
579
663
745
824
897
963
1020
1070
1113
1151
1186
1222
1262
1308
1364
1430
1509
1598
1697
1801
1907
2007
2097
2168
2212
2222
2191
2114
1987
1808
1577
1298
975
616
232
-167
-569
-962
-1331
-1665
-1953
-2184
-2351
-2448
-2472
-2423
-2301
-2112
-1864
-1566
-1230
-868
-494
-123
230
555
837
1067
1237
1340
1375
1339
1236
1069
845
572
262
-75
-427
-779
-1119
-1432
-1706
-1930
-2094
-2190
-2216
-2168
-2050
-1866
-1624
-1332
-1003
-649
-282
85
442
779
1087
1360
1593
1784
1933
2040
2109
2143
2146
2124
2081
2022
1951
1873
1789
1703
1615
1525
1435
1343
1247
1147
1041
926
800
659
502
325
127
-92
-333
-592
-866
-1149
-1432
-1708
-1966
-2198
-2394
-2548
-2654
-2707
-2706
-2651
-2547
-2396
-2205
-1983
-1738
-1478
-1214
-955
-709
-485
-289
-126
1
92
147
171
166
139
95
43
-11
-63
-106
-135
-147
-141
-116
-72
-11
65
153
251
355
461
568
674
775
872
963
1048
1124
1193
1252
1302
1341
1368
1382
1382
1366
1334
1285
1219
1137
1039
928
807
678
545
412
282
161
52
-42
-119
-179
-219
-241
-247
-239
-219
-193
-164
-137
-116
-103
-104
-119
-150
-197
-261
-339
-429
-530
-636
-746
-855
-960
-1059
-1149
-1227
-1291
-1342
-1379
-1401
-1409
-1404
-1387
-1360
-1322
-1276
-1221
-1158
-1087
-1008
-920
-823
-717
-601
-477
-345
-205
-60
88
240
393
544
692
836
975
1106
1229
1341
1441
1527
1595
1641
1661
1652
1609
1527
1406
1243
1039
796
521
218
-101
-430
-757
-1071
-1361
-1617
-1828
-1987
-2087
-2124
-2094
-1998
-1838
-1618
-1347
-1033
-688
-325
43
404
744
1052
1318
1535
1696
1801
1849
1845
1794
1704
1583
1442
1290
1135
984
844
719
610
518
444
384
336
298
265
235
205
173
138
99
57
13
-31
-75
-118
-159
-197
-234
-269
-306
-343
-383
-426
-470
-516
-559
-598
-630
-652
-660
-655
-635
-602
-557
-502
-444
-385
-330
-283
-248
-226
-218
-223
-238
-260
-283
-301
-309
-300
-272
-220
-144
-44
75
210
355
499
636
756
850
911
935
917
858
758
623
459
276
84
-105
-282
-435
-555
-634
-668
-654
-591
-482
-332
-145
69
306
555
808
1057
1295
1515
1709
1872
2000
2087
2131
2129
2082
1988
1850
1670
1451
1197
914
606
281
-55
-396
-734
-1063
-1377
-1669
-1934
-2170
-2372
-2538
-2667
-2760
-2815
-2832
-2814
-2759
-2670
-2548
-2393
-2209
-1997
-1762
-1507
-1237
-958
-676
-396
-124
132
369
583
769
925
1050
1142
1204
1235
1237
1213
1165
1096
1008
906
792
671
546
421
300
188
88
5
-56
-95
-107
-90
-43
34
142
278
439
620
816
1020
1223
1415
1588
1732
1838
1897
1905
1855
1749
1586
1371
1110
813
490
153
-186
-516
-826
-1106
-1348
-1547
-1700
-1804
-1861
-1875
-1850
-1793
-1711
-1613
-1505
-1395
-1290
-1193
-1109
-1038
-981
-934
-896
-862
-827
-784
-730
-658
-566
-449
-308
-142
45
253
475
704
932
1153
1358
1538
1688
1800
1872
1898
1880
1816
1709
1563
1384
1178
953
718
481
251
36
-154
-317
-446
-538
-590
-605
-583
-528
-445
-339
-218
-89
41
164
274
363
428
464
470
447
396
322
230
126
17
-89
-190
-280
-356
-419
-469
-509
-543
-577
-614
-660
-718
-790
-878
-981
-1097
-1222
-1353
-1483
-1606
-1717
-1809
-1877
-1915
-1922
-1895
-1835
-1742
-1621
-1473
-1305
-1121
-924
-719
-508
-295
-81
131
343
553
760
963
1162
1355
1541
1720
1890
2049
2198
2333
2455
2562
2651
2723
2776
2809
2821
2811
2780
2728
2655
2564
2456
2334
2200
2057
1906
1748
1585
1416
1240
1056
863
661
450
229
0
-235
-475
-716
-955
-1191
-1419
-1638
-1844
-2036
-2211
-2368
-2502
-2614
-2700
-2760
-2793
-2798
-2774
-2725
-2650
-2554
-2438
-2308
-2168
-2021
-1872
-1725
-1580
-1439
-1303
-1168
-1033
-894
-747
-588
-415
-225
-18
204
442
688
937
1181
1412
1622
1802
1945
2045
2097
2099
2052
1958
1820
1646
1441
1216
978
736
499
274
68
-114
-268
-392
-485
-546
-578
-583
-564
-527
-474
-412
-345
-278
-216
-163
-123
-97
-89
-99
-127
-172
-232
-303
-382
-463
-541
-610
-664
-698
-707
-687
-637
-554
-440
-296
-128
60
263
473
683
885
1072
1237
1374
1479
1549
1581
1574
1529
1449
1336
1195
1031
851
660
464
269
80
-96
-257
-401
-524
-624
-702
-756
-786
-795
-782
-751
-703
-642
-571
-493
-414
-336
-265
-205
-161
-137
-136
