230
267
303
335
364
387
405
416
421
419
410
394
371
342
307
267
221
171
117
61
3
-55
-113
-170
-223
-273
-317
-354
-384
-407
-420
-425
-420
-406
-383
-352
-314
-268
-217
-162
-104
-46
12
68
120
167
208
242
269
289
301
305
303
296
283
266
247
226
205
184
164
146
130
116
104
95
87
81
75
69
63
57
50
41
30
18
4
-11
-27
-44
-62
-78
-94
-107
-117
-124
-127
-126
-121
-113
-101
-87
-70
-53
-36
-19
-5
6
14
18
17
12
1
-12
-30
-51
-74
-97
-119
-140
-158
-173
-184
-190
-193
-192
-188
-182
-173
-164
-153
-143
-132
-121
-109
-96
-81
-63
-41
-14
16
51
90
133
176
219
261
297
329
352
367
373
369
355
333
303
267
226
182
136
91
47
5
-31
-64
-92
-116
-134
-148
-158
-163
-166
-165
-162
-156
-149
-139
-129
-117
-105
-92
-79
-66
-53
-41
-30
-19
-9
-1
5
10
13
14
13
9
3
-5
-17
-32
-49
-68
-89
-110
-132
-153
-173
-190
-204
-214
-218
-218
-211
-199
-181
-158
-131
-100
-67
-34
0
30
59
85
108
126
141
152
161
168
174
180
187
194
203
213
224
235
246
255
262
265
263
255
241
220
192
159
120
76
29
-19
-68
-115
-161
-202
-237
-266
-289
-303
-310
-309
-301
-287
-267
-243
-216
-186
-155
-125
-95
-66
-40
-15
5
25
42
56
68
79
88
95
101
106
109
112
113
113
111
108
104
99
92
85
79
72
66
60
56
52
48
45
42
38
33
27
20
11
0
-11
-25
-40
-56
-72
-88
-103
-117
-129
-140
-147
-152
-154
-153
-150
-144
-135
-125
-114
-102
-90
-78
-66
-56
-47
-40
-34
-31
-28
-27
-27
-27
-26
-24
-20
-14
-6
5
19
36
56
79
103
128
153
177
199
218
234
245
251
252
248
238
224
207
187
166
145
126
109
95
85
79
78
80
86
93
102
110
117
122
122
118
108
93
73
47
18
-14
-47
-81
-112
-141
-164
-182
-193
-197
-194
-185
-169
-149
-125
-100
-74
-49
-28
-10
0
6
5
-1
-14
-32
-54
-78
-103
-126
-146
-162
-172
-175
-171
-159
-139
-113
-79
-40
3
51
101
152
202
250
292
329
357
376
385
383
369
345
310
267
217
161
103
43
-13
-68
-117
-159
-192
-217
-234
-241
-241
-234
-222
-206
-188
-170
-152
-137
-124
-116
-111
-112
-117
-126
-139
-156
-176
-198
-221
-245
-269
-292
-314
-334
-352
-369
-382
-393
-402
-407
-408
-405
-398
-386
-369
-347
-320
-288
-251
-210
-164
-116
-65
-12
42
96
150
202
253
300
343
383
417
446
470
487
499
505
505
499
487
469
446
418
386
350
312
273
233
195
159
126
98
75
57
44
36
32
32
35
39
42
45
45
42
35
23
5
-17
-45
-78
-114
-154
-196
-239
-280
-320
-356
-386
-411
-427
-436
-435
-426
-408
-381
-347
-307
-261
-213
-162
-111
-62
-15
28
66
100
127
149
166
178
185
189
190
190
188
186
184
181
179
177
174
171
167
162
157
151
146
140
135
132
131
132
136
144
155
170
187
206
226
246
264
279
289
294
292
281
262
235
199
156
108
56
3
-49
-98
-142
-178
-206
-225
-234
-235
-227
-213
-194
-173
-150
-129
-110
-94
-83
-75
-72
-71
-73
-76
-78
-80
-79
-76
-70
-62
-50
-37
-22
-6
10
26
41
54
66
76
84
91
95
98
101
102
104
105
107
109
112
115
118
121
124
127
128
129
129
126
122
115
105
92
76
56
33
8
-19
-48
-78
-107
-135
-160
-182
-198
-210
-215
-213
-205
-190
-170
-144
-114
-82
-48
-15
16
44
68
86
99
105
105
99
88
72
54
34
12
-9
-30
-51
-71
-88
-105
-119
-133
-144
-155
-164
-173
-181
-189
-197
-205
-214
-224
-235
-247
-261
-276
-293
-311
-330
-349
-368
-385
-401
-413
-421
-424
-423
-417
-406
-391
-371
-346
-319
-289
-256
-221
-184
-145
-106
-64
-22
21
66
111
157
203
248
292
334
373
408
439
465
485
498
506
509
506
499
489
477
464
450
437
424
412
400
387
374
358
339
316
288
255
216
172
123
70
15
-39
-93
-143
-188
-226
-255
-274
-283
-282
-272
-254
-229
-200
-169
-139
-111
-87
-71
-61
-61
-69
-86
-110
-141
-176
-213
-250
-284
-312
-333
-346
-347
-338
-319
-289
-250
-204
-152
-98
-42
12
63
111
152
187
215
235
248
255
256
252
244
233
219
204
187
170
152
134
117
100
83
68
55
43
34
27
23
21
23
26
33
42
54
67
83
100
119
138
156
175
192
207
219
228
233
234
230
221
206
187
164
136
105
72
38
5
-27
-58
-85
-109
-128
-143
-153
-158
-160
-157
-151
-143
-133
-121
-108
-94
-81
-68
-55
-43
-33
-23
-14
-7
-1
4
8
11
13
15
15
15
15
14
13
11
10
9
8
8
8
9
11
14
18
23
29
37
46
56
66
77
87
96
105
111
116
119
118
115
108
97
82
64
41
14
-16
-50
-88
-127
-168
-208
-247
-284
-317
-345
-367
-383
-392
-393
-387
-373
-352
-324
-290
-251
-207
-161
-112
-62
-13
35
81
125
164
199
229
253
270
281
285
282
273
258
238
214
185
154
122
88
55
24
-4
-30
-52
-69
-82
-90
-92
-91
-85
-75
-63
-50
-36
-24
-13
-5
-2
-2
-6
-14
-24
-37
-51
-65
-77
-88
-96
-101
-103
-102
-98
-92
-85
-77
-69
-63
-59
-56
-56
-57
-59
-60
-60
-58
-53
-44
-30
-13
7
31
57
83
108
130
148
161
169
170
164
153
136
114
88
61
33
5
-19
-41
-58
-70
-76
-78
-73
-64
-51
-35
-16
2
22
41
57
70
79
84
84
79
70
57
41
23
4
-14
-32
-49
-62
-72
-78
-79
-77
-71
-61
-48
-34
-18
-2
11
25
35
42
45
45
40
31
19
4
-11
-29
-48
-66
-82
-97
-109
-117
-123
-125
-123
-117
-108
-96
-81
-63
-44
-23
-1
20
43
65
87
108
127
145
161
175
186
195
201
205
207
208
207
206
204
201
198
194
190
185
179
172
163
152
140
126
110
91
70
48
23
-3
-31
-60
-90
-120
-150
-180
-210
-238
-264
-288
-310
-330
-346
-358
-366
-369
-368
-363
-352
-338
-320
-298
-273
-246
-216
-184
-150
-114
-75
-35
6
49
93
137
181
223
262
296
326
349
365
372
371
362
344
318
285
245
201
153
105
56
9
-33
-71
-102
-127
-144
-154
-157
-154
-144
-130
-112
-92
-70
-48
-27
-7
9
23
34
41
45
45
42
35
26
16
3
-10
-24
-39
-52
-64
-75
-82
-87
-89
-88
-83
-76
-66
-54
-41
-27
-13
0
14
28
40
51
61
70
76
81
84
84
82
78
71
61
49
34
17
0
-19
-39
-58
-76
-92
-105
-116
-122
-126
-126
-123
-118
-111
-103
-95
-88
-81
-75
-71
-68
-67
-66
-66
-66
-66
-64
-61
-57
-50
-41
-30
-17
-1
15
35
56
79
102
127
151
176
199
220
239
255
267
275
278
276
268
255
238
216
191
163
134
104
74
45
18
-5
-27
-46
-61
-73
-82
-89
-92
-93
-93
-90
-86
-80
-73
-64
-55
-45
-34
-23
-12
-2
6
13
19
23
25
25
22
16
9
0
-12
-25
-40
-56
-72
-87
-101
-114
-124
-130
-133
-131
-125
-115
-100
-82
-61
-38
-14
8
30
49
64
74
80
81
77
68
56
40
23
5
-11
-26
-37
-44
-45
-41
-30
-14
6
31
58
86
112
136
154
168
174
174
167
154
137
116
93
69
47
27
11
0
-9
-13
-14
-12
-9
-6
-3
-2
-3
-8
-15
-26
-41
-58
-78
-100
-123
-145
-167
-186
-203
-215
-223
-225
-222
-214
-201
-183
-162
-139
-114
-89
-66
-45
-27
-14
-6
-4
-6
-13
-23
-35
-48
-60
-70
-77
-79
-75
-66
-51
-29
-3
27
62
100
139
179
218
255
288
318
343
361
373
378
375
365
348
324
294
260
221
179
137
94
54
17
-15
-43
-65
-82
-93
-99
-101
-101
-100
-98
-99
-101
-107
-116
-129
-145
-164
-185
-207
-228
-247
-264
-276
-284
-286
-283
-275
-262
-247
-229
-211
-193
-178
-167
-159
-156
-158
-164
-173
-185
-198
-212
-225
-236
-246
-253
-257
-258
-256
-251
-243
-233
-221
-208
-192
-176
-158
-139
-117
-94
-67
-37
-4
33
74
119
168
218
269
320
369
415
455
489
515
533
542
542
533
515
490
458
421
381
338
295
253
214
178
146
120
98
81
69
61
57
56
57
60
64
68
73
79
85
91
98
104
110
115
119
119
116
108
94
73
44
7
-37
-89
-147
-210
-276
-342
-408
-469
-526
-574
-614
-643
-660
-666
-660
-642
-612
-573
-524
-468
-406
-341
-273
-206
-141
-79
-22
28
74
113
146
172
192
207
217
223
225
225
223
221
219
218
219
222
227
234
242
252
262
273
284
294
303
310
316
320
321
319
315
307
296
283
266
247
226
204
181
157
134
113
93
75
60
47
38
31
27
25
23
22
21
18
14
6
-4
-19
-37
-59
-83
-110
-137
-166
-193
-219
-242
-261
-277
-288
-294
-295
-292
-284
-271
-256
-237
-215
-192
-167
-140
-112
-84
-54
-24
5
36
66
95
123
149
172
193
210
223
233
239
242
241
237
231
222
213
202
190
179
168
157
147
138
130
121
113
105
95
85
73
60
46
30
12
-6
-25
-46
-68
-91
-114
-138
-162
-185
-209
-231
-251
-270
-286
-299
-309
-314
-315
-312
-305
-294
-280
-262
-242
-220
-198
-174
-150
-127
-104
-82
-61
-42
-24
-8
5
18
29
38
45
50
55
58
61
65
69
76
85
97
112
129
150
172
194
216
235
250
260
263
257
243
219
187
147
100
49
-4
-58
-109
-155
-194
-223
-243
-252
-250
-238
-217
-189
-156
-120
-82
-46
-12
17
41
61
74
81
84
82
76
67
56
44
32
20
9
-1
-11
-20
-28
-36
-43
-49
-54
-58
-62
-65
-66
-66
-64
-61
-55
-47
-36
-22
-5
13
34
57
81
105
128
148
165
177
184
185
180
167
148
123
93
59
21
-17
-57
-95
-131
-162
-188
-208
-220
-224
-220
-209
-189
-164
-133
-99
-62
-25
10
43
72
95
113
124
128
125
117
104
87
67
45
23
1
-20
-39
-57
-71
-82
-90
-94
-94
-90
-83
-73
-61
-47
-33
-18
-4
8
20
29
36
41
43
42
39
33
26
16
6
-4
-15
-25
-33
-39
-41
-40
-34
-25
-11
5
26
49
74
100
125
149
170
187
201
209
211
208
199
184
165
