-69
-65
-59
-51
-42
-31
-19
-6
6
19
32
45
56
67
78
87
96
104
111
118
125
131
136
140
143
145
145
143
139
133
124
114
102
89
75
60
45
31
17
5
-5
-15
-24
-31
-37
-42
-48
-53
-59
-66
-75
-85
-98
-113
-130
-148
-167
-186
-205
-222
-236
-247
-254
-258
-257
-252
-242
-229
-211
-191
-169
-144
-119
-93
-68
-44
-22
-2
14
29
41
49
54
56
55
51
45
35
23
9
-6
-23
-41
-60
-78
-95
-111
-124
-135
-143
-148
-150
-149
-145
-139
-130
-119
-106
-92
-76
-60
-43
-26
-9
8
25
41
57
73
87
101
113
125
135
143
149
154
156
156
154
150
143
134
124
111
97
82
66
49
32
15
0
-16
-31
-46
-59
-71
-82
-91
-99
-105
-109
-111
-111
-109
-104
-98
-91
-82
-73
-64
-56
-48
-42
-37
-34
-32
-31
-31
-32
-34
-35
-37
-39
-41
-43
-44
-45
-47
-49
-52
-55
-60
-65
-71
-78
-84
-90
-93
-94
-92
-87
-77
-62
-42
-19
8
39
73
108
143
176
207
234
255
269
276
276
267
251
228
199
167
132
98
66
37
14
-1
-9
-9
-2
11
31
55
82
109
135
157
173
183
185
179
164
142
112
76
36
-6
-51
-95
-136
-173
-205
-228
-244
-250
-246
-233
-212
-182
-147
-106
-63
-19
23
63
99
129
153
171
182
187
186
179
168
153
134
114
92
69
45
22
0
-22
-43
-63
-81
-97
-112
-123
-132
-137
-139
-136
-128
-116
-100
-79
-55
-29
-1
26
54
81
104
125
141
153
159
161
157
148
135
117
97
74
49
23
-1
-26
-49
-70
-88
-103
-115
-124
-129
-131
-131
-128
-122
-116
-108
-99
-90
-82
-74
-66
-59
-53
-47
-41
-35
-30
-24
-19
-13
-7
-1
4
10
15
21
25
29
33
34
35
34
32
28
23
17
11
5
0
-4
-8
-10
-10
-9
-6
-2
2
7
13
18
22
25
26
24
19
12
1
-11
-27
-45
-63
-82
-100
-116
-129
-138
-142
-141
-133
-120
-100
-74
-43
-8
29
69
109
147
182
213
237
255
266
269
266
258
244
228
209
190
172
154
138
123
110
98
86
74
60
44
26
4
-19
-45
-74
-104
-134
-164
-192
-217
-239
-257
-271
-281
-287
-289
-288
-283
-276
-267
-257
-245
-232
-220
-208
-198
-188
-179
-172
-165
-159
-153
-148
-141
-134
-125
-115
-103
-90
-76
-60
-43
-26
-8
9
26
43
59
74
89
105
120
136
153
171
191
212
234
256
277
298
315
329
339
342
338
327
307
280
244
202
153
99
43
-14
-70
-123
-170
-210
-241
-262
-272
-271
-260
-240
-212
-177
-138
-96
-54
-13
25
59
89
112
130
141
145
143
136
122
104
83
59
35
11
-10
-29
-43
-53
-56
-53
-45
-31
-13
9
33
59
86
111
135
156
174
189
201
211
217
221
224
225
225
223
220
215
207
196
182
164
141
113
81
45
6
-35
-79
-124
-167
-209
-248
-283
-313
-338
-357
-370
-377
-379
-376
-370
-360
-348
-335
-321
-308
-296
-286
-277
-269
-263
-258
-254
-249
-243
-236
-227
-215
-201
-183
-163
-139
-112
-83
-53
-20
12
45
77
109
139
166
191
213
233
250
264
277
288
298
306
314
320
325
327
328
325
319
308
294
274
251
223
192
158
123
87
53
21
-6
-29
-46
-56
-60
-58
-49
-35
-17
3
25
47
68
88
105
119
130
137
141
141
138
132
123
112
99
85
71
56
42
30
19
9
1
-4
-9
-13
-17
-20
-24
-28
-33
-38
-44
-51
-57
-64
-71
-77
-82
-86
-88
-87
-85
-80
-73
-65
-55
-46
-37
-30
-26
-25
-29
-38
-52
-70
-93
-120
-148
-178
-208
-235
-260
-279
-293
-301
-301
-294
-280
-260
-234
-203
-169
-134
-98
-63
-31
-2
21
40
54
62
64
61
53
41
26
9
-8
-27
-45
-61
-75
-87
-96
-102
-104
-104
-100
-94
-85
-73
-60
-45
-30
-15
-1
10
21
30
36
40
42
43
43
44
47
51
58
69
84
103
126
153
184
216
250
283
315
345
370
390
404
412
413
408
397
380
359
333
305
275
244
211
180
148
118
88
60
34
8
-15
-39
-62
-86
-109
-133
-158
-183
-209
-236
-263
-291
-318
-344
-369
-392
-413
-431
-446
-457
-465
-470
-470
-465
-457
-444
-427
-407
-382
-354
-324
-290
-255
-218
-180
-142
-105
-69
-35
-3
25
51
74
93
109
122
133
140
145
148
149
149
149
148
148
149
153
159
170
183
201
223
247
274
301
329
354
376
393
404
407
401
387
365
336
300
260
219
177
137
102
72
48
32
23
21
25
34
46
61
77
93
107
118
126
130
129
124
114
100
83
63
41
18
-3
-25
-44
-62
-76
-88
-97
-103
-107
-109
-109
-109
-109
-109
-110
-113
-116
-122
-128
-136
-145
-154
-163
-170
-177
-181
-183
-182
-178
-172
-163
-152
-138
-124
-107
-90
-73
-54
-36
-18
0
16
33
48
61
73
83
92
99
104
109
112
115
118
121
123
125
127
128
129
128
127
124
119
113
105
95
84
71
56
40
24
7
-9
-26
-42
-57
-71
-84
-96
-107
-118
-128
-138
-149
-159
-171
-182
-195
-207
-219
-231
-241
-248
-253
-255
-252
-245
-233
-216
-196
-172
-145
-115
-84
-53
-22
7
35
61
84
105
121
134
143
149
150
147
141
131
118
103
85
66
45
24
3
-16
-36
-54
-70
-84
-94
-102
-107
-109
-106
-101
-92
-79
-63
-45
-23
0
23
47
70
91
109
124
135
140
141
137
128
115
99
80
59
37
15
-4
-21
-35
-45
-51
-51
-47
-38
-25
-10
7
25
42
59
74
86
96
103
108
112
113
114
114
114
114
115
116
118
120
123
125
128
129
130
129
126
120
112
100
86
69
49
27
3
-21
-46
-71
-95
-117
-137
-154
-167
-176
-180
-179
-174
-164
-150
-133
-113
-92
-70
-48
-27
-6
11
28
43
57
69
80
90
99
107
115
122
128
133
137
138
136
131
121
107
89
65
37
5
-30
-68
-109
-150
-191
-231
-268
-303
-333
-359
-379
-392
-400
-400
-394
-382
-364
-341
-314
-283
-250
-215
-179
-143
-108
-74
-41
-11
15
40
62
81
97
110
122
131
140
147
154
161
169
176
184
193
202
212
222
231
241
250
258
265
271
274
276
274
270
263
253
240
224
205
183
160
136
111
85
60
36
14
-6
-24
-40
-52
-62
-68
-71
-72
-70
-66
-61
-56
-50
-45
-40
-37
-35
-35
-36
-38
-42
-46
-50
-54
-58
-60
-61
-61
-60
-57
-53
-49
-46
-43
-41
-42
-44
-50
-58
-70
-84
-101
-121
-142
-163
-185
-206
-225
-241
-254
-263
-267
-266
-260
-248
-232
-211
-185
-156
-123
-88
-53
-16
18
51
80
105
124
136
142
141
134
121
103
81
56
29
3
-22
-46
-67
-84
-98
-106
-110
-110
-105
-96
-85
-70
-54
-38
-21
-4
11
27
42
58
75
93
113
136
162
191
222
256
292
329
365
399
430
456
476
489
493
487
471
446
410
365
312
252
188
121
54
-12
-74
-132
-182
-223
-255
-277
-289
-291
-284
-269
-246
-219
-188
-156
-124
-93
-67
-45
-29
-20
-19
-25
-37
-57
-81
-109
-139
-170
-199
-226
-248
-265
-277
-282
-282
-276
-266
-252
-236
-219
-202
-186
-173
-162
-154
-150
-149
-151
-155
-161
-167
-173
-176
-176
-171
-161
-145
-121
-90
-52
-7
43
98
157
217
275
331
382
425
459
483
494
492
477
449
409
358
298
231
159
85
9
-63
-133
-197
-254
-304
-344
-374
-393
-402
-401
-390
-369
-340
-304
-262
-216
-166
-115
-64
-14
32
76
114
147
173
194
209
218
224
225
225
223
221
219
219
220
223
228
234
240
246
250
252
250
243
229
208
180
144
101
52
-1
-58
-116
-171
-223
-268
-303
-327
-339
-336
-320
-289
-246
-192
-129
-60
10
81
148
209
261
302
331
347
351
342
324
296
260
220
176
130
85
40
-2
-41
-78
-112
-142
-168
-192
-213
-232
-248
-262
-272
-281
-286
-288
-287
-281
-271
-257
-238
-214
-185
-153
-117
-79
-39
0
40
77
112
142
167
187
200
207
208
203
193
178
159
137
113
88
63
39
17
-3
-21
-37
-49
-58
-63
-65
-63
-57
-48
-35
-19
0
22
47
74
102
130
158
185
210
232
251
266
276
282
283
280
273
262
248
232
215
196
177
158
139
122
105
89
74
58
40
21
-2
-30
-63
-104
-151
-205
-266
-330
-398
-465
-530
-588
-637
-674
-697
-703
-692
-664
-618
-556
-480
-392
-297
-195
-92
9
107
198
280
351
411
458
493
516
529
531
526
515
498
478
455
431
406
380
353
325
296
264
230
194
154
112
67
20
-27
-75
-122
-167
-208
-246
-279
-307
-329
-345
-355
-358
-356
-347
-334
-316
-294
-269
-242
-213
-184
-155
-126
-99
-73
-49
-28
-8
7
20
31
38
42
44
43
40
36
32
27
22
18
15
14
13
13
14
14
15
14
12
9
4
-3
-12
-23
-35
-48
-61
-74
-86
-95
-102
-106
-106
-102
-95
-84
-71
-56
-40
-24
-9
4
16
25
33
38
42
45
47
50
54
60
68
78
90
105
122
140
159
179
197
214
229
241
249
254
254
251
244
233
220
203
185
165
144
122
101
79
58
38
18
0
-18
-34
-50
-63
-76
-86
-93
-98
-100
-98
-92
-83
-69
-52
-32
-10
13
36
59
80
96
108
113
112
103
87
65
36
2
-35
-75
-116
-155
-192
-224
-251
-271
-285
-290
-288
-279
-262
-240
-214
-184
-153
-121
-91
-64
-41
-21
-6
3
11
15
19
22
26
32
40
52
66
81
98
113
126
134
135
128
111
83
43
-7
-70
-141
-218
-299
-381
-459
-531
-592
-641
-674
-691
-691
-673
-639
-590
-528
-455
-373
-287
-197
-107
-19
65
145
219
288
350
407
458
503
544
580
610
636
655
668
674
672
663
646
620
586
545
497
443
384
322
257
190
124
60
-1
-59
-113
-162
-205
-242
-273
-297
-315
-327
-332
-330
-322
-309
-289
-264
-235
-202
-168
-132
-96
-62
-32
-7
11
22
26
22
9
-11
-39
-74
-114
-158
-205
-251
-296
-339
-376
-407
-430
-445
-451
-449
-438
-420
-396
-367
-335
-300
-265
-229
-193
-157
-122
-87
-51
-14
24
66
110
157
207
259
312
365
418
467
513
554
589
617
637
649
653
649
638
621
598
570
538
502
464
425
384
343
302
262
223
186
152
121
92
67
45
27
12
0
-8
-16
-23
-29
-36
-43
-51
-60
-70
-80
