-102
-108
-112
-116
-120
-125
-133
-144
-158
-174
-192
-211
-229
-245
-257
-265
-267
-263
-251
-233
-210
-181
-148
-114
-80
-48
-20
1
16
24
23
13
-3
-27
-55
-86
-118
-148
-174
-195
-210
-217
-216
-207
-191
-169
-141
-109
-74
-38
-1
34
69
102
131
158
182
203
221
236
249
260
268
273
275
274
269
260
248
232
212
188
160
130
97
63
28
-6
-40
-72
-101
-126
-147
-163
-174
-179
-180
-176
-168
-158
-145
-132
-117
-103
-88
-75
-62
-49
-37
-25
-13
-2
7
16
23
28
31
31
27
20
9
-4
-21
-40
-59
-77
-93
-106
-115
-118
-115
-107
-93
-74
-52
-26
0
27
52
75
94
109
120
125
125
121
114
103
91
77
64
53
44
38
36
38
44
53
66
80
97
113
129
143
154
162
165
163
156
144
127
107
83
56
28
0
-28
-55
-80
-103
-124
-142
-157
-170
-181
-191
-198
-205
-209
-213
-214
-214
-212
-209
-203
-195
-186
-175
-163
-149
-134
-118
-101
-82
-63
-43
-22
0
21
42
64
84
104
123
140
156
169
181
191
198
203
205
205
202
196
188
177
163
148
132
115
98
81
66
54
44
37
34
35
40
47
58
72
88
105
123
140
158
173
187
200
209
217
221
223
222
218
210
199
183
163
137
106
70
29
-16
-66
-119
-173
-228
-282
-333
-381
-423
-458
-486
-507
-519
-522
-517
-503
-482
-453
-418
-378
-334
-287
-239
-192
-146
-103
-65
-31
-2
21
39
53
64
72
77
82
85
89
93
98
103
109
116
123
131
138
145
152
157
162
166
168
170
171
172
173
174
176
177
179
179
179
177
173
167
156
143
125
104
79
51
20
-11
-43
-73
-102
-126
-145
-158
-164
-163
-154
-139
-118
-91
-60
-27
6
39
70
98
121
138
150
155
155
149
139
126
111
95
79
64
51
41
32
26
23
20
19
19
18
16
13
7
0
-10
-23
-38
-54
-72
-89
-105
-120
-133
-143
-150
-154
-156
-156
-155
-153
-153
-155
-160
-168
-179
-195
-213
-234
-256
-277
-296
-312
-322
-326
-322
-310
-289
-259
-221
-175
-124
-67
-8
50
107
160
207
246
275
294
301
298
285
263
234
200
163
125
89
58
31
10
-2
-8
-8
-3
6
19
33
48
61
72
79
84
85
83
80
75
70
65
63
63
66
73
84
98
114
133
153
172
191
206
219
227
230
227
219
205
186
162
135
105
73
41
9
-21
-49
-73
-94
-110
-122
-127
-128
-123
-112
-96
-76
-52
-25
2
30
56
79
97
109
114
112
102
86
64
39
11
-16
-42
-64
-82
-93
-98
-95
-86
-70
-49
-23
5
34
64
91
115
133
145
150
148
140
126
106
84
60
35
12
-8
-26
-40
-49
-56
-59
-59
-59
-58
-58
-61
-68
-80
-97
-120
-150
-187
-229
-276
-327
-381
-434
-486
-534
-577
-612
-638
-653
-657
-649
-628
-595
-550
-493
-427
-351
-267
-178
-84
11
107
202
293
378
457
527
586
634
670
692
702
699
684
657
621
576
525
469
411
353
297
244
196
153
117
86
60
38
18
-1
-22
-47
-76
-112
-153
-200
-252
-307
-364
-418
-469
-514
-551
-577
-592
-594
-583
-560
-524
-476
-418
-351
-278
-200
-120
-40
37
110
178
238
290
333
367
393
410
421
424
421
412
398
380
356
328
297
261
221
178
131
82
30
-22
-76
-131
-185
-236
-285
-328
-366
-397
-420
-434
-440
-437
-426
-409
-387
-362
-335
-308
-284
-262
-246
-235
-229
-229
-233
-240
-248
-256
-261
-263
-258
-246
-226
-197
-160
-114
-61
-2
61
127
195
263
328
390
448
499
545
582
613
635
650
657
657
650
636
617
593
564
532
496
458
419
378
337
295
254
213
173
135
97
62
29
0
-27
-50
-69
-85
-97
-106
-112
-116
-118
-119
-121
-123
-127
-131
-137
-143
-150
-156
-161
-163
-162
-157
-147
-132
-112
-87
-58
-26
6
40
71
100
123
141
151
154
149
136
116
91
60
27
-8
-43
-78
-111
-141
-167
-188
-205
-217
-225
-227
-226
-220
-210
-197
-182
-164
-145
-126
-106
-88
-72
-58
-47
-40
-37
-38
-43
-50
-58
-65
-71
-72
-66
-54
-32
-2
35
81
133
188
244
299
349
393
428
452
465
466
456
433
401
360
311
258
201
144
86
30
-22
-72
-118
-161
-199
-233
-262
-288
-309
-327
-340
-348
-353
-354
-352
-347
-339
-328
-316
-302
-287
-271
-253
-235
-216
-196
-175
-152
-129
-106
-81
-56
-31
-6
17
40
61
81
98
114
127
139
149
158
166
174
181
188
195
201
207
212
216
217
217
214
207
198
184
168
148
125
100
74
46
17
-10
-38
-65
-90
-114
-136
-157
-176
-194
-210
-225
-239
-252
-263
-273
-282
-289
-295
-299
-302
-304
-303
-300
-295
-285
-272
-254
-231
-203
-169
-130
-87
-39
12
65
118
171
221
266
305
337
360
374
379
374
362
341
314
282
246
207
167
127
88
50
15
-16
-43
-66
-83
-94
-98
-96
-86
-70
-49
-22
7
40
74
107
138
165
187
203
211
212
204
187
163
133
97
56
14
-27
-67
-104
-137
-164
-185
-200
-209
-212
-211
-205
-195
-183
-170
-155
-141
-126
-113
-101
-91
-82
-75
-69
-64
-59
-54
-48
-41
-31
-19
-4
12
33
56
81
108
136
164
192
219
245
267
287
303
314
321
322
318
310
296
278
256
230
202
170
138
104
69
35
1
-31
-62
-92
-119
-144
-167
-187
-204
-219
-230
-239
-244
-246
-245
-241
-234
-224
-212
-197
-180
-161
-140
-117
-94
-70
-46
-22
1
23
42
60
75
86
94
97
97
93
85
74
59
42
22
1
-20
-42
-63
-82
-99
-114
-126
-136
-145
-152
-158
-164
-171
-177
-184
-191
-198
-204
-209
-212
-214
-212
-208
-201
-191
-177
-160
-141
-118
-93
-67
-38
-9
18
46
72
96
116
132
144
151
152
149
141
129
114
97
78
59
41
24
10
0
-6
-8
-5
1
12
27
47
69
95
122
152
183
214
246
276
304
330
351
368
378
381
375
361
337
303
261
210
151
87
19
-49
-118
-184
-245
-300
-346
-383
-409
-426
-432
-428
-416
-396
-370
-339
-306
-271
-236
-202
-170
-141
-116
-94
-77
-62
-51
-42
-35
-28
-23
-17
-10
-3
5
14
25
37
49
62
75
89
103
118
133
147
162
177
191
205
219
232
244
255
265
272
277
279
278
272
263
249
232
210
185
157
126
93
59
26
-7
-38
-68
-94
-116
-134
-147
-155
-158
-155
-147
-135
-119
-100
-78
-54
-28
-2
23
49
73
95
114
130
142
149
151
147
137
121
99
72
40
5
-33
-72
-110
-145
-176
-200
-217
-224
-221
-207
-184
-151
-110
-63
-13
38
89
135
177
210
235
251
257
253
240
219
192
159
122
82
42
3
-34
-69
-101
-129
-152
-171
-186
-197
-204
-208
-208
-206
-201
-193
-183
-171
-156
-141
-125
-108
-92
-76
-62
-50
-39
-31
-25
-20
-17
-15
-12
-8
-4
3
12
25
40
57
76
95
112
128
140
147
148
142
129
110
83
50
13
-28
-71
-114
-155
-192
-224
-249
-265
-272
-270
-259
-239
-212
-178
-140
-98
-54
-9
34
76
115
150
181
206
225
239
246
248
244
235
221
204
183
160
135
109
83
57
32
8
-13
-32
-49
-64
-77
-86
-94
-100
-105
-108
-110
-112
-113
-113
-113
-112
-110
-107
-103
-96
-87
-77
-64
-48
-31
-11
9
31
54
76
98
119
137
152
164
172
175
174
168
159
145
127
107
84
60
34
9
-15
-39
-61
-80
-96
-110
-119
-126
-129
-129
-127
-123
-117
-110
-103
-95
-86
-77
-67
-57
-45
-32
-16
0
20
42
66
91
117
143
166
186
201
210
210
202
185
157
121
75
23
-35
-97
-161
-224
-283
-335
-379
-412
-434
-442
-437
-420
-391
-352
-306
-253
-198
-141
-85
-31
18
63
103
138
166
189
206
219
226
230
230
228
223
217
210
204
198
193
190
188
188
190
193
198
203
208
213
217
219
220
217
212
203
190
174
155
132
105
76
44
9
-26
-64
-102
-140
-178
-215
-251
-285
-317
-347
-374
-399
-420
-438
-452
-461
-465
-464
-457
-444
-425
-400
-369
-333
-293
-250
-203
-155
-106
-57
-9
35
77
115
148
176
199
217
229
237
242
243
243
241
239
237
237
239
243
251
262
277
297
321
350
382
419
457
498
538
576
612
642
665
681
686
681
665
636
594
541
474
397
308
211
107
-2
-113
-225
-333
-435
-530
-614
-687
-747
-793
-826
-845
-851
-845
-829
-804
-772
-735
-694
-650
-606
-563
-520
-480
-441
-405
-371
-339
-308
-277
-246
-215
-183
-150
-115
-79
-41
-1
38
79
120
161
199
236
269
299
325
348
367
383
396
407
415
422
427
430
432
431
427
421
411
398
380
359
334
306
273
239
201
163
124
85
48
14
-15
-41
-61
-75
-83
-85
-82
-72
-59
-42
-22
0
21
43
64
83
98
110
116
118
115
105
90
69
43
13
-19
-55
-92
-128
-162
-192
-216
-234
-244
-246
-239
-224
-201
-172
-138
-101
-64
-29
1
26
44
54
55
46
29
5
-25
-59
-96
-133
-166
-195
-217
-231
-234
-227
-209
-181
-143
-98
-47
6
61
114
162
204
237
260
272
273
263
241
211
173
129
81
33
-12
-55
-90
-118
-135
-141
-135
-117
-89
-50
-4
48
104
161
217
269
314
351
378
395
399
392
373
344
304
256
201
140
75
7
-60
-128
-195
-259
-319
-375
-426
-472
-513
-547
-576
-599
-617
-628
-634
-635
-630
-619
-603
-582
-556
-525
-488
-446
-400
-349
-293
-233
-170
-103
-34
36
108
180
250
318
381
439
489
532
566
590
603
605
595
575
543
501
450
390
323
252
177
102
28
-41
-106
-164
-214
-254
-284
-304
-313
-313
-304
-287
-264
-234
-200
-163
-125
-85
-47
-9
24
56
84
107
125
138
145
147
143
135
122
105
86
64
41
17
-6
-29
-51
-71
-90
-106
-120
-132
-142
-149
-154
-158
-159
-160
-159
-156
-153
-149
-144
-138
-131
-122
-110
-96
-79
-60
-37
-12
14
43
72
99
125
147
164
176
182
182
175
163
146
125
101
77
53
32
15
3
-2
-3
2
14
30
51
74
99
125
149
170
187
200
208
210
206
196
182
164
143
121
98
76
56
39
26
17
12
11
14
21
31
44
58
73
87
102
114
125
133
137
139
137
131
122
110
94
77
57
36
13
-9
-32
-54
-75
-95
-112
-127
-138
-146
-150
-151
-148
-141
-132
-120
-105
