734
735
729
715
694
666
631
589
541
486
426
361
292
220
146
72
-2
-75
-146
-215
-279
-339
-393
-442
-485
-521
-550
-573
-589
-599
-602
-600
-592
-578
-560
-537
-510
-479
-443
-404
-361
-315
-264
-210
-153
-94
-32
29
91
151
209
261
308
348
381
407
424
435
439
438
433
425
414
401
388
374
358
341
322
299
272
239
202
158
108
53
-4
-65
-125
-183
-234
-277
-308
-326
-329
-315
-286
-243
-186
-120
-46
29
104
175
237
289
328
353
363
359
342
313
275
228
175
119
61
1
-56
-114
-168
-219
-267
-309
-346
-376
-400
-415
-421
-418
-404
-380
-345
-300
-245
-183
-113
-40
35
110
182
247
305
351
386
407
413
406
384
349
302
245
180
109
35
-38
-111
-179
-241
-295
-338
-372
-394
-406
-408
-400
-385
-363
-336
-305
-272
-239
-205
-172
-141
-112
-86
-61
-39
-19
-1
16
33
50
67
84
101
119
135
151
164
175
183
187
187
183
175
163
147
130
110
88
67
44
23
2
-16
-34
-49
-62
-73
-81
-86
-89
-89
-87
-83
-78
-71
-63
-54
-45
-36
-27
-20
-13
-8
-5
-3
-3
-5
-10
-17
-26
-36
-49
-63
-78
-93
-108
-122
-133
-142
-146
-147
-143
-135
-122
-104
-84
-62
-38
-15
6
25
40
52
58
60
57
51
42
32
21
11
2
-3
-6
-5
0
7
18
31
45
60
74
87
98
106
113
118
121
124
127
131
137
146
156
169
184
199
216
230
243
252
257
255
248
235
216
191
163
131
98
64
31
0
-27
-53
-76
-95
-111
-125
-136
-146
-154
-162
-169
-175
-180
-184
-186
-187
-185
-180
-173
-162
-149
-133
-114
-94
-73
-52
-30
-8
12
32
51
68
85
100
113
125
136
145
152
158
163
165
167
166
164
159
152
144
133
120
105
90
73
57
41
27
15
5
0
-4
-4
-2
2
8
15
22
28
31
33
31
25
16
3
-12
-31
-52
-75
-98
-120
-142
-163
-183
-201
-218
-234
-248
-261
-272
-280
-286
-288
-286
-280
-269
-252
-229
-199
-163
-122
-75
-25
28
83
138
191
241
286
324
355
379
394
400
398
388
369
344
311
271
226
176
123
66
8
-48
-104
-156
-203
-242
-272
-293
-303
-301
-290
-269
-239
-204
-166
-127
-90
-57
-31
-14
-6
-8
-18
-37
-61
-88
-115
-140
-159
-170
-171
-161
-140
-110
-73
-30
13
56
94
124
144
154
151
138
115
84
48
12
-23
-54
-77
-92
-95
-88
-71
-43
-8
32
76
121
165
204
236
260
276
281
277
264
241
212
177
139
99
59
22
-10
-39
-61
-76
-85
-87
-83
-74
-61
-46
-29
-11
5
20
33
42
48
49
45
37
24
8
-10
-32
-55
-78
-101
-123
-143
-160
-175
-185
-192
-195
-193
-188
-180
-169
-156
-142
-127
-112
-98
-86
-75
-66
-59
-54
-51
-50
-51
-53
-56
-60
-66
-73
-81
-90
-100
-111
-122
-133
-143
-151
-157
-159
-157
-150
-138
-120
-95
-65
-29
10
55
101
149
196
241
281
316
343
363
375
377
370
355
333
305
272
237
200
163
128
96
68
43
23
7
-3
-11
-15
-16
-14
-9
-1
9
22
37
54
71
89
106
122
134
144
148
147
140
127
107
82
52
19
-16
-51
-85
-116
-143
-163
-176
-182
-180
-172
-158
-138
-114
-87
-58
-29
0
29
56
82
107
129
148
165
179
188
192
189
178
158
127
85
31
-33
-109
-193
-284
-379
-474
-565
-649
-722
-780
-822
-845
-848
-831
-795
-742
-675
-595
-507
-414
-318
-223
-131
-44
36
111
178
240
297
350
402
452
503
556
610
664
719
772
821
864
898
921
930
925
903
865
811
741
657
562
457
347
234
122
13
-89
-183
-266
-338
-398
-445
-480
-505
-519
-525
-523
-516
-503
-487
-469
-448
-427
-405
-383
-361
-341
-321
-302
-284
-266
-249
-232
-214
-195
-176
-154
-132
-108
-83
-56
-30
-3
21
46
68
89
106
122
135
146
155
163
170
177
184
190
196
201
205
206
205
199
190
175
155
130
101
68
32
-4
-40
-73
-102
-125
-139
-144
-138
-122
-96
-62
-21
24
71
117
159
195
222
238
243
237
219
190
151
105
52
-5
-65
-125
-184
-239
-291
-336
-375
-407
-431
-447
-454
-450
-436
-411
-372
-320
-254
-173
-78
28
146
271
401
530
656
772
875
960
1024
1064
1079
1067
1030
967
881
776
654
520
378
232
87
-53
-186
-309
-419
-515
-596
-660
-707
-738
-754
-754
-739
-711
-670
-619
-558
-488
-413
-333
-251
-170
-90
-14
54
115
167
209
240
259
267
263
250
226
195
155
110
60
6
-48
-105
-162
-218
-272
-322
-369
-411
-448
-479
-504
-521
-530
-530
-522
-504
-476
-438
-391
-334
-268
-195
-116
-33
52
138
222
301
374
439
494
537
569
588
596
592
577
552
519
479
434
383
330
274
216
158
100
42
-14
-69
-120
-168
-212
-249
-281
-305
-322
-332
-333
-326
-312
-290
-262
-227
-186
-140
-89
-36
19
75
130
183
232
275
311
338
356
364
361
348
325
292
252
205
153
97
41
-14
-68
-117
-162
-200
-232
-257
-277
-290
-299
-304
-306
-306
-305
-303
-300
-296
-293
-288
-282
-274
-263
-250
-233
-212
-187
-159
-128
-96
-62
-30
0
28
50
68
79
84
83
76
64
49
31
12
-5
-23
-39
-51
-60
-64
-65
-61
-53
-41
-26
-9
9
29
49
69
89
107
124
139
153
165
175
185
194
202
211
221
232
246
262
281
304
329
356
386
417
447
476
502
524
541
550
552
546
532
508
477
438
392
340
284
225
164
103
43
-13
-66
-115
-159
-197
-228
-255
-275
-290
-301
-308
-311
-312
-311
-309
-305
-302
-298
-295
-293
-292
-293
-296
-302
-312
-325
-343
-364
-389
-417
-446
-475
-502
-525
-542
-552
-553
-542
-521
-487
-442
-386
-320
-248
-169
-89
-8
68
140
203
256
298
327
343
348
342
328
308
285
260
237
216
201
191
188
191
200
214
232
253
275
297
316
332
342
347
344
335
319
297
268
235
198
158
118
77
38
1
-32
-62
-87
-109
-125
-137
-145
-148
-148
-145
-140
-132
-125
-117
-111
-106
-105
-107
-113
-123
-136
-151
-169
-188
-206
-222
-234
-242
-244
-239
-227
-208
-182
-151
-115
-75
-33
8
50
90
127
159
187
208
223
231
233
228
218
202
183
160
135
110
85
61
41
24
10
1
-3
-3
0
5
13
21
30
37
42
43
41
33
21
5
-14
-37
-61
-85
-109
-131
-150
-166
-179
-189
-195
-199
-200
-200
-199
-197
-196
-195
-196
-197
-199
-202
-206
-209
-210
-209
-204
-195
-180
-159
-131
-95
-54
-7
44
99
156
212
268
320
368
410
446
475
497
511
518
517
508
493
471
442
407
367
321
270
216
160
102
44
-12
-67
-117
-164
-205
-241
-271
-297
-319
-337
-354
-370
-387
-404
-423
-444
-467
-490
-514
-537
-557
-572
-580
-581
-571
-551
-519
-474
-417
-350
-273
-188
-98
-5
85
174
256
329
391
439
473
491
493
479
451
410
359
299
235
169
104
43
-10
-55
-90
-112
-122
-118
-103
-76
-40
3
53
106
159
211
259
300
334
358
371
375
368
352
327
296
259
220
178
138
98
62
30
3
-18
-35
-48
-57
-63
-67
-69
-72
-74
-78
-82
-88
-94
-102
-109
-115
-121
-125
-127
-127
-124
-119
-110
-100
-88
-75
-62
-49
-37
-27
-20
-15
-12
-12
-14
-18
-22
-27
-32
-36
-39
-40
-40
-39
-36
-31
-24
-16
-7
1
11
20
29
38
44
49
53
55
56
55
53
50
47
42
38
32
26
20
13
6
0
-8
-14
-20
-25
-28
-29
-27
-24
-19
-12
-3
6
17
29
41
53
64
75
84
92
98
102
104
104
102
98
92
85
77
69
60
52
45
39
34
32
31
32
34
38
43
47
52
55
58
59
60
60
60
61
62
65
70
76
83
91
99
106
112
117
120
120
118
114
108
101
93
84
75
68
61
56
52
49
46
44
40
35
26
15
0
-19
-42
-70
-100
-133
-166
-200
-233
-264
-291
-315
-334
-349
-359
-365
-368
-368
-366
-364
-364
-366
-371
-380
-394
-411
-431
-453
-475
-494
-508
-515
-514
-502
-478
-444
-398
-341
-277
-205
-128
-48
32
113
191
266
337
403
463
518
567
609
646
676
699
714
722
721
710
690
660
618
566
503
430
348
258
161
60
-42
-143
-241
-331
-411
-478
-530
-564
-578
-574
-549
-506
-445
-370
-284
-189
-91
6
100
185
257
315
355
376
377
359
324
274
212
141
66
-9
-83
-150
-208
-254
-288
-308
-314
-307
-288
-259
-221
-176
-128
-77
-27
21
68
110
148
182
210
234
254
269
280
287
289
288
281
270
254
233
206
175
140
102
61
19
-23
-64
-103
-138
-169
-195
-214
-227
-234
-234
-229
-218
-204
-186
-167
-147
-128
-111
-96
-83
-74
-67
-64
-63
-64
-67
-71
-76
-80
-84
-86
-86
-84
-79
-70
-58
-42
-24
-3
19
43
68
93
116
137
155
170
179
184
184
178
167
151
131
108
82
54
26
-1
-27
-51
-72
-88
-100
-107
-108
-104
-94
-79
-60
-36
-10
19
49
81
112
142
170
195
217
234
246
253
254
249
238
221
198
171
139
103
64
25
-14
-52
-87
-118
-144
-163
-175
-180
-176
-166
-150
-128
-103
-77
-50
-26
-5
10
20
25
23
17
6
-7
-23
-39
-54
-67
-76
-80
-80
-74
-64
-50
-32
-12
8
29
49
66
81
92
100
104
106
105
101
97
91
85
79
73
68
62
57
51
45
37
27
14
0
-18
-39
-63
-89
-116
-144
-172
-198
-222
-243
-260
-272
-278
-279
-273
-262
-244
-221
-194
-164
-131
-98
-67
-37
-12
7
22
30
33
30
22
11
0
-13
-24
-32
-35
-31
-21
-3
21
54
91
133
177
221
261
297
325
344
351
348
332
305
269
223
172
116
59
2
-50
-98
-140
-174
-199
-216
-224
-223
-215
-202
-183
-160
-136
-110
-84
-58
-34
-11
8
27
45
60
73
85
94
101
106
108
108
105
99
90
79
66
51
34
16
-1
-20
-38
-54
-69
-81
-90
-97
-100
-99
-96
-90
-81
-70
-58
-45
-31
-19
-8
0
7
12
14
13
11
7
3
0
-3
-4
-3
0
6
17
30
47
66
86
108
129
149
167
182
193
200
201
197
188
174
155
132
107
80
54
29
6
-12
-26
-36
-40
-40
-36
-29
-19
-8
2
12
21
27
29
27
21
12
-1
-17
-36
-55
-74
-93
-110
-125
-136
-145
-150
-151
-150
-146
-141
-135
-131
-127
