609
538
472
416
372
342
326
323
333
353
380
410
440
465
482
485
473
443
392
321
229
120
-2
-137
-277
-418
-554
-681
-793
-887
-960
-1011
-1040
-1048
-1039
-1016
-984
-948
-915
-890
-878
-883
-907
-954
-1022
-1110
-1216
-1334
-1461
-1591
-1718
-1838
-1947
-2042
-2124
-2192
-2248
-2295
-2336
-2375
-2414
-2455
-2497
-2538
-2575
-2601
-2609
-2591
-2538
-2439
-2286
-2071
-1786
-1428
-993
-483
97
742
1441
2180
2942
3709
4461
5180
5846
6443
6955
7370
7679
7879
7965
7941
7809
7577
7253
6846
6366
5824
5229
4589
3913
3209
2482
1740
988
233
-518
-1258
-1980
-2676
-3335
-3951
-4514
-5015
-5448
-5806
-6083
-6278
-6388
-6416
-6366
-6243
-6057
-5817
-5533
-5217
-4878
-4525
-4167
-3810
-3458
-3114
-2779
-2452
-2134
-1821
-1514
-1209
-908
-608
-312
-20
264
540
804
1054
1286
1499
1689
1855
1996
2111
2201
2266
2308
2330
2333
2322
2301
2272
2240
2209
2182
2161
2149
2144
2148
2159
2175
2193
2209
2220
2222
2210
2182
2133
2060
1961
1834
1679
1497
1289
1059
811
550
284
18
-240
-484
-709
-909
-1079
-1219
-1327
-1402
-1449
-1470
-1471
-1458
-1437
-1418
-1407
-1411
-1438
-1491
-1575
-1690
-1835
-2005
-2192
-2388
-2579
-2754
-2897
-2994
-3031
-2996
-2877
-2666
-2355
-1942
-1425
-806
-93
703
1569
2485
3426
4366
5273
6117
6868
7497
7981
8302
8448
8416
8209
7839
7323
6683
5944
5135
4280
3407
2537
1689
876
106
-616
-1292
-1924
-2519
-3082
-3618
-4129
-4615
-5074
-5498
-5878
-6205
-6467
-6655
-6761
-6781
-6713
-6562
-6333
-6037
-5686
-5295
-4878
-4450
-4023
-3609
-3214
-2845
-2503
-2188
-1898
-1626
-1369
-1119
-871
-621
-366
-104
164
435
707
973
1227
1466
1682
1873
2035
2166
2266
2337
2382
2405
2409
2399
2382
2361
2340
2324
2315
2314
2321
2335
2356
2378
2398
2412
2416
2404
2373
2320
2244
2144
2020
1876
1713
1535
1346
1149
948
747
548
352
163
-18
-191
-355
-507
-648
-776
-889
-987
-1068
-1131
-1177
-1205
-1215
-1209
-1187
-1149
-1098
-1033
-956
-866
-764
-650
-525
-389
-245
-94
60
215
366
507
632
736
812
855
859
820
734
601
421
197
-67
-364
-686
-1021
-1359
-1688
-1995
-2271
-2506
-2692
-2824
-2898
-2913
-2871
-2775
-2629
-2441
-2217
-1967
-1699
-1420
-1140
-865
-602
-354
-126
80
264
427
569
693
802
898
984
1062
1134
1201
1261
1313
1355
1382
1391
1377
1335
1259
1147
993
797
555
269
-61
-431
-837
-1271
-1723
-2182
-2635
-3067
-3462
-3804
-4077
-4269
-4368
-4367
-4261
-4053
-3746
-3349
-2875
-2338
-1752
-1135
-500
137
769
1386
1983
2559
3113
3647
4165
4670
5163
5645
6114
6567
6994
7386
7732
8017
8228
8353
8380
8302
8113
7814
7409
6906
6316
5654
4935
4175
3389
2590
1788
990
204
-569
-1328
-2072
-2799
-3508
-4196
-4856
-5483
-6068
-6600
-7069
-7466
-7780
-8006
-8136
-8167
-8099
-7934
-7675
-7331
-6911
-6425
-5887
-5310
-4708
-4093
-3478
-2873
-2286
-1724
-1191
-689
-218
221
633
1018
1379
1719
2037
2337
2617
2876
3114
3326
3511
3663
3779
3856
3889
3877
3819
3713
3563
3370
3139
2877
2591
2290
1983
1679
1387
1115
869
655
475
329
217
136
81
45
22
4
-16
-47
-95
-165
-262
-389
-547
-734
-946
-1180
-1427
-1678
-1922
-2149
-2346
-2500
-2599
-2634
-2594
-2475
-2272
-1986
-1620
-1182
-682
-133
446
1041
1631
2195
2716
3176
3560
3857
4059
4162
4168
4078
3901
3646
3324
2946
2524
2072
1600
1118
635
160
-301
-744
-1165
-1562
-1931
-2272
-2583
-2862
-3107
-3313
-3479
-3600
-3672
-3693
-3660
-3571
-3427
-3231
-2988
-2703
-2385
-2045
-1693
-1341
-1001
-684
-399
-154
45
197
302
361
380
364
320
257
182
102
23
-50
-114
-167
-207
-235
-250
-253
-244
-224
-193
-152
-101
-39
30
108
192
280
369
457
539
616
683
741
790
829
861
887
911
933
956
982
1012
1046
1084
1125
1169
1213
1257
1299
1339
1375
1406
1433
1454
1469
1476
1473
1459
1430
1384
1319
1231
1119
981
816
624
408
168
-91
-367
-657
-956
-1260
-1565
-1867
-2163
-2449
-2721
-2975
-3206
-3409
-3578
-3708
-3791
-3822
-3796
-3708
-3554
-3335
-3049
-2701
-2294
-1836
-1336
-802
-245
324
896
1461
2011
2541
3043
3516
3954
4356
4719
5039
5311
5533
5698
5802
5840
5806
5700
5519
5264
4939
4548
4098
3597
3053
2477
1878
1265
648
34
-566
-1146
-1698
-2214
-2688
-3113
-3485
-3798
-4051
-4241
-4369
-4435
-4444
-4399
-4305
-4169
-3999
-3801
-3585
-3357
-3127
-2901
-2686
-2486
-2305
-2146
-2010
-1895
-1802
-1726
-1664
-1614
-1571
-1532
-1493
-1451
-1403
-1347
-1279
-1196
-1097
-977
-834
-666
-469
-242
17
310
635
991
1376
1783
2208
2641
3075
3498
3899
4268
4592
4863
5071
5211
5279
5273
5197
5056
4858
4613
4331
4023
3699
3368
3034
2701
2369
2037
1700
1356
1000
628
240
-164
-583
-1010
-1439
-1861
-2267
-2647
-2992
-3293
-3545
-3742
-3881
-3963
-3988
-3962
-3888
-3774
-3628
-3456
-3266
-3067
-2865
-2666
-2476
-2299
-2137
-1993
-1866
-1756
-1662
-1579
-1505
-1435
-1362
-1282
-1189
-1078
-944
-784
-596
-379
-135
132
420
723
1032
1342
1645
1933
2200
2440
2649
2823
2961
3060
3121
3142
3123
3065
2966
2827
2647
2428
2172
1881
1561
1219
863
505
153
-178
-481
-747
-967
-1137
-1256
-1326
-1350
-1335
-1289
-1221
-1140
-1056
-974
-903
-846
-807
-786
-783
-796
-822
-859
-904
-955
-1008
-1061
-1115
-1167
-1217
-1263
-1305
-1342
-1371
-1392
-1402
-1400
-1383
-1352
-1305
-1241
-1162
-1069
-963
-846
-719
-585
-445
-301
-154
-4
145
296
447
597
745
889
1027
1158
1279
1387
1479
1554
1608
1640
1648
1631
1589
1523
1434
1325
1198
1058
908
752
597
446
305
177
66
-23
-89
-131
-147
-136
-100
-41
38
135
244
361
479
591
692
775
834
865
861
821
742
623
466
272
45
-210
-487
-781
-1085
-1389
-1689
-1976
-2244
-2488
-2702
-2882
-3026
-3129
-3191
-3207
-3176
-3096
-2964
-2777
-2535
-2235
-1879
-1469
-1009
-507
28
588
1159
1727
2280
2802
3282
3707
4066
4351
4555
4674
4706
4652
4515
4300
4014
3665
3264
2821
2348
1856
1358
864
387
-64
-479
-850
-1170
-1434
-1640
-1788
-1879
-1918
-1914
-1875
-1812
-1737
-1662
-1596
-1548
-1525
-1529
-1559
-1610
-1675
-1742
-1801
-1837
-1839
-1797
-1703
-1551
-1342
-1078
-764
-410
-27
371
775
1171
1549
1899
2215
2493
2729
2925
3080
3196
3274
3315
3319
3288
3221
3117
2977
2799
2586
2339
2060
1753
1422
1071
706
331
-49
-430
-808
-1178
-1536
-1879
-2202
-2500
-2771
-3009
-3211
-3372
-3488
-3558
-3578
-3549
-3470
-3342
-3169
-2955
-2703
-2421
-2116
-1793
-1459
-1123
-791
-467
-159
129
395
636
849
1033
1188
1313
1411
1481
1526
1547
1546
1525
1486
1432
1364
1286
1198
1103
1004
903
801
702
606
515
431
353
283
221
166
119
78
44
17
-1
-13
-18
-13
-1
17
43
73
105
135
161
178
184
176
152
110
49
-29
-125
-237
-362
-499
-643
-792
-941
-1087
-1224
-1347
-1451
-1531
-1583
-1602
-1585
-1532
-1443
-1319
-1165
-986
-790
-585
-380
-185
-6
146
270
362
419
445
442
416
374
322
270
225
193
181
193
230
294
383
494
619
752
883
1003
1101
1169
1196
1177
1107
984
811
590
329
38
-272
-590
-900
-1192
-1451
-1667
-1831
-1937
-1980
-1960
-1879
-1738
-1546
-1308
-1033
-730
-409
-80
248
567
868
1141
1381
1580
1732
1834
1883
1878
1820
1711
1556
1361
1134
884
620
351
86
-167
-402
-615
-801
-958
-1087
-1189
-1264
-1315
-1346
-1357
-1351
-1330
-1293
-1240
-1171
-1082
-974
-843
-689
-511
-310
-86
155
412
678
948
1214
1469
1705
1916
2095
2235
2334
2387
2392
2350
2261
2128
1954
1745
1507
1246
969
683
395
113
-156
-408
-637
-840
-1012
-1153
-1261
-1337
-1382
-1398
-1390
-1361
-1314
-1255
-1188
-1116
-1042
-969
-897
-828
-760
-693
-625
-554
-479
-397
-307
-207
-97
24
156
299
451
611
777
947
1116
1283
1441
1588
1718
1825
1904
1949
1956
1921
1841
1715
1544
1329
1075
789
476
146
-191
-528
-854
-1160
-1438
-1681
-1882
-2037
-2144
-2203
-2213
-2179
-2105
-1998
-1863
-1711
-1549
-1386
-1230
-1087
-965
-867
-795
-750
-730
-734
-755
-789
-829
-869
-904
-927
-933
-920
-883
-821
-733
-619
-479
-314
-127
79
302
537
777
1017
1249
1465
1661
1830
1968
2074
2149
2195
2217
2221
2215
2205
2198
2198
2209
2231
2262
2297
2331
2356
2363
2344
2290
2196
2055
1865
1627
1341
1013
649
259
-147
-559
-963
-1350
-1706
-2023
-2292
-2507
-2665
-2763
-2804
-2791
-2729
-2626
-2490
-2328
-2150
-1963
-1776
-1595
-1425
-1270
-1132
-1013
-912
-829
-761
-705
-659
-619
-583
-549
-514
-477
-436
-392
-342
-287
-226
-159
-84
-3
85
181
284
394
507
624
741
856
967
1070
1164
1247
1316
1370
1408
1428
1429
1411
1373
1315
1238
1141
1027
896
753
600
440
278
117
-37
-181
-312
-424
-515
-582
-621
-630
-608
-555
-471
-358
-220
-59
115
300
485
664
828
969
1080
1156
1193
1187
1137
1046
916
750
556
341
111
-124
-359
-585
-796
-987
-1154
-1294
-1405
-1488
-1543
-1570
-1572
-1552
-1512
-1454
-1381
-1297
-1202
-1099
-991
-878
-761
-644
-526
-410
-298
-191
-92
-3
73
136
182
211
222
216
192
152
100
38
-30
-103
-176
-245
-308
-361
-403
-430
-443
-440
-421
-386
-335
-270
-192
-102
-3
102
212
324
435
542
641
731
809
872
920
952
968
969
958
938
911
884
859
839
829
828
835
850
867
881
887
878
848
793
712
603
469
314
146
-28
-201
-364
-509
-632
-728
-796
-837
-856
-857
-850
-841
-840
-855
-892
-956
-1051
-1175
-1325
-1496
-1680
-1865
-2039
-2192
-2309
-2382
-2399
-2356
-2247
-2072
-1832
-1532
-1176
-771
-326
152
656
1178
1711
2246
2775
3289
3778
4230
4631
4966
5220
5379
5429
5360
5167
4848
4409
3861
3222
2512
1757
983
219
-509
-1178
-1767
-2260
-2647
-2922
-3083
-3136
-3090
-2956
-2749
-2487
-2188
-1868
-1545
-1234
-946
-691
-476
-304
-178
-95
-53
-49
-77
-133
-212
-310
-422
-546
-675
-807
-936
-1060
-1172
-1268
-1344
-1396
-1421
-1417
-1382
-1317
-1223
-1102
-958
-796
-621
-439
-258
-83
78
221
341
435
503
544
562
561
546
523
498
480
472
480
507
553
618
700
794
894
995
1089
1170
1231
1267
1274
1248
1190
1099
977
827
653
462
258
49
-158
-359
-547
-718
-866
-990
-1085
-1153
-1190
-1199
-1179
-1131
-1058
-961
-844
-710
-563
-408
-250
-95
51
183
295
383
441
469
464
426
360
269
159
40
-79
-191
-283
-349
-381
-374
-326
-237
-109
51
238
445
664
885
1103
1308
1497
1662
1799
1905
1977
2011
2004
1956
1865
1730
1552
1332
1074
783
465
128
-218
-566
-904
-1221
-1509
-1759
-1964
-2121
-2228
-2283
-2292
-2257
-2185
-2083
-1959
-1822
-1677
-1530
-1388
-1254
-1129
-1015
-913
-822
-743
-675
-618
-572
-539
-518
-511
-518
-538
-570
-610
-656
-701
-739
-765
-769
-747
-693
-603
-476
-312
-116
106
348
600
851
1092
1314
1509
1670
1794
1880
1926
1936
1914
1865
1795
1710
1618
1524
1434
1353
1286
1234
1200
1185
1187
1205
1238
1281
1332
1387
1442
1492
1534
1564
1578
1572
1542
1484
1394
1267
1102
894
642
346
8
-366
-773
-1201
-1639
-2073
-2489
-2872
-3208
-3483
-3686
-3809
-3846
-3797
-3663
-3450
-3165
-2821
-2431
-2008
-1569
-1127
-699
-296
68
387
653
862
1014
1110
1156
1159
1126
1069
997
922
853
800
769
