-83
-48
-11
27
67
106
144
181
213
241
264
279
288
289
283
270
250
224
193
158
120
80
39
0
-38
-74
-106
-135
-158
-178
-192
-201
-205
-205
-201
-193
-182
-168
-151
-131
-109
-84
-58
-30
0
30
63
97
131
165
199
232
262
290
312
330
341
346
344
335
320
299
274
244
213
180
146
113
80
47
16
-12
-41
-68
-95
-119
-143
-164
-183
-199
-212
-222
-228
-231
-231
-227
-221
-213
-202
-190
-176
-161
-145
-127
-109
-90
-70
-49
-26
-2
22
48
75
102
128
154
177
198
214
226
232
233
228
217
201
181
158
132
105
78
52
29
8
-9
-23
-33
-41
-45
-46
-46
-44
-42
-38
-35
-32
-29
-27
-26
-26
-28
-30
-35
-41
-50
-60
-72
-85
-100
-114
-128
-141
-152
-160
-165
-166
-163
-154
-141
-123
-101
-76
-47
-17
13
43
72
99
123
143
159
171
179
183
183
179
172
162
150
135
119
101
83
64
46
28
11
-4
-18
-30
-41
-50
-57
-62
-63
-62
-57
-49
-38
-24
-8
8
25
41
54
65
70
71
66
55
38
17
-8
-36
-66
-96
-124
-148
-168
-182
-190
-191
-185
-173
-154
-132
-105
-76
-46
-16
11
38
61
81
96
108
115
118
118
116
110
103
94
85
74
63
52
41
29
17
6
-4
-15
-24
-31
-37
-40
-41
-39
-34
-26
-16
-5
8
22
36
50
63
75
84
90
93
93
88
80
68
53
35
14
-7
-30
-53
-75
-97
-117
-135
-150
-164
-174
-182
-186
-187
-185
-179
-169
-157
-142
-125
-107
-89
-71
-55
-41
-30
-22
-19
-20
-25
-35
-48
-65
-85
-107
-131
-155
-180
-204
-226
-247
-265
-280
-291
-296
-295
-287
-271
-247
-215
-174
-125
-69
-7
59
127
197
265
330
389
442
488
525
553
572
583
585
580
569
552
530
503
473
440
403
363
320
275
228
179
129
80
32
-12
-53
-90
-122
-148
-167
-180
-187
-189
-185
-177
-165
-151
-134
-115
-96
-76
-57
-39
-23
-8
3
13
20
24
25
24
21
16
8
-1
-12
-25
-40
-57
-74
-93
-112
-131
-150
-169
-186
-202
-216
-227
-235
-240
-242
-240
-235
-227
-217
-205
-191
-176
-161
-145
-129
-113
-97
-81
-66
-51
-37
-23
-9
3
16
28
41
53
66
78
91
103
115
127
139
150
160
170
179
186
193
198
201
201
200
195
187
176
162
144
124
101
77
50
22
-6
-34
-63
-91
-118
-143
-167
-188
-207
-224
-237
-247
-253
-256
-255
-250
-241
-229
-212
-193
-171
-146
-119
-91
-61
-32
-3
25
52
78
101
122
140
155
167
175
179
180
177
170
158
144
125
103
78
51
22
-7
-37
-65
-90
-112
-127
-137
-139
-134
-121
-102
-76
-46
-14
18
51
80
104
121
131
133
127
111
88
57
20
-21
-65
-110
-153
-193
-225
-250
-264
-266
-256
-234
-199
-151
-93
-26
48
128
212
296
377
454
522
579
622
650
661
653
627
584
524
450
366
274
177
80
-14
-102
-183
-253
-311
-357
-391
-414
-425
-428
-422
-411
-395
-375
-354
-331
-308
-284
-260
-236
-211
-185
-159
-131
-102
-72
-42
-11
17
46
73
99
123
145
166
185
203
220
236
251
265
278
289
299
306
311
313
312
308
301
291
278
262
245
227
207
188
168
149
131
113
97
81
65
50
35
20
4
-12
-29
-48
-69
-91
-114
-138
-162
-186
-209
-231
-250
-267
-282
-292
-300
-304
-305
-304
-299
-293
-286
-277
-267
-256
-245
-233
-221
-208
-193
-178
-161
-143
-123
-101
-78
-54
-30
-5
18
40
60
78
93
105
113
118
120
119
115
108
98
86
70
52
30
6
-21
-51
-83
-117
-152
-186
-218
-248
-274
-294
-308
-315
-314
-304
-286
-260
-227
-188
-144
-96
-47
0
46
89
127
158
182
198
205
205
198
184
165
142
117
91
66
44
27
14
7
7
12
24
41
62
85
110
134
156
174
187
194
194
187
174
155
130
102
72
41
11
-15
-40
-59
-74
-83
-87
-87
-83
-75
-65
-54
-44
-35
-28
-24
-23
-26
-33
-42
-54
-67
-80
-92
-102
-109
-112
-111
-106
-98
-86
-72
-55
-38
-20
-2
14
30
45
58
70
81
91
99
108
115
123
130
137
144
151
157
163
167
170
172
171
169
164
157
148
138
125
112
97
82
67
52
38
25
13
1
-7
-16
-23
-29
-33
-37
-40
-42
-43
-44
-45
-46
-46
-47
-48
-49
-49
-49
-48
-45
-40
-33
-25
-14
-2
11
25
40
54
67
78
87
93
96
96
92
85
76
63
49
33
17
1
-14
-28
-39
-48
-55
-58
-58
-56
-52
-45
-38
-29
-20
-12
-4
2
7
11
12
12
10
6
1
-4
-11
-19
-26
-33
-39
-44
-48
-50
-50
-49
-47
-44
-41
-37
-33
-29
-25
-22
-18
-15
-10
-5
1
9
19
31
44
58
74
89
102
114
123
128
128
123
112
95
73
47
16
-18
-54
-92
-130
-167
-202
-235
-265
-291
-314
-332
-347
-358
-364
-367
-365
-359
-348
-332
-311
-285
-253
-216
-175
-129
-80
-30
21
71
118
161
198
228
250
263
267
263
250
230
204
174
141
108
76
46
22
3
-8
-13
-11
-2
12
32
55
80
104
127
147
162
171
174
170
159
142
120
94
64
34
4
-22
-46
-64
-76
-80
-76
-64
-44
-18
14
50
89
128
166
199
227
247
259
261
253
236
211
177
138
93
46
-1
-48
-94
-136
-173
-205
-230
-249
-261
-266
-264
-257
-246
-231
-213
-194
-173
-154
-135
-117
-101
-86
-74
-63
-54
-47
-40
-35
-29
-25
-20
-15
-11
-6
-1
3
9
15
22
30
38
47
58
69
81
93
105
117
128
137
144
148
148
145
137
125
109
90
67
42
16
-10
-36
-60
-81
-98
-109
-114
-113
-104
-88
-66
-37
-5
31
69
108
145
180
211
238
258
272
280
280
274
262
245
222
196
166
134
101
67
34
3
-25
-51
-71
-87
-96
-100
-97
-88
-73
-54
-31
-6
18
42
63
81
92
96
93
81
59
28
-11
-59
-116
-180
-248
-320
-394
-467
-536
-601
-658
-706
-743
-767
-779
-776
-760
-729
-686
-631
-565
-491
-409
-324
-236
-149
-63
18
94
164
228
284
332
374
408
436
458
474
487
496
502
506
508
509
508
507
504
500
493
484
472
456
436
412
383
350
314
274
231
188
143
99
57
16
-20
-54
-85
-112
-135
-154
-170
-182
-192
-199
-204
-206
-206
-203
-199
-193
-185
-177
-168
-160
-152
-145
-139
-135
-133
-133
-134
-136
-140
-144
-148
-153
-157
-161
-165
-167
-169
-169
-169
-167
-163
-158
-152
-143
-132
-119
-103
-85
-64
-41
-17
8
35
62
88
113
136
156
173
186
195
201
203
202
198
191
181
169
155
140
124
107
91
76
62
51
42
37
35
37
42
49
59
71
83
95
106
116
125
131
136
138
138
135
130
122
112
99
82
63
40
14
-13
-42
-73
-103
-132
-158
-178
-192
-198
-196
-184
-162
-132
-93
-48
1
52
104
153
197
233
260
277
283
278
262
237
205
169
131
95
63
37
20
12
14
26
46
73
105
139
173
205
232
252
264
267
260
243
218
184
144
99
51
2
-46
-92
-135
-174
-207
-236
-259
-278
-292
-303
-312
-319
-325
-332
-339
-347
-357
-367
-379
-390
-401
-411
-418
-422
-422
-418
-408
-393
-374
-350
-322
-291
-258
-224
-190
-157
-127
-100
-77
-58
-45
-36
-33
-35
-42
-52
-65
-80
-95
-110
-122
-130
-133
-130
-120
-103
-78
-46
-6
39
91
147
204
262
318
370
416
455
484
504
513
513
503
487
465
439
411
384
359
338
321
309
301
296
294
291
287
278
263
239
207
166
115
55
-11
-84
-159
-234
-307
-375
-435
-486
-526
-554
-570
-574
-567
-550
-525
-493
-455
-414
-372
-330
-289
-251
-216
-184
-156
-130
-107
-86
-67
-47
-28
-9
10
31
51
71
91
109
126
141
153
164
172
178
184
188
193
198
205
214
225
238
252
267
281
294
303
307
306
298
283
260
229
191
147
97
45
-8
-62
-113
-159
-198
-229
-250
-261
-261
-251
-231
-204
-170
-132
-92
-52
-15
18
46
68
83
92
94
92
86
78
69
60
54
51
51
55
63
75
89
104
120
136
151
163
171
176
177
173
166
154
138
119
98
76
52
28
5
-16
-37
-57
-75
-91
-105
-117
-128
-137
-145
-152
-157
-161
-163
-163
-162
-159
-155
-148
-140
-130
-118
-105
-91
-75
-58
-40
-20
0
23
46
71
97
123
149
174
198
221
240
255
266
271
271
265
253
235
212
185
156
124
93
63
36
13
-4
-16
-23
-24
-21
-15
-7
0
6
8
4
-5
-23
-49
-81
-119
-160
-202
-244
-281
-313
-337
-351
-355
-348
-331
-306
-273
-236
-196
-155
-117
-82
-54
-31
-16
-9
-8
-12
-22
-34
-48
-63
-77
-90
-101
-109
-114
-117
-118
-118
-115
-112
-108
-104
-99
-94
-89
-84
-78
-71
-62
-52
-40
-24
-6
15
39
66
96
126
158
190
221
250
276
300
320
336
348
357
362
364
363
359
353
345
335
323
308
290
269
243
214
180
141
99
53
5
-44
-93
-140
-185
-226
-261
-292
-317
-336
-350
-358
-362
-362
-359
-353
-344
-333
-320
-305
-288
-269
-248
-224
-198
-170
-140
-109
-75
-41
-7
26
58
88
116
140
161
178
191
201
208
211
213
214
214
214
214
216
219
224
230
238
246
254
262
268
272
273
270
263
250
233
211
185
155
122
86
49
12
-25
-62
-98
-133
-167
-198
-227
-254
-277
-297
-312
-324
-330
-332
-328
-320
-306
-288
-267
-243
-217
-192
-166
-143
-122
-104
-89
-79
-72
-68
-69
-72
-79
-88
-98
-110
-122
-133
-142
-149
-153
-152
-147
-137
-122
-104
-81
-55
-27
1
30
59
86
110
132
150
164
174
181
184
185
183
179
174
169
163
157
152
147
143
140
138
136
136
138
141
147
155
167
182
200
220
243
268
293
317
339
358
372
380
382
376
361
338
305
263
213
156
91
21
-52
-128
-205
-280
-352
-419
-480
-534
-578
-613
-637
-651
-655
-648
-633
-608
-577
-539
-496
-450
-402
-353
-305
-259
-216
-176
-141
-109
-82
-59
-38
-20
-3
12
28
44
61
79
98
117
138
158
178
198
216
234
250
264
276
287
295
301
306
308
309
310
309
309
309
309
311
314
319
324
331
338
345
351
355
357
356
351
342
327
306
280
248
210
166
119
67
13
-42
-98
-153
-207
-257
-305
-348
-386
-419
-447
-469
-486
-496
-501
-500
-494
-482
