483
485
482
476
466
452
437
420
401
382
361
340
316
289
260
226
188
145
98
46
-7
-64
-122
-178
-232
-281
-324
-361
-389
-409
-420
-423
-417
-406
-388
-366
-342
-315
-288
-261
-236
-212
-190
-171
-154
-140
-128
-118
-109
-100
-92
-82
-71
-58
-42
-23
-1
23
50
79
109
139
167
192
215
232
245
252
253
247
236
220
200
177
151
125
99
74
51
32
17
6
0
-2
0
6
15
25
37
48
57
64
67
65
59
48
33
14
-7
-31
-55
-79
-102
-122
-139
-153
-162
-167
-169
-166
-160
-152
-141
-128
-114
-101
-88
-76
-67
-61
-58
-59
-64
-73
-85
-100
-116
-134
-151
-167
-180
-189
-193
-192
-185
-172
-154
-130
-103
-73
-42
-11
17
44
66
85
98
106
109
107
101
92
80
67
53
38
25
14
5
-1
-4
-4
-1
3
10
17
25
32
39
43
46
47
46
42
38
33
28
23
20
19
21
26
36
49
66
87
111
136
163
189
214
235
253
266
273
274
268
257
239
217
190
160
126
91
55
18
-17
-52
-86
-118
-147
-173
-195
-213
-227
-236
-241
-241
-236
-227
-215
-199
-181
-161
-140
-118
-97
-76
-55
-36
-19
-3
10
22
32
40
46
50
53
55
56
57
59
61
65
69
74
80
86
92
96
99
100
99
94
86
76
62
45
26
5
-15
-37
-58
-77
-93
-107
-117
-123
-126
-125
-120
-113
-104
-92
-78
-63
-47
-30
-14
0
14
26
36
42
44
44
40
34
26
16
6
-2
-10
-16
-20
-21
-20
-15
-8
1
13
27
43
60
76
91
105
115
120
120
114
101
82
56
23
-13
-55
-99
-144
-189
-231
-269
-301
-327
-345
-355
-357
-351
-338
-318
-293
-264
-231
-195
-159
-121
-84
-48
-13
19
50
78
103
126
145
161
174
183
189
191
190
186
178
166
151
133
111
87
60
32
2
-28
-59
-89
-117
-143
-165
-184
-197
-205
-208
-205
-196
-181
-162
-139
-113
-85
-55
-25
3
32
59
84
108
129
149
166
181
193
204
211
216
218
218
215
209
200
189
176
160
142
123
103
83
62
43
25
9
-3
-13
-18
-20
-17
-11
0
13
31
52
75
99
124
150
174
197
217
234
246
254
255
251
240
223
200
172
139
103
63
22
-19
-61
-100
-138
-172
-201
-226
-246
-260
-268
-271
-269
-261
-249
-232
-212
-189
-164
-137
-110
-82
-56
-30
-7
13
31
46
58
67
72
75
75
74
71
67
63
59
57
56
57
59
64
70
78
86
94
102
108
114
119
122
124
125
125
124
123
121
119
117
114
111
106
100
92
82
70
56
40
21
2
-18
-38
-59
-78
-95
-109
-121
-129
-134
-136
-135
-132
-126
-120
-112
-106
-99
-94
-91
-89
-88
-89
-92
-94
-98
-100
-102
-103
-102
-99
-93
-86
-76
-65
-52
-37
-22
-7
6
20
32
41
47
50
49
43
32
17
-2
-26
-53
-83
-115
-146
-177
-205
-229
-249
-263
-269
-268
-258
-239
-212
-176
-134
-85
-31
25
83
140
194
242
284
316
338
348
345
331
304
266
217
160
97
29
-40
-110
-176
-238
-293
-339
-376
-402
-418
-424
-419
-405
-383
-354
-318
-278
-233
-185
-134
-83
-30
21
72
122
168
210
247
279
304
323
334
339
337
328
314
296
274
249
224
198
173
150
129
111
96
84
76
70
68
68
70
73
78
83
88
93
97
99
100
99
95
89
80
69
55
39
20
0
-20
-42
-64
-84
-102
-118
-129
-137
-140
-139
-133
-123
-111
-95
-78
-61
-43
-26
-10
3
15
26
34
41
48
54
60
68
76
85
96
107
118
128
136
141
141
135
123
105
80
50
14
-24
-65
-106
-147
-185
-219
-249
-274
-294
-307
-315
-317
-313
-304
-289
-269
-246
-218
-187
-153
-117
-79
-40
-1
37
75
111
146
178
207
232
254
271
284
292
294
292
284
272
254
233
208
181
152
122
92
64
37
14
-5
-21
-33
-41
-45
-46
-45
-42
-39
-36
-35
-36
-41
-50
-64
-83
-107
-134
-166
-200
-235
-271
-306
-338
-368
-394
-415
-431
-440
-444
-440
-429
-411
-386
-354
-316
-272
-222
-169
-112
-54
4
62
119
173
224
272
315
354
389
418
442
461
474
482
482
477
464
444
417
383
341
293
238
179
116
51
-13
-76
-135
-188
-234
-271
-299
-316
-324
-322
-312
-295
-272
-245
-215
-184
-152
-121
-91
-63
-36
-11
11
33
52
70
85
97
107
113
115
114
109
101
89
76
61
45
30
16
5
-3
-8
-9
-7
-2
5
14
24
33
42
47
50
48
43
32
18
0
-21
-44
-69
-94
-118
-139
-157
-172
-181
-185
-183
-175
-160
-138
-110
-75
-33
14
68
127
190
256
322
388
450
508
558
598
628
645
649
638
614
576
526
465
396
319
239
156
74
-4
-77
-144
-202
-251
-289
-315
-331
-337
-332
-319
-298
-271
-240
-206
-170
-135
-102
-71
-44
-21
-4
7
15
18
16
12
6
-1
-8
-15
-21
-24
-26
-26
-24
-22
-19
-18
-17
-19
-22
-28
-35
-44
-55
-66
-78
-89
-100
-111
-120
-129
-136
-142
-147
-151
-154
-155
-154
-152
-148
-143
-136
-127
-117
-106
-93
-80
-66
-51
-38
-25
-13
-4
3
8
11
12
12
10
8
7
5
4
4
5
6
8
8
8
6
2
-5
-15
-30
-47
-68
-92
-119
-147
-174
-201
-225
-245
-260
-268
-267
-258
-240
-213
-177
-134
-83
-28
29
88
146
201
250
291
324
347
359
360
351
332
304
269
228
184
138
91
45
1
-39
-76
-109
-137
-161
-181
-197
-209
-219
-225
-230
-233
-235
-235
-235
-233
-231
-228
-224
-220
-214
-208
-200
-190
-177
-162
-145
-124
-99
-72
-42
-10
23
57
90
122
152
178
200
218
230
237
239
236
229
217
203
186
167
147
126
105
85
67
49
34
20
9
0
-6
-10
-12
-11
-8
-4
2
10
19
30
41
54
67
80
94
108
121
134
146
157
165
172
175
177
175
171
164
155
143
129
114
97
78
59
40
20
2
-15
-30
-42
-50
-53
-51
-43
-29
-8
17
49
85
123
162
200
235
266
289
305
313
311
300
280
252
218
178
133
86
36
-14
-65
-115
-165
-212
-257
-300
-339
-373
-403
-427
-445
-455
-457
-451
-436
-411
-378
-337
-288
-234
-176
-117
-59
-5
42
83
114
134
144
145
136
121
100
77
52
30
11
-3
-11
-14
-10
-1
11
28
47
66
84
101
114
124
131
133
132
127
120
111
100
87
73
58
41
23
2
-19
-44
-71
-100
-131
-163
-195
-227
-257
-284
-308
-327
-341
-349
-350
-343
-329
-307
-277
-239
-193
-141
-82
-19
47
117
187
257
324
387
444
493
532
561
579
585
578
559
528
486
434
373
305
233
157
80
4
-69
-138
-202
-260
-311
-355
-393
-425
-451
-473
-491
-505
-516
-523
-526
-524
-519
-508
-492
-471
-445
-413
-377
-337
-293
-247
-200
-152
-104
-58
-15
23
59
88
112
130
141
146
145
139
130
118
105
94
84
79
79
85
97
115
138
166
199
235
273
312
351
389
426
460
492
520
543
561
574
579
576
565
544
514
474
425
368
303
233
159
83
8
-62
-129
-188
-239
-280
-310
-330
-340
-340
-331
-316
-295
-271
-244
-216
-189
-163
-139
-118
-99
-82
-68
-57
-47
-39
-32
-28
-25
-23
-23
-25
-28
-32
-36
-41
-45
-48
-49
-49
-45
-39
-30
-17
0
18
41
65
91
118
144
169
192
211
225
235
240
238
230
217
197
172
141
107
68
27
-16
-60
-103
-144
-182
-215
-243
-264
-277
-283
-281
-270
-251
-224
-190
-149
-104
-55
-4
47
97
144
186
221
248
266
274
272
258
235
201
158
108
52
-7
-69
-132
-192
-247
-297
-339
-372
-396
-410
-415
-411
-399
-381
-357
-328
-297
-265
-232
-200
-171
-144
-122
-103
-89
-80
-76
-76
-81
-89
-100
-113
-128
-143
-158
-171
-182
-188
-191
-187
-178
-163
-140
-112
-77
-37
7
56
107
160
212
263
311
356
397
431
460
481
494
498
494
480
456
423
382
334
281
224
167
111
60
16
-18
-42
-54
-54
-43
-23
3
35
68
98
122
138
143
136
116
85
44
-5
-59
-116
-172
-223
-269
-306
-333
-350
-357
-354
-343
-324
-301
-274
-246
-219
-195
-174
-157
-145
-137
-133
-133
-135
-137
-139
-140
-138
-133
-124
-111
-94
-72
-47
-19
10
43
76
109
141
172
201
227
250
269
286
300
311
319
325
329
331
332
333
332
331
329
327
323
317
308
297
282
264
241
214
183
149
112
75
37
1
-31
-59
-83
-101
-112
-118
-116
-110
-98
-84
-67
-49
-32
-18
-6
0
1
-3
-12
-28
-48
-72
-98
-127
-155
-183
-209
-232
-251
-266
-276
-281
-280
-275
-265
-251
-233
-212
-189
-164
-139
-114
-90
-67
-45
-25
-7
8
22
34
45
53
61
67
73
77
82
85
89
93
97
101
106
113
121
131
143
157
173
190
208
225
241
254
264
268
266
258
244
224
198
169
137
104
70
38
8
-18
-42
-63
-81
-97
-111
-123
-136
-148
-161
-174
-187
-201
-215
-228
-241
-254
-265
-275
-284
-292
-301
-309
-319
-329
-340
-353
-365
-378
-390
-400
-406
-409
-407
-398
-384
-363
-336
-302
-263
-220
-172
-122
-69
-17
35
85
134
179
221
259
292
320
343
361
374
382
384
380
372
359
342
323
300
277
253
230
207
187
169
152
139
127
117
109
101
94
87
79
71
62
52
42
30
19
9
0
-7
-12
-14
-14
-10
-3
5
16
27
38
48
56
61
63
63
59
54
46
38
29
20
11
2
-7
-17
-29
-42
-58
-78
-100
-126
-156
-188
-222
-258
-293
-327
-358
-385
-406
-419
-424
-421
-407
-385
-354
-315
-270
-220
-169
-117
-68
-22
18
52
80
102
117
127
133
135
135
134
132
131
131
132
136
143
153
167
185
206
231
258
285
312
336
356
372
380
381
375
360
336
305
267
222
171
117
59
1
-55
-110
-161
-205
-242
-270
-289
-299
-299
-290
-273
-248
-218
-182
-144
-104
-64
-25
9
41
68
88
102
110
110
104
92
76
56
33
10
-12
-33
-52
-68
-80
-88
-92
-92
-90
-86
-80
-75
-69
-66
-64
-65
-69
-76
-87
-100
-116
-134
-154
-174
-193
-210
-223
-232
-234
-228
-214
-191
-160
-120
-74
-21
35
94
154
214
271
325
374
419
459
494
524
550
571
589
603
613
621
625
626
624
618
608
593
572
545
511
470
422
366
304
235
160
81
0
-84
-168
