65
64
66
73
82
94
108
124
140
158
176
196
216
239
263
290
320
354
392
434
478
526
574
622
666
705
735
753
755
740
704
645
562
456
327
178
13
-164
-347
-529
-704
-865
-1005
-1118
-1199
-1246
-1257
-1232
-1172
-1082
-966
-830
-681
-525
-369
-219
-80
42
147
232
298
346
377
395
402
402
399
394
391
389
390
393
396
397
392
379
355
317
263
193
106
5
-107
-229
-354
-478
-596
-703
-796
-870
-924
-957
-967
-956
-924
-874
-807
-726
-634
-533
-427
-316
-205
-95
10
111
206
292
369
435
490
533
564
583
590
587
575
555
528
497
464
429
395
362
332
303
275
248
219
187
150
106
55
-4
-73
-149
-231
-317
-402
-483
-555
-614
-655
-674
-668
-636
-576
-490
-380
-250
-104
50
208
363
507
637
746
833
897
937
958
963
959
950
943
943
955
981
1020
1070
1128
1187
1239
1278
1294
1281
1232
1144
1013
842
632
388
119
-166
-459
-750
-1028
-1284
-1510
-1699
-1848
-1954
-2015
-2034
-2012
-1955
-1868
-1755
-1624
-1480
-1328
-1174
-1021
-872
-730
-597
-473
-360
-256
-163
-78
-3
64
124
178
226
268
304
336
363
385
402
415
422
424
421
413
401
386
368
349
330
312
297
285
278
276
279
287
299
316
335
356
377
396
413
426
433
434
428
414
394
368
337
303
267
231
197
167
142
122
108
100
96
97
101
106
110
114
114
112
105
94
79
61
41
20
1
-15
-28
-37
-40
-38
-31
-21
-9
3
13
18
16
6
-14
-47
-92
-149
-219
-300
-391
-490
-595
-703
-810
-914
-1010
-1095
-1165
-1217
-1247
-1252
-1232
-1185
-1112
-1015
-896
-758
-606
-444
-278
-111
49
201
341
465
573
663
735
791
831
860
879
892
902
913
926
943
965
991
1018
1042
1060
1066
1055
1021
961
871
750
597
416
210
-14
-252
-495
-733
-960
-1165
-1343
-1485
-1587
-1645
-1658
-1626
-1552
-1438
-1292
-1119
-928
-726
-522
-322
-134
39
194
329
445
543
627
698
762
820
877
934
992
1051
1111
1170
1224
1272
1309
1334
1341
1330
1299
1247
1174
1081
971
846
710
566
418
269
122
-19
-155
-282
-400
-507
-604
-689
-763
-827
-879
-921
-954
-980
-998
-1012
-1023
-1031
-1038
-1044
-1049
-1053
-1053
-1049
-1039
-1020
-991
-950
-897
-832
-754
-664
-564
-455
-340
-221
-99
22
144
263
379
492
602
707
810
908
1003
1094
1180
1259
1330
1392
1442
1478
1498
1501
1485
1448
1390
1312
1213
1096
962
813
653
484
311
137
-33
-197
-350
-490
-612
-715
-798
-859
-898
-917
-917
-902
-875
-839
-798
-757
-718
-684
-656
-637
-624
-618
-616
-616
-615
-611
-600
-581
-551
-511
-460
-399
-332
-261
-191
-126
-70
-29
-7
-6
-30
-78
-150
-245
-358
-486
-621
-759
-892
-1013
-1116
-1195
-1245
-1262
-1243
-1187
-1094
-964
-800
-605
-383
-138
122
394
671
947
1214
1466
1698
1904
2080
2222
2328
2396
2425
2417
2374
2296
2189
2054
1898
1724
1536
1338
1135
929
722
516
311
107
-94
-295
-496
-695
-892
-1084
-1268
-1441
-1597
-1732
-1843
-1924
-1973
-1989
-1972
-1922
-1842
-1736
-1609
-1467
-1314
-1157
-1002
-851
-710
-581
-464
-361
-270
-190
-118
-54
6
66
126
188
255
325
401
481
564
650
735
819
900
976
1044
1103
1152
1189
1214
1224
1219
1199
1164
1113
1047
968
877
777
668
556
441
327
215
109
10
-81
-164
-240
-308
-370
-425
-475
-520
-563
-602
-640
-677
-713
-749
-785
-823
-862
-903
-944
-985
-1024
-1060
-1090
-1111
-1122
-1120
-1103
-1068
-1015
-942
-849
-736
-603
-452
-284
-100
95
299
508
717
921
1116
1295
1455
1592
1701
1780
1828
1844
1829
1784
1713
1619
1505
1378
1240
1098
955
815
682
557
443
340
248
166
93
26
-34
-94
-153
-213
-276
-342
-411
-482
-555
-628
-700
-769
-835
-897
-953
-1005
-1051
-1092
-1130
-1165
-1198
-1230
-1262
-1293
-1323
-1349
-1372
-1387
-1394
-1388
-1369
-1333
-1280
-1209
-1120
-1016
-897
-768
-631
-490
-349
-212
-80
43
158
264
362
454
542
628
713
800
889
979
1070
1158
1242
1317
1381
1431
1464
1479
1475
1453
1413
1357
1286
1202
1106
999
884
760
628
490
347
202
57
-84
-218
-339
-444
-527
-586
-618
-619
-592
-535
-453
-347
-224
-89
52
194
331
456
565
655
721
764
781
776
750
708
653
592
528
467
412
366
330
304
286
272
260
244
220
185
135
69
-13
-113
-228
-355
-492
-635
-781
-927
-1071
-1210
-1343
-1468
-1583
-1689
-1784
-1867
-1938
-1997
-2041
-2071
-2084
-2080
-2058
-2015
-1951
-1866
-1759
-1632
-1485
-1321
-1142
-952
-752
-547
-339
-129
78
286
492
696
901
1105
1310
1515
1717
1915
2104
2280
2437
2570
2672
2740
2769
2758
2705
2612
2480
2314
2118
1896
1655
1400
1137
869
601
338
83
-160
-391
-606
-801
-976
-1126
-1251
-1347
-1413
-1448
-1450
-1420
-1358
-1267
-1149
-1009
-852
-682
-508
-334
-167
-13
125
244
340
413
464
492
500
492
470
440
407
375
350
337
340
362
406
472
559
661
775
892
1004
1101
1175
1216
1219
1176
1086
948
764
539
278
-10
-318
-634
-950
-1257
-1546
-1809
-2041
-2237
-2393
-2506
-2576
-2600
-2580
-2517
-2412
-2268
-2088
-1877
-1638
-1379
-1104
-823
-541
-267
-8
227
436
611
749
849
910
935
925
885
820
735
634
524
408
291
175
64
-40
-136
-223
-300
-368
-425
-473
-512
-543
-566
-582
-589
-589
-580
-562
-534
-497
-450
-394
-331
-262
-191
-120
-51
10
66
112
151
182
209
234
262
297
341
399
471
560
664
782
910
1045
1182
1316
1444
1561
1663
1749
1816
1865
1895
1908
1907
1894
1870
1839
1803
1762
1718
1671
1620
1564
1504
1436
1362
1280
1189
1088
976
852
716
564
396
211
7
-213
-452
-707
-974
-1251
-1533
-1814
-2088
-2348
-2587
-2800
-2978
-3117
-3213
-3262
-3263
-3217
-3126
-2994
-2827
-2632
-2413
-2178
-1934
-1684
-1434
-1187
-945
-713
-491
-283
-90
84
237
368
474
555
610
642
653
647
627
599
567
534
503
476
453
436
423
415
411
412
418
429
448
475
511
558
614
680
754
833
914
994
1067
1128
1172
1194
1189
1154
1085
982
845
678
485
274
52
-170
-383
-575
-738
-863
-943
-973
-953
-881
-760
-595
-391
-155
105
382
668
955
1235
1502
1750
1972
2165
2323
2444
2525
2564
2562
2518
2434
2313
2160
1979
1777
1559
1333
1105
883
671
476
301
149
19
-88
-177
-252
-317
-380
-446
-521
-610
-714
-836
-974
-1125
-1285
-1448
-1608
-1758
-1894
-2010
-2104
-2172
-2215
-2232
-2226
-2198
-2150
-2085
-2004
-1910
-1803
-1685
-1557
-1418
-1272
-1117
-957
-793
-628
-464
-305
-155
-16
107
213
299
364
407
430
433
420
394
358
316
273
231
194
164
144
134
136
148
170
201
238
281
326
371
412
449
477
496
503
497
479
448
407
359
306
253
204
163
134
118
119
136
168
213
266
325
383
435
476
502
509
495
457
397
313
209
86
-51
-201
-357
-516
-671
-818
-951
-1065
-1155
-1217
-1248
-1245
-1208
-1136
-1031
-897
-737
-558
-366
-169
23
205
367
502
606
674
706
702
667
605
523
429
332
238
153
82
28
-10
-35
-51
-63
-78
-102
-142
-204
-291
-406
-547
-713
-898
-1096
-1296
-1490
-1667
-1818
-1932
-2003
-2026
-1998
-1920
-1792
-1619
-1408
-1163
-892
-602
-298
14
333
655
979
1304
1631
1957
2280
2597
2903
3188
3444
3661
3828
3934
3974
3941
3836
3660
3420
3125
2785
2414
2023
1622
1221
828
446
79
-273
-611
-936
-1249
-1550
-1840
-2115
-2375
-2612
-2823
-3000
-3137
-3227
-3264
-3244
-3165
-3027
-2832
-2585
-2295
-1970
-1622
-1261
-901
-550
-220
80
346
574
760
905
1010
1078
1113
1120
1102
1066
1017
958
894
830
770
715
669
633
610
600
602
618
644
681
724
772
821
868
911
946
970
981
978
960
926
876
814
739
657
569
480
393
313
242
183
138
106
87
79
78
79
76
64
37
-10
-83
-185
-318
-481
-673
-890
-1126
-1375
-1629
-1878
-2112
-2322
-2498
-2631
-2713
-2737
-2697
-2592
-2418
-2179
-1877
-1518
-1112
-666
-194
291
779
1255
1707
2124
2495
2812
3070
3262
3390
3451
3451
3392
3283
3129
2939
2721
2483
2232
1974
1715
1457
1202
952
707
466
229
-5
-236
-465
-691
-912
-1128
-1336
-1536
-1726
-1905
-2070
-2220
-2355
-2471
-2568
-2644
-2695
-2720
-2717
-2682
-2615
-2515
-2381
-2214
-2017
-1793
-1546
-1280
-1003
-719
-435
-158
105
349
568
759
915
1035
1115
1156
1156
1118
1041
930
788
618
425
214
-7
-235
-463
-683
-890
-1077
-1239
-1373
-1473
-1540
-1573
-1573
-1541
-1482
-1399
-1295
-1175
-1041
-896
-741
-577
-404
-222
-28
176
392
620
857
1101
1347
1591
1826
2045
2241
2406
2535
2620
2658
2647
2585
2475
2320
2125
1898
1647
1380
1107
834
569
316
78
-143
-349
-541
-722
-897
-1068
-1237
-1408
-1578
-1746
-1908
-2059
-2193
-2300
-2375
-2409
-2396
-2331
-2211
-2033
-1800
-1515
-1185
-817
-424
-17
389
782
1149
1477
1759
1989
2162
2281
2347
2369
2352
2307
2242
2168
2091
2018
1955
1905
1868
1844
1830
1824
1821
1817
1807
1787
1755
1707
1642
1559
1459
1343
1212
1067
909
739
557
363
156
-63
-298
-546
-807
-1080
-1360
-1643
-1924
-2195
-2448
-2676
-2871
-3027
-3137
-3199
-3209
-3170
-3083
-2953
-2787
-2594
-2382
-2160
-1936
-1719
-1514
-1326
-1158
-1009
-881
-770
-673
-587
-508
-432
-355
-276
-191
-99
-1
103
214
330
451
575
703
833
964
1097
1230
1362
1490
1612
1725
1823
1901
1956
1981
1974
1931
1852
1736
1586
1407
1203
981
747
508
270
38
-183
-392
-589
-774
-948
-1113
-1272
-1426
-1574
-1715
-1845
-1959
-2050
-2109
-2128
-2098
-2010
-1859
-1640
-1352
-995
-575
-97
429
994
1585
2191
2797
3392
3964
4502
4996
5437
5815
6123
6354
6502
6559
6523
6389
6155
5822
5392
4870
4263
3582
2840
2052
1233
401
-426
-1234
-2008
-2735
-3406
-4014
-4557
-5034
-5445
-5793
-6083
-6318
-6500
-6634
-6719
-6757
-6746
-6686
-6575
-6412
-6197
-5931
-5617
-5258
-4860
-4432
-3980
-3516
-3047
-2584
-2133
-1702
-1294
-911
-552
-215
105
416
725
1037
1360
1699
2055
2429
2818
3216
3613
3999
4359
4679
4942
5135
5244
5256
5166
4969
4668
4268
3781
3221
2608
1962
1305
659
43
-522
-1025
-1453
-1798
-2057
-2228
-2314
-2322
-2258
-2133
-1957
-1743
-1500
-1242
-978
-719
-474
-250
-54
108
236
327
379
396
379
333
263
176
78
-24
-123
-213
-289
-344
-377
-385
-368
-327
-264
-183
-87
19
130
243
352
454
545
622
684
729
757
766
757
730
687
629
557
474
383
286
187
89
-5
-92
-170
-236
-288
-326
-348
-356
-351
-333
-306
-272
-235
-198
-166
-141
-126
-124
-134
-158
-195
-243
-299
-361
-426
-491
-552
-606
-651
-684
-703
-707
-698
-674
-640
-599
-553
-508
-469
-439
-422
-421
-436
-470
-521
-587
-668
-759
-860
-968
-1080
-1195
-1313
-1430
-1547
-1661
-1770
-1872
-1965
-2045
-2108
-2152
-2173
-2168
-2135
-2070
-1974
-1847
-1688
-1501
-1286
-1049
-791
-518
-231
64
367
674
984
1296
1608
1920
2232
2544
2854
3163
3468
3768
4060
