-16
-35
-63
-97
-136
-175
-212
-242
-264
-276
-277
-265
-243
-211
-170
-122
-69
-12
44
101
156
207
253
293
325
348
361
365
358
341
314
278
234
184
129
70
10
-49
-107
-161
-209
-251
-284
-307
-320
-324
-318
-303
-281
-252
-220
-186
-150
-116
-84
-55
-29
-8
9
22
33
41
48
53
58
64
71
79
88
99
110
120
129
136
139
137
129
116
96
71
40
5
-31
-70
-108
-145
-179
-209
-235
-256
-271
-280
-284
-282
-275
-263
-246
-226
-202
-177
-150
-122
-96
-71
-48
-29
-14
-3
3
5
4
0
-5
-11
-17
-19
-18
-12
-1
15
37
63
92
122
151
177
197
210
215
211
196
170
135
90
38
-19
-82
-147
-212
-275
-335
-391
-440
-483
-518
-545
-564
-574
-574
-565
-546
-516
-477
-428
-369
-301
-226
-145
-59
30
122
214
306
396
483
565
641
708
765
811
843
862
866
856
834
801
760
713
663
613
564
519
479
443
412
383
356
327
295
258
214
160
98
26
-53
-140
-229
-320
-407
-488
-559
-617
-662
-692
-705
-705
-690
-664
-630
-589
-544
-499
-455
-415
-381
-354
-335
-323
-318
-319
-324
-332
-341
-347
-349
-344
-330
-305
-268
-217
-153
-76
12
113
222
337
455
571
682
783
871
940
988
1011
1008
977
919
836
730
604
465
318
168
23
-111
-231
-332
-410
-465
-496
-504
-493
-463
-420
-366
-305
-240
-172
-104
-37
27
90
150
206
259
308
351
388
417
435
442
434
412
374
320
250
165
67
-39
-153
-270
-386
-498
-602
-694
-772
-834
-877
-902
-906
-891
-856
-802
-731
-643
-540
-425
-299
-167
-30
107
241
368
485
586
669
730
767
778
762
722
657
573
474
364
249
135
27
-69
-152
-217
-263
-290
-298
-288
-264
-226
-180
-127
-71
-15
38
87
132
171
203
231
253
272
288
302
315
327
338
346
350
349
340
322
291
248
191
119
34
-62
-170
-286
-406
-526
-644
-754
-852
-937
-1003
-1050
-1075
-1077
-1057
-1015
-953
-873
-778
-671
-555
-435
-313
-194
-80
25
122
208
283
345
396
436
465
486
499
506
508
506
501
493
483
472
460
447
433
419
404
389
375
361
348
336
324
312
300
288
274
258
240
218
193
165
135
101
66
29
-7
-44
-79
-112
-142
-169
-191
-210
-224
-233
-238
-239
-235
-226
-214
-196
-175
-149
-120
-89
-57
-24
6
33
56
73
82
84
79
67
48
25
0
-28
-55
-81
-104
-122
-135
-143
-146
-144
-138
-129
-118
-106
-94
-82
-71
-62
-54
-48
-42
-37
-32
-27
-21
-14
-5
5
17
32
48
66
86
107
128
148
168
184
197
205
205
198
182
158
124
82
33
-20
-76
-133
-187
-236
-276
-305
-322
-325
-313
-288
-250
-201
-143
-80
-15
49
110
165
213
250
277
293
298
293
280
260
234
204
172
141
111
84
61
43
30
23
20
20
23
27
30
30
27
19
6
-11
-35
-64
-95
-127
-159
-188
-211
-227
-234
-230
-215
-187
-147
-96
-37
29
100
171
239
300
349
384
400
396
370
323
253
165
60
-56
-180
-306
-427
-540
-637
-715
-771
-802
-807
-787
-743
-677
-594
-496
-389
-278
-167
-60
38
126
201
261
304
331
342
338
319
290
250
203
152
100
48
0
-40
-73
-96
-106
-104
-87
-57
-14
41
106
179
256
334
409
479
539
587
622
641
646
634
608
569
517
455
385
308
227
144
61
-18
-92
-157
-212
-252
-277
-285
-275
-247
-202
-143
-73
4
85
164
236
297
341
365
366
342
293
219
122
4
-129
-275
-426
-579
-726
-863
-983
-1083
-1158
-1205
-1223
-1210
-1167
-1094
-993
-869
-723
-562
-389
-210
-28
149
322
486
640
782
912
1031
1139
1236
1323
1399
1462
1511
1542
1553
1540
1499
1429
1328
1198
1039
857
657
447
233
24
-173
-352
-508
-638
-740
-814
-860
-882
-883
-867
-837
-798
-753
-706
-659
-616
-576
-541
-511
-487
-467
-451
-437
-426
-416
-408
-400
-392
-384
-377
-370
-362
-353
-342
-328
-312
-290
-264
-231
-192
-147
-94
-35
29
98
171
245
319
390
457
517
568
608
636
651
653
642
618
584
541
492
438
382
326
272
221
173
130
90
53
19
-12
-43
-74
-105
-137
-170
-205
-240
-276
-312
-348
-381
-412
-440
-463
-481
-492
-496
-493
-480
-459
-428
-388
-340
-284
-223
-157
-90
-23
40
99
151
194
226
247
256
253
237
210
172
126
72
14
-47
-109
-170
-229
-282
-330
-370
-401
-424
-438
-441
-436
-420
-396
-364
-326
-281
-233
-184
-134
-87
-45
-8
21
43
58
65
68
68
67
67
72
83
102
131
171
222
283
353
432
517
606
696
784
866
941
1003
1050
1079
1087
1073
1036
976
894
791
671
538
395
247
98
-46
-185
-313
-429
-532
-621
-695
-756
-805
-843
-871
-890
-901
-905
-901
-889
-869
-841
-805
-759
-705
-644
-575
-501
-423
-343
-263
-184
-109
-38
27
88
143
193
240
283
324
364
402
440
477
511
542
569
590
603
607
602
586
561
527
484
434
379
321
261
202
146
95
49
10
-22
-47
-65
-78
-85
-88
-88
-86
-83
-81
-78
-76
-75
-73
-72
-69
-65
-59
-49
-37
-22
-5
14
35
56
76
93
107
116
120
117
108
92
70
43
12
-19
-52
-84
-112
-136
-155
-167
-173
-172
-165
-154
-138
-119
-98
-77
-56
-36
-18
-3
8
17
24
28
30
29
27
22
15
5
-7
-22
-41
-63
-88
-115
-144
-175
-206
-237
-267
-295
-321
-344
-363
-379
-390
-397
-399
-396
-388
-376
-360
-340
-316
-289
-260
-229
-196
-161
-125
-89
-52
-15
21
58
95
132
168
205
241
279
317
355
394
434
473
510
544
574
597
612
616
609
590
557
512
456
391
318
242
164
88
18
-45
-99
-142
-173
-193
-202
-202
-195
-183
-168
-154
-142
-134
-133
-139
-151
-172
-198
-229
-263
-299
-333
-363
-389
-407
-416
-415
-405
-385
-355
-318
-274
-226
-176
-126
-77
-32
7
40
65
83
93
96
91
80
65
45
23
0
-22
-43
-61
-76
-86
-91
-91
-86
-75
-58
-36
-10
20
53
87
123
158
191
221
248
272
291
306
316
323
326
326
323
316
307
295
280
263
242
219
192
163
130
95
57
17
-23
-64
-105
-143
-179
-209
-234
-252
-262
-264
-259
-245
-225
-199
-169
-137
-102
-68
-35
-5
21
45
64
79
91
99
105
108
110
110
110
110
109
108
106
104
100
94
87
77
65
50
34
15
-4
-24
-45
-66
-85
-102
-117
-129
-136
-140
-138
-133
-123
-109
-92
-73
-51
-28
-4
18
41
63
83
101
118
132
144
153
160
165
167
167
165
162
156
149
142
133
123
113
102
90
78
66
53
39
25
11
-3
-17
-31
-43
-54
-63
-70
-74
-75
-73
-70
-64
-57
-50
-43
-38
-35
-35
-38
-44
-53
-65
-78
-93
-108
-123
-135
-145
-152
-155
-154
-148
-139
-125
-109
-89
-66
-42
-17
8
33
57
80
101
119
135
148
158
165
170
173
174
174
173
172
170
168
165
161
156
148
138
123
103
79
49
13
-26
-70
-116
-163
-208
-251
-290
-321
-346
-361
-366
-361
-346
-322
-289
-249
-203
-154
-103
-52
-4
39
78
109
133
148
155
153
143
127
104
78
48
18
-11
-39
-63
-83
-97
-104
-106
-102
-92
-79
-62
-43
-22
-2
16
33
48
60
70
76
80
82
81
79
75
70
65
58
52
45
39
32
26
21
16
13
10
10
10
12
14
17
21
25
28
31
34
36
37
38
39
40
40
40
39
38
36
34
31
27
24
20
17
14
11
9
8
6
5
4
2
1
0
-2
-4
-6
-8
-9
-10
-11
-11
-11
-10
-8
-6
-4
-1
0
1
2
1
-1
-7
-14
-24
-36
-50
-66
-83
-100
-116
-132
-145
-157
-166
-172
-176
-177
-175
-172
-166
-159
-150
-140
-128
-115
-101
-85
-68
-49
-29
-8
12
33
53
71
87
100
109
114
115
111
104
93
80
65
50
37
25
16
11
10
13
20
31
45
61
79
96
112
128
141
153
163
171
179
186
194
202
211
221
231
240
248
252
253
248
236
217
189
154
111
60
4
-56
-120
-185
-248
-307
-361
-407
-444
-471
-488
-493
-488
-474
-451
-422
-386
-348
-306
-264
-223
-183
-145
-109
-77
-48
-22
0
21
41
60
78
97
117
138
160
183
207
231
256
279
301
321
337
349
356
359
356
347
333
314
289
261
228
193
155
116
76
36
-2
-40
-76
-111
-144
-175
-203
-228
-251
-270
-285
-295
-301
-301
-295
-283
-265
-241
-211
-176
-138
-97
-55
-14
23
57
86
108
123
129
129
121
106
87
63
37
10
-15
-40
-62
-81
-95
-105
-111
-112
-109
-103
-95
-85
-73
-61
-49
-37
-26
-14
-3
9
22
36
52
70
89
109
130
152
173
193
211
226
237
245
248
247
241
232
219
204
186
166
145
123
101
77
53
27
0
-27
-57
-88
-121
-153
-185
-216
-243
-265
-282
-291
-293
-286
-272
-249
-220
-185
-147
-107
-68
-30
2
30
53
68
78
81
80
75
67
58
49
40
33
26
20
16
12
8
5
3
0
-1
-2
-2
-1
2
9
19
32
48
68
91
116
143
170
195
218
236
249
255
254
244
228
204
175
141
105
67
30
-4
-36
-64
-87
-104
-116
-123
-126
-125
-120
-113
-104
-93
-82
-70
-58
-46
-33
-21
-9
2
13
22
30
35
38
37
34
27
17
4
-9
-25
-42
-58
-73
-87
-98
-106
-111
-112
-110
-105
-97
-86
-72
-57
-39
-20
0
20
41
62
82
102
119
135
148
158
164
167
166
160
152
139
124
105
85
63
41
18
-3
-24
-42
-58
-71
-81
-86
-89
-87
-83
-77
-69
-59
-49
-38
-28
-19
-12
-6
-3
-3
-5
-11
-20
-32
-48
-66
-86
-108
-132
-156
-181
-205
-229
-252
-273
-294
-312
-329
-345
-358
-370
-379
-386
-391
-392
-391
-385
-376
-363
-345
-322
-294
-262
-226
-185
-142
-97
-51
-5
40
84
125
163
198
230
258
282
304
322
338
351
362
371
377
380
381
380
375
368
357
344
328
310
290
267
244
219
193
167
142
117
93
71
50
32
16
3
-7
-15
-20
-24
-26
-28
-29
-30
-33
-39
-47
-58
-73
-91
-113
-138
-164
-192
-221
-248
-273
-294
-311
-322
-326
-323
-312
-294
-268
-237
-201
-160
-118
-74
-32
8
47
81
112
138
159
174
185
191
191
187
179
168
154
137
120
103
87
73
61
52
46
43
43
47
53
61
71
81
93
104
114
124
131
137
141
143
143
141
138
