1096
1184
1265
1337
1394
1433
1448
1436
1394
1319
1211
1070
898
699
479
244
3
-236
-465
-675
-858
-1009
-1122
-1197
-1232
-1231
-1198
-1137
-1057
-964
-866
-767
-673
-587
-510
-442
-383
-328
-275
-219
-157
-84
2
105
227
367
524
695
875
1059
1238
1406
1553
1671
1755
1800
1801
1759
1676
1554
1400
1218
1017
802
581
360
143
-64
-259
-439
-603
-750
-879
-992
-1088
-1171
-1239
-1296
-1341
-1374
-1396
-1405
-1401
-1382
-1345
-1292
-1220
-1129
-1020
-896
-757
-606
-448
-285
-121
39
194
341
478
603
714
810
890
953
1000
1029
1039
1032
1007
964
903
826
732
622
498
359
208
47
-122
-298
-476
-652
-822
-983
-1130
-1258
-1365
-1447
-1503
-1529
-1527
-1497
-1440
-1359
-1257
-1138
-1004
-859
-708
-552
-394
-235
-78
76
229
379
527
673
816
956
1093
1227
1357
1481
1598
1708
1807
1894
1967
2024
2063
2085
2087
2071
2036
1983
1914
1829
1729
1614
1485
1341
1184
1014
833
643
448
253
63
-115
-277
-416
-529
-612
-663
-684
-677
-645
-593
-528
-455
-380
-308
-246
-196
-164
-152
-161
-194
-251
-330
-431
-549
-682
-825
-974
-1124
-1273
-1415
-1548
-1669
-1777
-1869
-1943
-1999
-2034
-2047
-2036
-2000
-1938
-1850
-1736
-1598
-1436
-1254
-1057
-847
-632
-417
-210
-16
157
305
425
514
570
595
590
560
509
443
367
289
213
144
89
49
29
29
52
96
161
245
344
455
574
696
817
932
1035
1124
1195
1244
1272
1276
1258
1219
1161
1088
1004
912
815
718
624
536
455
383
321
268
224
187
155
126
98
67
33
-6
-53
-107
-168
-234
-305
-379
-453
-524
-592
-652
-704
-747
-779
-799
-809
-808
-797
-779
-755
-727
-697
-666
-637
-611
-588
-571
-559
-553
-552
-557
-567
-579
-593
-605
-612
-613
-603
-580
-542
-487
-415
-327
-224
-109
13
139
263
380
485
572
639
682
701
696
668
619
554
475
386
290
188
83
-24
-137
-253
-375
-503
-638
-780
-926
-1076
-1225
-1368
-1502
-1618
-1711
-1774
-1800
-1783
-1719
-1603
-1435
-1215
-944
-628
-273
113
523
946
1372
1791
2191
2565
2902
3195
3438
3627
3759
3833
3851
3815
3729
3598
3426
3219
2979
2712
2421
2107
1775
1427
1067
700
331
-31
-382
-711
-1011
-1274
-1493
-1663
-1780
-1843
-1852
-1811
-1723
-1594
-1432
-1245
-1042
-834
-630
-440
-275
-141
-47
4
11
-25
-101
-208
-339
-481
-623
-753
-859
-931
-964
-954
-898
-800
-664
-499
-314
-119
72
252
409
535
625
674
682
650
583
487
368
235
97
-36
-160
-266
-349
-405
-432
-431
-400
-344
-264
-165
-52
70
195
318
434
536
622
687
728
746
739
708
656
585
499
402
298
191
87
-10
-98
-175
-237
-286
-320
-341
-353
-357
-357
-357
-359
-367
-381
-403
-431
-465
-502
-539
-571
-597
-611
-612
-598
-568
-523
-464
-394
-317
-237
-158
-85
-21
29
67
89
97
93
79
58
36
14
-2
-11
-12
-3
13
37
66
96
124
147
162
167
159
137
103
57
0
-65
-136
-211
-285
-356
-422
-482
-534
-578
-615
-647
-676
-705
-738
-778
-828
-892
-970
-1063
-1172
-1295
-1429
-1570
-1714
-1853
-1984
-2098
-2190
-2254
-2286
-2280
-2235
-2149
-2021
-1852
-1646
-1406
-1136
-844
-534
-213
111
433
746
1046
1326
1582
1812
2012
2180
2316
2419
2490
2528
2537
2519
2475
2409
2324
2223
2110
1987
1857
1721
1582
1440
1297
1154
1010
867
724
583
444
307
174
46
-76
-191
-297
-392
-473
-540
-591
-623
-636
-630
-606
-566
-512
-447
-374
-295
-214
-133
-54
21
92
157
216
267
309
341
359
362
346
309
249
164
55
-76
-228
-396
-575
-759
-941
-1114
-1273
-1411
-1523
-1607
-1659
-1677
-1661
-1612
-1531
-1418
-1278
-1113
-927
-723
-504
-274
-37
204
447
687
923
1150
1364
1559
1732
1878
1991
2069
2110
2114
2083
2023
1939
1841
1738
1637
1548
1475
1423
1391
1376
1372
1371
1362
1332
1271
1169
1018
813
552
239
-118
-510
-923
-1342
-1749
-2129
-2466
-2750
-2971
-3124
-3209
-3227
-3185
-3091
-2954
-2784
-2590
-2379
-2155
-1922
-1678
-1421
-1147
-851
-528
-176
206
616
1050
1497
1946
2384
2794
3163
3476
3719
3885
3967
3962
3871
3698
3452
3143
2782
2385
1966
1541
1125
734
380
75
-173
-358
-478
-533
-526
-466
-362
-226
-71
86
232
352
433
465
438
349
195
-22
-299
-628
-999
-1400
-1816
-2234
-2637
-3013
-3347
-3627
-3845
-3993
-4067
-4065
-3989
-3841
-3628
-3357
-3037
-2676
-2286
-1876
-1457
-1038
-628
-234
134
474
779
1048
1276
1464
1613
1723
1799
1842
1859
1852
1828
1790
1744
1693
1641
1591
1544
1503
1466
1435
1408
1384
1361
1336
1308
1271
1225
1166
1092
1001
892
765
621
461
287
101
-92
-289
-487
-680
-863
-1033
-1185
-1314
-1418
-1495
-1541
-1558
-1546
-1506
-1441
-1355
-1251
-1135
-1011
-883
-756
-632
-515
-407
-307
-218
-139
-68
-7
46
92
131
164
189
207
219
224
224
220
214
207
203
203
210
225
248
278
315
355
394
428
451
461
451
420
367
291
195
83
-39
-167
-293
-411
-513
-596
-654
-686
-691
-670
-625
-560
-478
-384
-283
-178
-72
30
129
223
309
388
459
520
570
605
622
618
589
530
437
309
143
-61
-303
-580
-888
-1222
-1576
-1942
-2312
-2676
-3024
-3346
-3630
-3866
-4042
-4149
-4177
-4118
-3965
-3716
-3366
-2918
-2373
-1740
-1027
-249
579
1438
2306
3162
3982
4745
5433
6027
6517
6893
7153
7295
7324
7248
7075
6817
6486
6094
5653
5174
4668
4144
3610
3073
2536
2003
1477
958
450
-46
-530
-997
-1444
-1865
-2256
-2613
-2930
-3203
-3431
-3613
-3748
-3839
-3889
-3903
-3887
-3846
-3785
-3711
-3627
-3535
-3438
-3335
-3226
-3108
-2979
-2835
-2675
-2495
-2295
-2072
-1829
-1565
-1284
-990
-686
-377
-71
228
514
781
1025
1240
1424
1573
1686
1763
1806
1815
1795
1748
1680
1595
1498
1395
1290
1189
1097
1016
950
900
868
852
852
864
885
911
938
962
979
984
977
953
913
855
779
687
579
457
324
181
31
-121
-274
-426
-572
-710
-837
-951
-1050
-1132
-1195
-1240
-1267
-1275
-1267
-1243
-1206
-1157
-1101
-1038
-971
-903
-834
-765
-697
-630
-562
-491
-416
-334
-242
-137
-17
117
269
436
615
804
996
1185
1364
1523
1654
1751
1804
1811
1766
1668
1520
1326
1091
824
534
233
-68
-361
-637
-889
-1112
-1305
-1469
-1605
-1718
-1813
-1897
-1973
-2048
-2122
-2197
-2272
-2342
-2404
-2451
-2474
-2467
-2421
-2330
-2189
-1993
-1741
-1434
-1076
-671
-230
238
721
1205
1677
2123
2531
2887
3184
3412
3569
3649
3655
3587
3451
3252
2999
2701
2368
2009
1634
1254
876
509
159
-166
-466
-734
-967
-1164
-1323
-1443
-1523
-1564
-1566
-1533
-1466
-1369
-1247
-1105
-949
-786
-623
-468
-326
-205
-110
-45
-11
-10
-41
-99
-180
-279
-387
-500
-609
-708
-793
-860
-905
-927
-926
-902
-857
-794
-715
-624
-524
-419
-312
-207
-105
-10
76
154
221
278
326
365
398
428
458
493
538
595
670
764
878
1013
1167
1335
1512
1692
1867
2031
2176
2295
2384
2438
2455
2435
2377
2286
2164
2014
1842
1652
1448
1233
1011
783
549
311
68
-179
-433
-691
-954
-1218
-1481
-1738
-1986
-2219
-2430
-2616
-2771
-2891
-2974
-3020
-3030
-3006
-2953
-2875
-2778
-2668
-2551
-2431
-2312
-2197
-2086
-1979
-1876
-1773
-1668
-1557
-1438
-1307
-1163
-1003
-826
-634
-425
-201
36
288
550
822
1101
1386
1672
1957
2237
2508
2765
3002
3215
3398
3546
3655
3720
3740
3713
3638
3515
3348
3140
2895
2617
2314
1991
1656
1316
977
646
331
36
-231
-470
-678
-852
-994
-1105
-1189
-1250
-1293
-1325
-1351
-1377
-1407
-1447
-1499
-1563
-1641
-1729
-1825
-1924
-2020
-2106
-2177
-2224
-2243
-2227
-2173
-2077
-1938
-1756
-1533
-1272
-980
-663
-329
10
347
669
966
1228
1446
1614
1725
1776
1766
1697
1573
1400
1186
942
678
407
140
-110
-336
-529
-682
-794
-862
-889
-879
-838
-771
-686
-591
-491
-393
-301
-217
-145
-84
-32
10
47
81
114
148
184
223
262
299
332
355
365
357
328
276
199
98
-24
-164
-316
-473
-628
-774
-904
-1013
-1095
-1149
-1174
-1171
-1142
-1091
-1022
-941
-850
-755
-659
-564
-471
-383
-299
-219
-141
-65
10
86
165
248
336
430
533
645
769
905
1056
1222
1403
1600
1810
2028
2250
2468
2673
2856
3006
3112
3165
3157
3081
2936
2720
2437
2094
1699
1265
807
339
-122
-563
-968
-1327
-1631
-1874
-2053
-2171
-2230
-2238
-2202
-2133
-2042
-1939
-1834
-1736
-1654
-1593
-1556
-1547
-1564
-1606
-1668
-1744
-1829
-1916
-1997
-2067
-2121
-2155
-2167
-2157
-2126
-2076
-2012
-1936
-1851
-1762
-1669
-1572
-1470
-1359
-1235
-1093
-925
-726
-492
-218
97
454
850
1280
1738
2216
2706
3196
3677
4138
4569
4962
5306
5595
5821
5978
6064
6074
6008
5866
5650
5364
5012
4601
4138
3630
3084
2509
1913
1302
685
69
-539
-1133
-1707
-2253
-2766
-3238
-3665
-4041
-4362
-4626
-4829
-4971
-5052
-5073
-5035
-4943
-4800
-4610
-4379
-4112
-3817
-3498
-3164
-2821
-2474
-2130
-1791
-1463
-1146
-844
-554
-278
-11
246
500
754
1010
1271
1539
1815
2096
2379
2657
2923
3168
3382
3556
3681
3752
3764
3716
3610
3449
3242
2995
2719
2424
2120
1818
1525
1248
993
760
549
358
182
15
-149
-319
-498
-692
-902
-1129
-1368
-1617
-1869
-2115
-2348
-2559
-2741
-2887
-2992
-3053
-3067
-3035
-2959
-2842
-2688
-2502
-2291
-2062
-1821
-1576
-1334
-1101
-885
-691
-523
-384
-277
-201
-155
-136
-140
-160
-191
-226
-256
-276
-277
-254
-204
-121
-5
143
322
527
751
988
1229
1465
1687
1886
2055
2187
2279
2326
2328
2285
2201
2079
1925
1744
1543
1328
1107
885
667
458
260
77
-90
-242
-379
-502
-612
-711
-798
-875
-940
-995
-1036
-1063
-1074
-1067
-1043
-1000
-940
-866
-781
-690
-598
-510
-432
-370
-328
-309
-315
-345
-398
-471
-557
-653
-749
-841
-921
-984
-1025
-1041
-1032
-996
-937
-857
-762
-657
-546
-436
-330
-234
-149
-77
-19
27
63
91
114
135
157
182
212
248
291
341
397
458
525
594
667
742
819
898
980
1064
1151
1241
1330
1418
1498
1567
1617
1641
1634
1589
1502
1372
1199
987
743
476
197
-81
-350
-596
-810
-985
-1116
-1200
-1239
-1235
-1193
-1119
-1021
-908
-786
-664
-548
-443
-353
-280
-226
-189
-168
-161
-165
-177
-194
-213
-232
-249
-263
-274
-281
-284
-283
-280
-274
-267
-257
-246
-232
-216
-197
-174
-147
-117
-83
-45
-6
34
74
113
148
178
202
219
229
231
227
218
207
196
188
185
192
210
240
284
342
411
491
578
668
757
840
913
971
1011
1029
1025
996
943
867
771
657
528
388
239
85
-70
-226
-380
-530
-675
-815
-947
-1072
-1188
-1294
-1388
-1470
-1537
-1586
-1616
-1624
-1607
-1564
-1493
-1393
-1265
-1109
-929
-726
-506
-273
-32
211
452
687
911
1122
1318
1499
1666
1820
1963
2098
2228
2353
2475
2595
2711
2821
2922
3010
3081
3128
3147
3131
3076
2977
2829
2630
2378
2073
1716
1311
864
384
-119
-634
-1147
-1646
-2117
-2549
-2931
-3256
-3517
-3713
-3843
-3911
-3921
-3881
-3799
-3684
-3545
-3393
-3233
-3074
-2920
-2775
-2639
-2512
-2392
-2276
-2159
-2037
-1904
-1754
-1584
-1390
-1168
-919
-643
-341
-18
322
674
1032
1389
1739
2075
2393
2687
2952
3183
3376
3527
3635
3695
3707
3670
