728
744
743
724
687
632
562
478
383
281
175
69
-32
-126
-208
-277
-330
-367
-387
-392
-383
-363
-334
-299
-262
-223
-185
-149
-114
-80
-47
-13
21
60
101
147
195
245
297
347
396
440
477
507
527
536
534
519
493
455
407
350
285
216
143
70
-2
-72
-138
-198
-253
-301
-343
-379
-408
-431
-446
-455
-455
-447
-429
-401
-363
-315
-256
-189
-114
-33
51
136
219
298
369
430
479
514
534
540
531
508
472
424
367
302
230
153
72
-9
-92
-174
-253
-328
-398
-460
-513
-557
-590
-610
-618
-613
-594
-563
-519
-463
-398
-324
-243
-159
-72
13
97
176
249
314
372
422
464
499
528
555
579
603
629
657
687
718
749
777
798
811
811
796
764
714
646
560
457
339
209
70
-75
-224
-373
-519
-658
-789
-907
-1010
-1097
-1166
-1215
-1244
-1253
-1244
-1217
-1173
-1116
-1045
-962
-869
-765
-651
-525
-389
-240
-80
92
275
467
665
863
1057
1238
1401
1538
1640
1703
1721
1691
1615
1493
1331
1135
915
679
437
199
-26
-233
-416
-571
-697
-794
-862
-905
-926
-927
-912
-885
-849
-807
-761
-713
-665
-618
-573
-530
-489
-450
-413
-379
-346
-316
-287
-261
-238
-217
-199
-184
-172
-161
-153
-145
-138
-131
-124
-114
-103
-89
-72
-52
-28
-1
28
61
97
136
176
216
257
297
335
372
405
434
458
479
494
505
512
517
521
526
534
546
563
586
614
646
681
716
747
772
787
790
778
750
706
645
571
484
387
284
177
69
-37
-141
-241
-337
-427
-512
-591
-663
-729
-786
-833
-871
-896
-909
-909
-896
-871
-834
-788
-734
-675
-613
-551
-489
-432
-378
-329
-286
-248
-214
-184
-158
-133
-111
-90
-70
-50
-31
-11
7
27
46
66
86
105
123
140
154
166
174
178
177
171
161
146
126
104
78
51
24
-2
-26
-46
-62
-72
-77
-74
-65
-50
-29
-4
24
56
91
126
164
202
243
286
331
380
432
487
543
599
650
695
727
743
738
709
652
565
450
307
141
-43
-238
-437
-631
-812
-972
-1104
-1203
-1264
-1286
-1269
-1214
-1123
-1003
-857
-691
-513
-327
-139
43
219
381
528
655
761
842
898
926
928
903
854
783
695
593
485
375
268
169
83
12
-40
-73
-88
-84
-64
-29
16
71
129
189
246
296
338
369
387
392
384
363
330
287
235
176
111
43
-28
-102
-177
-254
-330
-406
-480
-552
-621
-684
-742
-793
-836
-870
-896
-912
-920
-918
-909
-891
-866
-833
-793
-744
-688
-623
-549
-466
-375
-276
-171
-61
50
161
269
370
461
540
605
655
689
708
713
705
686
658
624
586
545
504
462
422
383
345
308
273
240
208
177
148
119
91
63
35
6
-24
-57
-91
-127
-163
-198
-230
-257
-275
-283
-277
-257
-220
-166
-96
-11
84
188
295
401
500
587
658
709
738
744
728
690
634
561
475
380
279
175
71
-28
-122
-208
-283
-346
-395
-429
-447
-450
-438
-413
-375
-329
-275
-218
-161
-105
-55
-12
20
42
52
50
36
11
-22
-64
-111
-160
-209
-254
-293
-324
-346
-357
-356
-345
-324
-293
-254
-208
-156
-100
-41
20
84
147
210
270
325
374
414
444
459
459
443
408
356
288
205
110
8
-97
-201
-299
-387
-461
-517
-554
-571
-568
-546
-507
-455
-393
-325
-253
-182
-114
-50
7
59
104
144
180
213
246
279
312
347
382
417
449
477
499
512
515
506
485
451
404
347
280
205
124
40
-43
-127
-207
-281
-349
-410
-461
-504
-537
-563
-580
-591
-597
-599
-598
-596
-593
-589
-585
-580
-572
-562
-548
-528
-501
-466
-422
-369
-305
-231
-148
-56
43
148
258
369
480
588
690
783
865
933
985
1019
1033
1027
1000
950
880
789
680
555
417
269
116
-37
-187
-328
-454
-562
-647
-708
-742
-749
-731
-690
-631
-559
-479
-397
-318
-249
-192
-149
-123
-111
-113
-125
-143
-164
-182
-194
-196
-186
-162
-124
-72
-7
68
153
242
333
421
504
578
639
686
716
728
722
699
660
607
541
464
381
292
200
107
17
-70
-153
-231
-302
-365
-422
-471
-514
-549
-578
-602
-619
-631
-638
-639
-635
-624
-608
-584
-555
-518
-476
-428
-375
-318
-256
-192
-124
-54
18
93
171
250
332
416
501
586
670
751
828
899
961
1011
1049
1071
1077
1066
1036
989
926
847
755
653
545
433
321
213
112
19
-61
-130
-186
-229
-260
-280
-290
-294
-292
-287
-281
-275
-271
-269
-270
-275
-284
-296
-311
-330
-352
-377
-404
-435
-468
-504
-543
-585
-629
-675
-722
-770
-815
-858
-895
-926
-946
-956
-954
-937
-908
-864
-808
-741
-664
-580
-491
-397
-302
-206
-109
-12
84
183
284
388
495
605
719
834
950
1063
1171
1272
1362
1439
1500
1543
1566
1567
1546
1502
1435
1345
1235
1107
963
809
649
487
329
179
41
-80
-184
-270
-337
-386
-420
-441
-452
-457
-458
-457
-458
-460
-464
-470
-476
-481
-484
-481
-473
-458
-436
-407
-374
-337
-301
-269
-243
-228
-226
-238
-265
-306
-358
-419
-485
-551
-613
-666
-707
-734
-744
-737
-713
-673
-618
-553
-478
-398
-316
-234
-155
-81
-16
40
87
123
150
166
173
173
166
154
138
121
104
87
74
64
59
61
69
85
110
142
183
230
284
343
404
467
528
586
639
685
722
751
770
780
782
774
759
736
706
669
626
577
521
459
391
318
240
157
70
-18
-109
-200
-289
-375
-456
-530
-594
-647
-687
-712
-722
-716
-693
-655
-602
-535
-457
-371
-279
-185
-92
-4
73
139
188
219
230
218
183
127
50
-45
-157
-282
-415
-552
-690
-822
-946
-1056
-1149
-1221
-1270
-1294
-1290
-1258
-1198
-1110
-997
-859
-699
-520
-324
-116
100
324
549
774
995
1207
1407
1592
1756
1897
2009
2089
2132
2135
2095
2012
1886
1719
1514
1278
1016
738
451
165
-111
-371
-607
-814
-987
-1125
-1226
-1291
-1322
-1322
-1294
-1242
-1172
-1087
-991
-889
-784
-678
-574
-474
-379
-289
-205
-129
-59
3
58
106
146
178
203
219
228
230
225
214
196
174
148
120
91
61
34
9
-10
-25
-34
-36
-32
-21
-3
19
48
81
118
157
198
239
279
318
354
387
415
437
453
462
464
457
443
422
394
359
320
277
232
186
140
95
53
15
-18
-47
-71
-92
-109
-124
-138
-152
-167
-184
-202
-222
-243
-263
-280
-292
-297
-293
-278
-252
-214
-165
-107
-43
23
90
152
206
248
276
289
285
266
233
189
138
84
31
-17
-58
-89
-109
-120
-122
-120
-118
-121
-136
-167
-221
-303
-415
-560
-738
-948
-1186
-1447
-1722
-2003
-2279
-2537
-2767
-2956
-3093
-3169
-3174
-3105
-2957
-2729
-2424
-2046
-1601
-1097
-546
40
650
1269
1884
2482
3049
3574
4046
4456
4797
5062
5247
5349
5369
5305
5163
4945
4660
4314
3919
3485
3025
2549
2069
1596
1137
701
290
-91
-445
-772
-1074
-1354
-1614
-1857
-2084
-2295
-2488
-2663
-2817
-2947
-3050
-3126
-3172
-3187
-3173
-3129
-3057
-2960
-2840
-2700
-2541
-2368
-2181
-1984
-1778
-1565
-1347
-1125
-900
-675
-451
-228
-10
202
407
601
783
950
1100
1232
1343
1433
1501
1547
1571
1574
1558
1525
1477
1416
1344
1263
1175
1082
986
887
787
687
589
493
401
313
232
158
91
34
-14
-54
-85
-108
-123
-132
-135
-133
-128
-121
-111
-102
-92
-82
-74
-65
-57
-49
-41
-31
-20
-7
7
24
44
65
87
108
129
148
163
174
179
177
168
151
126
92
49
0
-55
-116
-180
-245
-309
-371
-427
-477
-519
-552
-575
-588
-590
-583
-568
-545
-515
-480
-442
-401
-360
-320
-282
-247
-217
-193
-175
-163
-159
-163
-173
-189
-210
-235
-261
-286
-308
-325
-334
-333
-321
-296
-258
-208
-146
-75
3
85
169
249
323
388
440
478
500
505
493
465
423
368
303
232
156
78
0
-74
-146
-213
-275
-331
-381
-425
-462
-491
-511
-521
-520
-507
-483
-446
-399
-342
-277
-208
-138
-71
-8
44
87
117
135
140
134
120
101
79
58
42
32
30
36
52
75
105
138
173
207
237
262
281
293
300
301
299
296
294
294
299
309
324
344
368
395
421
444
463
475
479
474
459
436
406
370
330
288
248
209
173
143
118
98
85
79
80
89
106
133
170
215
270
332
399
468
536
598
650
686
703
695
659
592
492
360
199
11
-196
-416
-642
-865
-1077
-1269
-1437
-1573
-1675
-1740
-1767
-1757
-1712
-1634
-1527
-1395
-1242
-1074
-896
-711
-525
-342
-164
4
164
314
454
585
709
827
940
1050
1155
1255
1348
1431
1500
1550
1579
1582
1556
1499
1411
1292
1145
973
782
576
362
146
-63
-263
-447
-610
-749
-861
-946
-1004
-1035
-1042
-1026
-992
-941
-879
-807
-728
-646
-563
-479
-396
-315
-235
-156
-79
-3
72
146
219
289
356
419
475
523
563
591
609
615
608
589
558
515
462
399
328
249
165
77
-13
-103
-192
-277
-358
-431
-497
-554
-600
-637
-662
-676
-679
-672
-655
-628
-593
-552
-505
-455
-402
-349
-298
-248
-202
-160
-123
-89
-60
-34
-12
7
24
40
54
68
81
93
106
119
132
145
158
172
187
200
214
226
237
245
251
252
250
242
228
207
180
145
103
53
-4
-70
-143
-222
-307
-396
-488
-582
-674
-762
-845
-918
-979
-1025
-1054
-1064
-1053
-1021
-968
-895
-802
-692
-568
-432
-288
-140
8
155
296
431
558
678
790
897
1001
1104
1209
1316
1428
1542
1659
1774
1885
1988
2079
2154
2210
2242
2250
2230
2182
2105
2000
1864
1701
1509
1290
1045
778
490
187
-128
-449
-771
-1087
-1391
-1677
-1938
-2171
-2371
-2535
-2662
-2751
-2803
-2819
-2802
-2753
-2675
-2571
-2443
-2293
-2124
-1937
-1734
-1518
-1290
-1053
-809
-563
-318
-77
154
374
578
763
927
1068
1185
1277
1346
1392
1417
1421
1408
1378
1335
1280
1216
1144
1067
987
906
825
747
673
605
544
493
452
422
403
396
401
417
443
476
516
559
602
642
675
699
709
703
679
635
569
484
380
260
128
-13
-159
-304
-445
-576
-695
-798
-883
-948
-993
-1018
-1023
-1011
-982
-939
-886
-826
-761
-695
-632
-574
-523
-481
-448
-425
-411
-403
-400
-400
-399
-395
-386
-371
-347
-315
-275
-228
-176
-120
-63
-7
46
94
135
169
194
210
218
218
211
198
180
159
136
112
88
65
45
26
11
0
-6
-9
-5
4
20
44
74
113
158
208
263
321
377
430
477
512
535
540
526
490
432
352
251
131
-3
-150
-305
-461
-615
-760
-894
-1011
-1109
-1185
-1240
-1272
-1283
-1273
-1244
-1199
-1139
-1067
-983
-890
-787
-676
-557
-430
-294
-149
3
164
332
508
689
875
1062
1249
1432
1607
1769
1912
2031
2120
2172
2185
2153
2077
1956
1795
1598
1374
1131
880
631
392
174
-17
-178
-306
-402
-468
-508
-529
-536
-536
-537
-542
-556
-583
-623
-677
-741
-812
-888
-962
-1029
-1086
-1126
