119
95
71
46
20
-5
-31
-57
-83
-108
-132
-155
-177
-198
-218
-237
-256
-275
-292
-310
-326
-341
-354
-364
-371
-375
-373
-367
-355
-337
-313
-284
-249
-211
-170
-129
-87
-48
-12
19
46
69
86
99
109
116
120
124
126
128
129
131
132
132
131
128
124
118
110
99
88
75
61
47
34
23
13
6
1
0
0
3
9
16
24
32
41
49
55
60
64
65
65
63
60
57
53
50
48
49
52
58
68
82
99
120
143
168
194
221
247
271
293
311
326
336
341
340
335
323
306
284
256
222
183
140
92
41
-10
-64
-117
-168
-215
-257
-292
-319
-338
-347
-347
-338
-320
-294
-261
-222
-179
-134
-87
-40
4
46
84
118
146
169
186
198
205
208
207
203
197
189
179
168
155
140
123
105
84
60
35
7
-21
-52
-83
-114
-144
-172
-198
-221
-240
-254
-263
-267
-265
-259
-247
-231
-211
-189
-166
-143
-120
-99
-81
-67
-57
-51
-50
-53
-59
-68
-77
-86
-93
-97
-95
-88
-74
-52
-23
12
55
103
156
211
267
322
376
425
469
506
534
554
563
562
550
527
494
451
398
337
268
192
110
22
-68
-162
-256
-350
-440
-525
-602
-668
-723
-763
-788
-798
-792
-772
-738
-693
-639
-578
-514
-447
-381
-317
-256
-199
-146
-97
-51
-8
32
71
108
144
178
209
238
264
285
303
315
324
327
326
322
314
304
293
280
267
254
242
230
220
210
201
193
186
178
170
162
152
142
130
117
104
90
76
63
51
39
29
21
14
7
2
-2
-7
-12
-18
-26
-34
-44
-55
-68
-81
-94
-107
-119
-128
-135
-138
-137
-131
-120
-105
-84
-59
-31
-1
29
59
88
112
131
144
150
148
138
119
92
58
16
-30
-81
-136
-192
-249
-304
-355
-402
-443
-476
-500
-514
-516
-505
-481
-443
-391
-326
-247
-157
-56
53
168
286
405
520
629
728
815
887
942
980
998
997
977
939
882
810
722
620
507
385
256
125
-6
-133
-253
-361
-455
-532
-589
-627
-646
-646
-630
-599
-559
-511
-461
-411
-365
-325
-294
-273
-262
-263
-273
-292
-318
-349
-382
-415
-446
-471
-490
-499
-498
-486
-461
-424
-374
-311
-237
-150
-53
53
169
291
418
546
674
797
912
1015
1102
1169
1214
1232
1223
1185
1119
1026
910
774
623
463
299
137
-17
-161
-289
-400
-492
-565
-618
-654
-673
-677
-669
-651
-626
-595
-560
-523
-485
-447
-410
-374
-340
-308
-278
-251
-226
-203
-183
-165
-148
-134
-122
-111
-101
-92
-84
-76
-68
-59
-50
-39
-27
-14
1
19
38
60
83
108
134
159
183
206
226
241
253
259
260
256
248
235
218
198
176
153
129
105
81
58
37
18
0
-14
-28
-39
-50
-58
-66
-72
-76
-80
-82
-82
-80
-75
-69
-60
-48
-35
-19
-3
13
30
45
59
71
80
86
89
88
83
74
62
46
27
5
-18
-44
-72
-100
-129
-159
-188
-216
-242
-267
-289
-308
-324
-335
-342
-344
-341
-332
-319
-301
-279
-253
-224
-192
-157
-120
-81
-39
2
46
91
136
179
220
258
291
317
336
348
350
344
329
307
277
243
204
164
123
83
47
15
-11
-31
-45
-53
-54
-51
-43
-31
-18
-3
10
23
35
44
50
53
53
50
44
35
24
10
-5
-21
-39
-57
-75
-91
-106
-119
-130
-138
-143
-144
-143
-139
-132
-123
-111
-97
-81
-64
-46
-27
-7
11
31
51
70
88
106
122
137
151
163
173
181
187
191
193
192
190
185
178
169
158
146
132
117
101
85
69
54
39
25
12
0
-12
-25
-38
-52
-67
-85
-104
-124
-146
-168
-190
-211
-230
-245
-256
-261
-261
-253
-240
-221
-196
-167
-135
-101
-67
-32
0
31
59
85
108
128
146
162
176
190
203
216
229
243
257
271
285
297
307
314
318
317
312
302
287
267
243
216
185
153
120
86
54
24
-2
-25
-44
-58
-66
-69
-68
-62
-53
-41
-28
-13
0
11
21
28
31
30
25
16
3
-13
-33
-56
-81
-108
-137
-166
-194
-222
-248
-271
-291
-307
-319
-326
-328
-324
-313
-296
-273
-244
-208
-168
-124
-76
-27
22
71
117
160
197
228
252
269
276
275
265
246
219
183
140
91
36
-22
-85
-149
-213
-277
-337
-393
-442
-484
-518
-541
-554
-555
-546
-526
-496
-458
-412
-360
-303
-244
-183
-122
-63
-5
48
99
146
188
226
260
290
316
338
356
371
382
389
394
394
392
387
380
372
362
353
343
334
327
320
315
309
304
296
287
274
257
234
206
172
134
90
42
-7
-58
-110
-161
-210
-257
-300
-340
-376
-409
-438
-464
-486
-505
-520
-532
-540
-544
-544
-539
-530
-516
-497
-473
-444
-410
-370
-324
-274
-217
-155
-88
-16
59
138
220
303
385
465
541
611
673
724
762
785
793
783
755
710
650
575
490
398
302
206
114
30
-43
-106
-155
-191
-214
-225
-224
-215
-198
-175
-148
-117
-84
-48
-10
29
71
115
161
208
255
301
344
382
414
436
448
448
434
406
364
308
239
160
72
-22
-120
-219
-317
-410
-497
-575
-644
-701
-746
-778
-798
-806
-801
-786
-760
-726
-685
-639
-588
-534
-480
-425
-371
-319
-268
-219
-172
-127
-83
-39
3
46
89
131
174
215
255
293
328
361
390
417
440
461
480
498
514
529
544
556
567
574
577
574
564
546
519
482
436
379
314
241
163
80
-3
-86
-166
-240
-307
-364
-410
-445
-467
-476
-474
-461
-437
-406
-367
-323
-276
-228
-179
-131
-87
-46
-9
23
50
72
90
103
111
116
116
114
108
99
87
73
56
37
16
-5
-28
-52
-75
-98
-120
-141
-159
-175
-189
-200
-209
-215
-219
-220
-219
-216
-210
-202
-192
-180
-166
-149
-131
-111
-90
-66
-42
-16
10
36
63
89
113
135
154
170
181
186
186
180
167
149
125
98
67
36
5
-23
-48
-68
-83
-91
-93
-89
-80
-67
-52
-35
-17
0
16
32
47
62
78
95
114
137
163
194
227
263
300
335
368
394
412
419
416
400
373
334
287
232
174
114
55
0
-48
-89
-121
-144
-157
-161
-157
-145
-128
-106
-83
-59
-35
-14
2
14
22
24
20
12
0
-16
-35
-56
-77
-97
-116
-132
-145
-154
-158
-157
-152
-142
-129
-114
-97
-80
-65
-52
-42
-37
-36
-38
-45
-54
-65
-77
-87
-96
-101
-102
-97
-86
-70
-47
-19
12
48
86
125
164
201
236
267
295
318
337
351
359
363
361
354
341
322
298
268
233
193
149
101
50
-1
-54
-105
-154
-198
-238
-270
-296
-314
-325
-330
-329
-325
-318
-310
-304
-301
-300
-304
-312
-324
-338
-354
-370
-384
-395
-402
-404
-400
-390
-373
-349
-320
-286
-247
-205
-160
-113
-65
-16
33
82
132
181
229
277
322
365
405
440
470
493
510
519
521
515
501
480
453
421
385
345
305
263
223
185
149
115
85
57
31
6
-16
-39
-62
-86
-109
-132
-155
-177
-197
-215
-230
-242
-250
-255
-256
-254
-250
-244
-237
-230
-225
-221
-220
-222
-228
-237
-249
-263
-278
-294
-309
-323
-335
-344
-350
-353
-354
-352
-348
-342
-335
-327
-319
-311
-301
-291
-279
-265
-248
-228
-203
-174
-141
-102
-58
-10
41
96
153
213
273
334
394
454
511
566
618
666
709
746
775
796
807
807
794
770
733
683
623
553
475
392
306
220
137
59
-10
-70
-120
-158
-185
-200
-205
-201
-189
-173
-153
-132
-112
-94
-79
-68
-62
-60
-64
-72
-83
-99
-116
-135
-155
-175
-194
-213
-230
-245
-258
-270
-280
-287
-292
-294
-292
-287
-277
-263
-243
-219
-190
-157
-121
-82
-42
-2
35
72
105
133
157
177
192
202
210
215
218
222
226
232
240
250
261
274
287
299
310
318
322
322
317
307
293
274
252
225
196
165
133
99
66
33
2
-27
-53
-77
-96
-111
-121
-127
-128
-125
-118
-109
-97
-85
-73
-61
-52
-46
-43
-45
-52
-63
-79
-99
-122
-147
-173
-198
-221
-242
-258
-270
-277
-278
-274
-265
-252
-235
-217
-199
-181
-165
-152
-143
-137
-136
-138
-143
-150
-158
-166
-172
-176
-175
-170
-159
-142
-120
-93
-61
-25
12
51
91
129
165
198
226
249
267
280
287
288
284
275
261
242
220
193
163
131
96
61
25
-9
-43
-73
-101
-124
-143
-157
-166
-171
-172
-170
-164
-156
-147
-135
-123
-110
-96
-82
-66
-50
-32
-13
5
26
48
71
94
115
136
153
166
174
176
170
157
135
105
68
24
-25
-78
-133
-187
-239
-286
-327
-359
-381
-393
-393
-383
-363
-333
-295
-251
-202
-149
-95
-41
12
63
112
158
201
241
277
310
339
365
387
404
415
421
420
413
399
377
349
316
277
235
189
142
94
47
0
-43
-85
-124
-159
-190
-217
-239
-257
-269
-276
-278
-275
-267
-255
-238
-218
-195
-169
-140
-110
-77
-42
-6
31
70
110
150
190
228
265
298
327
352
372
385
392
392
386
373
354
329
300
268
233
198
162
129
98
70
47
29
15
6
1
1
3
8
14
20
25
28
28
24
17
6
-8
-25
-45
-66
-88
-109
-129
-147
-164
-179
-192
-204
-215
-227
-239
-254
-271
-292
-316
-345
-376
-411
-446
-481
-513
-539
-558
-567
-565
-549
-519
-475
-417
-347
-266
-177
-82
13
109
201
286
361
426
478
517
544
558
561
555
541
521
496
470
442
414
386
358
330
302
273
242
210
176
139
101
62
21
-18
-58
-97
-133
-166
-196
-222
-243
-259
-270
-276
-277
-273
-265
-254
-239
-222
-203
-183
-162
-142
-122
-103
-86
-72
-60
-51
-45
-43
-43
-46
-51
-57
-64
-71
-78
-84
-88
-90
-91
-90
-87
-82
-76
-69
-61
-54
-48
-43
-41
-41
-44
-51
-61
-74
-89
-107
-125
-144
-162
-178
-191
-199
-203
-200
-190
-174
-151
-122
-87
-48
-5
39
84
130
175
218
260
301
340
378
414
450
485
518
550
578
602
621
632
633
623
600
562
508
438
353
255
146
29
-92
-213
-330
-440
-537
-620
-685
-733
-762
-773
-767
-745
-711
-666
-614
-557
-498
-439
-381
-327
-276
-230
-187
-147
-110
-74
-39
-3
31
68
106
144
183
221
259
295
329
360
387
410
427
439
445
444
438
426
409
387
361
332
300
268
234
201
169
139
110
84
61
40
22
5
-9
-23
-36
-48
-61
-74
-87
-100
-113
-125
-136
-145
-151
-154
-154
-149
-142
-130
-115
-98
-78
-57
-35
-12
8
29
47
63
77
88
95
100
101
101
98
93
86
79
71
63
55
46
37
28
20
11
2
-5
-13
-19
-25
-29
-33
-35
-36
-37
-37
-36
-35
-35
-34
