-118
-111
-101
-89
-76
-62
-48
-34
-21
-8
1
11
19
26
33
39
46
54
62
72
84
98
114
132
151
170
191
210
228
244
257
265
269
266
258
244
224
198
168
135
100
64
29
-3
-33
-60
-82
-99
-112
-120
-124
-125
-122
-118
-113
-108
-104
-102
-102
-104
-109
-115
-123
-132
-141
-150
-157
-163
-166
-167
-164
-159
-152
-143
-132
-120
-107
-95
-83
-73
-64
-56
-51
-47
-44
-43
-42
-42
-43
-43
-42
-41
-39
-37
-33
-27
-21
-14
-6
2
11
21
31
41
50
59
67
74
81
86
90
93
94
93
91
88
83
77
71
64
58
53
49
46
45
46
49
53
59
65
72
79
86
93
99
103
107
110
112
112
112
111
110
108
106
103
100
97
93
88
83
76
69
60
51
41
30
19
9
0
-9
-16
-21
-24
-26
-25
-23
-19
-13
-6
0
7
15
21
27
30
32
32
28
23
15
4
-7
-20
-34
-48
-61
-73
-83
-90
-95
-96
-95
-90
-82
-72
-61
-48
-34
-21
-8
3
13
22
30
36
40
43
45
46
46
45
44
42
39
36
33
29
24
19
13
7
0
-8
-17
-26
-36
-45
-54
-62
-69
-74
-77
-78
-77
-75
-72
-67
-63
-58
-54
-51
-49
-48
-48
-49
-51
-54
-56
-59
-61
-62
-63
-62
-59
-56
-51
-45
-38
-31
-23
-16
-9
-3
2
6
10
12
13
13
12
11
9
6
4
1
0
-2
-5
-7
-9
-12
-14
-17
-21
-24
-27
-30
-32
-33
-33
-31
-28
-24
-18
-13
-6
-1
3
7
9
9
7
1
-6
-17
-30
-45
-61
-76
-91
-104
-113
-118
-119
-115
-106
-92
-74
-52
-28
-3
22
46
69
88
103
114
121
122
119
113
103
91
77
62
47
33
20
8
-1
-10
-18
-23
-27
-29
-28
-25
-19
-8
5
23
46
72
102
134
167
200
232
260
284
301
312
314
308
294
273
244
210
171
129
86
44
4
-33
-66
-93
-115
-131
-140
-143
-141
-134
-123
-110
-95
-80
-67
-55
-45
-39
-36
-36
-39
-44
-51
-58
-66
-74
-81
-86
-89
-91
-91
-89
-86
-81
-76
-71
-66
-62
-60
-61
-63
-67
-74
-82
-91
-100
-109
-116
-122
-124
-123
-118
-110
-97
-81
-62
-40
-17
5
28
50
70
89
104
118
129
139
147
155
161
168
175
182
188
194
199
202
202
200
194
185
173
158
140
119
97
74
50
26
3
-19
-40
-59
-77
-92
-107
-119
-131
-142
-151
-160
-168
-174
-178
-181
-181
-178
-173
-164
-152
-138
-122
-103
-84
-64
-45
-27
-11
1
11
18
21
21
17
10
1
-9
-21
-32
-44
-55
-64
-71
-77
-81
-83
-82
-80
-77
-73
-67
-62
-56
-51
-47
-42
-39
-35
-32
-27
-22
-15
-7
2
14
28
43
59
75
90
103
113
121
125
124
120
111
99
83
65
45
24
4
-15
-34
-51
-66
-79
-90
-101
-111
-120
-130
-141
-152
-163
-175
-185
-194
-201
-204
-203
-196
-184
-166
-141
-110
-73
-32
13
61
111
160
208
253
294
330
360
384
401
412
417
416
410
398
382
362
338
311
280
248
212
175
136
96
56
15
-24
-63
-100
-134
-165
-192
-215
-233
-245
-253
-255
-253
-246
-235
-220
-202
-182
-159
-135
-109
-84
-58
-34
-12
7
24
38
49
56
60
61
59
55
49
42
33
24
15
5
-5
-15
-26
-37
-47
-57
-66
-75
-82
-88
-92
-94
-94
-92
-88
-81
-72
-60
-47
-31
-14
3
22
41
60
78
96
111
125
136
144
149
151
150
146
139
129
117
102
85
66
46
24
0
-22
-46
-69
-91
-111
-128
-142
-152
-158
-159
-156
-149
-138
-123
-105
-85
-64
-41
-18
3
24
43
59
72
82
87
89
87
80
71
58
44
27
10
-7
-23
-39
-51
-61
-67
-70
-69
-65
-57
-47
-36
-23
-11
0
9
16
22
26
28
30
31
32
35
40
47
56
67
80
94
108
121
132
141
146
148
146
140
130
117
102
85
68
51
35
21
9
-1
-9
-15
-20
-24
-28
-32
-36
-42
-49
-57
-67
-78
-90
-102
-114
-125
-135
-142
-147
-149
-148
-144
-136
-126
-114
-100
-84
-68
-51
-34
-17
-1
13
27
40
51
61
69
75
79
83
85
86
87
87
86
86
84
83
80
76
71
64
55
45
31
16
-1
-20
-41
-63
-85
-107
-127
-146
-161
-174
-182
-186
-185
-179
-169
-154
-136
-114
-91
-65
-40
-14
9
32
53
71
86
98
107
113
117
118
116
113
108
102
95
86
77
66
55
43
30
17
3
-10
-24
-38
-52
-64
-76
-85
-92
-96
-97
-93
-84
-71
-53
-32
-7
18
45
71
96
116
133
143
148
147
140
127
110
88
62
35
7
-20
-47
-71
-92
-109
-123
-133
-139
-141
-140
-137
-132
-125
-117
-108
-99
-89
-80
-70
-61
-52
-43
-34
-26
-17
-8
0
10
21
33
46
60
75
91
107
123
138
151
162
171
176
178
176
170
161
148
133
115
95
73
51
28
6
-13
-31
-47
-60
-70
-76
-80
-80
-78
-74
-69
-62
-55
-47
-39
-32
-24
-15
-7
1
10
20
30
40
50
59
67
74
79
82
83
82
80
76
70
63
55
47
38
28
19
10
1
-5
-12
-18
-23
-27
-30
-31
-32
-33
-33
-32
-31
-30
-28
-27
-25
-24
-22
-21
-20
-19
-18
-19
-19
-20
-21
-22
-24
-25
-26
-28
-29
-31
-33
-35
-37
-40
-44
-48
-53
-59
-65
-73
-81
-90
-98
-107
-115
-123
-129
-134
-136
-136
-133
-128
-120
-109
-96
-82
-66
-50
-34
-18
-4
9
21
31
40
47
52
57
60
62
64
65
65
65
63
60
56
51
44
36
28
19
11
3
-3
-8
-12
-13
-12
-10
-6
0
6
15
23
32
41
49
57
63
67
70
70
69
66
62
56
49
40
31
21
11
0
-12
-26
-40
-55
-70
-86
-102
-117
-132
-145
-157
-167
-174
-177
-177
-173
-164
-151
-134
-113
-90
-64
-37
-10
16
41
65
86
104
118
130
139
145
148
148
147
143
138
133
126
120
114
109
104
101
99
98
97
97
98
99
99
99
99
99
98
96
95
92
90
86
83
78
73
67
60
51
40
27
12
-4
-22
-43
-64
-85
-106
-125
-142
-155
-166
-172
-175
-173
-168
-159
-148
-134
-119
-103
-86
-69
-52
-35
-18
0
17
36
56
78
101
124
149
173
196
218
237
252
263
268
269
264
253
238
217
193
166
137
106
76
47
20
-3
-23
-39
-49
-55
-56
-52
-45
-34
-22
-8
5
18
30
39
45
47
46
41
32
19
3
-16
-39
-64
-91
-118
-146
-173
-198
-221
-242
-259
-273
-283
-290
-294
-295
-293
-290
-284
-277
-269
-261
-253
-246
-239
-232
-227
-222
-218
-213
-209
-204
-198
-190
-181
-169
-154
-137
-117
-94
-69
-40
-9
24
59
97
136
175
216
256
295
332
367
399
426
447
462
470
470
463
448
426
398
365
327
285
241
196
151
107
65
26
-10
-42
-69
-92
-110
-124
-133
-139
-143
-144
-144
-144
-144
-145
-147
-150
-155
-160
-165
-170
-173
-175
-174
-170
-163
-152
-137
-119
-99
-76
-53
-31
-10
6
19
26
27
20
6
-13
-39
-69
-101
-134
-166
-195
-218
-235
-244
-245
-237
-222
-200
-173
-141
-108
-74
-43
-14
9
28
41
48
50
47
41
33
25
18
14
14
19
30
46
68
94
123
153
183
212
237
257
271
279
280
275
263
245
223
197
168
139
110
82
57
36
18
6
-1
-5
-4
0
7
17
28
40
52
64
75
86
96
104
111
117
122
124
125
124
121
116
109
99
86
72
55
36
16
-5
-28
-51
-74
-97
-118
-138
-156
-171
-183
-193
-199
-202
-202
-201
-197
-192
-186
-179
-173
-166
-160
-155
-150
-145
-141
-137
-133
-127
-121
-114
-104
-93
-80
-65
-48
-29
-10
9
29
48
66
83
97
109
118
123
124
122
116
107
94
79
63
46
30
15
2
-7
-13
-17
-17
-14
-8
0
7
17
26
35
42
47
51
53
53
53
53
53
55
60
67
78
92
110
130
151
174
195
214
230
240
244
241
231
211
184
149
107
59
7
-46
-101
-154
-204
-247
-284
-311
-328
-335
-331
-317
-294
-263
-226
-184
-139
-93
-48
-6
32
66
95
118
135
147
153
156
155
152
147
142
135
129
123
118
114
110
107
105
102
99
95
90
82
72
60
44
26
5
-17
-42
-68
-95
-121
-145
-167
-186
-200
-209
-212
-209
-200
-184
-162
-136
-105
-72
-38
-4
27
56
80
99
111
118
118
112
102
87
69
49
29
8
-10
-27
-42
-54
-63
-69
-73
-75
-74
-73
-70
-67
-63
-59
-54
-49
-42
-35
-25
-14
0
14
30
48
66
84
102
118
133
145
156
163
168
170
169
165
159
151
140
127
113
96
79
60
40
20
1
-18
-36
-52
-66
-78
-87
-93
-97
-99
-100
-100
-99
-98
-97
-98
-100
-103
-106
-111
-117
-122
-128
-132
-136
-137
-136
-132
-126
-116
-104
-89
-71
-52
-33
-12
7
26
42
56
66
71
71
65
51
31
3
-30
-71
-116
-165
-216
-266
-314
-358
-395
-424
-443
-450
-446
-429
-399
-358
-307
-246
-178
-106
-31
44
118
187
251
307
355
394
425
446
459
465
464
457
445
428
408
385
358
329
297
262
225
186
144
102
58
15
-27
-66
-102
-134
-160
-180
-194
-203
-206
-204
-198
-189
-177
-164
-150
-136
-122
-109
-97
-87
-78
-70
-64
-59
-54
-50
-45
-40
-35
-29
-23
-16
-8
0
7
15
24
32
41
50
60
70
81
92
103
115
127
138
148
157
164
168
169
166
160
149
134
116
94
70
44
17
-8
-32
-54
-73
-87
-98
-104
-106
-104
-99
-91
-83
-73
-62
-52
-42
-32
-23
-15
-7
0
6
13
20
27
33
40
47
53
58
63
66
68
69
68
66
64
60
56
51
47
44
41
39
38
37
38
38
39
39
39
37
34
29
22
14
5
-4
-15
-25
-33
-40
-44
-46
-44
-40
-33
-23
-12
0
12
23
34
43
49
52
53
51
47
40
31
22
11
2
-6
-13
-18
-20
-18
-12
-2
10
26
45
66
88
109
129
146
159
168
171
168
159
144
123
98
68
36
4
-27
-57
-83
-105
-122
-134
-141
-144
-143
-138
-131
-123
-114
-104
-95
-87
-79
-71
-63
-55
-46
-35
-24
-11
2
18
33
49
64
77
87
94
97
96
90
79
64
44
20
-6
-36
-68
-100
-133
-164
-194
-222
-247
-268
-284
-297
-304
