-303
-256
-205
-150
-93
-37
15
63
105
138
162
176
180
173
158
135
107
75
42
10
-18
-43
-62
-75
-84
-90
-96
-103
-115
-135
-164
-204
-256
-319
-391
-470
-553
-636
-713
-782
-837
-873
-889
-880
-847
-788
-704
-598
-473
-332
-181
-25
131
283
427
559
675
774
856
919
966
998
1016
1024
1025
1021
1014
1008
1004
1002
1005
1010
1018
1025
1031
1032
1025
1008
977
931
869
788
689
572
440
293
136
-28
-198
-368
-533
-690
-836
-965
-1075
-1163
-1227
-1265
-1278
-1266
-1229
-1171
-1094
-1002
-898
-788
-675
-562
-454
-353
-260
-177
-105
-42
10
54
91
121
145
163
177
186
192
195
195
194
193
192
193
198
207
220
239
263
290
320
351
379
404
422
432
432
422
401
372
335
294
249
206
164
127
95
68
47
29
13
-2
-21
-43
-71
-105
-144
-188
-235
-282
-326
-364
-393
-412
-417
-408
-386
-350
-303
-247
-184
-118
-52
11
70
122
167
203
231
251
264
271
273
272
268
263
257
250
243
235
227
218
208
196
183
167
148
128
105
80
53
24
-4
-33
-62
-91
-118
-143
-166
-187
-206
-222
-237
-250
-262
-272
-281
-288
-292
-293
-289
-279
-262
-236
-201
-157
-104
-43
25
98
172
245
312
371
417
448
461
456
430
385
322
243
150
46
-63
-177
-291
-400
-504
-597
-679
-748
-803
-843
-869
-880
-878
-864
-839
-804
-761
-710
-653
-589
-520
-445
-366
-282
-196
-107
-18
68
152
231
301
361
409
443
462
467
456
431
394
346
290
229
166
104
44
-8
-55
-92
-121
-140
-151
-153
-149
-139
-125
-109
-91
-73
-56
-39
-25
-13
-3
5
12
18
24
32
42
57
79
108
148
198
260
332
415
505
599
695
786
870
942
997
1035
1052
1051
1031
995
947
889
827
761
694
627
559
488
412
329
238
137
27
-89
-211
-334
-452
-560
-655
-731
-786
-818
-826
-810
-774
-721
-654
-579
-502
-427
-359
-304
-263
-239
-233
-243
-268
-303
-347
-393
-438
-479
-511
-532
-542
-540
-526
-502
-469
-431
-389
-346
-303
-262
-222
-185
-150
-117
-83
-49
-12
28
73
123
179
240
306
376
448
521
593
662
726
784
834
875
904
922
928
920
899
864
816
755
682
598
505
405
300
192
85
-19
-119
-211
-293
-362
-418
-458
-482
-489
-480
-456
-417
-366
-305
-236
-162
-85
-8
65
135
198
252
296
329
351
361
361
350
331
304
272
235
195
153
109
65
20
-25
-72
-120
-170
-222
-274
-325
-374
-420
-460
-491
-513
-522
-517
-498
-464
-416
-356
-287
-211
-133
-58
11
70
115
144
154
144
116
69
6
-70
-157
-251
-349
-448
-545
-637
-721
-796
-860
-912
-950
-975
-986
-983
-966
-936
-893
-839
-775
-703
-624
-542
-458
-374
-293
-217
-145
-79
-20
34
85
133
182
232
285
343
407
475
547
622
697
769
836
895
944
982
1007
1020
1021
1012
996
974
951
927
907
892
883
881
887
899
916
935
953
968
974
969
949
911
852
772
669
545
402
244
74
-102
-279
-453
-618
-769
-903
-1017
-1110
-1180
-1229
-1255
-1263
-1252
-1227
-1190
-1144
-1092
-1036
-979
-923
-869
-820
-776
-737
-703
-674
-649
-626
-605
-583
-560
-532
-499
-460
-413
-358
-297
-229
-156
-81
-5
68
137
199
252
293
322
339
343
336
321
299
274
249
227
211
202
204
217
240
274
317
368
425
486
548
609
669
724
775
820
859
891
916
934
944
946
939
924
901
868
825
773
712
641
560
472
376
274
168
60
-45
-147
-242
-326
-397
-454
-494
-519
-529
-526
-514
-495
-473
-452
-434
-420
-413
-412
-415
-420
-425
-427
-423
-410
-388
-355
-312
-260
-203
-144
-85
-31
13
47
67
72
63
39
2
-42
-94
-147
-198
-244
-280
-304
-314
-308
-286
-249
-198
-133
-59
22
108
195
279
357
426
482
523
548
555
544
515
470
411
339
259
172
83
-5
-91
-171
-244
-307
-359
-399
-428
-445
-451
-446
-432
-411
-385
-355
-324
-295
-271
-252
-243
-244
-256
-280
-315
-362
-418
-480
-546
-613
-676
-732
-778
-810
-826
-823
-801
-759
-698
-619
-523
-412
-290
-157
-17
127
276
427
579
731
882
1032
1181
1327
1470
1608
1739
1860
1969
2060
2130
2175
2190
2173
2121
2034
1911
1756
1571
1362
1133
890
640
388
138
-102
-333
-549
-750
-934
-1101
-1249
-1381
-1495
-1593
-1675
-1742
-1793
-1829
-1850
-1857
-1849
-1827
-1791
-1742
-1679
-1604
-1516
-1417
-1308
-1189
-1062
-930
-792
-653
-513
-376
-243
-117
0
105
199
280
347
400
441
469
488
499
504
507
509
514
524
541
567
602
646
698
756
817
877
931
975
1004
1015
1003
968
910
830
731
617
495
369
247
133
32
-50
-113
-155
-178
-182
-170
-147
-116
-83
-49
-19
3
18
25
24
14
-1
-23
-50
-80
-114
-151
-191
-234
-280
-330
-383
-438
-494
-550
-602
-649
-689
-718
-736
-739
-726
-697
-652
-591
-515
-426
-327
-221
-110
1
110
213
306
386
452
501
533
548
546
528
498
458
410
359
306
254
206
162
122
87
54
24
-5
-35
-69
-106
-147
-191
-239
-288
-337
-383
-425
-460
-486
-500
-501
-488
-459
-416
-358
-287
-206
-117
-23
71
162
246
320
381
426
453
461
450
418
367
297
210
107
-9
-135
-267
-401
-531
-651
-756
-839
-895
-920
-909
-863
-780
-664
-517
-348
-162
29
220
398
557
689
790
857
891
894
870
829
776
723
677
647
639
657
705
782
885
1008
1143
1283
1416
1531
1620
1672
1682
1642
1552
1410
1218
982
707
402
76
-261
-600
-930
-1242
-1526
-1775
-1983
-2144
-2256
-2317
-2327
-2289
-2206
-2083
-1928
-1746
-1545
-1333
-1118
-906
-702
-511
-336
-179
-41
80
185
278
360
436
509
582
655
731
809
887
964
1035
1096
1143
1170
1173
1150
1096
1013
901
764
605
432
251
69
-107
-271
-418
-545
-647
-725
-776
-801
-801
-774
-723
-647
-548
-426
-283
-121
54
242
436
630
818
993
1148
1277
1375
1437
1460
1444
1388
1295
1169
1015
841
653
460
270
90
-74
-217
-335
-427
-493
-532
-549
-547
-530
-503
-469
-434
-400
-371
-349
-335
-329
-329
-335
-343
-352
-358
-360
-354
-341
-318
-287
-247
-202
-152
-100
-48
-1
40
74
97
108
105
88
57
11
-47
-118
-199
-286
-377
-468
-555
-635
-705
-762
-802
-826
-833
-821
-794
-752
-699
-636
-568
-498
-428
-363
-304
-253
-212
-181
-160
-147
-142
-143
-146
-151
-154
-154
-148
-135
-113
-81
-39
12
75
146
226
312
401
490
577
656
725
780
817
834
831
806
762
700
624
538
446
352
259
173
95
27
-27
-70
-100
-117
-123
-119
-107
-87
-63
-36
-7
20
47
70
91
107
119
128
132
133
131
126
117
104
88
67
41
11
-23
-62
-105
-149
-196
-243
-290
-335
-379
-421
-461
-500
-537
-573
-608
-641
-674
-705
-735
-762
-785
-804
-817
-824
-823
-813
-793
-763
-722
-669
-605
-528
-440
-341
-232
-112
14
148
286
427
566
703
833
954
1062
1156
1234
1294
1336
1360
1367
1359
1338
1306
1266
1221
1173
1124
1076
1029
983
939
893
845
791
730
658
573
474
360
232
90
-62
-223
-388
-553
-715
-870
-1013
-1143
-1256
-1350
-1425
-1478
-1510
-1521
-1512
-1486
-1443
-1386
-1320
-1246
-1167
-1088
-1009
-932
-859
-790
-724
-660
-598
-535
-469
-399
-323
-238
-144
-40
75
203
340
487
640
796
950
1099
1236
1359
1463
1547
1608
1647
1667
1671
1662
1646
1626
1606
1587
1570
1555
1538
1517
1488
1447
1390
1315
1220
1105
972
823
661
492
319
147
-18
-176
-323
-458
-582
-695
-799
-896
-990
-1082
-1173
-1265
-1357
-1449
-1538
-1621
-1694
-1755
-1799
-1823
-1824
-1801
-1753
-1681
-1587
-1473
-1343
-1201
-1051
-898
-746
-599
-461
-335
-223
-126
-46
16
63
95
113
119
116
106
92
77
63
53
48
50
60
77
103
134
171
211
253
293
330
361
385
400
406
402
388
366
338
306
273
243
218
201
195
202
222
257
305
366
439
521
610
704
801
896
989
1075
1154
1222
1279
1321
1348
1359
1352
1327
1283
1220
1139
1039
922
790
645
489
326
158
-8
-173
-332
-483
-624
-754
-873
-980
-1077
-1165
-1245
-1318
-1385
-1446
-1503
-1555
-1602
-1643
-1678
-1703
-1719
-1723
-1712
-1685
-1641
-1576
-1491
-1383
-1254
-1103
-933
-746
-546
-335
-119
97
311
516
710
888
1048
1188
1305
1400
1473
1524
1555
1568
1566
1549
1522
1486
1442
1392
1335
1271
1201
1121
1032
932
822
701
570
433
291
148
7
-127
-253
-368
-471
-562
-641
-711
-774
-832
-889
-947
-1008
-1073
-1141
-1212
-1284
-1354
-1419
-1474
-1516
-1542
-1548
-1533
-1496
-1435
-1351
-1246
-1121
-978
-821
-653
-474
-288
-97
97
296
495
695
894
1089
1279
1460
1627
1778
1908
2013
2090
2136
2148
2127
2072
1985
1868
1724
1557
1372
1172
964
752
541
336
141
-38
-201
-346
-470
-573
-657
-722
-771
-805
-827
-838
-841
-836
-824
-806
-780
-748
-709
-664
-613
-557
-497
-436
-374
-314
-258
-209
-167
-135
-113
-105
-109
-125
-154
-194
-242
-296
-353
-409
-459
-502
-533
-550
-551
-537
-508
-464
-409
-346
-277
-207
-138
-73
-15
34
74
104
124
135
138
134
126
115
103
93
86
83
87
98
116
141
172
207
245
283
318
350
374
390
396
391
376
350
316
275
229
181
133
89
50
20
0
-9
-6
7
32
66
107
151
197
241
279
310
331
339
335
317
286
243
190
131
67
4
-54
-107
-149
-178
-193
-193
-178
-148
-107
-56
0
61
121
177
226
266
295
311
314
303
279
242
193
133
65
-11
-94
-182
-272
-364
-454
-539
-618
-688
-746
-789
-816
-826
-817
-791
-747
-689
-618
-537
-450
-361
-273
-188
-110
-41
19
69
111
144
171
194
215
237
263
294
331
376
427
483
543
603
660
712
753
782
795
790
766
723
662
584
491
387
276
161
46
-64
-167
-260
-340
-406
-456
-491
-512
-519
-515
-500
-478
-449
-416
-381
-344
-307
-272
-239
-208
-182
-160
-142
-130
-122
-119
-119
-123
-129
-137
-145
-151
-156
-158
-157
-152
-143
-132
-117
-102
-87
-73
-62
-55
-54
-58
-69
-86
-110
-139
-172
-208
-244
-280
-312
-338
-356
-363
-358
-338
-303
-252
-184
-99
0
114
239
372
511
650
786
913
1027
1124
1199
1249
1272
1267
1234
1176
1097
1000
891
777
662
552
451
360
282
215
159
112
72
36
1
-33
-71
-111
-157
-207
-263
-324
-390
-460
-534
-609
-684
-757
-823
-881
-928
-960
-976
-973
-952
-911
-853
-779
-692
-594
-490
-384
-279
-180
-90
-12
51
100
132
148
149
137
114
84
49
12
-23
-55
-82
-101
-111
-110
-99
-78
-45
-2
49
110
176
248
322
395
465
530
587
633
666
686
692
684
662
629
585
534
478
420
362
305
