78
73
69
66
65
65
66
70
74
80
86
92
99
105
111
116
119
122
123
123
122
119
114
107
97
85
69
49
25
-2
-35
-71
-110
-152
-194
-236
-275
-311
-340
-362
-375
-378
-371
-354
-327
-291
-247
-198
-144
-89
-33
19
68
110
145
172
188
195
192
181
162
138
110
80
50
23
-1
-21
-36
-46
-51
-52
-48
-42
-34
-25
-16
-9
-3
0
0
-4
-11
-21
-35
-51
-69
-89
-110
-132
-154
-175
-195
-214
-231
-246
-259
-268
-275
-278
-277
-273
-264
-250
-233
-211
-186
-157
-125
-91
-55
-17
20
58
94
128
160
186
208
225
236
240
239
233
223
209
192
174
157
140
125
113
104
99
99
102
108
116
126
137
147
156
163
168
171
170
167
162
154
144
131
116
99
80
59
36
11
-14
-42
-71
-101
-132
-163
-193
-224
-253
-280
-304
-325
-342
-354
-360
-360
-354
-341
-322
-298
-268
-233
-195
-154
-112
-70
-29
8
42
71
94
111
122
128
128
123
116
106
95
84
73
64
55
48
41
34
27
19
9
-1
-14
-28
-44
-60
-75
-90
-103
-112
-119
-122
-120
-115
-105
-92
-76
-57
-36
-13
10
34
58
82
106
129
151
171
191
209
225
240
252
262
270
275
278
278
276
271
265
257
248
239
230
221
213
208
204
202
202
205
209
215
221
227
232
235
235
230
219
202
179
149
112
70
23
-26
-76
-126
-172
-213
-248
-274
-292
-300
-300
-292
-278
-257
-234
-208
-182
-158
-138
-121
-111
-107
-109
-118
-132
-152
-176
-204
-233
-262
-291
-317
-341
-361
-375
-385
-388
-385
-374
-356
-330
-296
-254
-204
-146
-82
-12
60
136
211
284
353
414
466
506
533
545
542
523
490
443
386
320
249
177
106
40
-18
-66
-103
-127
-138
-138
-127
-107
-81
-50
-19
11
38
60
75
82
80
69
50
23
-9
-47
-88
-130
-171
-210
-245
-275
-299
-316
-326
-329
-325
-315
-300
-280
-258
-233
-208
-183
-160
-139
-120
-104
-91
-80
-71
-64
-58
-54
-49
-44
-38
-32
-24
-16
-6
3
14
24
34
43
50
56
60
61
61
60
57
54
50
47
45
43
43
45
48
53
59
66
74
82
90
97
104
110
115
119
123
127
131
135
139
144
150
155
160
164
168
170
170
168
163
156
146
133
118
100
80
58
35
12
-10
-33
-54
-74
-93
-110
-125
-139
-152
-164
-175
-186
-197
-208
-218
-227
-234
-240
-244
-244
-242
-235
-226
-213
-198
-180
-162
-143
-124
-107
-91
-78
-68
-60
-54
-49
-46
-43
-40
-35
-28
-19
-6
10
30
54
82
113
147
184
224
264
306
348
389
429
465
497
522
540
548
545
530
501
459
404
336
258
172
80
-13
-106
-194
-274
-342
-396
-434
-455
-458
-444
-414
-371
-316
-253
-185
-116
-49
12
65
109
140
159
166
161
147
125
99
72
47
27
15
14
23
46
80
126
183
247
317
390
461
528
588
637
674
696
701
691
664
622
566
497
417
330
236
139
40
-57
-151
-240
-323
-397
-461
-514
-557
-588
-608
-617
-617
-608
-591
-568
-541
-511
-478
-445
-412
-381
-351
-324
-299
-276
-257
-240
-225
-212
-200
-190
-179
-169
-158
-145
-130
-114
-95
-73
-49
-24
2
30
57
83
107
128
145
159
169
175
178
178
176
172
168
163
158
153
149
144
138
132
123
112
96
76
51
19
-19
-64
-116
-175
-237
-304
-371
-438
-502
-559
-608
-646
-670
-680
-674
-651
-610
-553
-481
-395
-298
-193
-82
31
144
253
356
451
535
608
668
715
750
771
781
780
769
749
722
689
651
611
569
528
486
447
409
374
340
307
274
241
206
167
125
77
23
-36
-102
-174
-251
-331
-414
-497
-578
-655
-726
-787
-838
-876
-899
-908
-900
-877
-839
-788
-725
-654
-576
-494
-411
-330
-253
-181
-118
-63
-17
18
45
63
75
81
83
84
85
87
92
101
115
133
156
183
213
244
276
307
335
359
377
389
393
389
377
359
334
303
269
233
196
160
127
97
72
53
40
32
31
34
42
53
66
79
93
105
115
123
128
130
130
128
124
119
113
107
101
95
89
83
77
71
66
61
58
56
56
59
64
72
82
95
110
126
143
159
174
186
195
198
196
187
172
151
124
91
55
17
-20
-57
-92
-123
-149
-170
-186
-196
-201
-202
-199
-194
-186
-177
-167
-157
-146
-135
-125
-114
-102
-90
-76
-62
-47
-30
-13
5
23
41
58
74
87
97
104
107
106
101
91
78
60
40
17
-7
-32
-58
-83
-106
-127
-146
-163
-176
-186
-194
-199
-200
-200
-196
-191
-183
-174
-163
-152
-139
-127
-114
-102
-91
-80
-70
-61
-52
-44
-36
-29
-21
-13
-4
4
13
23
34
45
56
68
79
91
102
112
122
131
139
145
151
155
158
159
159
156
151
143
132
119
104
87
68
48
28
9
-8
-24
-36
-44
-48
-47
-40
-29
-13
6
29
53
77
100
119
133
141
141
135
120
99
72
39
4
-32
-69
-102
-131
-154
-170
-178
-178
-170
-155
-134
-108
-81
-53
-28
-5
11
22
26
24
15
1
-18
-41
-66
-93
-119
-144
-167
-187
-204
-218
-228
-235
-239
-240
-239
-235
-229
-220
-210
-197
-181
-164
-145
-124
-103
-81
-59
-39
-21
-6
5
13
16
16
12
5
-2
-11
-19
-24
-26
-23
-14
1
24
54
91
134
181
233
286
340
393
443
490
533
570
601
624
639
646
643
630
608
575
532
481
421
355
284
211
136
62
-8
-75
-136
-190
-236
-273
-303
-323
-336
-342
-341
-335
-325
-312
-296
-278
-260
-241
-221
-203
-184
-167
-151
-136
-123
-112
-103
-96
-90
-87
-84
-84
-83
-84
-84
-84
-83
-81
-78
-73
-68
-62
-56
-49
-42
-36
-30
-26
-22
-20
-20
-20
-22
-25
-27
-30
-31
-32
-30
-27
-21
-12
-2
9
23
38
54
69
84
98
110
119
126
131
132
131
127
120
111
100
87
73
56
38
17
-3
-26
-50
-75
-99
-122
-144
-162
-178
-189
-195
-197
-193
-184
-170
-151
-129
-103
-75
-45
-16
12
39
63
83
98
109
114
114
108
98
84
67
47
26
5
-14
-33
-48
-61
-70
-76
-77
-76
-72
-66
-57
-48
-38
-27
-16
-5
4
14
23
32
38
44
47
47
43
36
24
8
-12
-37
-66
-98
-131
-163
-195
-222
-246
-263
-272
-275
-269
-256
-235
-209
-178
-143
-107
-71
-37
-5
22
45
63
76
83
86
84
78
70
60
49
38
28
20
14
13
15
23
36
55
80
111
148
192
240
292
347
402
456
506
549
584
607
617
613
593
557
505
438
356
263
161
51
-61
-174
-285
-389
-483
-565
-632
-682
-714
-728
-723
-700
-662
-609
-545
-472
-393
-311
-229
-148
-72
-1
64
122
173
217
254
285
309
328
341
348
350
348
340
329
314
296
275
252
229
206
184
163
145
130
118
109
103
99
96
94
92
90
87
83
78
72
65
57
49
41
34
27
20
14
8
2
-4
-12
-22
-33
-47
-61
-78
-95
-113
-131
-148
-165
-180
-194
-206
-216
-225
-232
-239
-245
-249
-254
-258
-261
-265
-268
-270
-272
-273
-271
-268
-261
-251
-236
-215
-189
-157
-120
-77
-29
22
77
134
191
248
303
355
404
447
486
518
545
565
580
589
593
592
586
577
563
546
526
502
475
444
410
371
329
283
232
177
119
56
-9
-77
-147
-218
-288
-358
-424
-487
-545
-598
-645
-684
-716
-740
-757
-765
-765
-758
-743
-722
-694
-660
-622
-580
-534
-487
-438
-388
-339
-290
-242
-195
-149
-106
-64
-25
11
45
77
107
135
161
185
208
230
250
270
288
305
320
333
344
353
360
365
369
372
374
376
379
382
385
389
392
394
392
387
375
357
331
296
251
197
135
65
-9
-87
-165
-242
-313
-377
-430
-472
-501
-516
-517
-505
-480
-445
-400
-348
-289
-227
-162
-97
-32
31
92
149
202
250
293
329
359
382
397
404
404
396
380
356
327
291
250
205
156
107
56
7
-40
-83
-123
-156
-183
-203
-216
-222
-222
-217
-207
-194
-179
-163
-148
-135
-123
-114
-107
-102
-99
-97
-97
-97
-98
-99
-101
-103
-106
-110
-116
-124
-135
-149
-166
-187
-212
-239
-270
-302
-336
-371
-406
-440
-473
-503
-530
-554
-573
-587
-593
-593
-584
-565
-536
-496
-446
-385
-314
-234
-147
-54
41
138
234
327
415
495
567
630
683
725
758
782
797
806
809
808
803
797
789
780
772
764
757
750
745
741
739
738
737
737
737
736
731
723
708
686
655
614
562
500
427
345
255
156
52
-56
-169
-285
-401
-518
-635
-749
-860
-968
-1069
-1164
-1249
-1324
-1386
-1433
-1463
-1475
-1466
-1436
-1384
-1309
-1212
-1094
-957
-803
-635
-456
-271
-83
101
278
444
593
723
829
910
964
992
994
973
933
878
812
742
670
603
544
495
458
433
419
413
412
413
410
401
381
347
299
237
161
75
-16
-111
-203
-289
-363
-424
-468
-494
-502
-494
-471
-435
-390
-337
-280
-221
-164
-109
-58
-12
29
66
99
129
158
185
211
237
262
286
306
321
331
333
327
312
287
253
211
163
110
55
0
-52
-101
-143
-177
-203
-220
-228
-228
-222
-211
-198
-184
-172
-163
-158
-158
-163
-172
-184
-197
-208
-216
-219
-216
-204
-184
-156
-120
-76
-28
24
78
133
186
234
277
313
341
359
367
365
354
333
304
267
224
176
125
72
18
-34
-86
-135
-182
-225
-264
-298
-329
-356
-380
-401
-418
-433
-446
-456
-462
-465
-464
-458
-446
-429
-405
-374
-338
-296
-249
-198
-145
-91
-37
15
65
111
153
189
218
240
255
261
259
249
230
204
172
135
94
52
11
-26
-59
-84
-100
-106
-101
-87
-63
-33
2
39
76
109
137
157
167
167
156
134
102
60
10
-44
-104
-167
-230
-292
-350
-404
-452
-491
-523
-544
-556
-556
-546
-525
-494
-453
-402
-343
-277
-205
-128
-48
33
115
196
273
347
415
476
530
576
613
640
657
664
660
647
623
591
549
501
446
386
322
257
191
126
64
4
-50
-100
-145
-185
-220
-251
-277
-299
-316
-331
-341
-349
-352
-351
-346
-335
-319
-298
-270
-236
-197
-153
-106
-57
-8
39
82
120
150
170
180
178
165
141
107
65
18
-30
-79
-123
-161
-190
-207
-212
-204
-183
-151
-110
-61
-7
47
102
152
197
234
262
280
289
289
282
270
255
238
223
212
205
203
207
217
231
247
264
279
290
295
292
280
259
227
187
139
86
30
-26
-79
-126
-165
-193
-208
-211
-201
-178
-144
-102
