2656
2648
2587
2477
2324
2136
1921
1689
1448
1209
978
764
570
400
255
136
41
-34
-93
-140
-180
-216
-253
-294
-340
-393
-453
-518
-587
-657
-727
-792
-851
-901
-941
-969
-985
-992
-990
-984
-977
-972
-973
-985
-1008
-1045
-1095
-1155
-1223
-1294
-1360
-1415
-1453
-1464
-1445
-1388
-1292
-1154
-974
-755
-500
-215
94
420
756
1095
1429
1753
2061
2348
2611
2846
3050
3220
3353
3445
3494
3495
3446
3344
3188
2976
2712
2398
2042
1652
1237
810
382
-35
-432
-798
-1126
-1410
-1648
-1837
-1979
-2077
-2132
-2151
-2137
-2097
-2036
-1960
-1875
-1786
-1698
-1615
-1542
-1481
-1432
-1398
-1376
-1364
-1359
-1356
-1351
-1338
-1315
-1276
-1218
-1140
-1040
-917
-774
-612
-434
-244
-46
153
350
538
709
860
983
1075
1131
1151
1132
1076
984
860
710
539
354
163
-27
-209
-375
-518
-632
-713
-757
-761
-726
-652
-541
-398
-227
-33
175
394
616
834
1042
1235
1408
1557
1679
1771
1832
1861
1859
1827
1768
1684
1580
1458
1322
1176
1022
862
698
530
358
182
3
-179
-364
-549
-734
-915
-1087
-1248
-1392
-1516
-1617
-1692
-1739
-1758
-1750
-1719
-1667
-1599
-1521
-1439
-1356
-1279
-1210
-1151
-1103
-1066
-1038
-1015
-995
-973
-944
-907
-857
-793
-714
-621
-513
-392
-260
-119
29
184
344
509
678
851
1026
1202
1376
1546
1709
1858
1991
2101
2184
2237
2256
2240
2190
2105
1989
1845
1677
1490
1288
1075
855
632
409
189
-24
-229
-423
-603
-766
-912
-1036
-1139
-1218
-1275
-1309
-1321
-1313
-1288
-1248
-1196
-1135
-1069
-1000
-931
-864
-801
-743
-690
-644
-604
-569
-541
-517
-497
-481
-467
-453
-438
-421
-399
-370
-334
-289
-234
-169
-95
-13
74
166
258
347
430
503
565
612
644
660
661
646
619
582
536
486
432
379
328
280
238
203
176
157
148
148
159
180
212
254
306
367
435
508
585
661
735
804
866
920
964
998
1021
1035
1038
1032
1016
991
955
910
854
787
708
618
516
403
279
147
7
-136
-283
-429
-573
-709
-837
-953
-1056
-1145
-1217
-1275
-1318
-1347
-1365
-1375
-1377
-1376
-1372
-1369
-1367
-1366
-1366
-1365
-1363
-1355
-1340
-1314
-1276
-1223
-1156
-1074
-980
-875
-764
-651
-540
-435
-339
-256
-185
-128
-81
-42
-6
32
79
140
220
322
449
601
777
972
1181
1399
1618
1831
2030
2210
2364
2489
2581
2638
2661
2649
2602
2523
2412
2270
2098
1897
1668
1415
1142
853
557
263
-18
-274
-495
-670
-790
-849
-846
-782
-665
-504
-314
-112
84
257
388
463
471
405
263
49
-228
-557
-924
-1309
-1696
-2065
-2401
-2688
-2916
-3076
-3166
-3184
-3134
-3022
-2859
-2653
-2417
-2162
-1898
-1635
-1379
-1137
-910
-701
-509
-332
-168
-15
130
270
406
538
667
790
907
1014
1110
1191
1256
1303
1331
1339
1328
1300
1257
1201
1136
1064
988
912
838
767
700
638
581
529
481
436
395
357
322
290
261
236
216
200
190
185
185
188
195
202
208
210
206
194
170
132
80
12
-72
-173
-288
-415
-549
-687
-823
-952
-1066
-1159
-1226
-1259
-1255
-1209
-1120
-988
-813
-600
-356
-87
195
483
766
1034
1276
1486
1657
1785
1868
1904
1896
1846
1758
1637
1490
1322
1141
951
760
573
392
223
65
-79
-212
-335
-451
-561
-669
-777
-886
-998
-1112
-1226
-1339
-1445
-1542
-1624
-1688
-1728
-1741
-1726
-1679
-1603
-1499
-1370
-1220
-1056
-883
-707
-535
-373
-225
-94
17
108
180
233
270
294
309
316
319
321
323
328
336
349
367
391
422
458
500
546
594
643
690
731
763
782
785
769
733
675
598
502
392
271
146
24
-88
-185
-259
-305
-320
-300
-247
-161
-47
89
242
402
562
712
846
955
1036
1084
1097
1077
1023
941
835
709
571
426
281
139
7
-111
-216
-303
-374
-427
-465
-490
-503
-507
-506
-502
-497
-494
-495
-500
-510
-525
-545
-568
-593
-618
-642
-663
-679
-689
-692
-686
-671
-647
-613
-569
-515
-451
-379
-299
-211
-119
-22
75
172
266
355
434
503
558
596
617
619
600
562
504
428
336
232
120
3
-111
-220
-317
-396
-452
-480
-478
-443
-373
-271
-138
19
196
385
574
756
920
1056
1158
1218
1234
1203
1128
1011
859
678
476
263
47
-164
-363
-544
-703
-837
-945
-1025
-1080
-1111
-1121
-1113
-1089
-1052
-1006
-951
-891
-824
-754
-679
-600
-518
-432
-344
-255
-166
-78
6
86
159
224
279
323
355
376
387
388
382
371
358
345
335
329
329
336
349
368
391
416
439
459
472
476
468
447
412
365
305
234
156
73
-10
-92
-169
-238
-297
-345
-380
-404
-416
-418
-412
-399
-381
-361
-340
-319
-299
-280
-262
-245
-229
-212
-194
-173
-150
-122
-91
-56
-18
24
68
115
163
211
258
303
346
384
417
444
462
470
468
452
423
381
325
258
181
97
11
-72
-150
-217
-268
-302
-315
-308
-280
-233
-171
-98
-17
65
146
220
285
338
377
402
414
412
399
377
347
311
271
228
181
133
82
28
-28
-88
-152
-217
-284
-350
-413
-469
-515
-548
-565
-564
-543
-501
-439
-360
-265
-158
-44
72
185
289
379
449
497
517
509
471
404
309
191
53
-100
-263
-430
-598
-761
-916
-1060
-1190
-1305
-1402
-1481
-1538
-1574
-1585
-1571
-1531
-1462
-1366
-1241
-1089
-911
-709
-486
-246
6
270
539
809
1077
1337
1585
1817
2027
2210
2362
2477
2554
2587
2576
2520
2418
2273
2087
1865
1610
1330
1031
722
409
103
-186
-451
-683
-875
-1021
-1117
-1162
-1157
-1107
-1018
-898
-755
-601
-446
-299
-169
-64
11
52
58
29
-31
-117
-224
-341
-461
-575
-673
-747
-792
-802
-776
-714
-619
-495
-349
-190
-26
133
281
409
511
583
625
635
616
570
503
418
321
215
106
-3
-111
-216
-315
-409
-497
-578
-651
-716
-771
-813
-841
-853
-848
-823
-780
-719
-643
-554
-459
-361
-266
-179
-105
-47
-9
9
9
-6
-37
-77
-123
-169
-211
-246
-271
-282
-280
-265
-235
-194
-141
-77
-5
76
166
264
373
490
618
755
901
1053
1210
1367
1519
1662
1791
1900
1985
2041
2065
2055
2011
1934
1825
1687
1525
1342
1143
933
716
495
272
50
-168
-383
-593
-798
-996
-1184
-1360
-1523
-1668
-1792
-1893
-1968
-2015
-2033
-2022
-1982
-1916
-1825
-1714
-1585
-1443
-1292
-1137
-981
-829
-683
-545
-419
-304
-201
-110
-30
39
100
155
204
251
295
339
383
429
476
524
573
622
669
714
753
786
811
824
825
813
785
743
686
616
534
442
344
243
141
42
-50
-135
-210
-272
-323
-360
-385
-398
-400
-392
-374
-349
-318
-281
-240
-195
-147
-97
-45
9
65
123
183
244
306
367
428
486
541
590
632
664
685
691
681
654
607
541
455
351
230
96
-46
-195
-344
-489
-626
-751
-859
-948
-1017
-1066
-1093
-1101
-1092
-1068
-1032
-987
-934
-877
-816
-754
-690
-624
-558
-492
-425
-360
-298
-241
-194
-158
-137
-135
-152
-190
-247
-322
-409
-501
-593
-674
-735
-768
-764
-718
-626
-485
-297
-68
195
484
786
1089
1378
1643
1869
2049
2175
2242
2248
2196
2090
1937
1747
1531
1300
1067
841
633
448
293
170
79
19
-11
-17
-4
22
59
101
143
182
214
239
254
259
254
239
216
184
146
101
50
-4
-64
-128
-196
-268
-344
-423
-505
-590
-676
-762
-848
-929
-1005
-1073
-1130
-1173
-1200
-1208
-1196
-1162
-1108
-1033
-941
-832
-711
-581
-447
-312
-180
-54
61
165
256
332
394
440
473
492
500
498
488
470
446
417
385
349
312
273
234
196
159
126
96
71
54
44
43
51
70
99
139
188
246
310
380
452
524
593
656
710
752
780
791
784
758
712
647
563
462
346
217
79
-65
-213
-360
-504
-641
-767
-880
-977
-1054
-1111
-1145
-1156
-1142
-1103
-1043
-961
-861
-747
-623
-494
-365
-242
-128
-29
52
114
156
178
185
178
164
148
137
137
154
191
252
338
447
577
722
876
1028
1171
1295
1391
1450
1468
1440
1365
1245
1084
887
664
423
175
-69
-301
-512
-695
-845
-961
-1041
-1088
-1106
-1099
-1074
-1035
-989
-941
-893
-849
-811
-777
-747
-719
-690
-659
-623
-580
-529
-470
-402
-327
-247
-164
-81
-1
71
134
185
221
242
247
235
209
170
121
64
4
-56
-115
-169
-217
-258
-292
-318
-338
-353
-365
-374
-382
-391
-399
-407
-414
-419
-421
-417
-405
-385
-356
-316
-265
-205
-136
-60
20
103
187
269
347
419
486
547
602
652
699
745
791
839
890
946
1007
1072
1140
1209
1277
1339
1392
1432
1455
1457
1435
1387
1310
1205
1072
914
732
531
315
90
-137
-364
-583
-789
-978
-1145
-1289
-1409
-1503
-1572
-1619
-1647
-1656
-1651
-1634
-1605
-1566
-1517
-1456
-1381
-1292
-1184
-1058
-911
-743
-555
-349
-128
101
335
564
782
979
1147
1278
1367
1410
1406
1357
1268
1147
1002
846
689
541
411
305
228
180
159
163
186
222
265
309
348
377
394
395
379
347
299
237
163
81
-7
-98
-191
-282
-370
-454
-534
-608
-677
-739
-792
-836
-866
-882
-879
-855
-808
-738
-643
-527
-390
-239
-77
88
252
406
545
664
759
825
864
873
856
815
755
681
596
507
418
333
255
186
128
80
41
12
-10
-29
-44
-58
-73
-88
-105
-123
-140
-157
-170
-180
-183
-180
-168
-149
-123
-91
-54
-15
22
56
85
105
115
113
100
75
39
-4
-54
-108
-162
-213
-259
-297
-325
-341
-346
-339
-323
-298
-267
-232
-196
-162
-131
-106
-86
-74
-67
-65
-67
-72
-76
-80
-80
-78
-71
-61
-47
-31
-15
0
12
21
23
19
8
-10
-35
-66
-100
-135
-170
-200
-225
-241
-247
-242
-226
-200
-165
-123
-78
-32
10
46
72
85
84
67
35
-10
-68
-134
-204
-273
-338
-393
-434
-459
-463
-447
-408
-349
-272
-179
-75
34
144
250
346
428
494
542
573
590
596
595
594
598
611
638
679
736
805
881
960
1033
1092
1129
1138
1112
1048
945
804
630
428
205
-28
-264
-493
-708
-901
-1066
-1200
-1301
-1369
-1406
-1414
-1397
-1359
-1304
-1236
-1160
-1078
-992
-904
-815
-726
-638
-550
-462
-376
-292
-210
-131
-57
11
74
131
182
227
267
304
339
374
411
453
499
551
608
671
736
802
866
923
971
1004
1021
1016
988
936
858
756
631
487
329
161
-8
-176
-333
-475
-595
-689
-755
-789
-793
-766
-712
-634
-536
-423
-301
-174
-47
76
193
303
403
493
574
646
709
763
809
844
868
879
876
856
818
763
689
599
494
375
247
113
-24
-163
-298
-428
-551
-664
-767
-859
-939
-1007
-1062
-1104
-1133
-1148
-1149
-1135
-1107
-1064
-1007
-938
-857
-768
-673
-574
-475
-380
-290
-208
-136
-74
-24
15
45
67
83
95
105
114
125
138
154
174
197
223
252
283
316
350
385
420
454
487
517
545
570
590
606
615
619
615
604
585
558
522
477
425
365
299
228
152
74
-5
-84
-161
-235
-304
-368
-425
-476
-519
-555
-584
-605
-619
-626
-626
-619
-606
-586
-560
-529
-493
-455
-415
-375
-336
