752
872
980
1073
1147
1201
1234
1244
1233
1200
1147
1073
981
872
745
602
444
272
89
-104
-305
-509
-714
-915
-1106
-1285
-1446
-1586
-1702
-1790
-1849
-1878
-1877
-1846
-1787
-1703
-1594
-1466
-1322
-1164
-997
-825
-649
-475
-303
-135
25
181
329
471
608
741
872
1000
1129
1258
1387
1516
1645
1770
1889
1999
2097
2178
2238
2272
2277
2248
2183
2080
1938
1758
1544
1298
1027
737
435
130
-171
-461
-734
-983
-1205
-1397
-1557
-1686
-1783
-1852
-1894
-1913
-1910
-1890
-1855
-1806
-1746
-1676
-1595
-1505
-1405
-1294
-1173
-1042
-901
-752
-597
-436
-274
-112
45
196
337
466
580
678
758
818
859
880
881
862
824
770
700
618
527
428
326
225
127
35
-48
-120
-181
-229
-265
-288
-301
-303
-297
-284
-265
-243
-217
-190
-163
-135
-107
-80
-53
-28
-3
21
45
68
91
115
138
161
186
211
237
265
295
325
357
389
419
447
469
486
494
491
477
451
413
362
302
232
157
79
0
-74
-145
-207
-261
-304
-337
-360
-375
-384
-388
-390
-393
-399
-409
-426
-449
-478
-513
-550
-589
-626
-658
-683
-699
-705
-700
-684
-656
-620
-575
-524
-468
-409
-348
-287
-226
-165
-105
-45
12
70
126
181
234
283
330
371
407
438
462
480
492
499
502
503
501
500
499
501
507
519
537
561
594
633
679
729
782
835
885
927
958
975
973
950
904
833
739
621
482
325
155
-23
-206
-386
-559
-717
-856
-971
-1060
-1119
-1148
-1147
-1118
-1064
-988
-895
-791
-680
-568
-460
-359
-269
-191
-127
-77
-40
-13
4
18
29
42
58
80
109
144
184
229
275
320
361
395
422
438
444
439
425
403
375
342
308
274
242
213
187
166
148
133
120
108
96
82
67
49
28
4
-20
-47
-75
-103
-130
-156
-180
-202
-224
-245
-268
-294
-324
-359
-402
-452
-510
-575
-648
-725
-805
-885
-963
-1034
-1096
-1145
-1180
-1196
-1193
-1170
-1126
-1062
-977
-875
-756
-624
-481
-330
-173
-13
146
307
466
625
784
943
1105
1272
1444
1621
1805
1994
2186
2379
2567
2745
2908
3049
3161
3236
3269
3254
3188
3069
2895
2670
2397
2082
1730
1350
951
540
125
-284
-684
-1067
-1428
-1764
-2071
-2346
-2588
-2795
-2965
-3097
-3190
-3243
-3258
-3234
-3174
-3078
-2951
-2795
-2615
-2416
-2203
-1980
-1753
-1527
-1305
-1092
-888
-698
-520
-356
-206
-69
55
169
271
363
444
515
575
625
664
692
709
717
715
706
691
671
648
624
600
578
558
543
531
522
516
513
510
506
501
494
483
469
453
435
417
401
387
377
372
373
379
389
403
419
436
454
471
487
503
520
538
558
582
610
641
676
712
747
776
797
805
797
769
721
650
559
449
324
189
47
-95
-235
-368
-490
-600
-695
-777
-845
-900
-945
-981
-1011
-1036
-1058
-1077
-1095
-1109
-1121
-1127
-1127
-1119
-1101
-1072
-1031
-978
-913
-837
-751
-659
-561
-461
-360
-262
-167
-77
5
82
151
214
268
315
354
385
407
422
428
425
416
401
381
357
331
303
276
249
223
197
172
148
123
99
74
47
18
-13
-48
-87
-131
-179
-232
-288
-345
-402
-456
-504
-542
-569
-580
-574
-548
-502
-434
-344
-234
-105
40
201
372
550
731
908
1076
1229
1362
1469
1544
1586
1590
1557
1488
1385
1252
1095
918
730
535
340
150
-30
-199
-353
-490
-610
-713
-798
-866
-918
-954
-974
-980
-973
-953
-922
-881
-832
-777
-717
-652
-586
-518
-448
-378
-307
-234
-158
-77
9
104
207
321
444
576
714
855
993
1123
1239
1332
1397
1429
1424
1379
1296
1178
1027
853
660
458
253
54
-135
-311
-470
-612
-737
-847
-944
-1031
-1108
-1179
-1243
-1301
-1353
-1396
-1429
-1449
-1455
-1444
-1414
-1365
-1296
-1207
-1100
-976
-838
-688
-531
-368
-203
-37
126
287
445
599
748
892
1029
1158
1277
1384
1475
1547
1598
1626
1627
1604
1554
1481
1387
1276
1150
1015
875
735
597
466
344
233
134
50
-20
-78
-123
-158
-183
-202
-217
-229
-241
-254
-271
-290
-314
-341
-371
-404
-439
-474
-509
-542
-572
-599
-622
-640
-652
-657
-655
-645
-626
-598
-561
-515
-463
-404
-342
-279
-216
-157
-103
-56
-18
11
31
43
46
42
32
18
0
-21
-45
-71
-99
-129
-161
-196
-232
-269
-307
-344
-378
-407
-431
-447
-454
-451
-438
-415
-382
-340
-291
-237
-179
-120
-60
-1
56
111
164
215
263
308
350
387
419
443
458
462
453
430
392
340
274
196
109
16
-77
-168
-251
-320
-371
-400
-403
-377
-323
-239
-129
4
156
321
490
658
815
954
1069
1154
1204
1216
1189
1123
1020
885
722
538
340
136
-65
-258
-433
-586
-712
-806
-867
-895
-893
-862
-808
-736
-651
-560
-468
-381
-300
-230
-172
-125
-89
-64
-46
-35
-28
-25
-23
-22
-22
-21
-20
-18
-15
-12
-8
-4
0
5
10
13
14
11
3
-9
-30
-58
-94
-136
-183
-233
-282
-328
-367
-395
-409
-405
-381
-337
-272
-188
-87
25
146
269
390
500
597
675
732
765
775
762
728
675
607
528
442
350
259
169
83
5
-65
-127
-181
-227
-267
-301
-333
-363
-393
-424
-458
-493
-530
-567
-603
-635
-662
-683
-694
-694
-683
-658
-619
-566
-498
-417
-323
-217
-102
19
148
281
416
552
687
820
950
1075
1192
1301
1398
1482
1549
1598
1626
1631
1609
1559
1480
1370
1229
1057
855
627
377
109
-168
-449
-724
-984
-1221
-1427
-1594
-1717
-1793
-1819
-1795
-1724
-1609
-1455
-1270
-1060
-834
-599
-363
-133
85
289
475
641
788
916
1027
1123
1206
1277
1338
1387
1426
1452
1464
1458
1433
1385
1312
1214
1089
939
766
572
363
144
-79
-301
-517
-721
-909
-1078
-1226
-1352
-1456
-1537
-1597
-1637
-1659
-1664
-1653
-1628
-1590
-1540
-1478
-1406
-1324
-1232
-1130
-1020
-902
-775
-642
-504
-361
-217
-73
68
205
335
456
565
662
745
815
872
916
948
971
985
993
995
992
986
977
964
947
925
896
860
816
764
703
634
558
476
390
301
212
125
41
-38
-112
-180
-243
-300
-351
-399
-442
-482
-519
-551
-580
-602
-618
-626
-625
-613
-589
-555
-511
-457
-396
-329
-260
-191
-125
-63
-9
35
70
95
110
115
112
100
83
61
37
12
-12
-34
-54
-70
-81
-89
-94
-97
-99
-102
-107
-117
-133
-155
-185
-223
-268
-321
-378
-440
-503
-566
-628
-685
-736
-781
-818
-847
-866
-878
-881
-876
-865
-847
-824
-798
-767
-733
-696
-655
-610
-560
-504
-440
-368
-285
-191
-86
30
157
294
437
583
728
867
997
1112
1207
1280
1327
1347
1339
1304
1243
1160
1059
945
823
698
575
459
355
264
189
131
90
63
50
49
56
69
88
109
134
161
191
224
261
302
346
391
437
480
518
548
567
573
566
544
508
460
400
332
258
179
100
21
-54
-125
-190
-248
-298
-341
-377
-408
-436
-464
-495
-531
-575
-628
-690
-759
-833
-907
-975
-1032
-1071
-1086
-1072
-1025
-943
-826
-673
-488
-275
-39
213
475
738
996
1240
1462
1656
1817
1939
2021
2061
2061
2023
1951
1851
1728
1588
1438
1281
1124
969
817
671
530
394
262
132
2
-126
-255
-385
-515
-644
-771
-893
-1010
-1117
-1215
-1300
-1371
-1427
-1468
-1494
-1504
-1501
-1485
-1458
-1424
-1383
-1337
-1289
-1239
-1188
-1135
-1081
-1024
-964
-898
-824
-742
-650
-546
-429
-299
-157
-4
159
330
506
683
860
1033
1198
1353
1495
1621
1730
1818
1884
1926
1941
1928
1886
1814
1714
1586
1432
1256
1060
849
626
397
165
-64
-288
-501
-699
-878
-1034
-1164
-1265
-1335
-1373
-1379
-1354
-1303
-1229
-1138
-1037
-935
-840
-760
-704
-679
-691
-745
-842
-983
-1165
-1382
-1627
-1889
-2157
-2418
-2659
-2867
-3030
-3138
-3185
-3164
-3074
-2914
-2688
-2398
-2051
-1654
-1213
-738
-236
284
816
1348
1874
2385
2871
3325
3737
4102
4410
4657
4836
4945
4982
4945
4837
4662
4425
4134
3797
3426
3030
2620
2206
1799
1405
1032
683
361
67
-199
-441
-663
-866
-1055
-1234
-1405
-1568
-1724
-1873
-2011
-2137
-2248
-2341
-2414
-2466
-2497
-2507
-2498
-2472
-2433
-2382
-2323
-2257
-2187
-2112
-2033
-1950
-1860
-1764
-1658
-1542
-1415
-1275
-1123
-958
-781
-593
-397
-194
12
220
426
625
815
993
1154
1297
1420
1520
1598
1653
1686
1699
1694
1673
1640
1597
1547
1491
1431
1368
1302
1232
1159
1080
995
902
801
692
574
448
317
183
49
-82
-207
-322
-423
-509
-577
-626
-654
-663
-653
-625
-583
-527
-460
-384
-301
-212
-118
-21
77
178
280
381
480
574
661
737
799
842
864
860
828
767
675
555
408
239
54
-140
-337
-529
-709
-869
-1007
-1117
-1198
-1250
-1275
-1275
-1254
-1217
-1167
-1111
-1051
-991
-935
-885
-842
-807
-780
-759
-742
-729
-715
-699
-677
-647
-606
-552
-484
-400
-301
-186
-58
81
231
388
547
704
857
1000
1129
1242
1333
1401
1443
1458
1445
1404
1337
1244
1130
995
845
681
508
330
148
-31
-209
-381
-544
-698
-838
-965
-1075
-1168
-1242
-1296
-1331
-1344
-1339
-1314
-1273
-1216
-1146
-1065
-974
-876
-773
-666
-555
-441
-325
-206
-84
40
168
299
433
569
705
842
975
1104
1225
1335
1432
1513
1575
1614
1629
1619
1582
1518
1429
1317
1184
1035
873
705
534
367
207
59
-73
-190
-289
-371
-438
-491
-534
-571
-605
-639
-675
-715
-760
-806
-853
-896
-931
-955
-962
-951
-918
-862
-783
-682
-561
-425
-276
-119
41
201
356
503
639
761
867
958
1033
1092
1137
1168
1188
1196
1195
1185
1165
1135
1094
1041
973
889
786
663
518
351
161
-50
-283
-534
-800
-1077
-1359
-1642
-1919
-2184
-2430
-2650
-2837
-2987
-3094
-3152
-3159
-3113
-3011
-2856
-2648
-2391
-2090
-1749
-1377
-980
-567
-146
273
685
1082
1457
1806
2124
2410
2661
2878
3061
3212
3333
3427
3494
3536
3555
3550
3521
3467
3386
3275
3133
2959
2752
2511
2240
1939
1614
1269
909
541
172
-191
-543
-876
-1184
-1464
-1711
-1923
-2098
-2237
-2340
-2409
-2447
-2457
-2445
-2414
-2369
-2315
-2256
-2196
-2139
-2088
-2046
-2013
-1991
-1979
-1975
-1979
-1986
-1994
-1999
-1996
-1981
-1949
-1897
-1821
-1719
-1590
-1432
-1247
-1035
-800
-545
-275
4
289
571
844
1103
1339
1548
1725
1865
1968
2031
2057
2047
2007
1940
1853
1752
1643
1530
1419
1314
1218
1133
1061
1003
958
928
911
909
922
951
996
1058
1138
1236
1350
1476
1610
1745
1870
1975
2049
2081
2062
1985
1847
1647
1391
1085
740
368
-17
-404
-781
-1137
-1464
-1757
-2012
-2227
-2403
-2542
-2646
-2719
-2765
-2789
-2795
-2784
-2760
-2723
-2674
-2610
-2530
-2431
-2311
-2166
-1995
-1797
-1572
-1321
-1048
-756
-450
-137
176
484
780
1055
1303
1519
1697
1833
1925
1971
1973
1932
1853
1741
1602
1443
1271
1095
923
761
616
492
395
326
284
270
279
306
346
393
438
476
502
510
498
465
411
336
245
141
28
-88
-206
-319
-425
-519
-600
-665
-715
-748
-766
-769
-759
-739
-710
-675
-635
-593
-549
-505
-461
-417
-373
-328
-282
-236
-188
-140
-91
-44
0
41
78
109
132
149
158
161
158
152
143
135
127
122
120
122
127
