1859
1859
1849
1823
1774
1695
1581
1427
1231
994
718
410
78
-269
-620
-966
-1295
-1597
-1867
-2096
-2282
-2422
-2517
-2569
-2581
-2557
-2504
-2425
-2327
-2214
-2090
-1958
-1820
-1679
-1534
-1387
-1237
-1085
-931
-777
-624
-472
-323
-178
-39
92
218
337
449
555
655
748
836
918
992
1057
1112
1155
1185
1202
1204
1193
1169
1135
1093
1045
995
947
902
862
829
803
784
771
760
750
738
721
695
659
610
547
469
377
272
157
33
-93
-220
-343
-456
-555
-636
-696
-734
-747
-738
-708
-660
-599
-529
-458
-390
-332
-290
-268
-269
-296
-348
-423
-518
-628
-745
-863
-973
-1067
-1139
-1184
-1196
-1175
-1121
-1035
-922
-787
-635
-474
-310
-149
2
140
261
362
443
503
544
568
576
572
558
539
516
491
466
441
416
389
360
325
284
233
173
103
23
-64
-158
-255
-350
-441
-523
-593
-647
-683
-700
-696
-671
-627
-564
-485
-393
-290
-179
-65
49
161
267
363
447
516
567
597
606
591
553
491
408
305
187
59
-72
-202
-323
-429
-516
-579
-616
-628
-614
-579
-524
-456
-378
-293
-207
-120
-35
47
130
213
299
390
488
593
708
831
962
1098
1237
1375
1506
1626
1728
1807
1857
1873
1852
1791
1689
1548
1369
1157
917
656
382
102
-173
-436
-679
-892
-1069
-1205
-1297
-1342
-1342
-1299
-1217
-1104
-966
-811
-648
-485
-330
-189
-68
29
101
147
167
165
142
103
53
-5
-67
-129
-189
-245
-296
-341
-380
-415
-446
-475
-502
-527
-550
-572
-590
-603
-609
-605
-591
-565
-525
-470
-403
-323
-232
-135
-35
64
159
244
315
368
401
411
398
362
306
233
149
58
-30
-112
-179
-224
-244
-233
-190
-114
-8
124
279
449
626
803
971
1121
1248
1345
1407
1433
1422
1374
1292
1181
1045
891
725
554
385
222
70
-66
-187
-292
-381
-456
-522
-581
-638
-697
-760
-832
-915
-1009
-1115
-1233
-1359
-1494
-1632
-1770
-1905
-2032
-2149
-2251
-2335
-2399
-2441
-2460
-2454
-2423
-2366
-2282
-2171
-2032
-1866
-1671
-1448
-1197
-919
-616
-290
57
424
807
1204
1610
2023
2438
2850
3254
3641
4004
4333
4618
4849
5017
5114
5133
5071
4926
4698
4393
4015
3573
3076
2536
1965
1376
783
198
-364
-894
-1382
-1820
-2201
-2524
-2786
-2989
-3135
-3230
-3279
-3287
-3261
-3207
-3130
-3036
-2928
-2808
-2679
-2540
-2392
-2235
-2068
-1891
-1704
-1508
-1303
-1091
-875
-657
-441
-230
-27
162
337
493
629
742
833
902
948
975
983
977
957
929
894
855
816
778
743
714
690
674
664
662
667
678
693
712
733
753
771
785
793
794
787
771
746
711
670
621
567
509
449
388
328
269
214
161
112
65
22
-18
-57
-95
-131
-168
-203
-239
-274
-308
-340
-370
-396
-419
-437
-449
-456
-458
-455
-447
-435
-420
-403
-385
-366
-348
-332
-318
-306
-299
-296
-297
-303
-313
-327
-345
-365
-387
-410
-433
-455
-476
-495
-512
-526
-538
-548
-554
-556
-554
-545
-529
-502
-464
-411
-343
-258
-156
-38
95
242
397
556
714
864
1002
1120
1214
1281
1318
1323
1297
1240
1155
1046
914
765
603
431
254
75
-101
-273
-436
-588
-727
-850
-958
-1048
-1122
-1180
-1223
-1255
-1276
-1290
-1298
-1303
-1306
-1308
-1309
-1308
-1305
-1297
-1283
-1260
-1226
-1179
-1116
-1037
-942
-830
-704
-564
-414
-256
-94
69
232
391
543
688
823
947
1059
1159
1246
1320
1383
1435
1476
1508
1532
1548
1558
1562
1561
1556
1547
1535
1518
1498
1475
1449
1420
1388
1352
1312
1266
1213
1151
1076
987
880
754
609
443
261
64
-141
-349
-553
-745
-916
-1060
-1172
-1247
-1282
-1278
-1238
-1165
-1067
-952
-829
-708
-601
-516
-461
-443
-463
-521
-614
-735
-874
-1018
-1157
-1276
-1365
-1414
-1417
-1369
-1270
-1124
-937
-717
-474
-219
35
280
507
707
877
1014
1117
1188
1230
1249
1249
1236
1216
1194
1172
1154
1142
1133
1128
1124
1116
1101
1075
1033
974
893
791
668
525
365
192
12
-171
-352
-525
-685
-829
-953
-1054
-1132
-1187
-1220
-1233
-1229
-1211
-1182
-1147
-1108
-1067
-1026
-987
-949
-911
-873
-833
-788
-738
-679
-612
-534
-446
-347
-238
-120
6
139
276
417
558
697
832
959
1076
1179
1266
1334
1381
1404
1403
1379
1331
1261
1172
1066
945
813
670
520
364
204
40
-125
-290
-454
-614
-767
-910
-1039
-1152
-1244
-1314
-1357
-1374
-1363
-1325
-1261
-1175
-1070
-950
-820
-686
-553
-425
-306
-200
-110
-39
14
48
64
65
51
27
-4
-39
-75
-109
-137
-157
-166
-165
-152
-126
-88
-38
21
90
167
249
335
421
504
580
648
703
742
764
765
744
701
636
550
444
321
184
36
-116
-271
-423
-567
-699
-815
-914
-992
-1051
-1090
-1110
-1114
-1105
-1084
-1054
-1016
-970
-917
-855
-782
-694
-588
-460
-307
-127
80
316
577
856
1149
1445
1733
2003
2241
2438
2581
2664
2680
2627
2505
2318
2075
1785
1463
1123
781
454
156
-100
-305
-452
-541
-572
-552
-490
-397
-287
-171
-63
25
86
113
104
57
-24
-136
-273
-426
-588
-750
-905
-1047
-1169
-1269
-1344
-1394
-1421
-1426
-1413
-1385
-1346
-1300
-1248
-1193
-1135
-1075
-1011
-942
-865
-779
-682
-572
-448
-311
-162
-2
164
333
501
661
807
934
1036
1107
1145
1145
1108
1033
925
787
625
449
266
88
-76
-218
-328
-399
-428
-412
-350
-244
-98
80
286
511
746
983
1213
1429
1622
1787
1918
2012
2065
2076
2044
1971
1857
1705
1518
1299
1052
782
493
189
-122
-438
-751
-1055
-1345
-1614
-1856
-2067
-2241
-2375
-2466
-2510
-2508
-2457
-2360
-2217
-2032
-1808
-1552
-1267
-962
-645
-322
-4
299
582
833
1046
1212
1328
1389
1393
1342
1238
1085
892
665
416
153
-110
-366
-605
-818
-999
-1141
-1242
-1301
-1316
-1291
-1225
-1125
-992
-833
-650
-451
-239
-19
202
421
634
834
1017
1180
1317
1426
1503
1545
1552
1522
1457
1359
1230
1076
902
714
518
321
127
-56
-228
-385
-523
-643
-744
-826
-890
-935
-963
-975
-971
-952
-919
-875
-820
-757
-687
-614
-539
-465
-395
-329
-270
-219
-176
-140
-112
-89
-70
-52
-32
-10
17
51
90
136
185
236
287
334
375
407
430
441
441
432
414
391
365
340
319
305
299
304
319
344
376
413
453
492
526
552
566
566
550
516
464
393
305
203
90
-30
-152
-270
-379
-472
-545
-593
-613
-604
-567
-502
-415
-308
-188
-62
64
186
296
389
463
514
542
546
529
491
438
371
295
213
129
46
-34
-112
-186
-256
-323
-387
-450
-512
-572
-632
-689
-744
-795
-840
-876
-901
-914
-911
-893
-858
-805
-735
-650
-551
-442
-325
-203
-79
41
159
269
371
463
545
614
671
715
746
764
769
761
741
710
667
614
552
483
408
329
249
169
90
16
-53
-116
-171
-220
-261
-295
-324
-349
-370
-390
-410
-429
-448
-467
-484
-498
-507
-509
-502
-483
-452
-407
-348
-275
-188
-89
20
140
267
400
538
677
817
954
1087
1212
1326
1426
1509
1572
1614
1631
1623
1589
1528
1440
1325
1183
1015
823
610
378
133
-119
-372
-617
-848
-1055
-1232
-1374
-1475
-1536
-1555
-1535
-1482
-1401
-1300
-1187
-1072
-961
-862
-781
-721
-684
-670
-677
-700
-735
-775
-814
-844
-861
-860
-837
-791
-723
-634
-529
-413
-291
-169
-53
51
142
217
275
316
342
356
361
359
355
350
346
345
347
353
361
372
383
394
405
413
419
422
424
423
422
420
419
420
423
428
434
442
451
459
466
469
468
461
447
425
395
356
307
251
188
119
48
-21
-88
-147
-197
-234
-256
-262
-250
-219
-171
-106
-25
68
173
286
402
519
631
734
821
888
929
941
919
861
766
634
469
274
56
-177
-419
-662
-896
-1114
-1310
-1477
-1612
-1714
-1780
-1813
-1813
-1785
-1731
-1656
-1562
-1455
-1335
-1206
-1067
-918
-760
-589
-404
-205
9
240
484
738
996
1253
1499
1727
1927
2090
2210
2279
2295
2255
2162
2020
1833
1612
1364
1100
831
565
313
81
-123
-299
-441
-551
-629
-677
-701
-703
-690
-666
-635
-602
-570
-542
-519
-503
-492
-487
-486
-489
-492
-496
-496
-493
-484
-468
-444
-411
-370
-319
-260
-194
-123
-48
25
97
163
219
263
292
305
300
278
241
191
131
65
-3
-71
-134
-191
-240
-279
-308
-327
-339
-344
-346
-345
-345
-348
-354
-366
-382
-403
-426
-448
-468
-482
-485
-475
-448
-404
-341
-261
-163
-52
68
194
320
442
555
654
736
799
843
868
875
867
848
820
788
755
724
698
677
661
650
641
631
617
594
560
511
446
364
266
154
31
-97
-227
-351
-464
-562
-639
-694
-725
-735
-727
-704
-674
-642
-616
-601
-602
-623
-666
-730
-813
-913
-1023
-1139
-1254
-1360
-1450
-1518
-1557
-1562
-1527
-1450
-1329
-1162
-950
-696
-404
-79
272
642
1021
1401
1771
2119
2437
2714
2942
3112
3219
3259
3231
3135
2973
2750
2474
2153
1796
1413
1016
615
221
-157
-512
-837
-1127
-1378
-1590
-1762
-1894
-1989
-2049
-2077
-2077
-2051
-2002
-1933
-1845
-1740
-1619
-1485
-1339
-1181
-1016
-845
-671
-498
-329
-167
-17
118
237
338
419
480
521
544
549
541
520
492
459
424
391
361
337
319
309
305
306
312
320
328
334
336
334
326
313
294
271
244
216
188
162
138
119
104
94
89
88
89
92
94
96
95
91
84
74
60
44
26
6
-14
-37
-61
-87
-116
-150
-188
-231
-281
-338
-400
-467
-537
-608
-676
-739
-792
-833
-857
-862
-846
-808
-747
-665
-564
-449
-323
-192
-61
65
181
285
375
450
511
561
604
643
683
726
776
834
900
971
1045
1116
1179
1228
1257
1260
1235
1177
1087
965
814
639
445
238
24
-190
-399
-598
-782
-948
-1092
-1214
-1311
-1382
-1427
-1446
-1440
-1408
-1353
-1275
-1178
-1063
-934
-794
-646
-495
-344
-197
-57
70
185
283
364
426
469
492
498
486
460
422
374
319
260
200
140
83
30
-16
-57
-92
-119
-138
-149
-152
-147
-132
-109
-76
-34
16
77
146
224
308
398
493
589
684
775
860
935
998
1046
1076
1086
1077
1047
998
931
849
756
654
547
441
339
244
160
86
25
-24
-64
-95
-122
-147
-173
-204
-242
-289
-347
-414
-492
-579
-672
-769
-867
-963
-1053
-1135
-1206
-1264
-1308
-1337
-1352
-1353
-1341
-1318
-1285
-1244
-1197
-1144
-1087
-1026
-961
-891
-817
-737
-651
-557
-455
-343
-222
-89
55
211
377
554
738
927
1116
1302
1479
1639
1777
1886
1959
1992
1981
1925
1823
1680
1502
1295
1070
838
609
396
207
53
-60
-129
-155
-137
-82
4
113
236
362
483
590
677
738
771
775
749
697
621
526
416
295
168
36
-96
-231
-366
-502
-641
-782
-926
-1073
-1222
-1370
-1516
-1656
-1786
-1902
-2000
-2076
-2126
-2149
-2141
-2102
-2030
-1927
-1793
-1631
-1441
-1228
-994
-744
-482
-213
59
329
593
844
1079
1292
1480
1639
1766
1858
1913
1932
1914
1860
1773
1655
1511
1346
1166
975
780
588
402
228
68
-72
-194
-296
-377
-439
-482
-507
-516
-510
-491
-459
-416
-362
-298
-225
-143
-55
38
136
235
333
428
516
596
663
718
