-92
-90
-86
-78
-68
-55
-39
-21
-2
17
38
59
78
96
112
125
135
140
140
135
123
106
83
54
20
-17
-58
-101
-144
-185
-223
-256
-282
-300
-310
-311
-302
-284
-258
-224
-186
-144
-100
-57
-16
20
51
75
92
102
103
98
85
68
45
20
-7
-35
-63
-89
-111
-130
-143
-151
-153
-150
-140
-126
-107
-84
-59
-31
-3
25
52
78
101
122
139
153
163
169
171
170
167
161
154
145
136
127
118
110
102
96
90
84
80
76
72
69
66
63
60
57
55
53
50
48
46
44
41
38
34
30
26
21
15
9
3
-2
-8
-13
-18
-22
-26
-29
-32
-35
-38
-41
-45
-48
-50
-53
-54
-55
-55
-54
-51
-48
-44
-40
-35
-29
-24
-18
-13
-8
-3
0
4
8
12
15
19
24
29
35
42
49
56
63
69
74
77
79
79
77
74
69
64
59
53
48
44
40
37
35
33
31
30
29
29
28
27
25
24
22
20
19
17
17
16
17
18
21
25
30
35
41
48
53
59
63
66
68
68
68
65
62
57
50
42
33
22
10
-3
-18
-34
-52
-71
-89
-107
-125
-140
-152
-160
-165
-165
-160
-151
-139
-124
-106
-88
-69
-51
-35
-21
-8
1
10
17
24
30
38
46
56
68
82
98
115
132
149
165
177
187
191
189
181
166
144
116
82
43
2
-41
-85
-128
-169
-205
-236
-260
-278
-289
-292
-288
-278
-263
-244
-222
-198
-174
-151
-130
-112
-97
-86
-79
-74
-73
-73
-76
-79
-82
-86
-88
-90
-90
-89
-87
-83
-77
-71
-63
-55
-46
-36
-26
-16
-5
5
16
28
40
52
64
76
88
100
112
123
133
143
152
159
164
168
170
171
170
169
167
165
163
161
160
159
159
158
158
156
154
151
146
139
131
121
109
95
80
63
45
27
9
-7
-23
-36
-46
-53
-55
-54
-48
-40
-28
-15
-2
10
21
29
33
32
25
12
-5
-29
-57
-87
-120
-153
-184
-213
-236
-254
-265
-268
-263
-251
-232
-207
-177
-143
-108
-73
-39
-7
20
45
64
79
89
94
95
92
86
77
66
54
42
30
20
11
5
2
2
6
12
21
32
44
58
72
86
99
110
119
126
131
133
132
129
123
116
106
95
83
70
57
44
31
20
9
0
-8
-14
-20
-25
-29
-34
-39
-44
-50
-57
-64
-72
-80
-87
-94
-99
-103
-106
-106
-105
-102
-97
-93
-88
-84
-81
-80
-80
-83
-86
-91
-97
-101
-104
-105
-103
-96
-85
-70
-50
-25
2
32
64
96
126
154
177
196
209
216
216
211
200
185
167
148
128
108
91
75
63
53
46
41
37
34
30
25
17
7
-4
-20
-38
-59
-80
-103
-124
-144
-162
-175
-185
-190
-191
-187
-178
-167
-152
-136
-118
-101
-83
-66
-51
-37
-25
-15
-7
-1
3
6
8
9
9
9
9
10
10
12
13
16
19
22
25
29
32
35
38
41
43
44
45
46
45
45
44
44
44
44
46
48
52
56
62
68
74
80
85
90
94
96
96
95
91
86
79
70
59
48
35
22
9
-2
-14
-24
-33
-40
-45
-48
-49
-49
-47
-43
-39
-33
-27
-20
-13
-5
1
8
15
21
27
32
36
39
41
41
40
38
33
28
20
12
3
-5
-14
-23
-31
-38
-44
-48
-52
-55
-57
-59
-61
-63
-65
-68
-71
-74
-77
-80
-81
-80
-78
-73
-65
-55
-42
-28
-12
4
20
35
48
59
66
70
71
68
63
55
45
33
20
7
-6
-20
-32
-44
-53
-61
-67
-70
-71
-70
-67
-63
-57
-50
-42
-33
-24
-14
-5
4
14
24
32
40
45
49
50
48
44
37
27
15
2
-11
-26
-40
-53
-64
-73
-79
-83
-83
-80
-75
-66
-56
-44
-31
-17
-4
7
18
27
34
39
41
40
37
32
24
15
6
-4
-13
-22
-28
-32
-33
-30
-24
-14
-1
15
34
55
77
100
122
142
159
173
182
186
186
180
170
156
139
120
100
80
62
45
30
18
9
2
-1
-3
-3
-3
-2
-1
-2
-4
-7
-12
-19
-28
-38
-49
-61
-73
-84
-95
-104
-112
-118
-122
-123
-123
-120
-115
-108
-100
-89
-76
-63
-48
-32
-17
-1
14
29
43
55
66
75
82
86
88
88
85
81
75
67
58
48
38
29
20
12
5
0
-4
-6
-8
-8
-6
-4
0
4
9
14
19
23
26
28
28
25
21
15
6
-3
-14
-26
-39
-51
-63
-73
-82
-87
-90
-90
-86
-80
-71
-60
-48
-36
-25
-16
-8
-3
-1
-1
-3
-6
-10
-14
-16
-17
-16
-13
-6
2
13
27
41
56
71
84
96
105
111
113
112
107
99
88
75
60
44
27
10
-6
-22
-36
-49
-60
-70
-77
-82
-85
-85
-83
-79
-73
-65
-55
-45
-34
-24
-14
-6
0
3
5
5
2
-2
-8
-14
-21
-28
-33
-36
-38
-38
-35
-30
-24
-16
-6
2
12
21
29
35
38
37
33
25
13
-2
-21
-42
-65
-89
-112
-133
-151
-165
-175
-179
-177
-169
-156
-137
-113
-84
-52
-17
18
56
95
132
168
202
233
260
284
302
316
324
326
322
313
297
277
251
221
188
152
115
76
38
1
-33
-66
-96
-123
-147
-168
-186
-201
-213
-223
-231
-237
-242
-244
-246
-245
-243
-239
-234
-226
-217
-205
-190
-174
-155
-135
-113
-90
-68
-46
-26
-8
5
15
21
22
18
10
-2
-17
-34
-52
-69
-85
-98
-107
-112
-112
-108
-100
-88
-73
-56
-37
-16
3
23
42
60
76
89
101
111
119
125
131
135
140
144
147
151
155
158
161
164
165
166
165
164
161
158
154
149
144
138
133
128
123
118
114
109
105
100
94
87
79
69
56
42
26
8
-9
-29
-48
-67
-85
-101
-116
-128
-137
-144
-148
-150
-150
-148
-143
-138
-131
-123
-114
-106
-98
-90
-83
-76
-70
-65
-60
-55
-50
-45
-38
-31
-22
-12
0
12
26
41
56
70
82
92
100
103
103
99
91
80
66
50
34
18
4
-7
-15
-19
-19
-15
-6
6
22
40
59
79
98
114
128
138
144
147
145
139
131
121
110
98
87
77
68
61
55
51
49
48
47
47
46
46
44
43
40
36
32
27
21
16
10
4
0
-4
-8
-10
-11
-11
-10
-8
-5
-2
1
5
9
13
18
22
25
28
30
31
30
29
26
22
18
13
7
2
-2
-6
-9
-11
-11
-10
-8
-5
-1
1
3
4
2
-2
-10
-22
-37
-56
-78
-102
-128
-154
-180
-205
-227
-245
-259
-267
-269
-264
-253
-236
-213
-186
-156
-125
-93
-62
-33
-8
13
32
48
60
70
79
86
92
98
104
108
112
115
115
113
107
96
81
61
37
8
-22
-55
-88
-119
-145
-167
-181
-187
-186
-175
-157
-132
-102
-67
-30
7
43
78
109
135
157
172
183
187
187
181
173
161
148
133
120
107
95
86
79
75
73
72
73
75
78
80
81
80
78
73
66
56
43
27
8
-13
-36
-62
-88
-116
-143
-169
-194
-217
-237
-253
-266
-276
-281
-283
-283
-280
-275
-269
-262
-255
-247
-240
-232
-224
-214
-204
-194
-181
-168
-154
-139
-123
-107
-91
-76
-61
-48
-36
-25
-15
-7
0
8
17
28
40
56
73
94
116
140
164
187
209
228
243
254
260
262
260
254
244
231
217
201
184
168
152
137
123
111
100
91
84
77
72
68
65
62
60
58
56
54
53
51
49
47
44
40
35
29
22
13
4
-5
-16
-27
-37
-46
-53
-59
-62
-61
-57
-48
-36
-20
-1
19
41
64
85
104
119
129
133
132
123
109
90
65
37
6
-24
-56
-86
-113
-136
-154
-168
-177
-181
-180
-176
-168
-158
-147
-135
-122
-109
-97
-85
-73
-62
-51
-40
-29
-18
-8
1
10
20
28
37
46
54
61
68
75
81
87
93
98
104
110
116
123
131
138
145
151
155
156
155
149
140
127
109
88
65
39
12
-13
-38
-61
-81
-97
-109
-116
-119
-118
-112
-104
-92
-79
-64
-48
-31
-14
2
20
37
54
71
86
100
112
122
128
131
131
127
120
110
96
81
63
45
25
6
-12
-31
-48
-64
-78
-90
-100
-109
-115
-120
-124
-127
-129
-131
-132
-134
-137
-140
-145
-150
-157
-166
-175
-186
-197
-207
-216
-224
-229
-230
-226
-218
-204
-185
-161
-132
-100
-64
-27
10
46
81
111
138
158
173
182
185
182
174
163
148
131
112
94
75
58
42
28
16
6
-1
-8
-12
-16
-18
-19
-19
-18
-16
-14
-10
-5
1
9
18
28
39
51
62
72
80
87
90
90
87
80
70
57
41
23
4
-14
-34
-53
-70
-86
-99
-109
-117
-121
-123
-123
-120
-115
-109
-102
-93
-83
-73
-62
-50
-38
-27
-15
-3
6
16
25
32
39
43
46
49
50
50
50
50
49
50
50
52
55
58
63
68
73
78
83
86
89
90
89
86
81
75
67
58
48
38
28
19
11
6
2
1
2
6
12
21
32
44
57
70
83
94
104
111
115
117
115
111
104
95
85
73
61
48
37
26
18
11
6
4
3
4
7
10
14
19
23
26
29
31
32
33
32
30
28
24
20
15
10
4
-2
-10
-19
-29
-40
-53
-66
-81
-96
-112
-126
-140
-151
-160
-166
-168
-167
-163
-155
-145
-131
-116
-100
-83
-65
-49
-34
-21
-10
-2
2
4
3
0
-6
-13
-22
-30
-39
-46
-52
-57
-59
-60
-58
-54
-49
-41
-32
-22
-11
0
10
20
29
37
44
49
52
54
55
55
54
54
54
55
57
61
66
72
79
87
95
102
109
114
118
120
119
115
109
101
92
81
68
56
43
29
16
3
-9
-21
-34
-46
-59
-71
-83
-95
-107
-118
-128
-137
-145
-152
-157
-159
-159
-157
-151
-142
-131
-116
-98
-77
-54
-29
-3
24
52
80
107
132
154
173
187
196
201
200
193
182
167
148
126
103
78
53
29
5
-17
-38
-57
-75
-92
-107
-120
-133
-143
-153
-161
-167
-172
-175
-176
-176
-173
-167
-160
-150
-138
-124
-109
-92
-75
-57
-39
-22
-6
8
20
30
38
43
46
46
45
42
38
34
30
27
24
22
21
20
20
20
20
20
20
19
18
17
15
14
13
13
13
14
17
21
26
33
42
52
63
76
89
103
116
129
141
151
159
166
170
171
170
166
159
150
139
125
109
92
73
52
31
9
-12
-35
-57
-78
-98
-117
-135
-150
-163
-174
-182
-186
-188
-187
-184
-178
-171
-162
