915
855
775
680
572
455
332
208
85
-32
-142
-242
-331
-408
-471
-520
-555
-576
-583
-576
-556
-522
-476
-417
-348
-271
-186
-98
-9
76
156
226
285
328
354
363
355
330
291
240
180
115
48
-17
-79
-134
-182
-220
-251
-272
-286
-294
-296
-293
-286
-276
-261
-243
-221
-193
-161
-123
-80
-33
18
74
130
187
242
292
337
374
401
417
423
417
400
374
339
299
254
207
159
112
68
26
-11
-45
-75
-100
-121
-138
-150
-156
-158
-154
-144
-129
-109
-85
-57
-29
0
27
51
72
88
100
107
111
112
112
113
116
122
131
144
159
176
191
203
207
202
183
147
92
17
-78
-195
-331
-485
-651
-825
-1001
-1173
-1334
-1476
-1594
-1680
-1730
-1740
-1708
-1633
-1515
-1358
-1164
-940
-691
-424
-147
131
405
667
910
1129
1321
1485
1620
1729
1814
1880
1931
1974
2012
2050
2093
2141
2196
2258
2323
2387
2446
2492
2517
2515
2477
2399
2273
2099
1873
1599
1277
914
517
94
-344
-788
-1225
-1645
-2037
-2389
-2693
-2940
-3124
-3241
-3290
-3270
-3184
-3038
-2837
-2589
-2305
-1995
-1669
-1337
-1011
-699
-411
-153
68
251
391
489
545
562
542
491
413
314
201
78
-47
-172
-290
-397
-489
-563
-617
-648
-657
-643
-606
-547
-468
-370
-256
-129
9
155
307
462
616
767
912
1048
1173
1282
1373
1444
1492
1515
1513
1486
1433
1358
1261
1147
1019
880
736
590
447
310
184
71
-24
-100
-156
-191
-206
-201
-179
-145
-100
-51
-1
43
80
105
114
107
81
37
-23
-99
-187
-284
-386
-491
-593
-689
-777
-853
-915
-961
-989
-1000
-992
-967
-925
-868
-798
-718
-631
-542
-454
-370
-296
-236
-193
-170
-169
-194
-243
-316
-410
-522
-645
-772
-895
-1003
-1087
-1138
-1147
-1108
-1016
-870
-673
-429
-147
161
484
806
1112
1389
1622
1802
1920
1972
1959
1883
1752
1577
1371
1146
919
703
510
352
234
163
140
164
230
334
465
615
774
931
1073
1192
1278
1323
1321
1268
1162
1004
798
549
263
-51
-384
-726
-1066
-1396
-1705
-1984
-2227
-2428
-2580
-2683
-2735
-2737
-2691
-2601
-2473
-2312
-2124
-1916
-1694
-1463
-1228
-993
-762
-538
-323
-119
71
247
408
550
675
780
864
927
970
991
993
975
941
892
832
764
692
621
553
494
445
411
393
392
409
444
495
561
639
726
818
911
1002
1086
1159
1218
1260
1283
1284
1264
1223
1160
1077
977
861
734
598
458
318
182
55
-59
-159
-241
-305
-352
-381
-397
-402
-401
-398
-397
-403
-419
-447
-487
-540
-605
-678
-756
-836
-914
-986
-1049
-1101
-1140
-1166
-1179
-1181
-1172
-1154
-1128
-1096
-1058
-1014
-963
-904
-836
-758
-671
-574
-470
-362
-253
-149
-56
22
80
114
121
101
55
-13
-98
-192
-288
-376
-446
-491
-504
-478
-412
-303
-156
26
238
471
715
963
1204
1431
1637
1817
1965
2080
2160
2205
2214
2189
2134
2050
1943
1817
1678
1533
1386
1242
1106
980
865
759
660
564
467
365
252
127
-14
-173
-349
-540
-743
-954
-1168
-1380
-1585
-1777
-1953
-2108
-2241
-2350
-2436
-2499
-2541
-2564
-2568
-2556
-2526
-2480
-2415
-2330
-2221
-2087
-1925
-1732
-1509
-1254
-969
-657
-322
29
394
762
1128
1484
1823
2141
2432
2694
2923
3117
3277
3400
3486
3534
3543
3510
3436
3319
3160
2959
2720
2447
2144
1819
1478
1130
781
439
112
-193
-473
-724
-941
-1123
-1269
-1379
-1455
-1499
-1515
-1507
-1481
-1441
-1394
-1346
-1301
-1266
-1242
-1232
-1236
-1254
-1283
-1320
-1360
-1400
-1435
-1461
-1474
-1471
-1449
-1407
-1343
-1258
-1152
-1027
-885
-730
-566
-397
-227
-63
91
232
356
461
543
603
641
658
655
634
598
550
494
432
366
301
239
181
131
90
59
41
35
44
67
106
158
224
303
391
486
583
679
767
842
899
932
939
916
864
784
679
555
418
276
136
6
-107
-199
-266
-308
-324
-319
-296
-261
-220
-180
-144
-120
-108
-112
-131
-163
-206
-254
-304
-351
-390
-417
-431
-430
-414
-385
-345
-298
-247
-197
-151
-111
-81
-62
-53
-54
-64
-80
-101
-123
-145
-163
-178
-189
-196
-200
-202
-206
-214
-229
-254
-291
-342
-409
-493
-594
-711
-842
-984
-1132
-1283
-1429
-1565
-1683
-1778
-1843
-1874
-1865
-1816
-1724
-1590
-1418
-1210
-971
-709
-430
-141
150
437
715
976
1218
1438
1633
1802
1947
2067
2164
2240
2295
2333
2354
2360
2352
2331
2301
2261
2215
2164
2111
2058
2007
1959
1914
1873
1834
1794
1749
1697
1632
1550
1448
1322
1169
988
778
541
277
-7
-310
-625
-944
-1262
-1570
-1861
-2129
-2366
-2567
-2728
-2845
-2918
-2945
-2928
-2869
-2772
-2641
-2479
-2294
-2088
-1869
-1640
-1406
-1172
-941
-716
-500
-296
-106
68
225
364
484
585
665
726
769
794
803
797
780
754
720
681
640
599
559
523
491
465
446
433
427
427
434
445
461
479
498
516
533
545
553
555
550
538
519
494
464
430
394
358
324
294
270
252
241
237
240
248
260
274
288
299
307
309
303
289
264
229
183
126
59
-18
-104
-198
-297
-399
-501
-602
-697
-785
-864
-932
-986
-1028
-1055
-1068
-1067
-1053
-1028
-990
-942
-884
-818
-743
-662
-574
-480
-382
-280
-174
-66
43
154
265
376
484
588
685
772
846
903
941
956
948
915
858
777
677
560
431
294
155
18
-111
-231
-338
-430
-506
-567
-613
-645
-666
-676
-677
-670
-658
-639
-617
-590
-561
-529
-496
-463
-431
-401
-374
-350
-332
-318
-308
-303
-300
-299
-299
-297
-291
-281
-265
-243
-213
-178
-139
-96
-51
-6
36
78
117
155
193
231
272
318
370
430
498
575
660
751
848
948
1047
1143
1232
1313
1381
1434
1470
1486
1481
1453
1401
1325
1223
1095
944
770
575
362
135
-102
-347
-594
-840
-1078
-1306
-1517
-1709
-1877
-2017
-2126
-2202
-2242
-2245
-2209
-2135
-2024
-1876
-1696
-1485
-1248
-990
-717
-434
-147
135
410
669
907
1119
1298
1441
1543
1601
1615
1584
1512
1401
1259
1094
915
733
558
399
264
160
91
60
65
103
170
259
362
470
575
669
745
797
822
816
781
718
631
523
402
274
145
21
-92
-191
-272
-336
-382
-411
-427
-434
-434
-433
-433
-436
-445
-460
-481
-507
-534
-561
-584
-602
-610
-609
-596
-571
-536
-491
-439
-382
-324
-267
-214
-167
-129
-100
-81
-70
-67
-70
-76
-83
-88
-88
-83
-69
-47
-15
24
71
124
180
237
291
340
382
413
433
438
429
406
368
317
255
182
102
17
-69
-156
-241
-321
-396
-462
-520
-567
-603
-628
-640
-639
-624
-595
-551
-493
-422
-339
-246
-144
-36
74
185
292
394
487
568
637
692
731
755
763
757
736
703
659
605
544
478
409
340
272
207
147
93
46
5
-28
-56
-79
-97
-113
-128
-144
-162
-184
-211
-243
-283
-329
-381
-439
-501
-564
-627
-686
-740
-786
-820
-841
-846
-834
-803
-754
-685
-597
-490
-367
-228
-77
84
251
421
588
750
899
1034
1148
1240
1305
1342
1350
1330
1281
1207
1110
994
863
722
577
430
289
155
32
-76
-169
-248
-311
-360
-398
-427
-450
-469
-489
-511
-538
-570
-609
-654
-705
-758
-812
-864
-911
-948
-974
-986
-982
-960
-921
-865
-794
-709
-613
-508
-398
-286
-174
-65
38
136
227
310
385
452
513
567
615
658
696
728
754
774
786
791
786
772
748
714
671
621
565
504
441
377
316
257
203
155
113
77
47
22
0
-19
-38
-60
-85
-115
-153
-197
-249
-308
-372
-438
-502
-562
-612
-648
-665
-658
-625
-564
-473
-355
-212
-50
124
305
482
647
791
909
994
1043
1056
1032
976
890
782
656
520
381
244
114
-2
-106
-193
-264
-320
-363
-397
-425
-452
-481
-518
-564
-622
-691
-772
-863
-959
-1059
-1156
-1248
-1328
-1393
-1438
-1461
-1458
-1427
-1369
-1282
-1169
-1031
-871
-693
-502
-301
-95
110
313
508
695
869
1031
1179
1314
1434
1541
1636
1717
1785
1839
1879
1904
1913
1906
1882
1840
1781
1705
1613
1505
1381
1242
1089
922
742
549
346
134
-84
-307
-531
-751
-965
-1167
-1354
-1521
-1666
-1784
-1872
-1930
-1956
-1948
-1908
-1837
-1737
-1613
-1467
-1305
-1134
-959
-786
-621
-471
-340
-230
-145
-84
-47
-30
-29
-38
-52
-62
-64
-51
-19
35
114
216
339
479
629
783
933
1070
1188
1278
1337
1360
1346
1296
1214
1103
970
822
668
514
366
232
114
15
-63
-122
-162
-187
-200
-204
-204
-202
-202
-208
-221
-244
-277
-323
-381
-450
-532
-624
-727
-840
-961
-1090
-1225
-1364
-1505
-1647
-1784
-1914
-2032
-2132
-2210
-2258
-2272
-2247
-2177
-2058
-1889
-1669
-1399
-1082
-724
-333
84
516
952
1382
1795
2183
2537
2852
3125
3355
3541
3685
3790
3859
3895
3901
3879
3831
3757
3656
3528
3370
3181
2957
2698
2401
2066
1695
1289
852
390
-89
-580
-1073
-1557
-2023
-2460
-2859
-3211
-3509
-3747
-3921
-4028
-4067
-4039
-3947
-3795
-3587
-3332
-3035
-2705
-2350
-1981
-1605
-1231
-869
-526
-209
74
321
528
692
814
893
934
938
911
858
786
699
604
507
412
325
249
185
135
100
79
69
70
77
90
104
119
133
145
155
164
174
187
205
230
264
310
369
440
523
617
719
827
937
1045
1147
1237
1312
1367
1397
1401
1374
1316
1226
1104
954
777
579
364
138
-92
-321
-543
-750
-938
-1102
-1236
-1339
-1407
-1442
-1443
-1413
-1355
-1273
-1173
-1060
-939
-815
-690
-569
-453
-343
-238
-137
-40
53
148
242
336
429
520
607
687
758
818
865
899
921
933
935
931
924
915
907
899
890
881
866
845
812
764
699
614
507
380
233
70
-104
-285
-465
-638
-797
-936
-1048
-1131
-1182
-1199
-1185
-1142
-1074
-987
-888
-784
-681
-586
-504
-439
-393
-368
-364
-379
-412
-458
-514
-576
-640
-701
-757
-802
-836
-857
-863
-855
-834
-801
-758
-708
-653
-595
-538
-481
-426
-374
-323
-272
-219
-163
-102
-34
42
128
224
330
444
564
689
816
941
1061
1173
1274
1360
1430
1482
1514
1526
1519
1492
1448
1388
1315
1231
1139
1040
938
834
731
630
532
439
351
269
194
126
65
10
-38
-82
-122
-159
-195
-229
-265
-302
-341
-384
-431
-482
-538
-598
-662
-729
-798
-869
-939
-1006
-1069
-1125
-1171
-1206
-1226
-1230
-1216
-1184
-1134
-1065
-981
-883
-774
-657
-537
-417
-300
-191
-91
-2
72
133
181
216
241
259
272
286
303
329
367
419
489
577
683
804
938
1081
1226
1369
1502
1620
1718
1790
1833
1844
1823
1769
1684
1570
1430
1268
1089
896
695
489
281
76
-123
-316
-499
-672
-833
-979
-1111
-1227
-1325
-1404
-1464
-1505
-1525
-1527
-1511
-1480
-1434
-1378
-1313
-1243
-1168
-1093
-1017
-942
-869
-797
-725
-653
-579
-503
-423
-338
-248
-152
-51
55
165
279
394
509
620
727
826
916
993
1058
1108
1142
1160
1162
1147
1116
1070
1009
935
849
751
645
531
412
289
164
39
-82
-198
-307
-407
-495
-569
-627
-670
-695
-703
-695
-671
-634
-584
-525
-459
-389
-317
-245
-176
-111
-50
4
54
98
137
173
205
235
262
289
314
338
360
381
399
413
421
424
