479
568
663
761
857
947
1029
1099
1154
1192
1213
1216
1201
1169
1120
1057
979
888
785
671
548
416
278
137
-4
-144
-279
-405
-518
-616
-697
-758
-798
-818
-819
-801
-768
-724
-671
-613
-556
-502
-456
-421
-399
-392
-399
-422
-457
-502
-555
-611
-666
-718
-762
-797
-820
-831
-829
-815
-790
-756
-714
-667
-616
-564
-511
-460
-410
-362
-317
-274
-233
-192
-150
-107
-62
-14
36
91
149
210
271
333
392
449
501
546
585
616
639
655
663
665
663
656
648
638
628
619
611
604
599
595
590
585
577
566
551
529
502
466
424
374
316
253
184
112
39
-32
-101
-164
-219
-263
-297
-319
-330
-332
-328
-321
-314
-309
-309
-315
-327
-345
-367
-392
-418
-440
-458
-468
-469
-460
-439
-408
-366
-315
-257
-194
-129
-63
0
58
111
159
202
239
273
305
337
370
405
441
480
518
554
585
608
621
622
609
581
539
485
421
349
274
198
124
55
-5
-58
-101
-134
-157
-173
-181
-184
-185
-186
-189
-196
-210
-231
-260
-296
-339
-386
-437
-486
-533
-575
-609
-634
-648
-651
-643
-625
-598
-563
-521
-475
-425
-373
-320
-267
-215
-164
-115
-68
-23
17
55
89
118
140
156
164
163
153
134
104
65
16
-39
-102
-170
-240
-309
-375
-433
-480
-512
-526
-519
-489
-436
-359
-260
-141
-4
144
301
463
624
779
925
1059
1177
1279
1364
1431
1480
1514
1531
1535
1525
1502
1466
1418
1358
1283
1194
1090
970
833
681
514
332
139
-61
-268
-476
-682
-882
-1071
-1247
-1408
-1550
-1673
-1777
-1861
-1926
-1973
-2004
-2018
-2019
-2005
-1977
-1936
-1880
-1809
-1720
-1614
-1487
-1341
-1174
-987
-783
-564
-335
-100
133
361
575
771
942
1084
1194
1269
1311
1319
1297
1249
1180
1095
1002
907
816
736
671
625
601
599
617
654
705
766
829
889
940
977
993
988
958
905
830
735
625
504
377
249
125
7
-101
-198
-282
-352
-410
-455
-487
-509
-520
-522
-515
-501
-480
-452
-419
-381
-340
-296
-251
-207
-166
-130
-103
-85
-80
-89
-112
-149
-199
-260
-329
-402
-475
-542
-601
-647
-677
-689
-681
-654
-608
-544
-466
-376
-279
-176
-73
27
122
209
286
353
408
452
487
515
538
558
579
603
632
666
707
754
804
857
907
953
990
1014
1023
1013
982
931
858
765
655
532
400
264
131
4
-108
-204
-278
-327
-350
-347
-319
-268
-200
-118
-30
57
140
211
266
301
313
302
268
212
135
41
-68
-189
-320
-457
-598
-742
-884
-1025
-1161
-1291
-1413
-1525
-1625
-1712
-1784
-1839
-1876
-1892
-1886
-1857
-1803
-1724
-1620
-1491
-1338
-1164
-971
-762
-541
-313
-80
153
383
606
819
1019
1205
1373
1522
1649
1755
1836
1893
1925
1930
1911
1866
1798
1708
1599
1474
1336
1187
1033
875
718
563
415
274
142
20
-90
-192
-285
-369
-447
-520
-588
-654
-718
-779
-840
-898
-954
-1005
-1050
-1087
-1112
-1125
-1121
-1099
-1056
-992
-907
-802
-679
-541
-393
-240
-87
59
195
315
414
490
540
563
558
527
470
390
292
179
56
-69
-195
-314
-420
-510
-580
-626
-646
-641
-609
-553
-475
-377
-263
-137
-3
135
274
412
545
672
791
901
1002
1094
1177
1251
1315
1371
1416
1452
1476
1488
1486
1469
1437
1387
1320
1235
1134
1016
884
739
584
423
257
90
-75
-237
-395
-546
-689
-823
-948
-1063
-1165
-1254
-1327
-1382
-1419
-1434
-1427
-1398
-1346
-1272
-1178
-1068
-943
-807
-666
-522
-380
-244
-120
-10
82
154
203
229
232
213
174
118
50
-26
-107
-187
-262
-329
-385
-429
-458
-474
-475
-464
-442
-410
-369
-323
-273
-219
-163
-106
-47
11
71
132
196
260
327
395
463
531
597
660
717
767
808
838
856
860
849
823
782
726
657
576
483
382
273
160
44
-70
-182
-288
-386
-474
-551
-614
-665
-703
-728
-744
-750
-748
-740
-726
-707
-682
-652
-615
-570
-516
-454
-381
-299
-208
-109
-4
105
216
328
436
539
634
718
789
845
884
905
906
887
848
789
711
615
503
378
243
99
-48
-198
-346
-489
-622
-743
-848
-933
-996
-1035
-1047
-1032
-989
-918
-823
-704
-565
-409
-242
-68
107
279
442
591
722
830
912
967
994
993
966
915
846
761
665
563
459
357
259
168
84
8
-59
-119
-173
-221
-265
-305
-342
-375
-405
-432
-454
-472
-485
-491
-490
-482
-466
-443
-414
-380
-343
-304
-266
-230
-198
-172
-150
-135
-124
-115
-108
-100
-88
-70
-45
-11
32
85
147
215
289
364
439
510
575
631
677
712
734
743
740
725
700
665
621
569
511
447
380
310
239
169
102
40
-13
-59
-93
-116
-127
-126
-116
-97
-74
-50
-28
-12
-7
-15
-40
-82
-143
-220
-312
-415
-524
-633
-738
-832
-909
-966
-999
-1006
-987
-943
-876
-790
-688
-574
-454
-332
-211
-96
11
107
191
262
318
360
389
405
410
407
397
382
366
350
335
323
315
310
307
305
302
294
280
257
222
175
114
39
-45
-141
-242
-345
-445
-538
-620
-686
-733
-760
-766
-751
-717
-665
-599
-522
-438
-351
-264
-181
-103
-32
29
84
131
171
206
238
269
299
329
360
392
423
453
481
504
522
534
540
539
533
523
509
494
480
466
455
448
443
443
445
448
452
454
453
447
434
413
383
343
293
232
162
84
-1
-91
-184
-278
-369
-457
-537
-608
-668
-715
-749
-769
-775
-767
-746
-713
-670
-618
-560
-498
-433
-367
-301
-238
-178
-121
-68
-18
28
72
113
153
191
227
261
292
318
340
356
365
367
361
348
330
308
283
259
235
215
199
187
179
174
172
171
170
168
163
154
141
124
102
74
41
1
-44
-97
-157
-225
-301
-384
-474
-569
-667
-765
-860
-947
-1020
-1074
-1102
-1099
-1059
-979
-857
-691
-485
-243
28
320
624
926
1217
1486
1722
1920
2073
2178
2236
2248
2218
2150
2050
1923
1776
1613
1439
1257
1071
884
697
513
332
156
-13
-177
-335
-488
-636
-780
-919
-1055
-1187
-1313
-1431
-1541
-1638
-1722
-1789
-1838
-1867
-1874
-1860
-1824
-1768
-1692
-1597
-1485
-1358
-1217
-1063
-900
-727
-547
-362
-173
18
209
398
584
763
934
1094
1240
1371
1482
1572
1637
1676
1687
1669
1621
1545
1441
1313
1163
996
815
625
430
234
41
-143
-319
-483
-633
-768
-887
-989
-1073
-1140
-1189
-1220
-1232
-1226
-1201
-1160
-1101
-1027
-940
-842
-737
-627
-515
-406
-302
-206
-121
-47
13
63
101
129
149
164
174
181
186
188
188
183
173
156
130
95
49
-3
-64
-127
-191
-250
-299
-336
-355
-355
-333
-290
-227
-146
-50
54
164
274
379
474
556
620
665
689
691
675
640
591
531
465
399
335
280
235
203
186
184
194
216
246
282
321
359
394
424
448
464
473
476
472
464
453
440
428
418
411
407
406
409
413
418
421
419
410
390
357
307
237
144
29
-111
-275
-462
-668
-891
-1125
-1365
-1606
-1842
-2066
-2272
-2455
-2610
-2732
-2817
-2863
-2867
-2830
-2752
-2633
-2478
-2287
-2066
-1818
-1546
-1256
-950
-634
-312
12
335
653
962
1259
1540
1803
2045
2266
2462
2635
2785
2912
3018
3106
3179
3241
3294
3342
3386
3426
3459
3484
3493
3482
3441
3363
3241
3070
2846
2567
2234
1853
1430
974
497
11
-471
-937
-1377
-1780
-2139
-2448
-2706
-2910
-3063
-3167
-3227
-3249
-3237
-3198
-3136
-3057
-2963
-2858
-2743
-2619
-2486
-2343
-2192
-2030
-1860
-1682
-1498
-1313
-1128
-950
-782
-628
-491
-373
-276
-198
-137
-89
-49
-11
30
81
149
236
347
482
641
822
1019
1227
1438
1645
1838
2010
2153
2261
2330
2359
2346
2295
2208
2089
1943
1774
1588
1386
1173
951
720
484
243
0
-241
-480
-712
-931
-1133
-1312
-1463
-1580
-1659
-1696
-1687
-1631
-1528
-1380
-1190
-964
-710
-436
-152
129
398
643
854
1021
1138
1199
1204
1152
1049
900
714
502
276
47
-173
-375
-549
-688
-789
-848
-866
-846
-792
-710
-607
-491
-369
-250
-139
-42
36
95
130
143
134
105
56
-8
-87
-178
-278
-385
-496
-608
-717
-820
-913
-993
-1056
-1099
-1120
-1118
-1092
-1044
-976
-891
-792
-683
-569
-454
-341
-232
-131
-37
48
126
198
265
329
392
456
522
591
666
745
828
916
1006
1096
1184
1265
1337
1394
1433
1448
1436
1394
1319
1211
1070
898
699
479
244
3
-236
-465
-675
-858
-1009
-1122
-1197
-1232
-1231
-1198
-1137
-1057
-964
-866
-767
-673
-587
-510
-442
-383
-328
-275
-219
-157
-84
2
105
227
367
524
695
875
1059
1238
1406
1553
1671
1755
1800
1801
1759
1676
1554
1400
1218
1017
802
581
360
143
-64
-259
-439
-603
-750
-879
-992
-1088
-1171
-1239
-1296
-1341
-1374
-1396
-1405
-1401
-1382
-1345
-1292
-1220
-1129
-1020
-896
-757
-606
-448
-285
-121
39
194
341
478
603
714
810
890
953
1000
1029
1039
1032
1007
964
903
826
732
622
498
359
208
47
-122
-298
-476
-652
-822
-983
-1130
-1258
-1365
-1447
-1503
-1529
-1527
-1497
-1440
-1359
-1257
-1138
-1004
-859
-708
-552
-394
-235
-78
76
229
379
527
673
816
956
1093
1227
1357
1481
1598
1708
1807
1894
1967
2024
2063
2085
2087
2071
2036
1983
1914
1829
1729
1614
1485
1341
1184
1014
833
643
448
253
63
-115
-277
-416
-529
-612
-663
-684
-677
-645
-593
-528
-455
-380
-308
-246
-196
-164
-152
-161
-194
-251
-330
-431
-549
-682
-825
-974
-1124
-1273
-1415
-1548
-1669
-1777
-1869
-1943
-1999
-2034
-2047
-2036
-2000
-1938
-1850
-1736
-1598
-1436
-1254
-1057
-847
-632
-417
-210
-16
157
305
425
514
570
595
590
560
509
443
367
289
213
144
89
49
29
29
52
96
161
245
344
455
574
696
817
932
1035
1124
1195
1244
1272
1276
1258
1219
1161
1088
1004
912
815
718
624
536
455
383
321
268
224
187
155
126
98
67
33
-6
-53
-107
-168
-234
-305
-379
-453
-524
-592
-652
-704
-747
-779
-799
-809
-808
-797
-779
-755
-727
-697
-666
-637
-611
-588
-571
-559
-553
-552
-557
-567
-579
-593
-605
-612
-613
-603
-580
-542
-487
-415
-327
-224
-109
13
139
263
380
485
572
639
682
701
696
668
619
554
475
386
290
188
83
-24
-137
-253
-375
-503
-638
-780
-926
-1076
-1225
-1368
-1502
-1618
-1711
-1774
-1800
-1783
-1719
-1603
-1435
-1215
-944
-628
-273
113
523
946
1372
1791
2191
2565
2902
3195
3438
3627
3759
3833
3851
3815
3729
3598
3426
3219
2979
2712
2421
2107
1775
1427
1067
700
331
-31
-382
-711
-1011
-1274
-1493
-1663
-1780
-1843
-1852
-1811
-1723
-1594
-1432
-1245
-1042
-834
-630
-440
-275
-141
-47
4
11
-25
-101
-208
-339
-481
-623
-753
-859
-931
-964
-954
-898
-800
-664
-499
-314
-119
72
252
409
535
625
674
682
650
583
487
368
235
97
-36
-160
-266
-349
-405
-432
-431
-400
-344
-264
-165
-52
70
195
318
434
536
622
687
728
746
739
708
656
585
499
402
298
191
87
-10
-98
-175
-237
-286
-320
-341
-353
-357
-357
-357
-359
-367
-381
-403
