95
95
95
96
97
99
102
106
112
119
127
137
148
159
170
181
190
199
206
210
211
210
205
196
184
168
149
127
103
78
51
25
0
-25
-48
-68
-86
-101
-113
-122
-128
-132
-134
-134
-133
-131
-129
-127
-125
-124
-124
-124
-124
-126
-127
-129
-131
-132
-133
-132
-130
-127
-122
-115
-106
-96
-84
-71
-57
-42
-29
-16
-5
3
10
15
16
15
12
6
0
-9
-18
-26
-34
-40
-44
-45
-44
-41
-35
-28
-19
-9
1
12
22
33
43
53
63
74
85
97
111
125
141
156
172
187
200
211
219
224
224
220
210
196
177
153
124
93
59
24
-9
-43
-74
-102
-125
-144
-157
-164
-166
-162
-154
-142
-126
-108
-89
-70
-51
-35
-20
-9
-1
4
6
7
5
3
0
-4
-8
-11
-14
-17
-20
-22
-25
-27
-29
-32
-34
-37
-38
-39
-38
-35
-30
-22
-12
0
15
33
53
75
97
120
142
164
184
203
220
234
245
254
259
261
260
255
247
237
223
207
190
170
150
129
108
87
65
44
22
0
-21
-44
-68
-93
-120
-148
-179
-212
-247
-285
-325
-366
-409
-452
-495
-535
-572
-604
-629
-646
-653
-650
-636
-610
-573
-525
-467
-401
-329
-252
-173
-94
-16
56
125
187
242
289
328
360
384
401
412
416
416
411
403
391
377
362
346
330
313
298
283
269
256
244
235
226
219
213
208
204
200
196
190
183
174
163
148
131
111
88
63
36
8
-19
-47
-74
-99
-121
-140
-153
-162
-164
-161
-151
-136
-116
-93
-66
-39
-11
14
38
58
74
84
89
88
80
67
49
27
0
-28
-59
-91
-122
-152
-179
-203
-223
-238
-249
-256
-259
-257
-252
-244
-234
-221
-207
-191
-174
-157
-138
-120
-101
-81
-61
-42
-22
-3
14
31
47
61
73
83
92
98
103
107
109
111
113
114
116
118
120
123
127
130
134
138
142
145
147
147
146
142
136
127
116
103
87
70
52
32
13
-5
-23
-40
-56
-69
-80
-89
-95
-99
-101
-100
-98
-95
-91
-85
-79
-72
-64
-56
-47
-38
-27
-15
-1
14
32
51
73
96
120
144
167
190
209
226
239
248
251
250
244
234
219
201
179
156
131
104
77
50
22
-4
-32
-60
-88
-115
-142
-167
-192
-214
-234
-251
-264
-273
-278
-278
-274
-266
-255
-240
-223
-205
-187
-169
-152
-137
-123
-111
-102
-93
-86
-80
-74
-67
-60
-52
-43
-33
-22
-9
4
18
33
49
63
77
90
101
110
116
119
118
114
106
95
81
63
43
21
-2
-27
-52
-77
-102
-126
-150
-173
-195
-217
-238
-259
-279
-299
-318
-335
-350
-362
-370
-373
-370
-361
-345
-322
-292
-255
-211
-160
-105
-44
19
86
154
223
291
357
421
480
535
583
625
660
687
705
713
711
698
674
639
592
536
471
400
323
243
162
82
6
-65
-131
-190
-241
-283
-318
-344
-362
-372
-375
-372
-363
-350
-333
-313
-293
-271
-249
-228
-207
-188
-169
-152
-136
-121
-107
-93
-79
-65
-49
-33
-14
7
30
56
84
114
143
173
201
228
250
269
283
292
295
293
285
272
255
233
209
181
152
121
90
59
27
-2
-32
-61
-88
-115
-140
-162
-183
-200
-214
-224
-230
-231
-228
-220
-209
-193
-175
-155
-133
-111
-88
-66
-44
-22
-1
18
38
57
75
93
109
124
137
147
154
158
156
151
141
126
109
89
67
45
24
4
-12
-26
-37
-46
-53
-59
-65
-72
-80
-91
-104
-121
-140
-162
-185
-210
-234
-256
-276
-293
-304
-310
-310
-303
-289
-268
-241
-209
-171
-129
-84
-37
11
61
111
160
208
253
296
336
372
404
432
456
475
490
500
506
507
502
493
478
457
431
400
363
321
276
226
173
118
61
4
-53
-109
-164
-217
-267
-313
-356
-396
-430
-461
-487
-508
-524
-535
-542
-544
-540
-532
-519
-501
-477
-449
-417
-379
-338
-294
-248
-199
-151
-104
-59
-17
18
48
72
88
98
100
98
90
80
67
55
43
33
26
21
20
22
27
34
43
55
67
80
94
108
122
136
149
162
174
186
197
206
215
222
228
232
233
232
229
224
216
207
196
185
173
162
151
141
133
125
119
113
109
104
100
96
91
86
81
75
68
61
54
46
37
28
19
10
1
-8
-16
-24
-32
-39
-44
-49
-53
-55
-56
-55
-53
-48
-42
-33
-22
-10
3
18
33
47
60
71
79
83
84
80
72
60
44
25
3
-19
-42
-65
-86
-104
-119
-129
-134
-134
-129
-118
-103
-83
-60
-35
-8
17
43
66
87
104
116
125
129
128
124
117
107
94
80
64
47
30
13
-3
-19
-36
-52
-67
-82
-98
-113
-128
-143
-158
-172
-185
-197
-207
-214
-218
-218
-216
-210
-201
-189
-175
-159
-142
-125
-108
-92
-77
-64
-52
-42
-33
-25
-19
-12
-6
0
7
15
25
35
47
60
73
86
99
110
118
124
125
122
114
101
83
59
32
1
-31
-64
-96
-125
-150
-169
-181
-186
-184
-175
-159
-139
-117
-93
-70
-50
-35
-24
-20
-21
-27
-38
-50
-64
-76
-84
-88
-85
-76
-59
-36
-7
25
60
96
130
161
186
206
219
226
226
221
211
199
184
170
156
144
134
127
122
119
118
118
118
118
115
111
104
94
80
63
44
21
-3
-30
-57
-86
-115
-143
-170
-196
-219
-238
-254
-265
-271
-271
-264
-251
-232
-206
-176
-141
-103
-64
-26
9
42
70
91
105
112
112
106
93
77
57
35
14
-4
-21
-33
-41
-44
-42
-35
-24
-9
7
25
43
60
75
88
97
103
104
103
99
93
86
79
73
69
68
70
75
84
96
110
126
142
158
173
184
193
197
196
190
178
161
138
111
79
45
8
-29
-67
-103
-138
-169
-195
-216
-232
-240
-242
-237
-225
-206
-181
-152
-118
-80
-40
1
44
86
129
170
209
246
279
309
334
354
368
376
377
369
355
332
301
262
215
162
103
38
-29
-99
-170
-238
-303
-362
-413
-453
-483
-500
-504
-496
-475
-443
-401
-350
-293
-232
-169
-104
-41
19
77
130
180
225
267
306
342
376
407
436
462
484
501
511
512
504
484
452
407
350
280
201
113
18
-79
-179
-277
-371
-460
-541
-612
-674
-726
-768
-799
-821
-833
-837
-833
-822
-803
-778
-746
-707
-661
-607
-547
-479
-404
-323
-237
-146
-51
44
141
236
327
414
494
566
628
679
719
747
762
764
754
732
699
657
606
550
488
423
357
292
230
172
119
73
35
4
-18
-34
-43
-46
-46
-43
-39
-35
-32
-31
-33
-38
-47
-59
-73
-89
-106
-123
-138
-151
-162
-169
-173
-173
-171
-166
-160
-152
-144
-137
-130
-124
-120
-118
-117
-118
-121
-124
-128
-132
-137
-140
-143
-145
-145
-144
-141
-137
-130
-122
-112
-101
-88
-73
-57
-39
-21
-2
16
35
54
71
87
102
115
127
137
146
153
159
163
166
167
166
164
160
153
145
135
123
110
95
80
64
49
35
22
10
2
-3
-6
-5
0
7
18
32
47
64
81
98
113
126
137
144
148
148
145
139
130
119
107
95
85
76
70
68
69
74
81
90
100
109
117
123
125
123
116
104
87
67
42
15
-12
-40
-66
-90
-109
-123
-131
-134
-130
-121
-108
-91
-73
-54
-36
-20
-6
4
11
16
18
18
17
15
12
10
8
7
5
4
1
-2
-8
-16
-28
-43
-62
-84
-108
-133
-159
-183
-206
-224
-238
-246
-247
-241
-229
-211
-187
-159
-129
-98
-67
-38
-13
7
22
32
34
30
19
2
-20
-48
-79
-112
-146
-179
-210
-237
-258
-274
-283
-286
-283
-276
-264
-251
-237
-225
-216
-211
-211
-216
-225
-238
-253
-268
-282
-292
-297
-296
-286
-267
-240
-203
-158
-106
-48
14
79
145
211
275
334
390
440
485
525
559
587
611
629
642
650
652
649
639
622
599
568
532
489
442
389
333
274
213
152
92
33
-22
-74
-122
-164
-200
-230
-254
-272
-284
-292
-295
-295
-292
-288
-282
-275
-269
-264
-260
-257
-255
-256
-258
-261
-265
-269
-272
-274
-274
-270
-261
-247
-227
-200
-167
-127
-82
-32
20
76
131
184
233
276
312
337
352
356
347
325
292
247
191
127
57
-18
-95
-171
-244
-310
-367
-413
-445
-463
-466
-453
-426
-385
-332
-270
-200
-125
-47
30
106
179
247
309
365
414
456
493
523
549
570
588
603
615
625
631
635
635
630
621
605
584
557
523
482
436
383
326
264
197
128
55
-18
-93
-169
-244
-317
-387
-453
-514
-569
-617
-657
-688
-710
-722
-724
-716
-699
-673
-638
-595
-545
-489
-429
-365
-298
-230
-162
-95
-29
34
94
150
202
248
287
319
345
363
374
378
376
368
356
341
323
304
284
264
246
228
211
196
181
166
151
136
119
101
82
61
39
15
-8
-32
-57
-81
-104
-125
-145
-163
-179
-194
-207
-218
-229
-239
-248
-257
-265
-274
-281
-289
-295
-299
-302
-301
-298
-291
-281
-266
-248
-227
-203
-176
-149
-120
-92
-65
-39
-16
4
21
35
46
53
56
57
55
51
46
40
36
33
32
34
40
49
63
80
101
124
149
175
201
226
249
269
286
299
307
311
309
303
293
280
263
245
226
206
188
171
158
148
143
143
148
158
173
192
213
235
257
277
293
303
306
300
284
258
221
174
118
55
-14
-87
-162
-235
-305
-369
-426
-473
-509
-535
-549
-553
-547
-532
-511
-484
-454
-422
-391
-363
-337
-317
-302
-292
-289
-290
-297
-306
-318
-331
-343
-352
-358
-359
-353
-340
-320
-292
-256
-212
-161
-105
-45
18
83
147
209
268
321
369
410
444
471
491
505
513
516
515
511
503
493
480
464
446
426
403
377
349
319
287
255
223
191
161
133
108
86
66
50
37
26
17
10
3
-3
-9
-16
-22
-29
-35
-41
-48
-54
-61
-69
-77
-88
-100
-114
-131
-151
-174
-199
-226
-254
-283
-312
-339
-365
-388
-406
-420
-429
-432
-429
-420
-406
-386
-362
-335
-306
-274
-243
-212
-182
-153
-127
-103
-82
-63
-46
-31
-18
-7
3
12
21
29
36
43
50
57
65
72
80
89
99
110
122
136
151
167
184
201
220
238
256
273
290
304
317
327
335
340
341
340
336
329
319
307
293
278
261
243
226
208
190
172
155
139
123
107
91
76
59
42
24
5
-14
-35
-56
-79
-100
-122
-141
-159
-174
-187
-196
-203
-206
-206
-203
-197
-189
-178
-165
-151
-136
-120
-104
-87
-71
-55
-39
-24
-9
4
19
34
48
63
77
91
104
115
124
131
136
138
138
134
129
121
112
100
87
