711
664
612
558
502
446
392
341
294
251
212
177
145
113
81
46
7
-37
-87
-144
-206
-273
-341
-408
-473
-533
-585
-627
-660
-682
-694
-697
-692
-681
-666
-649
-633
-618
-606
-599
-597
-600
-609
-623
-643
-666
-694
-726
-759
-794
-829
-862
-892
-916
-931
-935
-926
-899
-853
-787
-698
-587
-455
-304
-135
46
236
432
628
819
1001
1170
1322
1456
1568
1657
1722
1763
1779
1772
1742
1689
1616
1524
1415
1291
1155
1009
857
701
544
390
240
96
-41
-173
-299
-420
-538
-654
-769
-882
-992
-1098
-1195
-1281
-1351
-1400
-1424
-1419
-1381
-1310
-1203
-1064
-892
-694
-472
-234
14
267
517
759
987
1196
1381
1541
1670
1769
1834
1865
1861
1823
1750
1644
1507
1341
1152
943
720
488
255
27
-190
-390
-569
-722
-847
-943
-1011
-1053
-1071
-1071
-1056
-1033
-1005
-978
-955
-938
-929
-929
-935
-948
-963
-977
-987
-990
-983
-962
-926
-873
-803
-717
-614
-495
-362
-217
-61
102
274
450
628
805
978
1144
1298
1438
1559
1659
1732
1778
1793
1776
1728
1648
1538
1402
1243
1066
876
679
479
282
92
-86
-251
-400
-532
-647
-746
-828
-895
-948
-989
-1019
-1039
-1050
-1053
-1048
-1034
-1013
-984
-945
-897
-839
-769
-689
-598
-497
-387
-270
-150
-30
85
194
293
377
445
494
524
534
526
499
456
398
327
246
156
59
-41
-144
-248
-349
-448
-540
-626
-703
-771
-828
-874
-909
-932
-945
-947
-939
-922
-897
-865
-825
-780
-729
-672
-610
-544
-473
-397
-316
-228
-135
-35
72
186
307
434
564
695
824
945
1056
1150
1226
1279
1308
1313
1294
1255
1199
1131
1056
981
908
843
787
742
707
680
656
631
600
555
491
402
283
130
-56
-277
-530
-810
-1109
-1420
-1734
-2042
-2332
-2596
-2824
-3009
-3142
-3219
-3232
-3179
-3057
-2865
-2602
-2272
-1878
-1426
-926
-387
175
749
1317
1863
2371
2825
3213
3522
3747
3883
3930
3894
3781
3604
3376
3112
2829
2545
2275
2033
1833
1682
1587
1548
1563
1625
1726
1852
1991
2127
2247
2338
2388
2389
2334
2218
2040
1800
1501
1147
744
300
-175
-674
-1184
-1695
-2194
-2669
-3111
-3508
-3852
-4136
-4355
-4506
-4587
-4599
-4545
-4428
-4253
-4027
-3754
-3444
-3103
-2739
-2360
-1974
-1589
-1213
-853
-515
-206
71
314
520
690
825
928
1004
1055
1088
1107
1117
1123
1129
1137
1151
1172
1202
1240
1285
1336
1390
1445
1496
1540
1573
1590
1589
1567
1521
1452
1358
1241
1104
950
784
610
433
260
94
-57
-191
-304
-393
-456
-494
-506
-494
-462
-412
-349
-276
-200
-123
-51
11
62
98
114
110
84
35
-34
-124
-231
-352
-480
-613
-743
-865
-975
-1067
-1138
-1186
-1209
-1207
-1182
-1136
-1073
-996
-909
-818
-726
-637
-554
-479
-415
-361
-318
-287
-265
-252
-248
-251
-262
-278
-299
-326
-357
-390
-426
-461
-493
-521
-541
-553
-554
-543
-520
-486
-441
-388
-330
-268
-207
-149
-97
-55
-24
-7
-5
-20
-52
-101
-165
-244
-333
-429
-529
-626
-716
-792
-850
-884
-889
-862
-800
-701
-566
-394
-190
43
301
576
861
1147
1425
1684
1916
2111
2261
2359
2401
2384
2308
2174
1989
1757
1488
1191
877
555
235
-73
-364
-631
-869
-1074
-1246
-1383
-1487
-1558
-1598
-1609
-1592
-1548
-1477
-1379
-1253
-1096
-907
-685
-430
-144
170
508
861
1219
1571
1905
2209
2471
2681
2830
2915
2932
2883
2771
2602
2384
2127
1841
1537
1226
916
617
335
76
-154
-356
-526
-667
-778
-863
-926
-969
-999
-1018
-1031
-1040
-1050
-1060
-1071
-1084
-1094
-1101
-1102
-1091
-1066
-1025
-964
-882
-779
-657
-516
-362
-197
-27
143
309
466
610
738
849
943
1018
1078
1124
1157
1181
1197
1204
1203
1192
1167
1125
1060
968
845
686
492
264
4
-279
-579
-885
-1184
-1465
-1714
-1920
-2076
-2175
-2213
-2192
-2114
-1986
-1817
-1620
-1405
-1186
-975
-783
-618
-488
-397
-345
-329
-347
-389
-446
-510
-568
-610
-626
-609
-554
-457
-318
-142
66
299
547
800
1046
1277
1482
1656
1793
1891
1947
1963
1942
1887
1803
1696
1570
1431
1284
1135
987
844
708
579
458
343
233
126
20
-87
-198
-312
-429
-547
-666
-783
-894
-999
-1095
-1179
-1251
-1309
-1353
-1383
-1399
-1403
-1396
-1380
-1356
-1327
-1294
-1258
-1221
-1183
-1144
-1102
-1056
-1005
-946
-878
-799
-707
-603
-487
-359
-221
-77
72
223
372
518
657
788
908
1015
1108
1185
1244
1282
1298
1291
1259
1203
1125
1027
914
790
661
535
417
314
230
169
131
115
119
139
169
204
237
265
283
291
287
273
252
226
201
180
165
160
165
181
207
239
274
308
337
355
358
342
306
247
167
64
-57
-196
-349
-513
-686
-864
-1047
-1230
-1413
-1595
-1774
-1947
-2114
-2272
-2418
-2550
-2666
-2761
-2833
-2880
-2897
-2882
-2833
-2746
-2619
-2448
-2231
-1965
-1647
-1274
-845
-360
180
773
1413
2090
2794
3509
4218
4901
5537
6104
6582
6951
7196
7306
7274
7101
6793
6362
5826
5206
4527
3814
3092
2387
1717
1101
549
70
-334
-669
-940
-1159
-1338
-1493
-1637
-1784
-1945
-2128
-2339
-2577
-2840
-3122
-3414
-3706
-3984
-4238
-4455
-4626
-4742
-4798
-4791
-4722
-4593
-4410
-4180
-3913
-3618
-3305
-2985
-2665
-2354
-2058
-1781
-1524
-1287
-1071
-871
-684
-508
-337
-168
0
170
344
519
696
872
1044
1211
1367
1512
1641
1754
1848
1923
1978
2016
2036
2043
2038
2026
2009
1992
1975
1963
1957
1956
1960
1968
1976
1982
1982
1970
1944
1899
1833
1744
1632
1497
1343
1174
994
811
631
460
304
168
56
-30
-91
-127
-142
-141
-128
-109
-92
-83
-86
-108
-151
-219
-312
-429
-568
-727
-901
-1085
-1273
-1460
-1641
-1811
-1966
-2101
-2215
-2306
-2373
-2415
-2434
-2430
-2405
-2359
-2296
-2215
-2119
-2009
-1886
-1753
-1610
-1460
-1305
-1146
-985
-825
-665
-509
-355
-205
-58
87
231
376
521
667
815
964
1113
1260
1404
1543
1673
1792
1896
1983
2050
2093
2111
2101
2060
1988
1884
1746
1575
1370
1134
868
575
259
-72
-414
-756
-1088
-1397
-1671
-1897
-2061
-2154
-2165
-2089
-1925
-1674
-1342
-943
-489
-1
500
994
1457
1868
2209
2466
2630
2697
2669
2555
2367
2123
1842
1546
1254
986
755
572
443
368
343
360
410
479
555
627
684
718
722
694
633
538
414
263
91
-97
-296
-501
-705
-903
-1091
-1262
-1412
-1538
-1635
-1702
-1736
-1737
-1707
-1649
-1565
-1462
-1343
-1215
-1083
-951
-825
-706
-598
-501
-415
-341
-277
-222
-175
-135
-101
-72
-47
-28
-14
-6
-5
-10
-24
-46
-78
-119
-169
-227
-292
-363
-437
-511
-582
-647
-701
-739
-757
-752
-718
-653
-555
-423
-258
-62
160
403
660
923
1182
1430
1658
1859
2027
2158
2248
2298
2307
2277
2211
2111
1981
1823
1642
1440
1220
985
739
487
234
-12
-247
-462
-649
-803
-916
-985
-1007
-982
-912
-803
-660
-491
-307
-117
67
235
378
486
552
572
541
460
328
151
-67
-321
-601
-899
-1207
-1514
-1812
-2092
-2347
-2569
-2753
-2892
-2984
-3025
-3014
-2951
-2835
-2671
-2459
-2206
-1914
-1592
-1243
-877
-498
-115
266
639
998
1336
1648
1930
2177
2385
2552
2676
2756
2791
2783
2733
2644
2517
2358
2168
1952
1713
1456
1185
904
619
336
61
-199
-439
-651
-830
-972
-1073
-1133
-1151
-1131
-1078
-999
-901
-793
-683
-581
-492
-422
-373
-347
-342
-353
-376
-404
-431
-448
-452
-437
-401
-343
-266
-173
-69
38
144
241
322
384
422
436
425
391
339
273
198
120
45
-22
-77
-116
-139
-142
-128
-97
-53
2
65
132
198
261
317
363
398
422
432
432
421
402
378
349
319
290
261
235
212
191
171
153
136
118
99
81
61
42
23
5
-11
-26
-42
-58
-78
-104
-138
-183
-243
-321
-418
-535
-672
-828
-1000
-1184
-1374
-1565
-1751
-1924
-2078
-2207
-2306
-2371
-2398
-2386
-2334
-2243
-2116
-1954
-1760
-1540
-1297
-1036
-760
-474
-181
112
405
694
977
1251
1515
1767
2006
2231
2442
2636
2813
2971
3107
3220
3306
3363
3391
3386
3350
3283
3187
3066
2925
2769
2605
2437
2272
2111
1958
1813
1672
1531
1385
1226
1046
840
599
322
7
-343
-725
-1131
-1550
-1972
-2384
-2775
-3133
-3448
-3713
-3921
-4067
-4149
-4167
-4121
-4015
-3851
-3635
-3371
-3067
-2730
-2367
-1987
-1598
-1207
-825
-458
-114
201
481
723
925
1083
1201
1279
1321
1332
1319
1287
1243
1193
1145
1101
1066
1043
1030
1028
1034
1045
1058
1069
1074
1070
1054
1026
985
930
862
784
698
606
512
419
330
248
175
113
64
27
4
-7
-7
1
17
39
63
90
115
138
158
172
179
179
169
150
119
78
26
-35
-107
-185
-267
-350
-430
-502
-563
-608
-634
-638
-618
-575
-510
-426
-327
-218
-106
2
100
183
243
278
286
265
218
147
58
-43
-152
-261
-365
-458
-536
-597
-639
-663
-671
-665
-649
-626
-600
-576
-554
-538
-529
-526
-529
-535
-544
-551
-555
-553
-544
-528
-502
-468
-427
-379
-327
-272
-216
-160
-107
-57
-12
26
58
84
102
111
113
105
89
63
28
-15
-68
-129
-196
-268
-341
-413
-479
-534
-574
-593
-588
-554
-489
-393
-265
-109
72
272
484
701
913
1111
1289
1437
1550
1622
1651
1634
1572
1467
1323
1144
936
706
461
209
-43
-288
-519
-729
-912
-1064
-1179
-1255
-1290
-1285
-1240
-1160
-1048
-912
-757
-590
-419
-250
-88
61
196
314
414
497
564
617
657
686
706
718
721
715
698
669
625
564
484
384
263
125
-28
-193
-363
-531
-689
-830
-946
-1031
-1080
-1090
-1058
-987
-880
-742
-580
-403
-222
-45
115
251
354
417
438
415
350
248
117
-32
-191
-346
-485
-596
-668
-694
-666
-582
-442
-248
-4
279
597
936
1287
1640
1984
2311
2615
2890
3133
3343
3516
3655
3756
3820
3845
3828
3765
3651
3483
3257
2972
2629
2232
1789
1311
812
306
-189
-661
-1093
-1474
-1797
-2056
-2251
-2384
-2461
-2490
-2481
-2446
-2395
-2340
-2288
-2249
-2227
-2226
-2247
-2288
-2347
-2419
-2500
-2583
-2662
-2731
-2787
-2824
-2840
-2833
-2802
-2747
-2668
-2567
-2445
-2305
-2148
-1977
-1794
-1600
-1399
-1192
-981
-768
-556
-345
-137
64
261
452
636
814
986
1153
1315
1474
1629
1781
1930
2075
2214
2346
2467
2574
2662
2726
2763
2766
2733
2659
2543
2384
2182
1941
1664
1356
1026
681
332
-11
-339
-640
-903
-1118
-1275
-1366
-1385
-1327
-1190
-975
-687
-335
70
515
979
1444
1887
2287
2623
2876
3033
3081
3017
2840
2555
2174
1712
1187
621
36
-545
-1101
-1614
-2067
-2449
-2752
-2973
-3114
-3180
-3180
-3123
-3022
-2890
-2737
-2574
-2410
-2250
-2099
-1958
-1826
-1702
-1583
-1464
-1342
-1215
-1079
-936
-784
-628
-470
-314
-166
-30
89
189
268
327
366
390
403
410
417
429
452
489
542
611
696
792
896
1001
1102
1190
1261
1307
1326
1314
1270
1194
1089
960
810
647
477
307
142
-11
-149
-269
-369
-448
-507
-546
-568
-575
-567
-548
-516
-475
-423
-362
-290
-208
-116
-15
93
209
329
450
570
684
789
881
957
1014
1049
1060
1047
1008
944
855
744
611
459
291
108
-85
-287
-495
-703
-909
-1107
-1293
-1463
-1612
-1735
-1829
-1891
-1919
-1911
-1867
-1788
-1675
-1530
-1355
-1154
-927
-679
-412
-127
171
482
803
1132
1465
1801
2135
2464
2785
3093
3381
3644
3875
4065
4206
