23
-44
-102
-149
-186
-211
-225
-228
-219
-199
-167
-126
-76
-20
39
99
156
207
247
274
286
280
257
216
160
89
6
-84
-181
-281
-380
-475
-564
-645
-716
-775
-821
-853
-873
-880
-876
-862
-841
-815
-785
-754
-724
-696
-671
-648
-629
-611
-593
-575
-554
-528
-497
-458
-410
-355
-290
-218
-138
-53
36
128
220
312
401
488
571
649
723
792
855
913
963
1004
1036
1056
1064
1059
1040
1008
964
909
847
778
706
632
558
485
413
342
271
200
128
53
-22
-101
-182
-264
-347
-429
-510
-587
-660
-730
-795
-857
-916
-972
-1027
-1080
-1131
-1180
-1225
-1264
-1296
-1319
-1331
-1328
-1311
-1275
-1222
-1148
-1055
-942
-810
-659
-492
-310
-115
87
297
508
716
918
1108
1282
1437
1570
1677
1758
1813
1841
1844
1825
1786
1731
1664
1589
1510
1429
1350
1274
1201
1131
1062
989
911
823
721
602
465
309
137
-49
-245
-443
-638
-822
-989
-1133
-1250
-1336
-1391
-1415
-1410
-1379
-1326
-1257
-1175
-1087
-996
-907
-823
-745
-676
-616
-563
-517
-475
-437
-400
-362
-320
-273
-220
-158
-89
-10
76
170
270
373
476
576
667
747
813
861
890
899
889
862
820
768
708
643
578
515
455
400
350
304
261
218
174
126
73
13
-53
-127
-207
-291
-376
-458
-534
-600
-653
-688
-706
-703
-681
-641
-584
-515
-436
-353
-269
-190
-119
-60
-16
12
25
23
7
-18
-51
-87
-122
-152
-174
-184
-180
-163
-131
-85
-29
35
106
178
250
316
375
424
462
487
499
497
483
458
424
383
336
286
235
184
135
88
43
0
-43
-86
-130
-178
-228
-282
-339
-398
-460
-521
-580
-635
-683
-722
-750
-764
-764
-748
-715
-666
-601
-520
-427
-321
-207
-86
37
161
281
393
494
579
645
689
707
698
660
591
492
365
212
38
-151
-351
-552
-746
-925
-1079
-1202
-1288
-1330
-1326
-1275
-1177
-1036
-856
-644
-406
-149
117
387
654
911
1155
1382
1589
1776
1941
2084
2205
2303
2379
2430
2455
2452
2420
2356
2258
2126
1958
1756
1521
1258
969
663
345
24
-290
-592
-872
-1124
-1342
-1524
-1667
-1771
-1838
-1872
-1876
-1856
-1816
-1763
-1702
-1638
-1576
-1519
-1469
-1430
-1401
-1383
-1373
-1371
-1373
-1375
-1374
-1365
-1345
-1309
-1256
-1184
-1092
-980
-851
-709
-556
-397
-237
-81
67
207
335
451
556
653
743
831
920
1014
1116
1227
1349
1480
1617
1757
1894
2020
2128
2210
2259
2269
2234
2154
2029
1861
1658
1427
1179
925
675
440
230
50
-94
-201
-273
-311
-321
-309
-280
-244
-206
-172
-147
-136
-141
-164
-205
-263
-336
-422
-518
-619
-722
-824
-920
-1007
-1083
-1147
-1196
-1232
-1253
-1262
-1260
-1248
-1228
-1202
-1170
-1135
-1096
-1055
-1012
-967
-921
-873
-824
-774
-722
-668
-611
-553
-491
-426
-359
-290
-218
-145
-69
7
86
168
253
340
432
528
629
732
838
944
1047
1146
1234
1310
1369
1407
1421
1410
1371
1306
1214
1099
965
814
654
488
324
166
20
-110
-221
-310
-376
-420
-442
-445
-433
-410
-381
-350
-321
-298
-284
-280
-287
-306
-336
-375
-421
-472
-525
-578
-629
-675
-714
-745
-765
-773
-769
-753
-723
-682
-629
-566
-495
-417
-334
-248
-161
-75
7
87
161
229
289
343
389
427
458
482
499
511
517
520
519
515
509
500
489
476
460
440
417
389
356
318
275
227
177
124
71
20
-26
-66
-96
-116
-122
-113
-90
-53
-2
58
127
200
272
338
393
432
449
442
407
342
249
129
-13
-172
-341
-510
-670
-811
-925
-1003
-1038
-1028
-970
-865
-719
-537
-329
-104
125
350
557
738
884
991
1053
1071
1044
977
874
742
586
415
237
59
-111
-268
-407
-521
-609
-668
-698
-698
-670
-617
-542
-449
-342
-227
-108
10
124
231
326
409
479
535
579
611
633
647
655
658
657
651
642
629
611
586
554
513
461
399
326
242
148
46
-62
-175
-290
-403
-513
-617
-714
-800
-876
-940
-992
-1031
-1057
-1070
-1068
-1053
-1023
-978
-919
-844
-754
-650
-532
-402
-262
-115
36
187
335
473
599
707
795
858
896
907
892
852
790
710
614
509
398
287
179
79
-10
-85
-145
-188
-215
-226
-222
-205
-177
-141
-99
-54
-8
35
76
110
138
157
168
170
162
147
124
94
60
22
-17
-57
-97
-136
-171
-203
-231
-253
-271
-283
-289
-291
-287
-279
-267
-250
-230
-207
-181
-152
-122
-89
-56
-22
9
40
67
89
103
109
104
86
55
7
-55
-134
-229
-337
-457
-584
-714
-843
-964
-1072
-1160
-1223
-1256
-1254
-1215
-1136
-1016
-857
-660
-429
-168
117
419
732
1046
1353
1643
1907
2136
2322
2458
2538
2559
2522
2427
2280
2085
1852
1588
1303
1005
704
408
123
-142
-384
-600
-785
-940
-1065
-1160
-1229
-1275
-1301
-1312
-1311
-1302
-1287
-1268
-1246
-1221
-1194
-1163
-1126
-1084
-1033
-973
-904
-825
-736
-640
-538
-433
-326
-221
-120
-26
59
135
202
259
309
352
390
427
464
503
545
592
644
698
753
807
856
898
928
943
942
923
884
826
751
660
555
442
325
206
92
-13
-108
-188
-251
-297
-325
-336
-330
-311
-279
-238
-192
-141
-91
-43
-1
34
61
79
86
83
72
51
24
-8
-45
-85
-126
-166
-205
-242
-275
-305
-330
-350
-364
-374
-379
-379
-376
-369
-359
-348
-335
-322
-307
-292
-277
-259
-240
-219
-195
-167
-137
-103
-67
-29
10
50
89
127
162
193
221
244
262
275
282
285
283
277
267
254
239
223
205
186
167
149
130
112
93
75
57
39
21
5
-9
-22
-32
-39
-42
-41
-37
-29
-17
-4
11
27
43
57
70
79
84
85
82
74
62
45
23
-3
-34
-70
-110
-154
-202
-252
-303
-354
-403
-448
-487
-519
-542
-554
-554
-543
-521
-488
-445
-393
-336
-274
-209
-144
-80
-19
37
89
136
178
214
245
271
292
310
324
334
341
344
345
341
335
326
313
297
279
259
238
216
193
172
152
135
121
112
106
105
108
114
124
135
146
156
164
167
166
158
144
124
99
68
35
0
-34
-68
-99
-126
-148
-165
-176
-182
-183
-180
-173
-164
-153
-142
-131
-121
-112
-105
-100
-96
-93
-92
-91
-91
-90
-88
-84
-78
-69
-56
-40
-21
0
25
52
79
107
133
157
178
194
205
210
209
201
186
165
138
106
70
30
-9
-50
-90
-127
-161
-189
-212
-228
-238
-241
-237
-227
-212
-191
-166
-138
-107
-75
-42
-9
23
53
81
107
129
147
162
172
179
182
180
176
168
158
145
130
114
96
78
60
41
24
7
-8
-23
-35
-46
-55
-61
-64
-64
-61
-54
-42
-26
-6
18
46
78
111
144
177
207
234
255
270
278
278
270
254
229
198
159
116
69
18
-33
-85
-137
-187
-235
-280
-322
-359
-393
-422
-445
-463
-474
-479
-477
-467
-450
-425
-394
-355
-311
-261
-208
-153
-96
-40
13
64
111
154
190
221
246
265
278
287
292
293
290
285
278
270
260
249
237
224
211
198
184
170
155
140
125
110
95
80
65
50
35
21
6
-8
-23
-38
-53
-68
-84
-99
-115
-130
-144
-157
-168
-177
-184
-188
-188
-186
-181
-172
-160
-146
-130
-112
-92
-73
-53
-34
-17
-2
11
22
31
37
41
44
44
44
43
42
41
42
44
48
55
65
77
92
109
127
146
164
181
195
207
214
216
213
204
191
172
148
121
91
58
24
-8
-41
-73
-101
-126
-148
-165
-178
-186
-190
-190
-187
-181
-174
-165
-156
-147
-139
-133
-130
-129
-131
-136
-143
-153
-166
-180
-195
-210
-224
-238
-248
-256
-259
-258
-251
-238
-218
-192
-159
-118
-71
-16
43
109
179
251
324
396
464
527
583
630
667
694
709
712
705
687
660
625
582
534
482
426
368
310
251
193
135
80
26
-24
-72
-117
-159
-197
-232
-263
-290
-314
-333
-349
-362
-371
-377
-379
-379
-377
-372
-365
-356
-345
-333
-319
-304
-287
-267
-246
-222
-196
-168
-138
-106
-73
-38
-3
32
66
99
130
158
183
203
219
229
235
236
232
224
212
196
177
155
131
104
75
44
11
-22
-57
-92
-128
-163
-197
-229
-258
-283
-305
-321
-332
-338
-338
-331
-319
-300
-276
-247
-214
-177
-138
-98
-58
-21
13
43
66
84
94
96
91
79
61
38
11
-16
-45
-73
-99
-120
-138
-151
-161
-166
-170
-172
-174
-177
-183
-192
-205
-221
-240
-262
-284
-305
-323
-337
-344
-344
-335
-316
-286
-247
-199
-143
-81
-14
54
123
190
254
312
363
405
440
465
482
490
492
487
478
464
447
429
409
388
367
346
326
306
287
268
250
232
214
196
178
160
142
123
104
84
63
40
17
-7
-33
-61
-89
-119
-149
-179
-208
-236
-263
-286
-306
-322
-333
-339
-339
-333
-321
-304
-281
-254
-222
-189
-154
-119
-86
-55
-28
-6
9
18
21
16
5
-12
-34
-59
-87
-114
-140
-162
-178
-188
-191
-184
-169
-145
-112
-72
-26
24
78
134
190
245
297
345
387
424
454
478
495
506
510
508
502
490
474
455
431
405
377
347
315
282
249
216
184
153
124
98
74
55
39
28
21
19
22
30
41
56
73
93
113
133
152
169
183
194
201
203
200
192
178
159
133
101
63
18
-31
-87
-147
-210
-275
-341
-405
-466
-521
-569
-607
-634
-649
-649
-636
-609
-569
-518
-458
-391
-320
-247
-176
-108
-45
10
58
98
129
152
168
176
178
176
171
164
156
149
143
139
137
138
140
143
147
150
152
152
150
146
139
130
119
106
92
78
64
51
39
30
24
21
20
22
27
32
39
46
52
57
60
60
58
53
46
37
26
13
0
-15
-30
-45
-60
-75
-89
-102
-115
-127
-139
-150
-162
-173
-186
-198
-212
-226
-241
-257
-274
-291
-308
-325
-343
-359
-374
-388
-400
-409
-415
-417
-415
-408
-396
-377
-353
-323
-286
-243
-195
-142
-84
-23
39
102
164
224
279
327
368
401
424
438
441
435
421
398
369
334
296
254
211
168
126
86
50
18
-7
-29
-45
-55
-59
-59
-53
-43
-30
-14
3
22
41
59
76
89
100
107
111
111
106
99
87
73
55
36
14
-7
-30
-53
-74
-94
-111
-125
-135
-142
-145
-144
-140
-133
-124
-114
-102
-90
-78
-68
-58
-49
-42
-37
-33
-30
-28
-26
-24
-21
-18
-12
-5
3
14
27
40
53
66
78
89
96
102
104
104
101
96
89
82
73
65
57
50
44
40
36
34
32
31
29
28
25
22
18
13
7
0
-6
-13
-20
-26
-32
-36
-39
-41
-41
-40
-37
-33
-29
-23
-17
-10
-3
3
10
17
25
32
40
49
57
66
76
85
94
102
109
114
118
119
118
115
108
99
88
74
58
40
21
3
-15
-32
-47
-60
-69
-76
-78
-78
-74
-68
-60
-50
