1142
1105
1056
998
930
855
772
683
589
492
392
292
193
95
1
-89
-174
-254
-329
-396
-458
-512
-559
-598
-630
-652
-665
-668
-660
-641
-611
-571
-520
-460
-391
-317
-237
-156
-74
4
79
147
207
256
294
319
332
332
321
300
271
234
192
148
103
58
14
-25
-63
-99
-131
-163
-193
-224
-256
-289
-324
-361
-398
-434
-468
-498
-520
-533
-534
-520
-492
-446
-384
-306
-212
-104
13
140
271
402
532
654
766
865
947
1010
1052
1071
1066
1036
982
903
801
678
537
380
211
35
-142
-317
-485
-640
-778
-896
-991
-1059
-1100
-1112
-1097
-1053
-984
-892
-779
-650
-509
-361
-211
-65
71
194
298
382
441
476
486
472
438
387
324
251
175
98
24
-43
-104
-156
-200
-235
-261
-278
-286
-284
-271
-246
-207
-152
-81
5
110
229
362
505
653
801
943
1073
1182
1266
1319
1336
1314
1252
1150
1012
842
647
433
209
-16
-236
-443
-631
-797
-936
-1047
-1131
-1187
-1218
-1224
-1208
-1171
-1115
-1042
-951
-845
-724
-589
-443
-287
-124
43
213
382
546
700
841
966
1069
1148
1200
1223
1215
1178
1111
1017
899
761
606
440
266
90
-85
-256
-418
-568
-704
-821
-919
-995
-1048
-1078
-1085
-1070
-1035
-982
-915
-837
-750
-659
-565
-472
-382
-296
-214
-139
-69
-5
53
105
153
195
233
266
293
315
331
340
341
333
316
288
250
202
144
77
3
-75
-156
-237
-315
-388
-453
-508
-553
-585
-606
-615
-613
-602
-582
-555
-522
-485
-444
-400
-354
-306
-255
-201
-144
-84
-19
48
122
201
285
376
472
573
679
789
901
1013
1122
1226
1322
1407
1478
1535
1574
1595
1596
1578
1539
1480
1403
1307
1196
1072
937
795
647
497
347
197
49
-96
-242
-389
-537
-687
-840
-993
-1146
-1296
-1440
-1574
-1694
-1797
-1879
-1937
-1968
-1970
-1942
-1885
-1799
-1686
-1550
-1395
-1224
-1045
-863
-683
-513
-357
-220
-105
-14
50
92
112
112
98
74
46
18
-3
-14
-11
10
51
114
197
300
420
554
699
850
1002
1152
1295
1428
1549
1653
1740
1808
1854
1877
1877
1850
1796
1714
1603
1463
1296
1103
887
654
408
156
-94
-338
-569
-779
-965
-1121
-1246
-1337
-1394
-1419
-1413
-1378
-1318
-1235
-1134
-1017
-888
-749
-603
-453
-302
-152
-5
133
263
381
484
568
633
675
694
689
660
609
539
451
350
240
126
13
-95
-194
-281
-353
-408
-447
-468
-474
-467
-448
-421
-388
-351
-314
-279
-247
-219
-197
-181
-171
-167
-168
-173
-181
-190
-198
-205
-207
-205
-197
-182
-159
-130
-93
-51
-4
46
97
149
198
243
282
314
337
350
352
343
322
290
247
193
129
56
-23
-108
-198
-288
-379
-466
-548
-622
-687
-740
-780
-806
-818
-815
-798
-767
-724
-671
-607
-535
-456
-371
-280
-185
-86
15
119
223
326
427
522
611
692
763
824
873
912
940
958
967
967
959
942
918
886
845
795
735
665
585
497
402
300
194
86
-20
-126
-226
-320
-407
-484
-551
-608
-652
-685
-707
-716
-715
-703
-681
-650
-611
-565
-513
-456
-394
-330
-263
-194
-125
-56
11
77
139
198
251
297
337
370
394
411
421
422
417
406
389
367
342
313
283
251
220
188
158
129
101
74
48
23
-1
-24
-47
-69
-90
-109
-126
-142
-155
-167
-177
-186
-194
-202
-211
-221
-231
-243
-256
-269
-281
-292
-299
-302
-299
-288
-268
-237
-196
-145
-83
-13
63
144
226
306
381
448
505
549
579
594
595
582
557
521
476
425
369
312
255
200
149
105
68
41
24
18
25
42
71
110
157
209
264
318
367
406
432
441
428
392
330
242
128
-10
-170
-348
-539
-738
-939
-1136
-1323
-1494
-1643
-1766
-1858
-1916
-1935
-1915
-1856
-1758
-1624
-1457
-1263
-1047
-817
-578
-339
-104
119
328
520
694
849
989
1113
1227
1331
1428
1518
1601
1676
1738
1784
1811
1814
1791
1741
1661
1555
1422
1269
1098
915
727
539
357
187
33
-100
-212
-301
-368
-413
-439
-450
-450
-442
-430
-417
-407
-402
-402
-409
-423
-444
-471
-503
-538
-577
-616
-655
-691
-723
-751
-772
-786
-793
-793
-786
-772
-753
-729
-702
-671
-637
-600
-561
-519
-474
-425
-372
-315
-255
-192
-127
-61
5
69
131
189
243
292
335
373
405
433
456
474
489
499
506
510
511
509
503
495
484
471
456
438
420
401
381
362
342
324
305
287
267
247
225
200
171
137
98
52
0
-59
-126
-200
-281
-368
-460
-556
-653
-749
-843
-931
-1010
-1077
-1130
-1167
-1185
-1183
-1160
-1117
-1055
-975
-878
-768
-645
-514
-376
-233
-87
60
208
356
503
649
792
932
1068
1199
1323
1439
1546
1643
1727
1799
1857
1900
1930
1944
1944
1930
1901
1857
1798
1725
1636
1532
1413
1279
1132
973
803
624
440
251
61
-128
-317
-502
-683
-859
-1029
-1192
-1345
-1489
-1620
-1738
-1839
-1923
-1987
-2030
-2050
-2049
-2026
-1984
-1925
-1851
-1767
-1677
-1585
-1493
-1405
-1322
-1245
-1174
-1107
-1043
-978
-910
-836
-754
-661
-556
-440
-312
-175
-30
117
267
414
555
687
808
917
1012
1094
1163
1220
1268
1306
1337
1363
1384
1401
1414
1423
1428
1428
1421
1407
1386
1356
1316
1267
1208
1139
1060
973
877
776
670
560
450
340
233
129
30
-62
-149
-230
-305
-374
-437
-494
-545
-591
-632
-668
-699
-725
-747
-765
-780
-793
-803
-811
-819
-825
-831
-835
-839
-841
-842
-840
-834
-824
-809
-788
-761
-728
-690
-646
-599
-551
-502
-456
-414
-378
-349
-328
-314
-309
-310
-316
-326
-338
-348
-356
-359
-355
-341
-316
-278
-226
-161
-81
12
120
239
367
503
643
784
922
1054
1175
1284
1376
1450
1504
1537
1548
1539
1509
1459
1390
1304
1202
1084
953
810
656
495
328
159
-9
-174
-333
-483
-621
-746
-856
-950
-1027
-1088
-1133
-1161
-1174
-1173
-1158
-1129
-1089
-1037
-975
-903
-823
-735
-641
-541
-438
-333
-227
-122
-20
76
167
249
322
385
435
473
499
513
516
509
494
473
449
423
396
372
350
333
319
310
305
303
303
303
301
296
287
272
250
221
184
141
91
37
-20
-80
-141
-200
-257
-309
-356
-396
-427
-451
-464
-467
-461
-444
-418
-384
-342
-294
-240
-183
-123
-61
1
63
125
185
243
298
351
399
444
483
517
545
565
576
577
568
549
518
476
424
364
297
225
152
78
7
-59
-120
-174
-220
-257
-287
-309
-325
-335
-341
-345
-347
-350
-355
-362
-372
-384
-399
-415
-430
-442
-450
-451
-443
-424
-395
-354
-303
-244
-179
-111
-44
16
67
106
130
137
128
102
64
17
-33
-81
-120
-144
-148
-127
-79
-3
97
220
361
511
663
808
939
1047
1127
1173
1181
1151
1082
977
839
674
489
289
84
-120
-318
-503
-671
-817
-940
-1038
-1111
-1160
-1185
-1188
-1171
-1136
-1085
-1019
-943
-857
-765
-669
-572
-476
-385
-299
-223
-158
-105
-68
-47
-42
-54
-82
-125
-180
-243
-313
-383
-450
-507
-551
-576
-577
-552
-496
-409
-289
-137
44
255
491
748
1022
1306
1597
1888
2172
2444
2697
2923
3117
3271
3379
3436
3437
3379
3260
3081
2843
2551
2210
1828
1412
973
519
62
-388
-822
-1232
-1608
-1943
-2233
-2474
-2663
-2802
-2892
-2937
-2940
-2909
-2849
-2766
-2666
-2554
-2434
-2311
-2185
-2059
-1933
-1806
-1678
-1547
-1412
-1272
-1126
-973
-813
-646
-472
-293
-110
74
260
443
620
790
949
1095
1225
1337
1430
1502
1552
1580
1587
1573
1541
1491
1426
1349
1263
1169
1071
971
870
769
669
571
474
376
279
180
80
-21
-124
-229
-334
-438
-538
-634
-722
-801
-869
-924
-964
-990
-999
-993
-971
-935
-885
-822
-749
-666
-573
-473
-365
-249
-126
3
141
285
434
585
737
883
1021
1143
1245
1321
1367
1378
1353
1290
1192
1062
905
727
536
339
145
-38
-205
-352
-475
-572
-644
-691
-716
-724
-719
-703
-683
-661
-641
-623
-611
-604
-602
-603
-607
-613
-618
-621
-620
-616
-606
-592
-572
-549
-521
-489
-454
-416
-376
-332
-286
-235
-181
-121
-57
13
88
169
253
342
432
522
611
695
773
843
902
947
978
991
986
961
914
844
752
635
495
331
145
-59
-282
-517
-759
-1002
-1239
-1462
-1663
-1835
-1968
-2059
-2100
-2088
-2022
-1901
-1729
-1508
-1245
-949
-627
-289
52
388
709
1006
1270
1496
1680
1819
1913
1965
1978
1959
1912
1846
1769
1686
1605
1530
1463
1407
1361
1323
1288
1253
1214
1166
1106
1030
938
827
699
555
396
225
45
-141
-330
-519
-704
-881
-1045
-1195
-1324
-1432
-1514
-1568
-1594
-1591
-1559
-1500
-1417
-1312
-1190
-1055
-912
-765
-620
-479
-348
-229
-125
-37
33
87
124
147
155
153
142
125
104
81
58
38
20
7
-1
-5
-4
0
8
18
28
38
46
51
51
46
36
20
0
-25
-52
-80
-107
-131
-149
-160
-163
-156
-139
-111
-73
-24
32
97
167
241
314
386
452
509
557
591
612
617
608
585
549
503
449
389
326
263
201
143
90
42
1
-33
-62
-86
-105
-121
-134
-146
-156
-166
-176
-187
-197
-207
-216
-224
-230
-233
-232
-227
-217
-203
-183
-159
-130
-98
-63
-27
9
46
82
114
143
168
186
199
205
203
194
177
152
119
79
31
-21
-79
-140
-203
-267
-328
-387
-441
-490
-533
-572
-606
-638
-668
-700
-733
-771
-813
-859
-909
-961
-1012
-1057
-1094
-1115
-1117
-1093
-1038
-950
-825
-664
-469
-243
8
276
553
830
1096
1342
1561
1746
1892
1996
2058
2079
2062
2011
1933
1833
1717
1590
1458
1324
1191
1061
934
812
694
579
467
356
246
137
28
-80
-187
-291
-393
-491
-583
-669
-748
-821
-885
-942
-991
-1033
-1068
-1096
-1119
-1135
-1146
-1151
-1151
-1144
-1131
-1111
-1084
-1048
-1003
-948
-884
-810
-726
-632
-531
-422
-307
-188
-68
51
168
279
383
477
559
629
684
726
753
767
768
758
740
715
684
651
616
581
547
515
485
458
433
411
390
372
356
341
327
314
301
289
278
267
255
244
232
219
205
190
173
155
134
112
89
65
40
15
-9
-33
-57
-79
-100
-120
-139
-156
-173
-188
-203
-218
-233
-249
-266
-286
-308
-333
-361
-391
-424
-457
-491
-524
-555
-581
-602
-617
-624
-623
-614
-597
-573
-543
-509
-471
-432
-394
-360
-330
-307
-293
-288
-292
-307
-331
-364
-404
-450
-499
-548
-595
-635
-667
-686
-689
-674
-637
-576
-490
-378
-241
-80
101
302
518
743
973
1203
1428
1642
1841
2020
2175
2300
2392
2445
2457
2424
2344
2219
2049
1840
1598
1329
1044
752
461
182
-77
-312
-518
-692
-835
-948
-1033
-1095
-1137
-1166
-1185
-1200
-1213
-1228
-1245
-1266
-1288
-1310
-1331
-1345
-1351
-1345
-1325
-1288
-1233
-1161
-1071
-964
-844
-713
-574
-431
-286
-145
-9
118
234
339
430
506
568
616
649
670
678
675
662
640
612
578
541
503
464
427
393
363
339
321
310
308
313
325
345
371
401
435
470
503
532
554
568
570
560
537
498
446
381
303
215
119
18
-85
-191
-294
-394
-488
-575
