-167
-151
-131
-109
-85
-59
-33
-6
18
41
62
80
93
101
103
99
90
74
53
28
-1
-33
-66
-100
-133
-164
-191
-213
-231
-242
-247
-246
-238
-223
-203
-177
-147
-113
-75
-36
3
43
81
118
151
181
206
226
240
249
253
252
247
238
228
216
204
193
184
177
172
171
172
175
181
188
195
202
207
210
209
203
190
171
144
109
66
17
-37
-96
-157
-218
-277
-332
-380
-421
-453
-474
-486
-487
-477
-459
-432
-398
-358
-314
-267
-220
-173
-128
-85
-47
-13
15
39
59
73
83
90
93
95
96
96
96
98
101
106
111
118
125
132
137
141
141
138
132
122
109
93
77
61
47
37
30
30
36
48
66
89
115
142
168
191
209
218
219
209
190
162
125
83
38
-7
-51
-90
-121
-144
-158
-161
-155
-140
-119
-93
-63
-34
-6
18
38
52
60
62
58
49
36
21
5
-10
-24
-35
-43
-47
-47
-43
-36
-28
-17
-6
3
12
20
26
30
32
32
31
30
29
29
29
31
33
36
39
42
43
42
38
31
21
8
-7
-25
-44
-63
-80
-94
-103
-107
-105
-95
-79
-56
-28
4
39
74
108
139
164
182
192
194
187
172
148
118
82
43
1
-41
-82
-119
-152
-179
-198
-209
-212
-205
-191
-169
-140
-107
-70
-32
5
41
72
99
118
130
134
128
115
93
63
28
-11
-54
-99
-142
-183
-219
-250
-274
-289
-297
-295
-285
-266
-240
-207
-168
-126
-80
-34
11
55
96
133
165
192
213
228
238
243
244
242
237
229
221
212
203
194
186
178
171
165
159
153
146
139
130
120
108
94
78
61
44
26
10
-5
-18
-29
-38
-45
-50
-54
-58
-64
-73
-88
-109
-139
-179
-228
-287
-354
-429
-508
-587
-663
-732
-789
-830
-852
-852
-829
-782
-712
-621
-512
-388
-254
-114
25
162
291
409
512
600
671
725
762
783
789
783
766
739
705
665
621
573
523
472
419
366
313
260
208
158
110
64
22
-15
-48
-76
-97
-113
-122
-127
-127
-124
-120
-116
-114
-115
-122
-134
-153
-179
-210
-246
-284
-323
-360
-394
-421
-439
-448
-447
-435
-412
-380
-340
-295
-246
-196
-147
-101
-59
-22
7
31
50
64
74
81
86
91
96
101
107
113
121
128
135
141
146
150
151
150
147
142
135
127
117
107
96
86
76
67
58
51
45
41
37
35
34
35
36
39
42
46
51
56
61
66
71
77
82
89
95
102
109
117
125
132
139
145
151
154
156
156
155
151
144
136
127
115
102
89
75
61
47
34
21
10
0
-9
-18
-26
-34
-41
-49
-56
-64
-72
-80
-88
-95
-102
-107
-111
-112
-111
-108
-101
-91
-78
-64
-48
-32
-17
-5
3
8
8
3
-5
-18
-33
-49
-65
-80
-91
-98
-101
-97
-88
-74
-56
-33
-9
15
39
60
78
90
97
98
93
83
67
48
26
2
-21
-44
-65
-83
-99
-110
-118
-123
-124
-122
-117
-110
-101
-92
-82
-72
-62
-53
-45
-37
-31
-25
-19
-14
-10
-6
-3
0
0
0
-1
-4
-8
-13
-18
-24
-29
-33
-34
-34
-31
-24
-15
-2
12
30
50
70
90
110
128
143
155
163
166
165
160
149
135
117
96
73
48
22
-2
-27
-50
-71
-90
-105
-118
-128
-134
-139
-141
-141
-141
-140
-139
-139
-140
-143
-147
-152
-158
-166
-174
-182
-190
-196
-201
-203
-203
-199
-192
-180
-166
-148
-127
-104
-80
-54
-28
-3
21
44
65
84
102
117
130
142
152
161
169
176
182
188
192
195
197
197
196
192
187
179
170
158
146
133
120
108
97
89
83
81
82
86
94
103
115
126
138
147
154
156
154
147
134
116
92
64
33
-1
-36
-72
-108
-141
-171
-197
-218
-233
-242
-245
-242
-233
-218
-199
-175
-149
-122
-94
-66
-39
-14
7
27
44
58
70
79
87
92
96
99
100
101
100
100
98
96
94
90
86
81
76
69
62
54
46
38
30
21
14
7
1
-3
-6
-8
-8
-6
-3
1
6
13
19
26
33
38
43
47
49
49
47
44
38
30
20
7
-6
-21
-38
-55
-72
-88
-104
-118
-129
-138
-143
-145
-143
-138
-129
-118
-103
-87
-69
-51
-31
-12
6
23
40
55
68
79
89
96
102
107
110
111
112
110
108
105
100
95
88
81
74
66
58
50
42
33
26
18
12
8
6
7
11
19
30
46
64
84
105
126
146
163
175
182
183
178
165
147
123
94
62
28
-5
-38
-69
-97
-122
-142
-158
-171
-180
-186
-190
-191
-191
-188
-183
-176
-166
-154
-139
-121
-102
-81
-59
-39
-20
-6
3
6
2
-10
-32
-63
-102
-149
-203
-261
-321
-380
-435
-483
-521
-547
-557
-550
-526
-484
-426
-353
-267
-173
-75
23
119
206
282
342
385
408
411
394
358
306
239
162
79
-5
-87
-164
-229
-280
-315
-332
-329
-307
-266
-210
-140
-61
24
113
200
281
355
418
468
504
525
532
524
504
473
433
386
335
281
227
175
126
81
41
5
-26
-53
-78
-99
-119
-138
-155
-171
-186
-199
-210
-219
-224
-226
-225
-219
-210
-197
-181
-162
-141
-119
-96
-72
-50
-29
-9
6
20
31
38
42
43
41
36
30
22
13
3
-6
-15
-25
-33
-40
-46
-50
-53
-53
-52
-49
-45
-38
-31
-22
-13
-3
6
16
25
34
42
48
54
58
61
64
66
67
69
71
74
77
80
85
89
93
96
98
98
97
92
85
75
63
48
32
14
-2
-18
-32
-42
-49
-52
-50
-44
-34
-22
-8
6
22
37
50
62
73
82
90
96
103
109
115
120
126
132
138
143
147
149
151
150
148
144
139
134
128
123
119
116
114
115
117
121
126
132
137
142
145
146
144
139
129
115
97
74
47
16
-17
-53
-92
-131
-169
-205
-238
-266
-289
-305
-314
-315
-307
-292
-270
-241
-206
-167
-125
-82
-40
-1
34
63
86
101
108
108
100
86
67
44
18
-7
-32
-56
-77
-94
-107
-115
-118
-117
-112
-104
-93
-80
-66
-51
-37
-24
-13
-3
4
11
16
20
23
25
27
28
29
30
31
33
33
34
33
32
29
24
18
10
0
-11
-23
-36
-49
-62
-75
-86
-96
-104
-111
-116
-120
-122
-123
-122
-120
-117
-112
-106
-99
-90
-80
-70
-58
-46
-34
-22
-10
0
11
21
29
37
44
49
53
55
56
56
54
51
47
42
37
30
23
16
10
4
0
-2
-3
-1
2
10
19
31
45
61
78
95
113
130
147
162
176
188
198
205
209
209
206
198
187
172
154
132
107
80
51
21
-9
-41
-71
-101
-130
-156
-181
-203
-221
-237
-249
-257
-260
-260
-255
-246
-234
-217
-198
-176
-153
-129
-105
-82
-59
-37
-17
1
19
36
53
68
83
97
110
122
132
139
144
146
144
138
129
117
101
83
62
41
19
-2
-22
-41
-57
-69
-78
-84
-85
-82
-76
-67
-55
-41
-25
-7
10
28
46
62
77
90
99
106
110
110
108
102
94
85
74
62
50
37
26
15
6
0
-6
-10
-12
-12
-10
-8
-5
-3
-1
0
0
-1
-3
-5
-7
-9
-9
-8
-5
-1
4
10
17
23
27
30
30
26
19
9
-5
-22
-42
-64
-88
-111
-133
-153
-169
-181
-188
-190
-186
-176
-160
-140
-116
-89
-60
-30
-1
26
52
75
94
109
121
128
132
132
129
123
116
107
98
88
78
70
62
56
51
48
46
46
46
47
48
48
48
45
41
35
27
18
6
-5
-17
-30
-41
-51
-60
-66
-70
-72
-72
-69
-65
-60
-53
-47
-40
-34
-28
-23
-19
-16
-14
-11
-9
-6
-3
0
4
10
16
22
29
36
43
50
57
63
70
76
82
87
92
97
101
104
106
108
107
105
100
92
80
63
42
15
-17
-55
-98
-146
-196
-247
-297
-344
-387
-422
-449
-465
-471
-465
-448
-421
-385
-341
-291
-236
-179
-121
-63
-7
45
93
137
175
206
232
251
264
272
274
270
263
252
238
222
205
188
170
154
138
124
111
101
92
86
81
79
79
80
84
89
95
102
110
118
126
133
139
143
146
147
146
143
138
132
124
115
105
95
83
71
57
42
26
7
-12
-34
-59
-85
-112
-141
-170
-198
-226
-252
-276
-297
-314
-327
-336
-341
-341
-336
-328
-315
-297
-276
-252
-224
-193
-161
-126
-90
-53
-15
21
58
94
128
161
190
217
240
258
271
279
281
276
265
249
227
200
170
137
103
69
36
6
-21
-45
-64
-79
-88
-93
-93
-88
-81
-70
-57
-43
-28
-12
2
16
28
39
48
54
57
57
54
47
39
28
15
2
-10
-24
-36
-46
-54
-60
-62
-61
-56
-47
-34
-17
2
25
49
74
100
123
144
162
176
184
188
186
178
166
148
127
102
75
46
17
-11
-38
-62
-84
-101
-113
-121
-123
-120
-113
-101
-86
-68
-48
-27
-7
12
30
45
58
67
72
74
72
68
60
51
40
29
17
6
-3
-12
-19
-25
-28
-30
-30
-29
-26
-21
-16
-10
-2
4
12
19
26
32
37
40
41
39
34
26
14
0
-17
-38
-60
-85
-110
-137
-163
-190
-216
-242
-266
-289
-311
-330
-345
-358
-366
-369
-366
-357
-343
-321
-294
-261
-222
-178
-129
-76
-21
37
97
158
220
280
339
395
448
496
541
581
615
643
666
681
690
691
684
668
644
610
568
516
456
388
313
233
148
60
-27
-115
-200
-280
-353
-419
-473
-516
-546
-562
-564
-550
-522
-481
-428
-364
-292
-215
-136
-57
17
86
146
195
231
254
263
258
239
208
167
117
60
-1
-65
-130
-193
-253
-308
-356
-397
-429
-453
-468
-474
-472
-461
-444
-420
-391
-357
-319
-278
-236
-193
-151
-111
-73
-40
-12
10
26
35
38
34
24
9
-9
-32
-57
-82
-108
-131
-152
-169
-181
-187
-186
-178
-164
-142
-113
-78
-37
8
58
111
167
223
279
334
386
433
474
509
537
556
567
569
562
548
527
500
468
433
395
355
314
274
234
194
155
116
77
38
-1
-41
-82
-124
-166
-209
-252
-294
-334
-372
-406
-436
-461
-480
-493
-499
-499
-492
-478
-458
-432
-401
-366
-327
-285
-241
-196
-150
-105
-60
-17
24
62
98
131
160
186
207
224
236
245
249
249
245
237
225
210
192
172
149
125
100
74
47
22
-2
-25
-47
-66
-82
-96
-106
-113
-117
-118
-117
-113
-106
-98
-89
-78
-66
-53
-40
-25
-10
6
24
43
64
87
112
140
170
202
236
271
306
339
370
396
416
429
