24
-44
-106
-157
-196
-223
-238
-241
-235
-220
-198
-171
-139
-106
-71
-38
-6
20
41
55
59
53
33
0
-49
-113
-193
-285
-389
-500
-613
-725
-828
-917
-987
-1032
-1049
-1036
-993
-918
-816
-689
-543
-381
-210
-35
137
304
459
600
724
829
914
981
1032
1068
1093
1111
1126
1142
1162
1191
1230
1279
1340
1410
1487
1568
1647
1719
1778
1819
1835
1820
1771
1682
1553
1382
1170
922
641
335
11
-320
-650
-970
-1269
-1541
-1780
-1981
-2142
-2265
-2350
-2402
-2426
-2425
-2405
-2370
-2322
-2264
-2196
-2116
-2024
-1916
-1789
-1640
-1469
-1273
-1052
-809
-547
-270
13
298
576
839
1080
1293
1472
1614
1718
1784
1815
1813
1783
1729
1658
1573
1479
1380
1279
1179
1079
982
886
792
699
606
511
415
316
215
112
6
-100
-207
-315
-421
-525
-624
-719
-805
-882
-946
-993
-1020
-1024
-1000
-946
-860
-740
-586
-400
-184
56
316
587
862
1131
1387
1621
1826
1995
2124
2210
2249
2240
2184
2081
1933
1743
1514
1252
962
651
327
0
-322
-630
-916
-1170
-1389
-1566
-1701
-1793
-1843
-1857
-1838
-1794
-1730
-1654
-1573
-1490
-1412
-1341
-1279
-1226
-1183
-1148
-1120
-1096
-1074
-1053
-1031
-1005
-976
-942
-902
-855
-801
-738
-666
-583
-489
-382
-261
-128
17
174
338
507
677
841
995
1134
1253
1348
1416
1457
1468
1453
1413
1350
1269
1172
1063
945
819
688
553
415
275
134
-7
-149
-291
-432
-574
-716
-861
-1010
-1165
-1329
-1501
-1684
-1876
-2076
-2279
-2482
-2678
-2860
-3019
-3145
-3230
-3265
-3241
-3150
-2989
-2753
-2442
-2057
-1602
-1083
-508
113
769
1447
2135
2819
3485
4118
4707
5239
5703
6090
6393
6604
6722
6742
6665
6492
6227
5874
5440
4936
4372
3760
3116
2454
1788
1133
502
-93
-645
-1148
-1598
-1994
-2335
-2626
-2869
-3069
-3231
-3359
-3460
-3536
-3594
-3636
-3666
-3686
-3699
-3704
-3701
-3690
-3669
-3636
-3587
-3521
-3433
-3323
-3189
-3030
-2846
-2638
-2407
-2157
-1889
-1606
-1313
-1012
-708
-403
-101
192
476
746
999
1231
1439
1622
1776
1902
1997
2064
2104
2117
2108
2080
2035
1979
1914
1845
1773
1702
1633
1567
1506
1450
1398
1351
1306
1265
1225
1186
1146
1104
1059
1010
956
895
829
755
675
589
497
401
302
202
103
7
-83
-168
-246
-314
-373
-423
-463
-495
-520
-538
-552
-563
-572
-580
-587
-595
-603
-613
-623
-634
-647
-663
-681
-703
-730
-763
-802
-846
-895
-947
-999
-1047
-1088
-1118
-1132
-1128
-1103
-1057
-989
-901
-796
-679
-554
-427
-303
-187
-83
4
74
126
160
177
179
169
149
123
92
61
31
4
-18
-35
-46
-48
-43
-29
-6
25
68
120
183
256
339
430
527
630
734
837
933
1018
1087
1136
1159
1152
1113
1038
928
782
604
396
164
-86
-348
-613
-876
-1129
-1365
-1581
-1770
-1931
-2061
-2159
-2224
-2258
-2260
-2233
-2178
-2096
-1991
-1863
-1716
-1550
-1370
-1176
-973
-762
-547
-331
-117
91
293
485
666
835
991
1136
1270
1394
1511
1622
1729
1831
1928
2020
2103
2177
2237
2281
2307
2312
2297
2261
2208
2138
2057
1967
1873
1777
1682
1589
1499
1410
1321
1228
1129
1022
904
774
633
482
322
158
-5
-167
-322
-466
-597
-712
-811
-894
-962
-1016
-1059
-1093
-1122
-1148
-1174
-1202
-1231
-1263
-1297
-1330
-1362
-1389
-1410
-1422
-1423
-1413
-1390
-1356
-1311
-1256
-1192
-1122
-1046
-966
-883
-797
-708
-618
-525
-430
-333
-234
-135
-34
65
163
259
351
438
518
589
652
705
748
780
802
814
818
815
805
791
773
752
728
703
675
644
610
570
525
475
419
358
293
226
159
95
36
-14
-55
-84
-101
-104
-94
-72
-40
0
44
92
138
180
215
242
257
261
253
233
202
160
111
55
-4
-67
-131
-196
-260
-325
-389
-456
-524
-597
-675
-759
-850
-947
-1049
-1155
-1260
-1361
-1454
-1533
-1594
-1630
-1638
-1615
-1556
-1462
-1332
-1166
-966
-735
-476
-193
108
425
752
1084
1415
1741
2056
2354
2628
2871
3076
3235
3339
3381
3354
3254
3078
2829
2510
2131
1703
1243
766
292
-162
-582
-954
-1268
-1518
-1704
-1827
-1893
-1911
-1891
-1844
-1780
-1710
-1644
-1586
-1543
-1515
-1503
-1505
-1517
-1535
-1553
-1567
-1572
-1563
-1537
-1494
-1430
-1347
-1244
-1124
-986
-835
-672
-500
-322
-141
37
212
380
536
677
802
907
992
1056
1100
1124
1131
1123
1102
1073
1039
1002
964
929
897
870
847
828
812
798
782
764
740
709
669
617
555
481
396
302
201
95
-11
-116
-215
-305
-382
-442
-485
-508
-512
-496
-463
-415
-356
-289
-220
-151
-87
-31
13
45
62
66
57
36
5
-32
-74
-118
-161
-200
-234
-261
-280
-291
-293
-287
-273
-254
-230
-201
-170
-137
-104
-71
-38
-7
21
46
69
87
100
107
109
105
94
78
56
31
2
-27
-58
-89
-118
-146
-171
-194
-216
-238
-260
-283
-310
-340
-376
-416
-461
-510
-562
-614
-663
-706
-741
-763
-769
-758
-726
-674
-602
-510
-402
-281
-152
-18
114
241
357
460
547
617
668
704
724
734
737
737
738
746
763
792
835
892
962
1042
1130
1221
1310
1393
1463
1515
1544
1546
1517
1454
1354
1219
1048
844
611
355
82
-199
-480
-753
-1008
-1237
-1435
-1593
-1709
-1780
-1805
-1786
-1723
-1623
-1489
-1328
-1147
-953
-753
-555
-365
-189
-33
99
206
285
336
359
356
331
289
232
168
100
32
-29
-84
-130
-165
-190
-207
-216
-220
-222
-223
-227
-234
-246
-264
-287
-314
-345
-376
-405
-430
-449
-459
-458
-445
-418
-377
-321
-251
-167
-69
40
161
290
426
564
701
834
959
1073
1170
1250
1308
1343
1354
1340
1302
1242
1160
1061
947
823
693
563
435
315
207
112
33
-29
-76
-108
-128
-139
-143
-143
-141
-138
-135
-132
-125
-115
-98
-72
-36
8
62
122
184
242
291
324
334
318
272
195
86
-49
-208
-384
-568
-753
-930
-1093
-1234
-1349
-1435
-1490
-1514
-1508
-1475
-1418
-1340
-1246
-1139
-1021
-895
-762
-623
-478
-327
-171
-9
157
328
500
670
833
985
1120
1231
1314
1364
1377
1350
1284
1180
1041
871
676
463
241
16
-201
-407
-593
-753
-885
-984
-1049
-1079
-1077
-1044
-984
-901
-801
-690
-571
-452
-335
-224
-122
-29
54
128
195
257
315
372
428
485
542
598
652
701
742
773
789
789
769
728
664
578
472
347
208
60
-91
-242
-386
-518
-632
-724
-793
-836
-854
-845
-814
-762
-692
-608
-514
-413
-311
-209
-111
-19
63
136
198
247
282
305
313
308
290
259
217
164
101
30
-48
-134
-225
-320
-418
-517
-614
-707
-792
-864
-920
-955
-965
-947
-899
-818
-704
-558
-382
-180
44
286
540
798
1055
1304
1538
1750
1934
2083
2193
2261
2282
2256
2185
2071
1920
1737
1529
1306
1074
841
613
396
192
5
-164
-318
-454
-575
-681
-775
-857
-929
-993
-1048
-1098
-1142
-1182
-1218
-1251
-1282
-1309
-1334
-1354
-1370
-1380
-1382
-1374
-1354
-1321
-1273
-1208
-1126
-1028
-913
-785
-644
-495
-340
-184
-31
116
255
382
496
594
677
745
798
838
867
887
899
906
908
907
904
899
891
882
871
858
844
829
814
800
789
780
774
772
773
776
780
783
782
776
762
736
698
643
572
481
371
241
90
-78
-267
-471
-690
-921
-1160
-1404
-1650
-1892
-2127
-2350
-2555
-2736
-2889
-3006
-3083
-3113
-3092
-3016
-2882
-2689
-2439
-2133
-1776
-1374
-935
-466
22
522
1024
1519
2000
2457
2885
3276
3625
3925
4172
4362
4491
4557
4559
4497
4372
4189
3952
3667
3341
2981
2595
2190
1773
1349
924
502
86
-321
-718
-1101
-1470
-1821
-2152
-2460
-2742
-2994
-3213
-3398
-3544
-3650
-3715
-3739
-3722
-3665
-3570
-3440
-3277
-3084
-2864
-2622
-2360
-2083
-1795
-1499
-1200
-904
-614
-337
-76
161
372
553
699
810
884
922
927
902
852
783
701
613
524
442
370
313
271
247
240
248
269
300
337
376
416
452
482
506
523
535
542
549
560
577
607
652
716
801
907
1033
1177
1335
1501
1668
1831
1981
2114
2222
2303
2351
2365
2344
2287
2194
2067
1909
1721
1506
1269
1012
741
459
172
-115
-398
-671
-929
-1167
-1381
-1565
-1717
-1834
-1912
-1952
-1954
-1918
-1848
-1748
-1623
-1478
-1321
-1160
-999
-847
-708
-587
-487
-410
-356
-326
-316
-325
-350
-387
-434
-485
-538
-590
-638
-680
-714
-738
-752
-755
-746
-726
-694
-651
-597
-533
-458
-374
-282
-182
-74
39
158
280
404
528
650
766
874
971
1056
1124
1174
1206
1218
1210
1182
1137
1074
997
907
806
696
578
455
327
196
63
-70
-202
-331
-454
-568
-671
-759
-830
-880
-908
-912
-894
-853
-793
-717
-630
-538
-446
-359
-282
-219
-172
-142
-126
-124
-130
-140
-149
-151
-141
-116
-74
-14
63
156
262
375
493
609
721
822
912
985
1041
1077
1093
1087
1060
1011
942
853
746
624
491
349
204
60
-76
-204
-317
-414
-492
-552
-594
-620
-633
-637
-634
-629
-625
-622
-624
-631
-643
-659
-679
-700
-721
-741
-758
-772
-781
-787
-788
-786
-781
-773
-762
-748
-731
-711
-685
-654
-615
-570
-516
-453
-384
-308
-228
-147
-65
12
84
149
205
252
290
321
346
369
392
418
451
492
542
604
677
759
850
945
1042
1137
1225
1302
1364
1406
1425
1419
1385
1324
1236
1122
986
830
661
484
304
128
-39
-193
-329
-446
-540
-613
-666
-699
-716
-719
-711
-694
-672
-646
-617
-587
-556
-524
-492
-460
-426
-390
-352
-313
-270
-226
-179
-132
-83
-35
11
56
99
138
173
204
231
252
270
283
294
303
313
325
341
363
392
428
473
524
581
639
696
747
787
812
818
801
760
693
600
485
350
200
39
-126
-291
-451
-600
-736
-855
-955
-1036
-1097
-1139
-1162
-1167
-1156
-1131
-1091
-1039
-974
-899
-814
-720
-619
-513
-403
-294
-188
-88
2
82
149
202
241
267
281
287
287
284
284
288
301
325
361
410
470
541
617
695
768
831
879
907
909
885
832
752
648
523
384
238
92
-44
-167
-268
-342
-386
-400
-384
-341
-276
-195
-106
-15
69
141
194
226
235
221
187
136
73
5
-63
-129
-186
-234
-272
-300
-320
-335
-348
-364
-385
-414
-452
-500
-557
-621
-687
-754
-818
-873
-918
-950
-967
-969
-957
-930
-891
-841
-781
-712
-633
-545
-446
-336
-214
-78
70
231
404
585
771
959
1142
1317
1477
1619
1738
1830
1892
1922
1918
1881
1812
1711
1581
1425
1246
1049
837
615
388
159
-66
-286
-496
-693
-874
-1036
-1176
-1293
-1382
-1442
-1471
-1467
-1432
-1365
-1269
-1148
-1005
-848
-682
-515
-356
-210
-85
13
82
120
125
102
52
-16
-99
-188
-275
-354
-420
-467
-492
-496
-477
-438
-383
-314
-235
-150
-64
21
104
182
253
318
375
424
466
499
524
540
547
546
536
518
491
458
418
374
328
281
236
195
162
136
121
116
122
138
161
190
222
255
285
311
329
339
339
329
311
284
250
210
167
121
73
25
-22
-71
-120
-170
-220
-271
-323
-373
-422
-467
-506
-537
-557
-565
-560
-540
-505
-457
-395
-322
-241
-155
-68
16
94
162
216
254
273
274
257
224
177
122
62
3
-48
-90
-116
