-19
-4
12
33
56
81
108
136
164
192
219
245
267
287
303
314
321
322
318
310
296
278
256
230
202
170
138
104
69
35
1
-31
-62
-92
-119
-144
-167
-187
-204
-219
-230
-239
-244
-246
-245
-241
-234
-224
-212
-197
-180
-161
-140
-117
-94
-70
-46
-22
1
23
42
60
75
86
94
97
97
93
85
74
59
42
22
1
-20
-42
-63
-82
-99
-114
-126
-136
-145
-152
-158
-164
-171
-177
-184
-191
-198
-204
-209
-212
-214
-212
-208
-201
-191
-177
-160
-141
-118
-93
-67
-38
-9
18
46
72
96
116
132
144
151
152
149
141
129
114
97
78
59
41
24
10
0
-6
-8
-5
1
12
27
47
69
95
122
152
183
214
246
276
304
330
351
368
378
381
375
361
337
303
261
210
151
87
19
-49
-118
-184
-245
-300
-346
-383
-409
-426
-432
-428
-416
-396
-370
-339
-306
-271
-236
-202
-170
-141
-116
-94
-77
-62
-51
-42
-35
-28
-23
-17
-10
-3
5
14
25
37
49
62
75
89
103
118
133
147
162
177
191
205
219
232
244
255
265
272
277
279
278
272
263
249
232
210
185
157
126
93
59
26
-7
-38
-68
-94
-116
-134
-147
-155
-158
-155
-147
-135
-119
-100
-78
-54
-28
-2
23
49
73
95
114
130
142
149
151
147
137
121
99
72
40
5
-33
-72
-110
-145
-176
-200
-217
-224
-221
-207
-184
-151
-110
-63
-13
38
89
135
177
210
235
251
257
253
240
219
192
159
122
82
42
3
-34
-69
-101
-129
-152
-171
-186
-197
-204
-208
-208
-206
-201
-193
-183
-171
-156
-141
-125
-108
-92
-76
-62
-50
-39
-31
-25
-20
-17
-15
-12
-8
-4
3
12
25
40
57
76
95
112
128
140
147
148
142
129
110
83
50
13
-28
-71
-114
-155
-192
-224
-249
-265
-272
-270
-259
-239
-212
-178
-140
-98
-54
-9
34
76
115
150
181
206
225
239
246
248
244
235
221
204
183
160
135
109
83
57
32
8
-13
-32
-49
-64
-77
-86
-94
-100
-105
-108
-110
-112
-113
-113
-113
-112
-110
-107
-103
-96
-87
-77
-64
-48
-31
-11
9
31
54
76
98
119
137
152
164
172
175
174
168
159
145
127
107
84
60
34
9
-15
-39
-61
-80
-96
-110
-119
-126
-129
-129
-127
-123
-117
-110
-103
-95
-86
-77
-67
-57
-45
-32
-16
0
20
42
66
91
117
143
166
186
201
210
210
202
185
157
121
75
23
-35
-97
-161
-224
-283
-335
-379
-412
-434
-442
-437
-420
-391
-352
-306
-253
-198
-141
-85
-31
18
63
103
138
166
189
206
219
226
230
230
228
223
217
210
204
198
193
190
188
188
190
193
198
203
208
213
217
219
220
217
212
203
190
174
155
132
105
76
44
9
-26
-64
-102
-140
-178
-215
-251
-285
-317
-347
-374
-399
-420
-438
-452
-461
-465
-464
-457
-444
-425
-400
-369
-333
-293
-250
-203
-155
-106
-57
-9
35
77
115
148
176
199
217
229
237
242
243
243
241
239
237
237
239
243
251
262
277
297
321
350
382
419
457
498
538
576
612
642
665
681
686
681
665
636
594
541
474
397
308
211
107
-2
-113
-225
-333
-435
-530
-614
-687
-747
-793
-826
-845
-851
-845
-829
-804
-772
-735
-694
-650
-606
-563
-520
-480
-441
-405
-371
-339
-308
-277
-246
-215
-183
-150
-115
-79
-41
-1
38
79
120
161
199
236
269
299
325
348
367
383
396
407
415
422
427
430
432
431
427
421
411
398
380
359
334
306
273
239
201
163
124
85
48
14
-15
-41
-61
-75
-83
-85
-82
-72
-59
-42
-22
0
21
43
64
83
98
110
116
118
115
105
90
69
43
13
-19
-55
-92
-128
-162
-192
-216
-234
-244
-246
-239
-224
-201
-172
-138
-101
-64
-29
1
26
44
54
55
46
29
5
-25
-59
-96
-133
-166
-195
-217
-231
-234
-227
-209
-181
-143
-98
-47
6
61
114
162
204
237
260
272
273
263
241
211
173
129
81
33
-12
-55
-90
-118
-135
-141
-135
-117
-89
-50
-4
48
104
161
217
269
314
351
378
395
399
392
373
344
304
256
201
140
75
7
-60
-128
-195
-259
-319
-375
-426
-472
-513
-547
-576
-599
-617
-628
-634
-635
-630
-619
-603
-582
-556
-525
-488
-446
-400
-349
-293
-233
-170
-103
-34
36
108
180
250
318
381
439
489
532
566
590
603
605
595
575
543
501
450
390
323
252
177
102
28
-41
-106
-164
-214
-254
-284
-304
-313
-313
-304
-287
-264
-234
-200
-163
-125
-85
-47
-9
24
56
84
107
125
138
145
147
143
135
122
105
86
64
41
17
-6
-29
-51
-71
-90
-106
-120
-132
-142
-149
-154
-158
-159
-160
-159
-156
-153
-149
-144
-138
-131
-122
-110
-96
-79
-60
-37
-12
14
43
72
99
125
147
164
176
182
182
175
163
146
125
101
77
53
32
15
3
-2
-3
2
14
30
51
74
99
125
149
170
187
200
208
210
206
196
182
164
143
121
98
76
56
39
26
17
12
11
14
21
31
44
58
73
87
102
114
125
133
137
139
137
131
122
110
94
77
57
36
13
-9
-32
-54
-75
-95
-112
-127
-138
-146
-150
-151
-148
-141
-132
-120
-105
-88
-70
-50
-29
-8
11
31
48
64
77
87
94
98
99
98
95
91
86
82
78
76
75
75
77
80
83
86
88
88
86
82
74
63
49
32
14
-4
-23
-41
-57
-70
-81
-88
-92
-94
-92
-88
-84
-79
-74
-70
-69
-70
-75
-83
-95
-109
-127
-146
-167
-187
-207
-225
-240
-251
-259
-264
-265
-263
-258
-250
-241
-231
-220
-209
-197
-185
-174
-161
-149
-136
-121
-106
-89
-71
-52
-31
-10
10
31
51
69
85
98
108
116
120
123
123
121
119
117
115
114
115
118
122
129
137
146
156
166
174
181
184
183
179
169
156
139
118
96
72
48
26
6
-10
-22
-30
-34
-32
-26
-16
-3
12
28
43
58
70
79
84
85
83
77
68
57
44
30
16
2
-10
-21
-30
-38
-44
-48
-52
-54
-55
-57
-59
-62
-66
-72
-79
-88
-99
-112
-126
-141
-157
-173
-188
-201
-211
-217
-220
-216
-208
-194
-174
-150
-121
-90
-57
-24
7
37
64
86
103
116
123
125
124
119
112
103
94
85
78
72
69
68
70
74
81
89
98
107
116
124
131
136
139
138
135
129
118
105
87
67
43
16
-12
-42
-72
-102
-130
-156
-178
-198
-212
-223
-229
-229
-225
-216
-203
-184
-162
-135
-105
-72
-36
0
40
81
123
165
208
251
293
333
371
405
435
459
475
484
485
476
459
433
400
360
315
267
217
168
120
77
38
6
-19
-39
-53
-62
-67
-71
-75
-80
-89
-102
-122
-147
-178
-214
-255
-299
-344
-390
-434
-473
-508
-536
-557
-569
-572
-567
-553
-532
-505
-473
-438
-401
-362
-324
-287
-252
-218
-186
-155
-126
-97
-69
-42
-15
11
37
62
86
109
130
150
168
185
202
218
235
252
271
291
312
334
357
379
400
419
435
448
456
460
458
452
441
426
407
383
357
328
297
264
231
198
165
134
104
77
51
28
8
-8
-22
-33
-40
-44
-45
-44
-41
-36
-32
-31
-32
-38
-50
-69
-95
-128
-168
-212
-260
-310
-359
-405
-446
-481
-509
-527
-537
-537
-529
-513
-491
-464
-433
-401
-369
-338
-310
-283
-260
-239
-220
-202
-184
-163
-140
-113
-81
-44
-2
44
96
151
208
265
320
371
417
454
483
501
508
504
490
466
434
396
354
311
268
227
190
158
132
112
98
88
83
79
76
72
64
52
35
11
-17
-52
-92
-135
-179
-223
-264
-301
-332
-355
-369
-373
-367
-351
-325
-290
-247
-198
-145
-90
-34
18
66
109
143
168
183
187
182
167
145
117
85
53
23
-1
-18
-25
-20
-2
28
72
127
192
264
339
414
484
547
599
636
658
662
648
618
572
512
442
364
282
196
111
28
-51
-127
-197
-261
-319
-370
-413
-448
-475
-494
-503
-504
-497
-483
-463
-438
-409
-379
-348
-317
-289
-263
-241
-223
-209
-198
-192
-189
-188
-189
-191
-194
-196
-196
-195
-191
-184
-174
-162
-148
-131
-113
-92
-71
-48
-23
3
32
63
96
132
169
208
247
286
323
356
384
407
423
431
431
423
407
383
354
318
279
236
190
142
93
44
-5
-54
-101
-148
-193
-235
-274
-309
-340
-364
-383
-394
-397
-392
-378
-355
-325
-287
-244
-196
-145
-93
-42
5
49
88
120
145
163
173
176
173
164
151
136
119
103
90
80
76
77
85
100
119
143
168
194
217
235
247
252
248
236
216
189
159
126
92
60
31
6
-14
-31
-44
-54
-63
-72
-82
-95
-112
-132
-157
-186
-218
-253
-289
-325
-360
-391
-418
-439
-454
-461
-461
-454
-440
-419
-392
-361
-326
-287
-245
-201
-156
-109
-61
-13
33
79
123
164
202
235
263
286
303
314
320
320
316
308
297
284
270
256
243
233
225
220
218
219
223
230
238
247
256
265
272
278
282
283
282
278
272
263
252
239
225
209
192
175
157
138
119
100
81
62
43
24
6
-11
-28
-45
-61
-78
-94
-111
-128
-146
-163
-180
-196
-210
-223
-232
-238
-240
-239
-235
-229
-220
-212
-204
-197
-193
-193
-196
-203
-214
-229
-245
-263
-280
-295
-306
-313
-313
-306
-290
-268
-237
-201
-160
-116
-70
-26
16
54
88
117
141
159
174
185
194
200
206
210
214
217
219
220
218
213
206
194
180
162
142
121
98
77
57
40
26
17
13
13
17
24
33
42
51
57
60
59
52
40
22
0
-28
-60
-94
-129
-165
-200
-233
-264
-290
-312
-330
-343
-351
-355
-354
-349
-339
-325
-307
-285
-258
-226
-191
-150
-106
-59
-9
42
95
147
198
247
291
331
365
393
412
424
428
423
410
389
361
328
289
247
203
158
113
71
30
-5
-37
-63
-85
-100
-110
-114
-114
-109
-100
-89
-76
-62
-48
-35
-24
-16
-9
-7
-7
-10
-17
-26
-37
-51
-66
-82
-98
-115
-131
-148
-163
-177
-189
-200
-209
-216
-220
-221
-220
-215
-207
-195
-180
-162
-141
-119
-95
-70
-45
-21
0
21
41
58
74
88
100
112
122
133
144
156
169
183
198
214
231
248
264
279
292
302
308
309
305
297
283
265
244
220
195
170
146
124
105
89
77
68
61
56
52
47
40
32
20
6
-11
-30
-51
-73
-94
-114
-130
-142
-150
-152
-149
-140
-126
-108
-87
-63
-38
-13
9
31
50
67
81
93
104
113
121
128
135
