245
178
122
76
42
20
9
9
17
34
56
81
107
132
153
167
172
167
151
123
84
36
-19
-81
-145
-208
-269
-325
-375
-417
-451
-477
-495
-507
-513
-513
-508
-500
-488
-472
-454
-433
-410
-386
-359
-331
-301
-269
-236
-201
-164
-124
-81
-35
14
68
127
190
259
332
411
494
581
670
758
843
921
988
1041
1074
1086
1072
1031
964
871
754
619
468
309
146
-13
-165
-305
-429
-533
-618
-683
-728
-756
-768
-767
-757
-739
-715
-687
-656
-622
-586
-545
-501
-451
-395
-333
-263
-188
-107
-22
63
149
231
307
375
431
475
506
523
526
518
498
471
436
398
357
317
278
243
213
188
168
154
145
139
137
136
135
132
128
121
109
93
73
47
17
-16
-54
-94
-136
-179
-223
-265
-306
-344
-379
-410
-436
-458
-474
-486
-492
-495
-493
-488
-479
-466
-450
-431
-408
-382
-352
-320
-284
-246
-207
-167
-127
-87
-49
-14
18
47
73
95
113
127
138
145
150
153
154
154
154
154
155
157
160
165
170
177
184
192
199
206
211
213
212
208
198
183
162
135
103
66
24
-19
-66
-113
-158
-202
-244
-283
-319
-352
-385
-417
-450
-484
-520
-558
-597
-636
-674
-708
-736
-756
-765
-761
-744
-711
-664
-602
-528
-442
-347
-246
-142
-37
66
166
263
354
441
522
599
673
744
813
881
946
1009
1068
1123
1170
1208
1235
1249
1249
1232
1197
1146
1077
991
889
773
643
502
351
193
29
-137
-304
-469
-629
-779
-917
-1038
-1139
-1217
-1269
-1293
-1289
-1256
-1197
-1113
-1010
-892
-764
-631
-500
-375
-260
-158
-72
-2
52
92
121
141
155
167
180
197
221
255
300
356
424
503
590
684
781
877
969
1052
1124
1180
1219
1238
1237
1216
1173
1111
1030
932
819
691
551
402
245
83
-79
-242
-399
-549
-688
-813
-922
-1013
-1085
-1137
-1170
-1183
-1180
-1160
-1126
-1080
-1023
-958
-886
-809
-729
-647
-564
-481
-399
-318
-239
-161
-84
-8
65
139
212
284
355
424
491
555
614
668
715
754
784
803
812
808
793
766
730
685
633
578
521
465
412
364
322
285
255
229
206
184
161
135
104
67
22
-29
-88
-153
-221
-291
-361
-426
-486
-538
-581
-612
-633
-642
-641
-631
-614
-592
-566
-539
-512
-488
-467
-450
-437
-429
-424
-421
-420
-418
-415
-408
-397
-380
-355
-323
-282
-234
-178
-115
-46
27
103
181
257
329
397
457
507
547
574
588
587
572
542
498
442
375
298
215
128
40
-46
-128
-205
-272
-329
-375
-407
-427
-434
-428
-411
-383
-346
-301
-251
-197
-142
-88
-36
11
53
88
115
132
141
140
130
113
90
62
31
0
-29
-54
-74
-85
-87
-79
-60
-31
6
51
102
154
206
254
293
322
337
337
321
287
239
176
101
19
-68
-156
-241
-321
-390
-447
-488
-513
-520
-508
-476
-426
-358
-274
-176
-66
51
175
299
422
538
646
742
825
892
944
980
1001
1009
1004
990
966
935
898
855
806
750
688
617
538
449
350
241
124
1
-127
-258
-388
-513
-631
-740
-835
-917
-982
-1032
-1065
-1084
-1088
-1081
-1065
-1042
-1015
-986
-957
-930
-907
-888
-873
-864
-858
-856
-856
-856
-855
-851
-842
-826
-799
-761
-709
-642
-560
-464
-355
-236
-110
19
147
271
386
490
581
657
719
767
803
830
850
869
888
914
948
994
1055
1131
1224
1331
1451
1579
1711
1840
1960
2064
2145
2196
2214
2193
2131
2027
1883
1700
1483
1236
965
677
378
75
-225
-517
-795
-1055
-1291
-1501
-1682
-1834
-1956
-2048
-2113
-2151
-2165
-2157
-2131
-2089
-2034
-1968
-1892
-1810
-1721
-1628
-1531
-1431
-1328
-1223
-1114
-1003
-889
-771
-652
-530
-406
-282
-158
-36
83
199
310
414
513
603
687
762
830
889
941
984
1019
1046
1063
1072
1072
1063
1046
1020
987
947
902
852
801
747
693
640
589
538
490
442
396
349
302
253
203
152
99
45
-8
-61
-111
-159
-202
-241
-276
-306
-331
-352
-370
-385
-397
-405
-410
-411
-408
-400
-386
-367
-341
-309
-272
-229
-184
-136
-87
-40
2
41
74
99
116
125
127
122
111
97
80
62
43
24
6
-11
-31
-52
-76
-105
-138
-175
-218
-263
-311
-358
-402
-441
-471
-490
-497
-488
-465
-426
-372
-304
-225
-135
-39
60
161
258
348
428
494
544
574
585
576
547
502
442
374
300
228
161
106
67
47
50
75
122
191
277
377
485
596
704
803
887
953
995
1011
999
958
887
790
667
523
362
189
8
-174
-354
-526
-687
-833
-963
-1074
-1165
-1238
-1291
-1325
-1341
-1340
-1323
-1292
-1248
-1193
-1129
-1056
-978
-895
-808
-720
-629
-538
-446
-353
-259
-166
-71
22
116
210
302
392
478
561
639
712
779
839
892
937
974
1003
1023
1034
1036
1029
1013
989
958
920
877
829
778
722
663
602
536
468
395
320
240
158
73
-13
-101
-189
-277
-363
-446
-525
-600
-669
-733
-792
-844
-890
-930
-964
-993
-1016
-1034
-1047
-1055
-1057
-1053
-1044
-1028
-1007
-979
-946
-907
-862
-813
-761
-705
-647
-587
-526
-463
-399
-334
-266
-197
-126
-53
20
94
169
243
314
384
451
516
577
636
694
750
806
862
920
978
1037
1096
1153
1207
1255
1296
1326
1344
1348
1337
1311
1268
1210
1137
1051
953
845
728
607
482
356
233
114
1
-103
-199
-285
-363
-431
-493
-548
-599
-647
-692
-736
-777
-816
-851
-882
-905
-921
-927
-923
-909
-885
-852
-811
-765
-716
-668
-622
-583
-551
-528
-516
-513
-520
-534
-552
-571
-587
-597
-596
-583
-555
-512
-452
-377
-290
-192
-88
18
125
228
326
416
498
571
637
696
749
799
846
892
938
983
1028
1072
1112
1148
1177
1196
1204
1198
1177
1138
1082
1008
916
808
685
550
405
254
99
-55
-207
-353
-491
-619
-734
-837
-927
-1003
-1067
-1117
-1157
-1186
-1205
-1217
-1220
-1216
-1205
-1186
-1159
-1122
-1075
-1016
-943
-857
-755
-638
-507
-362
-205
-38
134
311
488
662
829
987
1132
1261
1373
1466
1539
1591
1622
1632
1624
1598
1556
1502
1437
1363
1284
1200
1112
1022
929
831
727
616
496
366
225
74
-85
-252
-422
-593
-760
-919
-1067
-1202
-1319
-1417
-1495
-1551
-1585
-1597
-1588
-1559
-1513
-1451
-1376
-1290
-1196
-1096
-992
-886
-780
-676
-573
-475
-381
-292
-209
-132
-61
2
61
113
159
200
234
263
286
303
315
321
322
318
311
302
291
280
269
260
254
249
248
249
251
255
259
262
265
267
269
271
274
278
286
297
313
333
358
387
419
452
485
517
545
569
586
597
599
592
575
549
513
467
414
354
289
221
154
88
27
-28
-76
-118
-152
-180
-204
-224
-243
-262
-283
-307
-335
-366
-400
-438
-478
-520
-561
-602
-640
-676
-708
-736
-759
-779
-794
-806
-815
-821
-825
-827
-827
-826
-823
-819
-812
-801
-787
-768
-742
-709
-668
-619
-562
-497
-424
-344
-258
-167
-71
27
131
239
351
468
590
718
852
991
1136
1283
1432
1580
1722
1855
1973
2070
2142
2181
2184
2145
2061
1930
1753
1532
1270
975
653
314
-31
-374
-703
-1009
-1283
-1517
-1707
-1848
-1939
-1982
-1979
-1935
-1854
-1744
-1610
-1459
-1298
-1132
-964
-798
-636
-479
-328
-183
-42
92
224
351
476
595
710
818
918
1006
1081
1139
1180
1200
1199
1176
1132
1068
986
888
778
659
534
407
281
161
47
-55
-147
-227
-294
-348
-390
-421
-443
-456
-463
-466
-465
-463
-460
-457
-455
-453
-451
-449
-448
-445
-441
-436
-429
-421
-412
-402
-390
-378
-365
-350
-334
-317
-297
-276
-253
-228
-202
-176
-150
-126
-103
-83
-66
-51
-38
-25
-12
4
26
54
92
140
200
272
356
452
556
668
784
901
1016
1123
1218
1296
1353
1383
1382
1347
1275
1164
1015
830
612
367
100
-179
-464
-743
-1009
-1251
-1463
-1637
-1770
-1857
-1897
-1891
-1841
-1750
-1623
-1464
-1279
-1073
-853
-622
-387
-150
82
309
526
731
921
1095
1248
1380
1487
1568
1619
1639
1627
1580
1500
1388
1247
1079
891
686
471
251
33
-178
-380
-568
-738
-889
-1020
-1128
-1213
-1276
-1318
-1338
-1338
-1319
-1283
-1232
-1168
-1091
-1004
-907
-800
-685
-560
-426
-282
-129
31
198
369
539
704
858
995
1108
1192
1242
1255
1227
1160
1056
917
751
562
360
152
-53
-248
-427
-582
-710
-807
-872
-904
-904
-875
-820
-744
-651
-547
-435
-320
-207
-99
0
92
173
244
306
360
407
449
488
526
563
600
637
672
704
731
750
759
755
737
702
651
584
504
413
315
215
118
28
-48
-110
-154
-179
-185
-174
-148
-112
-69
-25
16
52
78
93
95
84
61
27
-15
-66
-120
-176
-231
-284
-331
-372
-405
-431
-448
-458
-460
-455
-445
-430
-410
-387
-360
-332
-301
-270
-239
-208
-180
-154
-131
-113
-99
-89
-84
-83
-86
-92
-103
-117
-137
-162
-193
-231
-275
-327
-384
-445
-509
-572
-633
-688
-734
-770
-792
-799
-788
-759
-709
-638
-544
-427
-288
-126
55
255
470
694
923
1149
1367
1570
1751
1904
2024
2106
2146
2144
2099
2012
1886
1725
1536
1326
1101
870
640
418
210
19
-150
-300
-431
-545
-645
-735
-818
-896
-971
-1044
-1115
-1182
-1244
-1299
-1345
-1379
-1401
-1407
-1399
-1375
-1336
-1284
-1220
-1147
-1068
-985
-903
-824
-751
-684
-626
-577
-535
-498
-466
-434
-401
-363
-318
-265
-204
-133
-56
27
113
200
284
362
433
494
545
583
609
624
627
620
603
578
545
505
460
411
360
307
255
205
159
118
82
54
34
22
18
23
36
57
87
127
175
233
300
377
462
556
657
763
873
984
1094
1198
1295
1378
1446
1492
1513
1505
1467
1395
1291
1155
990
803
598
384
168
-39
-233
-404
-548
-661
-741
-788
-806
-799
-772
-734
-691
-649
-614
-591
-581
-586
-606
-637
-676
-719
-763
-802
-833
-853
-859
-851
-828
-791
-743
-686
-623
-559
-497
-441
-393
-355
-328
-314
-310
-315
-326
-341
-357
-370
-377
-375
-363
-339
-301
-251
-188
-115
-32
55
147
237
323
401
467
518
553
569
567
546
508
455
387
307
218
121
19
-85
-190
-294
-392
-483
-562
-625
-669
-690
-685
-653
-593
-506
-395
-264
-118
36
194
350
497
632
751
853
936
1002
1051
1087
1110
1124
1131
1132
1128
1120
1106
1084
1053
1010
951
875
779
664
528
376
210
35
-141
-314
-475
-618
-736
-827
-885
-911
-906
-871
-812
-734
-642
-544
-445
-351
-264
-188
-124
-72
-30
2
28
51
72
94
118
146
177
212
248
283
316
342
358
362
349
319
270
201
114
12
-101
-222
-346
-467
-579
-677
-759
-822
-863
-882
-879
-858
-819
-765
-701
-630
-554
-478
-403
-332
-267
-207
-151
-100
-50
1
57
120
193
278
377
491
618
758
908
1066
1227
1387
1540
1680
1803
1900
1967
1999
1990
1937
1839
1696
1509
1282
1019
726
412
83
-251
-583
-906
-1211
-1492
-1745
-1965
-2149
-2297
-2408
-2482
-2522
-2530
-2509
-2462
-2393
