330
248
175
113
64
27
4
-7
-7
1
17
39
63
90
115
138
158
172
179
179
169
150
119
78
26
-35
-107
-185
-267
-350
-430
-502
-563
-608
-634
-638
-618
-575
-510
-426
-327
-218
-106
2
100
183
243
278
286
265
218
147
58
-43
-152
-261
-365
-458
-536
-597
-639
-663
-671
-665
-649
-626
-600
-576
-554
-538
-529
-526
-529
-535
-544
-551
-555
-553
-544
-528
-502
-468
-427
-379
-327
-272
-216
-160
-107
-57
-12
26
58
84
102
111
113
105
89
63
28
-15
-68
-129
-196
-268
-341
-413
-479
-534
-574
-593
-588
-554
-489
-393
-265
-109
72
272
484
701
913
1111
1289
1437
1550
1622
1651
1634
1572
1467
1323
1144
936
706
461
209
-43
-288
-519
-729
-912
-1064
-1179
-1255
-1290
-1285
-1240
-1160
-1048
-912
-757
-590
-419
-250
-88
61
196
314
414
497
564
617
657
686
706
718
721
715
698
669
625
564
484
384
263
125
-28
-193
-363
-531
-689
-830
-946
-1031
-1080
-1090
-1058
-987
-880
-742
-580
-403
-222
-45
115
251
354
417
438
415
350
248
117
-32
-191
-346
-485
-596
-668
-694
-666
-582
-442
-248
-4
279
597
936
1287
1640
1984
2311
2615
2890
3133
3343
3516
3655
3756
3820
3845
3828
3765
3651
3483
3257
2972
2629
2232
1789
1311
812
306
-189
-661
-1093
-1474
-1797
-2056
-2251
-2384
-2461
-2490
-2481
-2446
-2395
-2340
-2288
-2249
-2227
-2226
-2247
-2288
-2347
-2419
-2500
-2583
-2662
-2731
-2787
-2824
-2840
-2833
-2802
-2747
-2668
-2567
-2445
-2305
-2148
-1977
-1794
-1600
-1399
-1192
-981
-768
-556
-345
-137
64
261
452
636
814
986
1153
1315
1474
1629
1781
1930
2075
2214
2346
2467
2574
2662
2726
2763
2766
2733
2659
2543
2384
2182
1941
1664
1356
1026
681
332
-11
-339
-640
-903
-1118
-1275
-1366
-1385
-1327
-1190
-975
-687
-335
70
515
979
1444
1887
2287
2623
2876
3033
3081
3017
2840
2555
2174
1712
1187
621
36
-545
-1101
-1614
-2067
-2449
-2752
-2973
-3114
-3180
-3180
-3123
-3022
-2890
-2737
-2574
-2410
-2250
-2099
-1958
-1826
-1702
-1583
-1464
-1342
-1215
-1079
-936
-784
-628
-470
-314
-166
-30
89
189
268
327
366
390
403
410
417
429
452
489
542
611
696
792
896
1001
1102
1190
1261
1307
1326
1314
1270
1194
1089
960
810
647
477
307
142
-11
-149
-269
-369
-448
-507
-546
-568
-575
-567
-548
-516
-475
-423
-362
-290
-208
-116
-15
93
209
329
450
570
684
789
881
957
1014
1049
1060
1047
1008
944
855
744
611
459
291
108
-85
-287
-495
-703
-909
-1107
-1293
-1463
-1612
-1735
-1829
-1891
-1919
-1911
-1867
-1788
-1675
-1530
-1355
-1154
-927
-679
-412
-127
171
482
803
1132
1465
1801
2135
2464
2785
3093
3381
3644
3875
4065
4206
4288
4301
4236
4085
3841
3500
3064
2534
1918
1229
480
-307
-1116
-1923
-2704
-3439
-4106
-4689
-5170
-5538
-5785
-5906
-5900
-5768
-5517
-5153
-4689
-4136
-3511
-2830
-2111
-1373
-635
84
770
1407
1982
2486
2912
3257
3520
3704
3811
3850
3826
3750
3629
3473
3288
3083
2861
2625
2375
2112
1832
1533
1212
867
499
109
-298
-718
-1141
-1558
-1958
-2329
-2659
-2938
-3157
-3309
-3391
-3400
-3338
-3209
-3019
-2776
-2489
-2169
-1825
-1466
-1103
-742
-389
-51
267
565
839
1087
1308
1499
1660
1790
1888
1953
1986
1988
1959
1903
1822
1720
1601
1470
1330
1186
1041
898
759
624
496
373
254
139
27
-83
-192
-300
-405
-507
-603
-692
-770
-835
-886
-921
-942
-948
-943
-930
-913
-895
-882
-877
-882
-899
-928
-969
-1017
-1069
-1121
-1167
-1201
-1220
-1218
-1193
-1143
-1067
-966
-842
-698
-540
-371
-197
-24
142
298
441
566
673
762
833
889
932
964
989
1009
1026
1041
1056
1070
1083
1094
1101
1104
1101
1089
1067
1034
988
929
855
765
660
539
402
252
90
-82
-261
-444
-628
-810
-988
-1158
-1321
-1474
-1616
-1746
-1864
-1966
-2051
-2117
-2160
-2177
-2164
-2119
-2040
-1925
-1774
-1589
-1372
-1128
-862
-578
-284
15
314
608
894
1169
1433
1683
1920
2142
2350
2540
2711
2858
2979
3067
3119
3130
3095
3012
2879
2695
2461
2182
1861
1506
1125
727
322
-78
-464
-826
-1157
-1448
-1695
-1894
-2043
-2144
-2198
-2209
-2180
-2118
-2029
-1919
-1796
-1665
-1534
-1408
-1291
-1188
-1100
-1029
-975
-937
-913
-897
-887
-877
-862
-837
-797
-738
-658
-556
-433
-290
-130
42
222
406
587
761
921
1065
1187
1284
1356
1399
1414
1400
1361
1298
1214
1112
996
872
743
614
490
378
281
206
158
142
163
222
322
461
638
847
1080
1330
1584
1832
2062
2263
2424
2536
2593
2589
2523
2394
2205
1963
1676
1354
1009
655
304
-28
-334
-602
-826
-1002
-1130
-1212
-1254
-1263
-1250
-1224
-1194
-1171
-1162
-1173
-1207
-1266
-1348
-1450
-1565
-1687
-1808
-1921
-2016
-2088
-2132
-2143
-2121
-2066
-1981
-1870
-1740
-1597
-1448
-1301
-1161
-1035
-926
-838
-770
-722
-692
-677
-673
-675
-678
-676
-667
-645
-609
-557
-488
-404
-306
-198
-83
35
153
266
373
470
555
628
689
739
778
810
837
861
886
916
953
1001
1061
1135
1225
1329
1447
1576
1713
1855
1996
2130
2251
2352
2426
2465
2465
2419
2325
2179
1983
1739
1452
1128
776
405
25
-352
-717
-1061
-1375
-1652
-1887
-2074
-2214
-2306
-2350
-2351
-2312
-2239
-2137
-2015
-1877
-1730
-1581
-1435
-1296
-1168
-1052
-949
-860
-782
-714
-653
-596
-539
-477
-409
-331
-240
-136
-18
112
252
401
552
702
846
977
1092
1184
1251
1289
1296
1271
1216
1131
1019
886
735
571
402
232
67
-86
-226
-347
-447
-522
-573
-598
-599
-575
-529
-464
-383
-289
-187
-80
26
128
222
303
370
418
446
453
439
403
348
274
184
81
-32
-154
-278
-403
-522
-634
-732
-815
-879
-922
-942
-938
-913
-866
-800
-718
-624
-521
-415
-307
-203
-105
-17
58
120
165
192
198
183
145
84
0
-106
-234
-380
-539
-708
-880
-1048
-1205
-1343
-1454
-1530
-1563
-1546
-1474
-1342
-1146
-888
-567
-190
236
705
1205
1724
2247
2763
3257
3717
4131
4489
4782
5004
5150
5217
5204
5110
4938
4691
4374
3991
3550
3059
2528
1968
1391
810
237
-314
-835
-1316
-1749
-2129
-2453
-2720
-2930
-3086
-3191
-3250
-3267
-3249
-3201
-3130
-3041
-2938
-2827
-2710
-2591
-2471
-2352
-2233
-2115
-1998
-1881
-1765
-1649
-1534
-1421
-1310
-1203
-1099
-1000
-906
-816
-729
-644
-560
-476
-391
-305
-218
-132
-48
30
102
162
210
241
256
255
240
213
180
147
120
108
116
153
224
335
486
678
909
1173
1461
1765
2072
2368
2640
2877
3066
3199
3270
3275
3216
3096
2920
2699
2440
2154
1852
1542
1232
928
635
356
93
-154
-384
-597
-794
-974
-1137
-1283
-1410
-1519
-1608
-1677
-1725
-1751
-1755
-1738
-1699
-1640
-1562
-1469
-1364
-1249
-1130
-1011
-895
-788
-691
-608
-540
-488
-452
-430
-421
-422
-432
-448
-468
-490
-513
-537
-560
-584
-608
-634
-661
-690
-723
-758
-796
-837
-880
-923
-967
-1009
-1049
-1085
-1115
-1137
-1150
-1151
-1138
-1108
-1060
-991
-899
-783
-641
-472
-276
-55
191
462
752
1058
1375
1697
2017
2326
2617
2881
3111
3300
3442
3533
3571
3555
3485
3364
3196
2984
2735
2453
2145
1817
1474
1124
771
424
86
-233
-530
-799
-1035
-1235
-1396
-1519
-1604
-1656
-1677
-1675
-1656
-1625
-1589
-1554
-1523
-1500
-1485
-1480
-1482
-1490
-1500
-1509
-1514
-1511
-1498
-1472
-1433
-1381
-1315
-1239
-1155
-1065
-973
-882
-797
-719
-649
-590
-542
-503
-473
-449
-430
-413
-398
-381
-364
-344
-322
-297
-270
-240
-206
-166
-119
-60
14
110
232
386
575
804
1071
1378
1719
2087
2475
2870
3259
3630
3968
4261
4497
4668
4767
4791
4740
4619
4433
4190
3901
3576
3225
2859
2486
2113
1744
1382
1027
680
337
-2
-343
-686
-1034
-1387
-1746
-2110
-2477
-2843
-3203
-3554
-3887
-4197
-4477
-4720
-4920
-5070
-5166
-5204
-5184
-5104
-4967
-4774
-4531
-4244
-3919
-3564
-3188
-2798
-2404
-2013
-1632
-1270
-930
-617
-335
-84
136
328
494
639
768
887
1002
1117
1237
1365
1504
1652
1809
1971
2136
2296
2446
2579
2688
2767
2810
2812
2770
2683
2551
2377
2165
1921
1654
1373
1086
803
535
288
70
-113
-260
-368
-439
-473
-476
-453
-411
-355
-295
-236
-185
-148
-130
-132
-156
-201
-264
-341
-427
-514
-596
-666
-718
-746
-747
-717
-656
-566
-448
-306
-147
23
200
374
538
686
812
910
976
1007
1001
957
878
767
628
466
288
100
-91
-279
-459
-627
-778
-911
-1023
-1116
-1189
-1242
-1278
-1297
-1301
-1292
-1270
-1237
-1194
-1142
-1081
-1013
-938
-858
-774
-687
-597
-508
-419
-333
-251
-172
-99
-30
34
95
154
212
269
329
390
453
519
586
651
714
770
817
851
869
868
845
800
732
642
532
404
263
114
-39
-190
-334
-466
-581
-676
-747
-793
-814
-810
-782
-733
-666
-586
-496
-399
-301
-204
-111
-25
53
125
191
253
314
378
450
533
632
749
885
1041
1216
1406
1605
1807
2005
2187
2346
2471
2553
2585
2560
2474
2326
2117
1850
1533
1175
786
380
-31
-434
-817
-1167
-1475
-1734
-1939
-2086
-2176
-2211
-2195
-2134
-2033
-1900
-1743
-1570
-1385
-1197
-1008
-823
-644
-474
-313
-161
-20
111
232
342
442
530
606
669
720
758
784
798
802
797
784
765
743
718
692
666
641
617
594
570
544
516
482
441
393
335
268
190
104
9
-91
-197
-305
-414
-519
-621
-715
-802
-879
-946
-1002
-1048
-1083
-1108
-1124
-1131
-1130
-1121
-1105
-1082
-1053
-1016
-972
-921
-861
-794
-718
-633
-540
-439
-331
-217
-100
19
138
255
367
471
565
647
715
768
805
825
830
820
797
764
722
674
624
574
527
485
448
418
395
377
363
351
338
321
297
263
216
154
75
-18
-129
-253
-387
-528
-669
-805
-932
-1042
-1131
-1196
-1232
-1237
-1212
-1154
-1066
-947
-801
-630
-436
-222
5
245
490
733
969
1187
1381
1540
1656
1723
1733
1683
1572
1402
1177
905
599
272
-60
-380
-671
-918
-1106
-1225
-1269
-1235
-1128
-955
-729
-466
-183
99
364
591
766
876
914
874
758
569
316
11
-332
-697
-1068
-1428
-1759
-2048
-2281
-2448
-2543
-2560
-2499
-2361
-2151
-1876
-1544
-1166
-752
-316
130
576
1009
1418
1793
2125
2408
2634
2800
2903
2944
2922
2841
2706
2524
2301
2047
1770
1479
1181
884
594
317
55
-186
-408
-608
-787
-944
-1082
-1200
-1301
-1384
-1449
-1498
-1529
-1543
-1538
-1514
-1470
-1407
-1324
-1224
-1106
-974
-830
-676
-517
-355
-195
-39
107
243
365
472
562
634
688
725
745
751
743
725
697
663
624
582
538
495
452
412
373
338
305
275
248
225
207
193
184
181
184
193
208
228
253
281
311
342
374
405
433
459
482
502
518
530
538
542
540
534
521
502
474
437
391
335
271
198
120
38
-43
-123
-197
-265
-323
-372
-411
-442
-467
-487
-505
-523
-545
-571
-603
-640
-683
-730
-779
-828
-875
-918
-956
-987
-1013
-1033
-1051
-1068
-1088
-1112
-1143
-1180
-1222
-1268
-1311
-1346
-1365
-1360
-1324
-1249
-1131
-968
-759
-510
-229
74
385
688
968
1208
1394
1513
1558
1525
1415
1234
991
701
382
53
-266
-557
-802
-988
-1103
-1140
-1099
-981
-790
-537
-232
111
479
858
1233
1591
1918
2205
2441
2619
2734
