-256
-266
-267
-261
-245
-221
-189
-151
-107
-59
-11
36
82
124
160
190
213
229
238
241
240
234
225
213
200
185
168
150
131
110
87
64
40
16
-4
-23
-38
-47
-50
-45
-33
-13
14
48
86
127
168
208
244
273
293
305
305
295
274
244
206
162
115
66
18
-25
-63
-94
-117
-130
-133
-128
-114
-94
-68
-40
-10
18
43
63
76
80
74
58
31
-5
-51
-106
-168
-235
-304
-373
-440
-503
-559
-606
-644
-670
-686
-689
-681
-664
-637
-603
-563
-519
-472
-423
-371
-317
-260
-200
-134
-61
17
105
200
302
410
520
629
733
828
909
971
1012
1029
1019
983
922
838
735
616
486
350
213
79
-46
-162
-265
-353
-427
-485
-529
-559
-577
-585
-583
-575
-560
-540
-515
-487
-455
-419
-379
-334
-285
-232
-175
-115
-53
8
70
130
185
235
279
315
344
363
375
378
373
361
342
317
287
252
215
174
133
90
49
9
-27
-60
-87
-108
-122
-127
-124
-112
-94
-69
-41
-10
19
47
69
84
90
87
73
50
19
-19
-62
-108
-154
-197
-235
-265
-287
-300
-302
-294
-277
-252
-220
-185
-148
-111
-76
-44
-17
4
21
33
40
43
44
44
43
43
45
48
54
62
72
84
95
106
115
122
126
125
120
111
98
82
63
44
24
6
-8
-18
-23
-22
-14
0
21
48
80
115
152
189
224
256
284
305
320
328
328
322
309
292
270
246
221
196
172
150
131
115
102
91
84
79
76
74
72
71
70
69
68
66
64
60
56
51
44
37
27
17
5
-7
-21
-36
-52
-68
-86
-105
-126
-148
-171
-197
-224
-253
-282
-311
-340
-367
-391
-413
-430
-443
-450
-452
-448
-439
-424
-406
-383
-358
-331
-303
-275
-249
-224
-201
-181
-163
-148
-134
-121
-109
-96
-83
-67
-48
-27
-2
25
58
93
130
169
209
248
286
320
350
375
394
406
413
412
406
395
378
358
335
310
284
257
231
205
180
157
135
115
96
78
61
44
27
10
-6
-23
-40
-57
-74
-89
-103
-115
-125
-133
-138
-141
-141
-138
-133
-126
-118
-109
-100
-92
-86
-84
-86
-94
-107
-126
-151
-181
-215
-252
-290
-327
-361
-391
-415
-431
-438
-435
-423
-400
-368
-327
-279
-225
-167
-107
-47
10
65
114
157
192
221
241
255
262
263
260
254
245
235
225
217
209
204
201
200
200
202
204
206
207
207
204
200
194
187
177
167
156
144
133
122
112
103
94
86
78
70
61
51
41
31
19
8
-2
-12
-21
-28
-33
-35
-33
-29
-23
-14
-3
7
18
29
38
46
51
53
52
49
43
36
26
16
6
-4
-14
-24
-34
-43
-52
-62
-71
-81
-92
-103
-113
-122
-130
-136
-139
-139
-135
-127
-115
-99
-80
-59
-35
-11
13
37
61
83
102
120
134
146
155
161
164
164
162
157
150
140
128
114
98
80
59
37
13
-11
-37
-62
-87
-110
-132
-151
-168
-182
-194
-203
-210
-214
-215
-213
-208
-197
-182
-161
-133
-98
-57
-11
40
96
153
211
267
318
362
397
421
433
432
416
387
346
294
234
168
100
33
-30
-87
-135
-173
-201
-218
-226
-225
-218
-207
-194
-181
-169
-161
-158
-159
-165
-175
-188
-204
-222
-239
-255
-268
-279
-286
-288
-287
-282
-274
-263
-249
-234
-218
-201
-183
-164
-145
-125
-105
-83
-60
-35
-9
17
46
74
103
131
158
183
206
225
241
254
262
267
267
263
255
242
227
207
186
162
137
111
85
61
37
16
-2
-18
-31
-41
-48
-52
-52
-49
-42
-32
-18
0
19
42
67
93
120
145
168
187
202
210
212
207
193
172
143
108
67
22
-24
-73
-120
-166
-207
-243
-274
-299
-317
-330
-336
-337
-334
-325
-314
-298
-279
-257
-233
-206
-176
-145
-111
-76
-40
-4
32
67
102
133
162
186
204
217
224
224
218
205
187
164
137
108
77
46
16
-12
-39
-63
-84
-101
-116
-127
-135
-141
-145
-146
-146
-145
-141
-135
-126
-114
-98
-78
-53
-24
9
46
86
128
171
212
251
286
316
339
354
360
357
344
321
289
248
201
149
94
39
-12
-60
-102
-134
-156
-167
-167
-157
-137
-109
-76
-40
-5
27
54
74
87
90
86
75
58
38
18
0
-15
-23
-25
-19
-4
17
46
79
116
154
191
224
253
275
289
296
295
287
273
254
232
208
183
159
136
114
94
75
56
38
18
-3
-26
-51
-79
-108
-139
-170
-201
-230
-257
-281
-300
-315
-325
-330
-331
-329
-325
-319
-315
-313
-315
-323
-337
-360
-391
-429
-475
-528
-585
-645
-705
-764
-817
-864
-900
-924
-933
-926
-900
-856
-792
-709
-608
-491
-359
-216
-63
94
255
414
569
716
853
976
1084
1175
1246
1299
1331
1344
1337
1313
1272
1215
1147
1067
979
885
787
687
587
489
393
300
210
125
44
-32
-105
-175
-240
-303
-361
-415
-465
-508
-545
-575
-595
-606
-607
-597
-576
-544
-503
-453
-397
-335
-271
-207
-144
-85
-32
14
54
85
108
124
134
138
139
138
136
135
136
138
141
145
149
150
147
138
121
95
58
11
-45
-110
-182
-258
-335
-410
-480
-542
-594
-632
-656
-665
-658
-636
-600
-551
-491
-424
-351
-275
-199
-125
-56
6
62
110
151
185
213
237
256
273
288
303
317
331
345
359
372
385
396
405
412
416
418
416
411
403
392
380
366
352
338
326
315
305
298
292
288
284
280
274
266
256
242
225
204
181
155
129
103
79
57
39
25
17
13
15
21
30
42
54
65
73
76
74
63
45
18
-16
-59
-109
-164
-223
-282
-341
-395
-442
-480
-507
-520
-517
-500
-466
-419
-359
-289
-213
-133
-55
18
84
138
178
203
212
203
179
139
87
25
-43
-116
-190
-262
-328
-388
-438
-477
-504
-519
-520
-507
-481
-443
-393
-334
-267
-194
-120
-45
26
92
150
199
238
265
282
288
286
275
260
240
218
196
175
157
141
128
118
111
105
101
96
91
83
73
59
42
22
-1
-27
-55
-82
-109
-133
-153
-167
-172
-168
-155
-131
-97
-54
-5
49
104
159
209
252
285
306
315
310
292
263
224
179
129
78
29
-15
-54
-84
-105
-117
-119
-113
-99
-80
-57
-33
-8
14
35
52
65
74
80
83
83
81
78
73
68
63
57
51
45
39
32
25
17
9
0
-12
-25
-39
-54
-71
-88
-106
-125
-144
-164
-183
-202
-221
-238
-254
-268
-280
-287
-291
-290
-284
-273
-256
-235
-210
-181
-150
-117
-85
-53
-23
3
26
44
56
64
65
61
52
39
22
1
-20
-44
-68
-92
-115
-137
-157
-174
-187
-197
-202
-203
-197
-186
-168
-143
-111
-73
-29
19
72
128
187
245
303
357
408
453
492
523
545
558
562
556
541
518
487
451
409
364
318
271
226
183
142
106
74
46
23
4
-11
-24
-35
-46
-56
-66
-78
-92
-107
-124
-142
-160
-179
-196
-212
-226
-237
-245
-250
-251
-250
-246
-240
-234
-227
-221
-216
-213
-212
-212
-215
-218
-221
-223
-224
-223
-219
-212
-201
-187
-170
-151
-129
-106
-82
-57
-33
-9
14
37
60
82
104
127
150
172
195
217
238
258
274
288
298
305
307
305
299
290
279
265
251
237
223
210
198
186
174
162
148
133
115
95
72
47
21
-7
-35
-63
-89
-113
-133
-149
-160
-167
-169
-166
-160
-151
-140
-129
-119
-111
-104
-101
-101
-105
-112
-121
-133
-146
-159
-171
-181
-189
-193
-192
-186
-174
-156
-132
-103
-69
-31
8
49
89
128
162
192
216
233
242
244
239
227
209
186
159
130
100
69
39
11
-14
-39
-61
-82
-101
-118
-134
-148
-161
-171
-179
-184
-186
-182
-173
-159
-138
-111
-77
-38
6
55
107
160
213
262
307
345
374
392
399
394
377
348
309
261
205
145
83
20
-39
-95
-144
-186
-219
-242
-256
-260
-254
-241
-220
-193
-161
-125
-88
-51
-15
17
47
71
90
102
108
107
101
89
74
56
37
18
0
-14
-26
-34
-40
-44
-46
-47
-48
-51
-57
-64
-75
-88
-104
-122
-141
-160
-179
-196
-212
-225
-236
-244
-248
-250
-249
-244
-237
-227
-213
-196
-176
-152
-124
-94
-60
-24
13
51
90
127
162
195
225
251
274
294
310
322
332
338
342
342
339
332
321
306
285
258
225
186
142
93
40
-13
-67
-118
-164
-203
-233
-253
-262
-261
-251
-232
-208
-179
-150
-122
-97
-77
-62
-53
-49
-49
-52
-56
-59
-60
-57
-49
-37
-19
2
27
54
80
104
123
137
143
141
131
112
85
51
12
-30
-74
-119
-161
-198
-230
-255
-272
-280
-279
-269
-251
-226
-193
-155
-112
-66
-17
31
81
130
176
220
260
295
325
349
368
380
386
384
376
360
337
306
268
223
171
114
52
-13
-80
-147
-212
-273
-329
-377
-416
-445
-462
-466
-458
-436
-401
-355
-299
-233
-162
-86
-9
66
138
205
263
312
350
376
390
391
381
360
328
286
236
180
118
52
-14
-81
-147
-208
-265
-315
-357
-391
-417
-434
-442
-443
-436
-424
-408
-387
-364
-338
-311
-282
-253
-222
-188
-153
-114
-72
-25
25
80
138
200
262
325
385
442
494
539
577
606
626
638
641
636
625
608
585
559
529
496
462
425
387
346
303
258
210
158
103
44
-17
-80
-145
-210
-274
-334
-390
-440
-482
-515
-539
-554
-558
-553
-539
-517
-487
-451
-412
-369
-325
-282
-241
-203
-170
-140
-116
-97
-81
-69
-59
-50
-41
-30
-18
-2
15
36
59
84
109
133
156
176
192
204
211
213
211
205
196
184
172
159
147
138
132
131
135
145
162
185
212
244
279
313
346
374
396
409
412
404
384
354
314
266
212
153
93
33
-23
-75
-121
-159
-188
-209
-221
-224
-221
-212
-200
-188
-178
-172
-172
-180
-196
-221
-254
-293
-335
-377
-417
-451
-476
-490
-491
-478
-451
-411
-360
-301
-238
-174
-113
-60
-20
5
13
3
-25
-70
-127
-193
-260
-324
-378
-418
-439
-438
-414
-369
-302
-218
-119
-10
103
218
329
433
526
605
668
715
744
757
754
736
705
663
611
552
488
421
353
286
222
161
105
54
9
-31
-68
-102
-133
-162
-191
-219
-247
-275
-302
-326
-347
-363
-373
-374
-366
-347
-317
-277
-226
-167
-101
-32
36
103
163
215
255
281
293
288
269
236
190
134
71
3
-66
-135
-201
-263
-319
-368
-411
-446
-475
-498
-515
-527
-533
-535
-531
-522
-506
-482
-450
-409
-357
-296
-224
-143
-55
37
134
229
321
405
480
542
591
625
643
647
637
616
585
548
505
461
415
371
328
288
251
217
186
157
130
105
82
59
