167
149
130
112
93
75
57
39
21
5
-9
-22
-32
-39
-42
-41
-37
-29
-17
-4
11
27
43
57
70
79
84
85
82
74
62
45
23
-3
-34
-70
-110
-154
-202
-252
-303
-354
-403
-448
-487
-519
-542
-554
-554
-543
-521
-488
-445
-393
-336
-274
-209
-144
-80
-19
37
89
136
178
214
245
271
292
310
324
334
341
344
345
341
335
326
313
297
279
259
238
216
193
172
152
135
121
112
106
105
108
114
124
135
146
156
164
167
166
158
144
124
99
68
35
0
-34
-68
-99
-126
-148
-165
-176
-182
-183
-180
-173
-164
-153
-142
-131
-121
-112
-105
-100
-96
-93
-92
-91
-91
-90
-88
-84
-78
-69
-56
-40
-21
0
25
52
79
107
133
157
178
194
205
210
209
201
186
165
138
106
70
30
-9
-50
-90
-127
-161
-189
-212
-228
-238
-241
-237
-227
-212
-191
-166
-138
-107
-75
-42
-9
23
53
81
107
129
147
162
172
179
182
180
176
168
158
145
130
114
96
78
60
41
24
7
-8
-23
-35
-46
-55
-61
-64
-64
-61
-54
-42
-26
-6
18
46
78
111
144
177
207
234
255
270
278
278
270
254
229
198
159
116
69
18
-33
-85
-137
-187
-235
-280
-322
-359
-393
-422
-445
-463
-474
-479
-477
-467
-450
-425
-394
-355
-311
-261
-208
-153
-96
-40
13
64
111
154
190
221
246
265
278
287
292
293
290
285
278
270
260
249
237
224
211
198
184
170
155
140
125
110
95
80
65
50
35
21
6
-8
-23
-38
-53
-68
-84
-99
-115
-130
-144
-157
-168
-177
-184
-188
-188
-186
-181
-172
-160
-146
-130
-112
-92
-73
-53
-34
-17
-2
11
22
31
37
41
44
44
44
43
42
41
42
44
48
55
65
77
92
109
127
146
164
181
195
207
214
216
213
204
191
172
148
121
91
58
24
-8
-41
-73
-101
-126
-148
-165
-178
-186
-190
-190
-187
-181
-174
-165
-156
-147
-139
-133
-130
-129
-131
-136
-143
-153
-166
-180
-195
-210
-224
-238
-248
-256
-259
-258
-251
-238
-218
-192
-159
-118
-71
-16
43
109
179
251
324
396
464
527
583
630
667
694
709
712
705
687
660
625
582
534
482
426
368
310
251
193
135
80
26
-24
-72
-117
-159
-197
-232
-263
-290
-314
-333
-349
-362
-371
-377
-379
-379
-377
-372
-365
-356
-345
-333
-319
-304
-287
-267
-246
-222
-196
-168
-138
-106
-73
-38
-3
32
66
99
130
158
183
203
219
229
235
236
232
224
212
196
177
155
131
104
75
44
11
-22
-57
-92
-128
-163
-197
-229
-258
-283
-305
-321
-332
-338
-338
-331
-319
-300
-276
-247
-214
-177
-138
-98
-58
-21
13
43
66
84
94
96
91
79
61
38
11
-16
-45
-73
-99
-120
-138
-151
-161
-166
-170
-172
-174
-177
-183
-192
-205
-221
-240
-262
-284
-305
-323
-337
-344
-344
-335
-316
-286
-247
-199
-143
-81
-14
54
123
190
254
312
363
405
440
465
482
490
492
487
478
464
447
429
409
388
367
346
326
306
287
268
250
232
214
196
178
160
142
123
104
84
63
40
17
-7
-33
-61
-89
-119
-149
-179
-208
-236
-263
-286
-306
-322
-333
-339
-339
-333
-321
-304
-281
-254
-222
-189
-154
-119
-86
-55
-28
-6
9
18
21
16
5
-12
-34
-59
-87
-114
-140
-162
-178
-188
-191
-184
-169
-145
-112
-72
-26
24
78
134
190
245
297
345
387
424
454
478
495
506
510
508
502
490
474
455
431
405
377
347
315
282
249
216
184
153
124
98
74
55
39
28
21
19
22
30
41
56
73
93
113
133
152
169
183
194
201
203
200
192
178
159
133
101
63
18
-31
-87
-147
-210
-275
-341
-405
-466
-521
-569
-607
-634
-649
-649
-636
-609
-569
-518
-458
-391
-320
-247
-176
-108
-45
10
58
98
129
152
168
176
178
176
171
164
156
149
143
139
137
138
140
143
147
150
152
152
150
146
139
130
119
106
92
78
64
51
39
30
24
21
20
22
27
32
39
46
52
57
60
60
58
53
46
37
26
13
0
-15
-30
-45
-60
-75
-89
-102
-115
-127
-139
-150
-162
-173
-186
-198
-212
-226
-241
-257
-274
-291
-308
-325
-343
-359
-374
-388
-400
-409
-415
-417
-415
-408
-396
-377
-353
-323
-286
-243
-195
-142
-84
-23
39
102
164
224
279
327
368
401
424
438
441
435
421
398
369
334
296
254
211
168
126
86
50
18
-7
-29
-45
-55
-59
-59
-53
-43
-30
-14
3
22
41
59
76
89
100
107
111
111
106
99
87
73
55
36
14
-7
-30
-53
-74
-94
-111
-125
-135
-142
-145
-144
-140
-133
-124
-114
-102
-90
-78
-68
-58
-49
-42
-37
-33
-30
-28
-26
-24
-21
-18
-12
-5
3
14
27
40
53
66
78
89
96
102
104
104
101
96
89
82
73
65
57
50
44
40
36
34
32
31
29
28
25
22
18
13
7
0
-6
-13
-20
-26
-32
-36
-39
-41
-41
-40
-37
-33
-29
-23
-17
-10
-3
3
10
17
25
32
40
49
57
66
76
85
94
102
109
114
118
119
118
115
108
99
88
74
58
40
21
3
-15
-32
-47
-60
-69
-76
-78
-78
-74
-68
-60
-50
-40
-29
-19
-9
0
6
12
18
22
27
31
36
41
48
56
65
77
90
104
120
136
153
169
183
195
204
208
208
202
191
174
151
123
90
54
15
-25
-65
-104
-141
-173
-201
-222
-237
-245
-245
-239
-225
-206
-180
-150
-115
-78
-38
1
41
79
114
145
171
191
205
213
214
208
196
177
153
124
91
56
19
-17
-54
-89
-122
-152
-180
-204
-225
-243
-257
-268
-276
-280
-280
-277
-271
-260
-247
-230
-211
-190
-167
-145
-122
-101
-81
-63
-48
-35
-25
-18
-12
-9
-7
-5
-4
-3
-1
0
4
10
16
24
33
43
52
61
70
76
81
83
83
81
76
69
60
49
37
24
11
-1
-14
-25
-35
-43
-49
-52
-53
-51
-46
-38
-28
-14
0
18
37
56
76
95
112
128
140
150
157
160
160
156
150
142
132
121
110
98
87
77
68
61
54
49
44
40
36
32
26
19
11
2
-8
-19
-32
-44
-57
-69
-81
-91
-101
-110
-117
-123
-129
-133
-135
-137
-138
-139
-138
-136
-134
-131
-127
-121
-114
-104
-93
-80
-64
-46
-27
-7
13
34
54
73
89
103
114
121
125
125
121
114
104
92
77
62
45
29
13
0
-13
-24
-33
-39
-44
-47
-48
-48
-48
-47
-47
-47
-47
-48
-50
-52
-54
-56
-56
-56
-55
-51
-46
-39
-30
-19
-7
5
19
34
48
63
77
89
100
110
117
122
124
123
119
114
106
97
88
78
69
61
54
50
47
46
47
49
53
58
64
70
77
83
89
94
99
102
103
104
102
100
96
90
84
76
66
56
44
30
16
0
-18
-37
-58
-79
-100
-121
-141
-160
-176
-189
-200
-206
-208
-205
-197
-184
-166
-143
-114
-81
-45
-5
36
80
124
168
210
249
284
315
340
358
370
375
372
361
343
317
284
244
198
147
92
35
-23
-81
-138
-192
-242
-288
-328
-363
-393
-418
-437
-452
-463
-469
-470
-468
-460
-447
-428
-403
-371
-333
-288
-236
-180
-119
-55
9
73
134
191
240
282
314
336
348
350
343
327
305
277
247
216
185
156
130
109
92
79
71
66
63
62
62
61
57
51
41
27
9
-14
-41
-73
-108
-145
-183
-221
-258
-292
-323
-349
-370
-386
-395
-398
-395
-386
-371
-350
-325
-295
-263
-228
-192
-156
-120
-87
-56
-28
-4
14
29
40
46
48
46
41
33
24
14
4
-3
-10
-15
-17
-16
-11
-3
6
20
36
53
73
93
114
135
155
175
193
209
222
233
240
244
244
240
233
223
210
194
176
157
137
116
94
73
52
32
12
-6
-23
-40
-57
-72
-86
-99
-110
-120
-128
-133
-136
-137
-134
-129
-120
-109
-95
-78
-59
-38
-14
10
36
64
91
118
144
167
188
205
217
224
227
224
216
203
186
166
144
121
98
76
56
39
25
15
6
1
-3
-6
-8
-10
-13
-16
-20
-23
-27
-31
-33
-35
-37
-37
-36
-35
-33
-32
-31
-31
-32
-34
-39
-45
-52
-61
-71
-82
-92
-102
-112
-119
-125
-129
-130
-128
-122
-114
-102
-86
-67
-45
-20
7
38
70
103
137
171
203
234
263
288
310
326
338
344
343
335
320
297
268
232
191
145
96
46
-3
-51
-95
-133
-164
-188
-203
-209
-208
-198
-181
-159
-132
-102
-70
-37
-4
26
54
80
101
118
131
140
144
144
140
132
122
110
96
82
67
54
41
30
21
13
7
1
-3
-8
-15
-23
-34
-47
-64
-84
-106
-132
-159
-188
-217
-245
-271
-295
-314
-328
-336
-339
-336
-327
-314
-295
-273
-247
-220
-191
-161
-131
-102
-73
-46
-20
4
28
50
71
91
110
128
144
159
173
185
194
200
203
203
198
189
176
160
140
118
94
68
43
18
-5
-26
-45
-61
-74
-84
-91
-96
-99
-101
-101
-100
-100
-99
-99
-99
-98
-98
-97
-95
-91
-85
-78
-67
-55
-39
-22
-2
18
39
61
82
101
118
133
143
151
155
156
154
150
146
141
137
134
133
133
136
140
146
153
161
169
178
186
193
199
203
206
206
205
202
197
191
183
174
163
151
137
122
104
85
65
43
20
-2
-25
-48
-69
-89
-108
-125
-141
-155
-168
-180
-192
-202
-211
-219
-226
-231
-233
-233
-229
-222
-212
-198
-181
-162
-140
-118
-96
-75
-57
-41
-30
-24
-22
-25
-33
-45
-60
-78
-96
-116
-135
-153
-170
-186
-199
-211
-222
-230
-238
-244
-249
-252
-255
-257
-257
-255
-251
-244
-233
-219
-201
-178
-151
-121
-86
-48
-8
33
76
120
163
206
247
286
323
358
388
416
438
456
469
476
476
470
456
436
408
373
331
283
228
169
107
41
-25
-93
-159
-222
-282
-335
-382
-422
-453
-475
-487
-490
-482
-466
-441
-407
-367
-320
-268
-212
-154
-95
-37
18
70
117
158
191
217
233
241
239
229
211
187
156
122
86
49
13
-20
-49
-72
-90
-101
-105
-103
-95
-82
-65
-46
-25
-5
12
29
42
53
60
65
68
69
71
73
76
81
88
97
108
120
133
146
158
168
175
178
177
171
161
147
129
109
87
65
44
25
10
-1
-7
-9
-6
0
11
25
42
60
79
98
116
132
146
158
168
174
178
178
176
171
163
153
140
126
110
93
75
57
39
23
8
-3
-13
-21
-26
-28
