46
96
145
195
244
292
339
382
422
455
481
497
503
498
480
450
408
357
297
232
165
97
32
-27
-79
-122
-154
-175
-185
-185
-177
-161
-140
-116
-90
-64
-40
-17
2
20
36
51
66
80
94
109
124
139
153
165
175
180
181
176
165
147
123
92
55
13
-32
-79
-127
-172
-213
-247
-273
-290
-296
-292
-278
-253
-221
-183
-140
-96
-52
-10
26
57
81
98
107
110
106
99
88
77
66
58
54
56
65
81
105
138
177
224
276
331
388
445
499
550
595
633
661
679
685
678
656
620
569
503
424
333
232
125
12
-100
-213
-320
-422
-514
-595
-665
-721
-764
-794
-810
-814
-806
-788
-761
-725
-683
-635
-584
-530
-475
-420
-366
-316
-269
-227
-192
-162
-138
-122
-111
-107
-108
-115
-127
-142
-161
-181
-203
-225
-244
-261
-273
-279
-278
-268
-249
-219
-178
-125
-62
11
95
188
288
394
503
614
724
830
930
1021
1099
1164
1211
1241
1250
1238
1205
1151
1077
984
874
750
614
470
321
170
20
-125
-264
-394
-513
-620
-714
-794
-859
-910
-945
-965
-969
-957
-930
-888
-832
-763
-682
-591
-493
-389
-283
-176
-72
27
121
206
282
347
401
444
475
494
500
495
477
449
409
360
303
239
171
101
31
-35
-96
-151
-197
-233
-260
-276
-283
-282
-273
-257
-235
-210
-182
-152
-121
-89
-58
-28
0
29
55
80
103
124
142
157
169
177
181
181
176
168
155
138
119
98
76
54
33
14
-1
-14
-23
-28
-31
-31
-29
-26
-22
-20
-19
-20
-24
-31
-42
-56
-73
-94
-117
-141
-167
-192
-216
-238
-258
-274
-288
-298
-305
-310
-312
-314
-315
-316
-318
-321
-326
-332
-339
-347
-354
-359
-361
-359
-352
-337
-316
-287
-250
-205
-153
-94
-29
42
119
202
291
385
485
590
699
812
927
1041
1151
1253
1341
1412
1461
1481
1471
1426
1345
1229
1078
896
688
458
212
-40
-296
-546
-784
-1004
-1201
-1371
-1509
-1614
-1685
-1719
-1719
-1686
-1620
-1526
-1407
-1266
-1108
-938
-759
-577
-395
-216
-45
115
266
404
529
641
741
828
903
966
1016
1053
1075
1082
1073
1047
1002
939
856
756
638
506
360
203
40
-125
-291
-452
-605
-745
-869
-975
-1059
-1121
-1158
-1170
-1158
-1123
-1066
-990
-897
-790
-673
-548
-417
-285
-152
-21
104
226
340
447
544
631
708
773
825
865
892
906
906
894
870
835
790
736
676
611
542
472
401
332
264
199
137
78
21
-33
-87
-141
-196
-252
-311
-372
-435
-500
-565
-629
-689
-745
-793
-832
-858
-869
-865
-843
-803
-746
-671
-581
-476
-360
-235
-104
29
162
291
413
526
627
714
787
845
889
919
937
945
944
937
925
911
895
878
860
842
823
801
776
746
709
664
609
545
469
382
286
181
70
-44
-159
-272
-380
-480
-570
-648
-714
-768
-809
-839
-859
-871
-876
-876
-873
-868
-862
-855
-849
-844
-840
-836
-832
-827
-821
-810
-795
-773
-743
-704
-654
-592
-519
-434
-337
-232
-117
1
125
249
370
487
597
696
783
855
912
951
973
977
964
933
888
830
760
681
597
510
422
336
255
179
112
52
2
-39
-72
-98
-117
-131
-140
-147
-151
-153
-154
-154
-152
-149
-143
-134
-123
-108
-91
-70
-48
-24
0
24
47
67
84
96
104
107
106
100
89
76
59
40
19
-3
-27
-52
-79
-107
-135
-163
-191
-218
-244
-267
-287
-304
-317
-326
-330
-330
-326
-317
-304
-287
-267
-245
-219
-192
-164
-135
-106
-76
-47
-19
8
34
60
85
109
131
153
173
191
208
223
236
246
254
259
260
259
253
244
231
214
192
167
139
107
73
38
1
-34
-70
-105
-139
-170
-200
-227
-251
-272
-289
-303
-313
-319
-322
-320
-315
-307
-296
-284
-270
-256
-241
-227
-213
-198
-183
-167
-149
-129
-107
-80
-50
-17
20
60
103
146
189
231
269
303
331
353
369
379
383
382
377
369
360
349
339
329
320
311
303
296
288
280
270
258
245
229
210
190
167
144
120
95
71
47
24
1
-20
-42
-64
-87
-110
-135
-160
-187
-214
-241
-267
-293
-317
-338
-357
-371
-382
-388
-389
-386
-379
-367
-352
-334
-315
-294
-272
-251
-229
-207
-184
-161
-137
-110
-82
-50
-14
25
69
116
168
222
278
334
389
441
488
529
560
582
593
591
578
553
517
472
419
360
299
235
173
113
57
7
-36
-73
-103
-126
-143
-155
-163
-168
-171
-173
-175
-178
-183
-188
-195
-204
-213
-222
-232
-241
-250
-257
-263
-267
-269
-268
-266
-262
-255
-246
-236
-223
-209
-193
-176
-157
-138
-117
-95
-73
-50
-26
-1
23
48
73
99
125
150
176
200
223
245
265
282
296
307
312
313
308
298
281
259
232
199
163
124
84
43
2
-35
-71
-103
-131
-155
-175
-190
-202
-210
-214
-217
-218
-217
-216
-215
-212
-209
-205
-199
-191
-179
-164
-145
-122
-94
-62
-27
10
49
90
130
168
203
234
260
279
293
300
300
295
284
268
248
225
200
172
144
115
86
58
30
3
-22
-45
-67
-87
-104
-117
-127
-132
-133
-129
-119
-105
-85
-61
-34
-4
26
57
86
112
134
149
158
159
153
138
116
87
53
15
-25
-66
-106
-142
-173
-199
-216
-226
-228
-222
-208
-189
-166
-139
-111
-84
-59
-38
-21
-11
-6
-9
-17
-31
-49
-71
-94
-117
-137
-154
-166
-170
-168
-157
-139
-115
-85
-52
-19
13
41
63
77
82
76
59
33
-2
-44
-90
-138
-184
-225
-259
-284
-298
-300
-290
-269
-237
-196
-148
-94
-37
20
78
134
186
232
273
307
335
356
370
379
382
380
375
366
355
341
326
309
291
272
253
233
214
195
176
157
140
123
106
90
74
59
44
28
13
-1
-16
-31
-45
-59
-73
-86
-99
-111
-123
-135
-146
-157
-167
-176
-184
-191
-197
-202
-204
-205
-205
-202
-198
-193
-186
-179
-170
-161
-152
-143
-134
-126
-119
-112
-107
-102
-99
-96
-93
-90
-86
-82
-77
-70
-61
-51
-39
-25
-9
6
23
41
58
75
91
106
120
132
144
154
164
173
181
187
192
196
197
197
195
190
183
175
164
152
139
125
110
95
80
65
50
36
22
8
-5
-18
-31
-44
-56
-67
-78
-88
-97
-104
-109
-113
-115
-114
-112
-108
-101
-93
-84
-73
-60
-47
-32
-17
-1
15
31
48
64
80
94
107
118
128
135
140
142
142
140
135
128
120
109
97
84
69
54
37
20
3
-14
-31
-48
-65
-79
-92
-103
-111
-117
-120
-120
-117
-112
-105
-97
-88
-79
-70
-61
-53
-47
-42
-39
-38
-39
-42
-47
-53
-60
-68
-75
-83
-89
-94
-96
-97
-95
-91
-83
-73
-61
-46
-29
-10
8
28
47
65
81
95
105
113
116
117
114
109
101
90
79
66
53
39
26
14
2
-8
-18
-26
-34
-40
-44
-47
-48
-48
-46
-43
-38
-31
-24
-15
-6
3
12
21
28
35
39
41
42
40
37
33
28
22
17
11
7
4
1
0
-2
-3
-4
-5
-6
-7
-8
-10
-11
-13
-15
-16
-17
-18
-18
-18
-18
-17
-16
-14
-13
-11
-9
-6
-3
1
6
12
20
30
40
51
63
74
84
92
97
99
96
89
76
59
37
12
-15
-44
-74
-102
-127
-148
-164
-174
-177
-172
-161
-144
-120
-92
-60
-26
7
41
74
103
128
149
165
175
181
182
179
173
164
153
141
127
114
100
87
74
62
51
42
33
25
19
13
8
4
0
-3
-8
-13
-19
-25
-33
-40
-48
-55
-61
-65
-67
-66
-62
-55
-45
-32
-18
-2
13
28
40
51
57
59
56
49
37
21
2
-20
-45
-71
-98
-124
-149
-173
-194
-212
-226
-236
-242
-243
-241
-234
-225
-213
-200
-186
-172
-160
-149
-140
-135
-132
-132
-135
-140
-147
-155
-164
-172
-179
-185
-188
-187
-183
-176
-164
-149
-131
-109
-85
-58
-30
-1
29
60
91
123
154
185
215
243
270
296
319
340
358
374
387
398
406
411
413
412
408
401
391
378
363
345
326
307
286
266
247
228
211
196
183
171
161
152
144
136
128
119
109
97
83
66
45
21
-6
-37
-71
-108
-148
-188
-230
-272
-312
-351
-386
-418
-446
-469
-487
-499
-505
-506
-501
-491
-475
-454
-427
-394
-356
-313
-264
-210
-153
-93
-31
30
89
144
193
233
263
281
287
279
260
230
190
142
90
35
-18
-70
-117
-158
-191
-217
-235
-246
-251
-250
-245
-237
-227
-216
-204
-193
-182
-170
-159
-147
-134
-120
-104
-86
-67
-46
-24
0
23
47
71
95
119
143
166
188
211
233
256
278
299
320
338
355
369
380
387
389
387
381
369
354
335
312
287
260
233
206
181
158
138
121
109
99
93
88
85
81
76
69
58
43
24
0
-27
-60
-95
-133
-172
-211
-249
-285
-317
-346
-370
-388
-402
-411
-415
-415
-411
-403
-392
-378
-362
-342
-320
-294
-265
-233
-199
-161
-122
-81
-39
1
40
78
112
142
167
188
202
211
215
213
206
194
179
162
142
121
99
78
58
40
23
8
-4
-15
-24
-33
-40
-47
-53
-59
-65
-71
-76
-81
-85
-88
-88
-85
-79
-67
-50
-27
2
38
79
127
178
232
287
341
392
438
476
505
523
527
518
493
455
402
336
260
174
83
-10
-104
-195
-280
-355
-418
-469
-504
-524
-528
-516
-488
-446
-390
-321
-241
-149
-48
60
177
298
423
549
673
792
903
1002
1086
1150
1191
1206
1193
1152
1081
982
857
709
544
366
180
-7
-190
-365
-526
-670
-793
-894
-973
-1028
-1061
-1074
-1069
-1048
-1015
-972
-922
-868
-812
-756
-702
-650
-602
-559
-519
-484
-454
-427
-404
-383
-366
-350
-334
-320
-304
-287
-267
-245
-219
-189
-155
-118
-76
-31
15
63
112
161
208
252
293
330
362
389
412
430
443
453
459
462
462
461
459
456
452
449
445
440
434
427
419
407
394
377
358
336
312
286
258
230
202
174
146
120
94
70
47
24
3
-17
-37
-57
-76
-96
-116
-137
-158
-180
-203
-225
-248
-270
-292
-313
-332
-350
-365
-378
-389
-396
-401
-401
-398
-391
-381
-366
-349
-328
-304
-277
-249
-220
-189
-158
-127
-95
-64
-34
-4
23
50
76
99
120
138
153
164
171
174
173
167
157
143
125
103
79
52
25
-2
-28
-52
-72
-87
-97
-100
-96
-85
-66
-40
-7
31
75
123
173
224
274
322
365
403
433
456
471
476
473
462
442
415
381
342
299
252
204
155
106
59
14
-25
-61
-92
-117
-135
-147
-152
-151
-145
-133
-118
-99
-79
-59
-39
-22
-8
1
7
8
3
-4
-17
-34
-53
-75
-97
-120
-142
-161
-178
-192
-201
-205
-204
-197
-185
