859
819
765
694
606
501
379
241
90
-73
-245
-426
-611
-800
-992
-1185
-1379
-1572
-1766
-1959
-2151
-2340
-2524
-2703
-2871
-3024
-3157
-3262
-3333
-3360
-3335
-3251
-3099
-2874
-2572
-2194
-1740
-1215
-629
9
687
1390
2104
2812
3499
4150
4749
5284
5743
6115
6391
6567
6639
6607
6474
6246
5930
5535
5073
4556
3994
3400
2785
2161
1538
926
334
-228
-756
-1241
-1679
-2068
-2404
-2690
-2924
-3110
-3251
-3348
-3406
-3426
-3410
-3362
-3282
-3171
-3032
-2867
-2677
-2465
-2234
-1988
-1730
-1465
-1197
-930
-668
-416
-179
39
237
410
556
675
767
831
869
885
880
858
823
778
727
673
617
563
510
460
412
364
315
263
206
143
72
-7
-95
-190
-290
-393
-495
-592
-680
-755
-812
-848
-860
-847
-807
-740
-650
-539
-411
-271
-127
15
151
273
377
459
516
548
556
541
508
461
404
343
284
231
187
155
136
130
136
152
174
200
226
248
263
269
263
244
212
167
109
39
-40
-129
-225
-326
-428
-530
-629
-720
-801
-869
-920
-952
-962
-950
-914
-857
-779
-683
-575
-459
-341
-227
-123
-36
29
70
82
65
20
-50
-142
-250
-365
-480
-587
-677
-744
-782
-786
-755
-688
-587
-456
-301
-127
56
243
426
596
747
872
967
1026
1047
1027
967
866
727
554
351
124
-120
-374
-629
-878
-1111
-1321
-1501
-1645
-1747
-1804
-1813
-1773
-1685
-1549
-1368
-1147
-889
-602
-289
40
381
725
1067
1398
1712
2002
2260
2479
2655
2780
2851
2863
2815
2705
2535
2308
2030
1707
1349
966
569
170
-218
-588
-928
-1231
-1490
-1703
-1868
-1985
-2057
-2087
-2078
-2036
-1966
-1870
-1754
-1620
-1470
-1306
-1128
-939
-739
-529
-312
-90
134
357
575
784
980
1158
1315
1449
1557
1637
1690
1716
1718
1697
1659
1606
1543
1473
1400
1327
1256
1187
1123
1063
1007
954
904
857
811
766
720
672
622
568
508
441
367
283
191
90
-17
-132
-250
-368
-484
-594
-695
-784
-859
-920
-965
-996
-1012
-1016
-1009
-993
-968
-938
-902
-862
-818
-774
-728
-683
-641
-602
-569
-542
-523
-512
-512
-521
-541
-572
-615
-668
-732
-806
-888
-975
-1066
-1155
-1238
-1311
-1368
-1404
-1416
-1400
-1353
-1275
-1164
-1021
-850
-653
-432
-194
59
322
591
862
1129
1388
1635
1865
2073
2254
2405
2520
2597
2631
2621
2565
2464
2318
2132
1909
1658
1385
1101
814
535
272
36
-168
-336
-463
-550
-597
-609
-590
-547
-485
-413
-337
-263
-198
-145
-108
-89
-90
-110
-149
-205
-275
-359
-452
-551
-655
-760
-865
-966
-1064
-1156
-1241
-1319
-1388
-1448
-1496
-1533
-1557
-1565
-1557
-1531
-1486
-1421
-1337
-1232
-1110
-970
-816
-651
-478
-301
-124
48
214
368
509
633
739
825
892
940
970
982
979
963
935
899
855
806
754
700
644
586
526
462
395
320
238
146
44
-69
-195
-330
-472
-618
-765
-905
-1034
-1146
-1235
-1295
-1322
-1313
-1264
-1176
-1049
-885
-688
-463
-214
49
324
600
871
1128
1366
1578
1757
1899
2000
2059
2075
2051
1990
1897
1778
1641
1494
1345
1200
1064
941
833
739
658
586
518
449
375
290
192
79
-49
-192
-347
-509
-673
-834
-985
-1120
-1234
-1323
-1385
-1417
-1420
-1397
-1349
-1282
-1200
-1107
-1009
-909
-810
-714
-622
-532
-445
-359
-273
-186
-101
-19
56
121
172
203
212
197
159
99
23
-63
-154
-240
-314
-368
-397
-395
-360
-292
-190
-59
96
272
461
654
846
1028
1194
1338
1456
1543
1598
1620
1610
1567
1496
1398
1279
1140
986
821
648
470
291
112
-64
-236
-403
-562
-714
-858
-993
-1119
-1237
-1345
-1446
-1537
-1620
-1693
-1756
-1806
-1842
-1862
-1862
-1841
-1797
-1727
-1632
-1511
-1366
-1198
-1011
-806
-589
-364
-133
98
329
555
773
983
1181
1366
1538
1694
1834
1957
2063
2151
2222
2273
2304
2314
2299
2257
2187
2085
1951
1786
1591
1370
1130
877
620
366
124
-99
-299
-471
-615
-730
-817
-878
-915
-930
-926
-904
-864
-808
-737
-651
-553
-444
-330
-213
-100
2
89
155
192
197
164
92
-19
-171
-360
-582
-830
-1096
-1372
-1649
-1917
-2167
-2389
-2578
-2725
-2829
-2886
-2895
-2860
-2782
-2666
-2518
-2344
-2150
-1943
-1727
-1508
-1291
-1078
-871
-672
-480
-294
-113
66
246
430
618
812
1011
1215
1420
1622
1818
2003
2171
2318
2440
2534
2598
2632
2635
2611
2564
2497
2417
2329
2240
2152
2072
2001
1941
1891
1851
1817
1787
1757
1723
1682
1631
1567
1489
1394
1281
1150
999
829
639
429
200
-44
-305
-577
-857
-1141
-1423
-1699
-1962
-2207
-2427
-2618
-2773
-2889
-2961
-2989
-2971
-2907
-2799
-2652
-2469
-2255
-2017
-1762
-1495
-1223
-952
-687
-433
-195
22
218
389
533
651
742
807
848
868
869
855
828
792
750
703
655
606
556
507
457
407
356
302
244
181
113
40
-39
-123
-211
-301
-390
-476
-557
-628
-688
-733
-762
-773
-765
-736
-686
-617
-528
-421
-298
-161
-14
141
300
461
621
778
929
1073
1209
1336
1452
1556
1647
1721
1775
1806
1810
1782
1721
1622
1486
1312
1101
858
587
295
-9
-319
-623
-913
-1180
-1415
-1612
-1767
-1875
-1936
-1951
-1923
-1858
-1762
-1643
-1510
-1370
-1233
-1105
-992
-897
-819
-759
-710
-667
-623
-570
-500
-408
-289
-143
28
223
434
652
868
1071
1253
1403
1514
1580
1596
1563
1480
1352
1184
984
760
522
281
46
-173
-369
-536
-669
-767
-829
-857
-855
-828
-782
-722
-656
-588
-522
-463
-413
-373
-343
-323
-310
-301
-295
-287
-273
-252
-220
-176
-118
-48
33
124
220
316
409
494
567
624
664
687
692
682
660
630
596
564
537
519
513
519
538
568
607
652
697
739
772
791
792
771
727
657
562
441
297
131
-53
-252
-463
-682
-905
-1128
-1346
-1556
-1753
-1932
-2089
-2219
-2318
-2381
-2403
-2382
-2315
-2199
-2033
-1819
-1558
-1251
-905
-524
-116
309
745
1180
1602
2002
2369
2692
2966
3183
3340
3434
3468
3443
3365
3239
3073
2874
2651
2412
2164
1912
1663
1419
1182
953
732
517
305
94
-117
-331
-548
-766
-984
-1199
-1407
-1604
-1785
-1946
-2083
-2194
-2277
-2331
-2356
-2353
-2325
-2276
-2207
-2124
-2029
-1925
-1815
-1700
-1580
-1455
-1325
-1188
-1041
-885
-718
-540
-352
-157
40
237
426
602
758
889
989
1058
1093
1098
1076
1035
983
927
877
840
823
828
854
901
961
1027
1089
1136
1160
1151
1104
1015
886
720
523
306
80
-142
-349
-530
-675
-777
-831
-836
-793
-709
-588
-442
-280
-115
43
183
296
373
411
405
356
267
141
-14
-192
-383
-580
-773
-954
-1116
-1253
-1360
-1434
-1472
-1474
-1440
-1370
-1268
-1136
-977
-796
-597
-384
-163
61
284
500
704
890
1053
1188
1291
1359
1387
1373
1315
1211
1062
866
629
353
45
-286
-632
-981
-1321
-1639
-1923
-2161
-2344
-2464
-2514
-2490
-2391
-2216
-1969
-1653
-1275
-843
-366
144
676
1217
1754
2276
2769
3224
3632
3985
4277
4504
4663
4753
4772
4722
4604
4421
4174
3868
3506
3094
2635
2135
1599
1035
451
-146
-745
-1336
-1906
-2444
-2938
-3377
-3752
-4056
-4283
-4432
-4504
-4501
-4431
-4298
-4114
-3885
-3623
-3335
-3029
-2713
-2391
-2068
-1746
-1428
-1114
-807
-507
-217
62
327
574
802
1004
1179
1322
1431
1503
1538
1535
1495
1422
1319
1191
1046
889
729
573
427
297
189
105
47
14
6
19
49
93
144
198
252
301
344
378
405
425
438
448
456
464
473
485
498
513
528
542
553
559
559
552
537
515
488
457
426
396
370
351
340
339
347
364
387
415
443
467
485
493
487
464
424
366
289
195
86
-36
-169
-308
-450
-591
-728
-856
-972
-1073
-1157
-1221
-1264
-1286
-1287
-1267
-1229
-1174
-1105
-1025
-937
-844
-748
-652
-559
-469
-384
-306
-234
-169
-112
-62
-20
13
39
56
64
63
53
34
7
-25
-62
-100
-136
-166
-187
-194
-186
-159
-112
-47
36
135
245
362
479
591
690
772
830
860
861
829
765
672
551
409
250
80
-93
-265
-427
-576
-705
-812
-892
-944
-966
-961
-927
-868
-786
-685
-569
-444
-312
-180
-50
72
187
290
381
460
527
582
629
667
700
729
754
777
799
817
832
842
846
841
825
799
760
709
646
573
489
397
299
197
91
-13
-117
-218
-313
-400
-479
-546
-602
-645
-674
-688
-687
-671
-640
-592
-528
-447
-351
-238
-110
29
180
338
498
655
802
934
1045
1128
1180
1198
1180
1127
1039
920
774
605
419
222
20
-182
-378
-564
-735
-885
-1012
-1114
-1186
-1228
-1240
-1220
-1171
-1093
-990
-864
-719
-560
-391
-217
-43
125
284
428
554
657
736
786
808
799
761
693
597
476
333
171
-4
-189
-378
-565
-744
-910
-1057
-1179
-1272
-1333
-1360
-1349
-1302
-1219
-1102
-953
-778
-581
-367
-143
84
309
525
727
909
1066
1196
1295
1361
1394
1394
1360
1294
1199
1077
931
765
584
393
196
0
-189
-367
-530
-671
-787
-876
-934
-962
-959
-928
-869
-788
-688
-574
-450
-320
-189
-60
63
179
287
385
473
551
619
677
726
765
793
809
811
800
771
726
662
580
481
368
243
111
-22
-153
-276
-387
-483
-562
-622
-664
-691
-703
-703
-693
-675
-650
-617
-577
-530
-475
-413
-344
-269
-189
-107
-25
57
138
217
294
370
446
523
602
684
770
858
949
1040
1129
1212
1284
1342
1381
1397
1384
1342
1267
1160
1021
856
667
461
246
29
-180
-377
-552
-701
-820
-907
-963
-991
-996
-982
-958
-928
-900
-879
-869
-871
-886
-912
-948
-991
-1036
-1081
-1123
-1158
-1185
-1203
-1210
-1207
-1192
-1166
-1128
-1076
-1010
-927
-826
-705
-563
-400
-217
-16
196
418
639
852
1047
1213
1342
1423
1452
1423
1335
1189
990
747
468
167
-140
-443
-724
-971
-1171
-1313
-1391
-1398
-1332
-1194
-989
-720
-399
-34
361
776
1196
1607
1996
2352
2664
2922
3120
3253
3320
3320
3256
3134
2958
2737
2479
2194
1891
1578
1263
953
655
371
105
-141
-370
-582
-778
-963
-1139
-1307
-1470
-1627
-1778
-1922
-2055
-2173
-2273
-2350
-2402
-2425
-2419
-2383
-2319
-2230
-2119
-1992
-1854
-1710
-1564
-1422
-1288
-1165
-1055
-959
-879
-812
-758
-715
-679
-647
-616
-583
-542
-492
-430
-354
-262
-154
-30
107
257
416
580
745
904
1054
1188
1301
1389
1449
1479
1476
1443
1380
1290
1179
1052
914
771
629
495
372
264
174
104
54
23
9
9
20
38
59
79
95
104
103
90
66
30
-15
-69
-130
-192
-254
-312
-363
-403
-431
-445
-444
-428
-400
-361
-316
-268
-223
-184
-156
-142
-146
-168
-208
-263
-331
-404
-478
-544
-596
-627
-630
-601
-538
-438
-302
-132
68
295
544
810
1088
1373
1659
1943
2219
2483
2728
2948
3134
3280
3375
3409
3374
3261
3063
2778
2404
1948
1418
827
193
-463
-1120
-1754
-2344
-2870
-3316
-3669
-3923
-4076
-4129
-4090
-3970
-3780
-3535
-3250
-2939
-2617
-2293
-1979
-1680
-1403
-1148
-918
-711
-525
-359
-209
-74
49
163
268
365
456
540
617
687
751
809
861
908
949
986
1018
1046
1070
1089
1103
1110
1111
1105
1091
1069
1039
1002
960
914
866
817
771
727
688
653
622
596
572
550
528
504
477
447
412
372
327
279
228
177
127
79
35
-2
-35
-62
-84
-102
-119
