-225
-239
-247
-252
-252
-249
-244
-236
-228
-219
-211
-204
-198
-193
-189
-186
-184
-183
-182
-181
-179
-177
-174
-170
-164
-157
-149
-138
-126
-112
-95
-77
-57
-35
-11
12
38
64
90
116
141
165
187
206
223
236
247
254
258
258
256
251
243
233
221
208
192
175
157
137
117
95
73
50
27
3
-20
-44
-68
-91
-113
-135
-157
-178
-199
-219
-239
-259
-278
-297
-315
-331
-346
-358
-367
-372
-373
-369
-359
-343
-320
-290
-254
-212
-163
-110
-52
7
69
131
191
249
303
352
394
429
456
475
487
491
487
477
462
441
416
387
355
320
283
243
203
161
119
76
34
-6
-45
-82
-116
-145
-170
-190
-204
-213
-216
-213
-206
-193
-177
-158
-136
-113
-88
-62
-37
-11
12
35
56
75
92
105
116
123
128
129
128
123
117
108
97
85
72
57
41
25
8
-9
-26
-43
-60
-76
-90
-103
-113
-120
-125
-126
-123
-117
-107
-94
-78
-58
-36
-12
13
39
65
91
115
138
158
176
191
203
211
216
217
216
211
204
194
182
167
151
132
112
91
68
43
17
-9
-36
-64
-93
-120
-146
-170
-191
-209
-222
-232
-236
-235
-229
-219
-204
-185
-163
-138
-111
-83
-55
-27
-1
24
47
69
87
103
115
124
129
130
127
121
111
98
83
67
49
32
15
0
-14
-25
-34
-40
-43
-44
-42
-38
-33
-27
-20
-15
-10
-6
-3
-2
-1
-1
0
0
3
8
15
23
33
45
57
68
77
83
85
81
71
53
28
-3
-44
-91
-143
-200
-259
-318
-375
-428
-475
-514
-543
-560
-566
-559
-539
-508
-466
-414
-356
-291
-224
-156
-88
-22
39
95
147
193
234
269
300
327
351
373
394
414
434
454
474
494
512
529
543
552
557
555
545
527
500
465
421
370
312
249
183
114
45
-22
-88
-151
-209
-261
-307
-346
-377
-401
-416
-424
-424
-416
-402
-382
-358
-329
-298
-265
-233
-201
-173
-148
-127
-112
-102
-98
-100
-107
-118
-132
-148
-164
-180
-194
-204
-210
-211
-206
-195
-178
-155
-126
-94
-58
-20
18
57
95
130
162
190
214
233
248
258
265
270
273
275
277
280
286
293
304
316
331
346
362
375
386
391
390
380
361
331
290
237
175
104
27
-54
-138
-219
-297
-366
-425
-471
-503
-520
-520
-505
-475
-433
-379
-316
-248
-177
-105
-35
30
90
142
186
222
248
266
275
276
270
259
243
224
202
179
155
132
110
90
71
54
38
24
12
0
-9
-20
-29
-39
-49
-59
-69
-79
-90
-99
-108
-116
-122
-127
-130
-130
-128
-124
-117
-108
-98
-86
-74
-62
-50
-39
-30
-24
-21
-22
-26
-35
-48
-64
-84
-107
-131
-154
-177
-196
-212
-222
-225
-221
-209
-189
-161
-126
-84
-37
14
67
121
172
219
259
289
309
315
308
287
251
202
142
71
-6
-88
-173
-255
-333
-403
-464
-511
-545
-563
-566
-554
-527
-488
-438
-381
-317
-251
-184
-119
-57
1
54
103
147
186
221
253
282
310
336
361
386
410
434
456
476
495
510
523
531
534
533
528
517
502
482
460
433
405
375
344
313
282
253
225
198
174
152
131
111
92
73
53
32
9
-16
-45
-76
-109
-145
-182
-220
-257
-293
-325
-354
-377
-393
-402
-402
-393
-376
-349
-314
-272
-223
-170
-115
-59
-5
43
86
121
146
159
161
151
131
100
61
16
-32
-82
-131
-177
-217
-251
-276
-294
-303
-305
-299
-287
-270
-251
-230
-209
-189
-173
-160
-151
-146
-146
-150
-157
-166
-177
-187
-196
-203
-207
-208
-204
-195
-182
-163
-139
-109
-75
-37
6
52
102
154
208
262
315
366
414
458
497
529
556
575
587
592
590
581
567
547
522
494
461
425
386
345
302
257
211
164
117
70
24
-19
-61
-101
-137
-171
-201
-227
-251
-272
-290
-307
-322
-337
-351
-364
-376
-387
-397
-404
-408
-409
-404
-395
-380
-360
-335
-307
-275
-242
-209
-177
-149
-125
-105
-91
-83
-80
-81
-87
-95
-106
-117
-129
-140
-150
-157
-163
-166
-166
-163
-158
-150
-139
-127
-111
-94
-75
-53
-29
-4
23
52
82
112
141
169
195
218
237
252
263
269
272
271
266
260
251
242
233
224
217
211
206
204
202
202
203
203
202
200
197
190
181
170
155
139
121
101
82
63
46
31
18
9
2
0
0
2
7
15
24
35
45
56
66
74
81
87
90
91
90
87
83
77
70
63
56
49
43
37
33
29
26
24
22
20
19
17
16
16
16
16
17
19
21
24
26
27
28
27
24
18
11
0
-11
-27
-44
-64
-85
-108
-133
-158
-184
-210
-235
-260
-283
-305
-324
-340
-352
-360
-362
-359
-350
-333
-310
-280
-244
-203
-157
-107
-55
-3
47
96
142
184
221
253
280
302
320
335
347
356
364
370
375
378
378
376
371
362
348
330
307
279
247
211
172
131
90
50
12
-21
-50
-74
-92
-104
-109
-109
-103
-92
-78
-61
-42
-22
-3
15
32
48
61
72
81
88
92
94
94
91
86
77
66
50
30
6
-23
-57
-97
-141
-189
-242
-297
-354
-411
-469
-524
-577
-624
-666
-701
-728
-746
-755
-755
-747
-731
-708
-680
-648
-613
-577
-541
-506
-472
-442
-414
-390
-368
-348
-331
-314
-298
-281
-261
-239
-213
-183
-147
-105
-57
-4
53
115
179
244
309
371
429
482
527
566
596
617
631
637
636
629
618
605
590
575
562
550
541
535
531
529
528
527
525
520
512
500
482
458
428
391
348
299
246
188
127
63
-1
-67
-132
-197
-260
-320
-377
-430
-477
-519
-553
-580
-597
-606
-604
-592
-569
-537
-494
-443
-384
-319
-250
-179
-107
-37
29
91
146
194
233
262
281
291
292
284
267
245
217
185
151
116
82
50
20
-6
-30
-49
-66
-80
-92
-103
-113
-124
-135
-148
-161
-176
-191
-206
-220
-232
-242
-247
-247
-240
-227
-207
-178
-142
-97
-46
11
74
140
210
279
348
414
475
530
579
619
650
671
683
685
677
660
634
601
560
514
463
408
352
294
236
180
127
77
32
-6
-39
-66
-86
-100
-108
-111
-110
-106
-99
-91
-84
-77
-73
-72
-74
-80
-91
-105
-124
-145
-169
-194
-218
-241
-260
-275
-283
-284
-277
-262
-238
-206
-168
-122
-73
-20
32
85
135
179
217
247
267
278
277
266
245
215
177
132
83
30
-22
-74
-124
-168
-207
-239
-262
-278
-286
-286
-280
-268
-253
-235
-217
-200
-187
-176
-171
-170
-174
-181
-191
-203
-216
-228
-238
-245
-249
-249
-246
-239
-229
-217
-203
-188
-173
-159
-146
-134
-123
-114
-106
-98
-90
-81
-71
-59
-46
-30
-12
7
30
54
81
110
139
169
198
226
250
270
285
293
293
287
272
250
222
188
149
108
65
22
-18
-57
-91
-120
-143
-159
-169
-171
-168
-159
-145
-128
-110
-92
-74
-58
-45
-35
-27
-22
-18
-15
-12
-7
0
9
24
42
64
90
118
149
180
212
242
269
292
309
320
323
317
302
278
245
203
153
96
34
-31
-98
-165
-230
-291
-346
-394
-433
-462
-480
-486
-481
-463
-433
-392
-341
-282
-217
-149
-79
-11
52
109
158
195
221
234
233
220
195
160
117
68
17
-33
-80
-118
-145
-158
-153
-130
-87
-25
55
151
258
374
492
606
712
803
875
924
946
940
905
843
756
648
522
386
243
99
-39
-169
-286
-386
-469
-532
-576
-602
-611
-606
-589
-563
-531
-495
-458
-421
-387
-356
-328
-304
-284
-267
-252
-239
-225
-210
-194
-175
-153
-128
-99
-68
-34
0
35
70
103
135
163
187
208
225
238
247
253
256
256
255
251
246
239
230
220
208
193
177
157
136
113
88
62
35
8
-17
-43
-66
-88
-107
-123
-135
-144
-148
-148
-144
-136
-124
-108
-88
-66
-42
-16
10
38
64
90
114
134
151
163
171
172
167
157
140
118
92
62
31
0
-31
-59
-84
-105
-120
-129
-133
-131
-124
-113
-98
-80
-59
-38
-17
4
23
41
56
69
77
82
82
78
69
55
36
11
-18
-54
-94
-139
-187
-237
-287
-336
-383
-424
-460
-487
-505
-512
-507
-490
-462
-421
-369
-308
-239
-164
-86
-7
68
140
204
257
299
328
344
347
337
318
291
259
226
195
168
148
136
135
145
164
192
226
264
303
339
370
391
402
399
383
353
309
252
186
111
32
-47
-126
-199
-265
-321
-365
-397
-416
-422
-417
-401
-376
-345
-309
-269
-229
-189
-151
-115
-83
-54
-29
-7
12
29
45
60
75
90
105
119
133
145
155
160
160
153
139
117
88
50
4
-46
-104
-165
-229
-294
-358
-421
-480
-536
-585
-628
-663
-688
-703
-706
-696
-673
-634
-581
-512
-427
-328
-214
-88
49
195
347
502
657
809
953
1086
1205
1307
1387
1445
1477
1484
1465
1421
1352
1262
1153
1028
891
745
596
446
299
159
28
-88
-192
-280
-351
-406
-444
-465
-472
-465
-445
-414
-375
-328
-276
-220
-165
-111
-61
-18
14
35
43
35
11
-28
-85
-158
-244
-341
-447
-559
-672
-784
-892
-991
-1078
-1152
-1211
-1251
-1274
-1278
-1264
-1232
-1185
-1123
-1050
-967
-877
-783
-685
-587
-489
-392
-297
-204
-113
-25
59
139
215
284
345
396
436
463
477
477
463
437
401
356
306
254
204
158
122
96
84
88
108
143
194
258
334
418
508
600
693
782
867
943
1011
1067
1110
1140
1156
1157
1143
1114
1071
1013
943
861
769
669
563
453
342
232
124
21
-75
-167
-251
-329
-400
-465
-526
-583
-636
-686
-733
-777
-818
-855
-886
-910
-926
-933
-928
-911
-881
-838
-782
-713
-634
-546
-452
-355
-258
-165
-77
1
70
128
174
207
229
241
244
239
230
217
204
191
179
171
165
163
164
168
172
178
182
185
184
179
169
153
132
104
70
32
-10
-57
-104
-152
-197
-239
-275
-304
-323
-333
-331
-318
-294
-259
-213
-159
-97
-29
43
118
195
272
346
417
483
541
592
633
663
682
690
686
672
647
614
573
526
475
421
366
312
260
210
165
124
87
56
30
8
-8
-21
-30
-36
-37
-35
-30
-21
-9
5
22
42
62
83
102
118
131
139
141
138
128
112
91
66
38
9
-19
-47
-71
-93
-110
-123
-132
-139
-144
-148
-152
-158
-167
-179
-194
-212
-233
-255
-278
-300
-320
-335
-346
-352
-351
-344
-331
-311
-288
-260
-229
-197
-166
-135
-108
-85
-67
-55
-49
-50
-59
-74
-97
-124
-157
-194
-234
-275
-316
-355
-390
-419
-441
-454
-457
-448
-426
-392
-346
-288
-220
-144
-63
21
106
187
263
331
388
433
464
481
485
476
454
423
385
340
293
245
198
154
115
81
53
31
