117
113
109
106
100
92
82
68
50
30
7
-17
-44
-72
-100
-127
-153
-177
-198
-216
-231
-241
-247
-249
-247
-242
-234
-224
-214
-202
-192
-182
-175
-169
-166
-164
-164
-165
-166
-168
-168
-166
-162
-155
-146
-134
-119
-103
-86
-69
-53
-39
-27
-18
-11
-7
-5
-5
-5
-5
-4
-1
2
10
19
32
47
63
82
102
122
142
162
181
198
213
226
236
244
249
252
251
249
243
235
225
213
198
182
164
143
120
95
67
36
2
-33
-72
-112
-153
-194
-232
-267
-296
-319
-335
-341
-339
-327
-306
-277
-241
-199
-154
-107
-59
-14
27
64
94
118
134
143
145
142
134
122
109
94
81
69
59
52
49
48
51
56
63
72
83
94
105
117
128
139
149
159
168
176
184
190
195
199
201
200
197
191
182
171
157
142
126
111
98
88
83
81
85
94
107
122
139
155
168
177
178
170
152
124
85
36
-21
-86
-155
-225
-295
-360
-420
-472
-515
-547
-570
-582
-586
-581
-570
-554
-534
-513
-492
-471
-451
-434
-418
-403
-388
-373
-356
-335
-310
-279
-242
-199
-148
-92
-30
36
106
177
249
319
384
444
497
540
574
596
607
607
596
576
546
510
468
422
374
325
278
232
189
149
113
81
53
27
4
-16
-36
-56
-77
-98
-121
-144
-170
-195
-221
-247
-270
-291
-307
-318
-322
-319
-308
-289
-261
-225
-183
-134
-81
-25
31
87
139
186
226
258
281
295
298
293
278
256
227
193
156
116
77
38
3
-27
-52
-72
-85
-91
-91
-85
-74
-58
-39
-17
5
28
49
68
83
94
98
97
89
75
54
28
-2
-36
-72
-109
-146
-181
-214
-243
-268
-287
-302
-312
-316
-315
-309
-299
-284
-266
-245
-222
-195
-167
-137
-105
-72
-39
-5
27
60
90
118
142
163
180
193
202
208
212
214
216
219
223
228
235
243
252
261
270
275
278
275
267
253
232
204
170
131
87
41
-4
-49
-90
-125
-152
-169
-177
-173
-158
-133
-98
-56
-9
41
93
143
190
231
264
289
305
311
307
294
274
246
213
176
136
93
50
6
-37
-81
-123
-165
-206
-245
-282
-316
-347
-374
-396
-413
-423
-426
-422
-411
-392
-366
-334
-296
-255
-210
-164
-117
-73
-31
6
39
66
87
101
108
109
104
93
78
60
40
19
1
-12
-21
-23
-16
0
25
58
99
145
194
244
291
335
373
403
423
434
435
426
407
380
344
302
254
202
146
87
28
-32
-93
-153
-213
-272
-329
-384
-436
-485
-529
-568
-600
-624
-639
-644
-639
-622
-593
-554
-504
-444
-376
-301
-220
-136
-50
34
117
196
269
334
390
435
468
487
494
486
465
432
388
333
272
206
138
70
6
-52
-104
-146
-178
-199
-209
-207
-194
-172
-142
-105
-63
-18
26
70
111
148
179
203
221
232
236
234
227
215
199
180
159
137
113
90
66
43
21
0
-20
-40
-57
-73
-87
-99
-109
-115
-119
-120
-117
-112
-104
-93
-80
-67
-52
-38
-25
-13
-3
3
7
9
8
6
1
-3
-9
-15
-19
-23
-24
-24
-22
-18
-13
-8
-4
-1
-1
-4
-10
-19
-32
-47
-63
-80
-95
-107
-116
-119
-115
-105
-87
-63
-32
2
42
83
124
163
198
229
253
271
282
287
287
282
274
264
254
244
236
228
223
218
215
212
208
203
197
189
178
165
149
131
110
86
61
34
5
-24
-54
-84
-113
-142
-168
-192
-212
-229
-243
-252
-258
-261
-261
-259
-256
-253
-250
-249
-250
-254
-260
-268
-278
-288
-297
-304
-308
-308
-302
-292
-275
-253
-226
-196
-163
-129
-95
-63
-33
-7
14
33
48
59
67
74
79
82
86
88
91
92
93
92
89
84
77
68
57
43
29
14
0
-15
-28
-39
-47
-52
-52
-49
-40
-28
-10
11
39
71
107
148
192
238
287
336
385
430
471
506
532
548
551
543
520
484
434
371
298
214
124
28
-68
-165
-258
-345
-424
-492
-548
-591
-621
-637
-641
-635
-618
-594
-565
-531
-496
-461
-427
-394
-363
-334
-306
-280
-254
-227
-198
-167
-134
-98
-59
-18
23
66
109
149
185
215
239
254
259
255
241
218
187
149
106
61
16
-25
-62
-91
-112
-122
-121
-109
-87
-56
-18
24
70
116
160
199
233
260
279
290
294
290
280
266
247
225
201
176
152
128
106
87
71
58
49
43
42
44
50
59
70
85
101
118
137
156
174
192
208
222
233
241
245
245
239
229
213
191
163
130
92
48
0
-50
-104
-158
-211
-261
-307
-346
-378
-401
-414
-417
-410
-393
-366
-331
-289
-241
-190
-136
-82
-30
18
62
100
130
153
168
176
176
170
158
142
121
97
70
42
13
-16
-46
-77
-107
-136
-164
-191
-214
-234
-250
-259
-261
-254
-236
-207
-166
-112
-45
32
120
217
320
426
531
632
725
806
871
917
942
943
920
873
802
711
601
477
343
203
62
-75
-205
-324
-430
-519
-592
-646
-682
-701
-704
-693
-669
-635
-593
-546
-495
-442
-389
-337
-288
-242
-199
-160
-124
-93
-66
-42
-23
-7
4
13
18
21
22
20
17
12
7
1
-4
-9
-14
-19
-22
-25
-26
-25
-22
-16
-8
2
16
34
55
79
105
134
165
195
225
253
278
299
314
324
326
322
310
292
267
236
201
163
123
81
40
0
-36
-70
-101
-126
-147
-163
-174
-181
-184
-184
-181
-176
-170
-163
-157
-151
-145
-141
-138
-135
-133
-132
-130
-127
-122
-116
-108
-97
-84
-69
-52
-33
-14
4
22
39
54
66
76
83
88
89
88
85
79
71
62
52
41
28
16
3
-10
-23
-37
-52
-67
-83
-99
-115
-131
-146
-159
-170
-177
-180
-177
-169
-155
-136
-112
-84
-53
-22
6
33
55
71
81
83
79
69
55
37
19
2
-12
-22
-28
-27
-20
-8
9
30
54
79
103
126
145
159
168
170
166
156
139
117
92
63
34
5
-21
-46
-66
-82
-93
-99
-100
-97
-90
-80
-69
-56
-43
-30
-20
-11
-5
-3
-3
-6
-11
-19
-28
-39
-50
-60
-71
-80
-89
-97
-103
-109
-114
-118
-121
-123
-123
-122
-118
-110
-99
-84
-65
-40
-11
21
57
95
134
171
205
235
257
272
277
273
259
235
204
165
120
73
25
-22
-66
-104
-136
-160
-174
-179
-175
-162
-142
-115
-83
-47
-10
27
63
98
131
160
186
207
225
238
245
248
245
236
222
202
177
148
115
78
40
2
-35
-71
-105
-134
-157
-176
-188
-195
-196
-193
-186
-177
-167
-159
-153
-152
-156
-166
-182
-205
-233
-265
-299
-335
-369
-401
-427
-445
-455
-454
-441
-416
-378
-328
-266
-194
-114
-28
62
153
242
327
405
473
530
574
604
620
623
612
589
555
513
464
412
357
302
250
201
159
123
95
76
65
63
68
81
100
125
153
184
215
246
273
297
314
323
325
317
300
273
238
193
141
83
20
-45
-112
-180
-244
-306
-361
-410
-451
-484
-509
-525
-532
-532
-525
-512
-493
-470
-443
-414
-382
-350
-316
-283
-250
-218
-188
-159
-131
-106
-82
-60
-39
-20
-2
14
30
46
63
79
95
112
128
144
160
174
186
197
205
211
215
217
217
217
216
214
214
213
212
212
211
209
205
200
192
182
169
154
137
118
99
79
59
39
22
6
-6
-17
-24
-29
-32
-33
-32
-31
-30
-30
-31
-34
-40
-48
-59
-73
-89
-108
-127
-147
-166
-183
-198
-210
-217
-219
-215
-205
-189
-167
-139
-108
-73
-37
-1
33
64
91
112
126
132
131
123
108
88
62
34
5
-23
-50
-75
-95
-111
-123
-131
-136
-139
-142
-147
-154
-165
-180
-200
-224
-251
-279
-306
-330
-348
-358
-356
-341
-312
-268
-210
-139
-57
33
129
227
323
414
497
569
629
674
706
723
727
718
698
670
633
591
545
497
449
401
356
313
274
240
209
183
160
140
123
106
90
72
51
27
0
-31
-68
-108
-151
-197
-243
-290
-336
-379
-420
-457
-490
-520
-545
-567
-584
-599
-611
-621
-629
-636
-640
-644
-646
-647
-645
-642
-636
-627
-615
-600
-580
-556
-529
-496
-459
-416
-368
-313
-251
-182
-105
-21
69
165
264
364
461
553
636
707
763
802
823
825
808
773
722
658
584
504
421
340
262
191
130
80
41
14
-1
-6
-3
6
21
40
60
80
100
118
133
146
156
163
166
166
161
153
139
121
98
69
36
-1
-41
-84
-127
-170
-210
-247
-280
-307
-327
-341
-348
-349
-345
-336
-324
-309
-293
-277
-261
-247
-234
-222
-212
-203
-195
-188
-180
-172
-163
-152
-140
-125
-109
-90
-70
-48
-26
-3
18
37
55
69
79
86
89
89
86
82
77
72
69
69
73
81
95
115
140
169
202
236
269
300
326
344
353
351
338
314
278
233
180
121
59
-2
-61
-114
-159
-195
-219
-230
-229
-215
-190
-155
-111
-61
-8
46
100
150
194
231
260
279
289
290
281
263
238
207
172
133
93
53
16
-18
-47
-72
-90
-102
-107
-106
-100
-88
-72
-53
-32
-10
12
35
57
78
98
117
135
153
171
189
208
226
244
261
277
289
298
302
301
295
282
265
242
215
184
150
115
79
43
9
-22
-51
-76
-98
-115
-127
-134
-135
-132
-123
-109
-90
-67
-40
-12
16
44
69
88
99
100
90
67
30
-19
-82
-156
-239
-328
-419
-510
-597
-675
-743
-796
-833
-853
-853
-836
-800
-748
-681
-603
-515
-421
-325
-229
-135
-46
35
109
173
228
273
308
333
350
358
358
351
338
319
296
268
238
206
173
141
109
81
55
34
18
7
1
0
4
13
25
39
56
73
90
105
119
130
138
141
141
136
127
114
97
77
55
32
8
-14
-36
-56
-74
-87
-97
-102
-103
-98
-88
-73
-52
-28
-1
27
55
82
106
124
135
139
133
119
96
65
28
-13
-58
-104
-147
-187
-221
-246
-263
-270
-267
-254
-231
-202
-166
-128
-88
-51
-17
9
28
38
40
33
19
-1
-25
-51
-78
-102
-123
-138
-148
-151
-148
-139
-125
-107
-86
-64
-41
-20
-1
15
30
43
55
66
77
89
102
118
137
157
179
202
225
245
263
275
282
283
277
266
249
228
205
181
159
141
127
119
116
118
126
137
149
162
172
180
182
177
166
147
120
87
49
5
-40
-87
-133
-177
-216
-250
-276
-295
-305
-308
-301
-288
-266
-238
-204
-165
-120
-72
-21
32
88
143
197
248
295
335
367
390
401
401
390
367
334
292
244
191
136
82
30
-16
-57
-91
-118
-137
-147
-149
-144
-133
-115
-92
-66
-38
-10
17
41
62
77
