404
368
320
264
202
138
72
8
-53
-110
-162
-207
-245
-277
-303
-323
-338
-349
-359
-367
-377
-388
-402
-420
-443
-468
-498
-529
-560
-589
-614
-632
-641
-639
-622
-590
-542
-477
-395
-298
-187
-63
69
209
353
499
644
784
917
1041
1153
1250
1331
1392
1432
1449
1442
1411
1355
1276
1175
1055
919
771
615
456
297
142
-5
-142
-267
-377
-472
-551
-614
-659
-688
-700
-695
-675
-639
-588
-525
-449
-364
-272
-174
-74
24
119
207
285
351
403
439
458
460
446
418
378
329
273
213
152
93
38
-12
-58
-98
-134
-167
-197
-228
-260
-295
-336
-382
-435
-495
-561
-632
-707
-782
-855
-922
-981
-1026
-1056
-1067
-1058
-1027
-974
-901
-808
-700
-578
-447
-309
-166
-23
119
260
399
534
665
791
911
1024
1128
1220
1297
1355
1390
1399
1379
1327
1243
1126
980
806
611
400
181
-38
-252
-451
-630
-783
-906
-995
-1049
-1068
-1053
-1007
-933
-836
-719
-589
-451
-309
-169
-36
87
197
292
369
429
470
492
497
486
460
421
372
314
252
187
123
61
6
-41
-79
-106
-122
-127
-121
-108
-88
-63
-37
-11
11
29
40
44
41
31
13
-8
-35
-64
-94
-123
-152
-179
-206
-234
-264
-297
-337
-385
-441
-507
-580
-660
-744
-827
-906
-976
-1032
-1070
-1085
-1074
-1036
-968
-871
-747
-599
-431
-249
-59
132
319
495
655
795
912
1005
1074
1119
1143
1148
1136
1113
1080
1042
1002
966
935
914
906
911
929
960
1000
1044
1088
1123
1145
1144
1117
1056
959
825
653
446
208
-53
-330
-615
-898
-1167
-1413
-1628
-1805
-1937
-2022
-2059
-2047
-1989
-1889
-1752
-1585
-1393
-1183
-962
-734
-506
-281
-64
141
334
510
669
809
927
1024
1098
1148
1174
1176
1154
1110
1044
960
860
748
628
504
382
264
157
62
-16
-79
-123
-150
-160
-157
-143
-122
-97
-73
-53
-40
-35
-41
-57
-83
-117
-157
-200
-244
-286
-323
-354
-376
-389
-393
-388
-373
-350
-320
-284
-244
-199
-154
-108
-64
-25
8
34
50
56
52
36
12
-19
-55
-94
-133
-168
-198
-220
-234
-237
-229
-208
-176
-131
-74
-8
67
149
235
321
404
481
549
604
645
672
684
682
669
647
620
590
561
535
513
497
486
480
475
471
464
451
429
397
353
297
228
149
61
-31
-128
-223
-315
-401
-478
-544
-600
-644
-677
-701
-716
-726
-731
-734
-736
-738
-742
-746
-749
-751
-750
-744
-731
-709
-676
-633
-580
-515
-442
-361
-276
-189
-103
-21
54
121
178
224
258
282
296
300
297
288
274
256
236
214
192
169
147
125
105
87
71
58
50
47
50
58
74
95
123
155
191
229
267
303
336
364
386
402
411
413
409
398
383
362
338
310
279
245
209
171
131
91
51
12
-25
-62
-96
-127
-155
-179
-201
-220
-235
-249
-260
-269
-275
-280
-283
-284
-283
-281
-277
-272
-266
-260
-253
-245
-236
-227
-216
-203
-188
-170
-149
-125
-98
-68
-36
-2
33
68
104
138
170
199
224
245
260
270
274
270
260
242
218
189
154
117
77
38
1
-31
-60
-82
-97
-104
-104
-97
-85
-68
-49
-28
-9
8
21
29
31
27
16
0
-22
-49
-79
-110
-142
-173
-201
-226
-247
-263
-274
-280
-282
-281
-279
-275
-271
-269
-270
-273
-279
-288
-298
-308
-316
-321
-321
-314
-298
-273
-239
-195
-142
-82
-16
52
123
194
262
326
385
436
481
517
546
567
581
587
586
578
563
542
513
478
437
392
342
289
235
180
127
77
31
-10
-45
-74
-95
-109
-116
-115
-108
-94
-75
-53
-27
-1
24
47
67
82
90
91
85
71
50
22
-9
-44
-80
-115
-146
-170
-186
-192
-188
-171
-144
-107
-61
-9
46
101
155
203
244
276
298
309
310
302
287
266
241
214
186
158
132
107
85
63
42
22
0
-22
-48
-78
-111
-148
-189
-233
-280
-329
-378
-426
-473
-516
-556
-592
-624
-651
-674
-694
-712
-729
-745
-761
-777
-792
-806
-817
-822
-819
-803
-773
-724
-653
-559
-440
-295
-127
63
271
492
720
949
1171
1378
1566
1727
1856
1950
2006
2024
2003
1946
1856
1737
1594
1431
1255
1070
882
695
513
338
172
17
-126
-258
-379
-488
-586
-674
-753
-823
-884
-938
-984
-1023
-1055
-1080
-1099
-1110
-1114
-1111
-1099
-1079
-1049
-1012
-965
-910
-848
-779
-703
-623
-539
-452
-364
-274
-186
-99
-16
61
132
195
248
291
322
341
349
347
335
315
290
261
231
202
176
154
138
129
126
132
145
166
195
232
275
325
380
439
499
560
618
672
717
753
777
786
779
754
711
650
573
480
374
260
140
19
-99
-211
-313
-403
-480
-541
-587
-620
-640
-649
-651
-647
-639
-631
-624
-619
-618
-622
-629
-640
-653
-669
-685
-701
-715
-726
-733
-734
-729
-717
-697
-669
-632
-586
-532
-471
-403
-330
-253
-175
-96
-21
51
118
179
234
284
330
372
414
458
505
559
622
695
779
873
978
1091
1210
1332
1453
1568
1673
1764
1835
1883
1903
1894
1853
1782
1681
1555
1408
1247
1079
912
751
603
470
356
260
179
110
45
-19
-92
-180
-287
-417
-573
-754
-957
-1178
-1409
-1643
-1870
-2082
-2270
-2427
-2545
-2621
-2652
-2638
-2581
-2484
-2351
-2188
-2002
-1800
-1588
-1372
-1158
-950
-753
-569
-400
-247
-110
11
119
214
298
373
441
504
564
624
684
747
813
883
958
1038
1121
1206
1291
1374
1452
1522
1582
1627
1656
1666
1656
1623
1569
1493
1398
1286
1162
1027
888
748
612
483
365
259
168
92
30
-19
-58
-89
-114
-136
-159
-183
-210
-242
-279
-321
-367
-416
-467
-518
-568
-616
-661
-701
-735
-763
-786
-802
-812
-818
-818
-814
-808
-798
-786
-772
-757
-740
-722
-702
-680
-657
-632
-604
-574
-541
-505
-465
-422
-376
-326
-272
-215
-155
-92
-26
40
108
177
246
315
382
446
506
561
610
650
681
701
711
709
695
670
635
590
536
476
410
341
269
197
127
59
-4
-62
-113
-156
-191
-218
-237
-248
-253
-253
-250
-243
-236
-229
-224
-221
-222
-226
-233
-244
-258
-274
-291
-308
-324
-337
-344
-346
-339
-325
-301
-268
-227
-178
-124
-67
-9
45
96
140
176
202
217
222
218
207
189
168
147
126
109
97
90
90
95
106
121
138
156
175
191
205
215
221
223
220
214
204
192
178
162
146
130
115
102
90
81
74
70
69
70
75
82
92
104
117
132
147
161
173
182
187
188
183
172
155
132
104
72
36
-1
-39
-77
-112
-144
-172
-195
-213
-225
-231
-232
-228
-221
-210
-198
-185
-172
-160
-148
-137
-127
-119
-110
-102
-93
-84
-73
-61
-48
-33
-17
-1
15
31
46
59
69
75
77
76
70
60
47
32
15
-1
-18
-34
-46
-55
-60
-60
-55
-44
-28
-8
15
42
71
101
129
156
180
200
215
227
234
236
235
230
222
211
197
182
164
145
125
103
81
59
37
16
-5
-25
-44
-62
-78
-92
-104
-114
-121
-125
-127
-125
-121
-114
-105
-95
-84
-71
-59
-47
-35
-24
-13
-4
3
10
15
18
19
19
16
11
4
-4
-14
-26
-38
-50
-62
-73
-83
-91
-97
-100
-102
-101
-97
-92
-85
-77
-69
-61
-54
-49
-45
-44
-45
-49
-54
-61
-69
-78
-87
-95
-101
-106
-109
-109
-106
-101
-93
-84
-72
-60
-47
-34
-21
-9
1
10
17
23
28
30
31
31
29
27
23
20
15
11
7
4
2
1
1
3
6
10
15
21
28
36
43
51
57
63
67
70
71
69
64
57
47
36
22
6
-8
-25
-40
-55
-67
-78
-86
-92
-94
-94
-90
-83
-73
-61
-46
-30
-12
6
24
43
60
76
90
102
112
119
123
124
123
119
113
105
94
83
70
56
41
26
12
-2
-16
-28
-40
-49
-57
-63
-67
-68
-68
-65
-61
-55
-48
-40
-31
-22
-13
-4
5
14
22
31
39
47
54
61
68
75
81
88
94
101
106
112
116
120
122
122
121
118
113
107
99
90
80
70
60
49
40
31
24
17
11
7
3
0
-2
-4
-5
-6
-7
-6
-6
-4
-2
1
4
8
12
16
20
23
25
26
25
24
23
20
17
14
11
8
5
2
0
-3
-6
-8
-10
-13
-15
-17
-19
-21
-23
-26
-30
-34
-39
-45
-52
-61
-70
-81
-93
-106
-118
-131
-142
-152
-160
-165
-166
-163
-157
-146
-132
-114
-92
-68
-42
-14
15
45
75
104
132
158
181
202
218
230
239
243
243
240
232
222
208
193
175
156
136
116
96
76
58
40
22
5
-11
-29
-48
-68
-90
-115
-141
-168
-196
-224
-251
-276
-298
-316
-329
-336
-338
-334
-325
-311
-293
-272
-249
-224
-201
-178
-157
-139
-124
-111
-101
-92
-85
-77
-68
-56
-41
-22
1
29
62
98
137
177
218
256
291
320
343
356
360
354
337
310
273
228
176
119
59
-1
-62
-119
-173
-221
-263
-298
-327
-349
-365
-377
-385
-389
-391
-392
-392
-391
-390
-387
-383
-376
-367
-354
-337
-314
-286
-252
-212
-166
-115
-58
3
68
135
203
270
335
396
453
504
548
584
612
633
646
652
650
642
628
610
586
558
527
494
457
419
380
339
298
257
216
176
136
98
61
25
-8
-40
-71
-99
-125
-149
-170
-189
-206
-220
-232
-242
-250
-255
-259
-261
-262
-261
-259
-256
-252
-247
-241
-233
-224
-213
-200
-186
-169
-151
-131
-110
-88
-65
-42
-20
1
21
39
56
69
80
89
94
96
95
91
86
78
69
59
48
38
27
18
9
1
-4
-8
-11
-11
-10
-7
-2
4
12
21
32
43
54
65
77
88
99
109
118
126
132
135
137
135
130
122
111
96
78
56
32
5
-23
-53
-84
-114
-143
-169
-193
-213
-229
-241
-248
-251
-250
-245
-238
-229
-219
-210
-200
-192
-184
-178
-173
-168
-164
-159
-152
-142
-129
-112
-91
-64
-33
1
40
81
122
162
199
232
259
280
292
297
295
285
269
248
224
197
170
144
120
98
80
65
54
45
39
34
29
23
15
4
-8
-25
-46
-70
-97
-126
-157
-189
-220
-251
-280
-307
-331
-351
-368
-381
-390
-396
-397
-395
-389
-379
-366
-349
-329
-305
-279
-250
-219
-186
-151
-116
-80
-44
-9
25
57
88
117
142
165
184
200
212
220
224
224
221
214
204
192
179
165
151
138
128
120
115
114
115
120
128
137
147
158
167
175
180
182
180
174
164
151
135
117
98
79
62
46
33
23
17
14
15
20
27
36
48
61
75
90
104
118
131
143
153
162
169
174
177
177
175
171
164
154
142
128
111
94
75
56
36
17
0
-16
-32
-45
-56
-65
-72
-77
-81
-82
-83
-82
-81
-80
-78
-78
-77
-76
-75
-74
-72
