568
607
652
697
739
772
791
792
771
727
657
562
441
297
131
-53
-252
-463
-682
-905
-1128
-1346
-1556
-1753
-1932
-2089
-2219
-2318
-2381
-2403
-2382
-2315
-2199
-2033
-1819
-1558
-1251
-905
-524
-116
309
745
1180
1602
2002
2369
2692
2966
3183
3340
3434
3468
3443
3365
3239
3073
2874
2651
2412
2164
1912
1663
1419
1182
953
732
517
305
94
-117
-331
-548
-766
-984
-1199
-1407
-1604
-1785
-1946
-2083
-2194
-2277
-2331
-2356
-2353
-2325
-2276
-2207
-2124
-2029
-1925
-1815
-1700
-1580
-1455
-1325
-1188
-1041
-885
-718
-540
-352
-157
40
237
426
602
758
889
989
1058
1093
1098
1076
1035
983
927
877
840
823
828
854
901
961
1027
1089
1136
1160
1151
1104
1015
886
720
523
306
80
-142
-349
-530
-675
-777
-831
-836
-793
-709
-588
-442
-280
-115
43
183
296
373
411
405
356
267
141
-14
-192
-383
-580
-773
-954
-1116
-1253
-1360
-1434
-1472
-1474
-1440
-1370
-1268
-1136
-977
-796
-597
-384
-163
61
284
500
704
890
1053
1188
1291
1359
1387
1373
1315
1211
1062
866
629
353
45
-286
-632
-981
-1321
-1639
-1923
-2161
-2344
-2464
-2514
-2490
-2391
-2216
-1969
-1653
-1275
-843
-366
144
676
1217
1754
2276
2769
3224
3632
3985
4277
4504
4663
4753
4772
4722
4604
4421
4174
3868
3506
3094
2635
2135
1599
1035
451
-146
-745
-1336
-1906
-2444
-2938
-3377
-3752
-4056
-4283
-4432
-4504
-4501
-4431
-4298
-4114
-3885
-3623
-3335
-3029
-2713
-2391
-2068
-1746
-1428
-1114
-807
-507
-217
62
327
574
802
1004
1179
1322
1431
1503
1538
1535
1495
1422
1319
1191
1046
889
729
573
427
297
189
105
47
14
6
19
49
93
144
198
252
301
344
378
405
425
438
448
456
464
473
485
498
513
528
542
553
559
559
552
537
515
488
457
426
396
370
351
340
339
347
364
387
415
443
467
485
493
487
464
424
366
289
195
86
-36
-169
-308
-450
-591
-728
-856
-972
-1073
-1157
-1221
-1264
-1286
-1287
-1267
-1229
-1174
-1105
-1025
-937
-844
-748
-652
-559
-469
-384
-306
-234
-169
-112
-62
-20
13
39
56
64
63
53
34
7
-25
-62
-100
-136
-166
-187
-194
-186
-159
-112
-47
36
135
245
362
479
591
690
772
830
860
861
829
765
672
551
409
250
80
-93
-265
-427
-576
-705
-812
-892
-944
-966
-961
-927
-868
-786
-685
-569
-444
-312
-180
-50
72
187
290
381
460
527
582
629
667
700
729
754
777
799
817
832
842
846
841
825
799
760
709
646
573
489
397
299
197
91
-13
-117
-218
-313
-400
-479
-546
-602
-645
-674
-688
-687
-671
-640
-592
-528
-447
-351
-238
-110
29
180
338
498
655
802
934
1045
1128
1180
1198
1180
1127
1039
920
774
605
419
222
20
-182
-378
-564
-735
-885
-1012
-1114
-1186
-1228
-1240
-1220
-1171
-1093
-990
-864
-719
-560
-391
-217
-43
125
284
428
554
657
736
786
808
799
761
693
597
476
333
171
-4
-189
-378
-565
-744
-910
-1057
-1179
-1272
-1333
-1360
-1349
-1302
-1219
-1102
-953
-778
-581
-367
-143
84
309
525
727
909
1066
1196
1295
1361
1394
1394
1360
1294
1199
1077
931
765
584
393
196
0
-189
-367
-530
-671
-787
-876
-934
-962
-959
-928
-869
-788
-688
-574
-450
-320
-189
-60
63
179
287
385
473
551
619
677
726
765
793
809
811
800
771
726
662
580
481
368
243
111
-22
-153
-276
-387
-483
-562
-622
-664
-691
-703
-703
-693
-675
-650
-617
-577
-530
-475
-413
-344
-269
-189
-107
-25
57
138
217
294
370
446
523
602
684
770
858
949
1040
1129
1212
1284
1342
1381
1397
1384
1342
1267
1160
1021
856
667
461
246
29
-180
-377
-552
-701
-820
-907
-963
-991
-996
-982
-958
-928
-900
-879
-869
-871
-886
-912
-948
-991
-1036
-1081
-1123
-1158
-1185
-1203
-1210
-1207
-1192
-1166
-1128
-1076
-1010
-927
-826
-705
-563
-400
-217
-16
196
418
639
852
1047
1213
1342
1423
1452
1423
1335
1189
990
747
468
167
-140
-443
-724
-971
-1171
-1313
-1391
-1398
-1332
-1194
-989
-720
-399
-34
361
776
1196
1607
1996
2352
2664
2922
3120
3253
3320
3320
3256
3134
2958
2737
2479
2194
1891
1578
1263
953
655
371
105
-141
-370
-582
-778
-963
-1139
-1307
-1470
-1627
-1778
-1922
-2055
-2173
-2273
-2350
-2402
-2425
-2419
-2383
-2319
-2230
-2119
-1992
-1854
-1710
-1564
-1422
-1288
-1165
-1055
-959
-879
-812
-758
-715
-679
-647
-616
-583
-542
-492
-430
-354
-262
-154
-30
107
257
416
580
745
904
1054
1188
1301
1389
1449
1479
1476
1443
1380
1290
1179
1052
914
771
629
495
372
264
174
104
54
23
9
9
20
38
59
79
95
104
103
90
66
30
-15
-69
-130
-192
-254
-312
-363
-403
-431
-445
-444
-428
-400
-361
-316
-268
-223
-184
-156
-142
-146
-168
-208
-263
-331
-404
-478
-544
-596
-627
-630
-601
-538
-438
-302
-132
68
295
544
810
1088
1373
1659
1943
2219
2483
2728
2948
3134
3280
3375
3409
3374
3261
3063
2778
2404
1948
1418
827
193
-463
-1120
-1754
-2344
-2870
-3316
-3669
-3923
-4076
-4129
-4090
-3970
-3780
-3535
-3250
-2939
-2617
-2293
-1979
-1680
-1403
-1148
-918
-711
-525
-359
-209
-74
49
163
268
365
456
540
617
687
751
809
861
908
949
986
1018
1046
1070
1089
1103
1110
1111
1105
1091
1069
1039
1002
960
914
866
817
771
727
688
653
622
596
572
550
528
504
477
447
412
372
327
279
228
177
127
79
35
-2
-35
-62
-84
-102
-119
-134
-152
-174
-202
-236
-277
-325
-379
-437
-496
-555
-610
-659
-699
-728
-747
-754
-751
-738
-718
-693
-666
-637
-609
-583
-559
-536
-513
-489
-462
-429
-389
-340
-282
-213
-135
-50
41
135
230
321
407
483
548
599
634
652
652
636
603
555
493
420
338
249
157
62
-32
-124
-212
-294
-369
-436
-494
-540
-575
-595
-601
-589
-559
-510
-442
-355
-251
-133
-7
122
249
366
465
541
587
599
574
513
418
292
140
-28
-207
-388
-562
-723
-865
-982
-1073
-1137
-1175
-1189
-1181
-1155
-1113
-1056
-985
-897
-791
-663
-509
-328
-117
120
383
665
956
1246
1522
1772
1983
2146
2253
2299
2282
2207
2078
1905
1700
1474
1240
1011
798
609
451
326
234
175
142
129
128
131
129
115
83
29
-49
-153
-279
-423
-579
-741
-900
-1049
-1181
-1290
-1372
-1425
-1447
-1440
-1406
-1349
-1274
-1185
-1087
-983
-879
-775
-674
-577
-482
-389
-296
-204
-109
-12
88
190
294
397
495
587
667
733
781
808
814
798
760
704
632
548
458
367
278
197
128
72
33
10
5
15
40
75
120
169
220
267
309
340
358
360
345
311
259
190
106
12
-85
-184
-275
-352
-409
-440
-441
-409
-342
-242
-113
40
212
394
576
748
901
1026
1116
1164
1167
1124
1035
903
736
541
327
103
-118
-329
-521
-686
-819
-917
-978
-1005
-999
-966
-911
-842
-764
-685
-611
-546
-496
-462
-445
-446
-464
-495
-537
-585
-636
-685
-727
-760
-779
-783
-769
-736
-685
-615
-527
-422
-303
-170
-27
123
278
435
589
736
871
989
1085
1156
1197
1206
1183
1128
1044
935
806
664
516
367
224
91
-27
-131
-219
-291
-348
-393
-428
-454
-474
-489
-500
-507
-511
-510
-505
-494
-477
-454
-425
-389
-348
-303
-255
-205
-156
-110
-67
-30
0
24
42
53
60
63
65
67
70
77
88
103
123
146
171
197
221
242
257
264
263
253
234
208
175
138
101
66
36
16
5
8
22
49
85
128
174
218
255
281
291
281
250
195
119
23
-88
-211
-340
-467
-586
-691
-777
-838
-873
-877
-852
-797
-715
-609
-483
-341
-189
-31
126
281
429
566
691
802
900
983
1053
1110
1154
1185
1205
1213
1208
1190
1158
1110
1045
963
862
741
600
441
265
74
-127
-334
-542
-744
-933
-1102
-1246
-1359
-1437
-1477
-1476
-1436
-1357
-1243
-1097
-926
-736
-535
-329
-126
65
240
391
513
603
659
681
668
624
553
458
345
221
90
-40
-165
-280
-379
-460
-520
-557
-570
-560
-530
-481
-417
-341
-259
-173
-88
-7
67
134
191
238
274
301
318
327
328
323
312
297
278
255
229
200
169
135
100
64
27
-7
-41
-73
-101
-126
-147
-163
-174
-180
-181
-176
-166
-150
-129
-102
-70
-34
6
50
99
153
211
274
342
417
499
586
680
779
882
986
1088
1184
1270
1342
1394
1422
1421
1388
1322
1220
1084
917
721
502
266
17
-235
-486
-728
-956
-1165
-1349
-1505
-1631
-1725
-1786
-1816
-1816
-1790
-1742
-1675
-1595
-1505
-1411
-1315
-1221
-1131
-1045
-965
-889
-818
-748
-679
-610
-537
-461
-379
-293
-201
-103
-2
100
204
306
404
495
576
646
702
742
767
775
767
743
706
657
600
537
470
405
343
288
242
206
182
170
167
173
184
198
211
221
226
224
215
199
179
156
132
111
96
88
90
103
126
159
199
243
288
329
361
379
381
362
322
259
174
70
-49
-179
-313
-445
-569
-678
-766
-828
-860
-860
-827
-760
-663
-537
-388
-221
-41
142
324
499
659
800
917
1008
1072
1107
1115
1097
1055
993
914
822
721
614
506
399
299
206
122
49
-12
-65
-111
-151
-188
-226
-266
-309
-357
-408
-462
-516
-565
-607
-637
-650
-644
-617
-566
-493
-399
-288
-164
-33
97
221
330
418
480
510
508
472
403
306
185
46
-103
-257
-407
-547
-671
-773
-851
-901
-924
-918
-885
-829
-751
-658
-551
-437
-319
-201
-87
19
118
205
282
346
398
439
471
494
510
522
530
537
543
549
556
562
567
570
570
564
552
532
505
470
429
383
334
285
237
193
154
121
95
75
60
50
41
33
24
11
-4
-25
-52
-83
-119
-158
-198
-239
-279
-317
-351
-382
-407
-427
-442
-452
-458
-460
-457
-452
-443
-433
-422
-410
-399
-391
-385
-384
-388
-398
-415
-438
-466
-498
-532
-565
-594
-615
-626
-623
-604
-568
-514
-441
-352
-249
-135
-14
109
232
350
460
559
645
717
775
820
854
877
891
899
901
899
892
882
866
844
812
770
715
645
558
455
336
204
61
-87
-237
-383
-518
-639
-739
-814
-863
-884
-875
-840
-778
-693
-589
-469
-339
-202
-63
71
197
310
403
473
515
528
508
458
378
273
147
7
-139
-286
-425
-549
-651
-727
-773
-788
-770
-721
-645
-546
-430
-303
-171
-42
78
186
277
348
399
431
444
443
430
408
383
355
329
306
287
272
262
254
248
243
237
228
215
197
174
145
110
70
25
-22
-72
-122
-170
-214
-251
-280
-298
-304
-295
-272
-234
-181
-116
-40
44
133
225
315
401
479
545
599
637
660
665
653
624
578
516
438
347
242
126
0
-136
-279
-427
-578
-729
-876
-1017
-1145
-1258
-1351
-1421
-1464
-1479
-1465
-1424
-1358
-1269
-1161
-1038
-903
-759
-609
-455
-297
-138
22
183
343
502
659
812
960
1102
1236
1362
1479
1585
1682
1769
1845
1910
1966
2010
2044
2067
