620
703
771
824
861
883
892
888
873
848
814
772
724
669
609
544
476
405
332
259
186
116
50
-11
-65
-112
-150
-178
-197
-205
-204
-195
-178
-156
-131
-104
-77
-53
-32
-16
-7
-4
-9
-20
-38
-61
-89
-120
-154
-188
-222
-254
-282
-307
-327
-341
-349
-351
-347
-337
-322
-302
-279
-253
-225
-195
-165
-135
-105
-75
-47
-20
4
28
50
71
89
105
120
133
144
152
159
164
167
169
168
166
162
157
149
139
126
110
91
69
44
15
-16
-50
-85
-120
-154
-185
-213
-236
-253
-264
-267
-263
-252
-233
-207
-175
-138
-96
-52
-6
39
84
126
165
199
228
250
266
275
276
271
259
241
218
190
158
124
87
50
13
-22
-56
-88
-117
-143
-166
-185
-201
-213
-222
-226
-227
-223
-214
-202
-185
-164
-140
-113
-85
-57
-30
-5
15
31
41
44
41
32
17
-2
-25
-51
-77
-101
-124
-142
-156
-166
-170
-169
-163
-154
-141
-127
-112
-96
-82
-70
-60
-52
-47
-45
-46
-48
-52
-58
-64
-71
-79
-87
-95
-104
-111
-119
-125
-128
-130
-127
-120
-107
-88
-62
-28
12
60
114
174
237
303
368
430
486
534
571
595
603
595
570
528
468
393
304
204
96
-16
-131
-243
-348
-444
-526
-592
-639
-666
-672
-656
-620
-565
-493
-408
-314
-212
-109
-7
89
178
256
323
376
416
443
457
460
454
439
418
392
362
330
295
259
222
184
145
106
66
26
-13
-53
-92
-128
-162
-192
-217
-236
-249
-255
-253
-244
-227
-204
-174
-139
-99
-55
-9
38
88
137
186
233
278
320
359
393
420
441
452
452
439
413
371
313
238
149
46
-68
-191
-318
-445
-567
-678
-775
-853
-907
-935
-935
-906
-849
-765
-657
-529
-385
-232
-74
82
232
370
492
596
678
738
776
791
787
764
726
674
611
540
463
383
300
217
135
55
-22
-95
-163
-226
-281
-329
-369
-398
-418
-427
-426
-414
-391
-360
-321
-276
-227
-176
-124
-75
-30
9
41
64
78
84
80
67
47
21
-9
-43
-79
-115
-151
-183
-211
-234
-249
-257
-255
-243
-222
-190
-149
-99
-42
21
88
157
226
294
357
415
464
504
534
552
558
552
533
504
464
417
364
307
248
191
136
87
44
8
-20
-39
-51
-56
-53
-44
-31
-13
6
26
47
65
81
91
95
93
82
64
37
2
-40
-90
-146
-207
-271
-336
-401
-464
-523
-575
-621
-658
-685
-704
-713
-712
-704
-687
-663
-632
-594
-550
-500
-443
-379
-308
-230
-145
-54
42
142
243
344
442
534
619
692
754
803
838
860
869
868
856
838
814
787
759
731
703
677
652
628
605
583
559
535
509
481
451
419
386
352
318
283
249
215
182
149
114
78
38
-5
-57
-116
-186
-267
-359
-463
-577
-700
-830
-965
-1101
-1235
-1364
-1485
-1595
-1691
-1771
-1833
-1874
-1895
-1893
-1868
-1820
-1749
-1654
-1539
-1402
-1247
-1075
-889
-692
-487
-277
-66
142
345
538
719
884
1031
1157
1262
1344
1404
1441
1458
1455
1436
1403
1359
1307
1250
1191
1132
1076
1023
974
931
893
859
830
803
777
752
726
697
666
632
595
553
508
460
408
354
297
238
178
116
52
-11
-76
-142
-209
-277
-347
-419
-492
-567
-643
-719
-793
-866
-934
-996
-1050
-1095
-1128
-1148
-1156
-1149
-1130
-1097
-1052
-997
-933
-861
-784
-704
-622
-540
-459
-380
-304
-230
-161
-95
-32
25
79
129
174
215
252
283
310
332
349
362
370
374
375
371
364
353
339
322
302
280
256
231
206
182
160
141
126
117
112
114
122
135
154
176
201
228
256
282
306
326
342
354
360
361
357
346
331
310
283
250
212
169
119
65
5
-58
-126
-196
-269
-342
-414
-484
-550
-610
-663
-707
-741
-762
-770
-763
-741
-704
-652
-585
-505
-412
-307
-194
-73
52
181
312
441
566
686
798
900
991
1069
1131
1177
1206
1216
1208
1182
1138
1078
1004
917
820
716
606
493
379
266
155
47
-56
-157
-253
-344
-432
-514
-592
-664
-731
-792
-845
-891
-928
-954
-971
-976
-969
-950
-919
-876
-822
-757
-683
-602
-513
-420
-324
-226
-127
-29
66
162
256
348
440
530
618
703
783
857
922
975
1014
1035
1035
1014
969
902
811
701
573
431
280
124
-30
-180
-319
-446
-555
-647
-718
-769
-801
-814
-812
-795
-767
-730
-686
-639
-590
-541
-492
-445
-399
-356
-314
-273
-232
-191
-149
-106
-62
-17
28
73
119
162
203
241
273
300
321
334
340
339
331
317
297
273
247
219
191
164
140
119
102
91
85
85
91
103
119
141
166
194
223
252
279
304
323
337
343
340
329
309
280
242
197
146
91
32
-27
-88
-147
-203
-256
-304
-347
-384
-415
-439
-458
-472
-481
-485
-486
-482
-475
-464
-449
-430
-406
-378
-344
-304
-259
-209
-154
-96
-35
27
89
148
203
251
290
319
337
342
334
314
284
243
195
142
86
30
-23
-73
-117
-154
-182
-201
-211
-211
-203
-187
-164
-136
-103
-68
-31
5
41
75
106
133
156
172
183
187
183
172
154
129
98
61
20
-23
-68
-113
-156
-195
-230
-258
-278
-290
-294
-289
-275
-254
-225
-191
-152
-111
-69
-27
11
47
77
100
116
123
122
112
95
71
42
10
-22
-55
-83
-107
-123
-131
-130
-118
-98
-70
-34
7
52
100
149
197
243
287
328
364
397
425
449
468
481
490
492
488
478
460
435
402
362
315
260
200
136
68
0
-67
-133
-194
-249
-297
-337
-368
-390
-403
-408
-406
-396
-381
-360
-335
-307
-276
-242
-207
-171
-134
-96
-58
-20
17
54
89
123
153
179
201
217
226
229
224
212
194
170
141
110
77
44
12
-16
-41
-63
-81
-95
-106
-115
-124
-133
-143
-156
-172
-192
-215
-241
-269
-297
-324
-347
-366
-377
-380
-373
-356
-328
-290
-244
-189
-129
-65
-1
61
119
172
216
250
274
287
290
284
270
249
225
198
170
144
120
99
82
68
59
52
47
43
40
36
32
25
17
7
-3
-14
-25
-35
-42
-46
-46
-42
-34
-22
-5
13
35
59
84
109
134
159
182
205
226
245
262
277
289
298
304
307
305
299
288
272
251
226
196
163
127
89
52
16
-17
-46
-69
-86
-95
-97
-92
-80
-62
-40
-14
12
39
63
85
101
111
116
113
104
89
69
45
18
-9
-37
-64
-89
-111
-130
-145
-156
-163
-167
-168
-166
-164
-161
-159
-159
-162
-167
-176
-188
-202
-218
-233
-248
-259
-265
-266
-260
-248
-228
-202
-171
-137
-100
-64
-29
1
26
46
59
65
64
57
46
32
15
0
-15
-27
-36
-41
-41
-38
-31
-22
-11
0
10
19
25
28
27
22
12
-2
-20
-42
-68
-98
-129
-163
-199
-235
-272
-309
-344
-377
-407
-433
-452
-464
-468
-460
-441
-409
-364
-304
-231
-146
-50
53
162
273
381
484
578
659
725
775
807
822
819
801
770
727
676
619
560
500
442
387
336
290
249
212
178
146
116
85
54
21
-14
-53
-95
-140
-188
-237
-288
-340
-391
-441
-489
-534
-575
-613
-646
-675
-698
-715
-727
-732
-731
-724
-709
-688
-660
-625
-583
-535
-481
-422
-357
-287
-214
-137
-58
21
102
183
262
339
412
480
541
595
641
677
703
719
724
719
704
681
649
611
568
521
472
421
369
318
267
217
169
122
79
39
3
-28
-54
-73
-87
-93
-92
-84
-70
-51
-27
0
29
60
90
118
144
166
184
198
206
209
207
200
188
172
152
130
104
77
49
20
-8
-37
-65
-92
-117
-141
-162
-180
-195
-205
-210
-209
-201
-185
-160
-127
-85
-35
21
84
150
217
284
346
401
448
483
506
515
510
490
457
410
351
282
206
124
39
-46
-129
-208
-281
-346
-401
-446
-481
-506
-521
-527
-526
-520
-510
-498
-486
-475
-467
-462
-462
-468
-478
-494
-514
-537
-562
-587
-612
-633
-650
-661
-665
-661
-648
-627
-596
-556
-507
-449
-383
-307
-224
-134
-36
66
173
284
395
505
612
712
804
884
950
1000
1033
1046
1040
1014
968
905
826
734
631
522
408
294
181
72
-29
-124
-210
-287
-354
-412
-460
-498
-528
-549
-562
-568
-566
-558
-544
-525
-501
-473
-443
-410
-376
-341
-307
-273
-241
-210
-180
-152
-124
-97
-68
-37
-4
32
73
118
168
224
283
347
414
483
551
618
681
736
782
814
831
828
806
762
697
612
508
389
257
118
-23
-165
-303
-432
-551
-657
-748
-822
-880
-920
-942
-948
-937
-911
-871
-819
-757
-686
-608
-527
-443
-359
-277
-198
-123
-53
11
70
124
174
221
265
308
351
394
439
486
534
583
632
679
723
763
797
824
843
852
851
840
819
787
745
695
636
570
498
421
341
258
175
92
13
-62
-132
-195
-248
-291
-324
-344
-352
-348
-332
-305
-268
-223
-172
-116
-58
0
54
105
149
184
210
225
229
222
206
180
147
108
66
22
-22
-64
-103
-139
-170
-196
-218
-235
-249
-259
-268
-276
-283
-291
-301
-311
-324
-338
-354
-373
-392
-412
-433
-454
-475
-494
-511
-526
-537
-543
-543
-538
-526
-507
-481
-450
-413
-371
-328
-283
-239
-196
-157
-121
-89
-60
-35
-11
10
33
57
84
114
148
185
227
271
317
363
407
449
486
517
541
557
565
565
557
543
523
498
470
439
407
373
338
301
264
225
185
142
97
50
0
-52
-107
-164
-221
-279
-335
-388
-437
-480
-516
-543
-561
-569
-565
-552
-528
-495
-454
-408
-356
-302
-248
-194
-142
-94
-50
-11
23
54
81
104
126
146
164
180
194
206
215
219
218
211
196
174
144
108
66
20
-28
-75
-121
-161
-193
-216
-229
-229
-217
-192
-157
-111
-58
0
61
123
182
237
284
323
353
372
380
379
369
352
329
303
277
252
230
214
205
203
207
218
232
249
266
280
288
288
278
257
224
179
123
57
-13
-89
-164
-236
-302
-357
-398
-425
-435
-427
-402
-360
-304
-235
-158
-74
11
97
178
251
314
364
399
419
422
411
385
348
301
250
196
144
98
60
34
21
23
40
71
114
168
230
295
361
421
474
514
539
545
530
494
436
357
260
147
21
-111
-249
-384
-514
-633
-738
-825
-893
-938
-962
-964
-946
-910
-858
-794
-720
-640
-556
-472
-389
-308
-232
-161
-95
-35
19
69
113
153
187
217
242
262
276
285
288
286
279
266
249
228
204
177
150
121
94
67
43
20
0
-18
-35
-51
-66
-80
-95
-111
-126
-143
-159
-174
-188
-199
-208
-212
-211
-204
-191
-172
-146
-114
-76
-33
12
60
108
155
199
238
271
297
315
324
326
320
307
288
265
239
210
181
152
123
97
73
51
32
14
