421
444
463
475
479
474
459
436
406
370
330
288
248
209
173
143
118
98
85
79
80
89
106
133
170
215
270
332
399
468
536
598
650
686
703
695
659
592
492
360
199
11
-196
-416
-642
-865
-1077
-1269
-1437
-1573
-1675
-1740
-1767
-1757
-1712
-1634
-1527
-1395
-1242
-1074
-896
-711
-525
-342
-164
4
164
314
454
585
709
827
940
1050
1155
1255
1348
1431
1500
1550
1579
1582
1556
1499
1411
1292
1145
973
782
576
362
146
-63
-263
-447
-610
-749
-861
-946
-1004
-1035
-1042
-1026
-992
-941
-879
-807
-728
-646
-563
-479
-396
-315
-235
-156
-79
-3
72
146
219
289
356
419
475
523
563
591
609
615
608
589
558
515
462
399
328
249
165
77
-13
-103
-192
-277
-358
-431
-497
-554
-600
-637
-662
-676
-679
-672
-655
-628
-593
-552
-505
-455
-402
-349
-298
-248
-202
-160
-123
-89
-60
-34
-12
7
24
40
54
68
81
93
106
119
132
145
158
172
187
200
214
226
237
245
251
252
250
242
228
207
180
145
103
53
-4
-70
-143
-222
-307
-396
-488
-582
-674
-762
-845
-918
-979
-1025
-1054
-1064
-1053
-1021
-968
-895
-802
-692
-568
-432
-288
-140
8
155
296
431
558
678
790
897
1001
1104
1209
1316
1428
1542
1659
1774
1885
1988
2079
2154
2210
2242
2250
2230
2182
2105
2000
1864
1701
1509
1290
1045
778
490
187
-128
-449
-771
-1087
-1391
-1677
-1938
-2171
-2371
-2535
-2662
-2751
-2803
-2819
-2802
-2753
-2675
-2571
-2443
-2293
-2124
-1937
-1734
-1518
-1290
-1053
-809
-563
-318
-77
154
374
578
763
927
1068
1185
1277
1346
1392
1417
1421
1408
1378
1335
1280
1216
1144
1067
987
906
825
747
673
605
544
493
452
422
403
396
401
417
443
476
516
559
602
642
675
699
709
703
679
635
569
484
380
260
128
-13
-159
-304
-445
-576
-695
-798
-883
-948
-993
-1018
-1023
-1011
-982
-939
-886
-826
-761
-695
-632
-574
-523
-481
-448
-425
-411
-403
-400
-400
-399
-395
-386
-371
-347
-315
-275
-228
-176
-120
-63
-7
46
94
135
169
194
210
218
218
211
198
180
159
136
112
88
65
45
26
11
0
-6
-9
-5
4
20
44
74
113
158
208
263
321
377
430
477
512
535
540
526
490
432
352
251
131
-3
-150
-305
-461
-615
-760
-894
-1011
-1109
-1185
-1240
-1272
-1283
-1273
-1244
-1199
-1139
-1067
-983
-890
-787
-676
-557
-430
-294
-149
3
164
332
508
689
875
1062
1249
1432
1607
1769
1912
2031
2120
2172
2185
2153
2077
1956
1795
1598
1374
1131
880
631
392
174
-17
-178
-306
-402
-468
-508
-529
-536
-536
-537
-542
-556
-583
-623
-677
-741
-812
-888
-962
-1029
-1086
-1126
-1148
-1149
-1127
-1082
-1015
-929
-825
-707
-580
-446
-309
-173
-42
80
192
292
377
446
497
532
550
552
541
520
490
456
422
389
361
340
328
325
331
345
365
389
414
436
452
460
457
441
410
365
307
235
154
64
-28
-123
-215
-301
-377
-442
-492
-525
-540
-537
-514
-471
-411
-333
-240
-134
-20
97
214
325
423
503
561
591
592
562
503
417
309
185
52
-83
-214
-334
-437
-519
-578
-612
-622
-609
-576
-527
-467
-398
-326
-254
-186
-124
-71
-28
4
26
39
43
40
31
19
4
-10
-25
-38
-49
-58
-63
-66
-66
-63
-58
-51
-42
-30
-18
-3
11
27
43
59
75
90
102
112
119
122
122
117
108
95
80
63
46
28
12
-1
-13
-23
-32
-39
-47
-56
-69
-85
-106
-133
-165
-204
-248
-296
-347
-399
-452
-502
-548
-588
-620
-641
-650
-645
-624
-587
-533
-464
-379
-281
-174
-61
54
168
276
374
459
529
582
617
635
638
627
607
580
550
519
491
468
450
439
432
430
429
429
427
420
408
389
363
331
293
252
208
164
122
84
51
25
5
-8
-15
-18
-18
-17
-17
-20
-27
-40
-59
-86
-119
-159
-205
-256
-309
-364
-417
-468
-513
-550
-577
-593
-596
-585
-560
-522
-471
-409
-339
-263
-184
-107
-33
32
88
130
158
169
163
139
99
44
-23
-102
-188
-279
-370
-459
-541
-613
-672
-714
-735
-735
-709
-658
-581
-478
-351
-202
-35
146
337
532
725
910
1082
1233
1361
1461
1530
1567
1571
1544
1486
1403
1296
1171
1031
882
728
572
419
274
140
20
-81
-162
-221
-257
-269
-260
-231
-186
-130
-68
-5
52
100
133
148
142
114
66
-1
-86
-183
-288
-395
-501
-599
-687
-759
-814
-849
-865
-861
-840
-802
-751
-689
-618
-543
-466
-389
-315
-246
-183
-127
-80
-42
-13
7
20
26
26
22
13
3
-8
-20
-32
-42
-50
-56
-59
-58
-54
-44
-29
-8
19
56
100
153
214
281
352
424
495
561
617
659
685
689
671
629
562
472
359
229
84
-70
-229
-387
-538
-677
-799
-901
-978
-1029
-1053
-1050
-1019
-964
-886
-788
-675
-549
-415
-278
-141
-8
116
230
332
420
493
551
596
629
652
667
678
687
696
708
723
744
769
798
829
861
891
915
929
930
914
878
819
737
632
507
363
207
43
-122
-282
-431
-563
-674
-759
-817
-846
-847
-823
-777
-714
-639
-557
-474
-396
-327
-271
-231
-210
-208
-225
-260
-312
-378
-454
-539
-627
-715
-799
-874
-938
-987
-1018
-1031
-1023
-995
-948
-883
-804
-712
-611
-505
-395
-286
-180
-78
18
110
195
276
353
427
499
571
643
716
787
857
923
983
1034
1073
1098
1107
1099
1073
1031
976
909
836
761
687
620
562
518
487
472
470
480
497
519
540
553
555
539
501
438
347
228
81
-90
-284
-495
-716
-943
-1166
-1380
-1577
-1750
-1894
-2003
-2075
-2105
-2094
-2041
-1948
-1818
-1655
-1464
-1252
-1025
-789
-551
-317
-92
117
310
483
635
766
876
967
1039
1097
1141
1175
1199
1217
1230
1238
1244
1248
1252
1258
1265
1276
1290
1308
1330
1354
1378
1401
1419
1430
1430
1418
1392
1349
1289
1211
1115
1002
873
728
570
401
222
37
-151
-341
-528
-711
-888
-1055
-1213
-1361
-1497
-1622
-1735
-1836
-1922
-1994
-2049
-2086
-2103
-2100
-2074
-2026
-1956
-1865
-1754
-1626
-1484
-1331
-1170
-1004
-838
-674
-515
-365
-225
-97
16
115
199
269
325
368
400
422
438
448
455
461
467
477
491
510
537
573
617
670
732
802
879
961
1044
1128
1208
1282
1345
1396
1430
1446
1442
1416
1369
1299
1209
1098
970
826
671
507
338
169
4
-152
-297
-427
-539
-632
-704
-756
-789
-803
-802
-789
-765
-735
-701
-665
-629
-595
-564
-534
-508
-483
-459
-436
-413
-390
-368
-348
-330
-317
-310
-312
-324
-348
-386
-436
-500
-576
-662
-755
-850
-944
-1032
-1108
-1168
-1206
-1219
-1202
-1154
-1073
-960
-815
-641
-441
-220
15
261
511
758
996
1219
1423
1602
1754
1877
1967
2026
2052
2047
2014
1953
1868
1762
1638
1500
1349
1189
1022
849
672
494
316
141
-30
-196
-354
-502
-640
-766
-878
-977
-1062
-1132
-1186
-1227
-1252
-1264
-1263
-1251
-1228
-1195
-1154
-1105
-1048
-985
-914
-836
-750
-656
-554
-444
-327
-203
-75
56
188
317
440
553
654
738
802
846
867
866
845
805
749
682
608
531
455
385
322
268
226
195
174
162
156
154
152
147
137
118
89
49
-2
-65
-137
-216
-300
-384
-465
-540
-605
-658
-694
-714
-714
-694
-656
-598
-522
-431
-327
-212
-91
32
155
274
386
487
576
651
711
756
786
804
810
806
793
773
747
715
677
634
585
529
466
397
320
238
150
59
-34
-128
-220
-309
-391
-464
-529
-583
-626
-658
-680
-693
-698
-697
-691
-683
-674
-665
-656
-649
-642
-636
-631
-625
-617
-606
-592
-572
-547
-516
-477
-430
-375
-312
-241
-162
-76
15
113
213
316
417
516
609
694
769
831
879
911
926
924
905
870
818
752
672
581
480
372
259
144
30
-81
-187
-285
-373
-450
-515
-569
-611
-642
-663
-676
-682
-683
-678
-669
-655
-636
-611
-579
-538
-487
-424
-349
-261
-162
-52
65
188
313
435
549
652
738
805
849
868
863
832
778
703
610
506
393
277
163
55
-42
-128
-200
-256
-298
-327
-342
-348
-345
-336
-322
-302
-279
-251
-216
-175
-124
-64
6
89
181
282
388
497
603
702
789
859
908
933
932
904
849
769
666
546
412
270
126
-14
-148
-269
-374
-461
-528
-575
-602
-612
-607
-590
-563
-531
-498
-465
-436
-413
-397
-389
-387
-392
-403
-416
-432
-448
-462
-474
-483
-488
-489
-487
-482
-475
-466
-456
-446
-436
-427
-417
-407
-396
-382
-364
-341
-312
-273
-224
-164
-91
-5
92
203
324
452
587
723
856
983
1100
1201
1285
1349
1390
1408
1402
1373
1323
1254
1167
1066
954
833
707
579
451
324
201
83
-29
-135
-236
-330
-417
-498
-573
-642
-703
-757
-803
-841
-870
-890
-900
-901
-894
-877
-853
-822
-785
-744
-699
-653
-604
-556
-507
-460
-413
-366
-320
-273
-225
-176
-124
-69
-12
48
112
177
243
308
369
424
472
511
538
553
555
543
517
479
430
370
303
230
153
76
1
-70
-135
-193
-241
-279
-305
-320
-324
-317
-300
-273
-239
-199
-155
-110
-66
-25
8
33
47
48
35
7
-33
-86
-149
-218
-290
-360
-424
-476
-512
-530
-526
-500
-451
-382
-296
-198
-93
10
107
192
260
308
337
346
339
320
297
274
259
257
272
309
366
446
543
656
777
901
1019
1125
1211
1269
1294
1283
1233
1145
1022
870
696
508
316
130
-40
-188
-307
-392
-442
-458
-442
-399
-335
-258
-176
-96
-25
29
64
77
64
28
-29
-107
-199
-302
-409
-516
-619
-712
-793
-859
-908
-941
-956
-954
-936
-903
-857
-798
-728
-650
-565
-475
-383
-293
-205
-124
-50
12
64
104
131
148
155
153
146
136
124
113
106
103
106
116
132
154
180
209
239
268
294
315
328
334
330
317
295
266
231
192
152
112
74
41
13
-7
-21
-28
-27
-19
-5
14
37
63
89
115
138
157
169
174
172
161
143
117
86
50
11
-29
-69
-106
-140
-169
-192
-207
-214
-211
-199
-178
-146
-106
-57
-1
60
126
194
262
327
387
440
484
516
537
544
538
517
482
433
372
299
216
123
24
-78
-184
-289
-390
-484
-567
-636
-689
-722
-735
-726
-695
-644
-575
-493
-401
-304
-209
-122
-46
11
49
63
52
17
-39
-115
-206
-305
-408
-508
-599
-678
-739
-780
-801
-801
-782
-747
-698
-640
-576
-510
-444
-380
-320
-263
-210
-157
-104
-47
15
87
170
264
370
487
613
747
884
1019
1149
1267
1370
1451
1508
1538
1537
1507
1448
1362
1253
1124
982
831
677
524
376
237
109
-4
-103
-187
-254
-306
-343
-366
-376
-376
-366
-350
-330
-309
-290
-275
-266
-264
-272
-288
-314
-347
-386
-430
-477
-522
-564
-601
-628
-645
-649
-640
-615
-576
-523
-457
-381
-297
-208
-118
-28
57
136
206
267
317
357
386
406
417
421
419
412
402
