14
3
-3
-6
-7
-6
-3
0
3
7
11
14
18
21
24
26
26
26
23
18
11
0
-13
-30
-51
-74
-100
-128
-156
-184
-210
-234
-254
-270
-279
-283
-279
-269
-251
-227
-197
-162
-124
-83
-40
1
41
79
113
141
165
183
194
200
201
197
189
178
166
153
140
129
120
114
109
105
102
99
93
85
74
57
35
7
-26
-65
-109
-157
-207
-258
-308
-355
-398
-433
-460
-477
-481
-473
-451
-416
-367
-306
-234
-152
-62
33
132
232
330
423
509
586
650
702
739
761
767
760
739
706
664
613
557
496
432
366
299
231
163
96
29
-36
-99
-160
-217
-270
-316
-356
-388
-412
-427
-433
-432
-422
-406
-385
-359
-331
-301
-272
-244
-219
-196
-175
-158
-142
-128
-114
-101
-87
-73
-58
-44
-30
-17
-5
2
7
9
7
1
-8
-22
-39
-59
-81
-104
-128
-153
-176
-198
-218
-235
-246
-253
-252
-244
-228
-203
-168
-123
-70
-7
63
140
222
305
388
468
541
605
656
692
711
711
692
653
597
525
440
345
245
143
44
-48
-130
-200
-256
-297
-321
-331
-327
-312
-287
-255
-219
-181
-143
-106
-72
-42
-17
4
22
37
50
61
72
83
96
110
125
142
160
179
198
216
231
243
251
253
250
240
225
203
176
145
112
78
46
16
-8
-29
-44
-54
-59
-62
-63
-64
-67
-75
-87
-106
-132
-164
-202
-243
-286
-328
-366
-397
-418
-427
-423
-404
-370
-323
-264
-195
-119
-40
39
115
186
247
299
338
364
377
376
363
337
301
256
203
144
81
15
-50
-115
-177
-235
-288
-335
-374
-406
-432
-450
-461
-466
-467
-463
-457
-448
-438
-426
-415
-404
-392
-380
-367
-353
-337
-320
-299
-275
-248
-218
-184
-146
-104
-59
-10
41
96
154
213
274
334
393
449
501
546
585
614
634
644
643
633
613
585
550
511
469
425
383
343
307
274
246
221
199
178
158
138
116
91
63
32
0
-36
-72
-108
-142
-174
-202
-226
-245
-259
-269
-275
-277
-276
-273
-269
-265
-262
-260
-260
-262
-265
-270
-275
-280
-283
-284
-282
-276
-266
-251
-232
-209
-182
-152
-121
-88
-57
-27
0
22
40
51
55
53
42
25
1
-27
-60
-95
-129
-162
-191
-213
-227
-233
-229
-215
-192
-161
-125
-84
-43
-3
31
60
81
93
95
88
73
52
27
0
-25
-48
-65
-74
-75
-67
-50
-24
8
47
88
130
170
207
238
263
281
292
298
300
299
297
297
300
307
318
333
352
372
392
410
424
431
431
422
405
379
346
308
266
223
181
142
109
81
60
46
39
37
40
45
51
57
60
61
56
47
33
15
-7
-33
-62
-92
-122
-150
-175
-196
-212
-222
-224
-218
-204
-183
-153
-117
-74
-27
23
76
128
180
228
272
310
341
365
380
386
383
372
353
326
294
256
213
167
117
63
5
-55
-121
-191
-267
-347
-432
-519
-609
-698
-783
-862
-933
-990
-1033
-1058
-1064
-1050
-1015
-961
-889
-802
-702
-592
-476
-358
-241
-128
-23
71
154
224
280
323
352
369
375
372
362
347
327
306
285
264
246
231
219
212
209
211
217
226
239
254
270
285
299
309
315
316
311
300
281
257
228
195
160
124
91
61
37
21
13
16
29
51
82
119
160
203
243
278
304
320
323
312
287
250
200
142
78
12
-52
-114
-169
-216
-254
-282
-301
-314
-321
-324
-328
-334
-343
-358
-378
-405
-437
-472
-509
-544
-574
-598
-612
-615
-606
-584
-551
-507
-455
-397
-336
-276
-219
-168
-124
-90
-65
-50
-43
-43
-47
-53
-59
-62
-60
-52
-36
-11
21
62
111
167
229
296
366
438
511
582
649
710
763
804
833
846
843
823
785
730
661
578
486
389
289
191
99
17
-51
-106
-144
-167
-173
-166
-147
-120
-88
-54
-21
6
27
39
43
37
23
3
-22
-50
-79
-106
-131
-153
-169
-181
-188
-190
-188
-182
-173
-160
-146
-130
-112
-93
-74
-56
-39
-24
-12
-4
-1
-4
-12
-26
-45
-68
-93
-118
-141
-158
-168
-167
-155
-130
-91
-40
21
92
170
250
329
404
471
526
567
593
602
594
569
529
476
411
338
259
177
93
11
-66
-140
-206
-265
-314
-354
-384
-403
-411
-409
-396
-374
-344
-305
-261
-211
-158
-103
-48
4
54
98
135
165
185
195
195
185
166
138
103
64
20
-23
-65
-105
-140
-169
-192
-208
-218
-221
-221
-217
-211
-204
-197
-192
-188
-185
-185
-186
-189
-193
-197
-200
-203
-203
-200
-194
-185
-171
-153
-131
-107
-79
-50
-20
8
36
61
82
99
112
120
123
122
117
110
100
89
78
68
60
54
51
52
57
67
81
98
119
143
167
192
216
238
257
272
282
286
284
277
264
245
222
195
166
135
104
75
47
22
1
-17
-33
-49
-64
-82
-103
-129
-162
-200
-245
-295
-349
-405
-460
-512
-557
-593
-617
-628
-625
-606
-573
-527
-470
-404
-332
-258
-184
-115
-52
1
45
79
103
119
127
130
131
132
135
142
155
173
197
227
261
298
335
370
401
426
442
449
444
429
403
366
319
265
206
143
79
16
-42
-95
-141
-176
-200
-213
-213
-203
-182
-152
-115
-74
-31
11
50
84
112
132
144
148
144
135
120
102
82
61
40
20
2
-12
-26
-37
-46
-52
-57
-61
-63
-64
-65
-64
-63
-61
-59
-55
-50
-43
-35
-26
-15
-3
10
24
38
51
63
73
80
82
79
70
55
33
4
-30
-71
-117
-167
-218
-269
-317
-360
-397
-426
-445
-452
-448
-431
-403
-363
-313
-254
-187
-114
-39
37
114
187
255
316
370
414
447
470
482
483
474
454
425
386
340
287
228
164
96
26
-44
-114
-181
-243
-298
-344
-378
-400
-408
-400
-376
-336
-280
-212
-132
-43
51
148
243
333
413
482
535
571
588
585
564
524
469
400
322
237
150
64
-17
-90
-154
-207
-247
-275
-291
-296
-292
-280
-264
-245
-224
-204
-186
-171
-160
-151
-146
-143
-140
-138
-134
-126
-115
-99
-78
-51
-20
14
51
88
125
159
188
212
228
238
240
236
225
210
191
169
147
125
105
88
74
65
60
60
64
70
79
89
99
108
115
120
121
118
112
101
87
69
48
25
1
-22
-46
-68
-86
-101
-110
-113
-110
-101
-85
-65
-40
-12
17
46
72
95
112
121
122
113
95
65
25
-24
-83
-151
-225
-304
-385
-467
-545
-619
-683
-737
-778
-805
-816
-811
-791
-757
-710
-654
-589
-518
-442
-363
-282
-197
-109
-17
79
183
294
412
537
668
802
937
1069
1196
1312
1414
1498
1560
1597
1606
1587
1538
1461
1355
1225
1074
904
722
532
337
144
-43
-223
-390
-543
-678
-794
-890
-966
-1020
-1054
-1067
-1062
-1039
-999
-945
-878
-800
-713
-620
-523
-425
-331
-242
-164
-100
-54
-29
-29
-57
-114
-201
-318
-464
-634
-826
-1032
-1246
-1459
-1661
-1845
-2000
-2118
-2193
-2218
-2189
-2106
-1968
-1778
-1543
-1267
-960
-630
-287
58
398
724
1028
1304
1550
1761
1938
2081
2191
2271
2325
2355
2364
2355
2331
2293
2242
2178
2101
2010
1906
1788
1656
1510
1351
1180
1000
813
621
427
235
46
-134
-306
-465
-610
-738
-850
-943
-1017
-1073
-1111
-1131
-1136
-1127
-1105
-1072
-1030
-980
-924
-864
-800
-734
-667
-600
-533
-468
-406
-348
-296
-252
-216
-191
-179
-180
-195
-225
-269
-325
-391
-465
-543
-621
-694
-759
-811
-848
-865
-862
-837
-790
-722
-634
-530
-411
-281
-144
-2
139
281
418
548
671
784
885
975
1052
1116
1165
1200
1220
1226
1217
1195
1160
1115
1060
998
930
859
787
714
642
572
504
439
375
312
249
185
120
51
-20
-95
-175
-259
-345
-432
-518
-601
-679
-748
-806
-850
-878
-888
-879
-852
-807
-744
-666
-577
-478
-374
-268
-164
-65
24
104
173
228
271
302
323
336
342
344
344
343
343
344
348
354
362
370
378
385
388
386
380
366
346
319
286
246
201
152
101
49
-1
-52
-99
-142
-180
-213
-240
-261
-276
-285
-290
-290
-287
-281
-274
-266
-258
-250
-242
-235
-229
-223
-218
-213
-209
-205
-201
-198
-195
-193
-191
-188
-186
-183
-180
-175
-169
-161
-151
-139
-125
-108
-90
-70
-49
-28
-6
14
35
54
74
92
110
127
144
160
177
193
210
226
242
256
269
280
288
293
295
292
285
274
258
238
215
187
157
124
90
55
20
-12
-44
-72
-96
-115
-130
-138
-142
-140
-134
-124
-112
-97
-82
-67
-52
-40
-31
-23
-19
-18
-19
-23
-28
-34
-40
-46
-52
-56
-60
-62
-62
-62
-60
-58
-55
-53
-50
-48
-47
-47
-48
-50
-54
-59
-66
-73
-81
-88
-95
-101
-104
-106
-106
-103
-98
-91
-83
-74
-65
-58
-52
-48
-47
-49
-54
-61
-71
-82
-94
-106
-117
-126
-133
-136
-136
-132
-124
-112
-96
-76
-53
-26
2
35
70
108
148
189
231
272
313
352
387
418
443
462
472
473
465
445
416
376
326
268
203
132
58
-17
-91
-162
-228
-286
-335
-373
-400
-413
-414
-402
-378
-342
-296
-241
-180
-114
-47
19
83
142
194
237
270
292
303
302
291
270
240
202
160
113
64
15
-32
-77
-118
-154
-186
-212
-232
-248
-260
-269
-275
-280
-283
-287
-290
-293
-296
-298
-298
-296
-289
-278
-261
-238
-208
-171
-128
-79
-26
29
86
142
195
244
287
323
352
371
383
386
383
374
360
343
324
304
284
265
247
230
214
198
182
164
144
121
94
64
31
-3
-41
-78
-115
-149
-178
-202
-220
-229
-230
-223
-208
-185
-157
-124
-90
-55
-21
7
32
49
60
62
57
46
28
6
-18
-44
-71
-96
-119
-138
-154
-166
-175
-179
-180
-178
-175
-170
-164
-158
-153
-149
-146
-145
-145
-145
-146
-145
-143
-138
-129
-115
-95
-69
-37
1
45
93
145
197
248
295
336
369
391
401
398
380
349
304
247
181
109
32
-44
-118
-186
-246
-294
-330
-351
-357
-348
-324
-287
-238
-181
-116
-49
19
85
146
200
243
275
295
301
294
274
242
201
152
97
40
-17
-73
-125
-170
-207
-233
-249
-253
-245
-225
-194
-154
-105
-51
6
65
122
176
223
262
291
310
319
318
307
287
261
230
195
158
121
84
49
16
-13
-41
-66
-88
-107
-125
-141
-154
-166
-177
-185
-191
-195
-195
-191
-184
-172
-156
-137
-113
-87
-58
-28
1
30
57
81
102
119
132
140
145
145
142
135
127
116
105
92
80
68
57
46
36
26
16
6
-4
-17
-32
-49
-68
-90
-115
-141
-167
-194
-218
-239
-255
-265
-267
-260
-245
-219
-185
-143
-93
-39
19
79
140
200
256
309
357
400
437
467
491
508
517
519
512
498
474
442
401
351
294
229
160
86
