-306
-319
-328
-332
-331
-325
-316
-302
-285
-264
-239
-212
-183
-153
-122
-92
-63
-37
-14
5
20
31
38
42
44
44
44
44
46
50
56
65
76
88
100
111
121
127
129
126
117
103
83
58
30
0
-30
-59
-84
-105
-118
-122
-117
-103
-80
-48
-10
32
76
120
159
193
218
232
235
227
206
175
135
89
37
-15
-67
-116
-160
-197
-226
-247
-259
-265
-264
-258
-249
-237
-225
-212
-200
-189
-178
-169
-159
-148
-136
-123
-107
-88
-66
-41
-13
17
51
85
121
155
189
220
249
273
294
310
322
330
333
333
330
323
314
302
287
270
250
227
203
176
148
119
90
61
33
6
-16
-36
-53
-65
-74
-78
-79
-78
-74
-70
-68
-67
-71
-79
-94
-116
-146
-182
-225
-274
-326
-381
-435
-487
-535
-575
-607
-628
-637
-633
-617
-588
-548
-496
-435
-366
-290
-209
-125
-38
47
133
215
293
364
428
483
528
561
584
595
594
583
562
531
491
445
393
336
275
214
152
91
32
-21
-70
-112
-147
-174
-192
-200
-200
-190
-171
-145
-113
-76
-35
5
46
84
117
145
166
180
187
188
184
176
165
152
139
126
114
103
92
81
70
56
39
19
-4
-33
-64
-98
-133
-167
-198
-225
-247
-261
-268
-266
-256
-239
-216
-189
-160
-130
-103
-80
-64
-55
-55
-64
-81
-107
-140
-177
-217
-258
-298
-333
-363
-385
-398
-402
-397
-381
-356
-322
-280
-230
-174
-112
-46
23
94
165
234
299
359
410
452
482
499
503
493
470
434
388
332
269
201
132
63
-1
-59
-110
-149
-177
-192
-193
-182
-159
-126
-84
-35
18
73
128
180
229
271
306
332
350
359
359
351
336
314
287
257
223
188
153
118
83
51
20
-7
-33
-56
-77
-96
-113
-129
-143
-156
-167
-177
-185
-190
-192
-190
-185
-175
-160
-141
-118
-92
-62
-31
0
32
61
88
111
129
142
148
149
143
131
113
90
62
29
-7
-47
-90
-135
-180
-226
-271
-314
-352
-386
-413
-432
-442
-443
-434
-416
-389
-355
-315
-271
-224
-175
-126
-76
-28
19
66
113
158
203
246
287
326
361
390
414
432
441
443
437
424
404
378
347
313
278
242
207
174
144
118
96
80
67
59
55
53
52
51
49
46
40
30
17
0
-20
-43
-69
-96
-124
-152
-178
-203
-224
-242
-256
-267
-273
-275
-274
-269
-262
-251
-238
-223
-205
-184
-160
-134
-105
-73
-40
-5
29
64
97
127
153
174
189
197
196
186
166
138
100
55
4
-51
-108
-164
-216
-262
-298
-323
-333
-328
-308
-271
-220
-155
-79
4
93
182
267
345
411
464
501
520
520
503
469
419
357
285
205
122
38
-43
-119
-189
-250
-302
-342
-372
-391
-400
-400
-392
-376
-354
-328
-297
-262
-226
-187
-148
-109
-71
-35
-2
27
53
74
91
104
112
117
119
117
113
108
101
93
84
75
65
55
45
36
27
20
13
8
5
3
4
5
9
14
20
27
35
44
53
62
71
80
88
96
103
109
114
117
117
115
111
104
94
82
68
52
35
18
1
-15
-31
-46
-60
-72
-83
-93
-103
-111
-120
-128
-136
-145
-153
-160
-167
-171
-173
-172
-167
-157
-142
-123
-100
-73
-44
-14
14
41
65
85
99
108
112
110
104
93
80
65
50
34
19
5
-5
-13
-19
-21
-21
-17
-10
-1
10
24
40
56
74
93
113
132
152
171
189
206
221
233
242
247
249
245
237
224
206
184
158
129
97
63
27
-8
-45
-82
-117
-152
-184
-213
-239
-261
-277
-288
-293
-292
-284
-271
-252
-228
-201
-173
-145
-118
-94
-75
-60
-51
-48
-50
-56
-65
-75
-85
-93
-96
-92
-81
-62
-34
3
47
98
153
208
261
310
350
379
395
397
385
358
317
264
202
132
58
-16
-89
-158
-219
-271
-312
-340
-357
-361
-353
-336
-311
-279
-243
-205
-167
-130
-96
-66
-39
-17
0
14
25
33
40
46
51
56
60
65
69
74
77
80
82
82
80
77
72
66
59
52
45
39
34
32
32
34
40
48
58
70
83
96
108
117
122
123
119
109
93
73
48
19
-9
-39
-67
-91
-111
-124
-130
-129
-121
-105
-83
-56
-25
8
42
75
105
130
150
163
169
168
161
148
131
112
91
72
56
44
38
38
45
57
75
97
122
147
171
193
211
223
229
229
223
210
191
167
139
106
70
31
-10
-54
-100
-149
-200
-251
-303
-354
-402
-448
-488
-523
-550
-569
-579
-581
-573
-558
-535
-506
-470
-430
-386
-339
-290
-238
-185
-131
-76
-21
33
87
141
192
241
287
329
366
399
427
449
466
476
481
479
472
458
440
416
389
358
326
294
262
231
203
178
156
137
120
104
89
72
55
35
13
-9
-34
-60
-85
-108
-127
-142
-152
-154
-150
-138
-120
-96
-69
-39
-9
18
41
58
67
67
58
39
12
-22
-62
-106
-151
-195
-237
-273
-302
-323
-336
-340
-335
-322
-303
-278
-251
-221
-193
-167
-145
-129
-120
-117
-122
-133
-149
-171
-195
-220
-245
-268
-287
-302
-311
-314
-309
-298
-280
-255
-225
-190
-151
-108
-64
-18
27
73
119
164
208
251
291
329
364
394
420
441
456
465
466
461
450
433
410
384
355
324
294
265
239
217
199
187
179
176
178
183
191
199
209
217
223
226
224
218
206
188
163
131
93
48
-2
-57
-116
-177
-238
-296
-351
-401
-443
-476
-500
-513
-516
-508
-489
-459
-420
-372
-316
-254
-188
-118
-47
21
87
148
202
247
282
306
318
319
309
290
261
225
185
141
96
51
10
-27
-58
-83
-101
-111
-114
-109
-99
-83
-62
-39
-14
10
33
55
73
87
95
98
96
88
76
59
38
14
-11
-38
-68
-98
-129
-161
-194
-226
-257
-288
-316
-341
-362
-377
-386
-388
-382
-367
-345
-315
-278
-236
-191
-145
-99
-56
-17
15
43
65
81
93
101
106
111
115
119
125
132
141
151
162
174
186
197
208
218
226
231
235
237
237
234
231
226
221
217
214
213
215
219
227
238
253
270
290
311
332
353
372
389
402
410
412
407
396
378
351
318
278
231
178
120
58
-8
-77
-148
-220
-290
-359
-424
-484
-537
-582
-617
-642
-655
-657
-646
-623
-589
-545
-491
-429
-362
-292
-221
-151
-86
-27
21
58
83
95
92
76
48
7
-41
-98
-161
-227
-293
-359
-420
-476
-524
-561
-588
-600
-599
-581
-547
-497
-431
-351
-259
-157
-48
64
177
287
389
482
562
627
675
706
721
718
699
667
623
569
507
442
374
307
243
184
133
90
58
37
27
30
43
67
100
141
186
235
285
334
380
420
452
477
492
497
491
474
448
411
366
313
254
188
119
46
-27
-102
-175
-245
-311
-371
-423
-467
-501
-525
-538
-541
-534
-519
-496
-467
-433
-398
-361
-326
-292
-262
-235
-213
-195
-180
-168
-158
-148
-139
-127
-113
-96
-76
-51
-24
5
36
67
97
123
144
159
166
164
153
134
107
73
34
-7
-50
-91
-128
-160
-184
-201
-209
-208
-198
-182
-159
-132
-101
-70
-40
-11
14
36
53
66
76
81
83
83
81
79
76
73
71
70
71
72
75
79
84
90
97
103
110
117
123
129
134
139
144
148
153
159
164
171
178
186
194
202
209
215
220
222
222
220
214
206
195
182
166
149
129
108
84
59
31
2
-28
-61
-95
-129
-163
-196
-226
-254
-277
-296
-308
-314
-313
-305
-290
-269
-241
-210
-175
-140
-104
-70
-39
-13
8
24
36
43
46
46
44
40
35
29
24
18
13
8
4
1
0
0
3
9
18
29
43
58
75
93
110
127
142
154
165
172
175
176
173
167
158
145
128
108
85
58
30
0
-32
-64
-95
-125
-152
-175
-193
-207
-215
-218
-216
-210
-200
-188
-176
-163
-152
-143
-137
-135
-137
-142
-150
-159
-169
-177
-183
-185
-182
-173
-157
-135
-107
-74
-38
0
38
74
107
135
158
174
184
187
183
175
161
144
124
103
82
62
45
30
20
14
13
17
26
38
52
69
86
102
116
128
136
139
138
132
121
105
84
57
26
-7
-45
-85
-126
-166
-205
-239
-269
-292
-307
-313
-310
-297
-275
-244
-204
-158
-106
-51
6
62
117
167
211
249
279
300
314
320
318
311
299
284
267
248
230
213
197
182
169
156
143
129
113
94
71
44
14
-20
-58
-98
-138
-177
-213
-245
-270
-289
-300
-301
-294
-279
-255
-225
-190
-152
-112
-74
-37
-6
20
40
53
59
58
52
42
28
13
-2
-17
-30
-40
-47
-52
-53
-51
-47
-42
-37
-31
-27
-23
-21
-20
-21
-22
-24
-26
-26
-25
-22
-17
-9
0
11
23
36
49
60
69
75
79
78
74
66
55
41
25
8
-8
-23
-36
-44
-47
-44
-34
-17
5
34
68
104
141
178
212
242
265
281
288
286
275
255
226
190
150
105
59
13
-31
-72
-109
-140
-167
-187
-202
-211
-215
-214
-209
-200
-188
-172
-154
-134
-112
-89
-66
-42
-19
3
24
45
63
79
92
102
109
112
110
105
95
82
64
44
20
-4
-31
-58
-84
-108
-130
-149
-162
-171
-173
-169
-159
-142
-120
-93
-62
-28
5
39
70
98
121
137
146
148
142
128
107
80
49
15
-19
-54
-86
-113
-135
-150
-158
-157
-148
-131
-107
-77
-43
-6
31
68
103
134
160
180
194
200
200
193
180
161
139
113
86
57
29
2
-21
-42
-58
-69
-74
-73
-67
-56
-40
-21
0
23
47
69
89
107
121
132
138
141
139
134
125
114
100
84
67
48
29
9
-10
-30
-50
-70
-89
-108
-124
-137
-147
-152
-151
-144
-131
-111
-85
-54
-20
14
48
79
105
124
136
139
133
118
94
64
28
-11
-54
-97
-139
-177
-211
-239
-260
-274
-281
-282
-276
-267
-253
-238
-221
-204
-186
-170
-153
-137
-122
-106
-90
-74
-57
-40
-21
-1
19
42
66
92
119
147
176
206
236
266
296
325
352
377
399
416
427
430
424
406
376
333
276
207
125
33
-65
-170
-276
-380
-480
-573
-655
-724
-779
-818
-842
-848
-838
-813
-772
-719
-653
-578
-493
-401
-303
-201
-96
9
115
219
320
415
504
584
655
715
764
801
826
840
843
836
820
797
768
734
697
657
614
571
525
479
431
381
329
275
217
155
90
20
-52
-128
-206
-285
-364
-440
-513
-580
-640
-693
-736
-770
-793
-806
-808
-801
-783
-756
-720
-675
-623
-564
-498
-428
-353
-277
-200
-124
-53
12
71
119
155
179
190
187
171
144
107
63
14
-34
-82
-125
