1212
1119
1029
944
862
784
708
632
557
482
407
333
261
193
131
76
32
-1
-23
-33
-30
-15
9
43
84
128
174
219
262
299
329
351
365
370
367
354
334
307
274
237
195
150
103
55
7
-40
-87
-133
-178
-222
-264
-307
-350
-396
-444
-498
-558
-626
-704
-792
-892
-1001
-1119
-1243
-1370
-1492
-1604
-1698
-1765
-1798
-1790
-1733
-1623
-1460
-1244
-979
-673
-334
24
391
754
1100
1419
1702
1941
2133
2276
2369
2414
2414
2373
2296
2186
2049
1887
1706
1508
1297
1075
843
606
364
120
-122
-360
-590
-808
-1009
-1190
-1347
-1477
-1578
-1650
-1693
-1709
-1700
-1669
-1619
-1554
-1476
-1390
-1296
-1198
-1098
-996
-896
-798
-704
-617
-539
-473
-420
-382
-361
-356
-368
-393
-429
-473
-518
-559
-589
-604
-596
-563
-501
-409
-287
-139
31
218
413
609
798
970
1119
1239
1326
1377
1393
1375
1326
1253
1161
1057
948
840
738
645
563
493
433
382
336
292
246
196
141
78
10
-62
-135
-204
-265
-311
-336
-335
-303
-237
-135
1
170
367
585
815
1048
1274
1482
1664
1811
1917
1977
1988
1950
1863
1731
1557
1348
1108
844
564
274
-19
-311
-595
-868
-1125
-1362
-1579
-1772
-1940
-2083
-2198
-2285
-2343
-2373
-2372
-2341
-2279
-2187
-2065
-1914
-1735
-1530
-1304
-1059
-800
-534
-266
-3
245
473
674
839
965
1046
1082
1071
1017
924
797
645
475
297
119
-46
-194
-313
-398
-440
-436
-382
-277
-122
78
317
585
872
1162
1443
1699
1918
2089
2202
2254
2243
2171
2046
1875
1670
1442
1204
966
738
525
334
164
16
-111
-224
-327
-423
-516
-612
-710
-814
-921
-1031
-1141
-1245
-1342
-1425
-1491
-1536
-1557
-1554
-1526
-1473
-1398
-1304
-1194
-1072
-944
-812
-682
-556
-438
-330
-234
-153
-85
-32
6
31
44
46
40
28
13
-1
-13
-20
-20
-10
10
40
81
131
187
247
309
368
423
471
508
533
546
544
528
498
457
404
344
279
210
142
76
16
-35
-79
-112
-136
-151
-159
-161
-161
-162
-166
-177
-196
-225
-263
-309
-360
-412
-461
-502
-530
-541
-531
-500
-447
-375
-287
-189
-86
14
106
182
237
268
272
249
202
134
52
-35
-119
-190
-238
-254
-231
-164
-52
102
297
523
771
1028
1282
1521
1733
1908
2039
2119
2145
2115
2033
1900
1722
1506
1259
990
709
424
142
-127
-380
-612
-822
-1008
-1171
-1313
-1437
-1545
-1640
-1722
-1791
-1848
-1889
-1914
-1919
-1901
-1858
-1789
-1693
-1569
-1420
-1247
-1053
-843
-621
-391
-159
70
291
500
691
859
1001
1111
1188
1228
1230
1195
1124
1021
890
739
576
409
246
98
-28
-128
-194
-224
-217
-175
-98
6
135
282
438
598
755
902
1034
1145
1232
1293
1325
1329
1305
1254
1180
1085
973
849
718
585
453
326
209
104
12
-66
-131
-185
-229
-267
-300
-333
-367
-404
-445
-491
-539
-587
-633
-671
-700
-714
-712
-692
-655
-603
-539
-469
-400
-338
-289
-261
-257
-282
-338
-424
-538
-676
-833
-1004
-1180
-1355
-1520
-1670
-1798
-1899
-1967
-2000
-1995
-1950
-1864
-1738
-1572
-1368
-1131
-862
-568
-254
73
408
741
1064
1369
1647
1892
2096
2253
2360
2414
2414
2363
2263
2118
1936
1721
1484
1230
969
707
452
210
-14
-216
-393
-544
-666
-759
-824
-862
-872
-857
-818
-759
-683
-592
-493
-390
-288
-192
-108
-41
6
32
36
20
-14
-63
-121
-182
-241
-291
-329
-352
-357
-345
-317
-275
-224
-167
-109
-53
-4
35
64
82
88
84
71
52
30
7
-13
-29
-40
-43
-39
-27
-10
11
35
60
84
105
120
130
133
129
116
96
69
35
-4
-49
-98
-150
-203
-257
-309
-359
-403
-442
-472
-494
-505
-505
-495
-475
-447
-411
-370
-327
-283
-240
-202
-170
-147
-134
-132
-144
-171
-213
-270
-341
-425
-517
-616
-715
-810
-895
-966
-1016
-1043
-1043
-1014
-957
-872
-760
-626
-474
-309
-138
34
199
353
488
603
693
761
807
838
858
875
897
930
979
1049
1139
1249
1374
1509
1648
1783
1909
2019
2110
2180
2231
2264
2284
2297
2308
2325
2350
2387
2437
2498
2566
2637
2702
2754
2785
2785
2748
2667
2539
2359
2129
1850
1525
1158
757
327
-123
-590
-1063
-1537
-2003
-2453
-2880
-3273
-3625
-3926
-4169
-4346
-4452
-4484
-4440
-4323
-4137
-3889
-3588
-3245
-2873
-2485
-2095
-1714
-1355
-1028
-741
-499
-305
-159
-58
2
29
30
14
-10
-34
-52
-57
-44
-10
45
122
219
332
459
595
735
874
1009
1135
1249
1347
1428
1489
1532
1554
1558
1544
1516
1474
1423
1365
1303
1239
1175
1112
1052
995
941
888
837
785
733
680
624
566
506
445
383
322
262
204
148
95
43
-7
-59
-113
-170
-231
-296
-365
-438
-511
-584
-652
-714
-767
-808
-837
-852
-853
-844
-825
-801
-774
-750
-731
-721
-724
-743
-778
-831
-902
-988
-1088
-1199
-1315
-1432
-1543
-1644
-1728
-1789
-1823
-1824
-1790
-1719
-1611
-1467
-1288
-1078
-842
-586
-314
-33
249
527
794
1043
1268
1462
1622
1740
1815
1842
1820
1749
1629
1464
1258
1015
743
449
139
-179
-499
-814
-1121
-1414
-1690
-1946
-2181
-2391
-2575
-2730
-2853
-2943
-2995
-3007
-2977
-2903
-2785
-2622
-2416
-2171
-1890
-1579
-1243
-890
-525
-155
214
578
934
1280
1613
1934
2243
2542
2830
3108
3374
3626
3859
4069
4250
4394
4496
4551
4554
4504
4400
4242
4034
3778
3479
3142
2772
2375
1957
1523
1080
634
192
-238
-653
-1045
-1408
-1739
-2033
-2287
-2499
-2669
-2794
-2877
-2917
-2915
-2874
-2796
-2683
-2540
-2369
-2175
-1962
-1734
-1495
-1251
-1006
-763
-528
-302
-90
106
284
442
579
695
789
861
913
945
958
953
932
895
843
778
701
613
516
412
302
190
79
-27
-124
-210
-279
-327
-352
-351
-323
-266
-182
-73
59
210
375
548
724
894
1054
1196
1315
1406
1466
1493
1485
1442
1367
1261
1129
973
800
612
414
209
2
-205
-410
-611
-806
-991
-1165
-1326
-1468
-1589
-1685
-1751
-1783
-1779
-1736
-1653
-1531
-1372
-1179
-960
-722
-472
-221
22
249
451
620
752
842
889
892
854
778
670
537
385
222
56
-106
-260
-401
-524
-628
-713
-778
-826
-858
-875
-880
-872
-855
-827
-790
-743
-686
-620
-544
-459
-367
-268
-165
-60
45
147
245
335
416
484
540
581
607
617
611
589
551
497
429
346
249
141
22
-104
-237
-373
-509
-642
-769
-886
-990
-1080
-1152
-1206
-1239
-1251
-1244
-1216
-1169
-1104
-1022
-925
-816
-695
-564
-426
-281
-132
19
173
328
483
636
786
933
1075
1211
1339
1459
1569
1667
1753
1824
1879
1917
1936
1936
1915
1872
1807
1720
1611
1479
1327
1154
962
752
526
285
33
-227
-495
-764
-1032
-1293
-1542
-1773
-1981
-2161
-2308
-2417
-2485
-2509
-2488
-2422
-2311
-2156
-1961
-1728
-1460
-1163
-841
-497
-137
232
608
984
1353
1710
2050
2365
2651
2903
3117
3287
3412
3487
3509
3477
3387
3238
3031
2767
2450
2085
1679
1244
789
328
-126
-563
-969
-1335
-1654
-1917
-2124
-2271
-2359
-2392
-2372
-2305
-2196
-2051
-1877
-1680
-1466
-1242
-1014
-788
-569
-365
-180
-19
112
211
274
301
290
243
163
54
-78
-226
-384
-541
-691
-825
-937
-1021
-1074
-1093
-1078
-1030
-951
-845
-717
-572
-416
-255
-92
66
217
358
486
602
705
797
877
949
1013
1070
1122
1167
1205
1234
1252
1257
1246
1218
1171
1104
1017
912
791
658
517
372
228
91
-34
-145
-238
-313
-368
-406
-428
-437
-438
-434
-431
-430
-435
-447
-467
-494
-528
-565
-605
-643
-678
-708
-732
-749
-758
-759
-755
-745
-732
-716
-698
-679
-660
-642
-624
-607
-591
-576
-563
-550
-539
-530
-521
-513
-504
-495
-483
-467
-447
-421
-387
-345
-293
-230
-156
-71
25
135
255
386
525
671
822
973
1122
1265
1399
1519
1622
1704
1762
1794
1798
1773
1718
1634
1522
1386
1228
1052
863
666
466
268
77
-102
-268
-417
-547
-659
-754
-834
-902
-961
-1015
-1067
-1120
-1176
-1237
-1302
-1370
-1438
-1503
-1560
-1605
-1633
-1642
-1627
-1587
-1522
-1433
-1323
-1196
-1057
-912
-767
-630
-505
-398
-312
-247
-204
-180
-170
-169
-171
-167
-151
-117
-61
17
122
249
396
557
728
904
1079
1249
1411
1564
1706
1836
1956
2066
2168
2262
2348
2428
2500
2562
2611
2642
2652
2634
2585
2498
2370
2198
1982
1723
1423
1089
727
347
-40
-426
-798
-1146
-1462
-1736
-1964
-2141
-2266
-2337
-2357
-2328
-2256
-2145
-2003
-1835
-1649
-1452
-1251
-1051
-858
-676
-508
-356
-222
-106
-5
78
149
208
255
291
316
330
332
320
295
256
204
141
70
-6
-84
-159
-228
-287
-334
-368
-390
-400
-400
-394
-383
-373
-365
-362
-367
-379
-400
-429
-463
-502
-542
-581
-615
-641
-656
-658
-645
-614
-566
-499
-414
-311
-193
-61
81
233
391
550
708
860
1002
1132
1245
1338
1410
1458
1483
1482
1458
1412
1346
1263
1165
1056
940
818
694
570
447
327
210
96
-14
-125
-235
-347
-461
-579
-699
-821
-944
-1066
-1183
-1293
-1390
-1472
-1534
-1574
-1588
-1575
-1534
-1466
-1371
-1252
-1110
-951
-777
-593
-402
-209
-18
168
347
515
669
806
921
1013
1076
1108
1106
1068
994
884
743
577
395
206
22
-146
-287
-392
-453
-466
-430
-346
-221
-60
124
323
524
717
889
1033
1140
1205
1225
1197
1123
1005
850
661
448
219
-18
-257
-488
-705
-902
-1075
-1220
-1335
-1417
-1467
-1482
-1464
-1413
-1329
-1216
-1076
-913
-730
-533
-326
-114
98
307
509
699
876
1035
1175
1292
1385
1450
1486
1491
1463
1403
1310
1186
1032
852
649
429
197
-37
-270
-494
-700
-883
-1037
-1158
-1244
-1294
-1307
-1288
-1238
-1162
-1065
-952
-828
-697
-565
-434
-308
-188
-75
27
122
207
284
351
411
461
504
538
563
580
588
587
577
560
535
503
466
425
380
333
286
239
192
147
102
59
16
-25
-67
-108
-149
-190
-229
-266
-301
-334
-364
-391
-416
-441
-466
-493
-524
-561
-606
-658
-718
-785
-858
-934
-1010
-1083
-1148
-1200
-1236
-1251
-1242
-1207
-1143
-1048
-923
-768
-585
-376
-145
105
371
647
927
1205
1475
1728
1958
2155
2311
2419
2473
2467
2398
2267
2076
1832
1542
1219
876
528
192
-119
-390
-612
-774
-873
-907
-880
-798
-672
-513
-335
-153
18
168
287
366
402
394
346
261
149
17
-123
-266
-402
-524
-627
-708
-766
-801
-815
-811
-793
-765
-732
-696
-661
-630
-604
-586
-574
-569
-568
-571
-575
-575
-571
-559
-537
-503
-456
-397
-327
-246
-157
-62
35
136
236
335
431
525
615
702
785
864
939
1009
1072
1126
1170
1201
1218
1218
1200
1163
1107
1032
941
835
717
592
464
335
210
92
-15
-112
-197
-270
-333
-386
-432
-474
-513
-552
-592
-632
-670
-705
-733
-749
-748
-727
-681
-607
-506
-378
-225
-54
128
315
497
666
813
932
1016
1063
1070
1039
972
873
748
603
446
284
122
-33
-177
-308
-421
-516
-590
-643
-675
-685
-674
-642
-588
-515
-422
-313
-189
-54
87
229
367
493
603
689
746
773
766
726
656
558
438
302
156
7
-138
-275
-398
-506
-596
-666
-719
-754
-774
-783
-783
-777
-770
-763
-760
-761
-770
-785
-808
-836
-868
-904
-939
-972
-999
-1019
-1028
-1024
-1006
