388
497
603
702
789
859
908
933
932
904
849
769
666
546
412
270
126
-14
-148
-269
-374
-461
-528
-575
-602
-612
-607
-590
-563
-531
-498
-465
-436
-413
-397
-389
-387
-392
-403
-416
-432
-448
-462
-474
-483
-488
-489
-487
-482
-475
-466
-456
-446
-436
-427
-417
-407
-396
-382
-364
-341
-312
-273
-224
-164
-91
-5
92
203
324
452
587
723
856
983
1100
1201
1285
1349
1390
1408
1402
1373
1323
1254
1167
1066
954
833
707
579
451
324
201
83
-29
-135
-236
-330
-417
-498
-573
-642
-703
-757
-803
-841
-870
-890
-900
-901
-894
-877
-853
-822
-785
-744
-699
-653
-604
-556
-507
-460
-413
-366
-320
-273
-225
-176
-124
-69
-12
48
112
177
243
308
369
424
472
511
538
553
555
543
517
479
430
370
303
230
153
76
1
-70
-135
-193
-241
-279
-305
-320
-324
-317
-300
-273
-239
-199
-155
-110
-66
-25
8
33
47
48
35
7
-33
-86
-149
-218
-290
-360
-424
-476
-512
-530
-526
-500
-451
-382
-296
-198
-93
10
107
192
260
308
337
346
339
320
297
274
259
257
272
309
366
446
543
656
777
901
1019
1125
1211
1269
1294
1283
1233
1145
1022
870
696
508
316
130
-40
-188
-307
-392
-442
-458
-442
-399
-335
-258
-176
-96
-25
29
64
77
64
28
-29
-107
-199
-302
-409
-516
-619
-712
-793
-859
-908
-941
-956
-954
-936
-903
-857
-798
-728
-650
-565
-475
-383
-293
-205
-124
-50
12
64
104
131
148
155
153
146
136
124
113
106
103
106
116
132
154
180
209
239
268
294
315
328
334
330
317
295
266
231
192
152
112
74
41
13
-7
-21
-28
-27
-19
-5
14
37
63
89
115
138
157
169
174
172
161
143
117
86
50
11
-29
-69
-106
-140
-169
-192
-207
-214
-211
-199
-178
-146
-106
-57
-1
60
126
194
262
327
387
440
484
516
537
544
538
517
482
433
372
299
216
123
24
-78
-184
-289
-390
-484
-567
-636
-689
-722
-735
-726
-695
-644
-575
-493
-401
-304
-209
-122
-46
11
49
63
52
17
-39
-115
-206
-305
-408
-508
-599
-678
-739
-780
-801
-801
-782
-747
-698
-640
-576
-510
-444
-380
-320
-263
-210
-157
-104
-47
15
87
170
264
370
487
613
747
884
1019
1149
1267
1370
1451
1508
1538
1537
1507
1448
1362
1253
1124
982
831
677
524
376
237
109
-4
-103
-187
-254
-306
-343
-366
-376
-376
-366
-350
-330
-309
-290
-275
-266
-264
-272
-288
-314
-347
-386
-430
-477
-522
-564
-601
-628
-645
-649
-640
-615
-576
-523
-457
-381
-297
-208
-118
-28
57
136
206
267
317
357
386
406
417
421
419
412
402
389
374
358
341
324
306
287
267
245
221
194
164
131
94
54
12
-31
-75
-119
-160
-197
-228
-252
-269
-276
-276
-268
-253
-233
-209
-184
-159
-137
-118
-104
-96
-92
-94
-101
-110
-122
-135
-146
-156
-163
-165
-161
-152
-137
-117
-91
-63
-32
0
29
56
80
98
110
115
115
109
99
86
71
57
44
35
30
29
33
42
53
67
80
92
100
102
98
86
65
35
-1
-45
-95
-148
-202
-255
-304
-347
-382
-408
-422
-425
-416
-396
-365
-325
-277
-225
-169
-112
-57
-4
44
87
124
155
181
202
218
232
243
253
262
270
278
284
288
288
285
276
262
242
215
182
144
102
57
12
-32
-76
-116
-152
-185
-212
-236
-255
-271
-284
-293
-299
-302
-302
-298
-289
-276
-257
-233
-203
-167
-125
-78
-26
29
88
150
212
274
334
390
442
488
527
558
580
594
597
590
574
547
510
464
409
347
279
208
135
61
-9
-76
-139
-194
-242
-282
-313
-336
-351
-358
-358
-353
-342
-326
-307
-286
-262
-236
-211
-184
-158
-133
-109
-85
-62
-40
-18
2
24
45
66
87
108
127
144
159
171
179
183
181
175
163
148
128
106
83
60
39
20
7
0
-2
2
14
32
56
83
114
147
179
209
236
257
273
281
282
274
259
236
205
168
125
77
26
-26
-80
-134
-186
-234
-277
-314
-342
-362
-372
-372
-361
-340
-310
-272
-229
-181
-132
-83
-37
3
37
63
81
89
88
79
63
41
16
-11
-40
-67
-92
-113
-129
-141
-147
-150
-148
-143
-136
-129
-120
-113
-106
-102
-100
-100
-102
-105
-111
-117
-123
-129
-134
-137
-138
-137
-131
-123
-110
-92
-70
-42
-8
30
75
126
182
241
303
366
428
487
541
588
625
653
668
671
660
635
596
544
480
406
323
234
142
49
-42
-129
-211
-286
-352
-409
-458
-497
-528
-552
-568
-578
-583
-583
-579
-571
-560
-546
-529
-510
-488
-464
-437
-408
-377
-344
-308
-270
-231
-189
-147
-103
-58
-13
31
74
115
153
188
218
244
264
279
290
296
298
298
295
290
285
279
272
266
259
251
243
234
223
211
196
179
160
138
114
88
60
31
0
-29
-60
-88
-115
-138
-156
-170
-178
-180
-176
-166
-150
-130
-105
-77
-47
-16
14
43
70
93
113
127
136
140
140
134
124
110
92
70
46
19
-9
-39
-70
-101
-130
-158
-181
-201
-215
-224
-226
-223
-213
-197
-178
-155
-130
-106
-82
-60
-41
-26
-15
-7
-2
0
3
6
12
19
31
45
63
84
107
130
152
171
186
197
201
200
193
182
166
149
130
112
97
85
78
75
77
84
95
109
123
138
151
161
168
169
165
156
142
124
103
81
57
35
13
-5
-21
-36
-48
-59
-69
-80
-92
-106
-124
-146
-171
-200
-231
-264
-296
-325
-350
-368
-378
-377
-365
-342
-308
-263
-209
-148
-82
-14
53
120
181
237
284
323
352
372
382
383
377
363
343
319
291
261
229
198
167
137
110
85
63
44
28
15
4
-5
-15
-24
-35
-46
-59
-73
-89
-105
-123
-140
-158
-174
-190
-204
-217
-228
-237
-244
-248
-250
-249
-244
-236
-224
-209
-190
-168
-144
-117
-90
-61
-33
-6
19
44
68
91
113
136
159
183
208
235
264
295
325
356
386
412
435
451
460
461
452
433
404
364
315
258
194
124
50
-24
-99
-171
-238
-299
-352
-396
-429
-453
-465
-468
-462
-448
-429
-404
-376
-345
-314
-282
-251
-221
-191
-163
-135
-108
-82
-57
-32
-8
15
37
57
76
92
104
113
117
117
112
103
91
75
57
39
21
5
-7
-16
-19
-18
-10
2
20
43
68
95
122
148
172
192
209
221
228
231
230
226
219
210
199
189
178
166
155
142
127
109
88
63
32
-4
-47
-94
-146
-202
-259
-315
-368
-417
-459
-491
-513
-524
-523
-510
-485
-450
-405
-353
-294
-231
-165
-98
-31
33
96
154
208
256
298
332
359
378
388
389
381
365
340
307
269
225
178
129
81
35
-5
-41
-70
-92
-105
-111
-109
-102
-90
-74
-55
-37
-18
-2
12
23
30
34
35
33
29
23
16
10
5
0
-1
-2
-2
-1
-1
-1
-2
-6
-14
-24
-37
-53
-71
-88
-105
-119
-129
-133
-131
-123
-107
-85
-58
-27
5
38
70
96
117
131
137
134
124
106
83
57
29
1
-23
-44
-61
-72
-78
-79
-75
-69
-60
-52
-44
-38
-34
-32
-33
-36
-41
-45
-49
-51
-50
-46
-39
-27
-12
6
28
51
75
99
121
140
154
162
162
155
140
116
86
50
10
-31
-73
-112
-145
-170
-186
-191
-184
-167
-138
-101
-55
-4
48
102
153
199
238
268
289
299
299
289
272
247
219
187
156
125
97
73
52
36
23
13
4
-2
-11
-21
-33
-48
-66
-87
-111
-136
-163
-190
-216
-238
-257
-270
-276
-275
-266
-249
-225
-195
-160
-122
-82
-43
-7
25
53
75
90
99
101
96
87
73
55
35
14
-8
-31
-53
-74
-94
-111
-126
-137
-144
-146
-142
-133
-117
-94
-66
-33
4
44
85
125
163
196
223
244
256
259
255
242
221
195
163
129
93
57
22
-8
-35
-57
-74
-85
-91
-92
-88
-81
-70
-56
-41
-23
-5
13
32
51
69
86
102
116
128
137
143
145
143
135
122
102
76
43
5
-36
-82
-130
-178
-224
-265
-299
-325
-342
-348
-343
-327
-301
-267
-226
-180
-130
-80
-32
14
56
94
127
155
179
199
215
230
241
251
259
265
268
267
263
254
241
222
198
169
135
98
57
14
-29
-73
-115
-155
-190
-221
-246
-263
-274
-276
-269
-255
-233
-205
-170
-130
-88
-43
0
43
82
117
145
167
182
189
190
184
174
161
145
129
113
98
84
73
64
56
50
44
38
32
23
13
0
-14
-32
-52
-74
-96
-119
-140
-158
-172
-181
-185
-181
-171
-153
-129
-98
-62
-21
23
69
116
163
207
247
282
311
332
345
350
345
332
310
280
242
199
151
100
47
-5
-57
-106
-150
-189
-221
-246
-262
-271
-273
-268
-257
-241
-223
-203
-183
-164
-147
-134
-124
-119
-119
-122
-129
-140
-153
-167
-182
-196
-209
-220
-228
-233
-236
-235
-231
-224
-214
-202
-187
-170
-150
-128
-104
-78
-51
-23
5
33
60
85
108
128
145
159
168
173
175
172
165
154
139
122
102
80
57
34
12
-9
-30
-48
-64
-78
-89
-98
-104
-108
-110
-111
-110
-107
-103
-97
-91
-83
-74
-65
-54
-43
-31
-17
-4
10
26
42
59
77
95
115
134
155
175
195
214
232
248
262
273
281
285
286
283
277
266
252
234
214
191
166
139
112
84
57
31
7
-14
-34
-52
-66
-78
-88
-95
-100
-103
-104
-104
-103
-101
-98
-96
-93
-90
-87
-86
-85
-84
-84
-85
-86
-87
-88
-89
-90
-90
-89
-88
-86
-83
-78
-72
-64
-55
-44
-30
-15
1
20
39
59
79
98
116
132
146
157
165
170
172
171
166
159
149
137
123
109
94
80
67
55
46
39
35
33
33
35
39
42
46
49
50
49
46
40
31
21
9
-3
-16
-29
-40
-49
-55
-59
-59
-56
-49
-40
-28
-14
1
18
35
52
67
81
92
100
105
106
103
96
85
69
50
27
0
-28
-60
-93
-127
-159
-190
-217
-240
-257
-268
-272
-269
-260
-243
-220
-192
-159
-122
-82
-41
0
42
83
121
157
189
218
244
266
283
297
307
313
315
314
308
299
286
269
249
225
199
171
141
110
78
46
15
-15
-43
-70
-96
-118
-139
-158
-174
-188
-201
-211
-219
-226
-230
-234
-235
-236
-235
-233
-231
-228
-224
-221
-218
-214
-211
-207
-203
-199
-195
-190
-185
-180
-175
-170
-164
-159
-154
-148
-143
-137
-130
-123
-116
-109
-101
-93
-84
-76
-67
-58
-49
-40
-31
-21
-11
-1
7
17
26
35
44
51
59
65
71
75
80
83
86
89
90
91
92
93
93
93
93
93
94
94
94
95
95
