-219
-512
-796
-1061
-1298
-1501
-1664
-1782
-1852
-1872
-1842
-1763
-1638
-1470
-1262
-1020
-749
-454
-140
186
519
854
1184
1502
1802
2078
2322
2529
2692
2806
2868
2875
2827
2725
2573
2375
2136
1864
1564
1245
913
575
238
-91
-409
-709
-989
-1243
-1471
-1670
-1841
-1982
-2097
-2184
-2247
-2288
-2306
-2305
-2284
-2245
-2186
-2108
-2011
-1893
-1754
-1595
-1415
-1216
-999
-769
-528
-281
-34
207
439
656
852
1024
1168
1282
1365
1417
1438
1431
1397
1338
1259
1163
1053
933
806
676
545
416
290
171
59
-43
-137
-220
-292
-353
-401
-438
-462
-474
-474
-462
-440
-408
-367
-318
-262
-202
-139
-75
-12
47
103
152
193
225
247
258
259
248
226
195
154
104
47
-17
-87
-163
-242
-323
-404
-484
-562
-635
-701
-761
-811
-853
-886
-910
-925
-931
-931
-923
-909
-889
-863
-830
-790
-743
-687
-623
-549
-464
-367
-257
-133
5
160
332
522
728
951
1188
1437
1694
1953
2208
2451
2674
2868
3024
3132
3184
3174
3097
2950
2734
2451
2108
1712
1274
808
325
-158
-631
-1080
-1494
-1863
-2180
-2441
-2643
-2785
-2869
-2899
-2879
-2815
-2714
-2583
-2429
-2257
-2075
-1886
-1697
-1510
-1328
-1152
-985
-826
-676
-534
-401
-275
-157
-45
59
157
249
334
412
483
546
599
643
676
697
704
699
679
644
597
536
465
384
297
207
117
32
-44
-108
-155
-180
-180
-152
-95
-6
112
261
435
630
842
1063
1286
1505
1710
1896
2053
2176
2260
2299
2290
2232
2125
1971
1775
1542
1279
994
698
397
103
-178
-439
-674
-880
-1053
-1192
-1298
-1373
-1419
-1438
-1436
-1415
-1379
-1332
-1276
-1214
-1148
-1079
-1008
-935
-862
-789
-716
-643
-571
-502
-435
-372
-314
-260
-213
-172
-136
-107
-83
-63
-48
-36
-27
-19
-13
-7
-2
3
10
17
25
34
43
53
63
72
81
90
98
105
113
120
127
135
143
153
164
176
190
205
220
237
254
270
285
299
310
319
324
327
325
321
313
302
288
272
254
233
210
185
158
128
95
58
17
-28
-79
-135
-196
-263
-333
-405
-477
-547
-611
-667
-712
-742
-757
-754
-734
-695
-640
-570
-487
-396
-297
-196
-95
2
95
181
257
323
377
420
451
470
476
471
454
426
389
343
290
231
169
105
41
-19
-76
-127
-173
-213
-246
-275
-299
-321
-340
-360
-379
-400
-420
-440
-459
-474
-483
-484
-475
-452
-415
-361
-289
-199
-92
30
167
315
470
628
784
932
1068
1185
1280
1346
1380
1378
1340
1263
1148
999
818
613
391
159
-71
-294
-499
-678
-827
-939
-1014
-1050
-1049
-1014
-951
-865
-762
-650
-535
-423
-319
-228
-152
-93
-51
-25
-11
-8
-11
-16
-19
-17
-8
9
36
71
113
160
207
254
296
332
360
378
385
382
369
346
316
279
238
194
149
106
66
30
0
-25
-45
-59
-67
-72
-74
-73
-71
-70
-68
-68
-69
-73
-77
-84
-92
-102
-112
-123
-135
-146
-157
-167
-176
-183
-187
-188
-185
-176
-162
-141
-112
-75
-29
25
87
157
232
310
390
469
543
611
669
715
747
764
764
746
710
657
587
502
405
297
181
60
-62
-183
-301
-411
-512
-600
-674
-733
-774
-798
-804
-793
-765
-723
-668
-602
-528
-448
-367
-285
-205
-130
-60
2
58
106
147
180
206
223
233
233
225
207
178
139
90
29
-40
-120
-208
-302
-401
-501
-601
-699
-790
-874
-947
-1009
-1056
-1088
-1103
-1100
-1079
-1038
-976
-895
-792
-669
-525
-362
-182
13
221
436
655
872
1081
1278
1458
1617
1752
1862
1945
2003
2038
2052
2049
2032
2004
1969
1926
1879
1825
1764
1693
1611
1513
1397
1259
1097
910
698
461
202
-73
-362
-655
-945
-1224
-1482
-1712
-1906
-2059
-2167
-2229
-2244
-2214
-2145
-2042
-1911
-1762
-1600
-1434
-1271
-1115
-972
-845
-734
-641
-564
-501
-450
-407
-369
-333
-295
-253
-205
-151
-88
-18
57
138
223
308
393
475
551
621
682
733
773
802
818
822
813
792
760
717
664
604
537
467
394
321
251
185
125
72
29
-3
-25
-36
-34
-21
1
35
76
123
173
225
273
317
352
376
388
386
369
338
293
237
171
98
22
-55
-130
-201
-264
-319
-365
-400
-425
-442
-450
-453
-453
-450
-449
-450
-456
-468
-488
-516
-552
-596
-648
-706
-769
-835
-901
-965
-1023
-1072
-1110
-1134
-1142
-1132
-1105
-1061
-1000
-925
-838
-742
-639
-533
-425
-316
-206
-93
24
152
292
451
630
835
1064
1317
1591
1880
2174
2465
2741
2990
3201
3366
3476
3527
3517
3448
3323
3148
2929
2676
2396
2096
1782
1460
1131
799
465
129
-208
-548
-888
-1228
-1564
-1894
-2214
-2519
-2804
-3063
-3291
-3483
-3636
-3745
-3808
-3824
-3793
-3713
-3589
-3420
-3211
-2964
-2684
-2374
-2040
-1687
-1320
-945
-567
-194
168
515
840
1138
1403
1632
1821
1968
2071
2131
2147
2123
2061
1965
1841
1695
1532
1359
1183
1010
844
692
556
439
344
270
217
184
170
171
186
212
245
284
324
365
404
439
469
493
510
520
522
515
502
480
452
418
379
335
288
239
189
139
90
41
-4
-47
-88
-125
-159
-190
-217
-243
-267
-290
-314
-339
-367
-397
-429
-464
-499
-535
-570
-601
-628
-648
-661
-666
-662
-649
-628
-598
-563
-522
-477
-431
-384
-340
-298
-260
-228
-201
-181
-167
-159
-157
-161
-169
-180
-194
-209
-225
-241
-255
-266
-275
-281
-284
-284
-283
-279
-275
-271
-267
-264
-263
-261
-260
-256
-250
-238
-219
-192
-155
-108
-50
16
92
173
259
346
431
511
584
646
694
728
744
743
724
687
632
562
478
383
281
175
69
-32
-126
-208
-277
-330
-367
-387
-392
-383
-363
-334
-299
-262
-223
-185
-149
-114
-80
-47
-13
21
60
101
147
195
245
297
347
396
440
477
507
527
536
534
519
493
455
407
350
285
216
143
70
-2
-72
-138
-198
-253
-301
-343
-379
-408
-431
-446
-455
-455
-447
-429
-401
-363
-315
-256
-189
-114
-33
51
136
219
298
369
430
479
514
534
540
531
508
472
424
367
302
230
153
72
-9
-92
-174
-253
-328
-398
-460
-513
-557
-590
-610
-618
-613
-594
-563
-519
-463
-398
-324
-243
-159
-72
13
97
176
249
314
372
422
464
499
528
555
579
603
629
657
687
718
749
777
798
811
811
796
764
714
646
560
457
339
209
70
-75
-224
-373
-519
-658
-789
-907
-1010
-1097
-1166
-1215
-1244
-1253
-1244
-1217
-1173
-1116
-1045
-962
-869
-765
-651
-525
-389
-240
-80
92
275
467
665
863
1057
1238
1401
1538
1640
1703
1721
1691
1615
1493
1331
1135
915
679
437
199
-26
-233
-416
-571
-697
-794
-862
-905
-926
-927
-912
-885
-849
-807
-761
-713
-665
-618
-573
-530
-489
-450
-413
-379
-346
-316
-287
-261
-238
-217
-199
-184
-172
-161
-153
-145
-138
-131
-124
-114
-103
-89
-72
-52
-28
-1
28
61
97
136
176
216
257
297
335
372
405
434
458
479
494
505
512
517
521
526
534
546
563
586
614
646
681
716
747
772
787
790
778
750
706
645
571
484
387
284
177
69
-37
-141
-241
-337
-427
-512
-591
-663
-729
-786
-833
-871
-896
-909
-909
-896
-871
-834
-788
-734
-675
-613
-551
-489
-432
-378
-329
-286
-248
-214
-184
-158
-133
-111
-90
-70
-50
-31
-11
7
27
46
66
86
105
123
140
154
166
174
178
177
171
161
146
126
104
78
51
24
-2
-26
-46
-62
-72
-77
-74
-65
-50
-29
-4
24
56
91
126
164
202
243
286
331
380
432
487
543
599
650
695
727
743
738
709
652
565
450
307
141
-43
-238
-437
-631
-812
-972
-1104
-1203
-1264
-1286
-1269
-1214
-1123
-1003
-857
-691
-513
-327
-139
43
219
381
528
655
761
842
898
926
928
903
854
783
695
593
485
375
268
169
83
12
-40
-73
-88
-84
-64
-29
16
71
129
189
246
296
338
369
387
392
384
363
330
287
235
176
111
43
-28
-102
-177
-254
-330
-406
-480
-552
-621
-684
-742
-793
-836
-870
-896
-912
-920
-918
-909
-891
-866
-833
-793
-744
-688
-623
-549
-466
-375
-276
-171
-61
50
161
269
370
461
540
605
655
689
708
713
705
686
658
624
586
545
504
462
422
383
345
308
273
240
208
177
148
119
91
63
35
6
-24
-57
-91
-127
-163
-198
-230
-257
-275
-283
-277
-257
-220
-166
-96
-11
84
188
295
401
500
587
658
709
738
744
728
690
634
561
475
380
279
175
71
-28
-122
-208
-283
-346
-395
-429
-447
-450
-438
-413
-375
-329
-275
-218
-161
-105
-55
-12
20
42
52
50
36
11
-22
-64
-111
-160
-209
-254
-293
-324
-346
-357
-356
-345
-324
-293
-254
-208
-156
-100
-41
20
84
147
210
270
325
374
414
444
459
459
443
408
356
288
205
110
8
-97
-201
-299
-387
-461
-517
-554
-571
-568
-546
-507
-455
-393
-325
-253
-182
-114
-50
7
59
104
144
180
213
246
279
312
347
382
417
449
477
499
512
515
506
485
451
404
347
280
205
124
40
-43
-127
-207
-281
-349
-410
-461
-504
-537
-563
-580
-591
-597
-599
-598
-596
-593
-589
-585
-580
-572
-562
-548
-528
-501
-466
-422
-369
-305
-231
-148
-56
43
148
258
369
480
588
690
783
865
933
985
1019
1033
1027
1000
950
880
789
680
555
417
269
116
-37
-187
-328
-454
-562
-647
-708
-742
-749
-731
-690
-631
-559
-479
-397
-318
-249
-192
-149
-123
-111
-113
-125
-143
-164
-182
-194
-196
-186
-162
-124
-72
-7
68
153
242
333
421
504
578
639
686
716
728
722
699
660
607
541
464
381
292
200
107
17
-70
-153
-231
-302
-365
-422
-471
-514
-549
-578
-602
-619
-631
-638
-639
-635
-624
-608
-584
-555
-518
-476
-428
-375
-318
-256
-192
-124
-54
18
93
171
250
332
416
501
586
670
751
828
899
961
1011
1049
1071
1077
1066
1036
989
926
847
755
653
545
433
321
213
112
19
-61
-130
-186
-229
-260
-280
-290
-294
-292
-287
-281
-275
-271
-269
-270
-275
-284
-296
-311
-330
-352
-377
-404
-435
-468
-504
-543
-585
-629
-675
-722
-770
-815
-858
-895
-926
-946
-956
-954
-937
-908
-864
-808
-741
-664
-580
-491
-397
-302
-206
-109
-12
84
183
284
388
495
605
719
834
950
1063
1171
1272
1362
1439
1500
1543
1566
1567
1546
1502
1435
1345
1235
1107
963
809
649
487
329
179
41
-80
-184
-270
-337
-386
-420
-441
-452
-457
-458
-457
-458
-460
-464
-470
-476
-481
-484
-481
-473
-458
-436
-407
-374
-337
-301
-269
-243
-228
-226
-238
-265
-306
-358
-419
-485
-551
-613
-666
-707
-734
-744
-737
-713
-673
-618
-553
-478
-398
-316
-234
-155
-81
-16
40
87
123
150
166
173
173
166
154
138
121
104
87
74
64
59
61
69
85
110
142
183
230
284
343
404
467
528
586
639
685
722
751
770
780
782
774
759
736
706
669
626
577
