-157
-152
-148
-143
-139
-135
-130
-125
-118
-110
-101
-89
-76
-60
-43
-24
-3
17
38
58
77
94
108
118
124
126
122
114
102
86
67
46
23
2
-17
-34
-47
-55
-57
-54
-45
-30
-11
10
35
61
88
113
137
158
177
194
208
220
231
241
250
259
267
275
283
289
293
294
293
288
280
267
251
231
207
179
148
114
77
38
-4
-48
-95
-143
-193
-243
-293
-342
-388
-430
-467
-496
-517
-529
-530
-520
-500
-468
-428
-379
-325
-266
-207
-149
-96
-48
-9
19
38
45
42
28
6
-23
-58
-97
-138
-177
-214
-246
-272
-290
-301
-302
-295
-279
-255
-225
-188
-146
-101
-54
-6
40
85
127
165
197
225
247
263
274
280
282
281
277
270
262
253
243
232
221
209
198
185
173
161
148
136
125
114
105
98
92
89
88
90
95
102
112
123
135
147
158
167
173
175
173
165
153
136
113
87
57
24
-10
-46
-82
-117
-150
-180
-206
-227
-243
-252
-254
-249
-239
-222
-202
-177
-151
-125
-100
-78
-60
-46
-38
-36
-39
-47
-59
-74
-89
-105
-119
-130
-138
-142
-141
-136
-128
-117
-104
-89
-74
-59
-44
-30
-15
-1
13
29
47
66
86
109
132
156
178
200
218
232
241
244
240
230
215
194
169
141
111
82
53
26
2
-18
-36
-51
-64
-76
-86
-95
-104
-112
-121
-128
-134
-137
-137
-133
-124
-109
-87
-59
-24
16
60
108
156
202
243
279
306
323
328
323
306
279
243
200
152
101
50
1
-44
-85
-119
-147
-167
-180
-186
-185
-179
-166
-148
-124
-96
-64
-27
12
56
101
147
194
238
279
317
348
373
390
399
400
392
376
352
322
287
248
206
164
122
81
42
4
-30
-63
-96
-128
-161
-194
-228
-263
-298
-332
-363
-392
-415
-433
-443
-447
-443
-432
-415
-393
-368
-341
-316
-295
-279
-271
-273
-286
-309
-344
-388
-439
-495
-553
-607
-654
-691
-714
-718
-703
-666
-607
-526
-426
-310
-179
-40
103
247
385
513
627
723
798
852
884
894
884
856
813
757
694
625
556
488
424
367
317
276
244
219
201
188
179
170
162
150
135
113
85
50
8
-40
-96
-157
-222
-288
-354
-418
-477
-528
-570
-599
-615
-616
-602
-572
-528
-471
-403
-326
-244
-160
-77
2
75
141
196
240
273
295
306
307
300
285
265
241
214
186
159
133
110
89
73
60
51
46
44
43
44
45
44
41
34
23
5
-17
-47
-82
-122
-166
-210
-252
-289
-319
-339
-345
-335
-310
-266
-207
-133
-46
48
146
244
336
417
483
529
553
553
530
482
414
329
230
123
15
-89
-184
-264
-325
-362
-375
-362
-324
-263
-182
-87
17
126
234
335
425
500
557
594
610
605
580
538
480
409
329
243
155
68
-14
-89
-154
-208
-249
-278
-293
-296
-288
-271
-247
-218
-187
-156
-127
-102
-82
-69
-63
-64
-70
-81
-94
-108
-120
-129
-132
-129
-119
-101
-77
-47
-14
19
53
83
108
125
133
130
117
92
57
13
-38
-96
-158
-221
-283
-341
-394
-439
-475
-501
-515
-518
-510
-491
-462
-425
-381
-332
-278
-222
-164
-108
-53
-1
46
90
127
158
183
201
212
216
214
206
193
176
158
139
122
109
104
107
121
147
186
237
300
372
450
531
611
686
751
803
838
854
848
821
771
702
613
510
394
270
142
14
-111
-230
-340
-439
-525
-598
-656
-701
-733
-752
-761
-761
-753
-738
-718
-694
-667
-636
-602
-564
-522
-475
-422
-364
-300
-230
-155
-77
2
82
159
232
297
353
399
432
451
457
449
428
395
352
300
240
177
111
45
-17
-74
-123
-162
-189
-202
-199
-181
-149
-102
-43
25
99
176
250
317
374
416
442
449
437
406
359
297
225
146
64
-15
-90
-156
-210
-251
-277
-289
-286
-270
-242
-206
-163
-115
-67
-19
24
64
97
124
142
152
155
150
138
120
99
74
47
21
-3
-24
-42
-54
-61
-61
-56
-46
-32
-14
5
26
46
65
80
93
100
103
100
91
77
58
33
4
-28
-64
-103
-142
-182
-220
-256
-287
-314
-335
-348
-354
-352
-342
-324
-299
-268
-234
-197
-159
-122
-87
-56
-30
-10
4
14
18
19
16
12
6
1
-3
-7
-8
-7
-4
0
7
16
24
32
39
44
47
47
43
37
27
14
0
-17
-35
-52
-69
-84
-96
-106
-112
-113
-110
-102
-90
-74
-53
-30
-4
22
49
76
101
124
145
162
175
185
190
192
189
184
175
165
152
140
127
115
105
96
89
84
81
78
76
74
72
69
66
61
57
53
50
49
50
55
64
77
94
116
141
169
198
226
253
275
293
304
307
302
290
269
242
208
169
127
82
36
-9
-55
-100
-142
-182
-218
-251
-279
-303
-322
-336
-344
-348
-346
-339
-327
-311
-292
-271
-248
-224
-200
-178
-157
-138
-121
-107
-95
-85
-77
-69
-62
-55
-46
-36
-25
-11
5
24
46
70
96
122
149
176
200
222
240
253
261
263
259
249
232
209
181
148
111
72
31
-9
-49
-86
-119
-147
-170
-186
-196
-199
-197
-191
-180
-166
-150
-134
-119
-105
-94
-86
-82
-81
-85
-93
-103
-117
-132
-147
-162
-174
-185
-191
-194
-192
-185
-173
-157
-137
-112
-85
-55
-23
10
45
81
118
156
195
235
275
317
358
400
441
481
518
551
580
603
619
627
628
619
602
575
538
493
438
375
303
224
138
47
-47
-145
-244
-341
-436
-524
-606
-677
-737
-784
-816
-833
-833
-818
-788
-744
-686
-618
-542
-459
-374
-288
-204
-126
-55
6
57
96
123
136
137
125
102
70
31
-13
-61
-108
-153
-193
-226
-250
-264
-266
-258
-240
-212
-175
-133
-86
-35
15
66
115
162
205
244
278
308
334
355
373
387
399
408
416
422
427
430
431
430
427
421
410
396
377
354
326
294
257
218
176
132
87
42
-1
-43
-82
-118
-150
-177
-199
-214
-224
-226
-222
-211
-194
-170
-142
-111
-77
-44
-12
16
40
58
69
72
68
57
40
19
-5
-32
-59
-84
-106
-123
-134
-139
-137
-128
-113
-93
-68
-40
-10
19
47
74
97
116
130
140
145
147
145
141
135
129
123
117
113
109
107
104
101
97
90
80
66
47
25
0
-28
-57
-86
-113
-135
-150
-158
-158
-149
-131
-107
-77
-43
-8
25
55
80
99
109
112
108
97
80
59
35
10
-14
-38
-61
-81
-100
-117
-134
-152
-170
-191
-214
-239
-266
-295
-324
-353
-379
-401
-417
-426
-426
-417
-397
-366
-326
-276
-218
-153
-83
-11
62
135
206
272
333
388
435
473
502
522
532
532
522
504
477
443
403
358
310
261
212
165
120
79
42
9
-18
-41
-60
-75
-86
-93
-98
-100
-99
-97
-92
-87
-80
-72
-64
-57
-49
-43
-38
-35
-35
-38
-43
-53
-66
-82
-101
-123
-148
-173
-199
-224
-249
-271
-291
-309
-323
-333
-339
-342
-340
-334
-323
-309
-290
-268
-242
-213
-180
-145
-106
-66
-25
15
55
93
128
158
183
201
213
218
216
207
194
176
154
131
107
84
62
43
27
15
6
0
-1
0
2
7
14
23
32
43
54
66
78
90
103
115
127
138
148
158
165
172
178
182
185
187
188
189
188
187
185
183
179
175
170
163
156
147
138
128
117
105
93
80
65
49
32
13
-7
-30
-54
-80
-107
-133
-159
-183
-204
-221
-234
-243
-246
-246
-240
-231
-219
-205
-191
-176
-163
-151
-142
-135
-131
-130
-130
-132
-133
-134
-134
-131
-126
-116
-103
-87
-66
-41
-13
17
50
84
120
156
190
224
255
282
305
322
332
335
330
316
294
264
227
183
136
86
36
-12
-57
-97
-131
-157
-175
-185
-187
-181
-169
-151
-128
-101
-72
-41
-10
19
48
75
99
120
137
149
155
155
148
135
114
85
51
10
-33
-80
-128
-175
-218
-255
-284
-305
-316
-317
-308
-290
-265
-233
-197
-159
-120
-82
-47
-16
9
29
44
53
57
57
53
47
39
30
21
14
7
1
-1
-4
-4
-4
-3
-2
0
1
3
6
9
14
21
31
42
56
72
90
109
127
143
157
167
172
172
165
153
135
113
87
59
30
2
-23
-46
-66
-81
-93
-100
-105
-107
-108
-109
-110
-112
-116
-121
-127
-135
-142
-149
-154
-156
-154
-147
-135
-117
-94
-64
-30
8
50
94
139
182
222
258
289
313
329
337
337
328
312
289
259
226
189
151
113
76
42
12
-12
-32
-47
-56
-60
-60
-56
-49
-40
-29
-17
-5
6
19
32
46
60
74
90
106
122
138
153
166
177
186
191
191
187
178
163
142
117
86
51
12
-29
-71
-114
-155
-193
-227
-257
-281
-299
-311
-318
-320
-318
-313
-305
-297
-288
-279
-271
-264
-257
-252
-247
-241
-233
-223
-210
-191
-168
-139
-105
-64
-19
29
81
135
191
246
299
350
396
438
474
503
523
535
537
529
511
483
446
400
346
286
221
152
82
11
-57
-122
-182
-236
-282
-318
-344
-360
-366
-362
-350
-330
-307
-280
-254
-229
-208
-192
-182
-180
-183
-193
-208
-226
-246
-266
-285
-302
-314
-323
-327
-328
-326
-323
-321
-321
-324
-333
-348
-369
-395
-424
-454
-481
-500
-508
-501
-476
-431
-368
-285
-186
-74
45
170
295
414
525
623
706
773
822
854
870
871
859
837
805
767
724
678
630
580
530
479
428
376
323
269
214
156
98
38
-22
-82
-143
-201
-257
-310
-358
-401
-437
-465
-484
-493
-491
-479
-454
-419
-374
-320
-260
-195
-129
-65
-5
46
89
121
141
148
143
128
103
71
35
-3
-41
-78
-112
-141
-164
-182
-194
-201
-203
-201
-197
-190
-183
-175
-167
-159
-152
-144
-136
-128
-119
-109
-97
-84
-70
-54
-37
-19
0
19
40
62
84
107
131
155
179
203
227
251
275
298
319
340
358
374
386
395
399
397
389
374
351
320
281
234
180
120
56
-10
-77
-143
-203
-257
-300
-332
-349
-352
-339
-310
-267
-211
-146
-73
3
80
154
222
282
330
366
389
398
393
376
347
310
265
215
162
108
57
8
-35
-74
-106
-130
-148
-159
-162
-159
-150
-135
-116
-93
-69
-43
-18
4
24
40
50
55
55
49
39
25
10
-5
-21
-34
-44
-49
-50
-47
-41
-31
-21
-11
-4
0
-2
-10
-25
-47
-74
-108
-145
-185
-225
-265
-302
-336
-364
-386
-402
-409
-409
-400
-384
-360
-328
-290
-247
-200
-150
-99
-48
1
47
89
126
157
182
201
216
227
236
243
251
259
270
283
298
315
333
350
364
375
380
377
368
350
324
291
252
209
164
118
74
33
-2
-33
-58
-78
-92
