767
796
859
954
1078
1226
1390
1562
1735
1897
2041
2159
2243
2286
2286
2240
2146
2006
1822
1598
1339
1051
742
418
87
-244
-567
-878
-1168
-1434
-1672
-1878
-2050
-2188
-2291
-2362
-2400
-2410
-2394
-2355
-2297
-2222
-2135
-2038
-1934
-1824
-1711
-1594
-1474
-1351
-1226
-1097
-964
-827
-687
-544
-399
-252
-106
37
177
312
440
561
672
773
865
946
1016
1077
1127
1167
1196
1216
1226
1227
1219
1203
1181
1153
1121
1086
1050
1013
975
937
897
856
811
761
706
645
576
501
418
328
234
135
34
-65
-164
-258
-346
-426
-495
-552
-597
-627
-644
-647
-635
-610
-573
-523
-463
-394
-318
-238
-157
-80
-9
49
92
116
117
94
47
-24
-116
-227
-352
-486
-625
-764
-900
-1028
-1147
-1257
-1357
-1449
-1535
-1618
-1703
-1792
-1888
-1993
-2108
-2229
-2354
-2475
-2583
-2668
-2717
-2715
-2650
-2508
-2278
-1952
-1524
-994
-365
353
1148
2002
2892
3791
4673
5508
6267
6924
7457
7846
8080
8151
8061
7814
7422
6902
6271
5552
4768
3940
3091
2240
1408
610
-140
-831
-1453
-2001
-2469
-2857
-3165
-3396
-3553
-3644
-3676
-3657
-3598
-3506
-3393
-3266
-3133
-3000
-2873
-2754
-2645
-2544
-2449
-2359
-2268
-2173
-2071
-1958
-1832
-1692
-1537
-1368
-1189
-1000
-807
-612
-421
-236
-62
96
240
364
470
555
622
671
704
724
734
736
734
730
727
727
729
734
741
748
753
754
748
730
701
656
595
519
428
324
212
94
-23
-135
-238
-325
-393
-438
-459
-455
-427
-375
-302
-213
-112
-2
109
221
327
424
509
580
635
674
697
705
699
681
653
617
575
530
483
435
389
345
304
267
233
201
172
143
113
80
42
-1
-54
-116
-188
-269
-359
-456
-557
-659
-759
-855
-942
-1020
-1086
-1139
-1179
-1206
-1221
-1225
-1219
-1205
-1184
-1156
-1123
-1085
-1042
-993
-938
-877
-810
-736
-657
-574
-488
-401
-316
-236
-162
-96
-39
8
46
78
104
130
157
190
232
286
354
437
533
641
758
878
996
1105
1199
1271
1315
1325
1297
1231
1124
981
803
597
370
130
-114
-356
-585
-797
-984
-1143
-1270
-1364
-1425
-1453
-1450
-1418
-1359
-1276
-1170
-1044
-900
-740
-566
-380
-186
15
219
422
622
815
998
1169
1325
1465
1588
1693
1779
1845
1889
1910
1905
1873
1810
1718
1594
1440
1258
1054
832
600
366
141
-67
-250
-400
-511
-580
-607
-593
-543
-463
-361
-246
-129
-19
76
151
198
217
205
163
96
7
-96
-208
-321
-428
-520
-593
-641
-661
-652
-616
-554
-474
-379
-279
-181
-92
-19
31
57
56
28
-22
-94
-179
-272
-365
-451
-524
-580
-615
-628
-618
-586
-536
-471
-395
-313
-230
-149
-76
-12
39
77
101
111
108
95
74
47
18
-9
-35
-54
-67
-71
-66
-52
-30
-2
32
70
110
151
191
230
267
301
332
361
387
410
431
447
458
464
462
451
430
399
356
303
239
166
85
-1
-92
-185
-279
-372
-462
-548
-628
-700
-764
-818
-860
-888
-901
-896
-873
-830
-768
-685
-585
-469
-339
-200
-55
88
226
353
463
551
611
639
632
588
505
386
233
52
-151
-369
-592
-811
-1015
-1195
-1342
-1449
-1511
-1524
-1485
-1396
-1258
-1077
-859
-611
-342
-60
224
503
768
1013
1232
1420
1574
1694
1780
1833
1856
1851
1822
1773
1705
1621
1521
1406
1275
1128
964
783
587
378
160
-60
-274
-473
-647
-784
-876
-915
-894
-812
-670
-474
-234
37
325
611
876
1103
1277
1385
1420
1378
1261
1075
832
546
232
-91
-409
-705
-966
-1182
-1346
-1455
-1508
-1509
-1464
-1381
-1269
-1139
-1001
-867
-744
-639
-558
-500
-465
-450
-447
-451
-453
-444
-418
-367
-288
-179
-42
121
304
500
700
894
1072
1226
1350
1437
1487
1498
1474
1417
1333
1228
1107
977
841
704
571
442
321
209
108
19
-56
-119
-168
-204
-228
-240
-243
-239
-230
-219
-209
-203
-202
-210
-227
-256
-297
-351
-418
-497
-587
-685
-788
-893
-997
-1094
-1181
-1253
-1305
-1335
-1339
-1315
-1261
-1177
-1063
-921
-754
-565
-358
-138
87
315
539
753
952
1132
1288
1418
1518
1588
1625
1631
1606
1551
1468
1359
1229
1081
918
745
567
388
211
40
-121
-271
-406
-526
-630
-716
-785
-838
-876
-899
-909
-909
-899
-883
-861
-837
-812
-788
-766
-748
-735
-727
-724
-725
-730
-737
-745
-751
-754
-751
-741
-723
-694
-656
-607
-549
-484
-412
-338
-263
-191
-124
-66
-18
18
44
60
68
70
69
70
74
87
109
143
189
245
310
379
448
512
568
609
634
641
629
600
558
508
455
408
372
352
355
381
432
508
605
719
846
980
1115
1245
1364
1468
1551
1610
1640
1640
1606
1537
1432
1290
1111
897
649
372
68
-254
-591
-934
-1275
-1605
-1916
-2200
-2450
-2660
-2826
-2943
-3011
-3029
-2997
-2917
-2793
-2629
-2429
-2200
-1947
-1677
-1398
-1114
-832
-558
-297
-51
175
382
568
734
881
1011
1125
1226
1315
1393
1462
1523
1575
1619
1655
1682
1699
1707
1704
1691
1668
1634
1590
1537
1476
1407
1332
1253
1169
1083
995
904
812
717
618
515
407
292
171
45
-86
-220
-355
-487
-613
-728
-828
-910
-972
-1010
-1024
-1015
-983
-934
-870
-797
-723
-654
-596
-557
-541
-553
-596
-669
-772
-901
-1050
-1213
-1379
-1541
-1689
-1812
-1903
-1955
-1963
-1922
-1832
-1693
-1509
-1283
-1023
-734
-425
-103
223
548
864
1165
1446
1704
1935
2138
2313
2459
2578
2670
2736
2778
2795
2787
2756
2700
2619
2514
2385
2231
2053
1853
1633
1394
1140
876
606
335
70
-182
-417
-629
-815
-969
-1091
-1181
-1238
-1265
-1266
-1244
-1204
-1152
-1093
-1032
-974
-922
-880
-850
-834
-832
-843
-867
-902
-946
-998
-1055
-1116
-1176
-1235
-1289
-1336
-1373
-1398
-1408
-1402
-1377
-1333
-1267
-1180
-1072
-944
-798
-636
-463
-283
-101
76
246
404
547
675
785
879
960
1028
1086
1136
1181
1222
1260
1295
1326
1354
1376
1390
1394
1385
1359
1313
1244
1151
1031
884
712
517
302
72
-166
-406
-640
-861
-1061
-1233
-1372
-1472
-1530
-1546
-1517
-1446
-1336
-1190
-1015
-816
-601
-377
-152
64
266
446
597
714
792
829
825
780
697
582
439
276
101
-75
-247
-404
-540
-648
-723
-762
-762
-724
-649
-541
-405
-246
-73
105
283
449
596
714
797
839
836
787
691
551
373
165
-64
-303
-540
-761
-954
-1108
-1211
-1255
-1236
-1150
-997
-782
-510
-194
155
524
894
1251
1577
1858
2084
2244
2334
2354
2306
2198
2038
1838
1607
1359
1103
847
598
361
140
-65
-254
-430
-593
-747
-895
-1040
-1185
-1331
-1480
-1631
-1782
-1931
-2074
-2205
-2319
-2409
-2471
-2497
-2486
-2433
-2338
-2201
-2023
-1808
-1561
-1286
-991
-683
-369
-58
244
529
791
1024
1224
1386
1510
1595
1641
1649
1625
1570
1491
1392
1280
1158
1033
910
792
683
587
506
443
400
378
377
396
432
482
541
602
658
703
729
729
701
642
551
432
288
128
-39
-207
-365
-504
-614
-690
-726
-718
-667
-574
-443
-280
-94
105
310
508
691
849
976
1067
1119
1131
1107
1049
964
860
743
621
503
393
296
214
149
98
60
30
3
-24
-57
-100
-156
-225
-310
-407
-517
-636
-759
-884
-1005
-1120
-1224
-1315
-1392
-1455
-1503
-1538
-1562
-1576
-1582
-1582
-1577
-1568
-1553
-1534
-1509
-1476
-1434
-1382
-1317
-1239
-1148
-1044
-927
-798
-659
-510
-354
-193
-27
141
312
484
654
822
987
1148
1301
1447
1582
1704
1812
1902
1974
2023
2050
2053
2031
1984
1914
1822
1710
1581
1438
1284
1124
962
802
647
501
367
246
141
52
-22
-84
-134
-176
-214
-249
-285
-325
-370
-422
-481
-547
-620
-697
-776
-856
-934
-1006
-1072
-1127
-1171
-1202
-1219
-1220
-1205
-1173
-1125
-1059
-977
-877
-762
-633
-490
-337
-178
-15
144
297
438
562
664
741
791
813
808
779
730
664
587
504
422
344
274
216
170
139
122
118
127
145
171
202
237
272
306
335
358
372
376
368
348
316
270
214
146
71
-10
-95
-181
-264
-341
-411
-470
-516
-549
-569
-573
-565
-544
-512
-471
-423
-371
-315
-260
-205
-154
-107
-64
-28
1
25
43
55
62
65
64
60
54
46
37
27
15
1
-14
-33
-56
-84
-116
-154
-196
-243
-293
-346
-399
-451
-499
-541
-576
-602
-618
-623
-616
-598
-568
-527
-474
-412
-341
-260
-172
-77
23
129
238
348
457
564
664
755
833
897
943
968
973
955
915
855
775
680
572
455
332
208
85
-32
-142
-242
-331
-408
-471
-520
-555
-576
-583
-576
-556
-522
-476
-417
-348
-271
-186
-98
-9
76
156
226
285
328
354
363
355
330
291
240
180
115
48
-17
-79
-134
-182
-220
-251
-272
-286
-294
-296
-293
-286
-276
-261
-243
-221
-193
-161
-123
-80
-33
18
74
130
187
242
292
337
374
401
417
423
417
400
374
339
299
254
207
159
112
68
26
-11
-45
-75
-100
-121
-138
-150
-156
-158
-154
-144
-129
-109
-85
-57
-29
0
27
51
72
88
100
107
111
112
112
113
116
122
131
144
159
176
191
203
207
202
183
147
92
17
-78
-195
-331
-485
-651
-825
-1001
-1173
-1334
-1476
-1594
-1680
-1730
-1740
-1708
-1633
-1515
-1358
-1164
-940
-691
-424
-147
131
405
667
910
1129
1321
1485
1620
1729
1814
1880
1931
1974
2012
2050
2093
2141
2196
2258
2323
2387
2446
2492
2517
2515
2477
2399
2273
2099
1873
1599
1277
914
517
94
-344
-788
-1225
-1645
-2037
-2389
-2693
-2940
-3124
-3241
-3290
-3270
-3184
-3038
-2837
-2589
-2305
-1995
-1669
-1337
-1011
-699
-411
-153
68
251
391
489
545
562
542
491
413
314
201
78
-47
-172
-290
-397
-489
-563
-617
-648
-657
-643
-606
-547
-468
-370
-256
-129
9
155
307
462
616
767
912
1048
1173
1282
1373
1444
1492
1515
1513
1486
1433
1358
1261
1147
1019
880
736
590
447
310
184
71
-24
-100
-156
-191
-206
-201
-179
-145
-100
-51
-1
43
80
105
114
107
81
37
-23
-99
-187
-284
-386
-491
-593
-689
-777
-853
-915
-961
-989
-1000
-992
-967
-925
-868
-798
-718
-631
-542
-454
-370
-296
-236
-193
-170
-169
-194
-243
-316
-410
-522
-645
-772
-895
-1003
-1087
-1138
-1147
-1108
-1016
-870
-673
-429
-147
161
484
806
1112
1389
1622
1802
1920
1972
1959
1883
1752
1577
1371
1146
919
703
510
352
234
163
140
164
230
334
465
615
774
931
1073
1192
1278
1323
1321
1268
1162
1004
798
549
263
-51
-384
-726
-1066
-1396
-1705
-1984
-2227
-2428
-2580
-2683
-2735
-2737
-2691
-2601
-2473
-2312
-2124
-1916
-1694
-1463
-1228
-993
-762
-538
-323
-119
71
247
408
550
675
780
864
927
970
991
993
975
941
892
832
764
692
621
553
494
445
411
393
392
409
444
495
561
639
726
818
911
1002
1086
1159
1218
1260
1283
1284
1264
1223
1160
1077
977
861
734
598
458
318
182
55
-59
-159
-241
-305
-352
-381
-397
-402
-401
-398
-397
-403
-419
-447
-487
-540
-605
-678
-756
-836
-914
-986
-1049
-1101
-1140
-1166
-1179
-1181
-1172
-1154
-1128
-1096
-1058
-1014
-963
-904
-836
-758
-671
-574
-470
-362
-253
-149
-56
22
80
114
121
101
55
-13
