-113
-79
-44
-7
28
63
97
129
158
184
205
221
232
237
236
230
217
200
178
153
127
100
74
50
30
14
4
0
0
4
13
26
39
54
67
78
86
89
88
82
71
55
35
12
-12
-37
-61
-83
-101
-114
-122
-124
-122
-114
-103
-90
-75
-59
-45
-31
-20
-12
-5
-1
0
2
3
4
6
10
16
24
35
48
63
80
98
116
134
150
163
172
175
173
163
145
119
86
46
0
-49
-102
-155
-207
-255
-298
-333
-358
-373
-377
-369
-349
-319
-279
-231
-176
-118
-57
2
60
113
160
199
230
251
263
266
261
250
233
212
188
163
137
111
87
64
43
24
9
-3
-12
-18
-20
-18
-13
-5
6
20
36
54
74
94
115
135
154
170
184
194
200
200
195
185
170
149
124
95
63
29
-6
-41
-77
-112
-147
-181
-213
-245
-275
-304
-331
-355
-378
-396
-411
-420
-423
-419
-407
-386
-356
-318
-271
-217
-158
-96
-33
27
85
135
177
209
230
240
239
228
209
184
154
122
90
60
34
12
-2
-12
-15
-13
-7
1
12
24
35
45
51
55
56
53
48
40
31
21
12
4
0
-3
-2
2
10
22
36
51
67
82
95
106
113
118
118
116
110
102
92
81
70
60
51
44
40
38
40
45
53
63
75
87
98
108
114
117
114
107
94
76
54
28
0
-28
-58
-85
-110
-131
-147
-158
-163
-162
-156
-145
-131
-113
-94
-75
-57
-40
-26
-15
-8
-4
-3
-4
-8
-12
-17
-20
-22
-21
-16
-8
4
20
39
61
84
106
127
146
161
171
177
176
171
160
145
125
103
77
51
25
0
-22
-42
-59
-71
-78
-81
-79
-72
-62
-49
-33
-15
2
20
38
54
68
79
88
94
97
97
95
92
87
82
77
72
67
62
57
52
45
36
24
10
-8
-31
-58
-90
-125
-164
-206
-249
-292
-334
-374
-409
-437
-458
-469
-469
-458
-435
-399
-353
-297
-233
-162
-89
-14
58
126
188
242
287
322
346
359
363
359
346
328
305
278
250
220
190
160
131
104
77
52
27
4
-18
-39
-60
-81
-100
-117
-133
-147
-157
-164
-167
-165
-158
-147
-131
-111
-87
-61
-34
-6
21
46
69
89
105
117
125
129
128
124
115
104
90
74
57
40
23
7
-7
-20
-31
-40
-47
-52
-55
-56
-56
-55
-52
-49
-45
-40
-35
-30
-25
-21
-17
-13
-10
-8
-7
-6
-6
-6
-7
-7
-8
-8
-8
-6
-2
3
13
27
46
70
100
135
176
221
270
321
373
423
471
513
548
574
589
591
579
554
513
459
392
312
223
126
23
-80
-185
-287
-383
-470
-548
-614
-667
-706
-732
-744
-744
-733
-712
-684
-649
-610
-569
-526
-483
-442
-403
-366
-332
-302
-274
-249
-228
-209
-193
-179
-168
-160
-155
-153
-156
-163
-175
-192
-214
-239
-269
-300
-330
-359
-383
-399
-406
-400
-380
-345
-293
-225
-140
-39
74
200
335
477
621
765
904
1035
1153
1256
1339
1401
1439
1450
1436
1395
1329
1239
1127
996
850
693
528
360
194
34
-116
-253
-374
-477
-559
-620
-661
-683
-687
-676
-653
-621
-584
-546
-508
-474
-445
-423
-409
-402
-401
-406
-414
-424
-433
-441
-446
-446
-440
-428
-409
-385
-354
-319
-280
-238
-195
-151
-109
-69
-31
2
33
60
83
104
122
139
153
166
178
188
196
203
206
206
201
193
179
161
138
111
81
49
17
-13
-40
-61
-74
-77
-70
-51
-21
20
71
130
195
263
331
397
457
509
550
579
595
597
585
559
521
473
415
351
282
211
140
72
7
-53
-107
-155
-196
-231
-258
-278
-292
-299
-299
-293
-281
-263
-240
-212
-181
-147
-112
-77
-44
-13
12
34
50
60
64
63
57
48
38
28
19
13
11
14
21
34
50
69
90
111
132
150
165
176
183
186
185
181
174
165
155
145
135
127
120
115
113
113
114
117
120
123
125
125
122
115
104
87
67
41
11
-22
-59
-97
-136
-174
-211
-244
-273
-298
-318
-333
-343
-349
-352
-352
-351
-349
-347
-346
-345
-344
-344
-342
-339
-333
-324
-310
-292
-268
-239
-206
-169
-130
-90
-51
-14
17
44
64
77
83
83
77
68
57
45
36
29
28
31
41
55
75
98
124
151
177
200
220
234
242
243
238
226
208
185
158
129
99
70
42
18
-2
-17
-28
-32
-32
-27
-17
-3
12
30
48
66
83
97
108
115
118
117
111
102
89
72
53
33
13
-6
-25
-41
-53
-62
-68
-69
-67
-63
-56
-48
-39
-31
-23
-16
-11
-8
-7
-8
-10
-15
-21
-29
-39
-50
-63
-76
-89
-102
-114
-124
-131
-136
-137
-134
-129
-120
-108
-94
-79
-63
-48
-33
-19
-7
3
12
22
31
42
55
71
91
116
144
177
212
248
283
315
342
362
373
375
365
345
315
275
229
177
121
65
10
-41
-89
-132
-169
-201
-228
-250
-269
-286
-301
-316
-331
-346
-361
-375
-389
-401
-410
-415
-416
-411
-400
-384
-361
-333
-301
-264
-226
-187
-148
-112
-80
-53
-31
-15
-5
-1
0
-3
-8
-13
-17
-19
-17
-12
-2
13
33
58
88
120
156
192
229
265
299
329
356
378
396
408
417
422
424
424
422
418
412
404
393
379
359
334
301
261
213
157
94
25
-49
-125
-203
-278
-348
-412
-466
-510
-542
-562
-570
-566
-552
-529
-500
-464
-425
-384
-340
-297
-253
-209
-166
-123
-81
-39
1
41
79
116
150
181
209
233
253
269
282
292
300
306
312
319
326
334
344
355
365
374
380
383
380
370
354
330
299
261
217
168
117
64
12
-38
-84
-125
-160
-187
-208
-221
-227
-228
-223
-216
-207
-197
-189
-184
-182
-183
-189
-197
-209
-222
-236
-250
-262
-271
-276
-276
-272
-262
-246
-225
-199
-169
-134
-98
-59
-19
20
59
96
131
162
190
214
233
249
261
270
276
281
284
287
289
291
293
294
294
291
287
279
268
253
235
213
189
162
134
106
77
50
25
2
-16
-31
-41
-48
-50
-48
-43
-35
-26
-15
-5
4
12
18
21
21
19
13
5
-5
-18
-33
-49
-67
-86
-105
-125
-145
-165
-185
-204
-222
-238
-253
-265
-275
-283
-287
-289
-289
-286
-282
-276
-270
-264
-258
-253
-250
-248
-247
-247
-246
-244
-240
-231
-217
-195
-166
-127
-79
-22
43
118
198
283
369
454
533
605
665
712
742
756
751
729
690
637
570
494
410
322
233
144
60
-19
-91
-157
-215
-265
-308
-345
-376
-402
-424
-441
-455
-465
-470
-470
-466
-455
-440
-419
-395
-367
-338
-308
-280
-254
-233
-218
-208
-206
-209
-219
-234
-253
-275
-298
-321
-341
-357
-368
-372
-369
-358
-339
-311
-276
-233
-184
-130
-70
-8
57
123
191
258
324
388
449
506
559
606
647
681
707
725
734
735
726
708
682
648
608
563
514
462
410
358
308
259
214
171
130
92
56
21
-13
-47
-81
-116
-151
-186
-222
-258
-293
-327
-358
-387
-411
-430
-443
-450
-450
-443
-429
-407
-379
-345
-305
-262
-214
-165
-115
-65
-17
28
69
105
135
159
176
186
189
187
180
169
156
143
130
119
111
107
108
113
122
134
148
163
177
189
198
203
201
194
181
162
138
109
78
44
11
-21
-53
-81
-106
-126
-143
-155
-163
-167
-167
-163
-157
-148
-138
-125
-111
-96
-80
-64
-48
-33
-18
-5
6
15
22
26
27
24
18
8
-5
-21
-40
-60
-81
-101
-120
-135
-146
-151
-149
-139
-121
-94
-59
-17
28
78
128
177
222
262
294
317
332
338
335
324
307
283
256
226
194
162
131
101
73
47
24
3
-14
-30
-42
-52
-58
-62
-63
-61
-56
-50
-42
-33
-24
-16
-10
-6
-6
-9
-18
-31
-49
-71
-97
-127
-159
-193
-227
-261
-292
-321
-346
-367
-383
-394
-400
-401
-398
-392
-382
-371
-357
-342
-326
-309
-291
-270
-248
-223
-196
-166
-133
-99
-62
-26
10
45
79
109
135
157
174
187
196
201
204
205
204
202
200
198
196
193
190
186
180
172
163
151
137
121
103
85
66
47
28
10
-6
-21
-35
-46
-56
-63
-67
-69
-68
-63
-55
-44
-31
-14
3
23
43
64
83
100
115
126
133
136
134
129
120
109
96
83
71
61
54
51
51
54
61
70
80
90
99
106
109
109
105
96
84
68
49
29
8
-12
-31
-49
-63
-74
-81
-84
-84
-81
-75
-67
-58
-49
-40
-32
-25
-19
-14
-10
-6
-2
2
8
15
24
34
46
58
71
84
95
105
112
116
116
111
102
88
71
50
26
1
-24
-50
-74
-97
-117
-134
-149
-160
-169
-176
-180
-183
-185
-185
-185
-183
-180
-175
-168
-159
-147
-134
-119
-104
-88
-75
-64
-56
-53
-55
-62
-73
-87
-103
-120
-135
-145
-149
-145
-130
-104
-66
-16
44
113
190
270
350
426
496
556
604
637
655
657
644
616
576
525
465
400
331
262
193
126
63
5
-47
-95
-138
-175
-208
-237
-262
-284
-303
-320
-334
-346
-356
-364
-369
-373
-374
-372
-368
-361
-351
-339
-324
-306
-287
-266
-245
-222
-200
-177
-153
-130
-106
-82
-57
-32
-6
19
45
71
96
120
143
164
183
199
213
223
230
234
234
231
226
218
208
197
185
172
160
148
136
125
114
103
91
79
65
50
34
15
-4
-25
-48
-72
-95
-118
-139
-158
-174
-186
-193
-194
-190
-180
-164
-142
-115
-83
-47
-9
29
70
109
146
180
211
236
255
268
273
272
264
249
228
201
171
137
102
67
33
1
-27
-52
-72
-88
-100
-107
-111
-111
-109
-106
-101
-96
-92
-87
-84
-81
-79
-76
-74
-70
-66
-60
-52
-42
-32
-20
-7
5
17
28
37
42
44
41
34
21
3
-18
-44
-74
-104
-135
-165
-191
-214
-230
-240
-241
-234
-217
-192
-157
-114
-64
-7
52
114
175
234
288
335
373
400
416
420
413
393
363
323
275
219
157
91
22
-47
-116
-183
-246
-303
-353
-395
-428
-450
-462
-464
-455
-436
-409
-374
-332
-285
-235
-183
-130
-79
-31
11
49
81
107
125
135
139
136
127
113
94
73
51
28
7
-11
-25
-35
-39
-36
-27
-11
9
36
67
101
137
173
208
240
268
290
307
317
319
315
303
284
260
231
198
161
123
83
43
4
-31
-65
-95
-121
-142
-156
-166
-169
-167
-159
-148
-134
-117
-100
-83
-66
-52
-41
-32
-27
-25
-27
-31
-38
-46
-55
-64
-72
-80
-85
-88
-89
-87
-82
-75
-67
-57
-46
-36
-27
-18
-10
-4
0
5
9
13
18
23
29
37
46
55
66
78
90
102
113
124
132
139
143
144
