453
525
594
660
721
778
829
873
908
933
946
947
935
910
870
818
755
681
600
513
424
335
249
167
91
23
-36
-86
-128
-161
-186
-204
-216
-222
-225
-225
-222
-218
-213
-207
-202
-198
-194
-192
-191
-191
-192
-195
-200
-205
-212
-220
-228
-237
-246
-255
-263
-270
-276
-279
-279
-277
-271
-261
-249
-233
-214
-194
-171
-148
-125
-103
-81
-61
-42
-26
-11
1
12
21
29
36
43
48
53
58
62
67
72
77
82
86
90
94
96
98
98
96
93
89
85
79
74
70
66
63
62
63
65
69
74
79
86
92
98
104
109
112
115
117
118
118
118
116
114
112
109
105
100
94
86
76
64
50
33
14
-7
-30
-55
-81
-107
-133
-159
-183
-207
-231
-253
-275
-297
-319
-340
-362
-382
-402
-419
-432
-440
-441
-433
-414
-384
-341
-284
-215
-134
-41
59
167
278
391
501
606
703
788
860
914
951
968
965
942
900
841
765
677
578
472
362
250
141
36
-60
-148
-225
-289
-340
-378
-403
-417
-420
-414
-401
-384
-364
-342
-321
-302
-286
-273
-263
-258
-256
-257
-262
-270
-280
-294
-309
-328
-349
-373
-401
-433
-468
-507
-548
-592
-635
-676
-713
-743
-761
-767
-756
-728
-679
-611
-522
-416
-293
-158
-15
132
278
419
551
668
769
850
910
949
966
964
943
906
855
794
725
652
576
501
427
357
292
233
181
135
97
65
39
20
6
-4
-11
-16
-20
-24
-29
-36
-46
-58
-74
-93
-114
-138
-163
-189
-215
-240
-263
-284
-302
-318
-331
-342
-352
-360
-368
-376
-384
-392
-399
-404
-406
-404
-396
-381
-356
-322
-278
-223
-158
-84
-2
84
173
262
347
426
497
555
600
631
646
647
633
607
571
526
476
421
365
310
256
204
155
110
68
30
-5
-38
-69
-98
-124
-148
-170
-189
-205
-217
-224
-227
-226
-219
-208
-192
-173
-151
-127
-102
-77
-52
-27
-3
19
41
60
78
93
105
113
116
113
105
91
70
43
11
-26
-68
-112
-159
-205
-250
-291
-328
-357
-379
-391
-393
-384
-364
-333
-292
-242
-185
-121
-53
17
88
157
222
282
334
378
411
433
445
446
438
420
396
368
336
305
276
252
234
224
224
233
251
279
314
356
401
448
494
535
569
593
604
599
576
533
469
384
277
152
9
-147
-313
-484
-654
-817
-967
-1097
-1204
-1282
-1327
-1338
-1314
-1256
-1166
-1047
-904
-742
-567
-385
-202
-25
141
293
426
537
625
688
728
745
740
717
677
623
557
482
400
314
225
135
46
-39
-123
-202
-276
-345
-410
-468
-520
-566
-603
-632
-650
-654
-645
-618
-574
-511
-428
-326
-208
-74
70
222
377
528
671
800
910
995
1052
1079
1074
1037
969
873
753
614
463
304
146
-6
-148
-273
-378
-460
-517
-549
-556
-541
-506
-456
-394
-325
-254
-184
-121
-67
-24
5
20
22
10
-14
-49
-92
-142
-196
-251
-305
-355
-399
-435
-462
-479
-484
-478
-461
-436
-404
-367
-329
-292
-259
-233
-216
-208
-211
-223
-243
-268
-295
-320
-338
-345
-338
-312
-266
-199
-112
-7
113
245
383
521
655
779
889
981
1052
1101
1127
1131
1114
1077
1024
957
880
796
708
618
529
444
363
288
220
159
104
56
14
-23
-56
-87
-117
-147
-179
-213
-250
-292
-336
-384
-432
-481
-527
-569
-603
-629
-643
-646
-635
-611
-574
-525
-465
-396
-321
-242
-160
-80
-1
71
138
198
248
289
320
339
348
346
334
313
283
245
200
151
98
44
-10
-64
-115
-162
-204
-239
-267
-287
-298
-301
-295
-282
-261
-234
-202
-166
-128
-90
-53
-18
13
40
63
81
94
104
111
116
121
126
131
138
145
154
163
171
178
182
182
178
169
154
134
109
81
51
20
-9
-36
-58
-75
-84
-87
-81
-68
-49
-24
4
36
69
102
133
162
187
207
221
230
231
226
214
195
170
138
100
56
8
-44
-100
-159
-218
-278
-337
-393
-446
-494
-536
-571
-600
-622
-636
-643
-643
-636
-622
-601
-574
-539
-497
-446
-386
-316
-236
-144
-40
75
202
339
484
635
788
939
1082
1212
1324
1413
1473
1502
1496
1454
1377
1266
1125
959
774
575
370
165
-33
-221
-393
-546
-677
-787
-874
-940
-987
-1016
-1031
-1033
-1025
-1009
-986
-956
-920
-879
-832
-779
-721
-658
-590
-519
-447
-376
-306
-240
-179
-125
-77
-36
0
28
53
75
94
113
131
150
170
190
210
231
250
268
284
297
307
314
318
320
320
319
319
320
321
325
330
335
342
348
352
354
353
348
338
323
303
279
250
218
183
146
109
72
37
4
-24
-49
-68
-83
-91
-94
-91
-83
-69
-50
-28
-3
23
50
75
98
118
133
143
149
150
149
145
142
139
140
145
155
171
192
219
249
281
313
342
366
381
386
377
354
315
261
192
109
15
-86
-194
-304
-413
-519
-620
-713
-799
-876
-944
-1004
-1055
-1097
-1131
-1156
-1172
-1179
-1174
-1158
-1129
-1087
-1030
-959
-874
-776
-665
-545
-416
-283
-147
-12
118
244
362
470
567
654
730
796
851
897
933
961
981
992
996
992
980
960
934
901
861
816
765
709
649
584
516
443
368
290
210
130
51
-26
-100
-170
-233
-289
-336
-373
-400
-417
-424
-422
-413
-398
-379
-358
-337
-317
-300
-287
-279
-275
-277
-284
-294
-308
-324
-343
-361
-379
-396
-410
-421
-427
-426
-419
-403
-378
-344
-299
-245
-181
-110
-32
49
132
214
292
363
425
475
513
537
550
550
540
521
496
466
434
401
368
336
305
275
246
216
187
156
125
92
60
27
-4
-35
-63
-88
-109
-127
-140
-149
-154
-155
-154
-151
-147
-143
-141
-140
-143
-150
-161
-179
-201
-229
-262
-299
-339
-380
-420
-457
-489
-512
-525
-524
-510
-479
-432
-369
-291
-200
-100
6
115
222
323
415
493
557
603
631
642
636
615
581
539
491
440
391
346
307
277
256
243
239
241
249
261
274
287
298
307
312
314
311
305
294
278
257
230
196
154
102
39
-34
-119
-215
-321
-432
-545
-656
-758
-847
-915
-958
-969
-947
-888
-792
-662
-501
-315
-109
106
325
539
741
924
1082
1212
1309
1372
1399
1389
1341
1257
1138
985
802
593
361
114
-143
-403
-660
-905
-1132
-1334
-1507
-1647
-1750
-1816
-1845
-1838
-1798
-1728
-1632
-1515
-1383
-1238
-1086
-931
-775
-622
-474
-331
-196
-69
48
157
257
346
426
495
555
605
646
679
704
722
734
742
745
744
740
734
725
714
701
684
665
643
617
588
555
520
481
440
397
352
305
257
207
157
106
54
4
-44
-91
-133
-170
-200
-221
-233
-234
-225
-205
-175
-136
-91
-42
6
53
94
127
147
153
145
121
81
29
-33
-104
-178
-252
-322
-384
-435
-472
-494
-500
-489
-464
-425
-375
-315
-249
-179
-108
-39
27
88
143
191
232
265
291
310
322
327
327
322
313
300
283
264
243
220
196
170
144
116
86
56
24
-9
-44
-81
-119
-158
-197
-237
-277
-317
-355
-391
-425
-455
-481
-500
-514
-520
-519
-509
-490
-463
-428
-384
-332
-272
-206
-133
-54
30
118
209
302
394
484
568
645
711
764
803
824
828
813
780
731
667
591
507
418
328
240
158
84
19
-33
-75
-106
-127
-139
-144
-143
-138
-129
-119
-109
-98
-87
-77
-67
-57
-49
-41
-34
-28
-23
-19
-18
-18
-21
-26
-33
-44
-57
-74
-94
-116
-140
-165
-191
-214
-235
-250
-258
-258
-248
-227
-195
-153
-102
-43
20
85
149
207
257
294
316
320
306
273
221
154
73
-15
-110
-205
-295
-376
-444
-496
-531
-546
-542
-521
-483
-433
-373
-308
-241
-175
-115
-61
-16
18
44
60
68
68
62
51
36
16
-5
-30
-58
-87
-117
-147
-175
-199
-216
-225
-223
-207
-178
-134
-76
-4
79
171
270
371
470
563
648
719
775
814
833
832
812
773
717
644
559
462
358
247
134
20
-91
-199
-300
-393
-475
-546
-604
-648
-678
-693
-695
-684
-662
-630
-589
-543
-492
-439
-385
-331
-278
-227
-177
-129
-83
-39
3
44
83
120
152
181
205
223
235
241
241
235
225
210
193
175
157
141
127
117
111
109
111
117
125
136
146
156
164
169
171
170
164
155
144
130
114
97
79
61
41
20
-2
-27
-54
-83
-112
-142
-170
-196
-216
-230
-236
-233
-221
-199
-168
-130
-85
-37
13
63
111
155
193
224
248
263
271
272
268
258
245
230
213
196
180
164
148
131
114
93
70
41
7
-33
-81
-136
-197
-263
-334
-405
-475
-540
-597
-641
-671
-682
-672
-640
-586
-511
-415
-304
-181
-51
79
204
317
412
485
532
550
540
503
443
365
275
180
89
8
-54
-95
-109
-94
-51
16
107
214
331
450
565
667
752
814
848
855
832
782
707
611
498
374
244
113
-14
-134
-244
-340
-422
-488
-537
-572
-591
-596
-589
-572
-545
-511
-472
-429
-386
-343
-302
-264
-231
-203
-180
-162
-149
-140
-133
-128
-125
-121
-117
-111
-104
-96
-88
-78
-69
-61
-54
-48
-42
-37
-32
-26
-18
-6
8
27
50
77
107
138
169
198
225
246
261
268
267
258
241
216
185
149
109
68
28
-9
-42
-69
-89
-101
-103
-96
-80
-54
-20
21
69
122
177
233
289
340
387
426
456
476
485
483
469
445
411
369
321
268
213
157
101
46
-6
-57
-106
-153
-199
-245
-291
-336
-381
-425
-468
-508
-545
-577
-602
-620
-630
-631
-623
-607
-585
-557
-526
-494
-463
-437
-416
-403
-399
-402
-413
-431
-452
-474
-494
-509
-515
-510
-490
-454
-402
-332
-247
-148
-37
81
204
329
451
566
671
764
842
904
948
976
987
983
964
933
892
843
788
731
672
615
561
511
465
425
389
356
326
297
267
234
198
156
109
55
-4
-71
-142
-218
-295
-374
-451
-525
-594
-655
-707
-747
-774
-786
-783
-763
-726
-672
-601
-515
-416
-307
-192
-74
41
149
246
326
386
424
437
427
393
339
268
184
92
-3
-99
-190
-274
-348
-412
-463
-503
-532
-551
-559
-559
-550
-534
-509
-476
-435
-386
-328
-263
-190
-112
-28
56
143
227
308
382
447
502
544
574
590
591
579
553
515
465
406
339
266
190
112
34
-38
-106
-166
-215
-251
-272
-277
-266
-237
-193
-135
-64
14
99
185
268
344
409
460
494
509
504
479
435
373
296
206
108
5
-98
-200
-296
-383
-460
-525
-578
-619
-648
-669
-681
-686
-686
-683
-676
-665
-651
-632
-606
-573
-531
-478
-413
-335
-245
-145
-35
81
200
319
434
539
634
713
777
824
855
870
872
864
849
828
806
783
762
743
725
709
694
677
658
636
608
574
532
483
424
357
281
197
105
7
-97
-205
-316
-428
-537
-641
