-51
10
66
112
151
182
209
234
262
297
341
399
471
560
664
782
910
1045
1182
1316
1444
1561
1663
1749
1816
1865
1895
1908
1907
1894
1870
1839
1803
1762
1718
1671
1620
1564
1504
1436
1362
1280
1189
1088
976
852
716
564
396
211
7
-213
-452
-707
-974
-1251
-1533
-1814
-2088
-2348
-2587
-2800
-2978
-3117
-3213
-3262
-3263
-3217
-3126
-2994
-2827
-2632
-2413
-2178
-1934
-1684
-1434
-1187
-945
-713
-491
-283
-90
84
237
368
474
555
610
642
653
647
627
599
567
534
503
476
453
436
423
415
411
412
418
429
448
475
511
558
614
680
754
833
914
994
1067
1128
1172
1194
1189
1154
1085
982
845
678
485
274
52
-170
-383
-575
-738
-863
-943
-973
-953
-881
-760
-595
-391
-155
105
382
668
955
1235
1502
1750
1972
2165
2323
2444
2525
2564
2562
2518
2434
2313
2160
1979
1777
1559
1333
1105
883
671
476
301
149
19
-88
-177
-252
-317
-380
-446
-521
-610
-714
-836
-974
-1125
-1285
-1448
-1608
-1758
-1894
-2010
-2104
-2172
-2215
-2232
-2226
-2198
-2150
-2085
-2004
-1910
-1803
-1685
-1557
-1418
-1272
-1117
-957
-793
-628
-464
-305
-155
-16
107
213
299
364
407
430
433
420
394
358
316
273
231
194
164
144
134
136
148
170
201
238
281
326
371
412
449
477
496
503
497
479
448
407
359
306
253
204
163
134
118
119
136
168
213
266
325
383
435
476
502
509
495
457
397
313
209
86
-51
-201
-357
-516
-671
-818
-951
-1065
-1155
-1217
-1248
-1245
-1208
-1136
-1031
-897
-737
-558
-366
-169
23
205
367
502
606
674
706
702
667
605
523
429
332
238
153
82
28
-10
-35
-51
-63
-78
-102
-142
-204
-291
-406
-547
-713
-898
-1096
-1296
-1490
-1667
-1818
-1932
-2003
-2026
-1998
-1920
-1792
-1619
-1408
-1163
-892
-602
-298
14
333
655
979
1304
1631
1957
2280
2597
2903
3188
3444
3661
3828
3934
3974
3941
3836
3660
3420
3125
2785
2414
2023
1622
1221
828
446
79
-273
-611
-936
-1249
-1550
-1840
-2115
-2375
-2612
-2823
-3000
-3137
-3227
-3264
-3244
-3165
-3027
-2832
-2585
-2295
-1970
-1622
-1261
-901
-550
-220
80
346
574
760
905
1010
1078
1113
1120
1102
1066
1017
958
894
830
770
715
669
633
610
600
602
618
644
681
724
772
821
868
911
946
970
981
978
960
926
876
814
739
657
569
480
393
313
242
183
138
106
87
79
78
79
76
64
37
-10
-83
-185
-318
-481
-673
-890
-1126
-1375
-1629
-1878
-2112
-2322
-2498
-2631
-2713
-2737
-2697
-2592
-2418
-2179
-1877
-1518
-1112
-666
-194
291
779
1255
1707
2124
2495
2812
3070
3262
3390
3451
3451
3392
3283
3129
2939
2721
2483
2232
1974
1715
1457
1202
952
707
466
229
-5
-236
-465
-691
-912
-1128
-1336
-1536
-1726
-1905
-2070
-2220
-2355
-2471
-2568
-2644
-2695
-2720
-2717
-2682
-2615
-2515
-2381
-2214
-2017
-1793
-1546
-1280
-1003
-719
-435
-158
105
349
568
759
915
1035
1115
1156
1156
1118
1041
930
788
618
425
214
-7
-235
-463
-683
-890
-1077
-1239
-1373
-1473
-1540
-1573
-1573
-1541
-1482
-1399
-1295
-1175
-1041
-896
-741
-577
-404
-222
-28
176
392
620
857
1101
1347
1591
1826
2045
2241
2406
2535
2620
2658
2647
2585
2475
2320
2125
1898
1647
1380
1107
834
569
316
78
-143
-349
-541
-722
-897
-1068
-1237
-1408
-1578
-1746
-1908
-2059
-2193
-2300
-2375
-2409
-2396
-2331
-2211
-2033
-1800
-1515
-1185
-817
-424
-17
389
782
1149
1477
1759
1989
2162
2281
2347
2369
2352
2307
2242
2168
2091
2018
1955
1905
1868
1844
1830
1824
1821
1817
1807
1787
1755
1707
1642
1559
1459
1343
1212
1067
909
739
557
363
156
-63
-298
-546
-807
-1080
-1360
-1643
-1924
-2195
-2448
-2676
-2871
-3027
-3137
-3199
-3209
-3170
-3083
-2953
-2787
-2594
-2382
-2160
-1936
-1719
-1514
-1326
-1158
-1009
-881
-770
-673
-587
-508
-432
-355
-276
-191
-99
-1
103
214
330
451
575
703
833
964
1097
1230
1362
1490
1612
1725
1823
1901
1956
1981
1974
1931
1852
1736
1586
1407
1203
981
747
508
270
38
-183
-392
-589
-774
-948
-1113
-1272
-1426
-1574
-1715
-1845
-1959
-2050
-2109
-2128
-2098
-2010
-1859
-1640
-1352
-995
-575
-97
429
994
1585
2191
2797
3392
3964
4502
4996
5437
5815
6123
6354
6502
6559
6523
6389
6155
5822
5392
4870
4263
3582
2840
2052
1233
401
-426
-1234
-2008
-2735
-3406
-4014
-4557
-5034
-5445
-5793
-6083
-6318
-6500
-6634
-6719
-6757
-6746
-6686
-6575
-6412
-6197
-5931
-5617
-5258
-4860
-4432
-3980
-3516
-3047
-2584
-2133
-1702
-1294
-911
-552
-215
105
416
725
1037
1360
1699
2055
2429
2818
3216
3613
3999
4359
4679
4942
5135
5244
5256
5166
4969
4668
4268
3781
3221
2608
1962
1305
659
43
-522
-1025
-1453
-1798
-2057
-2228
-2314
-2322
-2258
-2133
-1957
-1743
-1500
-1242
-978
-719
-474
-250
-54
108
236
327
379
396
379
333
263
176
78
-24
-123
-213
-289
-344
-377
-385
-368
-327
-264
-183
-87
19
130
243
352
454
545
622
684
729
757
766
757
730
687
629
557
474
383
286
187
89
-5
-92
-170
-236
-288
-326
-348
-356
-351
-333
-306
-272
-235
-198
-166
-141
-126
-124
-134
-158
-195
-243
-299
-361
-426
-491
-552
-606
-651
-684
-703
-707
-698
-674
-640
-599
-553
-508
-469
-439
-422
-421
-436
-470
-521
-587
-668
-759
-860
-968
-1080
-1195
-1313
-1430
-1547
-1661
-1770
-1872
-1965
-2045
-2108
-2152
-2173
-2168
-2135
-2070
-1974
-1847
-1688
-1501
-1286
-1049
-791
-518
-231
64
367
674
984
1296
1608
1920
2232
2544
2854
3163
3468
3768
4060
4342
4609
4859
5089
5296
5478
5633
5759
5854
5916
5941
5927
5867
5756
5588
5355
5051
4671
4212
3674
3060
2377
1634
845
25
-807
-1636
-2445
-3216
-3935
-4589
-5167
-5661
-6063
-6370
-6578
-6686
-6695
-6608
-6430
-6165
-5820
-5404
-4925
-4392
-3814
-3203
-2569
-1922
-1277
-643
-36
531
1047
1498
1874
2166
2368
2477
2495
2427
2282
2073
1815
1525
1221
921
641
396
197
54
-30
-54
-21
61
185
338
505
673
828
957
1048
1095
1091
1034
927
775
585
366
130
-111
-347
-567
-761
-920
-1039
-1112
-1138
-1115
-1044
-926
-766
-567
-335
-77
199
488
780
1067
1340
1593
1816
2002
2146
2241
2284
2272
2205
2083
1910
1689
1425
1126
799
454
99
-252
-593
-913
-1201
-1450
-1655
-1812
-1919
-1978
-1992
-1967
-1909
-1827
-1728
-1621
-1513
-1409
-1316
-1235
-1168
-1117
-1079
-1053
-1037
-1028
-1023
-1020
-1017
-1012
-1006
-997
-987
-975
-963
-949
-936
-921
-904
-886
-865
-840
-813
-782
-748
-713
-676
-639
-602
-566
-529
-491
-449
-399
-340
-266
-174
-61
76
239
427
640
873
1122
1381
1641
1894
2132
2346
2528
2670
2768
2816
2813
2756
2646
2484
2274
2020
1725
1397
1042
667
281
-108
-491
-859
-1203
-1515
-1787
-2013
-2188
-2310
-2379
-2394
-2360
-2280
-2160
-2009
-1833
-1640
-1439
-1236
-1038
-850
-675
-515
-371
-243
-130
-30
57
136
205
265
315
356
385
401
404
393
367
328
279
221
159
97
40
-5
-36
-49
-38
-3
58
145
257
389
538
698
862
1024
1176
1312
1426
1513
1568
1591
1581
1540
1470
1375
1261
1133
998
861
729
606
495
399
321
260
215
184
165
153
145
136
122
99
63
12
-56
-143
-250
-374
-516
-673
-842
-1020
-1203
-1388
-1570
-1744
-1904
-2045
-2162
-2248
-2297
-2304
-2262
-2168
-2017
-1806
-1535
-1204
-817
-380
97
605
1129
1653
2160
2632
3053
3406
3677
3856
3935
3911
3786
3565
3257
2875
2435
1953
1447
935
434
-40
-476
-862
-1192
-1459
-1662
-1801
-1878
-1899
-1868
-1794
-1684
-1546
-1390
-1222
-1052
-885
-728
-586
-462
-357
-272
-205
-152
-111
-77
-43
-7
36
89
154
230
313
400
486
563
626
667
680
662
610
525
408
263
98
-80
-263
-443
-611
-760
-885
-980
-1046
-1081
-1090
-1075
-1043
-1000
-953
-908
-870
-843
-830
-830
-843
-866
-895
-923
-945
-955
-946
-915
-857
-769
-650
-500
-322
-118
103
339
581
819
1046
1252
1428
1568
1663
1709
1703
1645
1537
1383
1190
968
727
478
234
6
-194
-360
-483
-558
-585
-563
-495
-385
-240
-68
121
322
525
721
904
1067
1205
1315
1392
1435
1443
1415
1351
1254
1124
965
780
574
353
121
-114
-349
-578
-795
-997
-1180
-1342
-1482
-1599
-1694
-1767
-1820
-1855
-1875
-1879
-1872
-1853
-1824
-1787
-1741
-1687
-1626
-1557
-1480
-1394
-1299
-1193
-1076
-945
-799
-637
-459
-265
-57
163
393
627
860
1087
1300
1494
1663
1801
1905
1970
1994
1978
1922
1828
1700
1545
1369
1180
984
792
609
444
302
187
102
47
23
26
55
104
168
242
320
396
464
518
553
565
550
507
436
336
211
66
-95
-265
-438
-603
-755
-885
-987
-1056
-1089
-1083
-1040
-961
-851
-715
-559
-392
-221
-52
105
247
367
463
531
570
582
566
527
467
390
300
203
103
5
-88
-172
-246
-307
-355
-391
-417
-434
-446
-456
-466
-479
-495
-516
-539
-563
-584
-600
-608
-603
-583
-548
-497
-432
-356
-273
-186
-102
-25
40
91
125
141
140
124
94
55
10
-37
-84
-126
-160
-183
-192
-185
-157
-108
-35
63
187
335
506
695
899
1110
1323
1529
1721
1890
2027
2125
2176
2172
2109
1983
1794
1543
1236
878
482
58
-378
-815
-1236
-1628
-1978
-2275
-2508
-2673
-2763
-2777
-2717
-2585
-2388
-2134
-1833
-1496
-1136
-767
-401
-52
267
550
786
972
1103
1180
1205
1183
1119
1021
898
757
608
459
318
192
87
8
-41
-59
-47
-7
56
138
231
325
413
487
541
571
574
551
505
440
362
277
193
115
49
0
-31
-43
-37
-16
14
50
86
117
137
143
131
100
51
-13
-93
-182
-275
-367
-453
-525
-580
-614
-623
-606
-562
-490
-393
-272
-130
29
204
389
579
771
958
1135
1296
1433
1542
1615
1650
1641
1590
1495
1362
1194
999
785
560
332
108
-104
-303
-485
-647
-789
-912
-1017
-1105
-1177
-1234
-1276
-1304
-1320
-1322
-1312
-1291
-1261
-1223
-1181
-1138
-1096
-1059
-1028
-1007
-995
-994
-1003
-1020
-1043
-1069
-1094
-1113
-1122
-1115
-1087
-1034
-949
-829
-671
-472
-233
46
362
711
1084
1472
1866
2253
2619
2949
3231
3450
3595
3656
3625
3500
3282
2975
2588
2136
1633
1098
552
15
-493
-957
-1363
-1699
-1961
-2146
-2258
-2304
-2291
-2231
-2136
-2018
-1888
-1756
-1630
-1515
-1413
-1327
-1253
-1189
-1130
-1072
-1009
-937
-853
-753
-638
-507
-363
-209
-50
110
267
414
548
663
757
826
869
884
870
827
756
658
534
387
221
39
-151
-347
-542
-728
-900
-1053
-1181
-1282
-1351
-1389
-1396
-1373
-1323
-1251
-1159
-1053
-936
-813
-685
-557
-427
-299
-170
-40
90
224
361
502
647
795
944
1093
1239
1379
1510
1629
1734
1820
1886
1929
1949
1945
1917
1865
1791
1697
1585
1457
1316
1164
1003
837
666
494
323
155
-6
-158
-299
-427
-539
-635
-713
-775
-822
-855
-876
-889
-896
-899
-903
-907
-916
-929
-947
-972
-1003
-1039
-1080
-1124
-1170
-1215
-1256
-1292
-1319
-1336
-1339
-1326
-1296
-1247
-1176
-1083
-967
-827
-662
-474
-262
-30
218
481
752
1025
1292
1548
1783
1991
2164
2296
2382
2418
2403
2338
2225
2069
1877
1659
1425
1186
951
730
528
351
199
