-3
-48
-89
-128
-164
-197
-226
-251
-273
-291
-304
-314
-319
-320
-317
-309
-297
-281
-262
-240
-216
-190
-164
-139
-116
-94
-76
-61
-50
-43
-41
-42
-47
-55
-65
-75
-85
-94
-99
-100
-96
-86
-70
-49
-23
7
40
76
111
146
177
204
225
238
245
242
232
214
189
158
124
88
52
18
-12
-38
-58
-72
-79
-81
-78
-70
-58
-44
-28
-11
6
25
43
62
80
98
115
132
146
159
170
178
182
182
178
170
157
139
117
90
61
28
-6
-42
-78
-113
-146
-175
-201
-222
-238
-248
-253
-253
-248
-240
-228
-214
-199
-182
-165
-148
-130
-111
-92
-71
-50
-27
-4
19
43
66
88
108
127
144
159
172
182
191
197
201
203
203
202
198
192
185
177
168
157
146
134
121
108
95
82
70
58
48
39
32
27
24
23
24
26
28
30
31
30
26
18
4
-14
-39
-70
-108
-152
-202
-257
-315
-375
-436
-495
-550
-599
-640
-671
-690
-695
-687
-663
-626
-576
-513
-440
-360
-274
-184
-93
-4
81
163
239
307
368
420
463
498
525
543
554
558
556
549
537
522
505
486
465
444
422
399
376
352
328
302
276
249
221
192
162
133
103
73
43
14
-14
-43
-72
-100
-128
-156
-184
-212
-240
-267
-294
-320
-345
-367
-386
-400
-409
-412
-407
-395
-375
-348
-314
-273
-228
-180
-130
-80
-32
11
50
82
107
124
132
133
125
111
91
67
41
13
-12
-36
-57
-75
-87
-95
-98
-97
-92
-84
-73
-60
-46
-31
-15
0
16
31
45
58
70
80
89
97
103
107
110
111
111
109
107
103
98
93
86
79
70
61
50
39
26
13
0
-11
-23
-33
-42
-48
-52
-54
-54
-52
-49
-46
-42
-39
-37
-36
-36
-37
-39
-42
-45
-48
-49
-49
-47
-42
-35
-25
-13
1
18
36
54
73
91
109
125
140
152
163
172
178
183
184
184
181
176
169
159
148
135
120
104
88
71
55
39
23
9
-3
-14
-24
-33
-39
-44
-47
-48
-46
-43
-37
-29
-20
-8
3
16
29
41
51
58
60
57
49
34
13
-13
-44
-80
-117
-154
-189
-221
-248
-270
-284
-293
-295
-291
-283
-271
-256
-240
-224
-208
-193
-179
-166
-153
-141
-129
-115
-100
-83
-64
-43
-21
1
23
44
63
78
90
99
105
108
109
110
111
114
118
125
135
147
161
175
189
201
209
213
211
202
186
162
132
97
58
17
-23
-61
-95
-123
-143
-153
-155
-147
-130
-104
-72
-35
5
48
90
132
170
203
232
254
268
275
275
266
250
228
199
165
127
86
44
2
-39
-79
-115
-148
-177
-202
-221
-237
-248
-255
-258
-259
-257
-252
-246
-238
-228
-216
-204
-189
-174
-157
-140
-121
-101
-81
-59
-37
-15
7
29
50
69
86
100
112
120
124
125
122
116
107
95
80
64
46
29
11
-3
-17
-27
-33
-34
-31
-24
-13
0
16
31
45
57
64
68
67
61
50
35
17
-2
-22
-43
-62
-79
-92
-101
-105
-104
-98
-86
-70
-48
-24
3
33
64
95
125
153
178
199
215
227
234
235
231
222
210
195
178
160
144
131
122
118
120
128
141
160
182
206
230
252
269
278
279
270
250
219
177
126
68
5
-60
-126
-190
-249
-301
-346
-383
-410
-427
-436
-436
-429
-415
-395
-371
-344
-314
-283
-251
-220
-191
-163
-138
-115
-96
-81
-69
-62
-58
-58
-61
-68
-77
-88
-100
-113
-125
-135
-143
-148
-149
-146
-137
-124
-105
-80
-50
-15
24
68
117
168
221
274
326
374
417
454
482
500
507
502
485
457
417
366
307
240
168
92
16
-57
-127
-189
-242
-283
-311
-324
-323
-307
-278
-238
-187
-131
-70
-10
47
99
143
176
198
207
206
193
172
143
111
75
40
7
-22
-46
-65
-78
-84
-83
-77
-65
-48
-27
-2
25
55
87
120
153
186
217
246
272
293
308
316
316
308
289
261
223
175
118
54
-15
-88
-164
-238
-308
-373
-429
-475
-509
-531
-539
-535
-518
-490
-453
-409
-360
-309
-257
-207
-160
-116
-78
-44
-16
7
26
42
54
64
71
77
81
84
87
89
90
91
93
94
97
99
102
106
109
111
113
113
111
107
101
92
81
66
50
31
11
-9
-29
-48
-66
-80
-90
-95
-94
-89
-77
-60
-39
-13
14
44
74
104
131
154
172
185
191
190
183
169
150
126
99
71
42
14
-10
-31
-48
-61
-69
-72
-73
-71
-67
-63
-59
-57
-57
-59
-65
-72
-82
-92
-104
-115
-124
-131
-136
-137
-135
-130
-121
-110
-96
-82
-68
-54
-43
-34
-29
-28
-31
-38
-50
-64
-81
-99
-117
-133
-146
-156
-161
-160
-153
-141
-124
-102
-76
-47
-17
12
41
67
91
111
126
136
141
142
138
131
121
109
97
86
75
67
61
57
57
59
63
69
76
83
90
96
99
100
98
92
82
69
52
32
10
-13
-38
-64
-89
-112
-134
-154
-171
-184
-193
-197
-197
-193
-183
-169
-151
-128
-102
-73
-41
-8
25
60
94
126
155
182
204
222
235
243
247
247
244
238
232
225
218
214
211
210
211
214
218
221
223
223
219
210
195
175
148
117
80
40
-1
-43
-83
-121
-154
-181
-202
-217
-226
-229
-228
-223
-216
-207
-199
-191
-184
-179
-175
-171
-169
-166
-162
-157
-149
-138
-125
-108
-87
-64
-39
-13
12
36
58
76
90
98
102
101
95
85
72
57
40
21
3
-15
-33
-49
-63
-75
-83
-88
-89
-85
-78
-67
-53
-37
-19
0
18
36
53
68
79
88
93
95
92
86
77
65
51
35
19
3
-10
-21
-29
-32
-29
-20
-4
18
48
85
128
176
227
280
332
383
429
469
501
525
538
540
531
512
483
445
401
351
298
243
188
134
81
32
-14
-58
-99
-138
-175
-211
-245
-279
-311
-341
-370
-398
-423
-447
-469
-489
-509
-527
-545
-562
-580
-597
-614
-631
-647
-662
-676
-686
-694
-696
-693
-683
-665
-638
-602
-555
-500
-434
-361
-280
-194
-103
-11
80
170
256
336
410
475
532
580
618
648
670
684
691
692
688
681
670
657
642
625
608
589
569
547
523
497
467
435
398
358
314
268
219
168
117
67
19
-26
-68
-105
-138
-166
-189
-209
-224
-238
-249
-258
-267
-275
-282
-289
-293
-297
-298
-296
-290
-282
-269
-254
-236
-216
-195
-173
-153
-135
-120
-109
-101
-97
-97
-98
-102
-105
-108
-108
-106
-101
-93
-81
-67
-52
-35
-18
-2
12
25
36
45
50
53
53
51
47
40
32
22
12
2
-7
-17
-25
-32
-38
-41
-43
-42
-40
-34
-26
-16
-4
10
27
46
66
87
109
131
153
175
196
215
232
247
260
269
275
277
275
268
257
242
222
197
169
137
102
64
25
-14
-54
-92
-129
-162
-192
-218
-240
-258
-272
-283
-292
-299
-306
-313
-322
-333
-346
-362
-380
-401
-424
-448
-472
-495
-516
-533
-545
-550
-548
-537
-516
-486
-445
-394
-333
-262
-180
-90
8
115
227
344
462
581
697
807
909
1000
1076
1135
1176
1197
1196
1174
1131
1067
986
890
781
663
541
417
296
179
70
-28
-117
-194
-261
-316
-362
-399
-429
-453
-474
-491
-506
-521
-536
-551
-566
-581
-595
-608
-619
-627
-632
-634
-632
-626
-617
-604
-587
-567
-544
-517
-488
-454
-416
-374
-328
-276
-220
-158
-92
-22
51
125
200
273
343
408
465
514
552
581
598
605
603
593
577
557
535
514
494
476
461
447
433
419
400
376
345
305
255
196
128
52
-27
-110
-192
-270
-341
-401
-449
-481
-498
-499
-484
-454
-413
-361
-303
-240
-176
-113
-53
0
48
89
123
151
173
190
203
214
224
234
246
259
275
293
313
334
355
376
395
410
421
425
423
412
393
364
327
282
230
171
109
44
-20
-83
-143
-197
-243
-281
-310
-330
-341
-343
-339
-329
-316
-299
-283
-266
-252
-239
-230
-223
-217
-213
-210
-205
-198
-188
-174
-155
-131
-101
-66
-27
15
60
106
152
196
237
274
306
332
353
368
377
381
379
372
361
344
323
296
263
224
178
126
68
4
-63
-133
-203
-272
-335
-391
-438
-473
-495
-504
-499
-482
-454
-418
-375
-329
-282
-238
-198
-164
-139
-121
-112
-110
-115
-124
-135
-146
-155
-158
-155
-144
-125
-98
-64
-24
20
67
114
161
204
243
276
303
323
335
341
339
331
316
296
271
241
209
173
136
98
59
20
-17
-53
-88
-121
-150
-176
-198
-215
-227
-234
-236
-233
-226
-216
-204
-191
-178
-167
-157
-150
-145
-143
-143
-144
-146
-148
-149
-149
-147
-142
-135
-124
-111
-96
-78
-58
-36
-13
11
37
64
92
121
150
180
210
238
265
288
307
321
329
330
324
310
289
263
231
195
157
119
81
46
14
-14
-38
-58
-74
-87
-97
-106
-113
-119
-126
-133
-140
-147
-155
-163
-172
-180
-188
-196
-202
-208
-212
-215
-216
-216
-215
-211
-207
-202
-195
-188
-180
-171
-162
-152
-141
-129
-117
-104
-91
-77
-63
-50
-36
-22
-7
7
24
41
61
83
107
133
162
194
227
262
299
336
374
411
446
477
504
524
537
540
533
515
486
446
397
341
279
215
149
86
27
-25
-70
-106
-133
-151
-161
-164
-161
-155
-147
-141
-136
-135
-138
-146
-158
-173
-190
-207
-223
-236
-244
-247
-243
-232
-216
-193
-167
-137
-106
-76
-47
-20
1
19
32
41
45
46
44
40
34
28
23
18
13
9
5
1
-3
-10
-20
-33
-49
-69
-93
-119
-147
-176
-202
-225
-244
-255
-258
-252
-237
-212
-178
-135
-87
-33
22
80
137
192
243
292
335
375
411
444
474
501
527
551
572
591
607
618
623
621
609
588
556
512
457
390
312
225
131
32
-68
-169
-267
-358
-442
-515
-576
-624
-658
-680
-689
-687
-676
-658
-633
-605
-576
-545
-515
-485
-456
-427
-399
-369
-338
-305
-269
-231
-189
-145
-99
-51
-4
41
85
125
162
194
220
242
258
270
279
284
287
290
292
294
297
301
306
312
317
323
328
331
332
332
328
321
311
297
279
257
230
198
163
123
80
34
-14
-63
-113
-162
-210
-255
-298
-336
-369
-398
-420
-436
-444
-445
-438
-422
-397
-364
-323
-275
-221
-163
-101
-40
20
76
126
169
201
222
232
229
214
188
153
111
64
15
-33
-78
-117
-150
-173
-187
-190
-184
-168
-145
-115
-80
-43
-5
31
64
94
118
136
149
155
156
151
143
130
115
98
80
61
42
24
8
-6
-17
-24
-28
-26
-18
-4
16
45
83
128
180
239
302
367
431
491
543
584
611
621
612
584
536
470
389
294
190
81
-28
-137
-239
