-619
-583
-549
-514
-477
-436
-392
-342
-287
-226
-159
-84
-3
85
181
284
394
507
624
741
856
967
1070
1164
1247
1316
1370
1408
1428
1429
1411
1373
1315
1238
1141
1027
896
753
600
440
278
117
-37
-181
-312
-424
-515
-582
-621
-630
-608
-555
-471
-358
-220
-59
115
300
485
664
828
969
1080
1156
1193
1187
1137
1046
916
750
556
341
111
-124
-359
-585
-796
-987
-1154
-1294
-1405
-1488
-1543
-1570
-1572
-1552
-1512
-1454
-1381
-1297
-1202
-1099
-991
-878
-761
-644
-526
-410
-298
-191
-92
-3
73
136
182
211
222
216
192
152
100
38
-30
-103
-176
-245
-308
-361
-403
-430
-443
-440
-421
-386
-335
-270
-192
-102
-3
102
212
324
435
542
641
731
809
872
920
952
968
969
958
938
911
884
859
839
829
828
835
850
867
881
887
878
848
793
712
603
469
314
146
-28
-201
-364
-509
-632
-728
-796
-837
-856
-857
-850
-841
-840
-855
-892
-956
-1051
-1175
-1325
-1496
-1680
-1865
-2039
-2192
-2309
-2382
-2399
-2356
-2247
-2072
-1832
-1532
-1176
-771
-326
152
656
1178
1711
2246
2775
3289
3778
4230
4631
4966
5220
5379
5429
5360
5167
4848
4409
3861
3222
2512
1757
983
219
-509
-1178
-1767
-2260
-2647
-2922
-3083
-3136
-3090
-2956
-2749
-2487
-2188
-1868
-1545
-1234
-946
-691
-476
-304
-178
-95
-53
-49
-77
-133
-212
-310
-422
-546
-675
-807
-936
-1060
-1172
-1268
-1344
-1396
-1421
-1417
-1382
-1317
-1223
-1102
-958
-796
-621
-439
-258
-83
78
221
341
435
503
544
562
561
546
523
498
480
472
480
507
553
618
700
794
894
995
1089
1170
1231
1267
1274
1248
1190
1099
977
827
653
462
258
49
-158
-359
-547
-718
-866
-990
-1085
-1153
-1190
-1199
-1179
-1131
-1058
-961
-844
-710
-563
-408
-250
-95
51
183
295
383
441
469
464
426
360
269
159
40
-79
-191
-283
-349
-381
-374
-326
-237
-109
51
238
445
664
885
1103
1308
1497
1662
1799
1905
1977
2011
2004
1956
1865
1730
1552
1332
1074
783
465
128
-218
-566
-904
-1221
-1509
-1759
-1964
-2121
-2228
-2283
-2292
-2257
-2185
-2083
-1959
-1822
-1677
-1530
-1388
-1254
-1129
-1015
-913
-822
-743
-675
-618
-572
-539
-518
-511
-518
-538
-570
-610
-656
-701
-739
-765
-769
-747
-693
-603
-476
-312
-116
106
348
600
851
1092
1314
1509
1670
1794
1880
1926
1936
1914
1865
1795
1710
1618
1524
1434
1353
1286
1234
1200
1185
1187
1205
1238
1281
1332
1387
1442
1492
1534
1564
1578
1572
1542
1484
1394
1267
1102
894
642
346
8
-366
-773
-1201
-1639
-2073
-2489
-2872
-3208
-3483
-3686
-3809
-3846
-3797
-3663
-3450
-3165
-2821
-2431
-2008
-1569
-1127
-699
-296
68
387
653
862
1014
1110
1156
1159
1126
1069
997
922
853
800
769
767
796
859
954
1078
1226
1390
1562
1735
1897
2041
2159
2243
2286
2286
2240
2146
2006
1822
1598
1339
1051
742
418
87
-244
-567
-878
-1168
-1434
-1672
-1878
-2050
-2188
-2291
-2362
-2400
-2410
-2394
-2355
-2297
-2222
-2135
-2038
-1934
-1824
-1711
-1594
-1474
-1351
-1226
-1097
-964
-827
-687
-544
-399
-252
-106
37
177
312
440
561
672
773
865
946
1016
1077
1127
1167
1196
1216
1226
1227
1219
1203
1181
1153
1121
1086
1050
1013
975
937
897
856
811
761
706
645
576
501
418
328
234
135
34
-65
-164
-258
-346
-426
-495
-552
-597
-627
-644
-647
-635
-610
-573
-523
-463
-394
-318
-238
-157
-80
-9
49
92
116
117
94
47
-24
-116
-227
-352
-486
-625
-764
-900
-1028
-1147
-1257
-1357
-1449
-1535
-1618
-1703
-1792
-1888
-1993
-2108
-2229
-2354
-2475
-2583
-2668
-2717
-2715
-2650
-2508
-2278
-1952
-1524
-994
-365
353
1148
2002
2892
3791
4673
5508
6267
6924
7457
7846
8080
8151
8061
7814
7422
6902
6271
5552
4768
3940
3091
2240
1408
610
-140
-831
-1453
-2001
-2469
-2857
-3165
-3396
-3553
-3644
-3676
-3657
-3598
-3506
-3393
-3266
-3133
-3000
-2873
-2754
-2645
-2544
-2449
-2359
-2268
-2173
-2071
-1958
-1832
-1692
-1537
-1368
-1189
-1000
-807
-612
-421
-236
-62
96
240
364
470
555
622
671
704
724
734
736
734
730
727
727
729
734
741
748
753
754
748
730
701
656
595
519
428
324
212
94
-23
-135
-238
-325
-393
-438
-459
-455
-427
-375
-302
-213
-112
-2
109
221
327
424
509
580
635
674
697
705
699
681
653
617
575
530
483
435
389
345
304
267
233
201
172
143
113
80
42
-1
-54
-116
-188
-269
-359
-456
-557
-659
-759
-855
-942
-1020
-1086
-1139
-1179
-1206
-1221
-1225
-1219
-1205
-1184
-1156
-1123
-1085
-1042
-993
-938
-877
-810
-736
-657
-574
-488
-401
-316
-236
-162
-96
-39
8
46
78
104
130
157
190
232
286
354
437
533
641
758
878
996
1105
1199
1271
1315
1325
1297
1231
1124
981
803
597
370
130
-114
-356
-585
-797
-984
-1143
-1270
-1364
-1425
-1453
-1450
-1418
-1359
-1276
-1170
-1044
-900
-740
-566
-380
-186
15
219
422
622
815
998
1169
1325
1465
1588
1693
1779
1845
1889
1910
1905
1873
1810
1718
1594
1440
1258
1054
832
600
366
141
-67
-250
-400
-511
-580
-607
-593
-543
-463
-361
-246
-129
-19
76
151
198
217
205
163
96
7
-96
-208
-321
-428
-520
-593
-641
-661
-652
-616
-554
-474
-379
-279
-181
-92
-19
31
57
56
28
-22
-94
-179
-272
-365
-451
-524
-580
-615
-628
-618
-586
-536
-471
-395
-313
-230
-149
-76
-12
39
77
101
111
108
95
74
47
18
-9
-35
-54
-67
-71
-66
-52
-30
-2
32
70
110
151
191
230
267
301
332
361
387
410
431
447
458
464
462
451
430
399
356
303
239
166
85
-1
-92
-185
-279
-372
-462
-548
-628
-700
-764
-818
-860
-888
-901
-896
-873
-830
-768
-685
-585
-469
-339
-200
-55
88
226
353
463
551
611
639
632
588
505
386
233
52
-151
-369
-592
-811
-1015
-1195
-1342
-1449
-1511
-1524
-1485
-1396
-1258
-1077
-859
-611
-342
-60
224
503
768
1013
1232
1420
1574
1694
1780
1833
1856
1851
1822
1773
1705
1621
1521
1406
1275
1128
964
783
587
378
160
-60
-274
-473
-647
-784
-876
-915
-894
-812
-670
-474
-234
37
325
611
876
1103
1277
1385
1420
1378
1261
1075
832
546
232
-91
-409
-705
-966
-1182
-1346
-1455
-1508
-1509
-1464
-1381
-1269
-1139
-1001
-867
-744
-639
-558
-500
-465
-450
-447
-451
-453
-444
-418
-367
-288
-179
-42
121
304
500
700
894
1072
1226
1350
1437
1487
1498
1474
1417
1333
1228
1107
977
841
704
571
442
321
209
108
19
-56
-119
-168
-204
-228
-240
-243
-239
-230
-219
-209
-203
-202
-210
-227
-256
-297
-351
-418
-497
-587
-685
-788
-893
-997
-1094
-1181
-1253
-1305
-1335
-1339
-1315
-1261
-1177
-1063
-921
-754
-565
-358
-138
87
315
539
753
952
1132
1288
1418
1518
1588
1625
1631
1606
1551
1468
1359
1229
1081
918
745
567
388
211
40
-121
-271
-406
-526
-630
-716
-785
-838
-876
-899
-909
-909
-899
-883
-861
-837
-812
-788
-766
-748
-735
-727
-724
-725
-730
-737
-745
-751
-754
-751
-741
-723
-694
-656
-607
-549
-484
-412
-338
-263
-191
-124
-66
-18
18
44
60
68
70
69
70
74
87
109
143
189
245
310
379
448
512
568
609
634
641
629
600
558
508
455
408
372
352
355
381
432
508
605
719
846
980
1115
1245
1364
1468
1551
1610
1640
1640
1606
1537
1432
1290
1111
897
649
372
68
-254
-591
-934
-1275
-1605
-1916
-2200
-2450
-2660
-2826
-2943
-3011
-3029
-2997
-2917
-2793
-2629
-2429
-2200
-1947
-1677
-1398
-1114
-832
-558
-297
-51
175
382
568
734
881
1011
1125
1226
1315
1393
1462
1523
1575
1619
1655
1682
1699
1707
1704
1691
1668
1634
1590
1537
1476
1407
1332
1253
1169
1083
995
904
812
717
618
515
407
292
171
45
-86
-220
-355
-487
-613
-728
-828
-910
-972
-1010
-1024
-1015
-983
-934
-870
-797
-723
-654
-596
-557
-541
-553
-596
-669
-772
-901
-1050
-1213
-1379
-1541
-1689
-1812
-1903
-1955
-1963
-1922
-1832
-1693
-1509
-1283
-1023
-734
-425
-103
223
548
864
1165
1446
1704
1935
2138
2313
2459
2578
2670
2736
2778
2795
2787
2756
2700
2619
2514
2385
2231
2053
1853
1633
1394
1140
876
606
335
70
-182
-417
-629
-815
-969
-1091
-1181
-1238
-1265
-1266
-1244
-1204
-1152
-1093
-1032
-974
-922
-880
-850
-834
-832
-843
-867
-902
-946
-998
-1055
-1116
-1176
-1235
-1289
-1336
-1373
-1398
-1408
-1402
-1377
-1333
-1267
-1180
-1072
-944
-798
-636
-463
-283
-101
76
246
404
547
675
785
879
960
1028
1086
1136
1181
1222
1260
1295
1326
1354
1376
1390
1394
1385
1359
1313
1244
1151
1031
884
712
517
302
72
-166
-406
-640
-861
-1061
-1233
-1372
-1472
-1530
-1546
-1517
-1446
-1336
-1190
-1015
-816
-601
-377
-152
64
266
446
597
714
792
829
825
780
697
582
439
276
101
-75
-247
-404
-540
-648
-723
-762
-762
-724
-649
-541
-405
-246
-73
105
283
449
596
714
797
839
836
787
691
551
373
165
-64
-303
-540
-761
-954
-1108
-1211
-1255
-1236
-1150
-997
-782
-510
-194
155
524
894
1251
1577
1858
2084
2244
2334
2354
2306
2198
2038
1838
1607
1359
1103
847
598
361
140
-65
-254
-430
-593
-747
-895
-1040
-1185
-1331
-1480
-1631
-1782
-1931
-2074
-2205
-2319
-2409
-2471
-2497
-2486
-2433
-2338
-2201
-2023
-1808
-1561
-1286
-991
-683
-369
-58
244
529
791
1024
1224
1386
1510
1595
1641
1649
1625
1570
1491
1392
1280
1158
1033
910
792
683
587
506
443
400
378
377
396
432
482
541
602
658
703
729
729
701
642
551
432
288
128
-39
-207
-365
-504
-614
-690
-726
-718
-667
-574
-443
-280
-94
105
310
508
691
849
976
1067
1119
1131
1107
1049
964
860
743
621
503
393
296
214
149
98
60
30
3
-24
-57
-100
-156
-225
-310
-407
-517
-636
-759
-884
-1005
-1120
-1224
-1315
-1392
-1455
-1503
-1538
-1562
-1576
-1582
-1582
-1577
-1568
-1553
-1534
-1509
-1476
-1434
-1382
-1317
-1239
-1148
-1044
-927
-798
-659
-510
-354
-193
-27
141
312
484
654
822
987
1148
1301
1447
1582
1704
1812
1902
1974
2023
2050
2053
2031
1984
1914
1822
1710
1581
1438
1284
1124
962
802
647
501
367
246
141
52
-22
-84
-134
-176
-214
-249
-285
-325
-370
-422
-481
-547
-620
-697
-776
-856
-934
-1006
-1072
-1127
-1171
-1202
-1219
-1220
-1205
-1173
-1125
-1059
-977
-877
-762
-633
-490
-337
-178
-15
144
297
438
562
664
741
791
813
808
779
730
664
587
504
422
344
274
216
170
139
122
118
127
145
171
202
237
272
306
335
358
372
376
368
348
316
270
214
146
71
-10
-95
-181
-264
-341
-411
-470
-516
-549
-569
-573
-565
-544
-512
-471
-423
-371
-315
-260
-205
-154
-107
-64
-28
1
25
43
55
62
65
64
60
54
46
37
27
15
1
-14
-33
-56
-84
-116
-154
-196
-243
-293
-346
-399
-451
-499
-541
-576
-602
-618
-623
-616
-598
-568
-527
-474
-412
-341
-260
-172
-77
23
129
238
348
457
564
664
755
833
897
943
968
973
955
