-1369
-1528
-1652
-1739
-1789
-1804
-1785
-1738
-1667
-1578
-1477
-1368
-1258
-1149
-1047
-952
-866
-790
-722
-661
-604
-550
-497
-442
-384
-324
-260
-196
-131
-69
-12
37
78
109
128
137
135
125
107
83
56
27
-1
-29
-55
-79
-101
-120
-136
-150
-160
-168
-171
-170
-163
-149
-127
-95
-54
-1
60
132
213
300
392
486
579
669
754
830
896
951
993
1022
1039
1043
1037
1021
998
968
934
897
858
818
777
735
691
645
595
540
479
411
336
252
161
64
-37
-141
-244
-343
-434
-515
-583
-635
-670
-689
-690
-675
-647
-607
-559
-505
-449
-393
-341
-294
-254
-222
-198
-182
-174
-171
-173
-180
-190
-203
-218
-235
-254
-276
-300
-326
-355
-387
-421
-456
-491
-524
-553
-576
-591
-594
-585
-561
-521
-465
-393
-306
-206
-97
18
135
251
359
457
541
608
655
681
687
672
637
585
518
439
352
261
168
77
-7
-83
-147
-200
-238
-263
-274
-273
-261
-240
-213
-182
-148
-114
-80
-47
-15
14
43
74
106
141
180
224
274
328
386
447
507
563
613
652
677
686
677
648
600
533
449
351
242
126
6
-114
-232
-345
-450
-548
-636
-714
-783
-842
-892
-934
-968
-993
-1010
-1017
-1014
-1000
-974
-935
-883
-817
-739
-647
-544
-431
-310
-182
-50
82
215
346
471
590
700
800
888
965
1029
1081
1122
1151
1170
1180
1182
1177
1165
1147
1123
1091
1052
1003
944
873
789
693
584
463
331
191
46
-100
-247
-390
-526
-652
-766
-867
-953
-1024
-1080
-1122
-1149
-1164
-1167
-1159
-1141
-1113
-1077
-1031
-978
-916
-846
-771
-689
-604
-517
-429
-343
-261
-184
-115
-53
-1
41
76
102
120
133
142
148
153
158
164
173
185
199
216
235
255
274
293
309
322
330
334
334
329
320
309
297
284
273
264
258
256
259
266
277
292
310
331
354
380
408
438
471
508
550
596
647
701
758
815
870
919
958
985
995
985
955
902
826
730
614
482
337
184
27
-129
-282
-428
-563
-686
-795
-890
-972
-1039
-1095
-1138
-1171
-1195
-1209
-1215
-1212
-1200
-1179
-1149
-1109
-1061
-1005
-940
-868
-791
-709
-623
-536
-448
-360
-276
-195
-121
-54
3
50
85
109
119
118
106
84
54
19
-19
-58
-96
-129
-156
-176
-188
-190
-184
-171
-150
-122
-90
-53
-11
33
83
137
198
264
338
420
509
605
706
813
922
1032
1139
1243
1339
1426
1502
1564
1610
1638
1647
1636
1603
1547
1469
1367
1244
1101
939
761
571
372
168
-36
-238
-434
-621
-797
-961
-1110
-1244
-1362
-1465
-1552
-1623
-1676
-1712
-1730
-1729
-1709
-1670
-1612
-1536
-1444
-1339
-1223
-1101
-975
-851
-733
-624
-529
-449
-387
-343
-319
-312
-320
-341
-369
-400
-430
-453
-466
-465
-447
-412
-358
-286
-200
-101
5
117
231
341
446
544
632
712
783
847
907
963
1020
1078
1139
1206
1278
1355
1435
1518
1599
1676
1746
1804
1849
1877
1887
1878
1850
1804
1741
1662
1569
1462
1341
1207
1059
896
719
528
323
108
-116
-345
-575
-801
-1019
-1224
-1412
-1580
-1726
-1850
-1951
-2029
-2087
-2127
-2151
-2163
-2166
-2162
-2153
-2140
-2124
-2105
-2081
-2051
-2012
-1963
-1901
-1824
-1730
-1619
-1489
-1341
-1176
-994
-799
-593
-378
-159
61
280
494
700
896
1080
1252
1411
1558
1693
1818
1934
2042
2145
2242
2336
2426
2511
2589
2658
2713
2751
2767
2757
2717
2645
2540
2403
2236
2045
1833
1608
1377
1145
920
704
501
311
134
-33
-193
-352
-513
-680
-857
-1044
-1241
-1447
-1657
-1866
-2067
-2254
-2420
-2559
-2664
-2731
-2760
-2748
-2697
-2611
-2493
-2350
-2187
-2011
-1827
-1641
-1458
-1281
-1113
-955
-806
-667
-537
-412
-291
-172
-52
69
196
328
464
606
750
895
1038
1175
1303
1418
1515
1591
1642
1666
1662
1629
1568
1481
1371
1243
1102
952
801
654
514
388
277
185
111
55
16
-8
-22
-29
-32
-36
-44
-58
-81
-112
-153
-202
-256
-313
-369
-422
-467
-502
-525
-533
-527
-506
-473
-429
-377
-320
-261
-203
-148
-98
-55
-20
6
25
35
38
34
23
7
-14
-41
-73
-108
-146
-187
-229
-271
-313
-354
-391
-425
-454
-477
-494
-505
-509
-507
-498
-483
-463
-438
-408
-374
-336
-295
-252
-207
-162
-117
-73
-33
3
33
58
75
84
86
82
71
56
39
22
7
-3
-6
-2
12
36
71
115
166
223
282
341
396
445
484
512
527
527
514
487
449
400
344
283
220
159
103
54
15
-11
-25
-26
-14
9
42
83
129
175
218
255
282
296
295
278
243
192
126
48
-37
-127
-216
-299
-372
-430
-471
-492
-493
-473
-436
-384
-320
-249
-176
-105
-39
16
60
91
110
117
115
106
92
78
66
59
58
64
78
98
123
152
180
206
226
238
239
228
205
168
121
64
0
-65
-131
-193
-246
-289
-318
-332
-330
-311
-277
-229
-170
-101
-27
48
123
194
259
314
359
392
412
420
415
400
376
344
307
267
225
185
147
114
87
65
50
42
39
40
44
50
56
60
60
55
45
28
4
-25
-61
-102
-148
-197
-247
-298
-348
-395
-436
-471
-497
-514
-519
-512
-492
-461
-417
-363
-299
-226
-146
-61
25
114
202
285
363
433
493
540
574
592
595
582
553
508
450
380
299
212
120
27
-63
-147
-222
-284
-331
-361
-370
-360
-330
-282
-218
-141
-55
34
123
206
279
337
378
398
396
372
326
262
181
88
-11
-112
-210
-297
-369
-422
-453
-460
-443
-406
-350
-281
-204
-126
-52
12
63
99
117
120
108
86
58
30
7
-5
-3
16
58
121
205
308
426
554
686
816
936
1041
1124
1181
1209
1207
1174
1111
1021
906
769
613
440
254
57
-148
-361
-576
-791
-1002
-1204
-1393
-1565
-1715
-1841
-1940
-2011
-2051
-2063
-2046
-2003
-1934
-1842
-1730
-1599
-1451
-1290
-1117
-933
-742
-546
-347
-148
48
238
419
587
740
874
987
1078
1146
1191
1213
1215
1200
1171
1132
1087
1039
992
948
907
870
834
799
762
721
673
619
557
489
414
337
258
182
112
50
-1
-40
-66
-80
-83
-77
-65
-51
-39
-32
-35
-50
-78
-122
-180
-250
-330
-415
-501
-583
-653
-709
-743
-754
-738
-694
-624
-530
-415
-284
-145
-3
132
257
363
446
501
525
518
479
411
318
205
78
-54
-187
-311
-419
-506
-567
-598
-599
-570
-514
-434
-336
-225
-109
7
117
218
304
373
424
455
469
465
446
413
370
319
261
201
140
81
25
-24
-68
-103
-128
-144
-148
-142
-126
-100
-66
-25
18
64
109
149
182
206
219
220
208
184
150
106
57
4
-49
-101
-148
-190
-224
-251
-271
-286
-297
-306
-315
-324
-337
-353
-372
-394
-418
-441
-461
-477
-486
-486
-475
-452
-417
-368
-308
-238
-159
-73
15
105
194
278
357
428
491
544
588
623
649
668
680
687
689
688
684
679
673
666
658
649
638
625
608
588
562
531
493
447
394
334
267
195
120
44
-28
-97
-157
-206
-243
-267
-276
-273
-258
-233
-201
-164
-126
-88
-52
-20
7
29
46
58
66
68
67
61
51
35
15
-12
-46
-89
-140
-202
-272
-352
-439
-531
-627
-723
-815
-899
-973
-1033
-1075
-1098
-1099
-1079
-1036
-972
-890
-792
-682
-564
-443
-323
-208
-103
-10
66
128
172
200
214
216
210
198
185
174
169
172
185
208
243
287
340
400
464
529
592
650
702
744
775
795
803
798
782
755
718
671
615
552
481
404
319
230
134
34
-68
-174
-281
-386
-488
-585
-673
-751
-816
-866
-900
-918
-918
-903
-873
-831
-780
-722
-660
-597
-536
-477
-422
-370
-322
-276
-230
-182
-131
-75
-14
53
125
202
282
363
443
521
595
664
728
787
841
891
936
978
1016
1051
1083
1111
1135
1152
1162
1163
1153
1130
1094
1043
977
897
803
698
582
458
326
189
47
-97
-245
-393
-540
-685
-825
-957
-1078
-1185
-1275
-1346
-1397
-1426
-1434
-1423
-1393
-1348
-1290
-1222
-1148
-1069
-989
-907
-826
-745
-665
-584
-503
-420
-334
-244
-150
-51
49
153
257
359
455
543
620
682
729
758
768
761
737
699
648
587
519
448
376
306
241
182
132
93
65
49
47
59
83
119
165
220
281
345
408
468
522
568
604
628
641
643
633
615
588
554
515
472
424
374
320
263
203
140
73
2
-71
-147
-224
-302
-378
-451
-518
-579
-632
-674
-705
-723
-729
-721
-700
-666
-618
-558
-488
-407
-319
-225
-127
-29
66
157
240
311
370
413
439
448
440
416
377
326
264
194
120
45
-28
-97
-159
-212
-254
-283
-301
-308
-304
-291
-272
-249
-226
-203
-185
-171
-164
-165
-172
-188
-210
-237
-271
-308
-347
-389
-430
-471
-510
-545
-576
-601
-621
-634
-639
-637
-628
-610
-584
-550
-507
-456
-398
-333
-262
-186
-107
-26
55
136
215
291
363
432
497
557
613
664
710
749
781
803
814
813
800
773
734
684
625
560
493
427
367
314
273
246
234
238
256
289
332
384
439
493
543
583
609
619
611
583
536
471
391
299
198
93
-14
-119
-219
-313
-398
-473
-538
-593
-637
-672
-698
-717
-728
-733
-733
-728
-720
-708
-693
-676
-657
-636
-615
-594
-572
-550
-529
-508
-487
-467
-446
-424
-402
-377
-350
-318
-282
-240
-192
-136
-73
-4
70
149
229
308
384
452
510
556
589
607
611
601
580
550
515
478
443
413
391
380
380
391
414
445
482
521
558
589
610
619
612
587
546
488
415
330
236
137
37
-59
-151
-234
-304
-362
-404
-431
-443
-441
-426
-400
-364
-322
-276
-228
-180
-136
-96
-63
-36
-17
-6
-2
-4
-12
-23
-36
-49
-60
-69
-74
-74
-69
-60
-46
-29
-10
7
24
36
43
42
33
15
-11
-47
-92
-143
-200
-259
-320
-380
-436
-487
-531
-567
-594
-612
-621
-621
-614
-601
-583
-561
-537
-511
-483
-455
-427
-398
-368
-337
-305
-272
-238
-203
-167
-130
-94
-58
-22
11
44
77
108
139
169
200
231
263
296
329
362
396
429
461
492
521
550
576
602
626
649
670
689
705
716
721
719
707
685
651
604
545
473
391
299
200
96
-8
-113
-213
-307
-393
-470
-537
-593
-638
-674
-699
-715
-720
-716
-700
-671
-629
-571
-497
-406
-297
-170
-27
129
298
475
659
844
1026
1202
1366
1513
1639
1739
1809
1843
1839
1794
1709
1583
1422
1228
1011
776
535
297
70
-136
-317
-466
-581
-662
-711
-731
-729
-710
-684
-658
-640
-637
-655
-698
-767
-862
-980
-1116
-1262
-1413
-1559
-1694
-1810
-1902
-1965
-1999
-2001
-1972
-1915
-1830
-1723
-1596
-1454
-1299
-1136
-968
-797
-627
-460
-297
-141
7
146
276
395
503
599
684
758
821
875
919
956
988
1014
1038
1060
1082
1103
1125
1146
1166
1182
1192
1194
1184
1160
1120
1063
986
889
773
640
491
330
160
-11
-181
-341
-487
-612
-709
-774
-804
-795
-747
-659
-534
-373
-182
34
