1490
1559
1613
1651
1673
1679
1671
1647
1610
1559
1497
1423
1340
1249
1150
1045
936
824
709
595
482
372
266
165
72
-12
-86
-151
-204
-246
-276
-294
-303
-301
-291
-275
-253
-229
-203
-178
-156
-138
-125
-118
-117
-122
-131
-144
-157
-170
-179
-183
-181
-171
-152
-124
-88
-45
2
53
105
154
198
234
260
273
271
255
223
177
116
43
-39
-129
-223
-319
-413
-503
-586
-660
-723
-775
-814
-841
-854
-856
-846
-825
-796
-758
-714
-663
-607
-546
-480
-410
-333
-251
-162
-64
42
159
287
424
571
724
881
1037
1187
1325
1445
1539
1601
1625
1606
1539
1424
1259
1046
788
491
160
-196
-572
-960
-1352
-1742
-2123
-2490
-2839
-3164
-3462
-3727
-3952
-4132
-4258
-4322
-4313
-4223
-4043
-3764
-3383
-2897
-2308
-1622
-848
-2
899
1835
2782
3716
4612
5446
6197
6847
7380
7784
8053
8182
8172
8027
7753
7361
6861
6268
5597
4864
4086
3279
2460
1644
845
75
-656
-1343
-1978
-2557
-3080
-3544
-3949
-4296
-4583
-4812
-4981
-5091
-5141
-5134
-5069
-4949
-4778
-4560
-4300
-4003
-3675
-3325
-2956
-2576
-2191
-1805
-1423
-1051
-691
-346
-20
284
565
820
1047
1244
1409
1540
1636
1697
1722
1713
1674
1606
1516
1410
1293
1173
1057
951
859
786
734
702
688
690
703
720
736
744
740
719
678
617
535
435
320
196
68
-56
-174
-277
-363
-427
-469
-488
-486
-465
-431
-387
-339
-291
-248
-213
-188
-174
-171
-177
-190
-207
-225
-239
-248
-247
-235
-211
-175
-128
-71
-8
57
124
186
240
282
310
322
316
292
251
196
128
51
-29
-111
-190
-261
-323
-372
-407
-428
-435
-428
-409
-379
-341
-297
-249
-201
-154
-112
-77
-52
-39
-38
-50
-75
-112
-156
-205
-255
-302
-341
-369
-385
-388
-377
-356
-327
-294
-260
-229
-203
-185
-175
-174
-180
-192
-206
-221
-234
-241
-242
-235
-221
-199
-171
-140
-108
-79
-56
-42
-40
-51
-77
-119
-176
-246
-327
-416
-509
-602
-690
-771
-838
-889
-919
-927
-910
-867
-799
-707
-594
-462
-317
-164
-8
144
292
428
551
659
752
831
898
954
1003
1047
1088
1129
1170
1212
1255
1301
1348
1398
1450
1504
1562
1623
1687
1753
1818
1881
1937
1983
2013
2023
2007
1962
1883
1769
1618
1429
1206
951
671
371
60
-252
-560
-854
-1128
-1374
-1590
-1773
-1923
-2041
-2129
-2192
-2233
-2256
-2265
-2262
-2249
-2227
-2195
-2153
-2097
-2024
-1931
-1815
-1673
-1505
-1309
-1089
-847
-590
-325
-60
196
434
648
829
973
1077
1142
1167
1158
1118
1054
973
880
783
689
604
531
475
438
422
425
447
484
534
591
650
707
757
796
819
825
812
779
727
658
572
475
368
256
143
31
-75
-174
-263
-341
-408
-462
-505
-538
-561
-578
-589
-596
-600
-603
-603
-603
-602
-599
-594
-588
-580
-569
-558
-545
-532
-519
-506
-495
-486
-478
-473
-470
-470
-472
-476
-482
-489
-498
-507
-517
-525
-533
-538
-541
-539
-533
-519
-498
-466
-424
-370
-302
-221
-125
-16
105
236
375
518
661
800
931
1050
1154
1240
1308
1357
1388
1402
1401
1388
1365
1333
1297
1256
1212
1168
1124
1080
1038
999
963
930
899
869
838
802
758
702
631
542
432
301
151
-16
-197
-388
-582
-774
-959
-1133
-1292
-1436
-1563
-1672
-1765
-1844
-1910
-1965
-2012
-2052
-2088
-2121
-2152
-2180
-2206
-2227
-2239
-2238
-2219
-2177
-2106
-2000
-1857
-1672
-1445
-1176
-868
-526
-156
234
637
1044
1443
1828
2187
2515
2803
3046
3241
3387
3482
3530
3535
3500
3432
3337
3220
3085
2935
2772
2595
2404
2196
1970
1724
1458
1172
869
551
223
-108
-440
-764
-1075
-1367
-1636
-1877
-2087
-2263
-2404
-2508
-2576
-2608
-2607
-2575
-2516
-2434
-2332
-2216
-2087
-1951
-1809
-1663
-1513
-1361
-1205
-1046
-881
-711
-535
-355
-173
7
184
352
508
646
762
856
925
969
991
993
980
957
930
907
893
894
916
960
1027
1115
1221
1339
1460
1574
1673
1745
1783
1781
1732
1637
1495
1311
1091
842
575
299
25
-236
-476
-686
-859
-989
-1075
-1115
-1112
-1070
-993
-891
-769
-638
-504
-375
-259
-160
-82
-30
-5
-7
-37
-93
-173
-276
-396
-531
-676
-826
-979
-1128
-1271
-1402
-1520
-1621
-1703
-1763
-1800
-1814
-1803
-1766
-1705
-1619
-1509
-1376
-1223
-1051
-864
-662
-451
-232
-9
214
435
650
856
1050
1228
1386
1523
1634
1717
1771
1794
1785
1747
1679
1584
1466
1329
1176
1012
842
669
497
329
168
15
-126
-255
-370
-469
-549
-609
-646
-660
-649
-614
-557
-479
-386
-282
-172
-63
39
129
204
259
292
302
291
260
214
155
89
20
-47
-109
-164
-210
-245
-270
-287
-298
-305
-311
-319
-330
-347
-368
-394
-425
-458
-492
-526
-558
-588
-613
-634
-651
-665
-676
-684
-692
-700
-708
-718
-729
-741
-753
-763
-770
-771
-764
-745
-713
-665
-600
-516
-412
-291
-152
0
163
334
507
679
846
1001
1143
1269
1374
1459
1523
1565
1587
1591
1579
1554
1520
1480
1437
1395
1354
1315
1280
1246
1213
1176
1135
1085
1023
948
858
752
632
501
362
221
82
-45
-158
-249
-316
-355
-367
-353
-318
-267
-207
-147
-95
-58
-42
-52
-92
-161
-258
-380
-521
-674
-833
-988
-1133
-1261
-1364
-1438
-1479
-1484
-1451
-1382
-1276
-1138
-970
-778
-566
-340
-107
127
358
578
784
969
1130
1263
1364
1432
1463
1459
1419
1343
1234
1094
927
737
528
304
70
-168
-409
-646
-875
-1091
-1291
-1470
-1623
-1748
-1839
-1894
-1910
-1884
-1817
-1708
-1559
-1372
-1153
-906
-639
-360
-76
203
471
719
940
1129
1281
1393
1462
1488
1470
1409
1309
1171
1000
800
578
341
97
-146
-380
-596
-783
-936
-1046
-1109
-1123
-1086
-1000
-869
-698
-495
-268
-27
216
455
678
877
1046
1179
1271
1322
1330
1298
1228
1125
993
839
670
492
311
135
-30
-182
-315
-427
-517
-584
-628
-650
-652
-633
-595
-538
-462
-368
-257
-129
13
166
327
487
641
778
890
968
1001
982
906
770
572
317
11
-336
-714
-1108
-1502
-1881
-2229
-2531
-2776
-2953
-3055
-3078
-3021
-2888
-2684
-2418
-2099
-1740
-1352
-949
-542
-144
235
587
904
1179
1409
1591
1724
1809
1850
1850
1814
1748
1659
1553
1439
1322
1209
1104
1011
933
870
823
790
768
754
745
738
728
713
691
659
617
566
507
441
371
302
236
176
125
86
58
44
43
53
73
103
139
180
224
268
311
350
384
411
428
434
428
409
377
331
271
198
112
16
-90
-206
-329
-457
-588
-720
-850
-975
-1092
-1197
-1288
-1359
-1409
-1433
-1428
-1393
-1327
-1229
-1103
-951
-779
-592
-399
-207
-25
139
280
390
467
506
508
474
407
313
198
71
-58
-182
-289
-369
-417
-424
-387
-306
-181
-18
177
397
628
861
1081
1279
1442
1563
1634
1652
1615
1526
1389
1212
1004
776
539
304
82
-117
-288
-427
-529
-596
-630
-635
-616
-579
-533
-483
-436
-398
-373
-365
-376
-407
-455
-520
-598
-685
-775
-865
-949
-1022
-1081
-1123
-1145
-1147
-1129
-1092
-1038
-971
-892
-805
-712
-617
-520
-422
-324
-226
-127
-26
75
181
288
395
502
604
699
783
853
904
933
940
921
877
809
719
609
484
348
205
59
-84
-223
-354
-473
-580
-672
-750
-811
-857
-885
-897
-890
-864
-818
-749
-657
-540
-398
-231
-40
170
397
636
879
1121
1353
1569
1762
1927
2061
2159
2222
2249
2241
2200
2129
2030
1905
1758
1590
1406
1207
996
778
555
331
109
-106
-314
-512
-700
-876
-1043
-1202
-1355
-1506
-1658
-1813
-1973
-2140
-2312
-2489
-2666
-2839
-3002
-3147
-3266
-3352
-3397
-3392
-3333
-3215
-3033
-2788
-2479
-2110
-1684
-1208
-691
-141
428
1009
1587
2151
2688
3187
3637
4028
4352
4601
4770
4856
4858
4776
4614
4379
4078
3721
3319
2884
2429
1964
1501
1049
616
207
-173
-522
-840
-1127
-1383
-1611
-1812
-1988
-2140
-2269
-2376
-2461
-2523
-2561
-2575
-2564
-2526
-2460
-2367
-2247
-2102
-1933
-1746
-1544
-1333
-1118
-906
-700
-507
-330
-172
-34
83
179
256
316
360
391
411
423
429
431
431
431
432
435
440
448
457
468
478
487
495
499
500
496
490
480
468
455
441
429
418
410
404
400
399
400
401
403
404
405
404
403
400
397
393
389
384
380
375
368
360
348
332
311
282
247
203
152
94
30
-37
-108
-179
-249
-315
-375
-427
-470
-502
-523
-533
-531
-518
-496
-465
-429
-389
-348
-308
-271
-241
-217
-203
-199
-204
-220
-246
-280
-322
-370
-421
-474
-526
-575
-618
-653
-677
-689
-686
-669
-638
-592
-535
-468
-396
-324
-256
-198
-155
-133
-134
-162
-219
-302
-409
-535
-674
-817
-955
-1078
-1177
-1242
-1266
-1243
-1169
-1044
-868
-643
-375
-71
261
614
978
1342
1699
2037
2349
2626
2860
3044
3173
3240
3243
3177
3041
2834
2559
2218
1818
1368
879
365
-159
-678
-1175
-1636
-2045
-2391
-2665
-2861
-2974
-3006
-2957
-2832
-2636
-2378
-2064
-1704
-1308
-886
-448
-6
429
849
1243
1603
1922
2194
2417
2587
2706
2775
2796
2773
2709
2611
2481
2326
2150
1958
1751
1534
1308
1074
832
583
326
63
-205
-479
-754
-1025
-1289
-1537
-1765
-1964
-2128
-2251
-2329
-2358
-2338
-2269
-2154
-1998
-1807
-1587
-1346
-1091
-829
-566
-310
-64
165
374
561
720
850
948
1014
1047
1046
1013
951
861
749
618
473
321
166
13
-130
-262
-377
-473
-547
-598
-628
-635
-622
-592
-547
-491
-426
-355
-282
-208
-135
-63
6
74
138
201
260
317
370
418
461
497
525
543
552
550
537
514
482
441
395
345
295
246
203
166
139
122
117
122
137
160
187
215
242
261
271
267
246
206
146
65
-35
-155
-291
-439
-596
-756
-914
-1064
-1201
-1320
-1416
-1485
-1525
-1533
-1508
-1452
-1367
-1255
-1120
-969
-805
-637
-469
-307
-156
-21
93
188
259
308
334
339
325
293
246
186
114
34
-52
-144
-238
-333
-424
-508
-582
-641
-681
-698
-688
-647
-573
-466
-324
-151
48
271
510
757
1002
1236
1451
1637
1788
1897
1960
1975
1941
1858
1730
1560
1354
1119
862
591
315
42
-219
-462
-680
-868
-1022
-1142
-1226
-1277
-1299
-1295
-1271
-1232
-1185
-1133
-1081
-1033
-989
-951
-917
-886
-856
-822
-782
-731
-669
-591
-498
-389
-266
-132
11
158
305
447
579
699
801
886
951
996
1022
1031
1025
1006
979
946
910
873
837
805
778
755
736
720
707
693
677
656
629
594
549
495
431
360
283
204
124
47
-22
-83
-132
-167
-187
-192
-180
-154
-115
-66
-8
54
117
178
233
278
311
328
329
311
277
224
156
73
-20
-124
-234
-348
-463
-577
-688
-796
-899
-1000
-1098
-1196
-1296
-1400
-1509
-1626
-1750
-1879
-2011
-2142
-2267
-2379
-2471
-2536
-2568
-2559
-2504
-2398
-2240
-2027
-1760
-1439
-1068
-652
-196
293
810
1345
1890
2436
2972
3491
3980
4431
4833
5177
5455
5658
5781
5819
5771
5634
5412
5109
4729
4282
3776
3224
2636
2025
1404
785
177
-408
-964
-1484
-1961
-2393
-2776
-3108
-3388
-3617
-3794
-3920
-3996
-4025
-4010
-3953
-3861
-3737
-3587
-3417
-3233
-3042
-2848
-2656
-2469
-2291
-2122
-1963
-1814
-1672
-1537
-1405
-1273
-1138
-998
-848
-687
-512
-322
-117
101
333
574
822
1071
1316
1553
1775
1977
2155
2303
2420
