273
240
208
177
148
119
91
63
35
6
-24
-57
-91
-127
-163
-198
-230
-257
-275
-283
-277
-257
-220
-166
-96
-11
84
188
295
401
500
587
658
709
738
744
728
690
634
561
475
380
279
175
71
-28
-122
-208
-283
-346
-395
-429
-447
-450
-438
-413
-375
-329
-275
-218
-161
-105
-55
-12
20
42
52
50
36
11
-22
-64
-111
-160
-209
-254
-293
-324
-346
-357
-356
-345
-324
-293
-254
-208
-156
-100
-41
20
84
147
210
270
325
374
414
444
459
459
443
408
356
288
205
110
8
-97
-201
-299
-387
-461
-517
-554
-571
-568
-546
-507
-455
-393
-325
-253
-182
-114
-50
7
59
104
144
180
213
246
279
312
347
382
417
449
477
499
512
515
506
485
451
404
347
280
205
124
40
-43
-127
-207
-281
-349
-410
-461
-504
-537
-563
-580
-591
-597
-599
-598
-596
-593
-589
-585
-580
-572
-562
-548
-528
-501
-466
-422
-369
-305
-231
-148
-56
43
148
258
369
480
588
690
783
865
933
985
1019
1033
1027
1000
950
880
789
680
555
417
269
116
-37
-187
-328
-454
-562
-647
-708
-742
-749
-731
-690
-631
-559
-479
-397
-318
-249
-192
-149
-123
-111
-113
-125
-143
-164
-182
-194
-196
-186
-162
-124
-72
-7
68
153
242
333
421
504
578
639
686
716
728
722
699
660
607
541
464
381
292
200
107
17
-70
-153
-231
-302
-365
-422
-471
-514
-549
-578
-602
-619
-631
-638
-639
-635
-624
-608
-584
-555
-518
-476
-428
-375
-318
-256
-192
-124
-54
18
93
171
250
332
416
501
586
670
751
828
899
961
1011
1049
1071
1077
1066
1036
989
926
847
755
653
545
433
321
213
112
19
-61
-130
-186
-229
-260
-280
-290
-294
-292
-287
-281
-275
-271
-269
-270
-275
-284
-296
-311
-330
-352
-377
-404
-435
-468
-504
-543
-585
-629
-675
-722
-770
-815
-858
-895
-926
-946
-956
-954
-937
-908
-864
-808
-741
-664
-580
-491
-397
-302
-206
-109
-12
84
183
284
388
495
605
719
834
950
1063
1171
1272
1362
1439
1500
1543
1566
1567
1546
1502
1435
1345
1235
1107
963
809
649
487
329
179
41
-80
-184
-270
-337
-386
-420
-441
-452
-457
-458
-457
-458
-460
-464
-470
-476
-481
-484
-481
-473
-458
-436
-407
-374
-337
-301
-269
-243
-228
-226
-238
-265
-306
-358
-419
-485
-551
-613
-666
-707
-734
-744
-737
-713
-673
-618
-553
-478
-398
-316
-234
-155
-81
-16
40
87
123
150
166
173
173
166
154
138
121
104
87
74
64
59
61
69
85
110
142
183
230
284
343
404
467
528
586
639
685
722
751
770
780
782
774
759
736
706
669
626
577
521
459
391
318
240
157
70
-18
-109
-200
-289
-375
-456
-530
-594
-647
-687
-712
-722
-716
-693
-655
-602
-535
-457
-371
-279
-185
-92
-4
73
139
188
219
230
218
183
127
50
-45
-157
-282
-415
-552
-690
-822
-946
-1056
-1149
-1221
-1270
-1294
-1290
-1258
-1198
-1110
-997
-859
-699
-520
-324
-116
100
324
549
774
995
1207
1407
1592
1756
1897
2009
2089
2132
2135
2095
2012
1886
1719
1514
1278
1016
738
451
165
-111
-371
-607
-814
-987
-1125
-1226
-1291
-1322
-1322
-1294
-1242
-1172
-1087
-991
-889
-784
-678
-574
-474
-379
-289
-205
-129
-59
3
58
106
146
178
203
219
228
230
225
214
196
174
148
120
91
61
34
9
-10
-25
-34
-36
-32
-21
-3
19
48
81
118
157
198
239
279
318
354
387
415
437
453
462
464
457
443
422
394
359
320
277
232
186
140
95
53
15
-18
-47
-71
-92
-109
-124
-138
-152
-167
-184
-202
-222
-243
-263
-280
-292
-297
-293
-278
-252
-214
-165
-107
-43
23
90
152
206
248
276
289
285
266
233
189
138
84
31
-17
-58
-89
-109
-120
-122
-120
-118
-121
-136
-167
-221
-303
-415
-560
-738
-948
-1186
-1447
-1722
-2003
-2279
-2537
-2767
-2956
-3093
-3169
-3174
-3105
-2957
-2729
-2424
-2046
-1601
-1097
-546
40
650
1269
1884
2482
3049
3574
4046
4456
4797
5062
5247
5349
5369
5305
5163
4945
4660
4314
3919
3485
3025
2549
2069
1596
1137
701
290
-91
-445
-772
-1074
-1354
-1614
-1857
-2084
-2295
-2488
-2663
-2817
-2947
-3050
-3126
-3172
-3187
-3173
-3129
-3057
-2960
-2840
-2700
-2541
-2368
-2181
-1984
-1778
-1565
-1347
-1125
-900
-675
-451
-228
-10
202
407
601
783
950
1100
1232
1343
1433
1501
1547
1571
1574
1558
1525
1477
1416
1344
1263
1175
1082
986
887
787
687
589
493
401
313
232
158
91
34
-14
-54
-85
-108
-123
-132
-135
-133
-128
-121
-111
-102
-92
-82
-74
-65
-57
-49
-41
-31
-20
-7
7
24
44
65
87
108
129
148
163
174
179
177
168
151
126
92
49
0
-55
-116
-180
-245
-309
-371
-427
-477
-519
-552
-575
-588
-590
-583
-568
-545
-515
-480
-442
-401
-360
-320
-282
-247
-217
-193
-175
-163
-159
-163
-173
-189
-210
-235
-261
-286
-308
-325
-334
-333
-321
-296
-258
-208
-146
-75
3
85
169
249
323
388
440
478
500
505
493
465
423
368
303
232
156
78
0
-74
-146
-213
-275
-331
-381
-425
-462
-491
-511
-521
-520
-507
-483
-446
-399
-342
-277
-208
-138
-71
-8
44
87
117
135
140
134
120
101
79
58
42
32
30
36
52
75
105
138
173
207
237
262
281
293
300
301
299
296
294
294
299
309
324
344
368
395
421
444
463
475
479
474
459
436
406
370
330
288
248
209
173
143
118
98
85
79
80
89
106
133
170
215
270
332
399
468
536
598
650
686
703
695
659
592
492
360
199
11
-196
-416
-642
-865
-1077
-1269
-1437
-1573
-1675
-1740
-1767
-1757
-1712
-1634
-1527
-1395
-1242
-1074
-896
-711
-525
-342
-164
4
164
314
454
585
709
827
940
1050
1155
1255
1348
1431
1500
1550
1579
1582
1556
1499
1411
1292
1145
973
782
576
362
146
-63
-263
-447
-610
-749
-861
-946
-1004
-1035
-1042
-1026
-992
-941
-879
-807
-728
-646
-563
-479
-396
-315
-235
-156
-79
-3
72
146
219
289
356
419
475
523
563
591
609
615
608
589
558
515
462
399
328
249
165
77
-13
-103
-192
-277
-358
-431
-497
-554
-600
-637
-662
-676
-679
-672
-655
-628
-593
-552
-505
-455
-402
-349
-298
-248
-202
-160
-123
-89
-60
-34
-12
7
24
40
54
68
81
93
106
119
132
145
158
172
187
200
214
226
237
245
251
252
250
242
228
207
180
145
103
53
-4
-70
-143
-222
-307
-396
-488
-582
-674
-762
-845
-918
-979
-1025
-1054
-1064
-1053
-1021
-968
-895
-802
-692
-568
-432
-288
-140
8
155
296
431
558
678
790
897
1001
1104
1209
1316
1428
1542
1659
1774
1885
1988
2079
2154
2210
2242
2250
2230
2182
2105
2000
1864
1701
1509
1290
1045
778
490
187
-128
-449
-771
-1087
-1391
-1677
-1938
-2171
-2371
-2535
-2662
-2751
-2803
-2819
-2802
-2753
-2675
-2571
-2443
-2293
-2124
-1937
-1734
-1518
-1290
-1053
-809
-563
-318
-77
154
374
578
763
927
1068
1185
1277
1346
1392
1417
1421
1408
1378
1335
1280
1216
1144
1067
987
906
825
747
673
605
544
493
452
422
403
396
401
417
443
476
516
559
602
642
675
699
709
703
679
635
569
484
380
260
128
-13
-159
-304
-445
-576
-695
-798
-883
-948
-993
-1018
-1023
-1011
-982
-939
-886
-826
-761
-695
-632
-574
-523
-481
-448
-425
-411
-403
-400
-400
-399
-395
-386
-371
-347
-315
-275
-228
-176
-120
-63
-7
46
94
135
169
194
210
218
218
211
198
180
159
136
112
88
65
45
26
11
0
-6
-9
-5
4
20
44
74
113
158
208
263
321
377
430
477
512
535
540
526
490
432
352
251
131
-3
-150
-305
-461
-615
-760
-894
-1011
-1109
-1185
-1240
-1272
-1283
-1273
-1244
-1199
-1139
-1067
-983
-890
-787
-676
-557
-430
-294
-149
3
164
332
508
689
875
1062
1249
1432
1607
1769
1912
2031
2120
2172
2185
2153
2077
1956
1795
1598
1374
1131
880
631
392
174
-17
-178
-306
-402
-468
-508
-529
-536
-536
-537
-542
-556
-583
-623
-677
-741
-812
-888
-962
-1029
-1086
-1126
-1148
-1149
-1127
-1082
-1015
-929
-825
-707
-580
-446
-309
-173
-42
80
192
292
377
446
497
532
550
552
541
520
490
456
422
389
361
340
328
325
331
345
365
389
414
436
452
460
457
441
410
365
307
235
154
64
-28
-123
-215
-301
-377
-442
-492
-525
-540
-537
-514
-471
-411
-333
-240
-134
-20
97
214
325
423
503
561
591
592
562
503
417
309
185
52
-83
-214
-334
-437
-519
-578
-612
-622
-609
-576
-527
-467
-398
-326
-254
-186
-124
-71
-28
4
26
39
43
40
31
19
4
-10
-25
-38
-49
-58
-63
-66
-66
-63
-58
-51
-42
-30
-18
-3
11
27
43
59
75
90
102
112
119
122
122
117
108
95
80
63
46
28
12
-1
-13
-23
-32
-39
-47
-56
-69
-85
-106
-133
-165
-204
-248
-296
-347
-399
-452
-502
-548
-588
-620
-641
-650
-645
-624
-587
-533
-464
-379
-281
-174
-61
54
168
276
374
459
529
582
617
635
638
627
607
580
550
519
491
468
450
439
432
430
429
429
427
420
408
389
363
331
293
252
208
164
122
84
51
25
5
-8
-15
-18
-18
-17
-17
-20
-27
-40
-59
-86
-119
-159
-205
-256
-309
-364
-417
-468
-513
-550
-577
-593
-596
-585
-560
-522
-471
-409
-339
-263
-184
-107
-33
32
88
130
158
169
163
139
99
44
-23
-102
-188
-279
-370
-459
-541
-613
-672
-714
-735
-735
-709
-658
-581
-478
-351
-202
-35
146
337
532
725
910
1082
1233
1361
1461
1530
1567
1571
1544
1486
1403
1296
1171
1031
882
728
572
419
274
140
20
-81
-162
-221
-257
-269
-260
-231
-186
-130
-68
-5
52
100
133
148
142
114
66
-1
-86
-183
-288
-395
-501
-599
-687
-759
-814
-849
-865
-861
-840
-802
-751
-689
-618
-543
-466
-389
-315
-246
-183
-127
-80
-42
-13
7
20
26
26
22
13
3
-8
-20
-32
-42
-50
-56
-59
-58
-54
-44
-29
-8
19
56
100
153
214
281
352
424
495
561
617
659
685
689
671
629
562
472
359
229
84
-70
-229
-387
-538
-677
-799
-901
-978
-1029
-1053
-1050
-1019
-964
-886
-788
-675
-549
-415
-278
-141
-8
116
230
332
420
493
551
596
629
652
667
678
687
696
708
723
744
769
798
829
861
891
915
929
930
914
878
819
737
632
507
363
207
43
-122
-282
-431
-563
-674
-759
-817
-846
-847
-823
-777
-714
-639
-557
-474
-396
-327
-271
-231
-210
-208
-225
-260
-312
-378
-454
-539
-627
-715
-799
-874
-938
-987
-1018
-1031
-1023
-995
-948
-883
-804
-712
-611
-505
-395
-286
-180
-78
18
110
195
276
353
427
499
571
643
716
787
857
923
983
1034
