36
-21
-76
-130
-181
-230
-276
-320
-362
-401
-439
-475
-510
-543
-574
-602
-628
-650
-667
-680
-688
-689
-685
-673
-656
-631
-600
-562
-519
-469
-414
-355
-293
-228
-162
-96
-33
27
84
135
179
216
245
266
278
283
280
272
259
242
225
208
193
182
176
175
180
191
206
227
250
275
300
324
345
362
374
380
381
375
363
345
324
300
274
248
224
203
185
172
164
161
163
168
176
184
192
198
200
197
187
169
144
112
72
27
-21
-73
-125
-177
-226
-271
-310
-344
-371
-392
-405
-412
-413
-407
-396
-379
-358
-333
-305
-274
-240
-206
-170
-134
-98
-63
-28
6
40
73
106
138
170
201
232
261
289
315
339
360
377
390
397
398
392
378
357
326
288
243
191
134
74
12
-49
-108
-165
-216
-260
-298
-329
-352
-367
-375
-377
-372
-362
-348
-329
-308
-284
-258
-230
-202
-172
-143
-114
-86
-60
-35
-14
4
18
28
32
32
27
17
3
-15
-36
-61
-87
-113
-140
-166
-190
-211
-230
-244
-253
-258
-256
-249
-236
-216
-191
-159
-123
-82
-37
10
59
107
154
198
237
270
297
318
331
337
338
333
324
312
298
282
265
248
229
209
187
164
137
108
75
40
3
-34
-72
-109
-142
-171
-195
-211
-220
-222
-218
-207
-193
-175
-156
-137
-120
-107
-98
-95
-99
-108
-124
-147
-174
-206
-241
-278
-315
-350
-381
-406
-425
-436
-438
-431
-414
-388
-353
-311
-262
-207
-148
-85
-19
48
118
187
256
323
388
450
507
558
604
641
671
691
701
700
689
668
637
598
553
504
453
402
353
307
266
231
201
177
157
141
127
113
97
78
55
25
-10
-52
-101
-155
-213
-273
-333
-390
-442
-488
-526
-554
-573
-583
-582
-574
-558
-535
-508
-477
-443
-406
-368
-329
-289
-248
-206
-163
-120
-75
-31
12
55
97
135
169
198
221
238
248
251
248
239
226
211
194
177
160
146
135
126
120
118
118
120
124
130
136
143
149
156
161
165
168
168
167
163
156
146
134
120
104
87
69
51
33
17
3
-7
-16
-21
-23
-21
-16
-8
1
13
27
41
54
68
80
90
99
106
111
113
114
112
107
100
90
78
62
44
23
0
-25
-51
-76
-100
-121
-137
-148
-151
-148
-137
-120
-98
-73
-47
-22
-2
12
20
20
12
-4
-28
-57
-91
-127
-164
-199
-232
-260
-283
-299
-308
-310
-306
-296
-281
-262
-241
-219
-196
-174
-154
-135
-119
-104
-91
-79
-67
-55
-41
-25
-8
11
33
57
82
108
133
156
177
196
211
223
232
238
241
242
242
241
240
238
236
234
232
227
220
209
193
171
143
108
67
20
-30
-84
-139
-192
-241
-283
-317
-341
-353
-353
-341
-316
-280
-234
-181
-123
-63
-3
52
104
148
185
215
236
252
261
267
271
273
276
281
287
296
306
319
333
347
361
375
387
398
406
412
416
416
414
409
400
387
370
349
324
294
260
221
180
135
88
39
-10
-61
-112
-162
-212
-261
-310
-358
-407
-455
-502
-549
-594
-636
-674
-706
-732
-749
-757
-755
-744
-723
-693
-656
-614
-567
-518
-469
-420
-374
-330
-290
-254
-221
-191
-163
-137
-112
-87
-61
-35
-7
20
49
78
106
133
158
181
200
215
228
237
243
247
250
253
257
262
270
280
292
306
321
337
352
365
375
380
379
372
357
334
304
267
223
175
122
68
14
-37
-85
-129
-166
-195
-217
-230
-234
-231
-219
-201
-177
-148
-115
-81
-46
-12
20
48
73
93
108
117
120
117
109
95
77
54
28
0
-31
-62
-94
-124
-152
-177
-198
-216
-229
-237
-242
-244
-242
-237
-231
-224
-215
-206
-197
-187
-177
-167
-156
-145
-132
-117
-101
-83
-62
-38
-13
14
43
72
101
129
155
178
197
212
223
229
232
231
226
220
212
204
195
186
177
168
159
150
140
130
119
106
92
76
58
38
16
-8
-34
-61
-90
-119
-149
-177
-205
-229
-251
-269
-282
-290
-292
-288
-278
-263
-244
-221
-196
-170
-144
-121
-100
-83
-70
-61
-55
-52
-51
-49
-45
-38
-26
-8
17
49
89
135
185
239
294
348
398
445
485
518
544
563
575
582
584
584
581
577
572
566
559
551
540
524
501
471
430
378
313
236
147
47
-60
-173
-288
-402
-510
-609
-696
-769
-826
-866
-889
-895
-886
-863
-827
-781
-727
-667
-602
-535
-466
-397
-329
-262
-196
-131
-66
-1
65
134
206
282
361
445
531
620
708
793
873
944
1002
1043
1066
1067
1044
998
929
839
730
608
476
339
201
67
-59
-175
-278
-368
-442
-502
-547
-580
-602
-613
-617
-615
-608
-598
-586
-573
-558
-544
-528
-512
-495
-477
-458
-438
-416
-392
-368
-342
-315
-286
-256
-224
-189
-151
-110
-66
-18
32
85
139
194
249
301
349
392
428
457
478
490
493
488
474
453
426
393
356
316
275
232
191
150
111
75
41
9
-18
-44
-68
-88
-106
-122
-136
-147
-157
-165
-171
-178
-183
-189
-194
-201
-207
-215
-223
-231
-239
-247
-253
-258
-260
-260
-256
-249
-239
-225
-209
-190
-171
-151
-133
-116
-102
-91
-84
-80
-79
-81
-85
-91
-97
-104
-110
-115
-119
-121
-121
-119
-114
-107
-96
-82
-64
-42
-17
12
45
81
120
162
204
247
289
329
366
399
427
449
464
474
477
473
464
449
429
405
375
340
301
257
208
156
99
40
-20
-82
-143
-201
-254
-303
-344
-377
-402
-418
-426
-425
-417
-403
-383
-361
-338
-314
-293
-275
-261
-253
-251
-256
-267
-283
-303
-326
-350
-373
-393
-407
-413
-409
-394
-366
-325
-272
-207
-131
-46
46
143
243
343
441
534
621
700
768
825
869
900
918
922
913
890
856
811
755
691
619
543
464
383
305
230
162
103
54
18
-4
-14
-9
7
36
73
116
161
205
244
276
296
304
297
274
237
187
124
52
-26
-108
-191
-272
-349
-420
-482
-536
-582
-618
-647
-670
-686
-699
-709
-717
-725
-732
-738
-745
-751
-756
-759
-759
-756
-748
-735
-716
-690
-658
-618
-572
-520
-462
-398
-330
-259
-185
-110
-36
35
104
168
226
277
319
354
380
398
409
414
413
409
402
393
384
375
367
360
354
350
348
347
347
348
350
351
352
353
353
352
351
350
348
345
341
336
328
317
301
279
252
217
176
128
75
17
-42
-103
-161
-215
-262
-301
-328
-345
-348
-338
-315
-280
-234
-178
-114
-45
25
98
170
238
301
357
406
447
480
503
517
521
514
497
469
430
380
318
245
162
71
-25
-126
-229
-330
-427
-516
-594
-661
-713
-751
-773
-781
-775
-757
-728
-691
-647
-598
-546
-492
-439
-386
-337
-291
-249
-212
-180
-152
-129
-109
-91
-74
-58
-40
-20
2
28
59
95
135
180
228
280
334
389
444
498
549
596
639
675
703
723
735
736
727
707
676
633
581
518
446
367
282
195
107
22
-57
-129
-190
-239
-276
-298
-306
-302
-287
-263
-231
-196
-158
-121
-86
-55
-29
-9
4
12
16
16
14
11
9
9
10
14
21
28
36
44
49
51
49
41
28
9
-14
-42
-74
-109
-144
-180
-213
-243
-269
-289
-303
-309
-308
-300
-285
-265
-241
-214
-188
-164
-143
-128
-119
-117
-121
-131
-144
-158
-171
-179
-181
-174
-157
-129
-91
-42
12
73
136
197
254
304
345
373
389
392
382
359
327
287
241
191
141
92
46
5
-30
-60
-84
-105
-121
-136
-150
-166
-184
-205
-231
-262
-296
-334
-374
-415
-455
-492
-524
-548
-565
-571
-567
-552
-526
-490
-444
-389
-327
-260
-190
-118
-46
22
89
152
210
264
313
359
402
443
484
523
563
602
641
680
717
751
781
806
824
834
834
823
801
767
721
664
597
521
437
347
254
159
64
-30
-123
-214
-301
-385
-464
-538
-606
-666
-717
-757
-784
-796
-793
-774
-740
-690
-627
-553
-472
-388
-304
-224
-152
-91
-42
-7
13
21
18
7
-9
-28
-48
-64
-76
-81
-80
-73
-60
-44
-26
-8
5
13
13
3
-16
-46
-85
-132
-184
-239
-292
-342
-384
-418
-440
-450
-446
-430
-400
-357
-302
-235
-157
-68
30
138
256
381
511
646
783
919
1053
1181
1302
1412
1510
1593
1658
1705
1731
1734
1713
1666
1594
1495
1370
1220
1046
854
645
426
202
-21
-236
-439
-623
-783
-918
-1024
-1102
-1153
-1178
-1182
-1168
-1140
-1104
-1063
-1020
-980
-943
-911
-884
-862
-844
-828
-814
-800
-784
-766
-744
-719
-691
-660
-626
-591
-555
-520
-485
-451
-419
-388
-357
-325
-291
-254
-212
-164
-108
-44
28
110
200
299
403
512
623
733
839
938
1027
1101
1158
1196
1212
1205
1175
1122
1049
958
852
737
616
495
377
268
169
85
15
-38
-77
-104
-121
-130
-137
-143
-153
-168
-191
-223
-264
-312
-367
-426
-486
-544
-598
-644
-679
-703
-713
-708
-688
-654
-607
-549
-482
-407
-328
-248
-168
-90
-17
49
108
158
199
229
249
258
258
248
231
208
181
150
119
88
58
30
5
-17
-38
-57
-76
-96
-116
-137
-160
-185
-211
-237
-262
-287
-308
-325
-337
-343
-343
-335
-320
-298
-271
-239
-204
-167
-130
-93
-59
-28
0
25
48
70
91
113
137
163
192
225
261
298
336
374
408
439
463
480
488
485
472
447
411
365
310
246
177
103
27
-47
-121
-190
-254
-312
-361
-403
-436
-461
-478
-487
-488
-482
-470
-451
-428
-399
-365
-327
-286
-240
-192
-142
-89
-35
18
73
127
180
230
278
322
363
398
428
453
471
483
490
490
485
475
459
439
415
387
355
321
283
243
203
161
121
81
44
10
-18
-44
-65
-81
-93
-100
-104
-104
-101
-96
-90
-82
-73
-63
-52
-40
-28
-15
-1
12
27
43
58
73
87
98
108
113
115
112
103
89
70
47
20
-7
-36
-63
-86
-106
-119
-125
-124
-116
-101
-80
-53
-23
8
41
72
100
121
134
138
130
110
79
36
-17
-78
-145
-213
-281
-343
-397
-439
-469
-484
-484
-472
-448
-415
-378
-340
-304
-275
-254
-244
-245
-256
-277
-304
-335
-365
-391
-409
-414
-405
-378
-332
-267
-183
-83
32
158
291
427
560
686
801
902
984
1047
1088
1109
1110
1093
1060
1013
956
893
825
755
686
618
554
493
436
382
330
280
229
177
122
62
-1
-71
-147
-229
-314
-402
-491
-577
-659
-734
-800
-855
-898
-928
-944
-948
-940
-921
-893
-856
-813
-765
-712
-655
-594
-529
-460
-385
-305
-218
-125
-24
81
194
310
429
546
659
764
856
932
987
1019
1024
1001
949
870
765
638
492
332
164
-7
-178
-341
-494
-632
-751
-849
-924
-975
-1002
-1005
-985
-943
-882
-805
-713
-611
-501
-387
-271
-156
-45
59
156
244
321
387
