443
430
415
401
386
370
351
327
298
261
216
162
99
28
-47
-127
-208
-288
-363
-433
-494
-545
-587
-618
-639
-649
-650
-642
-624
-597
-560
-514
-459
-394
-319
-236
-146
-51
46
144
238
325
402
467
517
551
569
571
559
534
499
456
409
360
311
266
224
188
158
132
110
91
72
51
26
-4
-43
-91
-150
-221
-302
-392
-491
-597
-705
-814
-920
-1018
-1105
-1176
-1228
-1258
-1262
-1239
-1189
-1111
-1008
-882
-737
-579
-412
-242
-76
81
226
354
463
550
615
659
683
690
682
664
639
611
584
561
545
538
541
553
573
597
623
644
656
655
637
598
537
454
350
228
95
-44
-182
-311
-422
-507
-558
-570
-539
-462
-341
-179
15
237
475
718
954
1173
1364
1519
1631
1694
1707
1667
1577
1439
1259
1043
798
534
260
-15
-284
-538
-769
-972
-1144
-1282
-1384
-1453
-1489
-1496
-1478
-1437
-1380
-1309
-1229
-1143
-1055
-966
-879
-796
-716
-640
-567
-498
-432
-366
-301
-235
-168
-100
-31
38
105
170
228
279
318
342
351
340
309
257
184
90
-21
-147
-284
-426
-566
-697
-813
-907
-971
-1001
-992
-942
-851
-719
-548
-343
-108
150
427
715
1010
1305
1594
1872
2133
2373
2585
2765
2908
3010
3066
3074
3032
2940
2799
2610
2379
2108
1804
1474
1122
757
385
12
-354
-709
-1046
-1359
-1644
-1897
-2114
-2294
-2435
-2537
-2601
-2631
-2628
-2598
-2543
-2470
-2382
-2283
-2176
-2062
-1944
-1821
-1693
-1559
-1418
-1269
-1110
-942
-765
-581
-391
-199
-10
172
343
496
628
734
809
852
860
835
777
689
573
436
283
120
-46
-209
-362
-497
-610
-695
-748
-768
-752
-704
-623
-516
-387
-242
-88
66
218
360
488
601
699
783
858
929
1002
1085
1182
1300
1442
1608
1798
2005
2225
2448
2663
2860
3027
3153
3230
3249
3206
3096
2920
2680
2381
2028
1631
1199
744
277
-191
-649
-1086
-1493
-1862
-2188
-2465
-2691
-2864
-2987
-3059
-3086
-3071
-3019
-2937
-2829
-2701
-2559
-2409
-2254
-2098
-1943
-1792
-1646
-1504
-1366
-1229
-1094
-956
-816
-670
-519
-362
-200
-33
135
303
467
625
771
903
1017
1111
1183
1231
1255
1254
1231
1188
1126
1051
965
873
780
690
606
533
473
429
401
391
398
421
459
509
568
634
704
774
841
902
955
995
1021
1031
1021
990
938
864
768
652
519
371
213
48
-117
-280
-435
-579
-706
-816
-904
-971
-1015
-1037
-1037
-1016
-977
-922
-853
-772
-684
-591
-496
-402
-314
-233
-165
-111
-73
-55
-56
-77
-118
-174
-245
-326
-411
-496
-576
-645
-700
-737
-753
-749
-725
-682
-622
-549
-465
-375
-281
-186
-91
2
93
183
272
359
446
532
618
702
784
863
937
1003
1061
1108
1142
1160
1161
1142
1102
1040
956
850
724
582
425
258
86
-85
-252
-409
-553
-680
-788
-874
-940
-986
-1013
-1023
-1021
-1007
-987
-963
-937
-912
-888
-867
-848
-833
-819
-807
-795
-782
-769
-755
-738
-720
-700
-677
-652
-624
-593
-557
-515
-466
-408
-339
-259
-165
-58
62
195
340
493
650
807
960
1102
1229
1336
1419
1474
1502
1500
1472
1419
1347
1261
1165
1067
972
885
810
750
707
681
670
672
683
700
717
729
733
725
702
661
604
528
437
331
213
88
-42
-175
-306
-432
-551
-660
-757
-841
-911
-964
-1002
-1022
-1026
-1013
-984
-938
-878
-805
-721
-627
-527
-423
-320
-220
-127
-45
22
74
107
120
112
84
36
-30
-111
-204
-305
-409
-512
-608
-694
-765
-818
-850
-861
-849
-817
-764
-694
-610
-516
-414
-309
-205
-103
-7
82
163
235
300
357
407
452
493
529
561
590
612
629
637
635
623
599
563
516
460
399
335
274
218
173
140
124
124
141
173
218
273
333
396
455
509
554
587
608
616
610
594
567
532
492
448
404
361
321
284
253
225
201
180
159
136
111
80
43
0
-52
-112
-178
-248
-321
-395
-466
-532
-590
-641
-681
-711
-731
-741
-743
-737
-726
-710
-691
-670
-647
-624
-601
-578
-554
-530
-506
-481
-456
-430
-404
-378
-351
-325
-299
-273
-248
-224
-200
-175
-151
-125
-98
-69
-38
-4
32
72
115
159
205
252
298
343
386
427
463
495
522
543
557
564
563
554
535
507
469
421
363
295
218
133
41
-55
-155
-256
-355
-449
-535
-612
-675
-723
-755
-768
-762
-735
-687
-618
-529
-419
-291
-146
11
178
349
517
675
816
932
1015
1060
1062
1019
930
799
632
439
232
24
-170
-338
-467
-547
-571
-537
-445
-302
-114
104
342
585
817
1025
1197
1321
1391
1402
1354
1248
1089
886
647
384
110
-163
-423
-660
-864
-1029
-1151
-1227
-1259
-1249
-1201
-1121
-1014
-887
-745
-594
-438
-281
-125
26
173
314
447
570
682
781
864
927
969
987
978
942
878
788
674
542
396
243
88
-62
-203
-331
-444
-541
-622
-688
-740
-781
-811
-833
-846
-851
-847
-833
-808
-772
-722
-660
-584
-495
-396
-287
-172
-55
61
174
278
370
446
504
543
561
559
538
500
447
383
312
237
162
91
26
-29
-75
-109
-131
-140
-137
-122
-96
-61
-18
32
87
146
206
267
325
380
428
469
500
520
527
521
501
468
423
367
303
232
158
83
11
-55
-115
-167
-209
-241
-264
-278
-286
-289
-289
-288
-289
-291
-297
-308
-322
-340
-362
-386
-412
-440
-467
-493
-518
-540
-558
-571
-577
-576
-566
-545
-513
-469
-413
-347
-270
-186
-99
-12
70
142
199
235
245
225
173
87
-30
-178
-350
-539
-735
-928
-1107
-1261
-1380
-1458
-1489
-1473
-1411
-1308
-1172
-1012
-837
-656
-477
-306
-146
1
138
267
393
519
652
794
949
1116
1295
1484
1678
1871
2056
2226
2373
2488
2565
2598
2581
2511
2389
2215
1993
1728
1429
1102
758
405
53
-291
-622
-932
-1218
-1478
-1711
-1914
-2088
-2234
-2352
-2442
-2505
-2541
-2549
-2531
-2486
-2414
-2316
-2192
-2042
-1870
-1675
-1461
-1230
-986
-731
-468
-199
72
347
623
900
1176
1451
1723
1987
2239
2474
2683
2858
2991
3074
3099
3062
2960
2793
2564
2281
1953
1592
1210
823
445
89
-230
-504
-726
-888
-991
-1036
-1026
-969
-874
-750
-610
-463
-320
-191
-84
-4
43
58
40
-10
-88
-191
-312
-445
-585
-726
-861
-984
-1091
-1177
-1237
-1267
-1266
-1229
-1158
-1051
-910
-738
-539
-320
-87
149
383
603
801
967
1096
1183
1225
1222
1179
1100
993
869
736
604
481
376
292
231
193
177
177
190
210
231
248
259
260
249
226
192
148
96
39
-19
-80
-139
-197
-251
-302
-351
-398
-445
-492
-540
-590
-640
-689
-737
-780
-817
-844
-861
-863
-852
-824
-783
-727
-660
-584
-502
-418
-335
-256
-183
-119
-63
-17
19
49
72
90
104
115
124
131
136
139
138
134
124
109
89
62
31
-4
-41
-78
-112
-142
-164
-177
-181
-173
-155
-127
-91
-51
-7
36
77
112
140
159
167
165
153
132
104
71
36
1
-30
-57
-77
-89
-92
-87
-75
-56
-33
-8
18
44
68
89
105
116
121
121
114
101
81
54
20
-19
-65
-118
-175
-236
-298
-359
-416
-467
-506
-532
-540
-528
-495
-439
-362
-264
-150
-24
108
243
373
493
598
686
753
799
824
831
820
796
762
721
675
627
580
533
489
445
403
360
316
267
214
154
87
13
-66
-153
-244
-337
-432
-524
-614
-699
-777
-849
-912
-966
-1011
-1045
-1068
-1079
-1076
-1060
-1029
-981
-917
-835
-736
-620
-487
-341
-182
-14
158
333
505
671
827
969
1094
1201
1288
1354
1400
1426
1432
1421
1394
1353
1298
1233
1158
1077
989
898
804
710
615
523
433
346
263
185
110
40
-26
-89
-148
-205
-260
-312
-363
-410
-455
-496
-532
-563
-586
-601
-607
-604
-592
-571
-541
-506
-465
-421
-377
-333
-292
-256
-225
-200
-181
-170
-165
-165
-171
-181
-194
-210
-228
-246
-265
-284
-302
-319
-335
-349
-361
-368
-371
-368
-358
-341
-315
-281
-239
-190
-135
-75
-13
47
107
162
210
252
284
308
323
330
331
327
319
310
302
296
293
295
301
311
324
338
352
362
367
364
352
329
293
246
186
115
35
-51
-143
-236
-328
-415
-495
-564
-621
-664
-690
-701
-695
-673
-637
-587
-526
-457
-381
-301
-219
-138
-60
13
81
140
191
233
264
283
292
289
275
250
216
172
121
64
2
-59
-122
-181
-235
-281
-317
-341
-352
-350
-333
-303
-261
-207
-144
-75
-2
71
143
209
268
316
352
374
382
374
351
315
267
211
147
81
15
-47
-103
-149
-182
-202
-207
-197
-173
-135
-88
-33
26
86
145
198
245
283
311
331
342
346
346
342
339
337
340
348
364
387
418
456
499
546
593
638
677
708
725
727
711
675
617
539
440
322
189
44
-108
-264
-418
-565
-701
-821
-922
-1001
-1058
-1093
-1105
-1097
-1071
-1030
-978
-916
-849
-779
-707
-635
-565
-497
-430
-365
-301
-240
-179
-121
-66
-13
33
76
113
143
166
182
193
200
203
205
207
212
220
233
251
274
300
330
361
393
423
451
476
499
521
541
562
586
612
642
675
711
747
780
808
827
833
824
796
748
680
592
487
368
238
102
-34
-169
-296
-412
-514
-600
-669
-721
-756
-776
-783
-779
-767
-749
-729
-707
-686
-667
-649
-634
-621
-608
-594
-577
-557
-532
-501
-464
-420
-369
-313
-252
-189
-124
-59
2
60
113
159
196
226
247
259
263
261
251
236
217
195
169
143
116
89
62
38
16
-1
-15
-23
-25
-19
-5
17
48
87
133
184
240
297
354
409
459
504
541
571
591
602
603
595
577
551
515
472
420
361
295
223
145
62
-24
-114
-208
-304
-401
-498
-595
-690
-783
-873
-961
-1045
-1127
-1207
-1285
-1364
-1443
-1522
-1603
-1684
-1763
-1838
-1903
-1955
-1986
-1991
-1962
-1894
-1780
-1617
-1401
-1134
-817
-453
-50
382
836
1298
1757
2200
2615
2991
3319
3592
3806
3957
4047
4079
4056
3985
3872
3724
3547
3346
3126
2887
2633
2361
2070
1761
1431
1080
711
327
-66
-463
-854
-1230
-1581
-1899
-2177
-2409
-2591
-2722
-2803
-2838
-2831
-2787
-2711
-2610
-2488
-2350
-2199
-2037
-1867
-1690
-1507
-1319
-1127
-933
-740
-551
-370
-202
-49
82
189
271
325
351
352
331
292
240
182
122
65
16
-20
-45
-56
-54
-38
-12
21
62
107
153
199
242
282
318
349
376
397
415
429
439
447
453
456
458
457
454
448
439
426
411
391
368
342
314
283
251
219
186
155
124
95
68
44
21
2
-14
-27
-36
-40
-40
-33
-20
0
26
59
98
141
187
233
277
317
349
371
382
381
366
337
295
241
176
104
26
-55
-137
-218
-295
-366
-430
-485
-531
-567
-594
-611
-619
-618
-609
-594
-571
-544
-511
-475
-437
-397
-357
-319
-283
-252
-226
-206
-192
-184
-182
-183
-188
-192
-196
-195
-188
-175
-152
-121
-82
-34
18
74
131
185
232
270
294
303
295
268
224
162
86
-2
-99
-200
-301
-398
-485
-560
-618
-658
