21
-3
-30
-57
-86
-115
-143
-170
-196
-219
-238
-254
-265
-271
-271
-264
-251
-232
-206
-176
-141
-103
-64
-26
9
42
70
91
105
112
112
106
93
77
57
35
14
-4
-21
-33
-41
-44
-42
-35
-24
-9
7
25
43
60
75
88
97
103
104
103
99
93
86
79
73
69
68
70
75
84
96
110
126
142
158
173
184
193
197
196
190
178
161
138
111
79
45
8
-29
-67
-103
-138
-169
-195
-216
-232
-240
-242
-237
-225
-206
-181
-152
-118
-80
-40
1
44
86
129
170
209
246
279
309
334
354
368
376
377
369
355
332
301
262
215
162
103
38
-29
-99
-170
-238
-303
-362
-413
-453
-483
-500
-504
-496
-475
-443
-401
-350
-293
-232
-169
-104
-41
19
77
130
180
225
267
306
342
376
407
436
462
484
501
511
512
504
484
452
407
350
280
201
113
18
-79
-179
-277
-371
-460
-541
-612
-674
-726
-768
-799
-821
-833
-837
-833
-822
-803
-778
-746
-707
-661
-607
-547
-479
-404
-323
-237
-146
-51
44
141
236
327
414
494
566
628
679
719
747
762
764
754
732
699
657
606
550
488
423
357
292
230
172
119
73
35
4
-18
-34
-43
-46
-46
-43
-39
-35
-32
-31
-33
-38
-47
-59
-73
-89
-106
-123
-138
-151
-162
-169
-173
-173
-171
-166
-160
-152
-144
-137
-130
-124
-120
-118
-117
-118
-121
-124
-128
-132
-137
-140
-143
-145
-145
-144
-141
-137
-130
-122
-112
-101
-88
-73
-57
-39
-21
-2
16
35
54
71
87
102
115
127
137
146
153
159
163
166
167
166
164
160
153
145
135
123
110
95
80
64
49
35
22
10
2
-3
-6
-5
0
7
18
32
47
64
81
98
113
126
137
144
148
148
145
139
130
119
107
95
85
76
70
68
69
74
81
90
100
109
117
123
125
123
116
104
87
67
42
15
-12
-40
-66
-90
-109
-123
-131
-134
-130
-121
-108
-91
-73
-54
-36
-20
-6
4
11
16
18
18
17
15
12
10
8
7
5
4
1
-2
-8
-16
-28
-43
-62
-84
-108
-133
-159
-183
-206
-224
-238
-246
-247
-241
-229
-211
-187
-159
-129
-98
-67
-38
-13
7
22
32
34
30
19
2
-20
-48
-79
-112
-146
-179
-210
-237
-258
-274
-283
-286
-283
-276
-264
-251
-237
-225
-216
-211
-211
-216
-225
-238
-253
-268
-282
-292
-297
-296
-286
-267
-240
-203
-158
-106
-48
14
79
145
211
275
334
390
440
485
525
559
587
611
629
642
650
652
649
639
622
599
568
532
489
442
389
333
274
213
152
92
33
-22
-74
-122
-164
-200
-230
-254
-272
-284
-292
-295
-295
-292
-288
-282
-275
-269
-264
-260
-257
-255
-256
-258
-261
-265
-269
-272
-274
-274
-270
-261
-247
-227
-200
-167
-127
-82
-32
20
76
131
184
233
276
312
337
352
356
347
325
292
247
191
127
57
-18
-95
-171
-244
-310
-367
-413
-445
-463
-466
-453
-426
-385
-332
-270
-200
-125
-47
30
106
179
247
309
365
414
456
493
523
549
570
588
603
615
625
631
635
635
630
621
605
584
557
523
482
436
383
326
264
197
128
55
-18
-93
-169
-244
-317
-387
-453
-514
-569
-617
-657
-688
-710
-722
-724
-716
-699
-673
-638
-595
-545
-489
-429
-365
-298
-230
-162
-95
-29
34
94
150
202
248
287
319
345
363
374
378
376
368
356
341
323
304
284
264
246
228
211
196
181
166
151
136
119
101
82
61
39
15
-8
-32
-57
-81
-104
-125
-145
-163
-179
-194
-207
-218
-229
-239
-248
-257
-265
-274
-281
-289
-295
-299
-302
-301
-298
-291
-281
-266
-248
-227
-203
-176
-149
-120
-92
-65
-39
-16
4
21
35
46
53
56
57
55
51
46
40
36
33
32
34
40
49
63
80
101
124
149
175
201
226
249
269
286
299
307
311
309
303
293
280
263
245
226
206
188
171
158
148
143
143
148
158
173
192
213
235
257
277
293
303
306
300
284
258
221
174
118
55
-14
-87
-162
-235
-305
-369
-426
-473
-509
-535
-549
-553
-547
-532
-511
-484
-454
-422
-391
-363
-337
-317
-302
-292
-289
-290
-297
-306
-318
-331
-343
-352
-358
-359
-353
-340
-320
-292
-256
-212
-161
-105
-45
18
83
147
209
268
321
369
410
444
471
491
505
513
516
515
511
503
493
480
464
446
426
403
377
349
319
287
255
223
191
161
133
108
86
66
50
37
26
17
10
3
-3
-9
-16
-22
-29
-35
-41
-48
-54
-61
-69
-77
-88
-100
-114
-131
-151
-174
-199
-226
-254
-283
-312
-339
-365
-388
-406
-420
-429
-432
-429
-420
-406
-386
-362
-335
-306
-274
-243
-212
-182
-153
-127
-103
-82
-63
-46
-31
-18
-7
3
12
21
29
36
43
50
57
65
72
80
89
99
110
122
136
151
167
184
201
220
238
256
273
290
304
317
327
335
340
341
340
336
329
319
307
293
278
261
243
226
208
190
172
155
139
123
107
91
76
59
42
24
5
-14
-35
-56
-79
-100
-122
-141
-159
-174
-187
-196
-203
-206
-206
-203
-197
-189
-178
-165
-151
-136
-120
-104
-87
-71
-55
-39
-24
-9
4
19
34
48
63
77
91
104
115
124
131
136
138
138
134
129
121
112
100
87
72
56
38
20
1
-18
-38
-58
-77
-95
-111
-126
-139
-150
-159
-166
-170
-173
-173
-171
-168
-162
-155
-146
-136
-125
-113
-101
-88
-75
-61
-48
-35
-21
-8
4
17
29
41
53
63
72
80
87
91
94
94
93
89
83
75
65
55
44
32
21
11
2
-5
-11
-16
-18
-19
-19
-17
-14
-10
-6
-3
0
1
0
0
-4
-10
-17
-24
-33
-40
-46
-51
-53
-52
-48
-41
-33
-23
-12
-1
8
16
22
25
26
24
20
15
10
5
3
2
6
13
24
40
59
81
106
133
159
185
209
230
247
260
268
270
266
257
242
221
195
164
130
91
50
8
-35
-79
-122
-163
-203
-240
-275
-306
-334
-358
-379
-395
-406
-413
-415
-413
-406
-394
-379
-359
-336
-310
-282
-253
-223
-193
-164
-137
-111
-87
-65
-45
-26
-9
8
24
40
57
72
87
101
113
124
131
136
137
134
128
118
104
89
71
52
34
16
2
-8
-14
-14
-8
4
23
47
77
110
145
181
215
247
275
297
313
322
325
320
309
292
271
245
218
189
160
133
107
85
66
51
41
33
30
29
30
32
34
37
38
38
35
30
22
11
-2
-20
-41
-65
-91
-120
-151
-183
-214
-245
-273
-298
-319
-333
-342
-343
-336
-323
-303
-277
-247
-214
-180
-145
-112
-80
-52
-27
-5
12
27
39
48
54
59
63
66
69
73
78
85
94
107
122
141
161
183
206
228
248
265
277
284
283
275
259
236
205
168
127
83
38
-5
-48
-86
-118
-145
-165
-177
-183
-181
-173
-159
-139
-115
-87
-56
-23
10
42
73
100
122
138
147
147
139
121
95
61
19
-26
-75
-126
-175
-221
-261
-294
-318
-333
-338
-333
-319
-296
-268
-235
-199
-163
-129
-98
-71
-51
-37
-29
-27
-29
-34
-40
-45
-47
-43
-33
-15
9
42
81
126
174
223
272
317
359
394
423
443
455
459
454
443
425
401
374
343
311
279
248
217
188
161
134
107
79
50
17
-18
-59
-103
-152
-203
-256
-308
-358
-403
-441
-470
-488
-496
-491
-474
-446
-408
-362
-310
-255
-199
-146
-96
-53
-17
10
29
39
40
34
21
3
-18
-44
-70
-98
-125
-150
-174
-196
-216
-233
-247
-259
-269
-277
-282
-284
-284
-281
-273
-261
-244
-221
-191
-154
-111
-61
-5
55
118
183
248
310
368
419
463
497
520
533
535
526
508
482
448
410
368
325
283
243
206
174
147
125
108
96
88
84
81
80
79
78
76
72
67
60
52
44
35
26
18
10
4
-1
-5
-9
-12
-14
-16
-18
-20
-22
-25
-27
-29
-30
-32
-33
-33
-34
-34
-35
-36
-38
-42
-47
-54
-64
-75
-88
-101
-114
-125
-134
-139
-140
-135
-125
-110
-90
-65
-38
-8
22
53
82
108
132
152
168
180
189
194
196
197
195
193
190
187
184
180
176
172
166
158
147
133
116
96
71
44
13
-19
-54
-91
-127
-163
-198
-231
-260
-286
-308
-326
-340
-349
-354
-355
-354
-350
-344
-337
-329
-320
-310
-300
-287
-273
-255
-233
-207
-176
-138
-95
-47
5
61
119
177
232
284
329
365
392
409
415
411
397
376
348
317
283
249
216
186
159
137
118
102
90
79
70
61
52
42
31
18
5
-9
-24
-38
-52
-64
-74
-81
-85
-86
-83
-78
-70
-60
-50
-39
-31
-24
-22
-24
-32
-46
-66
-93
-125
-163
-204
-247
-290
-332
-372
-407
-437
-461
-479
-489
-492
-488
-477
-461
-440
-414
-386
-355
-323
-290
-257
-224
-191
-159
-127
-95
-63
-30
2
35
68
101
134
165
195
223
248
271
290
306
320
330
337
342
345
346
345
342
338
333
326
318
307
295
279
261
241
217
192
165
137
108
79
52
26
3
-16
-32
-45
-53
-58
-59
-57
-51
-43
-34
-23
-11
-1
8
17
23
27
28
28
25
21
16
11
7
3
1
0
0
1
2
2
1
-1
-7
-16
-30
-47
-67
-90
-115
-140
-163
-184
-200
-210
-214
-209
-197
-177
-150
-117
-78
-36
8
54
99
143
185
222
256
284
307
325
338
347
351
352
350
345
339
330
319
306
291
274
254
233
208
182
153
123
91
57
22
-14
-51
-90
-129
-169
-208
-247
-285
-321
-355
-384
-407
-424
-432
-431
-420
-399
-367
-324
-273
-215
-151
-85
-18
45
105
157
200
233
254
265
264
253
234
208
176
141
104
68
32
0
-30
-57
-80
-99
-114
-127
-136
-143
-149
-153
-156
-158
-159
-160
-160
-160
-159
-156
-152
-147
-139
-129
-117
-102
-84
-64
-42
-19
3
26
47
66
82
93
99
101
97
89
76
60
40
19
-2
-23
-43
-61
-76
-87
-96
-101
-105
-109
-112
-117
-125
-135
-148
-164
-182
-201
-220
-237
-252
-263
-269
-269
-262
-247
-226
-198
-164
-124
-81
-36
9
55
98
139
174
204
229
246
257
261
259
250
237
218
195
170
142
114
86
60
36
16
0
-12
-19
-22
-21
-16
-9
0
12
25
39
53
67
80
93
106
117
127
135
141
145
147
147
144
139
131
120
106
90
72
52
31
9
-13
-35
-58
-79
-100
-120
-139
-157
-174
-190
-204
-218
-229
-237
-243
-246
-244
-239
-230
-216
-198
-176
-150
-120
-88
-53
-17
20
58
97
135
172
207
240
269
295
