-71
-74
-81
-93
-109
-130
-153
-178
-204
-229
-253
-274
-292
-305
-313
-316
-313
-306
-293
-276
-256
-234
-210
-186
-161
-138
-115
-93
-73
-53
-35
-17
0
16
31
46
60
73
84
95
104
112
120
128
135
142
148
155
161
167
172
177
181
184
187
190
193
195
198
201
204
207
208
208
206
201
193
180
163
141
115
85
50
13
-26
-68
-110
-152
-192
-229
-262
-292
-316
-334
-347
-353
-352
-345
-331
-310
-283
-250
-210
-166
-118
-66
-12
43
99
154
206
255
300
338
369
391
405
410
405
392
369
340
303
262
218
172
127
84
46
14
-9
-24
-30
-26
-13
7
35
68
102
136
167
191
207
212
206
188
158
118
70
16
-41
-100
-156
-208
-254
-292
-321
-343
-356
-362
-363
-359
-352
-344
-336
-327
-320
-313
-308
-304
-299
-295
-291
-286
-280
-272
-263
-253
-241
-228
-213
-198
-182
-167
-151
-135
-120
-105
-90
-74
-58
-39
-19
3
29
58
91
125
162
199
234
268
297
321
337
345
344
333
313
285
249
208
163
118
75
36
3
-21
-36
-41
-37
-23
-2
24
56
89
121
151
175
192
202
202
193
175
149
115
75
32
-12
-57
-100
-138
-171
-195
-212
-220
-219
-211
-195
-173
-147
-117
-84
-51
-18
13
43
70
94
114
130
141
146
146
141
130
114
92
66
37
5
-27
-59
-89
-115
-135
-149
-154
-152
-141
-122
-97
-67
-34
0
34
67
95
119
137
149
156
156
151
140
125
106
83
57
29
0
-30
-61
-92
-123
-154
-184
-213
-241
-268
-294
-319
-343
-367
-388
-408
-426
-441
-451
-456
-455
-446
-428
-400
-361
-312
-253
-184
-107
-24
61
150
237
320
397
466
525
573
609
634
646
649
641
625
603
575
542
507
470
432
393
354
315
277
239
202
166
132
99
68
39
13
-10
-30
-48
-62
-73
-81
-86
-89
-89
-87
-84
-80
-78
-76
-77
-80
-85
-93
-102
-112
-123
-133
-142
-148
-151
-152
-149
-144
-137
-129
-121
-114
-110
-109
-112
-121
-134
-151
-171
-193
-214
-232
-245
-249
-244
-227
-197
-155
-101
-38
30
103
176
245
305
353
387
403
401
379
340
284
214
133
46
-43
-132
-214
-287
-346
-390
-416
-425
-416
-391
-352
-302
-244
-181
-117
-54
2
53
96
129
152
165
168
163
149
129
105
77
47
18
-9
-33
-51
-64
-69
-66
-54
-33
-2
35
82
134
190
248
307
362
412
455
488
509
518
513
493
460
414
356
289
216
139
62
-12
-82
-144
-197
-238
-268
-287
-295
-294
-284
-268
-248
-226
-204
-184
-167
-155
-147
-146
-150
-159
-172
-187
-204
-221
-235
-246
-252
-251
-245
-231
-212
-188
-161
-132
-105
-80
-62
-50
-47
-54
-71
-98
-133
-176
-225
-279
-334
-389
-442
-491
-535
-573
-603
-624
-636
-638
-629
-609
-578
-535
-481
-416
-339
-253
-158
-55
52
165
278
392
502
606
703
790
865
927
974
1007
1025
1028
1018
996
963
921
873
819
761
701
640
579
520
461
404
348
294
241
189
138
87
36
-13
-64
-114
-163
-211
-257
-299
-338
-373
-403
-428
-448
-463
-474
-480
-483
-482
-479
-473
-466
-457
-446
-435
-423
-409
-394
-379
-361
-342
-321
-298
-272
-243
-212
-178
-143
-108
-72
-36
-3
27
55
79
99
116
129
139
147
153
157
161
164
169
173
179
186
193
200
207
214
218
221
222
220
215
207
196
183
168
152
135
119
102
88
74
63
55
48
45
43
44
47
52
58
65
72
81
90
99
108
117
126
133
140
144
146
144
139
128
113
93
67
37
3
-33
-71
-110
-148
-182
-212
-236
-253
-262
-263
-255
-238
-215
-185
-151
-114
-76
-39
-4
25
51
71
85
92
93
88
80
68
55
41
29
19
12
10
12
19
29
42
57
72
86
96
103
106
103
94
82
65
46
25
5
-14
-31
-46
-58
-66
-72
-75
-76
-76
-77
-77
-79
-82
-87
-94
-102
-112
-122
-132
-141
-148
-154
-158
-159
-159
-157
-155
-152
-150
-149
-150
-153
-158
-164
-172
-181
-189
-194
-196
-193
-184
-168
-145
-114
-76
-33
14
65
116
167
215
259
298
330
355
373
383
385
381
369
352
330
304
274
243
210
177
144
112
81
53
25
0
-22
-43
-62
-80
-96
-110
-124
-136
-147
-157
-166
-175
-183
-190
-195
-198
-198
-197
-192
-185
-176
-165
-154
-142
-131
-121
-112
-103
-96
-89
-82
-74
-63
-51
-36
-17
3
28
55
84
115
146
177
207
234
258
276
287
291
286
271
246
210
164
109
46
-22
-97
-174
-252
-328
-399
-463
-518
-562
-592
-608
-609
-596
-570
-532
-483
-427
-366
-302
-237
-173
-113
-57
-7
36
75
106
133
153
170
183
192
200
207
213
219
224
230
236
241
246
250
254
255
256
254
250
244
237
228
218
207
196
186
177
169
163
160
160
163
169
178
190
204
220
237
253
267
279
287
290
285
272
251
219
178
127
67
0
-72
-147
-223
-298
-367
-430
-484
-528
-560
-581
-591
-589
-578
-558
-530
-496
-458
-417
-373
-328
-282
-235
-187
-138
-88
-38
11
61
109
155
198
237
271
299
322
339
351
359
363
365
365
364
363
364
365
369
374
380
387
393
397
399
396
389
377
358
333
303
267
228
184
139
92
45
-1
-47
-90
-131
-170
-205
-237
-265
-289
-310
-328
-342
-354
-362
-367
-370
-371
-370
-367
-363
-356
-348
-338
-326
-310
-292
-271
-246
-217
-183
-146
-105
-61
-13
35
86
137
186
233
277
316
349
375
394
406
411
409
401
388
370
349
327
304
282
261
242
225
211
198
187
176
164
150
134
114
91
64
33
0
-37
-76
-116
-155
-193
-229
-262
-290
-314
-333
-348
-358
-365
-370
-375
-379
-385
-393
-404
-417
-432
-449
-466
-482
-495
-505
-509
-507
-498
-481
-457
-424
-385
-340
-291
-239
-187
-135
-86
-42
-3
30
58
80
99
115
129
144
160
179
201
226
256
289
326
365
407
448
490
529
565
596
621
637
644
641
627
601
564
517
460
394
322
246
166
87
8
-66
-135
-198
-254
-301
-339
-370
-392
-408
-417
-421
-421
-417
-411
-401
-389
-375
-357
-338
-315
-290
-263
-233
-201
-167
-133
-97
-62
-29
1
29
52
70
82
87
87
80
69
53
34
13
-8
-28
-47
-62
-72
-77
-76
-69
-54
-32
-3
32
72
118
167
217
269
320
369
414
454
488
514
532
541
539
529
508
479
441
397
347
293
237
179
122
66
13
-36
-81
-122
-158
-190
-216
-238
-254
-266
-273
-275
-272
-265
-254
-238
-220
-198
-174
-149
-122
-95
-69
-43
-20
1
19
33
42
47
47
42
32
19
2
-16
-36
-55
-73
-86
-95
-98
-94
-84
-66
-43
-15
14
46
77
104
125
139
144
139
126
105
77
45
11
-20
-49
-71
-85
-90
-85
-70
-47
-17
16
52
87
118
143
161
169
168
158
139
112
79
43
4
-35
-73
-108
-140
-168
-192
-211
-228
-242
-254
-264
-273
-281
-288
-294
-297
-296
-291
-282
-266
-244
-216
-182
-142
-97
-48
2
53
103
150
193
228
255
273
281
278
264
241
209
169
123
73
22
-28
-76
-120
-158
-188
-210
-223
-226
-220
-206
-184
-156
-122
-86
-47
-9
26
59
87
108
123
130
130
123
109
90
68
43
17
-8
-31
-51
-67
-77
-82
-81
-74
-62
-46
-27
-6
13
33
49
60
67
66
59
46
26
0
-28
-60
-93
-125
-155
-179
-198
-210
-213
-208
-195
-175
-148
-116
-81
-43
-6
28
61
90
115
136
154
168
180
190
198
206
214
221
227
232
234
233
227
216
199
176
146
109
68
22
-25
-73
-119
-161
-195
-221
-237
-241
-234
-215
-185
-145
-97
-44
11
67
121
170
212
245
268
279
279
267
245
214
177
135
90
46
5
-31
-61
-85
-100
-108
-109
-103
-92
-79
-63
-48
-33
-21
-11
-4
0
4
7
10
16
23
34
48
66
86
108
131
155
177
197
214
227
235
238
236
228
215
198
177
153
128
102
76
52
29
9
-8
-23
-37
-48
-59
-69
-78
-88
-98
-108
-119
-131
-143
-155
-167
-179
-190
-201
-211
-221
-229
-236
-243
-248
-254
-259
-263
-268
-272
-275
-276
-275
-270
-261
-247
-227
-202
-170
-133
-91
-46
0
48
94
137
176
210
237
256
268
273
272
264
253
237
220
201
183
164
147
130
115
102
89
77
66
56
46
36
27
17
8
0
-7
-14
-20
-24
-27
-28
-27
-24
-20
-16
-10
-6
-2
0
0
-1
-4
-10
-17
-26
-35
-44
-54
-63
-71
-78
-84
-89
-93
-97
-100
-103
-106
-110
-115
-123
-133
-147
-163
-183
-205
-229
-252
-274
-293
-307
-313
-309
-296
-271
-234
-185
-127
-59
16
96
179
262
343
419
488
549
600
640
670
688
697
696
686
667
640
606
565
516
462
402
336
266
194
119
45
-26
-95
-158
-213
-259
-295
-320
-333
-334
-326
-309
-286
-258
-229
-200
-175
-156
-143
-138
-141
-152
-170
-195
-223
-255
-288
-320
-349
-374
-393
-406
-412
-411
-403
-388
-368
-342
-312
-279
-244
-209
-174
-141
-111
-85
-65
-52
-47
-50
-62
-83
-113
-149
-192
-238
-286
-334
-377
-415
-444
-462
-468
-460
-437
-399
-346
-278
-197
-105
-1
109
226
346
466
584
696
799
891
969
1032
1077
1105
1113
1103
1074
1028
968
894
809
716
617
515
413
311
213
118
29
-53
-129
-197
-258
-311
-356
-392
-420
-439
-450
-453
-448
-436
-418
-394
-366
-335
-302
-270
-239
-212
-189
-174
-165
-166
-174
-192
-218
-251
-289
-332
-377
-423
-468
-508
-544
-573
-593
-602
-601
-586
-559
-518
-463
-396
-315
-224
-123
-16
95
209
321
429
528
617
692
751
793
815
818
802
768
718
655
582
501
417
332
248
169
96
30
-27
-76
-118
-151
-177
-196
-210
-219
-223
-224
-222
-218
-212
-205
-198
-189
-180
-170
-160
-149
-137
-124
-109
-93
-75
-56
-35
-12
12
37
63
88
112
134
152
166
175
178
175
166
152
134
113
91
69
49
34
23
19
22
34
53
81
115
156
202
250
300
349
395
437
472
500
519
529
528
517
496
465
425
377
322
261
197
131
64
0
-62
-119
-170
-215
-253
-283
-306
-322
-332
-336
-336
-332
-325
-316
-305
-294
-283
-272
-262
-252
-243
-236
-232
-229
-229
-233
-240
-252
-267
-287
-311
-337
-367
-398
-429
-460
-488
-512
-531
-543
-548
-545
-532
-510
-478
-438
-389
-333
-271
-204
-134
-63
7
77
143
205
261
312
354
389
416
434
442
442
432
415
389
357
320
279
237
196
157
123
95
