-374
-382
-391
-399
-407
-414
-419
-421
-417
-405
-385
-356
-316
-265
-205
-136
-60
20
103
187
269
347
419
486
547
602
652
699
745
791
839
890
946
1007
1072
1140
1209
1277
1339
1392
1432
1455
1457
1435
1387
1310
1205
1072
914
732
531
315
90
-137
-364
-583
-789
-978
-1145
-1289
-1409
-1503
-1572
-1619
-1647
-1656
-1651
-1634
-1605
-1566
-1517
-1456
-1381
-1292
-1184
-1058
-911
-743
-555
-349
-128
101
335
564
782
979
1147
1278
1367
1410
1406
1357
1268
1147
1002
846
689
541
411
305
228
180
159
163
186
222
265
309
348
377
394
395
379
347
299
237
163
81
-7
-98
-191
-282
-370
-454
-534
-608
-677
-739
-792
-836
-866
-882
-879
-855
-808
-738
-643
-527
-390
-239
-77
88
252
406
545
664
759
825
864
873
856
815
755
681
596
507
418
333
255
186
128
80
41
12
-10
-29
-44
-58
-73
-88
-105
-123
-140
-157
-170
-180
-183
-180
-168
-149
-123
-91
-54
-15
22
56
85
105
115
113
100
75
39
-4
-54
-108
-162
-213
-259
-297
-325
-341
-346
-339
-323
-298
-267
-232
-196
-162
-131
-106
-86
-74
-67
-65
-67
-72
-76
-80
-80
-78
-71
-61
-47
-31
-15
0
12
21
23
19
8
-10
-35
-66
-100
-135
-170
-200
-225
-241
-247
-242
-226
-200
-165
-123
-78
-32
10
46
72
85
84
67
35
-10
-68
-134
-204
-273
-338
-393
-434
-459
-463
-447
-408
-349
-272
-179
-75
34
144
250
346
428
494
542
573
590
596
595
594
598
611
638
679
736
805
881
960
1033
1092
1129
1138
1112
1048
945
804
630
428
205
-28
-264
-493
-708
-901
-1066
-1200
-1301
-1369
-1406
-1414
-1397
-1359
-1304
-1236
-1160
-1078
-992
-904
-815
-726
-638
-550
-462
-376
-292
-210
-131
-57
11
74
131
182
227
267
304
339
374
411
453
499
551
608
671
736
802
866
923
971
1004
1021
1016
988
936
858
756
631
487
329
161
-8
-176
-333
-475
-595
-689
-755
-789
-793
-766
-712
-634
-536
-423
-301
-174
-47
76
193
303
403
493
574
646
709
763
809
844
868
879
876
856
818
763
689
599
494
375
247
113
-24
-163
-298
-428
-551
-664
-767
-859
-939
-1007
-1062
-1104
-1133
-1148
-1149
-1135
-1107
-1064
-1007
-938
-857
-768
-673
-574
-475
-380
-290
-208
-136
-74
-24
15
45
67
83
95
105
114
125
138
154
174
197
223
252
283
316
350
385
420
454
487
517
545
570
590
606
615
619
615
604
585
558
522
477
425
365
299
228
152
74
-5
-84
-161
-235
-304
-368
-425
-476
-519
-555
-584
-605
-619
-626
-626
-619
-606
-586
-560
-529
-493
-455
-415
-375
-336
-299
-265
-234
-205
-178
-152
-125
-94
-58
-14
37
100
173
255
347
445
548
652
753
848
934
1006
1063
1101
1119
1117
1095
1054
996
924
843
755
664
574
487
406
331
263
201
144
90
38
-12
-65
-118
-172
-227
-280
-330
-375
-412
-440
-456
-458
-448
-424
-388
-343
-291
-238
-186
-141
-107
-88
-87
-105
-143
-202
-278
-371
-476
-591
-713
-838
-963
-1087
-1207
-1322
-1430
-1530
-1621
-1701
-1769
-1823
-1859
-1875
-1869
-1837
-1777
-1686
-1563
-1406
-1216
-992
-739
-458
-154
165
497
832
1164
1486
1790
2072
2325
2547
2737
2892
3015
3108
3172
3210
3225
3217
3187
3134
3056
2950
2813
2643
2437
2194
1916
1606
1269
912
544
177
-180
-518
-827
-1099
-1330
-1517
-1660
-1759
-1820
-1847
-1847
-1826
-1792
-1750
-1706
-1663
-1625
-1593
-1566
-1545
-1527
-1510
-1491
-1467
-1437
-1399
-1351
-1293
-1225
-1147
-1062
-969
-872
-770
-666
-561
-456
-353
-253
-156
-64
22
103
178
247
309
365
415
461
502
539
573
605
634
660
683
701
715
721
720
709
688
655
610
553
486
410
327
241
155
71
-5
-72
-128
-169
-195
-205
-200
-182
-152
-113
-68
-18
32
82
130
173
212
244
271
291
306
314
317
313
301
282
253
213
163
101
29
-52
-141
-234
-325
-412
-488
-549
-591
-609
-601
-565
-501
-410
-295
-160
-9
150
314
473
622
755
865
949
1001
1022
1009
964
891
794
679
553
422
293
171
61
-34
-115
-182
-236
-280
-317
-351
-384
-417
-454
-493
-535
-577
-620
-659
-694
-721
-739
-747
-743
-727
-701
-664
-620
-570
-517
-466
-418
-378
-346
-326
-317
-320
-332
-353
-379
-406
-431
-452
-464
-466
-457
-435
-403
-360
-308
-249
-185
-117
-47
23
96
170
247
327
410
498
590
685
782
877
969
1054
1128
1187
1229
1251
1251
1229
1186
1122
1040
944
837
723
605
487
373
265
165
74
-6
-76
-137
-188
-231
-266
-294
-316
-333
-345
-352
-357
-359
-358
-356
-354
-351
-349
-348
-349
-351
-355
-360
-366
-372
-376
-379
-378
-373
-364
-350
-330
-307
-280
-251
-220
-189
-158
-127
-97
-66
-33
1
39
84
135
193
259
331
409
490
571
647
715
769
806
823
816
784
729
652
555
444
324
198
74
-44
-153
-250
-334
-403
-458
-501
-533
-558
-577
-593
-606
-620
-634
-648
-662
-676
-690
-702
-712
-720
-725
-727
-726
-722
-714
-704
-690
-673
-651
-626
-596
-561
-520
-474
-423
-365
-301
-233
-159
-81
0
84
172
261
353
445
539
632
725
815
902
983
1057
1122
1176
1217
1246
1260
1260
1247
1219
1180
1129
1069
1001
927
848
767
683
597
511
424
335
244
152
57
-38
-134
-228
-317
-398
-467
-522
-560
-580
-582
-567
-538
-498
-451
-403
-359
-324
-301
-295
-307
-338
-386
-449
-524
-606
-690
-770
-841
-900
-941
-963
-964
-942
-900
-838
-758
-665
-560
-448
-333
-217
-103
5
107
200
284
358
421
474
517
550
573
586
592
590
580
565
544
519
490
458
424
390
356
322
290
261
234
211
192
177
165
158
153
152
152
155
158
161
163
164
162
156
147
134
118
97
74
48
20
-7
-35
-63
-90
-114
-136
-156
-174
-189
-203
-216
-228
-241
-253
-267
-281
-296
-311
-326
-339
-350
-357
-360
-357
-349
-335
-315
-289
-257
-221
-181
-138
-94
-49
-6
35
73
107
134
154
165
166
158
140
112
76
32
-17
-70
-126
-180
-233
-280
-322
-356
-382
-398
-405
-402
-389
-367
-336
-296
-247
-191
-127
-55
21
103
189
277
364
447
522
587
637
667
676
659
614
543
445
323
182
28
-133
-295
-448
-586
-700
-785
-836
-849
-825
-762
-665
-538
-386
-217
-40
138
308
463
596
703
779
824
839
825
785
725
648
560
466
369
273
182
96
16
-54
-118
-173
-220
-258
-286
-303
-309
-302
-282
-248
-201
-140
-67
14
104
199
295
391
481
565
638
698
742
769
776
761
725
667
588
488
370
237
91
-63
-224
-387
-548
-703
-849
-981
-1097
-1193
-1266
-1313
-1332
-1321
-1281
-1211
-1113
-989
-843
-680
-504
-320
-135
45
217
376
517
638
736
810
860
887
891
876
844
799
744
682
618
553
491
434
382
337
299
266
238
214
192
171
149
127
102
75
46
16
-15
-48
-80
-111
-140
-166
-187
-204
-214
-216
-211
-197
-175
-145
-108
-67
-24
18
56
86
104
108
94
61
10
-58
-142
-238
-340
-443
-540
-625
-691
-733
-747
-729
-679
-597
-483
-343
-181
-3
184
374
560
735
893
1030
1143
1229
1285
1313
1311
1279
1219
1131
1015
874
710
526
326
116
-97
-309
-509
-692
-849
-975
-1065
-1118
-1131
-1107
-1048
-961
-850
-725
-591
-458
-333
-223
-132
-64
-22
-6
-14
-45
-93
-154
-223
-295
-365
-427
-478
-515
-535
-538
-523
-492
-445
-386
-316
-238
-156
-74
6
82
151
212
261
300
328
346
353
350
341
324
303
277
249
219
189
157
126
96
67
40
15
-7
-26
-41
-51
-56
-56
-49
-37
-20
0
24
49
75
100
123
141
156
166
172
173
172
168
163
157
152
148
145
143
141
139
137
132
125
116
103
88
69
48
26
3
-19
-40
-59
-74
-85
-92
-95
-93
-88
-80
-71
-62
-54
-48
-46
-49
-57
-71
-92
-118
-150
-186
-225
-265
-304
-340
-372
-398
-416
-425
-426
-417
-399
-372
-338
-298
-253
-205
-155
-105
-57
-12
27
63
93
117
135
149
159
166
172
178
185
194
206
222
241
262
284
307
329
347
362
372
376
373
365
352
335
315
294
275
257
244
234
230
229
231
235
239
241
240
234
222
204
179
149
114
76
35
-6
-47
-87
-126
-162
-196
-227
-257
-285
-311
-336
-360
-382
-401
-418
-431
-440
-443
-440
-429
-412
-386
-354
-316
-272
-223
-172
-119
-66
-14
35
83
126
166
201
230
254
271
282
287
284
275
258
235
206
171
132
90
45
0
-45
-89
-129
-164
-192
-213
-226
-229
-223
-207
-182
-149
-110
-64
-15
34
85
133
177
214
243
264
274
275
265
246
220
188
151
113
76
42
13
-9
-23
-28
-23
-9
12
42
77
115
154
192
226
255
276
290
294
288
273
250
218
179
133
82
28
-29
-89
-149
-210
-269
-325
-377
-424
-464
-496
-520
-534
-538
-532
-515
-488
-452
-408
-357
-300
-239
-176
-114
-54
1
50
92
126
152
169
179
182
180
175
168
162
156
152
151
152
155
159
163
168
171
172
171
167
159
149
135
119
101
80
59
38
17
-2
-20
-36
-49
-58
-64
-67
-65
-60
-52
-42
-32
-21
-11
-4
0
0
-4
-12
-25
-40
-58
-77
-96
-114
-128
-140
-148
-153
-155
-155
-153
-152
-152
-153
-157
-164
-172
-182
-193
-204
-212
-217
-217
-211
-198
-176
-147
-110
-65
-14
41
100
161
221
279
334
383
427
463
493
515
530
538
540
536
528
514
496
473
447
416
381
341
296
247
194
135
74
9
-57
-124
-191
-255
-315
-370
-419
-461
-495
-520
-537
-545
-544
-535
-517
-492
-459
-421
-378
-331
-282
-233
-185
-139
-96
-58
-24
3
26
44
58
68
76
82
87
93
99
106
113
122
131
140
148
154
157
158
154
147
135
118
98
73
46
17
-12
-42
-70
-95
-116
-132
-142
-144
-140
-128
-109
-83
-52
-16
21
60
99
135
166
191
208
217
217
207
189
164
133
98
62
28
-2
-28
-45
-54
-54
-44
-25
1
34
71
111
151
190
224
253
274
288
294
292
281
264
242
215
185
153
120
87
52
17
-17
-55
-94
-135
-178
-223
-269
-316
-363
-408
-453
-494
-531
-564
-591
-612
-625
-631
-627
-615
-594
-564
-527
-484
-436
-386
-336
-288
-245
-209
-181
-162
-153
-153
-161
-173
-186
-197
-201
-192
-167
-123
-56
35
150
287
443
612
790
968
1141
1300
1439
1553
1638
1691
1712
1700
1658
1589
1499
1391
1272
1146
1018
891
766
645
527
411
295
177
55
-70
-200
-333
-466
-597
-721
-834
-932
-1013
-1072
-1110
-1126
-1120
-1095
-1053
-997
-931
-859
-784
-711
-641
-578
-523
-476
-439
-410
