131
139
144
146
144
137
125
109
89
66
41
15
-9
-31
-50
-64
-72
-73
-67
-55
-37
-14
11
40
69
98
125
148
167
182
192
197
197
192
184
173
159
143
126
109
92
74
55
37
17
-2
-24
-48
-74
-101
-130
-161
-191
-222
-252
-280
-306
-330
-350
-367
-379
-388
-392
-393
-389
-382
-371
-356
-338
-317
-293
-267
-238
-207
-175
-141
-105
-69
-33
3
39
74
108
139
169
195
219
240
257
271
281
287
289
286
279
266
248
227
202
175
148
121
97
76
60
51
47
50
60
75
95
119
145
171
197
220
239
253
259
258
249
230
204
169
128
80
29
-24
-79
-132
-182
-227
-265
-296
-320
-335
-342
-342
-337
-326
-312
-296
-279
-262
-245
-229
-214
-198
-183
-166
-148
-129
-107
-82
-56
-27
2
33
64
94
123
149
171
191
206
218
226
231
231
228
220
208
192
171
146
117
84
50
15
-17
-47
-72
-89
-99
-98
-88
-69
-41
-6
33
76
119
161
198
229
253
269
275
272
262
244
221
196
169
142
119
98
82
69
60
52
45
37
27
12
-7
-32
-62
-98
-137
-178
-221
-262
-302
-337
-368
-392
-410
-421
-426
-424
-418
-409
-397
-387
-379
-375
-378
-388
-407
-434
-470
-512
-560
-609
-659
-705
-743
-771
-785
-782
-760
-718
-654
-569
-464
-342
-205
-56
98
255
410
558
696
819
927
1016
1086
1139
1174
1194
1201
1196
1181
1158
1127
1090
1047
997
941
877
805
724
636
539
435
325
212
97
-16
-125
-227
-319
-399
-464
-513
-546
-562
-564
-551
-527
-494
-455
-414
-372
-334
-301
-274
-256
-246
-244
-250
-261
-277
-294
-310
-325
-335
-338
-335
-324
-304
-276
-240
-197
-149
-97
-44
8
57
100
136
162
177
179
170
148
116
74
26
-25
-79
-130
-177
-217
-247
-268
-277
-275
-262
-240
-211
-176
-137
-98
-61
-27
0
19
30
31
24
7
-15
-45
-79
-115
-149
-179
-203
-217
-219
-208
-183
-142
-86
-17
63
153
248
345
440
529
608
674
725
758
774
773
755
722
677
623
563
499
435
373
314
260
211
168
130
96
67
41
20
2
-11
-21
-27
-27
-22
-11
3
22
45
69
94
117
137
151
158
157
147
126
95
53
3
-54
-119
-187
-258
-328
-396
-459
-516
-564
-603
-631
-647
-651
-643
-623
-591
-549
-497
-438
-373
-304
-234
-164
-98
-36
19
68
110
146
176
202
224
246
267
289
313
338
364
389
411
429
439
439
426
400
358
301
230
148
56
-39
-136
-227
-309
-377
-427
-457
-466
-454
-422
-373
-310
-238
-160
-82
-8
57
113
156
184
198
198
186
164
133
97
58
18
-18
-52
-81
-104
-120
-129
-131
-127
-117
-101
-82
-59
-35
-11
12
33
52
67
78
84
85
81
72
59
41
20
-2
-27
-54
-80
-105
-128
-148
-166
-179
-188
-193
-193
-189
-180
-167
-150
-129
-106
-79
-50
-19
12
46
79
113
145
176
203
228
248
264
274
278
276
267
253
233
207
178
144
108
71
33
-3
-38
-69
-97
-121
-140
-154
-164
-169
-171
-169
-166
-160
-154
-147
-141
-134
-129
-125
-121
-117
-114
-111
-107
-102
-95
-88
-79
-68
-56
-44
-30
-17
-4
7
18
26
32
34
32
26
16
3
-12
-31
-52
-73
-93
-111
-127
-139
-148
-152
-152
-147
-137
-123
-105
-84
-60
-33
-4
25
54
83
109
133
152
166
175
177
171
159
141
117
88
56
22
-11
-44
-74
-99
-118
-131
-137
-136
-130
-117
-100
-79
-57
-34
-11
10
30
48
64
79
92
104
116
128
139
150
161
171
180
188
194
199
202
205
207
208
208
209
210
211
211
212
211
208
203
195
184
169
151
131
108
84
59
35
11
-9
-28
-44
-57
-67
-74
-78
-80
-79
-77
-74
-70
-67
-64
-63
-64
-67
-72
-79
-88
-99
-110
-121
-131
-140
-147
-151
-153
-151
-147
-140
-130
-118
-105
-91
-77
-63
-50
-38
-29
-21
-15
-11
-9
-9
-11
-13
-16
-20
-24
-29
-33
-36
-39
-41
-40
-38
-33
-25
-14
0
16
36
57
78
100
119
136
148
156
159
156
147
133
115
92
67
39
10
-18
-46
-71
-94
-113
-128
-138
-143
-143
-138
-128
-115
-98
-80
-61
-43
-28
-17
-10
-8
-12
-20
-33
-48
-65
-83
-99
-113
-124
-131
-133
-130
-121
-108
-91
-69
-45
-18
9
37
64
90
114
135
154
170
184
197
208
220
232
245
259
275
292
312
332
355
377
401
424
446
466
483
497
505
507
501
486
461
425
378
318
248
167
77
-21
-125
-232
-341
-447
-548
-641
-723
-792
-845
-880
-898
-897
-878
-842
-792
-729
-657
-578
-496
-414
-334
-258
-188
-126
-72
-26
10
39
60
75
83
86
84
78
69
58
46
34
24
15
11
11
17
28
45
67
95
126
160
194
229
261
290
315
335
350
359
364
366
364
362
360
359
361
367
377
390
406
425
443
460
473
480
480
469
447
413
366
308
238
159
73
-18
-111
-203
-292
-375
-449
-512
-564
-603
-629
-643
-645
-638
-622
-599
-571
-541
-509
-477
-446
-417
-391
-366
-343
-322
-301
-280
-259
-237
-214
-190
-165
-139
-113
-89
-65
-44
-26
-11
0
7
10
10
7
1
-6
-15
-24
-33
-40
-44
-43
-38
-27
-11
11
39
72
110
150
191
233
273
311
345
375
400
420
436
448
456
462
466
468
470
473
475
477
478
479
477
473
464
450
429
403
369
329
284
233
178
121
62
3
-54
-109
-162
-210
-255
-294
-329
-358
-382
-401
-414
-422
-425
-424
-417
-405
-389
-369
-345
-316
-285
-251
-215
-178
-141
-107
-75
-47
-25
-9
-1
-1
-8
-22
-43
-69
-100
-134
-169
-203
-236
-265
-289
-308
-320
-325
-322
-312
-294
-270
-239
-203
-163
-120
-75
-28
18
66
112
156
199
237
272
301
324
340
349
349
342
326
303
273
237
197
153
107
61
17
-23
-61
-93
-119
-138
-151
-157
-157
-152
-142
-129
-114
-98
-82
-65
-48
-31
-14
3
24
48
76
108
145
187
233
282
333
382
429
472
507
535
553
561
558
547
526
498
464
425
384
343
301
261
224
189
157
128
101
74
46
16
-16
-54
-97
-147
-202
-261
-324
-389
-453
-513
-567
-612
-645
-665
-670
-659
-632
-589
-533
-465
-387
-304
-217
-130
-47
28
95
150
191
219
231
229
212
182
141
91
33
-29
-94
-159
-223
-282
-336
-383
-424
-456
-481
-499
-509
-513
-510
-501
-486
-464
-435
-399
-355
-303
-244
-177
-103
-24
60
146
233
318
398
470
533
584
622
645
654
649
630
600
559
511
456
398
338
279
220
165
114
67
26
-9
-38
-60
-76
-84
-85
-79
-67
-49
-26
0
30
61
92
122
150
175
196
212
224
231
233
230
222
209
191
168
141
110
74
36
-5
-48
-91
-133
-173
-209
-240
-265
-282
-290
-291
-283
-267
-244
-216
-183
-147
-111
-74
-40
-10
15
35
49
56
56
50
38
20
-1
-26
-54
-83
-112
-141
-168
-194
-218
-239
-257
-271
-282
-288
-290
-287
-280
-268
-252
-233
-212
-188
-165
-141
-119
-99
-81
-67
-55
-48
-43
-41
-40
-41
-42
-41
-40
-35
-27
-16
0
18
42
68
97
127
158
188
217
243
265
283
297
307
312
313
312
307
300
292
283
274
264
254
245
235
226
217
208
200
192
185
180
175
172
171
171
173
176
181
186
191
196
200
203
205
204
201
195
185
172
155
135
112
86
59
30
1
-27
-54
-81
-105
-127
-147
-165
-182
-197
-212
-226
-241
-256
-272
-289
-307
-324
-341
-355
-367
-374
-375
-369
-355
-333
-302
-264
-218
-166
-110
-52
6
64
118
167
209
242
265
279
281
272
252
222
183
135
82
25
-33
-90
-144
-191
-228
-254
-266
-264
-246
-215
-171
-116
-54
12
80
144
203
252
291
316
329
328
316
293
261
223
180
135
89
43
0
-41
-81
-118
-153
-187
-220
-254
-288
-323
-359
-395
-430
-464
-495
-520
-540
-552
-555
-548
-531
-505
-468
-423
-371
-314
-253
-190
-127
-66
-7
46
94
138
175
206
231
250
264
273
278
279
277
272
264
254
242
230
217
204
192
182
173
167
163
162
163
166
170
174
178
180
181
178
173
164
153
138
122
104
86
67
50
34
19
7
-1
-9
-14
-18
-20
-22
-23
-25
-27
-31
-35
-41
-49
-57
-66
-75
-85
-94
-103
-112
-121
-128
-135
-142
-148
-154
-160
-165
-170
-175
-180
-183
-185
-185
-183
-177
-167
-153
-134
-111
-84
-52
-18
18
55
91
126
156
182
201
212
215
209
195
171
140
102
59
13
-33
-79
-121
-157
-187
-207
-218
-219
-210
-190
-161
-124
-79
-27
28
88
149
210
268
323
372
414
447
470
483
486
479
463
439
407
370
329
285
240
194
150
106
65
25
-12
-47
-80
-111
-140
-165
-187
-206
-220
-229
-232
-230
-222
-208
-189
-165
-137
-107
-76
-45
-14
13
39
61
79
94
104
111
115
117
117
116
115
114
113
112
111
109
107
103
97
89
77
62
44
22
-1
-27
-55
-84
-112
-140
-166
-190
-210
-226
-238
-246
-249
-248
-243
-235
-225
-213
-199
-185
-170
-155
-140
-125
-110
-96
-82
-69
-57
-47
-38
-30
-25
-21
-19
-19
-20
-22
-25
-27
-29
-30
-30
-27
-23
-17
-10
-1
8
17
26
33
38
40
39
34
26
15
1
-14
-32
-50
-67
-83
-96
-106
-112
-113
-110
-103
-91
-76
-59
-41
-22
-5
9
20
27
31
30
26
19
11
4
0
0
4
17
37
64
100
142
189
238
287
334
374
406
427
436
433
416
389
352
307
258
206
156
109
67
33
6
-11
-22
-25
-24
-18
-10
-2
4
7
7
3
-6
-21
-41
-65
-93
-123
-154
-185
-214
-241
-263
-280
-292
-297
-296
-288
-275
-256
-233
-207
-178
-149
-121
-94
-69
-49
-32
-20
-14
-12
-15
-24
-37
-54
-75
-99
-126
-154
-183
-211
-239
-263
-283
-298
-307
-308
-300
-284
-259
-225
-182
-133
-77
-16
46
111
176
238
297
350
396
434
464
485
497
500
494
481
462
436
406
372
335
298
259
222
185
150
117
86
57
30
4
-19
-41
-62
-82
-99
-115
-128
-139
-147
-153
-155
-155
-153
-149
-143
-135
-127
-119
-111
-103
-97
-92
-87
-84
-82
-79
-77
-73
-69
-64
-57
-49
-40
-31
-22
-15
-9
-7
-8
-13
-22
-36
-52
-72
-93
-114
-134
-150
-161
-166
-164
-154
-135
-109
-75
-35
8
55
101
145
184
216
240
255
259
253
237
213
182
146
108
70
35
3
-22
-42
-54
-59
-58
-51
