131
59
-7
-69
-125
-175
-217
-251
-277
-295
-304
-306
-300
-288
-270
-247
-220
-191
-161
-132
-103
-76
-51
-29
-11
4
16
25
31
34
34
31
26
18
8
-3
-17
-33
-50
-67
-85
-104
-121
-139
-155
-169
-182
-192
-199
-204
-205
-204
-201
-195
-188
-180
-172
-162
-153
-142
-131
-118
-103
-86
-66
-42
-16
13
46
82
119
157
195
232
266
296
320
338
348
352
347
335
317
294
266
236
205
173
142
112
84
57
31
6
-18
-44
-70
-98
-126
-156
-187
-218
-247
-273
-295
-311
-319
-317
-304
-279
-241
-191
-130
-60
16
95
175
250
318
376
421
451
467
467
454
428
391
347
298
247
196
148
104
66
34
7
-14
-32
-48
-64
-82
-102
-127
-157
-192
-232
-276
-321
-367
-411
-449
-480
-502
-511
-508
-491
-460
-416
-360
-293
-218
-138
-54
30
112
191
263
326
379
420
449
466
469
460
438
406
363
312
254
190
122
52
-17
-87
-155
-219
-279
-333
-380
-419
-450
-471
-482
-482
-472
-451
-420
-379
-330
-274
-213
-150
-87
-28
25
71
107
133
147
151
145
131
112
90
68
48
32
23
19
23
33
48
66
86
105
122
136
144
147
144
136
124
108
91
74
59
47
41
41
49
64
88
119
157
201
249
299
350
399
444
484
517
540
552
553
542
518
482
434
375
307
230
147
60
-29
-119
-208
-295
-376
-452
-519
-578
-627
-665
-691
-705
-707
-698
-678
-649
-612
-568
-521
-471
-421
-372
-327
-287
-253
-226
-205
-191
-183
-179
-179
-181
-182
-182
-178
-169
-155
-136
-110
-80
-46
-10
26
62
94
122
143
158
166
167
160
149
133
114
95
76
59
45
35
30
30
35
46
61
80
104
131
161
194
230
268
307
348
389
431
471
510
546
579
608
632
649
660
663
659
645
622
589
545
492
429
357
275
186
91
-8
-111
-215
-317
-415
-506
-587
-658
-715
-758
-786
-799
-799
-786
-762
-729
-691
-649
-606
-563
-523
-485
-451
-419
-389
-360
-331
-299
-264
-225
-179
-128
-71
-10
53
118
182
242
296
341
377
402
415
418
412
397
376
351
324
297
270
245
222
202
183
166
151
137
123
111
101
93
88
87
91
100
113
132
156
182
212
242
271
298
321
339
352
357
356
347
332
312
287
258
226
192
156
120
84
48
12
-22
-57
-91
-125
-156
-186
-214
-239
-259
-275
-286
-291
-289
-281
-266
-245
-219
-189
-155
-120
-86
-52
-22
2
23
38
46
48
43
33
17
-2
-26
-52
-79
-106
-132
-156
-178
-198
-214
-229
-242
-254
-266
-278
-291
-304
-316
-328
-339
-346
-348
-344
-333
-313
-283
-242
-192
-133
-66
5
82
159
234
305
369
424
468
500
520
526
521
504
477
441
399
352
301
249
197
145
95
48
4
-35
-71
-104
-131
-155
-173
-187
-197
-202
-203
-199
-191
-178
-162
-143
-120
-95
-66
-36
-4
27
60
92
121
147
168
183
190
189
180
161
134
100
59
14
-33
-81
-128
-173
-213
-248
-275
-296
-308
-313
-310
-299
-282
-259
-231
-201
-168
-134
-102
-71
-42
-18
1
17
29
36
38
38
33
27
19
10
1
-5
-10
-11
-7
1
17
39
67
101
140
183
227
271
313
350
381
402
414
414
401
377
340
293
237
173
105
35
-34
-102
-163
-218
-264
-300
-325
-338
-342
-335
-319
-296
-266
-232
-195
-156
-117
-79
-43
-9
22
51
78
101
123
141
156
167
175
179
178
172
162
147
128
106
80
53
24
-5
-33
-61
-86
-107
-124
-136
-143
-143
-137
-125
-107
-85
-59
-30
0
29
57
82
103
119
130
135
135
129
118
104
86
66
45
24
2
-17
-36
-53
-68
-81
-91
-100
-105
-109
-109
-107
-101
-91
-78
-61
-40
-15
11
41
71
101
130
154
174
186
191
187
174
152
122
84
41
-6
-55
-105
-151
-193
-227
-254
-270
-277
-273
-259
-237
-208
-174
-137
-99
-63
-30
-2
19
35
45
49
49
46
42
37
33
31
32
35
41
49
59
70
82
94
105
115
124
131
137
142
144
145
143
139
134
125
114
101
84
65
42
16
-11
-42
-74
-107
-140
-171
-200
-225
-246
-260
-267
-267
-258
-241
-216
-183
-144
-98
-48
4
59
112
163
210
251
285
311
329
337
338
330
316
297
273
246
218
189
161
133
105
79
53
26
0
-28
-58
-89
-122
-157
-192
-228
-262
-294
-323
-348
-366
-379
-384
-381
-369
-350
-323
-288
-246
-198
-146
-91
-34
23
81
136
188
237
280
318
350
375
393
402
402
392
372
341
300
248
188
120
47
-28
-105
-179
-249
-311
-364
-405
-434
-450
-452
-441
-416
-380
-334
-278
-215
-147
-77
-7
61
125
183
234
276
308
329
340
340
329
309
280
243
199
150
97
41
-15
-71
-125
-177
-224
-265
-301
-329
-351
-364
-371
-370
-362
-348
-329
-305
-278
-249
-218
-188
-159
-132
-107
-85
-65
-48
-33
-18
-3
12
30
50
73
100
130
162
197
233
269
303
336
364
388
407
419
424
423
416
403
385
363
339
312
285
257
229
203
178
155
134
115
99
85
73
63
55
47
40
32
24
15
4
-8
-23
-40
-60
-82
-106
-131
-156
-180
-201
-218
-230
-236
-235
-227
-213
-194
-171
-148
-127
-109
-98
-95
-101
-118
-143
-177
-217
-261
-305
-348
-386
-416
-437
-447
-445
-432
-409
-376
-336
-290
-240
-188
-135
-83
-32
16
63
108
151
192
231
268
303
334
362
386
405
418
426
428
425
415
400
381
357
330
300
267
233
198
162
125
87
50
13
-22
-56
-87
-116
-139
-158
-169
-174
-171
-160
-142
-118
-88
-55
-21
11
42
67
84
94
94
84
66
41
10
-23
-56
-86
-110
-125
-130
-122
-102
-69
-26
26
85
148
212
273
329
377
414
438
449
445
426
394
349
295
232
164
93
23
-45
-109
-166
-217
-259
-294
-319
-337
-347
-350
-348
-340
-328
-314
-297
-280
-263
-249
-237
-230
-227
-231
-240
-257
-279
-307
-340
-377
-417
-457
-498
-537
-573
-606
-634
-656
-672
-681
-682
-674
-658
-633
-598
-553
-498
-432
-356
-270
-176
-73
36
151
269
388
507
623
734
837
932
1016
1087
1146
1190
1219
1234
1235
1222
1196
1160
1114
1059
999
933
864
794
722
651
579
508
438
367
296
224
150
73
-4
-86
-169
-253
-338
-423
-506
-585
-660
-730
-792
-847
-893
-931
-960
-979
-989
-989
-978
-958
-926
-884
-831
-768
-695
-613
-524
-429
-332
-233
-136
-43
43
122
191
250
297
333
359
374
379
377
367
352
332
309
283
257
230
204
179
155
133
113
95
79
65
52
39
28
16
4
-8
-21
-34
-47
-58
-68
-76
-80
-80
-76
-66
-50
-29
-3
28
64
104
147
192
238
283
326
366
401
429
448
458
459
448
428
397
358
310
256
196
134
70
6
-55
-113
-166
-212
-252
-285
-310
-328
-339
-344
-343
-338
-330
-318
-304
-290
-274
-259
-244
-230
-216
-204
-192
-181
-170
-159
-147
-132
-113
-90
-60
-24
20
72
131
196
264
334
403
466
521
565
595
611
610
595
565
522
471
412
351
290
232
179
133
96
66
44
27
14
2
-10
-27
-51
-82
-123
-174
-236
-306
-385
-470
-559
-649
-736
-818
-891
-952
-999
-1029
-1042
-1036
-1011
-966
-904
-826
-733
-628
-514
-394
-270
-147
-26
88
196
295
384
462
530
586
632
669
697
717
730
735
734
727
713
694
669
638
601
560
513
462
406
348
288
227
165
106
49
-3
-50
-91
-125
-151
-170
-181
-186
-184
-177
-165
-150
-134
-116
-99
-83
-68
-55
-45
-38
-34
-33
-35
-40
-48
-58
-71
-86
-102
-119
-136
-153
-169
-182
-193
-200
-203
-202
-197
-189
-176
-162
-145
-127
-109
-92
-75
-60
-46
-33
-22
-12
-2
8
18
30
42
56
69
82
94
104
111
115
114
108
97
81
61
37
10
-18
-48
-78
-106
-132
-154
-173
-187
-197
-202
-201
-197
-187
-173
-156
-134
-109
-80
-48
-14
22
62
103
146
189
232
274
314
349
380
404
420
427
424
411
388
355
312
262
205
144
80
18
-41
-96
-143
-181
-208
-224
-228
-222
-206
-182
-151
-117
-82
-47
-15
11
31
45
51
50
44
33
19
4
-10
-22
-31
-35
-35
-31
-24
-16
-8
-2
-1
-5
-15
-34
-60
-92
-131
-174
-218
-263
-304
-340
-369
-388
-395
-390
-372
-341
-298
-244
-182
-114
-42
30
100
166
224
273
312
339
354
357
349
330
302
266
226
182
137
94
53
17
-11
-35
-51
-60
-63
-62
-56
-48
-40
-32
-25
-21
-20
-23
-28
-36
-45
-56
-67
-77
-85
-91
-95
-95
-91
-84
-74
-59
-42
-21
1
27
54
81
108
134
158
179
196
208
215
215
210
199
182
160
134
105
73
40
7
-23
-53
-80
-104
-125
-142
-155
-164
-171
-174
-174
-173
-169
-164
-158
-151
-143
-134
-124
-112
-99
-84
-66
-46
-23
1
27
55
84
111
138
163
184
202
215
222
224
221
212
198
179
156
130
103
75
47
21
-3
-24
-43
-58
-70
-78
-83
-85
-84
-80
-74
-66
-56
-44
-31
-17
-2
12
28
42
56
68
78
86
91
93
94
92
88
83
78
72
68
64
63
63
66
70
76
84
91
98
103
106
105
100
91
77
59
38
13
-12
-38
-63
-85
-103
-115
-120
-118
-108
-91
-67
-38
-5
30
65
99
129
153
170
179
180
172
155
131
99
62
20
-24
-70
-117
-164
-209
-252
-293
-330
-362
-390
-413
-430
-439
-442
-436
-421
-398
-365
-323
-273
-215
-152
-84
-13
57
125
188
245
292
328
351
360
354
333
298
250
189
119
41
-41
-125
-207
-285
-355
-414
-462
-497
-518
-525
-519
-502
-475
-440
-399
-356
-311
-267
-224
-185
-148
-114
-83
-53
-24
5
36
70
105
144
184
227
270
314
357
399
438
475
508
535
558
573
583
584
578
565
544
516
481
441
396
347
297
245
194
145
99
57
21
-9
-33
-51
-62
-68
-70
-68
-64
-59
-55
-51
-50
-52
-57
-66
-79
-95
-115
-138
-164
-192
-223
-255
-288
-322
-356
-389
-421
-450
-475
-495
-509
-515
-511
-498
-475
-441
-397
-344
-283
-216
-146
-75
-6
58
116
164
202
227
239
239
227
204
172
133
89
43
0
-41
-76
-103
-119
-124
-118
-99
-69
-29
19
75
135
198
259
318
370
414
447
470
480
477
462
437
403
361
315
268
222
179
142
112
91
79
76
81
92
109
129
148
166
179
186
185
176
159
133
99
60
17
-27
-73
-118
-161
-199
-234
-263
-287
