396
638
881
1118
1339
1535
1697
1817
1889
1910
1877
1795
1667
1501
1307
1095
876
662
462
283
133
14
-71
-126
-152
-155
-140
-115
-87
-64
-53
-61
-94
-154
-245
-366
-516
-692
-888
-1098
-1315
-1530
-1736
-1923
-2085
-2215
-2308
-2361
-2370
-2336
-2258
-2139
-1983
-1795
-1580
-1347
-1102
-855
-612
-382
-172
14
172
299
395
460
497
509
500
475
439
397
352
309
269
236
210
191
180
175
176
181
190
200
213
229
250
276
311
357
417
494
588
700
829
974
1130
1292
1455
1612
1756
1880
1979
2049
2085
2088
2056
1992
1897
1775
1629
1463
1281
1084
876
660
438
213
-11
-233
-449
-656
-852
-1033
-1199
-1347
-1478
-1590
-1683
-1759
-1816
-1857
-1880
-1888
-1880
-1858
-1821
-1771
-1709
-1635
-1551
-1459
-1360
-1256
-1149
-1040
-932
-825
-723
-627
-538
-458
-387
-326
-275
-232
-198
-171
-150
-132
-117
-103
-90
-76
-62
-48
-33
-20
-8
2
11
19
27
36
47
62
82
108
139
177
219
264
309
352
389
418
434
437
422
391
341
273
190
93
-14
-129
-249
-368
-483
-591
-686
-765
-824
-859
-869
-849
-798
-714
-598
-451
-275
-73
149
386
632
880
1122
1352
1565
1756
1920
2057
2164
2241
2288
2307
2299
2268
2216
2145
2059
1960
1851
1734
1609
1477
1339
1194
1041
881
712
534
348
153
-49
-259
-475
-694
-913
-1130
-1340
-1539
-1724
-1888
-2028
-2141
-2223
-2273
-2291
-2275
-2229
-2156
-2057
-1939
-1804
-1657
-1502
-1342
-1180
-1017
-856
-697
-540
-387
-238
-92
48
182
310
428
534
626
701
755
785
789
764
709
623
507
364
197
10
-188
-393
-595
-786
-958
-1104
-1216
-1289
-1320
-1307
-1248
-1145
-1002
-821
-607
-365
-101
178
470
768
1068
1365
1653
1930
2190
2429
2643
2825
2973
3080
3142
3156
3120
3031
2892
2704
2471
2199
1896
1571
1233
890
552
226
-81
-365
-622
-850
-1050
-1222
-1368
-1491
-1593
-1678
-1748
-1808
-1858
-1902
-1941
-1977
-2012
-2047
-2081
-2115
-2149
-2183
-2213
-2238
-2254
-2258
-2245
-2212
-2154
-2066
-1947
-1794
-1605
-1381
-1124
-837
-524
-192
153
502
849
1184
1501
1791
2051
2275
2461
2610
2721
2797
2842
2858
2851
2823
2778
2718
2643
2555
2452
2331
2192
2030
1845
1634
1397
1136
851
546
227
-100
-429
-751
-1059
-1344
-1599
-1818
-1996
-2130
-2219
-2264
-2267
-2233
-2168
-2076
-1967
-1845
-1717
-1589
-1466
-1351
-1246
-1152
-1070
-997
-933
-875
-821
-766
-710
-649
-582
-506
-421
-327
-226
-120
-10
97
201
296
379
446
495
525
537
531
512
482
448
416
391
380
387
417
472
554
661
792
943
1107
1280
1453
1620
1772
1904
2007
2077
2109
2101
2052
1962
1833
1671
1481
1270
1045
814
585
365
159
-27
-191
-331
-448
-542
-615
-671
-714
-748
-779
-809
-844
-886
-939
-1004
-1082
-1172
-1272
-1381
-1495
-1607
-1715
-1811
-1891
-1949
-1982
-1986
-1959
-1900
-1810
-1689
-1543
-1374
-1187
-987
-780
-572
-369
-174
6
169
311
430
524
594
638
660
660
642
609
566
517
465
417
375
344
325
322
333
361
402
457
520
590
663
736
804
866
920
964
998
1022
1036
1040
1036
1022
998
962
914
852
775
681
571
444
302
148
-13
-180
-345
-504
-652
-783
-893
-979
-1037
-1068
-1071
-1048
-1001
-933
-850
-755
-654
-552
-452
-358
-275
-203
-146
-104
-78
-67
-72
-92
-125
-170
-223
-282
-344
-404
-458
-503
-535
-551
-549
-529
-491
-436
-368
-290
-208
-126
-50
15
65
95
103
87
46
-16
-99
-196
-303
-412
-516
-610
-686
-741
-769
-769
-738
-678
-587
-468
-321
-149
45
260
494
743
1003
1271
1543
1813
2074
2320
2544
2738
2894
3005
3066
3071
3017
2904
2733
2507
2230
1909
1553
1170
770
362
-43
-439
-816
-1168
-1488
-1772
-2015
-2213
-2362
-2460
-2506
-2498
-2436
-2323
-2162
-1957
-1716
-1444
-1152
-847
-540
-238
47
310
544
743
904
1024
1103
1143
1147
1121
1071
1003
924
841
759
683
615
554
501
453
407
358
303
239
164
76
-22
-132
-249
-371
-492
-608
-716
-811
-892
-956
-1003
-1032
-1043
-1039
-1021
-990
-948
-897
-838
-773
-703
-629
-552
-475
-398
-324
-254
-189
-132
-82
-41
-9
14
31
42
48
52
56
61
71
85
106
134
170
213
262
318
377
440
503
566
625
680
727
766
794
809
811
799
771
727
667
592
502
400
287
166
39
-88
-215
-338
-453
-559
-652
-731
-795
-841
-869
-876
-861
-823
-758
-665
-543
-392
-214
-10
213
450
692
929
1151
1346
1503
1615
1673
1673
1613
1495
1321
1099
836
542
229
-91
-407
-708
-982
-1221
-1419
-1571
-1675
-1731
-1741
-1711
-1646
-1553
-1439
-1311
-1176
-1040
-908
-783
-668
-565
-473
-391
-320
-256
-198
-143
-89
-33
24
87
154
225
299
373
445
511
569
616
650
667
668
651
618
569
507
434
353
268
181
97
18
-52
-114
-166
-206
-234
-253
-261
-263
-259
-250
-241
-230
-221
-213
-206
-200
-193
-182
-167
-142
-107
-58
4
83
178
287
408
537
669
799
920
1026
1109
1162
1180
1156
1086
967
798
580
317
12
-326
-692
-1075
-1466
-1852
-2222
-2564
-2865
-3111
-3292
-3395
-3410
-3330
-3150
-2869
-2488
-2015
-1459
-833
-155
555
1281
1999
2692
3339
3926
4438
4865
5199
5435
5571
5608
5549
5400
5169
4864
4497
4076
3613
3118
2600
2068
1530
995
469
-40
-528
-986
-1411
-1797
-2141
-2441
-2695
-2905
-3072
-3198
-3287
-3343
-3368
-3367
-3342
-3295
-3227
-3141
-3037
-2916
-2780
-2628
-2464
-2287
-2101
-1906
-1707
-1504
-1300
-1099
-901
-711
-529
-359
-202
-61
63
170
260
333
390
431
461
481
495
505
517
531
552
581
620
669
727
794
867
944
1020
1094
1161
1219
1266
1299
1318
1323
1313
1290
1254
1206
1148
1082
1008
929
844
755
663
569
473
375
278
181
87
-4
-92
-173
-248
-314
-370
-416
-452
-477
-490
-494
-488
-473
-451
-423
-389
-352
-312
-270
-227
-183
-138
-91
-44
5
58
115
176
240
309
380
452
523
589
648
694
724
735
722
684
617
521
397
247
74
-117
-321
-533
-745
-950
-1141
-1313
-1461
-1581
-1669
-1726
-1750
-1744
-1708
-1646
-1562
-1458
-1339
-1207
-1067
-920
-771
-620
-471
-323
-178
-37
99
233
362
488
609
726
838
942
1037
1121
1191
1244
1278
1288
1273
1230
1158
1056
924
764
578
370
146
-90
-332
-573
-806
-1023
-1219
-1386
-1519
-1613
-1662
-1663
-1614
-1515
-1366
-1168
-926
-646
-334
0
347
698
1041
1364
1659
1914
2123
2279
2377
2417
2398
2323
2197
2027
1821
1586
1332
1069
803
545
299
72
-131
-310
-461
-586
-684
-759
-814
-851
-875
-888
-894
-895
-893
-888
-881
-869
-853
-829
-798
-757
-705
-641
-567
-484
-393
-297
-201
-108
-23
50
108
148
168
168
147
109
55
-10
-83
-160
-235
-306
-369
-421
-462
-490
-506
-511
-506
-492
-472
-444
-410
-368
-317
-254
-177
-84
26
155
301
463
635
814
991
1160
1312
1440
1535
1591
1604
1568
1483
1351
1173
956
708
440
164
-108
-363
-589
-776
-918
-1011
-1053
-1050
-1007
-933
-841
-740
-645
-564
-507
-480
-485
-524
-591
-681
-786
-893
-993
-1072
-1120
-1127
-1083
-984
-827
-613
-346
-31
320
698
1089
1480
1856
2205
2513
2772
2972
3108
3177
3178
3111
2979
2787
2540
2244
1907
1538
1145
737
325
-80
-472
-840
-1177
-1476
-1733
-1944
-2109
-2228
-2303
-2337
-2334
-2299
-2235
-2148
-2043
-1923
-1792
-1654
-1512
-1369
-1225
-1083
-945
-810
-679
-552
-430
-312
-200
-93
6
99
182
253
312
356
384
394
388
364
325
272
208
137
62
-12
-81
-142
-190
-222
-237
-232
-207
-161
-96
-13
84
195
314
439
564
685
798
898
983
1048
1092
1111
1106
1078
1026
954
865
763
653
538
424
315
214
124
47
-16
-67
-106
-136
-159
-178
-196
-215
-238
-266
-301
-341
-388
-439
-494
-550
-606
-661
-713
-761
-804
-843
-877
-904
-926
-939
-942
-933
-909
-866
-803
-716
-604
-468
-309
-130
63
265
469
667
852
1015
1150
1253
1319
1346
1332
1280
1191
1069
917
742
549
345
137
-66
-260
-438
-593
-721
-819
-887
-925
-936
-923
-894
-852
-805
-758
-716
-681
-655
-637
-624
-613
-599
-575
-537
-479
-398
-290
-157
-1
175
364
560
753
935
1097
1232
1333
1397
1421
1406
1353
1268
1154
1019
868
708
544
381
224
74
-65
-194
-312
-417
-510
-590
-657
-708
-743
-761
-760
-739
-698
-636
-554
-453
-334
-201
-57
93
245
394
533
657
760
838
887
905
891
845
770
669
546
407
258
105
-44
-187
-316
-427
-518
-585
-628
-647
-642
-616
-570
-509
-434
-352
-264
-177
-92
-14
54
111
155
186
203
208
202
187
164
136
105
73
40
9
-19
-46
-69
-90
-107
-121
-131
-138
-141
-142
-139
-132
-122
-109
-92
-73
-53
-33
-14
0
10
11
2
-18
-49
-91
-141
-197
-253
-305
-348
-376
-387
-377
-345
-290
-214
-121
-14
99
215
328
432
523
598
655
694
716
725
722
711
695
678
660
643
626
606
581
548
503
443
365
268
152
17
-133
-297
-469
-646
-821
-990
-1147
-1287
-1406
-1500
-1566
-1602
-1607
-1579
-1521
-1433
-1319
-1181
-1024
-855
-677
-499
-326
-163
-16
110
216
299
360
401
425
437
442
445
452
467
492
530
580
641
710
782
851
913
961
991
999
984
943
879
792
686
563
429
287
142
-2
-144
-278
-403
-517
-619
-708
-783
-844
-891
-922
-938
-935
-912
-867
-797
-699
-573
-417
-232
-20
213
465
725
986
1236
1466
1666
1826
1939
2000
2006
1958
1859
1715
1532
1321
1089
848
604
367
140
-72
-268
-448
-613
-765
-906
-1038
-1163
-1281
-1393
-1496
-1589
-1670
-1734
-1778
-1800
-1795
-1762
-1700
-1607
-1484
-1333
-1157
-960
-746
-521
-291
-61
162
374
570
745
898
1025
1126
1201
1250
1275
1278
1261
1227
1178
1116
1043
960
869
772
669
562
452
342
234
130
35
-49
-119
-172
-204
-214
-201
-165
-109
-37
47
139
230
313
382
429
450
441
397
320
209
69
-95
-279
-473
-670
-861
-1037
-1190
-1313
-1399
-1446
-1449
-1409
-1326
-1205
-1050
-869
-668
-456
-241
-31
166
347
505
638
744
823
876
905
912
900
872
833
784
729
671
612
552
491
431
370
307
241
173
100
25
-52
-131
-209
-284
-353
-414
-464
-503
-530
-544
-546
-538
-521
-497
-470
-441
-411
-384
-361
-341
-324
-310
-297
-282
-264
-239
-204
-157
-94
-15
79
191
317
454
597
740
876
998
1099
1171
1209
1209
1167
1083
960
801
612
403
180
-44
-264
-469
-652
-809
-935
-1030
-1095
-1131
-1144
-1138
-1119
-1092
-1063
-1035
-1010
-991
-977
-967
-959
-950
-937
-914
-880
-831
-764
-678
-571
-443
-295
-128
55
252
460
674
888
1099
1301
1487
1654
1796
1908
1987
2030
2035
2000
1927
1816
1670
1492
1288
1063
823
573
320
70
-171
-401
-614
-807
-978
-1124
-1243
-1336
-1401
-1438
-1448
-1430
-1385
-1314
-1217
-1098
-957
-798
-624
-439
-247
-54
134
314
478
620
737
823
876
894
877
826
744
635
505
360
205
47
-108
-257
-395
-520
-629
-722
-798
-858
-901
