-710
-421
-100
245
605
966
1317
1646
1943
2197
2402
2553
2647
2682
2659
2582
2453
2278
2062
1812
1535
1237
926
609
294
-11
-302
-572
-814
-1024
-1197
-1330
-1421
-1469
-1475
-1441
-1369
-1266
-1135
-984
-819
-646
-471
-299
-133
21
163
292
404
501
581
643
689
717
728
721
697
655
597
525
440
344
241
135
28
-75
-173
-262
-341
-408
-463
-505
-535
-553
-559
-553
-537
-510
-472
-423
-363
-293
-213
-123
-27
74
178
282
381
472
551
616
663
691
699
687
657
610
549
479
401
322
244
170
104
47
0
-35
-62
-80
-93
-101
-107
-113
-122
-134
-150
-171
-198
-229
-263
-300
-337
-373
-406
-434
-456
-470
-475
-472
-459
-438
-410
-375
-335
-292
-248
-203
-159
-119
-83
-52
-27
-8
4
10
11
5
-5
-20
-40
-64
-92
-122
-156
-192
-230
-269
-309
-349
-387
-421
-451
-475
-491
-498
-495
-480
-454
-416
-367
-306
-237
-160
-78
6
90
170
243
306
357
394
417
426
421
405
379
347
312
276
243
214
190
172
160
153
149
146
144
141
135
125
112
96
77
56
35
15
-2
-18
-30
-40
-48
-54
-61
-68
-79
-94
-112
-136
-163
-192
-224
-256
-286
-314
-338
-359
-374
-386
-393
-397
-397
-395
-390
-381
-369
-352
-330
-301
-264
-219
-165
-103
-34
41
120
202
283
361
434
498
554
598
630
650
658
656
643
622
595
564
530
495
462
430
402
376
352
330
307
283
256
224
186
139
85
22
-49
-128
-213
-303
-393
-482
-567
-643
-708
-759
-793
-807
-802
-776
-730
-666
-586
-492
-389
-281
-171
-63
38
131
214
283
339
382
412
430
439
439
434
425
416
407
402
401
406
416
432
453
477
502
528
551
569
580
583
575
557
526
483
429
363
287
202
111
15
-82
-180
-276
-366
-450
-523
-585
-634
-668
-687
-690
-678
-652
-613
-563
-505
-442
-376
-310
-248
-191
-142
-101
-71
-50
-38
-35
-38
-46
-57
-69
-80
-89
-93
-91
-84
-69
-48
-21
12
51
94
140
188
236
283
328
368
403
432
452
462
461
449
425
388
340
280
211
134
50
-35
-124
-212
-298
-380
-459
-532
-602
-667
-728
-787
-842
-895
-945
-990
-1030
-1063
-1085
-1096
-1091
-1068
-1023
-955
-862
-743
-596
-425
-230
-15
213
451
690
925
1146
1346
1520
1661
1766
1832
1858
1844
1794
1710
1596
1457
1299
1128
949
767
588
418
259
117
-6
-110
-192
-254
-296
-321
-330
-327
-315
-297
-277
-258
-242
-231
-228
-233
-248
-271
-302
-340
-382
-426
-468
-507
-540
-564
-579
-582
-575
-556
-529
-492
-450
-404
-355
-307
-261
-218
-180
-148
-122
-102
-89
-81
-78
-80
-84
-90
-97
-104
-109
-113
-114
-111
-106
-96
-83
-67
-47
-24
1
29
58
89
121
154
188
222
257
293
329
365
400
436
470
502
532
557
578
592
599
598
589
570
542
505
461
410
354
295
234
172
112
55
1
-48
-94
-135
-172
-205
-234
-260
-282
-301
-317
-329
-337
-341
-340
-335
-326
-311
-293
-270
-244
-216
-185
-154
-123
-93
-64
-38
-14
5
21
34
42
47
48
45
39
31
21
11
0
-10
-20
-28
-34
-38
-41
-42
-43
-45
-49
-56
-66
-81
-102
-127
-157
-191
-228
-265
-302
-335
-364
-385
-396
-397
-386
-362
-327
-279
-222
-158
-88
-16
53
119
178
226
262
284
291
284
264
232
190
141
88
34
-18
-65
-106
-139
-163
-177
-184
-183
-177
-167
-155
-142
-132
-123
-118
-117
-118
-123
-129
-137
-144
-149
-151
-150
-144
-133
-117
-97
-71
-42
-10
23
58
94
129
163
195
225
251
274
294
309
321
328
331
331
326
319
308
296
282
266
251
235
220
206
193
180
167
155
142
128
113
96
77
56
33
7
-20
-49
-78
-107
-134
-158
-177
-191
-199
-199
-193
-181
-162
-139
-112
-83
-53
-25
0
20
36
45
47
43
33
17
-3
-27
-54
-81
-108
-133
-156
-174
-188
-198
-202
-201
-196
-186
-171
-154
-134
-113
-92
-71
-51
-33
-17
-3
7
17
25
33
41
50
60
71
84
98
114
131
149
167
185
202
217
231
241
248
251
249
242
229
211
187
158
125
89
51
11
-27
-65
-100
-132
-160
-183
-200
-210
-214
-210
-199
-181
-154
-121
-80
-34
17
73
132
193
253
310
363
409
446
472
485
482
464
430
379
314
237
148
53
-45
-145
-242
-332
-412
-479
-530
-565
-582
-581
-563
-528
-479
-419
-352
-279
-206
-135
-69
-12
34
69
93
105
107
100
86
68
47
27
9
-4
-14
-17
-16
-9
0
14
29
44
59
73
84
93
99
103
103
101
96
90
81
70
59
46
33
21
10
0
-8
-15
-21
-25
-30
-35
-41
-50
-62
-79
-100
-125
-154
-184
-216
-246
-273
-293
-305
-306
-295
-271
-233
-183
-121
-50
26
105
184
258
324
378
420
446
456
451
430
395
347
289
223
152
78
3
-68
-136
-197
-251
-295
-330
-352
-363
-362
-348
-321
-281
-230
-169
-98
-20
62
147
232
312
386
450
503
543
570
582
580
565
539
504
461
413
362
309
257
206
158
114
74
37
4
-25
-52
-76
-100
-122
-145
-167
-189
-212
-235
-257
-279
-300
-318
-334
-347
-356
-362
-362
-358
-349
-334
-316
-292
-265
-234
-201
-165
-129
-92
-56
-21
10
41
68
92
111
125
135
140
139
134
124
110
92
73
52
32
13
-2
-14
-20
-21
-15
-1
18
44
75
110
146
182
216
245
267
280
283
274
253
219
174
118
55
-13
-84
-155
-220
-278
-325
-360
-381
-388
-383
-365
-339
-306
-270
-232
-196
-164
-137
-116
-101
-93
-91
-96
-105
-119
-137
-158
-180
-204
-228
-253
-276
-297
-315
-331
-342
-349
-351
-348
-338
-322
-300
-270
-234
-191
-142
-85
-22
47
122
203
288
377
468
560
649
735
812
879
932
968
985
981
956
910
846
766
676
580
482
386
297
215
141
76
17
-36
-88
-140
-194
-252
-314
-379
-446
-514
-580
-643
-699
-746
-784
-810
-823
-825
-815
-794
-763
-723
-676
-622
-563
-500
-433
-363
-290
-216
-140
-65
9
83
155
222
286
343
394
436
470
494
507
511
505
490
467
437
403
365
326
287
250
216
185
159
138
122
112
106
105
107
113
121
130
141
151
161
170
177
182
185
185
184
181
176
171
165
158
152
145
138
130
122
112
100
87
71
53
32
7
-20
-52
-86
-124
-163
-203
-243
-280
-315
-344
-367
-381
-388
-385
-373
-353
-325
-291
-253
-212
-170
-130
-93
-61
-36
-17
-4
1
1
-2
-9
-17
-25
-31
-35
-36
-33
-26
-16
-2
14
32
52
72
92
112
130
146
160
171
179
182
181
176
165
149
128
102
71
36
-2
-42
-83
-122
-159
-190
-216
-234
-243
-243
-233
-215
-189
-155
-115
-72
-26
19
63
104
139
168
189
200
202
195
178
154
122
86
47
7
-30
-63
-91
-112
-126
-132
-132
-127
-118
-108
-98
-91
-88
-89
-96
-106
-120
-136
-151
-165
-175
-180
-180
-174
-164
-149
-132
-114
-96
-81
-67
-58
-52
-49
-49
-50
-52
-53
-52
-48
-40
-27
-8
16
45
80
120
162
206
250
294
335
371
403
427
445
454
455
448
432
408
378
341
299
253
204
153
102
51
2
-44
-89
-130
-168
-202
-231
-256
-277
-294
-307
-316
-322
-324
-324
-320
-314
-305
-294
-279
-261
-239
-213
-182
-147
-107
-62
-14
37
91
145
198
249
295
334
367
390
402
404
394
372
339
296
243
184
119
51
-16
-81
-142
-196
-241
-275
-297
-308
-306
-293
-270
-239
-202
-161
-119
-78
-40
-5
23
47
65
79
89
95
99
101
102
103
103
102
100
98
94
89
83
75
65
54
43
30
18
5
-5
-15
-24
-30
-34
-36
-36
-33
-30
-25
-20
-16
-14
-13
-15
-20
-28
-38
-51
-66
-81
-97
-112
-125
-136
-144
-148
-149
-145
-138
-128
-116
-102
-88
-75
-64
-58
-56
-61
-72
-91
-117
-151
-191
-237
-288
-341
-395
-448
-498
-543
-580
-607
-623
-625
-613
-586
-543
-484
-410
-320
-217
-102
24
160
304
453
604
757
907
1052
1189
1315
1428
1524
1600
1654
1682
1684
1657
1600
1513
1395
1249
1076
878
660
425
177
-75
-330
-581
-820
-1044
-1246
-1422
-1567
-1680
-1757
-1798
-1802
-1770
-1704
-1607
-1482
-1334
-1166
-985
-794
-599
-405
-215
-35
131
282
415
527
616
684
728
752
755
740
710
667
614
555
491
426
360
295
231
169
108
47
-13
-77
-143
-212
-284
-359
-434
-509
-581
-646
-701
-741
-764
-765
-742
-692
-614
-507
-373
-215
-36
159
364
574
780
976
1155
1311
1438
1533
1592
1615
1602
1556
1482
1383
1267
1139
1006
875
748
631
524
429
344
268
198
131
65
-2
-74
-153
-238
-329
-426
-526
-628
-727
-822
-909
-984
-1047
-1094
-1125
-1140
-1139
-1124
-1096
-1057
-1010
-957
-901
-842
-784
-726
-670
-615
-562
-509
-456
-402
-347
-291
-232
-172
-111
-48
13
74
134
190
243
291
335
373
407
436
460
480
496
509
519
526
531
534
535
534
530
525
516
504
489
471
448
421
391
356
318
277
233
188
141
94
48
2
-40
-81
-119
-154
-184
-211
-234
-253
-268
-280
-290
-296
-299
-300
-298
-293
-284
-273
-259
-241
-222
-200
-177
-152
-128
-103
-78
-54
-31
-8
12
32
51
69
85
98
109
117
122
122
118
109
95
75
50
20
-14
-52
-92
-134
-177
-217
-256
-290
-319
-342
-358
-367
-369
-363
-350
-331
-306
-277
-244
-210
-174
-139
-105
-73
-43
-16
8
31
53
73
94
115
137
159
183
206
229
252
272
288
301
309
311
306
294
275
248
215
175
130
81
28
-25
-78
-130
-177
-220
-255
-283
-302
-312
-313
-307
-294
-275
-252
-226
-199
-173
-147
-124
-102
-82
-63
-44
-24
-3
19
46
75
107
142
177
213
246
275
300
317
326
326
317
299
273
241
203
163
122
83
46
16
-7
-24
-33
-34
-28
-17
-1
16
34
52
67
78
84
85
81
72
58
42
23
4
-14
-30
-44
-53
-58
-58
-54
-45
-33
-18
0
18
37
56
74
92
109
124
137
149
159
167
173
177
177
174
167
157
142
124
101
74
44
10
-25
-64
-105
-146
-188
-229
-268
-304
-336
-363
-384
-398
-405
-405
-397
-383
-362
-335
-302
-266
-226
-184
-141
-97
-53
-10
31
70
108
143
176
206
234
258
280
298
313
325
332
336
336
332
323
311
294
273
249
222
192
160
128
95
63
32
4
-20
-41
-58
-71
-79
-82
-81
-76
-67
-56
-44
-29
-15
0
12
24
34
42
47
51
52
52
51
50
49
48
49
50
53
57
61
66
70
74
76
76
74
