-1
-28
-56
-85
-114
-144
-172
-200
-227
-252
-276
-299
-321
-341
-360
-377
-392
-405
-414
-421
-424
-423
-417
-407
-392
-374
-351
-324
-294
-262
-228
-192
-155
-118
-81
-44
-9
23
55
83
109
132
150
165
176
183
187
186
183
179
173
167
163
161
162
167
175
186
200
214
229
243
254
260
262
258
248
231
207
178
143
103
60
15
-31
-77
-120
-161
-195
-223
-243
-255
-256
-248
-231
-205
-172
-135
-94
-53
-14
20
47
65
74
71
56
31
-3
-46
-96
-150
-205
-260
-312
-360
-402
-437
-463
-480
-487
-484
-469
-443
-406
-357
-297
-227
-147
-60
32
128
225
319
407
487
555
610
650
673
679
668
641
601
548
488
422
354
287
225
169
121
84
55
37
26
22
22
25
28
28
25
18
5
-12
-35
-60
-87
-113
-136
-155
-167
-173
-171
-162
-148
-129
-109
-89
-70
-55
-45
-41
-42
-49
-60
-76
-93
-112
-129
-145
-158
-167
-171
-170
-164
-153
-138
-119
-96
-70
-43
-14
13
40
65
85
100
109
109
102
87
64
34
-1
-40
-82
-122
-159
-191
-216
-231
-237
-233
-217
-192
-158
-116
-69
-19
32
83
131
174
210
240
260
273
277
273
262
245
224
199
172
145
119
95
74
58
47
41
40
46
56
70
88
108
128
147
163
174
180
179
171
155
132
102
67
28
-12
-54
-96
-134
-169
-198
-220
-235
-242
-242
-234
-219
-199
-175
-148
-119
-91
-66
-45
-31
-23
-25
-37
-58
-88
-127
-172
-221
-271
-318
-359
-390
-407
-408
-392
-357
-304
-235
-152
-58
41
143
242
332
411
474
518
543
547
532
499
451
390
321
245
167
89
12
-61
-130
-194
-252
-304
-351
-391
-425
-453
-473
-484
-488
-483
-468
-444
-411
-370
-322
-267
-207
-145
-81
-19
39
93
142
185
222
253
278
300
320
338
355
371
387
401
412
419
420
412
395
367
328
279
220
153
80
5
-69
-141
-206
-262
-307
-339
-358
-363
-355
-335
-305
-265
-219
-169
-116
-62
-10
38
82
120
150
172
185
188
182
167
144
114
79
40
0
-41
-79
-113
-141
-161
-173
-175
-169
-153
-131
-103
-71
-38
-5
24
50
71
84
92
92
85
74
58
38
17
-4
-26
-46
-64
-79
-92
-102
-109
-114
-116
-117
-115
-112
-106
-99
-90
-79
-67
-52
-36
-18
1
21
43
65
87
108
129
148
165
181
195
207
217
226
233
239
243
246
248
249
250
249
248
248
248
248
250
253
256
259
261
261
258
251
238
219
194
161
122
77
28
-25
-81
-137
-192
-245
-295
-339
-378
-411
-437
-457
-470
-476
-477
-471
-460
-444
-422
-396
-365
-330
-291
-249
-203
-155
-105
-53
0
53
106
159
210
259
306
350
390
426
456
482
502
517
526
530
529
522
512
497
477
454
428
397
364
328
289
249
209
169
130
94
59
28
-1
-28
-54
-79
-106
-134
-164
-199
-237
-280
-326
-376
-427
-478
-527
-573
-613
-645
-669
-684
-689
-684
-671
-650
-623
-591
-558
-524
-491
-462
-436
-416
-401
-391
-385
-382
-380
-378
-373
-364
-349
-325
-291
-248
-193
-129
-56
25
114
207
303
399
495
586
671
748
815
870
911
937
947
941
918
881
829
765
690
607
518
426
332
238
147
60
-22
-99
-169
-233
-289
-336
-376
-406
-428
-440
-444
-438
-424
-402
-373
-338
-298
-255
-211
-167
-125
-87
-54
-29
-10
0
4
1
-7
-21
-38
-58
-79
-101
-122
-143
-161
-178
-192
-204
-211
-216
-216
-212
-203
-189
-171
-149
-122
-92
-60
-26
6
38
67
93
113
129
140
146
148
147
143
137
131
123
116
108
100
91
82
71
60
47
34
21
8
-2
-12
-19
-22
-21
-14
-2
14
36
61
88
116
142
164
180
189
190
183
168
147
121
94
68
47
33
29
36
56
87
129
180
236
293
350
401
444
476
495
501
492
469
434
387
332
270
203
133
63
-5
-72
-136
-197
-253
-306
-354
-397
-436
-471
-500
-525
-545
-561
-572
-578
-579
-577
-570
-559
-544
-525
-502
-474
-442
-406
-366
-320
-270
-215
-156
-92
-25
43
113
182
250
314
374
428
475
515
547
572
589
600
604
603
596
584
568
547
523
493
460
421
378
330
276
219
157
92
25
-41
-107
-171
-230
-283
-329
-367
-395
-413
-421
-418
-407
-386
-357
-323
-283
-241
-198
-156
-116
-81
-51
-27
-10
0
4
2
-3
-13
-25
-38
-51
-63
-73
-80
-85
-87
-87
-85
-81
-76
-70
-63
-56
-49
-41
-32
-24
-14
-4
5
16
27
38
47
55
59
59
55
46
31
12
-12
-40
-70
-101
-131
-157
-178
-193
-200
-198
-187
-167
-139
-103
-61
-13
38
92
147
201
253
301
345
384
416
442
461
472
476
473
461
443
417
385
348
306
261
214
167
121
79
40
7
-20
-41
-57
-68
-75
-80
-83
-88
-95
-106
-121
-140
-164
-190
-219
-248
-275
-299
-318
-330
-334
-331
-321
-304
-282
-256
-228
-200
-174
-151
-132
-118
-108
-103
-101
-103
-106
-110
-112
-112
-108
-99
-84
-62
-33
2
43
88
136
184
231
274
311
340
358
366
362
345
317
279
231
177
117
56
-3
-61
-114
-161
-200
-232
-256
-272
-283
-288
-290
-290
-288
-287
-286
-288
-291
-297
-304
-312
-319
-325
-328
-326
-318
-302
-276
-241
-195
-139
-73
0
80
164
248
331
407
475
531
572
597
605
596
570
528
474
409
337
261
185
111
41
-19
-73
-117
-151
-175
-190
-197
-196
-189
-176
-158
-136
-111
-83
-53
-23
7
36
64
88
108
122
131
133
129
118
101
78
51
21
-11
-44
-77
-107
-135
-158
-176
-190
-197
-198
-194
-184
-169
-149
-125
-98
-69
-39
-9
19
45
69
88
103
113
118
118
113
105
94
80
65
48
31
14
-2
-18
-34
-48
-62
-75
-86
-95
-102
-105
-105
-100
-91
-77
-58
-35
-8
21
54
88
122
155
187
215
240
261
278
289
294
294
288
277
261
240
215
186
155
121
87
52
19
-12
-41
-67
-90
-110
-126
-138
-148
-155
-160
-163
-164
-164
-163
-161
-157
-152
-145
-136
-125
-112
-97
-80
-61
-41
-21
0
20
39
57
74
89
104
117
129
141
152
163
173
183
191
197
201
201
197
189
176
158
134
104
69
30
-13
-59
-106
-153
-197
-237
-272
-298
-316
-325
-323
-310
-288
-258
-220
-178
-132
-87
-44
-7
22
43
53
52
40
18
-12
-49
-89
-131
-171
-207
-236
-258
-271
-275
-270
-256
-236
-209
-180
-148
-116
-86
-59
-37
-21
-11
-6
-8
-14
-25
-38
-53
-69
-84
-96
-105
-111
-112
-107
-98
-82
-61
-35
-3
31
69
109
148
184
217
243
263
274
277
271
257
237
211
183
152
122
95
72
55
44
39
42
52
66
85
107
131
153
175
193
207
217
222
222
218
210
199
187
173
160
149
141
136
135
138
145
154
165
175
183
186
184
173
154
125
86
37
-21
-87
-161
-239
-319
-399
-476
-548
-613
-669
-714
-747
-769
-779
-778
-766
-745
-716
-681
-640
-596
-548
-497
-444
-390
-334
-276
-217
-157
-97
-37
22
80
136
189
240
286
328
366
398
425
447
463
474
479
479
475
467
458
447
437
429
424
423
428
437
450
467
486
504
521
532
538
535
523
501
470
429
381
327
269
210
151
96
46
1
-36
-67
-92
-112
-128
-142
-156
-171
-190
-212
-239
-270
-305
-342
-379
-416
-449
-478
-500
-513
-519
-514
-501
-478
-448
-411
-368
-322
-273
-224
-176
-130
-89
-52
-21
2
21
34
41
45
45
43
41
40
41
44
51
61
76
94
115
139
165
192
219
246
271
293
312
328
338
343
343
338
328
312
294
272
248
223
198
174
152
132
115
100
87
76
65
55
43
29
12
-7
-32
-61
-94
-130
-170
-211
-253
-294
-333
-368
-399
-424
-442
-453
-455
-449
-435
-412
-383
-346
-305
-260
-212
-163
-116
-70
-27
11
44
73
98
117
132
144
152
159
164
169
173
177
181
186
189
192
194
194
192
188
182
173
163
152
139
124
110
94
79
62
46
29
11
-6
-25
-44
-64
-84
-104
-123
-141
-156
-170
-180
-187
-189
-187
-180
-169
-153
-132
-107
-79
-47
-14
21
56
92
127
159
188
213
233
247
254
254
248
235
216
193
166
138
109
81
57
35
19
8
3
2
7
15
25
36
46
54
57
56
49
35
15
-9
-40
-73
-109
-146
-182
-216
-248
-277
-302
-322
-339
-352
-362
-368
-370
-370
-366
-359
-348
-333
-314
-290
-262
-229
-191
-149
-103
-55
-5
44
93
139
183
222
255
282
301
313
316
311
298
276
247
211
170
123
74
24
-25
-71
-112
-147
-172
-187
-191
-183
-163
-131
-90
-41
13
72
133
192
247
296
338
370
392
403
403
392
373
344
309
269
224
178
131
85
42
2
-33
-64
-89
-108
-120
-126
-126
-119
-108
-93
-74
-55
-36
-18
-5
3
5
1
-10
-30
-57
-90
-129
-171
-216
-261
-306
-349
-389
-424
-454
-479
-498
-511
-518
-518
-511
-497
-476
-447
-411
-367
-316
-258
-194
-124
-49
27
106
185
262
336
404
465
517
560
593
615
626
626
615
593
562
523
476
422
364
302
238
173
109
46
-13
-69
-122
-169
-210
-246
-275
-297
-312
-320
-320
-312
-297
-275
-246
-211
-171
-128
-81
-33
15
62
106
147
183
214
237
253
261
261
253
238
216
189
158
124
90
56
26
0
-21
-35
-42
-41
-31
-14
9
38
71
106
140
172
198
219
231
236
232
221
203
180
155
129
104
83
66
53
47
44
46
51
56
61
64
64
59
48
32
10
-17
-50
-86
-124
-163
-201
-236
-268
-295
-317
-334
-345
-352
-356
-357
-358
-359
-362
-368
-378
-391
-408
-428
-449
-470
-489
-504
-514
-516
-510
-493
-467
-430
-383
-326
-261
-190
-114
-36
41
116
187
250
305
350
385
408
420
423
416
403
384
361
336
310
284
260
238
218
200
185
172
162
154
147
143
142
142
146
151
159
169
181
194
206
218
228
236
239
237
228
213
191
162
125
82
34
-17
-71
-125
-178
-228
-273
-312
-345
-370
-387
-398
-402
-399
-392
-379
-363
-343
-321
-297
-272
-246
-218
-191
-162
-134
-105
-76
-47
-18
9
37
65
90
114
135
154
168
180
187
190
189
185
177
166
153
138
122
106
89
72
55
40
26
12
0
-11
-21
-30
-38
-44
-48
-51
-51
-50
-46
-42
-35
-28
-20
-11
-2
6
16
26
37
48
59
72
85
98
112
126
139
152
163
172
179
183
183
179
