-190
-206
-216
-220
-218
-211
-199
-183
-164
-143
-120
-96
-74
-52
-33
-16
-1
9
19
26
31
34
35
36
35
34
31
28
23
17
10
1
-7
-18
-30
-43
-56
-71
-85
-100
-114
-127
-139
-148
-155
-160
-161
-160
-157
-150
-142
-132
-121
-108
-95
-81
-67
-53
-39
-26
-12
0
12
24
37
49
62
75
89
103
117
130
143
154
163
170
175
177
176
172
166
157
147
136
124
111
98
84
71
59
46
34
23
12
3
-5
-13
-20
-26
-31
-35
-38
-41
-44
-46
-47
-47
-47
-46
-43
-39
-34
-27
-19
-10
0
10
20
29
37
42
44
44
41
34
26
15
4
-8
-20
-31
-40
-48
-53
-56
-56
-54
-51
-47
-42
-39
-36
-36
-37
-42
-48
-57
-68
-80
-92
-104
-114
-121
-126
-127
-123
-116
-104
-88
-69
-48
-25
-1
20
42
60
76
88
97
101
102
101
96
91
84
77
71
65
60
57
55
55
56
58
61
65
70
76
84
92
102
113
124
137
149
162
174
184
193
200
203
203
200
193
183
170
154
137
118
99
80
62
46
30
16
4
-7
-18
-29
-39
-49
-60
-71
-81
-92
-103
-113
-122
-129
-135
-138
-138
-135
-128
-118
-104
-87
-68
-47
-24
-2
18
37
52
64
72
74
71
62
48
30
6
-20
-50
-81
-113
-145
-175
-203
-227
-247
-262
-273
-280
-282
-280
-276
-268
-258
-247
-236
-223
-211
-198
-185
-172
-159
-145
-130
-114
-97
-79
-61
-42
-23
-5
11
27
40
52
61
67
72
74
75
76
77
78
81
86
94
104
116
130
144
157
169
178
183
183
178
168
152
133
111
88
64
43
24
10
1
-1
2
11
26
46
69
93
118
141
162
178
188
193
191
184
170
152
130
105
78
50
23
-2
-26
-48
-66
-82
-94
-103
-108
-111
-112
-110
-106
-102
-96
-90
-84
-78
-73
-69
-65
-62
-60
-59
-59
-60
-62
-65
-68
-72
-76
-80
-84
-87
-90
-92
-92
-91
-89
-86
-82
-77
-72
-66
-60
-55
-50
-46
-43
-41
-40
-39
-37
-35
-33
-28
-22
-13
-2
11
27
44
63
82
100
117
131
143
151
156
156
154
148
139
129
118
107
98
90
86
85
88
94
103
115
127
140
150
159
163
164
160
152
140
125
107
88
69
50
32
16
3
-6
-13
-17
-18
-17
-14
-9
-4
1
6
10
12
13
12
8
2
-4
-14
-25
-38
-51
-66
-80
-93
-106
-116
-125
-130
-132
-132
-128
-121
-111
-100
-87
-74
-61
-49
-37
-27
-18
-11
-5
-1
1
2
2
1
0
-3
-6
-9
-13
-16
-18
-21
-23
-24
-25
-26
-27
-27
-27
-27
-26
-25
-23
-21
-18
-15
-11
-6
0
6
13
20
28
35
41
45
48
48
46
41
33
23
9
-5
-22
-40
-58
-76
-93
-108
-120
-130
-136
-139
-138
-134
-126
-116
-102
-88
-72
-55
-39
-24
-11
0
9
15
18
19
16
11
4
-3
-13
-22
-31
-39
-45
-49
-51
-51
-49
-46
-41
-37
-32
-27
-24
-21
-21
-21
-23
-27
-31
-35
-40
-43
-45
-46
-43
-38
-29
-17
-3
13
31
49
67
84
99
110
119
124
126
126
124
120
115
111
107
105
104
104
106
109
113
116
118
117
114
108
99
86
70
51
32
12
-7
-24
-38
-50
-57
-60
-59
-54
-47
-37
-26
-16
-6
1
7
10
9
6
0
-7
-17
-28
-38
-48
-56
-62
-67
-69
-70
-68
-64
-59
-52
-44
-36
-26
-17
-7
3
13
22
32
41
51
59
67
75
82
87
92
95
95
93
89
81
71
58
43
26
8
-10
-29
-47
-63
-78
-90
-100
-107
-112
-114
-115
-113
-110
-106
-101
-96
-90
-83
-76
-68
-59
-49
-37
-24
-8
7
25
43
60
77
93
106
117
124
127
127
123
115
105
93
80
67
55
46
39
35
35
38
44
52
63
74
86
97
106
113
118
120
119
115
109
100
90
78
66
54
42
32
23
15
9
5
1
-2
-5
-8
-12
-17
-23
-30
-37
-46
-55
-65
-76
-87
-98
-108
-118
-127
-134
-140
-143
-144
-143
-140
-134
-127
-118
-108
-98
-87
-76
-65
-55
-46
-37
-30
-23
-17
-12
-8
-6
-5
-4
-5
-7
-10
-14
-19
-25
-32
-40
-48
-57
-65
-73
-80
-86
-91
-92
-91
-88
-80
-69
-55
-37
-16
6
30
55
80
102
121
136
145
148
144
133
117
95
69
41
11
-17
-44
-68
-87
-101
-108
-109
-104
-92
-76
-54
-30
-3
23
50
76
98
118
133
144
151
153
150
144
134
121
106
90
74
57
42
28
16
7
0
-3
-4
-3
0
3
9
16
23
30
36
41
46
48
49
47
44
39
31
22
12
0
-11
-23
-35
-45
-55
-64
-71
-76
-81
-84
-86
-87
-87
-87
-87
-86
-85
-83
-81
-77
-72
-65
-57
-46
-34
-20
-5
9
24
39
52
63
72
78
81
80
77
70
60
48
33
17
0
-16
-32
-46
-59
-69
-75
-79
-79
-75
-69
-60
-50
-38
-25
-11
1
13
25
36
45
53
58
62
64
65
64
62
59
55
51
47
42
38
34
31
28
25
24
22
22
21
21
21
21
20
19
16
12
7
1
-6
-15
-24
-35
-46
-56
-66
-75
-82
-87
-91
-92
-90
-86
-78
-68
-55
-39
-21
-2
17
38
59
78
96
112
125
135
140
140
135
123
106
83
54
20
-17
-58
-101
-144
-185
-223
-256
-282
-300
-310
-311
-302
-284
-258
-224
-186
-144
-100
-57
-16
20
51
75
92
102
103
98
85
68
45
20
-7
-35
-63
-89
-111
-130
-143
-151
-153
-150
-140
-126
-107
-84
-59
-31
-3
25
52
78
101
122
139
153
163
169
171
170
167
161
154
145
136
127
118
110
102
96
90
84
80
76
72
69
66
63
60
57
55
53
50
48
46
44
41
38
34
30
26
21
15
9
3
-2
-8
-13
-18
-22
-26
-29
-32
-35
-38
-41
-45
-48
-50
-53
-54
-55
-55
-54
-51
-48
-44
-40
-35
-29
-24
-18
-13
-8
-3
0
4
8
12
15
19
24
29
35
42
49
56
63
69
74
77
79
79
77
74
69
64
59
53
48
44
40
37
35
33
31
30
29
29
28
27
25
24
22
20
19
17
17
16
17
18
21
25
30
35
41
48
53
59
63
66
68
68
68
65
62
57
50
42
33
22
10
-3
-18
-34
-52
-71
-89
-107
-125
-140
-152
-160
-165
-165
-160
-151
-139
-124
-106
-88
-69
-51
-35
-21
-8
1
10
17
24
30
38
46
56
68
82
98
115
132
149
165
177
187
191
189
181
166
144
116
82
43
2
-41
-85
-128
-169
-205
-236
-260
-278
-289
-292
-288
-278
-263
-244
-222
-198
-174
-151
-130
-112
-97
-86
-79
-74
-73
-73
-76
-79
-82
-86
-88
-90
-90
-89
-87
-83
-77
-71
-63
-55
-46
-36
-26
-16
-5
5
16
28
40
52
64
76
88
100
112
123
133
143
152
159
164
168
170
171
170
169
167
165
163
161
160
159
159
158
158
156
154
151
146
139
131
121
109
95
80
63
45
27
9
-7
-23
-36
-46
-53
-55
-54
-48
-40
-28
-15
-2
10
21
29
33
32
25
12
-5
-29
-57
-87
-120
-153
-184
-213
-236
-254
-265
-268
-263
-251
-232
-207
-177
-143
-108
-73
-39
-7
20
45
64
79
89
94
95
92
86
77
66
54
42
30
20
11
5
2
2
6
12
21
32
44
58
72
86
99
110
119
126
131
133
132
129
123
116
106
95
83
70
57
44
31
20
9
0
-8
-14
-20
-25
-29
-34
-39
-44
-50
-57
-64
-72
-80
-87
-94
-99
-103
-106
-106
-105
-102
-97
-93
-88
-84
-81
-80
-80
-83
-86
-91
-97
-101
-104
-105
-103
-96
-85
-70
-50
-25
2
32
64
96
126
154
177
196
209
216
216
211
200
185
167
148
128
108
91
75
63
53
46
41
37
34
30
25
17
7
-4
-20
-38
-59
-80
-103
-124
-144
-162
-175
-185
-190
-191
-187
-178
-167
-152
-136
-118
-101
-83
-66
-51
-37
-25
-15
-7
-1
3
6
8
9
9
9
9
10
10
12
13
16
19
22
25
29
32
35
38
41
43
44
45
46
45
45
44
44
44
44
46
48
52
56
62
68
74
80
85
90
94
96
96
95
91
86
79
70
59
48
35
22
9
-2
-14
-24
-33
-40
-45
-48
-49
-49
-47
-43
-39
-33
-27
-20
-13
-5
1
8
15
21
27
32
36
39
41
41
40
38
33
28
20
12
3
-5
-14
-23
-31
-38
-44
-48
-52
-55
-57
-59
-61
-63
-65
-68
-71
-74
-77
-80
-81
-80
-78
-73
-65
-55
-42
-28
-12
4
20
35
48
59
66
70
71
68
63
55
45
33
20
7
-6
-20
-32
-44
-53
-61
-67
-70
-71
-70
-67
-63
-57
-50
-42
-33
-24
-14
-5
4
14
24
32
40
45
49
50
48
44
37
27
15
2
-11
-26
-40
-53
-64
-73
-79
-83
-83
-80
-75
-66
-56
-44
-31
-17
-4
7
18
27
34
39
41
40
37
32
24
15
6
-4
-13
-22
-28
-32
-33
-30
-24
-14
-1
15
34
55
77
100
122
142
159
173
182
186
186
180
170
156
139
120
100
80
62
45
30
18
9
2
-1
-3
-3
-3
-2
-1
-2
-4
-7
-12
-19
-28
-38
-49
-61
-73
-84
-95
-104
-112
-118
-122
-123
-123
-120
-115
-108
-100
-89
-76
-63
-48
-32
-17
-1
14
29
43
55
66
75
82
86
88
88
85
81
75
67
58
48
38
29
20
12
5
0
-4
-6
-8
-8
-6
-4
0
4
9
14
19
23
26
28
28
25
21
15
6
-3
-14
-26
-39
-51
-63
-73
-82
-87
-90
-90
-86
-80
-71
-60
-48
-36
-25
-16
-8
-3
-1
-1
-3
-6
-10
-14
-16
-17
-16
-13
-6
2
13
27
41
56
71
84
96
105
111
113
112
107
99
88
75
60
44
27
10
-6
-22
-36
-49
-60
-70
-77
-82
-85
-85
-83
-79
-73
-65
-55
-45
-34
-24
-14
-6
0
3
5
5
2
-2
-8
-14
-21
-28
-33
-36
-38
-38
-35
-30
-24
-16
-6
2
12
21
29
35
38
37
33
25
13
-2
-21
-42
-65
-89
-112
-133
-151
-165
-175
-179
-177
-169
-156
-137
-113
-84
-52
-17
18
56
95
132
168
202
233
260
284
302
316
324
326
322
313
297
277
251
221
188
152
115
76
38
1
-33
-66
-96
-123
-147
-168
-186
-201
-213
-223
