387
404
410
408
402
394
388
386
390
401
418
441
469
500
532
562
588
608
619
621
612
592
562
523
475
422
366
310
256
207
166
133
111
99
98
105
120
142
167
195
224
252
279
306
330
354
377
400
423
444
464
482
496
504
506
500
485
461
427
384
332
272
205
132
55
-24
-105
-187
-268
-346
-420
-490
-552
-606
-652
-687
-710
-720
-717
-701
-671
-629
-575
-512
-441
-367
-292
-219
-151
-92
-43
-6
19
34
40
38
32
22
11
0
-8
-17
-25
-33
-42
-52
-66
-82
-101
-122
-145
-168
-191
-214
-235
-256
-274
-292
-309
-326
-343
-361
-379
-397
-415
-432
-447
-458
-466
-467
-461
-447
-423
-388
-342
-285
-217
-139
-52
40
137
234
329
418
498
564
615
648
661
653
624
575
506
422
323
213
97
-23
-144
-261
-372
-474
-562
-634
-688
-721
-730
-712
-667
-593
-490
-358
-200
-19
179
390
607
821
1023
1207
1364
1487
1573
1616
1617
1575
1493
1375
1227
1055
866
667
465
266
76
-102
-264
-409
-536
-644
-735
-810
-872
-921
-959
-989
-1010
-1023
-1029
-1026
-1013
-990
-955
-906
-843
-765
-672
-563
-439
-302
-153
3
167
333
498
658
807
940
1053
1142
1201
1229
1222
1181
1108
1003
873
721
553
375
193
11
-165
-333
-490
-634
-763
-876
-971
-1049
-1108
-1149
-1170
-1174
-1160
-1131
-1086
-1029
-960
-881
-793
-697
-592
-478
-354
-218
-71
88
263
451
652
864
1084
1308
1529
1742
1938
2110
2249
2349
2402
2405
2356
2255
2105
1910
1679
1419
1141
855
571
297
41
-190
-394
-568
-713
-829
-917
-983
-1027
-1054
-1067
-1069
-1061
-1046
-1026
-1000
-969
-934
-895
-852
-805
-753
-698
-640
-579
-518
-456
-397
-340
-288
-241
-202
-170
-146
-131
-124
-124
-131
-143
-158
-176
-195
-214
-231
-246
-257
-265
-268
-266
-258
-246
-227
-203
-173
-137
-95
-47
4
61
121
183
246
308
367
422
471
512
544
566
577
576
562
536
498
447
383
308
222
126
22
-87
-202
-318
-433
-543
-646
-737
-816
-878
-922
-948
-955
-945
-919
-880
-830
-773
-712
-649
-586
-524
-464
-404
-343
-279
-210
-133
-48
45
149
261
377
495
611
719
815
894
954
990
1003
991
957
902
830
744
648
548
445
343
245
153
66
-15
-91
-164
-233
-300
-365
-426
-482
-529
-566
-589
-594
-579
-543
-484
-403
-302
-184
-53
87
233
377
517
646
761
857
932
983
1009
1008
981
928
852
754
638
506
361
208
49
-111
-271
-426
-575
-713
-840
-952
-1049
-1129
-1191
-1235
-1260
-1268
-1258
-1232
-1190
-1133
-1065
-985
-896
-801
-701
-599
-497
-397
-301
-211
-128
-53
13
73
124
170
210
247
282
317
353
393
436
484
536
593
654
718
783
848
911
971
1024
1070
1107
1132
1145
1145
1130
1100
1056
997
925
842
748
647
541
433
325
221
121
30
-51
-122
-182
-230
-266
-291
-308
-316
-319
-318
-315
-314
-314
-319
-328
-342
-360
-383
-409
-437
-467
-498
-529
-560
-590
-621
-652
-682
-713
-742
-769
-792
-808
-814
-809
-788
-751
-694
-617
-521
-406
-274
-130
21
177
331
477
611
726
819
887
929
944
934
899
844
772
686
590
490
387
286
188
96
11
-65
-136
-199
-257
-308
-355
-398
-436
-470
-498
-519
-534
-541
-540
-532
-517
-496
-471
-444
-415
-385
-354
-322
-287
-249
-204
-151
-87
-10
80
185
304
435
575
719
861
996
1117
1217
1291
1336
1349
1330
1280
1203
1104
987
861
730
599
473
356
248
150
62
-16
-89
-157
-221
-283
-344
-402
-459
-512
-561
-605
-642
-674
-700
-722
-739
-755
-771
-787
-805
-826
-848
-870
-889
-904
-911
-908
-891
-858
-809
-743
-662
-565
-457
-340
-217
-93
30
149
263
369
467
557
639
713
781
843
898
947
990
1024
1049
1063
1065
1053
1027
984
926
853
764
663
552
432
308
183
59
-60
-172
-276
-369
-451
-522
-580
-627
-663
-689
-705
-711
-708
-696
-674
-641
-597
-541
-472
-389
-293
-184
-63
67
204
344
481
610
724
818
886
922
924
887
813
702
557
384
188
-22
-239
-455
-663
-855
-1025
-1171
-1288
-1375
-1433
-1464
-1469
-1454
-1421
-1376
-1324
-1268
-1214
-1164
-1121
-1085
-1057
-1035
-1018
-1001
-982
-955
-916
-860
-784
-683
-554
-398
-212
1
239
498
772
1054
1337
1613
1874
2113
2323
2498
2636
2734
2790
2806
2782
2722
2628
2504
2353
2178
1984
1774
1551
1320
1084
848
613
384
162
-49
-251
-443
-623
-793
-951
-1098
-1232
-1353
-1459
-1548
-1620
-1673
-1706
-1720
-1715
-1692
-1653
-1601
-1540
-1473
-1403
-1333
-1267
-1206
-1151
-1103
-1061
-1022
-985
-946
-902
-850
-788
-714
-628
-531
-424
-309
-189
-68
50
165
272
371
461
542
613
678
736
790
841
891
939
987
1034
1080
1124
1165
1203
1236
1264
1286
1302
1312
1315
1311
1298
1277
1246
1204
1150
1082
1001
904
793
669
533
388
238
87
-61
-201
-330
-444
-539
-615
-670
-705
-721
-720
-705
-679
-645
-605
-563
-521
-481
-446
-416
-392
-375
-366
-363
-367
-378
-395
-418
-447
-482
-525
-576
-637
-709
-794
-895
-1013
-1148
-1302
-1475
-1663
-1865
-2076
-2290
-2500
-2700
-2879
-3029
-3141
-3204
-3210
-3150
-3017
-2806
-2514
-2138
-1680
-1146
-542
121
831
1572
2327
3077
3802
4484
5103
5642
6087
6425
6649
6755
6741
6611
6373
6037
5617
5127
4582
4000
3395
2781
2171
1576
1003
459
-50
-524
-959
-1356
-1715
-2036
-2323
-2575
-2796
-2988
-3151
-3289
-3402
-3491
-3558
-3601
-3623
-3622
-3598
-3553
-3485
-3395
-3284
-3152
-3001
-2830
-2643
-2440
-2225
-1999
-1765
-1527
-1287
-1049
-814
-585
-364
-154
43
229
400
556
696
820
928
1020
1095
1156
1201
1234
1254
1263
1265
1260
1251
1240
1230
1222
1218
1220
1228
1243
1264
1292
1325
1361
1400
1439
1476
1510
1539
1561
1574
1576
1566
1543
1505
1451
1381
1295
1192
1074
942
797
641
478
311
141
-26
-189
-346
-495
-633
-759
-875
-978
-1069
-1150
-1219
-1278
-1326
-1365
-1395
-1416
-1430
-1436
-1436
-1432
-1424
-1414
-1404
-1397
-1392
-1392
-1398
-1409
-1425
-1444
-1464
-1482
-1495
-1497
-1486
-1456
-1406
-1331
-1231
-1106
-954
-778
-580
-363
-129
118
376
640
907
1173
1433
1681
1912
2119
2295
2433
2526
2569
2558
2493
2373
2203
1991
1745
1477
1199
923
662
425
223
62
-54
-123
-147
-129
-75
6
107
217
323
416
484
519
513
462
362
216
26
-199
-454
-727
-1006
-1279
-1535
-1762
-1952
-2099
-2196
-2243
-2238
-2185
-2088
-1952
-1784
-1592
-1383
-1165
-945
-729
-523
-331
-155
0
135
250
345
421
479
522
552
570
580
584
584
582
580
581
584
592
605
622
645
671
700
730
759
787
809
825
831
827
811
781
737
679
608
526
433
333
228
122
18
-79
-169
-247
-311
-359
-390
-402
-397
-375
-338
-288
-227
-159
-86
-12
59
128
191
245
290
326
350
365
369
365
351
331
304
272
236
197
155
113
71
30
-9
-48
-86
-122
-159
-197
-238
-282
-332
-388
-451
-521
-598
-681
-767
-855
-942
-1024
-1099
-1162
-1211
-1243
-1254
-1245
-1213
-1161
-1087
-996
-888
-767
-636
-496
-350
-200
-46
110
268
428
588
745
900
1047
1185
1309
1417
1505
1570
1610
1623
1610
1572
1509
1426
1325
1211
1086
954
817
678
536
392
246
96
-56
-212
-369
-525
-677
-820
-950
-1062
-1150
-1211
-1242
-1242
-1210
-1148
-1059
-948
-818
-677
-530
-383
-241
-109
7
108
191
254
298
323
332
326
307
277
238
192
141
87
31
-23
-76
-124
-166
-198
-220
-229
-223
-200
-160
-104
-31
55
154
261
372
484
591
689
775
844
893
922
929
914
879
826
759
681
596
507
420
335
256
184
120
65
17
-23
-57
-88
-114
-139
-163
-187
-212
-239
-269
-303
-341
-382
-428
-476
-528
-581
-634
-686
-734
-776
-810
-833
-844
-841
-823
-788
-738
-673
-594
-503
-403
-297
-189
-80
24
124
215
295
362
416
454
478
486
480
459
428
386
337
284
230
177
129
88
54
30
14
5
3
5
7
8
4
-6
-25
-54
-92
-138
-190
-247
-305
-360
-409
-449
-476
-488
-482
-458
-415
-354
-276
-184
-80
30
146
264
379
488
590
681
760
824
872
901
911
899
865
809
729
627
505
366
211
46
-125
-297
-466
-626
-772
-899
-1005
-1086
-1141
-1170
-1173
-1152
-1111
-1051
-977
-893
-802
-706
-608
-508
-409
-309
-209
-107
-4
100
205
312
417
519
616
705
782
847
895
926
940
937
918
884
840
786
727
665
600
536
474
413
354
298
245
195
147
103
63
26
-8
-41
-74
-108
-148
-195
-252
-324
-411
-516
-640
-780
-934
-1098
-1266
-1430
-1584
-1718
-1823
-1894
-1921
-1901
-1829
-1704
-1526
-1297
-1021
-706
-358
13
398
786
1166
1529
1864
2163
2420
2628
2782
2881
2923
2908
2838
2715
2545
2333
2085
1807
1509
1197
880
566
262
-23
-285
-517
-716
-877
-1000
-1085
-1132
-1145
-1127
-1082
-1016
-934
-841
-742
-640
-541
-445
-356
-274
-200
-135
-78
-29
12
49
82
112
142
170
199
228
257
283
305
320
324
316
291
249
187
106
7
-107
-235
-370
-508
-643
-768
-878
-969
-1036
-1076
-1088
-1071
-1026
-955
-862
-750
-625
-489
-349
-208
-69
62
187
301
403
493
570
633
681
714
731
731
715
681
629
560
475
375
262
139
11
-118
-246
-367
-477
-572
-650
-707
-743
-757
-750
-724
-680
-622
-551
-472
-386
-295
-203
-110
-18
70
156
236
311
379
437
484
520
541
547
536
510
468
412
343
266
185
102
24
-46
-104
-147
-172
-178
-164
-132
-82
-19
54
136
220
302
380
448
503
542
563
562
538
490
418
320
199
58
-102
-276
-459
-646
-830
-1007
-1169
-1312
-1432
-1525
-1588
-1621
-1622
-1591
-1530
-1441
-1324
-1184
-1023
-844
-652
-452
-248
-48
142
315
465
582
662
698
688
630
526
379
198
-9
-232
-457
-672
-864
-1021
-1133
-1192
-1191
-1127
-998
-806
-555
-250
100
489
903
1332
1763
2184
2582
2943
3258
3514
3704
3819
3856
3811
3686
3484
3210
2874
2487
2060
1606
1140
673
219
-214
-617
-985
-1313
-1600
-1846
-2053
-2221
-2356
-2459
-2534
-2583
-2607
-2610
-2590
-2549
-2487
-2403
-2298
-2173
-2029
-1869
-1694
-1507
-1311
-1111
-909
-709
-513
-324
-145
23
180
323
452
566
664
745
809
855
883
892
882
854
807
743
664
571
468
359
247
137
35
-55
-129
-181
-208
-205
-170
-101
1
140
312
517
750
1008
1286
1577
1875
2172
2458
2725
2964
3166
3324
3428
3474
3456
3371
3217
2995
2708
2362
1964
1526
1058
576
91
-379
-824
-1233
-1594
-1902
-2154
-2347
-2485
-2571
-2611
-2612
-2583
-2531
-2465
-2390
-2312
-2235
-2162
-2094
-2032
-1973
-1917
-1861
-1803
-1742
-1674
-1601
-1521
-1436
-1345
-1251
-1154
-1058
-962
-868
-776
-687
-600
-514
-426
-336
-242
-141
-33
83
209
343
485
633
786
940
1093
1241
1380
1508
1620
1712
1780
1823
1836
1818
1768
1686
1571
1426
1255
1061
850
627
399
172
-47
-253
-440
-605
-744
-856
-939
