-431
-465
-502
-539
-571
-597
-611
-612
-598
-568
-523
-464
-394
-317
-237
-158
-85
-21
29
67
89
97
93
79
58
36
14
-2
-11
-12
-3
13
37
66
96
124
147
162
167
159
137
103
57
0
-65
-136
-211
-285
-356
-422
-482
-534
-578
-615
-647
-676
-705
-738
-778
-828
-892
-970
-1063
-1172
-1295
-1429
-1570
-1714
-1853
-1984
-2098
-2190
-2254
-2286
-2280
-2235
-2149
-2021
-1852
-1646
-1406
-1136
-844
-534
-213
111
433
746
1046
1326
1582
1812
2012
2180
2316
2419
2490
2528
2537
2519
2475
2409
2324
2223
2110
1987
1857
1721
1582
1440
1297
1154
1010
867
724
583
444
307
174
46
-76
-191
-297
-392
-473
-540
-591
-623
-636
-630
-606
-566
-512
-447
-374
-295
-214
-133
-54
21
92
157
216
267
309
341
359
362
346
309
249
164
55
-76
-228
-396
-575
-759
-941
-1114
-1273
-1411
-1523
-1607
-1659
-1677
-1661
-1612
-1531
-1418
-1278
-1113
-927
-723
-504
-274
-37
204
447
687
923
1150
1364
1559
1732
1878
1991
2069
2110
2114
2083
2023
1939
1841
1738
1637
1548
1475
1423
1391
1376
1372
1371
1362
1332
1271
1169
1018
813
552
239
-118
-510
-923
-1342
-1749
-2129
-2466
-2750
-2971
-3124
-3209
-3227
-3185
-3091
-2954
-2784
-2590
-2379
-2155
-1922
-1678
-1421
-1147
-851
-528
-176
206
616
1050
1497
1946
2384
2794
3163
3476
3719
3885
3967
3962
3871
3698
3452
3143
2782
2385
1966
1541
1125
734
380
75
-173
-358
-478
-533
-526
-466
-362
-226
-71
86
232
352
433
465
438
349
195
-22
-299
-628
-999
-1400
-1816
-2234
-2637
-3013
-3347
-3627
-3845
-3993
-4067
-4065
-3989
-3841
-3628
-3357
-3037
-2676
-2286
-1876
-1457
-1038
-628
-234
134
474
779
1048
1276
1464
1613
1723
1799
1842
1859
1852
1828
1790
1744
1693
1641
1591
1544
1503
1466
1435
1408
1384
1361
1336
1308
1271
1225
1166
1092
1001
892
765
621
461
287
101
-92
-289
-487
-680
-863
-1033
-1185
-1314
-1418
-1495
-1541
-1558
-1546
-1506
-1441
-1355
-1251
-1135
-1011
-883
-756
-632
-515
-407
-307
-218
-139
-68
-7
46
92
131
164
189
207
219
224
224
220
214
207
203
203
210
225
248
278
315
355
394
428
451
461
451
420
367
291
195
83
-39
-167
-293
-411
-513
-596
-654
-686
-691
-670
-625
-560
-478
-384
-283
-178
-72
30
129
223
309
388
459
520
570
605
622
618
589
530
437
309
143
-61
-303
-580
-888
-1222
-1576
-1942
-2312
-2676
-3024
-3346
-3630
-3866
-4042
-4149
-4177
-4118
-3965
-3716
-3366
-2918
-2373
-1740
-1027
-249
579
1438
2306
3162
3982
4745
5433
6027
6517
6893
7153
7295
7324
7248
7075
6817
6486
6094
5653
5174
4668
4144
3610
3073
2536
2003
1477
958
450
-46
-530
-997
-1444
-1865
-2256
-2613
-2930
-3203
-3431
-3613
-3748
-3839
-3889
-3903
-3887
-3846
-3785
-3711
-3627
-3535
-3438
-3335
-3226
-3108
-2979
-2835
-2675
-2495
-2295
-2072
-1829
-1565
-1284
-990
-686
-377
-71
228
514
781
1025
1240
1424
1573
1686
1763
1806
1815
1795
1748
1680
1595
1498
1395
1290
1189
1097
1016
950
900
868
852
852
864
885
911
938
962
979
984
977
953
913
855
779
687
579
457
324
181
31
-121
-274
-426
-572
-710
-837
-951
-1050
-1132
-1195
-1240
-1267
-1275
-1267
-1243
-1206
-1157
-1101
-1038
-971
-903
-834
-765
-697
-630
-562
-491
-416
-334
-242
-137
-17
117
269
436
615
804
996
1185
1364
1523
1654
1751
1804
1811
1766
1668
1520
1326
1091
824
534
233
-68
-361
-637
-889
-1112
-1305
-1469
-1605
-1718
-1813
-1897
-1973
-2048
-2122
-2197
-2272
-2342
-2404
-2451
-2474
-2467
-2421
-2330
-2189
-1993
-1741
-1434
-1076
-671
-230
238
721
1205
1677
2123
2531
2887
3184
3412
3569
3649
3655
3587
3451
3252
2999
2701
2368
2009
1634
1254
876
509
159
-166
-466
-734
-967
-1164
-1323
-1443
-1523
-1564
-1566
-1533
-1466
-1369
-1247
-1105
-949
-786
-623
-468
-326
-205
-110
-45
-11
-10
-41
-99
-180
-279
-387
-500
-609
-708
-793
-860
-905
-927
-926
-902
-857
-794
-715
-624
-524
-419
-312
-207
-105
-10
76
154
221
278
326
365
398
428
458
493
538
595
670
764
878
1013
1167
1335
1512
1692
1867
2031
2176
2295
2384
2438
2455
2435
2377
2286
2164
2014
1842
1652
1448
1233
1011
783
549
311
68
-179
-433
-691
-954
-1218
-1481
-1738
-1986
-2219
-2430
-2616
-2771
-2891
-2974
-3020
-3030
-3006
-2953
-2875
-2778
-2668
-2551
-2431
-2312
-2197
-2086
-1979
-1876
-1773
-1668
-1557
-1438
-1307
-1163
-1003
-826
-634
-425
-201
36
288
550
822
1101
1386
1672
1957
2237
2508
2765
3002
3215
3398
3546
3655
3720
3740
3713
3638
3515
3348
3140
2895
2617
2314
1991
1656
1316
977
646
331
36
-231
-470
-678
-852
-994
-1105
-1189
-1250
-1293
-1325
-1351
-1377
-1407
-1447
-1499
-1563
-1641
-1729
-1825
-1924
-2020
-2106
-2177
-2224
-2243
-2227
-2173
-2077
-1938
-1756
-1533
-1272
-980
-663
-329
10
347
669
966
1228
1446
1614
1725
1776
1766
1697
1573
1400
1186
942
678
407
140
-110
-336
-529
-682
-794
-862
-889
-879
-838
-771
-686
-591
-491
-393
-301
-217
-145
-84
-32
10
47
81
114
148
184
223
262
299
332
355
365
357
328
276
199
98
-24
-164
-316
-473
-628
-774
-904
-1013
-1095
-1149
-1174
-1171
-1142
-1091
-1022
-941
-850
-755
-659
-564
-471
-383
-299
-219
-141
-65
10
86
165
248
336
430
533
645
769
905
1056
1222
1403
1600
1810
2028
2250
2468
2673
2856
3006
3112
3165
3157
3081
2936
2720
2437
2094
1699
1265
807
339
-122
-563
-968
-1327
-1631
-1874
-2053
-2171
-2230
-2238
-2202
-2133
-2042
-1939
-1834
-1736
-1654
-1593
-1556
-1547
-1564
-1606
-1668
-1744
-1829
-1916
-1997
-2067
-2121
-2155
-2167
-2157
-2126
-2076
-2012
-1936
-1851
-1762
-1669
-1572
-1470
-1359
-1235
-1093
-925
-726
-492
-218
97
454
850
1280
1738
2216
2706
3196
3677
4138
4569
4962
5306
5595
5821
5978
6064
6074
6008
5866
5650
5364
5012
4601
4138
3630
3084
2509
1913
1302
685
69
-539
-1133
-1707
-2253
-2766
-3238
-3665
-4041
-4362
-4626
-4829
-4971
-5052
-5073
-5035
-4943
-4800
-4610
-4379
-4112
-3817
-3498
-3164
-2821
-2474
-2130
-1791
-1463
-1146
-844
-554
-278
-11
246
500
754
1010
1271
1539
1815
2096
2379
2657
2923
3168
3382
3556
3681
3752
3764
3716
3610
3449
3242
2995
2719
2424
2120
1818
1525
1248
993
760
549
358
182
15
-149
-319
-498
-692
-902
-1129
-1368
-1617
-1869
-2115
-2348
-2559
-2741
-2887
-2992
-3053
-3067
-3035
-2959
-2842
-2688
-2502
-2291
-2062
-1821
-1576
-1334
-1101
-885
-691
-523
-384
-277
-201
-155
-136
-140
-160
-191
-226
-256
-276
-277
-254
-204
-121
-5
143
322
527
751
988
1229
1465
1687
1886
2055
2187
2279
2326
2328
2285
2201
2079
1925
1744
1543
1328
1107
885
667
458
260
77
-90
-242
-379
-502
-612
-711
-798
-875
-940
-995
-1036
-1063
-1074
-1067
-1043
-1000
-940
-866
-781
-690
-598
-510
-432
-370
-328
-309
-315
-345
-398
-471
-557
-653
-749
-841
-921
-984
-1025
-1041
-1032
-996
-937
-857
-762
-657
-546
-436
-330
-234
-149
-77
-19
27
63
91
114
135
157
182
212
248
291
341
397
458
525
594
667
742
819
898
980
1064
1151
1241
1330
1418
1498
1567
1617
1641
1634
1589
1502
1372
1199
987
743
476
197
-81
-350
-596
-810
-985
-1116
-1200
-1239
-1235
-1193
-1119
-1021
-908
-786
-664
-548
-443
-353
-280
-226
-189
-168
-161
-165
-177
-194
-213
-232
-249
-263
-274
-281
-284
-283
-280
-274
-267
-257
-246
-232
-216
-197
-174
-147
-117
-83
-45
-6
34
74
113
148
178
202
219
229
231
227
218
207
196
188
185
192
210
240
284
342
411
491
578
668
757
840
913
971
1011
1029
1025
996
943
867
771
657
528
388
239
85
-70
-226
-380
-530
-675
-815
-947
-1072
-1188
-1294
-1388
-1470
-1537
-1586
-1616
-1624
-1607
-1564
-1493
-1393
-1265
-1109
-929
-726
-506
-273
-32
211
452
687
911
1122
1318
1499
1666
1820
1963
2098
2228
2353
2475
2595
2711
2821
2922
3010
3081
3128
3147
3131
3076
2977
2829
2630
2378
2073
1716
1311
864
384
-119
-634
-1147
-1646
-2117
-2549
-2931
-3256
-3517
-3713
-3843
-3911
-3921
-3881
-3799
-3684
-3545
-3393
-3233
-3074
-2920
-2775
-2639
-2512
-2392
-2276
-2159
-2037
-1904
-1754
-1584
-1390
-1168
-919
-643
-341
-18
322
674
1032
1389
1739
2075
2393
2687
2952
3183
3376
3527
3635
3695
3707
3670
3583
3447
3265
3039
2773
2472
2142
1789
1422
1047
672
305
-45
-374
-673
-938
-1165
-1350
-1492
-1589
-1643
-1657
-1632
-1575
-1489
-1381
-1257
-1123
-986
-850
-722
-605
-502
-416
-348
-298
-266
-248
-242
-246
-255
-265
-273
-276
-271
-257
-233
-198
-155
-107
-56
-7
36
69
88
89
70
30
-31
-113
-214
-329
-456
-589
-724
-855
-977
-1086
-1179
-1252
-1302
-1329
-1332
-1313
-1272
-1212
-1134
-1042
-938
-822
-697
-564
-423
-274
-119
42
207
375
542
706
863
1009
1140
1253
1344
1411
1451
1464
1450
1409
1342
1254
1146
1024
892
757
625
501
393
304
240
203
195
214
258
322
400
483
564
633
681
700
684
627
525
377
184
-48
-314
-605
-910
-1216
-1508
-1774
-2000
-2175
-2289
-2334
-2308
-2208
-2037
-1801
-1506
-1164
-787
-388
19
422
806
1160
1474
1740
1952
2105
2198
2233
2210
2135
2013
1853
1661
1447
1219
987
759
542
341
161
5
-125
-233
-320
-389
-447
-497
-547
-602
-668
-748
-846
-962
-1095
-1244
-1402
-1565
-1724
-1872
-1999
-2099
-2165
-2189
-2169
-2102
-1987
-1827
-1623
-1379
-1102
-796
-468
-124
229
586
942
1290
1625
1943
2238
2508
2748
2956
3128
3262
3355
3407
3416
3380
3298
3170
2995
2773
2507
2199
1852
1472
1065
641
207
-224
-645
-1044
-1411
-1737
-2015
-2239
-2407
-2517
-2572
-2577
-2537
-2460
-2355
-2232
-2099
-1965
-1837
-1721
-1620
-1536
-1470
-1420
-1382
-1352
-1324
-1290
-1244
-1178
-1088
-967
-813
-625
-404
-154
119
409
708
1007
1296
1568
1815
2032
2214
2358
2462
2525
2547
2529
2470
2373
2240
2073
1874
1649
1402
1138
865
589
318
59
-181
-397
-583
-736
-852
-931
-972
-978
-950
-895
-817
-722
-618
-510
-408
-316
-241
-188
-161
-163
-194
-255
-343
-455
-587
-732
-886
-1040
-1188
-1324
-1440
-1530
-1589
-1613
-1599
-1545
-1452
-1322
-1158
-965
-751
-522
-287
-54
168
374
556
711
833
922
977
999
991
955
897
821
732
636
537
439
347
262
188
126
77
42
21
15
23
46
84
134
197
271
352
439
528
614
695
765
822
862
882
882
860
816
753
673
577
468
350
223
89
-50
-194
-344
-498
-655
-814
-973
-1129
-1278
-1417
-1542
-1648
-1731
-1790
-1820
-1821
-1793
-1737
-1653
-1546
-1419
-1276
-1124
-966
-809
-658
-517
-390
-279
-185
-109
-49
-3
30
57
80
104
133
171
220
284
363
457
568
692
829
976
1131
1292
1457
1623
1789
1950
2104
2248
2377
2488
2575
2636
2664
2658
2615
2533
2414
2259
2072
1858
1624
1378
1127
879
640
415
205
12
-166
-335
-499
-664
-836
-1021
-1222
-1441
-1677
-1926
-2183
-2439
-2683
-2906
-3095
-3239
-3329
-3357
-3318
-3210
-3033
-2792
-2493
-2145
-1759
-1349
-927
-506
-101
277
619
916
1164
1360
1502
1594
1639
1644
1615
1559
1485
1399
1306
