-293
-323
-345
-358
-362
-358
-346
-327
-302
-272
-237
-199
-159
-117
-75
-35
2
36
65
88
103
111
111
102
87
64
36
4
-29
-64
-98
-129
-156
-177
-192
-199
-199
-192
-178
-159
-134
-107
-77
-47
-19
7
29
46
57
63
61
53
39
19
-5
-34
-65
-98
-129
-158
-183
-201
-211
-212
-202
-182
-150
-109
-59
-2
59
123
187
249
306
355
397
429
451
464
468
464
453
439
422
404
385
368
352
337
323
307
290
268
243
212
174
132
84
33
-18
-70
-119
-162
-198
-223
-237
-238
-226
-202
-166
-122
-71
-16
39
92
139
178
206
222
224
211
185
144
91
28
-44
-122
-203
-283
-361
-432
-493
-543
-579
-600
-606
-597
-574
-539
-495
-444
-389
-334
-281
-234
-195
-165
-144
-133
-131
-137
-148
-163
-179
-193
-203
-207
-203
-191
-168
-136
-95
-46
10
71
136
202
268
332
392
447
496
539
574
601
621
634
638
634
622
602
574
537
492
438
378
311
239
164
88
12
-60
-128
-190
-244
-288
-323
-348
-363
-369
-366
-354
-337
-314
-288
-259
-229
-199
-169
-140
-111
-83
-56
-28
-1
26
55
85
114
144
174
203
230
256
278
297
310
318
319
312
296
271
236
194
143
86
25
-38
-101
-162
-219
-270
-313
-348
-373
-390
-399
-400
-395
-385
-372
-358
-343
-329
-316
-306
-299
-294
-292
-291
-292
-292
-292
-289
-284
-275
-262
-243
-220
-193
-160
-123
-81
-37
9
58
108
158
207
254
297
337
372
401
425
443
455
461
462
458
451
440
426
411
396
380
365
350
336
324
311
299
286
271
255
237
215
191
165
135
104
72
39
5
-26
-57
-86
-112
-135
-155
-171
-184
-194
-201
-207
-211
-215
-218
-222
-226
-230
-235
-239
-242
-245
-245
-244
-241
-234
-226
-216
-203
-190
-176
-162
-149
-137
-128
-123
-120
-121
-126
-134
-144
-157
-171
-185
-198
-208
-215
-218
-215
-206
-192
-172
-147
-118
-86
-52
-18
15
46
75
99
118
132
142
148
150
150
149
149
150
153
159
168
180
193
208
222
234
242
246
245
236
220
197
168
132
92
50
7
-34
-71
-103
-128
-144
-150
-147
-135
-114
-86
-52
-15
24
64
104
140
173
200
223
239
248
252
249
241
227
209
187
161
134
104
74
43
13
-15
-43
-68
-91
-111
-128
-140
-149
-154
-156
-155
-152
-148
-142
-137
-133
-130
-128
-128
-130
-134
-138
-144
-150
-155
-160
-164
-165
-165
-162
-157
-150
-140
-128
-114
-98
-82
-65
-48
-32
-17
-3
9
20
29
37
44
50
56
61
67
74
83
94
107
123
141
161
183
205
228
250
269
285
297
303
303
295
280
257
225
187
141
90
34
-24
-83
-142
-199
-251
-296
-335
-364
-384
-393
-391
-378
-354
-320
-276
-224
-165
-102
-37
27
88
145
193
232
260
276
279
271
251
221
184
141
96
50
7
-30
-61
-83
-95
-97
-87
-69
-41
-7
31
73
115
155
192
222
247
265
275
278
274
264
249
230
207
183
157
130
103
75
48
20
-6
-34
-62
-90
-119
-147
-175
-203
-229
-253
-275
-295
-310
-321
-327
-327
-319
-305
-282
-252
-215
-172
-124
-73
-20
30
79
124
161
191
212
224
226
219
204
182
154
123
90
56
24
-5
-31
-53
-69
-82
-89
-93
-93
-91
-86
-79
-70
-60
-48
-35
-20
-4
12
29
47
64
79
92
102
108
110
108
102
93
83
71
60
50
42
37
35
36
40
47
55
63
71
77
80
80
76
67
54
38
19
0
-22
-44
-65
-84
-101
-114
-124
-131
-135
-137
-137
-138
-138
-140
-143
-148
-155
-163
-171
-179
-185
-188
-188
-184
-177
-166
-153
-137
-120
-102
-84
-67
-51
-35
-20
-5
11
29
49
71
97
125
156
189
223
257
290
321
347
368
382
387
384
372
351
320
281
235
182
126
67
7
-51
-106
-157
-201
-239
-268
-288
-300
-304
-301
-292
-280
-267
-254
-244
-239
-242
-254
-276
-309
-351
-403
-463
-529
-599
-669
-738
-802
-858
-905
-940
-961
-966
-954
-925
-877
-812
-729
-630
-516
-390
-253
-108
41
193
344
492
634
767
890
1001
1097
1179
1245
1296
1330
1349
1353
1342
1318
1282
1236
1180
1117
1046
970
889
804
716
624
531
435
338
241
143
45
-50
-144
-234
-320
-400
-473
-539
-596
-643
-681
-708
-725
-732
-730
-719
-701
-677
-648
-616
-582
-548
-514
-481
-451
-423
-398
-375
-353
-333
-312
-290
-267
-242
-213
-181
-145
-105
-62
-16
32
83
134
186
236
285
331
373
412
445
474
497
514
525
530
528
519
503
480
449
413
370
323
273
220
167
115
64
18
-24
-61
-92
-117
-135
-147
-153
-153
-149
-141
-131
-119
-107
-96
-87
-80
-76
-74
-74
-75
-77
-78
-76
-72
-65
-53
-38
-19
2
26
49
72
92
107
118
123
121
113
98
79
55
28
0
-27
-54
-79
-101
-120
-134
-145
-151
-154
-153
-149
-143
-134
-123
-110
-95
-78
-58
-36
-11
16
47
82
121
163
209
258
311
366
423
482
541
599
654
706
751
788
816
831
834
822
795
753
697
628
547
456
356
250
139
24
-92
-210
-330
-449
-567
-685
-802
-916
-1028
-1135
-1237
-1331
-1415
-1486
-1543
-1583
-1603
-1603
-1581
-1537
-1472
-1388
-1286
-1170
-1042
-907
-768
-628
-491
-359
-235
-121
-17
76
158
232
296
354
406
454
498
541
581
620
656
691
723
752
778
799
817
830
838
842
841
836
826
812
793
771
744
714
679
640
598
551
501
446
388
327
263
196
129
62
-3
-67
-128
-185
-237
-283
-324
-359
-388
-411
-430
-443
-452
-457
-458
-455
-448
-437
-422
-404
-381
-355
-325
-292
-257
-219
-179
-138
-96
-55
-15
23
58
90
118
141
159
171
177
178
172
161
144
124
100
73
45
16
-11
-38
-63
-85
-105
-123
-137
-149
-158
-166
-171
-175
-177
-177
-175
-172
-167
-161
-153
-144
-134
-122
-109
-94
-79
-62
-44
-25
-4
16
38
62
85
110
134
158
181
203
221
237
248
255
257
254
247
235
220
203
185
167
149
134
121
112
105
102
101
103
107
113
120
127
136
144
153
162
171
178
184
187
187
184
175
162
143
119
90
57
20
-18
-57
-94
-129
-158
-181
-195
-201
-196
-182
-158
-125
-86
-41
6
55
102
145
182
211
231
242
242
233
216
192
161
127
91
55
19
-13
-43
-70
-93
-112
-128
-140
-150
-158
-165
-171
-179
-187
-198
-210
-224
-240
-258
-275
-291
-305
-316
-322
-323
-316
-303
-282
-254
-219
-177
-130
-79
-27
25
76
122
163
196
221
236
242
238
227
208
184
157
129
101
76
54
37
25
19
16
18
23
28
33
37
38
35
27
13
-4
-28
-55
-86
-119
-153
-185
-215
-242
-263
-279
-288
-290
-286
-274
-256
-232
-203
-171
-136
-101
-65
-31
0
27
51
71
86
97
105
109
111
111
110
108
107
106
105
106
107
110
114
118
123
129
135
141
148
154
160
166
171
174
176
176
173
166
154
138
117
90
59
23
-14
-53
-93
-131
-166
-196
-220
-237
-247
-250
-247
-238
-225
-208
-190
-172
-155
-139
-126
-117
-110
-106
-105
-104
-104
-103
-100
-95
-87
-75
-59
-41
-20
2
25
47
68
86
101
112
119
122
122
118
112
104
96
87
80
73
69
67
67
69
74
79
86
94
102
110
117
123
128
131
132
130
127
122
115
107
99
90
82
74
68
64
62
62
63
67
72
79
86
95
104
113
121
128
134
137
138
135
130
121
108
91
70
46
19
-11
-45
-81
-118
-156
-193
-228
-259
-286
-306
-319
-323
-318
-302
-276
-241
-198
-149
-96
-41
11
60
101
134
154
161
155
135
102
59
7
-49
-109
-168
-222
-269
-307
-334
-349
-352
-343
-323
-293
-255
-211
-162
-110
-55
-1
53
105
155
201
244
281
312
337
356
368
373
371
363
349
330
307
281
254
227
201
178
159
143
131
122
117
113
109
106
100
92
82
68
50
30
7
-17
-44
-72
-100
-127
-153
-177
-198
-216
-231
-241
-247
-249
-247
-242
-234
-224
-214
-202
-192
-182
-175
-169
-166
-164
-164
-165
-166
-168
-168
-166
-162
-155
-146
-134
-119
-103
-86
-69
-53
-39
-27
-18
-11
-7
-5
-5
-5
-5
-4
-1
2
10
19
32
47
63
82
102
122
142
162
181
198
213
226
236
244
249
252
251
249
243
235
225
213
198
182
164
143
120
95
67
36
2
-33
-72
-112
-153
-194
-232
-267
-296
-319
-335
-341
-339
-327
-306
-277
-241
-199
-154
-107
-59
-14
27
64
94
118
134
143
145
142
134
122
109
94
81
69
59
52
49
48
51
56
63
72
83
94
105
117
128
139
149
159
168
176
184
190
195
199
201
200
197
191
182
171
157
142
126
111
98
88
83
81
85
94
107
122
139
155
168
177
178
170
152
124
85
36
-21
-86
-155
-225
-295
-360
-420
-472
-515
-547
-570
-582
-586
-581
-570
-554
-534
-513
-492
-471
-451
-434
-418
-403
-388
-373
-356
-335
-310
-279
-242
-199
-148
-92
-30
36
106
177
249
319
384
444
497
540
574
596
607
607
596
576
546
510
468
422
374
325
278
232
189
149
113
81
53
27
4
-16
-36
-56
-77
-98
-121
-144
-170
-195
-221
-247
-270
-291
-307
-318
-322
-319
-308
-289
-261
-225
-183
-134
-81
-25
31
87
139
186
226
258
281
295
298
293
278
256
227
193
156
116
77
38
3
-27
-52
-72
-85
-91
-91
-85
-74
-58
-39
-17
5
28
49
68
83
94
98
97
89
75
54
28
-2
-36
-72
-109
-146
-181
-214
-243
-268
-287
-302
-312
-316
-315
-309
-299
-284
-266
-245
-222
-195
-167
-137
-105
-72
-39
-5
27
60
90
118
142
163
180
193
202
208
212
214
216
219
223
228
235
243
252
261
270
275
278
275
267
253
232
204
170
131
87
41
-4
-49
-90
-125
-152
-169
-177
-173
-158
-133
-98
-56
-9
41
93
143
190
231
264
289
305
311
307
294
274
246
213
176
136
93
50
6
-37
-81
-123
-165
-206
-245
-282
-316
-347
-374
-396
-413
-423
-426
-422
-411
-392
-366
-334
-296
-255
-210
-164
-117
-73
-31
6
39
66
87
101
108
109
104
93
78
60
40
19
1
-12
-21
-23
-16
0
25
58
99
145
194
244
291
335
373
403
423
434
435
426
407
380
344
302
254
202
146
87
28
-32
-93
-153
-213
-272
-329
-384
-436
-485
-529
-568
-600
-624
-639
-644
-639
-622
-593
-554
-504
-444
-376
-301
-220
-136
-50
34
117
