-109
-141
-174
-208
-241
-273
-302
-328
-350
-367
-379
-385
-386
-380
-370
-354
-335
-312
-287
-260
-233
-207
-181
-158
-137
-119
-104
-92
-83
-77
-74
-73
-75
-79
-84
-91
-100
-109
-120
-132
-146
-160
-176
-193
-211
-229
-247
-263
-277
-287
-292
-290
-281
-262
-235
-197
-151
-95
-31
37
111
188
264
337
406
467
519
560
588
604
606
594
570
534
488
433
372
306
238
169
103
41
-14
-63
-102
-132
-151
-159
-157
-145
-125
-97
-64
-27
10
48
85
118
147
170
188
199
204
204
198
187
172
154
133
111
87
63
39
15
-9
-33
-57
-81
-105
-128
-150
-171
-191
-208
-223
-235
-244
-249
-250
-247
-239
-228
-212
-193
-171
-147
-121
-94
-67
-41
-16
7
28
47
63
76
86
92
95
95
91
83
72
58
42
24
4
-14
-33
-51
-66
-78
-86
-91
-91
-86
-78
-64
-47
-27
-5
19
44
70
94
117
138
157
172
184
194
200
203
204
203
200
196
190
184
178
171
165
158
152
146
141
136
133
130
129
130
131
134
138
143
147
150
151
149
143
134
120
102
79
52
22
-11
-47
-84
-122
-160
-196
-230
-261
-288
-310
-328
-340
-347
-348
-343
-334
-319
-299
-274
-245
-212
-176
-136
-94
-50
-6
38
81
122
159
191
217
236
248
251
246
231
208
177
137
91
39
-17
-76
-137
-197
-254
-306
-352
-389
-417
-434
-441
-437
-422
-399
-367
-328
-285
-238
-189
-139
-91
-45
-1
37
72
102
127
148
163
174
181
184
183
179
172
163
151
137
122
106
89
72
54
37
21
5
-9
-23
-36
-48
-60
-71
-81
-90
-97
-103
-108
-110
-110
-107
-102
-94
-83
-70
-55
-37
-18
1
22
44
67
89
111
132
153
172
189
204
216
225
229
230
225
216
202
183
161
135
106
77
47
19
-6
-28
-46
-58
-65
-66
-62
-52
-37
-18
3
26
49
71
90
104
114
117
113
103
87
65
38
8
-24
-57
-90
-121
-147
-169
-185
-194
-196
-191
-179
-161
-137
-109
-77
-43
-8
26
61
93
124
150
173
190
202
209
209
203
191
174
152
126
97
66
35
4
-24
-50
-72
-90
-104
-112
-115
-114
-109
-101
-89
-76
-62
-48
-34
-21
-10
0
7
13
18
22
25
27
30
32
34
37
40
44
47
51
54
57
60
62
64
65
66
67
68
69
71
74
78
83
88
93
99
104
107
110
109
107
101
92
81
66
49
30
9
-11
-32
-52
-70
-86
-99
-109
-115
-120
-121
-121
-121
-119
-118
-118
-119
-121
-124
-129
-134
-140
-146
-151
-156
-158
-158
-156
-151
-143
-131
-117
-101
-83
-63
-44
-25
-7
8
22
33
41
47
50
52
51
50
49
48
49
52
58
68
81
98
118
141
166
192
216
239
259
275
285
291
290
283
272
255
235
212
186
161
136
112
91
72
56
42
31
21
12
4
-5
-16
-30
-46
-65
-88
-113
-140
-169
-198
-226
-252
-274
-292
-304
-309
-308
-299
-284
-263
-238
-209
-180
-153
-128
-110
-99
-97
-106
-127
-159
-202
-256
-318
-387
-460
-534
-606
-673
-730
-776
-808
-824
-822
-801
-762
-706
-633
-546
-446
-336
-219
-96
28
152
274
391
500
601
692
770
836
889
929
955
969
970
960
938
907
868
821
769
711
651
588
525
462
400
339
281
225
172
121
73
27
-15
-55
-93
-128
-161
-191
-219
-245
-268
-289
-307
-323
-336
-347
-354
-359
-360
-359
-355
-348
-340
-330
-318
-307
-295
-283
-271
-260
-249
-239
-229
-220
-210
-200
-190
-180
-169
-157
-143
-128
-112
-93
-73
-52
-29
-6
17
40
63
83
101
116
127
134
136
134
126
114
98
79
57
35
12
-8
-27
-43
-53
-58
-58
-51
-37
-18
5
34
66
101
136
172
206
238
267
291
310
324
333
336
334
327
316
300
281
260
236
211
185
158
133
108
85
63
43
26
11
0
-10
-17
-22
-26
-27
-27
-25
-22
-18
-13
-7
-1
5
12
19
26
33
40
47
54
61
67
73
78
81
84
84
83
79
73
65
56
45
33
21
9
-1
-10
-17
-20
-20
-16
-7
4
20
39
60
83
106
128
148
165
178
186
188
185
175
159
137
108
75
36
-5
-50
-96
-144
-190
-236
-279
-318
-353
-384
-409
-429
-443
-451
-453
-449
-441
-428
-411
-392
-371
-349
-326
-305
-284
-266
-250
-236
-224
-215
-207
-200
-193
-185
-175
-162
-146
-126
-102
-74
-43
-10
22
55
84
109
128
139
142
136
123
101
73
39
2
-35
-73
-108
-139
-163
-179
-186
-183
-170
-146
-113
-72
-24
29
85
143
200
255
306
351
389
420
444
459
467
468
461
449
432
411
387
361
333
304
276
248
220
194
168
143
118
94
69
45
19
-6
-34
-64
-96
-129
-164
-200
-237
-275
-311
-347
-380
-410
-436
-458
-473
-483
-485
-481
-469
-450
-423
-390
-350
-305
-255
-202
-146
-90
-33
22
76
127
174
216
252
282
306
322
332
334
330
318
302
279
253
223
191
158
125
93
62
35
10
-9
-25
-37
-44
-47
-47
-43
-37
-29
-20
-11
-2
6
15
23
31
39
46
54
62
70
79
88
98
108
118
127
137
145
153
159
162
164
163
160
154
146
136
125
113
101
89
77
67
58
51
45
41
39
38
39
42
45
50
55
61
66
70
73
75
74
72
66
58
48
35
19
2
-15
-34
-53
-70
-86
-101
-112
-122
-129
-135
-139
-142
-144
-147
-150
-154
-159
-165
-171
-178
-185
-191
-197
-201
-204
-204
-202
-197
-189
-179
-166
-151
-133
-112
-90
-67
-41
-15
11
39
66
94
120
145
167
187
203
214
221
222
218
208
192
172
147
120
90
60
31
3
-20
-41
-57
-69
-76
-78
-76
-70
-62
-52
-42
-33
-24
-18
-14
-12
-13
-15
-19
-23
-27
-29
-30
-28
-23
-15
-3
11
28
46
63
80
94
104
108
105
96
78
53
19
-21
-68
-121
-177
-237
-297
-356
-412
-463
-509
-547
-576
-596
-607
-608
-600
-582
-556
-521
-479
-430
-376
-316
-252
-185
-116
-47
20
86
149
207
260
306
346
378
403
422
434
440
442
440
435
428
420
411
402
394
387
381
376
372
368
363
357
349
338
324
306
284
257
226
191
152
109
65
19
-26
-72
-117
-159
-199
-235
-268
-296
-319
-339
-353
-364
-372
-375
-376
-373
-368
-359
-348
-333
-314
-291
-265
-234
-198
-158
-115
-67
-16
35
88
141
191
237
278
311
336
352
358
353
339
316
286
248
207
162
116
71
29
-8
-40
-65
-83
-93
-96
-91
-80
-63
-42
-18
6
32
56
78
97
113
124
129
130
126
116
100
80
55
25
-7
-43
-80
-119
-156
-192
-224
-252
-273
-287
-292
-287
-272
-246
-209
-162
-105
-40
31
107
186
265
341
413
477
531
575
606
623
626
615
592
556
510
454
392
325
255
183
111
41
-26
-90
-150
-205
-255
-299
-337
-370
-395
-415
-428
-434
-434
-427
-413
-392
-364
-329
-288
-240
-187
-130
-70
-10
49
105
157
202
238
266
282
288
284
269
244
212
173
130
85
39
-4
-45
-80
-109
-131
-145
-150
-148
-139
-124
-104
-81
-56
-30
-6
15
33
46
53
53
46
32
11
-16
-48
-85
-124
-164
-203
-239
-271
-296
-315
-326
-329
-325
-312
-293
-269
-240
-208
-175
-142
-110
-80
-52
-27
-5
13
30
45
58
70
80
90
99
107
113
119
123
125
125
124
120
116
109
102
94
86
79
72
67
63
61
61
62
63
65
67
67
67
65
61
56
51
44
37
31
26
22
20
20
21
24
29
34
39
44
47
49
49
46
39
29
16
0
-19
-41
-64
-88
-111
-133
-155
-174
-192
-207
-221
-232
-241
-247
-251
-252
-250
-244
-234
-221
-205
-186
-164
-141
-118
-96
-75
-58
-45
-36
-33
-36
-43
-54
-69
-86
-103
-120
-134
-145
-150
-151
-146
-135
-119
-99
-75
-48
-19
10
41
72
103
134
165
195
225
254
283
312
339
366
390
412
431
445
455
460
458
450
436
415
388
356
319
277
232
185
136
86
38
-8
-53
-93
-128
-158
-182
-199
-209
-211
-207
-197
-180
-160
-135
-108
-81
-53
-28
-6
11
23
30
30
25
15
0
-18
-38
-60
-81
-100
-116
-128
-136
-140
-138
-133
-123
-110
-94
-76
-57
-38
-18
0
16
32
47
60
72
82
91
99
107
113
118
121
123
123
120
116
109
100
90
79
66
53
40
28
16
4
-6
-16
-25
-34
-41
-49
-56
-62
-68
-74
-80
-85
-91
-95
-99
-102
-104
-105
-104
-101
-97
-90
-82
-72
-61
-50
-38
-26
-14
-3
6
14
21
27
31
35
38
41
44
49
55
62
71
82
94
107
119
131
142
150
156
158
157
153
145
135
122
108
92
76
59
41
24
6
-12
-31
-52
-74
-97
-121
-146
-172
-199
-224
-247
-268
-285
-298
-305
-306
-302
-292
-277
-257
-234
-209
-181
-153
-125
-98
-72
-48
-25
-4
15
32
49
64
78
91
102
113
122
129
134
136
136
134
128
121
112
101
89
76
62
49
36
23
11
0
-9
-17
-25
-30
-34
-37
-37
-34
-30
-23
-14
-3
8
21
34
46
56
63
67
66
60
50
35
17
-3
-26
-49
-71
-90
-105
-116
-122
-123
-119
-111
-99
-84
-68
-50
-32
-15
2
18
33
48
61
74
85
95
104
111
117
122
126
129
130
129
127
123
118
111
102
93
82
71
60
49
38
27
17
6
-2
-11
-20
-29
-36
-42
-47
-51
-52
-52
-49
-43
-35
-25
-12
1
16
32
47
61
72
79
82
80
73
61
45
26
5
-16
-38
-58
-75
-89
-98
-103
-103
-100
-93
-84
-73
-62
-52
-43
-36
-31
-30
-31
-35
-41
-47
-53
-58
-62
-63
-60
-55
-45
-33
-18
0
18
37
56
74
90
102
111
117
119
118
114
107
99
90
81
73
65
59
55
52
50
49
47
46
42
37
30
21
10
-1
-14
-27
-40
-50
-58
-63
-64
-61
-54
-43
-29
-12
5
23
41
57
70
81
87
90
88
83
73
61
45
28
9
-9
-29
-48
-67
-84
-100
-114
-126
-137
-146
-153
-158
-162
-164
-164
-163
-159
-154
-146
-135
-121
-104
-83
-59
-31
-1
30
63
96
127
154
176
192
200
199
189
170
141
105
63
15
-34
-85
-133
-178
-216
-246
-266
-276
-274
-261
-237
-204
-162
-115
-63
-9
44
95
142
183
217
242
259
268
268
260
246
226
202
176
148
120
94
70
50
33
22
16
14
17
25
36
51
