-33
-34
-34
-35
-36
-38
-42
-47
-54
-64
-75
-88
-101
-114
-125
-134
-139
-140
-135
-125
-110
-90
-65
-38
-8
22
53
82
108
132
152
168
180
189
194
196
197
195
193
190
187
184
180
176
172
166
158
147
133
116
96
71
44
13
-19
-54
-91
-127
-163
-198
-231
-260
-286
-308
-326
-340
-349
-354
-355
-354
-350
-344
-337
-329
-320
-310
-300
-287
-273
-255
-233
-207
-176
-138
-95
-47
5
61
119
177
232
284
329
365
392
409
415
411
397
376
348
317
283
249
216
186
159
137
118
102
90
79
70
61
52
42
31
18
5
-9
-24
-38
-52
-64
-74
-81
-85
-86
-83
-78
-70
-60
-50
-39
-31
-24
-22
-24
-32
-46
-66
-93
-125
-163
-204
-247
-290
-332
-372
-407
-437
-461
-479
-489
-492
-488
-477
-461
-440
-414
-386
-355
-323
-290
-257
-224
-191
-159
-127
-95
-63
-30
2
35
68
101
134
165
195
223
248
271
290
306
320
330
337
342
345
346
345
342
338
333
326
318
307
295
279
261
241
217
192
165
137
108
79
52
26
3
-16
-32
-45
-53
-58
-59
-57
-51
-43
-34
-23
-11
-1
8
17
23
27
28
28
25
21
16
11
7
3
1
0
0
1
2
2
1
-1
-7
-16
-30
-47
-67
-90
-115
-140
-163
-184
-200
-210
-214
-209
-197
-177
-150
-117
-78
-36
8
54
99
143
185
222
256
284
307
325
338
347
351
352
350
345
339
330
319
306
291
274
254
233
208
182
153
123
91
57
22
-14
-51
-90
-129
-169
-208
-247
-285
-321
-355
-384
-407
-424
-432
-431
-420
-399
-367
-324
-273
-215
-151
-85
-18
45
105
157
200
233
254
265
264
253
234
208
176
141
104
68
32
0
-30
-57
-80
-99
-114
-127
-136
-143
-149
-153
-156
-158
-159
-160
-160
-160
-159
-156
-152
-147
-139
-129
-117
-102
-84
-64
-42
-19
3
26
47
66
82
93
99
101
97
89
76
60
40
19
-2
-23
-43
-61
-76
-87
-96
-101
-105
-109
-112
-117
-125
-135
-148
-164
-182
-201
-220
-237
-252
-263
-269
-269
-262
-247
-226
-198
-164
-124
-81
-36
9
55
98
139
174
204
229
246
257
261
259
250
237
218
195
170
142
114
86
60
36
16
0
-12
-19
-22
-21
-16
-9
0
12
25
39
53
67
80
93
106
117
127
135
141
145
147
147
144
139
131
120
106
90
72
52
31
9
-13
-35
-58
-79
-100
-120
-139
-157
-174
-190
-204
-218
-229
-237
-243
-246
-244
-239
-230
-216
-198
-176
-150
-120
-88
-53
-17
20
58
97
135
172
207
240
269
295
315
330
337
337
328
311
285
251
209
160
107
50
-6
-62
-115
-161
-200
-229
-248
-255
-250
-234
-206
-170
-125
-75
-22
32
85
135
180
219
251
275
292
303
309
311
310
308
307
307
309
314
321
330
341
352
363
372
377
377
371
359
338
310
274
231
183
129
72
13
-46
-104
-160
-212
-259
-301
-338
-369
-393
-412
-425
-433
-436
-434
-429
-422
-411
-398
-383
-365
-346
-323
-298
-269
-236
-199
-157
-111
-60
-7
48
106
163
218
270
317
357
390
415
431
437
435
425
407
383
354
321
285
246
206
165
124
81
37
-6
-51
-97
-143
-189
-234
-277
-317
-353
-383
-408
-425
-434
-434
-426
-410
-386
-354
-315
-270
-220
-166
-108
-49
11
72
131
188
241
289
330
364
389
405
411
408
396
376
349
316
279
238
195
151
107
62
19
-22
-61
-98
-133
-163
-191
-214
-234
-251
-266
-280
-293
-306
-321
-337
-356
-378
-403
-430
-459
-488
-518
-547
-574
-596
-614
-625
-630
-627
-616
-597
-570
-537
-497
-453
-404
-352
-298
-242
-186
-129
-73
-17
36
88
137
183
225
261
293
318
338
351
357
358
353
343
330
314
296
278
262
249
239
235
237
245
260
282
309
339
372
405
434
458
474
479
472
451
416
366
302
225
138
44
-54
-153
-250
-340
-421
-489
-543
-580
-600
-602
-587
-557
-512
-456
-391
-321
-249
-177
-108
-46
7
52
87
111
127
134
135
130
123
114
105
97
92
89
90
94
101
111
122
133
144
153
160
164
164
160
153
143
130
116
101
86
73
62
53
48
47
49
55
64
76
90
106
123
141
158
175
190
203
214
221
225
225
221
212
199
180
157
129
96
59
19
-24
-69
-115
-162
-206
-249
-287
-321
-350
-373
-390
-401
-407
-406
-400
-390
-375
-356
-334
-309
-282
-252
-221
-188
-154
-118
-80
-42
-2
37
77
118
158
198
237
274
310
345
378
410
439
467
492
515
537
556
572
587
599
609
616
619
618
611
598
577
548
510
463
407
343
271
193
112
29
-53
-133
-208
-276
-335
-385
-425
-454
-472
-481
-481
-474
-462
-446
-429
-412
-396
-383
-373
-367
-364
-364
-365
-368
-369
-369
-366
-358
-347
-330
-308
-282
-251
-217
-180
-143
-105
-68
-33
-1
26
49
67
81
91
99
104
109
116
126
139
158
183
214
251
292
336
382
426
466
500
525
538
539
525
497
456
403
339
268
191
112
34
-40
-110
-173
-228
-274
-311
-339
-359
-371
-377
-378
-375
-369
-361
-351
-339
-327
-314
-299
-284
-267
-249
-230
-210
-189
-168
-147
-127
-107
-89
-73
-59
-47
-38
-32
-28
-26
-26
-27
-29
-31
-32
-31
-28
-22
-13
-2
12
28
47
68
89
111
133
154
174
193
211
226
240
251
260
267
270
271
269
264
256
246
233
219
204
189
173
159
145
133
124
116
112
109
109
109
110
110
108
104
96
83
66
42
13
-21
-61
-105
-152
-201
-250
-298
-342
-382
-416
-442
-462
-473
-477
-473
-463
-447
-427
-403
-376
-348
-319
-291
-262
-234
-207
-180
-153
-125
-97
-68
-37
-5
28
61
95
127
157
184
207
225
237
244
246
244
238
229
218
208
198
191
187
186
189
196
206
219
233
247
259
269
275
275
270
258
239
214
183
147
107
66
23
-18
-58
-94
-126
-152
-172
-185
-191
-189
-180
-164
-142
-116
-85
-53
-19
12
42
68
89
105
114
117
114
106
94
78
60
42
23
6
-8
-21
-32
-40
-47
-53
-58
-63
-70
-78
-87
-99
-112
-125
-139
-153
-164
-174
-180
-183
-181
-176
-166
-153
-137
-119
-99
-80
-61
-43
-28
-16
-6
1
6
10
13
17
23
30
40
52
68
86
105
125
145
163
178
189
195
195
190
178
161
140
114
86
58
29
3
-19
-38
-52
-60
-62
-60
-53
-41
-27
-12
4
19
33
45
53
57
57
52
43
29
12
-8
-31
-55
-79
-102
-124
-143
-158
-170
-177
-180
-178
-173
-164
-152
-137
-122
-105
-89
-72
-56
-40
-25
-9
7
24
43
64
87
112
138
165
192
219
243
265
283
296
304
306
302
292
276
256
232
205
177
148
121
95
72
53
38
26
19
15
13
12
12
11
8
3
-5
-18
-36
-58
-85
-115
-148
-184
-220
-256
-289
-320
-346
-367
-382
-391
-392
-387
-376
-360
-340
-318
-294
-271
-250
-232
-217
-207
-201
-199
-201
-205
-209
-214
-217
-218
-215
-207
-195
-177
-155
-127
-96
-60
-23
16
56
95
133
169
201
230
255
275
291
305
315
325
333
343
354
367
383
401
422
443
465
486
503
517
526
527
521
507
483
450
408
357
299
235
166
94
22
-50
-120
-187
-251
-310
-365
-415
-461
-502
-539
-572
-600
-624
-642
-654
-659
-657
-647
-628
-599
-561
-515
-459
-397
-328
-254
-177
-99
-23
50
119
180
234
278
313
336
349
352
345
328
301
266
222
170
110
42
-32
-112
-198
-286
-376
-464
-548
-626
-695
-751
-794
-820
-829
-820
-792
-746
-683
-604
-511
-406
-291
-169
-43
85
214
340
460
573
676
767
843
903
946
971
977
965
936
890
830
757
675
586
494
402
312
228
153
88
34
-7
-36
-55
-63
-62
-55
-44
-30
-16
-4
5
11
13
12
8
2
-4
-11
-17
-20
-20
-16
-9
0
14
29
45
61
77
91
103
113
122
129
134
139
143
147
152
156
161
167
172
179
185
191
198
204
211
218
226
233
239
244
248
249
247
241
230
214
192
164
130
91
47
0
-50
-103
-156
-208
-259
-305
-348
-386
-418
-445
-467
-483
-494
-500
-502
-500
-493
-483
-467
-448
-423
-392
-356
-314
-266
-212
-153
-89
-21
49
121
193
263
329
390
443
489
526
552
569
575
571
557
534
501
460
411
354
289
217
139
54
-34
-128
-224
-320
-415
-507
-594
-671
-739
-793
-833
-856
-862
-851
-823
-778
-720
-650
-571
-487
-400
-314
-232
-156
-89
-33
12
47
71
86
94
96
95
95
96
103
117
139
170
211
259
314
372
432
490
543
588
622
643
650
643
621
585
537
478
411
337
260
182
105
31
-36
-99
-153
-200
-237
-266
-285
-296
-298
-294
-283
-268
-249
-228
-206
-185
-166
-150
-138
-130
-128
-130
-138
-149
-163
-181
-199
-219
-238
-256
-272
-285
-295
-302
-305
-304
-299
-291
-279
-263
-244
-221
-194
-164
-130
-92
-52
-8
37
84
132
179
225
268
307
342
370
393
408
417
419
414
402
386
364
338
308
277
243
209
174
139
106
73
42
12
-16
-43
-70
-95
-119
-142
-163
-181
-197
-210
-219
-223
-223
-217
-205
-188
-165
-136
-103
-66
-25
16
60
103
145
184
220
251
278
300
317
328
334
335
332
325
314
301
286
269
251
233
215
197
181
166
152
139
127
117
107
97
88
78
67
55
41
24
5
-17
-42
-71
-103
-137
-172
-208
-244
-278
-310
-338
-362
-379
-390
-395
-391
-381
-363
-338
-308
-272
-234
-193
-151
-110
-71
-34
-2
26
51
72
89
104
117
128
139
150
161
172
183
194
204
213
219
223
223
219
211
198
180
157
130
98
64
28
-9
-46
-82
-117
-148
-176
-201
-222
-239
-253
-264
-274
-283
-292
-301
-312
-324
-337
-351
-365
-378
-389
-395
-396
-390
-376
-353
-321
-280
-231
-174
-111
-43
25
95
163
227
286
337
381
417
443
461
471
473
469
457
440
418
392
361
326
288
247
204
160
115
71
27
-14
-53
-89
-122
-152
-179
-202
-223
-243
-261
-278
-294
-310
-325
-340
-354
-365
-374
-378
-377
-369
-353
-328
-293
-248
-192
-126
-51
32
123
219
319
420
520
618
711
797
874
940
994
1033
1056
1061
1048
1015
962
890
799
690
564
425
274
115
-48
-212
-373
-528
-673
-805
-923
-1023
-1105
-1169
-1214
-1241
-1250
-1242
-1220
-1183
-1133
-1072
-1001
-921
-834
-741
-644
-544
-442
-341
-241
-143
-47
44
133
218
300
378
