191
201
173
109
12
-113
-263
-429
-607
-790
-970
-1143
-1304
-1448
-1571
-1671
-1746
-1795
-1818
-1816
-1789
-1740
-1671
-1585
-1485
-1373
-1252
-1123
-990
-852
-711
-566
-419
-267
-112
45
207
372
538
704
867
1023
1171
1307
1427
1530
1613
1675
1716
1737
1738
1721
1689
1645
1591
1529
1464
1396
1327
1258
1191
1125
1060
996
930
863
793
717
636
548
454
352
244
132
16
-100
-217
-329
-437
-536
-626
-705
-773
-828
-870
-902
-923
-935
-939
-938
-931
-920
-905
-887
-865
-838
-806
-768
-723
-671
-613
-548
-479
-405
-331
-256
-185
-117
-57
-5
36
67
87
95
92
78
55
22
-16
-60
-109
-160
-212
-264
-315
-364
-410
-454
-494
-529
-559
-583
-599
-605
-601
-583
-552
-505
-442
-363
-269
-163
-46
77
203
329
451
565
667
756
829
886
926
950
959
955
939
913
880
841
798
750
699
643
584
520
450
375
293
205
113
16
-83
-183
-281
-374
-461
-538
-606
-661
-704
-735
-755
-766
-771
-772
-772
-776
-784
-798
-820
-849
-883
-920
-956
-987
-1010
-1018
-1010
-981
-929
-853
-754
-633
-493
-337
-172
-1
166
328
477
608
717
801
860
893
902
889
858
814
761
705
651
603
564
536
521
518
526
541
560
577
588
587
570
533
473
387
277
143
-10
-181
-364
-552
-738
-915
-1076
-1215
-1324
-1398
-1433
-1426
-1375
-1281
-1147
-974
-768
-534
-278
-7
271
553
830
1097
1349
1582
1792
1977
2135
2264
2364
2434
2476
2489
2471
2424
2344
2232
2084
1901
1680
1423
1131
808
458
88
-293
-677
-1055
-1415
-1749
-2046
-2299
-2500
-2644
-2726
-2744
-2700
-2594
-2432
-2219
-1964
-1676
-1365
-1043
-720
-406
-110
160
400
605
773
904
999
1057
1083
1077
1041
979
893
783
654
506
343
167
-19
-212
-410
-607
-799
-981
-1149
-1296
-1417
-1509
-1568
-1592
-1579
-1530
-1447
-1331
-1187
-1016
-823
-609
-378
-131
129
403
687
979
1273
1564
1845
2107
2342
2539
2690
2783
2813
2772
2658
2469
2208
1881
1496
1065
603
124
-354
-816
-1245
-1626
-1949
-2204
-2384
-2486
-2512
-2463
-2346
-2167
-1935
-1659
-1347
-1007
-648
-275
105
489
872
1251
1622
1980
2321
2640
2933
3192
3413
3591
3719
3796
3817
3781
3689
3542
3343
3098
2813
2495
2152
1791
1419
1043
666
292
-77
-441
-802
-1158
-1511
-1862
-2209
-2552
-2887
-3210
-3516
-3800
-4054
-4272
-4447
-4574
-4649
-4669
-4632
-4540
-4395
-4203
-3969
-3700
-3404
-3089
-2762
-2431
-2101
-1775
-1457
-1147
-845
-550
-261
23
305
586
865
1142
1415
1680
1936
2178
2403
2605
2781
2928
3043
3123
3166
3172
3140
3070
2965
2824
2653
2454
2231
1991
1738
1480
1222
973
737
521
329
163
27
-79
-158
-213
-248
-268
-280
-292
-309
-339
-388
-459
-556
-680
-831
-1006
-1201
-1412
-1630
-1851
-2064
-2264
-2441
-2589
-2702
-2774
-2802
-2782
-2714
-2598
-2434
-2227
-1979
-1695
-1378
-1035
-668
-282
117
528
944
1362
1776
2179
2565
2925
3250
3531
3759
3925
4020
4036
3969
3817
3579
3260
2868
2414
1913
1380
834
293
-226
-710
-1146
-1524
-1840
-2090
-2275
-2399
-2466
-2484
-2458
-2398
-2309
-2199
-2073
-1938
-1798
-1658
-1522
-1392
-1272
-1164
-1069
-991
-929
-884
-856
-844
-847
-862
-886
-917
-950
-982
-1009
-1025
-1029
-1018
-990
-944
-881
-803
-714
-617
-517
-419
-329
-251
-190
-149
-129
-133
-159
-207
-273
-355
-449
-548
-649
-744
-828
-896
-941
-959
-947
-900
-816
-693
-531
-329
-88
190
505
851
1223
1617
2025
2438
2848
3246
3624
3971
4282
4551
4772
4945
5070
5148
5184
5183
5153
5099
5028
4946
4857
4765
4669
4567
4457
4330
4181
3999
3777
3505
3175
2783
2325
1801
1214
570
-120
-848
-1597
-2352
-3096
-3812
-4482
-5091
-5626
-6077
-6437
-6703
-6875
-6956
-6952
-6870
-6721
-6513
-6256
-5959
-5628
-5272
-4896
-4503
-4098
-3682
-3258
-2829
-2396
-1962
-1531
-1106
-693
-295
82
433
755
1043
1294
1507
1684
1824
1932
2011
2066
2103
2126
2141
2150
2157
2163
2167
2169
2167
2160
2144
2117
2079
2027
1963
1886
1797
1698
1592
1480
1365
1250
1137
1026
920
820
727
640
561
488
423
365
314
271
236
209
191
180
178
184
196
213
232
252
268
279
280
270
247
208
153
83
-1
-98
-205
-319
-437
-556
-671
-779
-878
-965
-1038
-1097
-1140
-1168
-1182
-1184
-1176
-1160
-1140
-1117
-1094
-1074
-1058
-1047
-1042
-1041
-1046
-1054
-1064
-1075
-1085
-1093
-1097
-1096
-1090
-1076
-1056
-1028
-992
-949
-898
-839
-772
-698
-617
-530
-437
-339
-238
-134
-28
76
180
281
377
466
545
614
670
710
734
741
730
700
654
592
517
431
337
238
137
36
-60
-151
-235
-311
-376
-431
-474
-507
-527
-538
-538
-529
-513
-491
-464
-436
-407
-379
-355
-337
-326
-324
-333
-353
-387
-435
-498
-574
-664
-764
-873
-984
-1093
-1194
-1281
-1346
-1385
-1391
-1360
-1287
-1169
-1005
-792
-530
-220
136
536
974
1440
1925
2415
2897
3352
3764
4118
4398
4591
4691
4692
4596
4408
4138
3799
3410
2988
2554
2127
1724
1360
1046
787
587
442
347
293
270
266
272
278
277
265
240
202
154
100
45
-7
-53
-91
-119
-138
-152
-165
-182
-208
-249
-309
-393
-503
-639
-802
-989
-1196
-1419
-1651
-1886
-2115
-2331
-2525
-2692
-2823
-2915
-2965
-2970
-2932
-2853
-2737
-2590
-2419
-2233
-2040
-1850
-1670
-1507
-1368
-1255
-1171
-1116
-1086
-1076
-1083
-1097
-1112
-1120
-1114
-1088
-1034
-949
-827
-666
-461
-213
81
420
803
1225
1684
2171
2678
3198
3717
4225
4710
5157
5555
5891
6154
6335
6424
6418
6311
6105
5802
5408
4932
4384
3779
3131
2454
1766
1080
411
-227
-825
-1373
-1864
-2293
-2657
-2956
-3192
-3367
-3486
-3556
-3583
-3572
-3531
-3466
-3383
-3284
-3176
-3060
-2939
-2814
-2688
-2562
-2437
-2313
-2191
-2073
-1958
-1847
-1739
-1634
-1533
-1435
-1339
-1247
-1159
-1076
-999
-929
-868
-817
-777
-749
-733
-728
-733
-747
-766
-787
-806
-817
-816
-799
-761
-698
-608
-490
-345
-175
16
224
444
667
888
1098
1290
1458
1596
1700
1767
1794
1782
1730
1643
1524
1377
1208
1024
831
638
452
280
128
2
-94
-157
-187
-184
-151
-93
-16
72
165
255
333
394
432
443
426
382
313
224
119
7
-104
-209
-301
-374
-424
-450
-450
-429
-389
-337
-278
-220
-169
-131
-110
-108
-127
-165
-220
-286
-361
-437
-509
-573
-624
-660
-679
-679
-663
-631
-586
-531
-470
-406
-340
-276
-214
-156
-101
-48
3
56
112
173
239
313
392
477
565
653
739
818
888
946
989
1015
1023
1013
986
943
886
815
734
644
547
443
334
222
106
-12
-133
-255
-375
-494
-607
-713
-810
-894
-963
-1015
-1049
-1065
-1060
-1037
-996
-939
-867
-782
-686
-581
-468
-350
-228
-104
22
148
274
398
518
635
747
853
951
1042
1122
1193
1253
1301
1337
1361
1372
1370
1356
1328
1289
1238
1178
1109
1033
955
874
795
719
648
582
521
464
407
349
284
210
123
19
-100
-239
-393
-562
-739
-921
-1100
-1270
-1425
-1558
-1664
-1740
-1782
-1790
-1762
-1702
-1611
-1494
-1353
-1195
-1023
-843
-659
-475
-297
-126
32
177
304
413
500
564
605
621
613
580
525
447
350
236
109
-26
-165
-304
-435
-553
-653
-729
-778
-796
-782
-736
-660
-556
-428
-280
-119
52
228
404
577
742
895
1034
1154
1251
1320
1358
1359
1319
1236
1108
935
721
473
199
-88
-376
-649
-893
-1094
-1242
-1328
-1349
-1305
-1198
-1035
-826
-582
-313
-33
248
522
779
1015
1225
1407
1561
1687
1785
1858
1907
1931
1932
1907
1856
1776
1665
1522
1347
1142
909
654
385
110
-160
-417
-649
-848
-1007
-1120
-1185
-1204
-1179
-1118
-1027
-916
-796
-677
-569
-479
-416
-384
-387
-425
-500
-606
-741
-897
-1069
-1247
-1423
-1588
-1733
-1850
-1932
-1972
-1968
-1916
-1817
-1670
-1481
-1253
-994
-711
-414
-112
185
467
725
949
1133
1269
1354
1384
1360
1283
1157
988
786
558
316
71
-165
-383
-572
-726
-836
-901
-917
-886
-811
-696
-548
-373
-182
18
219
413
594
757
899
1021
1123
1210
1285
1357
1430
1510
1604
1714
1840
1982
2135
2292
2446
2588
2706
2792
2838
2837
2784
2676
2515
2302
2042
1741
1406
1045
668
283
-100
-475
-834
-1169
-1475
-1748
-1983
-2180
-2334
-2447
-2518
-2547
-2537
-2489
-2408
-2296
-2160
-2004
-1836
-1660
-1483
-1311
-1150
-1002
-873
-762
-672
-601
-549
-512
-488
-475
-469
-469
-472
-479
-488
-501
-518
-541
-570
-606
-648
-696
-745
-794
-837
-868
-884
-879
-849
-790
-702
-584
-439
-270
-83
114
318
518
709
883
1036
1162
1261
1330
1371
1383
1370
1334
1277
1204
1115
1015
905
787
664
538
410
284
162
47
-57
-150
-227
-289
-332
-359
-369
-366
-354
-338
-322
-314
-319
-341
-385
-451
-540
-648
-770
-898
-1022
-1130
-1210
-1252
-1244
-1179
-1051
-859
-604
-292
67
462
877
1297
1703
2080
2411
2682
2882
3002
3038
2989
2856
2646
2367
2029
1645
1230
797
362
-62
-463
-829
-1151
-1421
-1633
-1786
-1877
-1909
-1885
-1811
-1693
-1540
-1361
-1164
-961
-760
-570
-399
-253
-140
-62
-22
-19
-54
-121
-215
-331
-461
-597
-733
-861
-976
-1075
-1154
-1213
-1251
-1269
-1268
-1250
-1217
-1169
-1108
-1035
-953
-860
-759
-649
-532
-408
-277
-140
2
149
299
450
601
747
887
1018
1136
1239
1325
1393
1443
1477
1495
1501
1496
1484
1466
1444
1417
1385
1345
1295
1231
1150
1047
920
768
590
388
164
-76
-328
-582
-832
-1069
-1283
-1467
-1614
-1718
-1776
-1786
-1747
-1661
-1533
-1365
-1166
-939
-693
-432
-162
112
388
663
936
1205
1469
1724
1969
2198
2407
2589
2739
2849
2913
2929
2891
2798
2651
2450
2200
1904
1568
1198
803
391
-26
-441
-842
-1218
-1560
-1861
-2113
-2314
-2461
-2556
-2601
-2600
-2560
-2487
-2387
-2268
-2135
-1995
-1853
-1715
-1583
-1463
-1355
-1263
-1187
-1127
-1082
-1051
-1030
-1015
-1003
-987
-963
-923
-863
-779
-665
-520
-343
-136
97
353
624
902
1178
1444
1689
1907
2091
2236
2339
2399
2418
2399
2345
2263
2159
2039
1910
1775
1641
1510
1385
1267
1156
1053
957
867
781
699
618
537
454
366
271
168
56
-67
-201
-345
-497
-654
-813
-970
-1119
-1257
-1377
-1476
-1550
-1598
-1617
-1610
-1577
-1523
-1450
-1364
-1271
-1175
-1080
-991
-910
-839
-778
-726
-681
-641
-603
-565
-524
-477
-424
-364
-298
-227
-154
-81
-12
49
102
143
171
185
186
175
154
127
97
67
42
24
16
21
39
69
113
167
230
298
370
442
511
574
629
674
707
728
737
734
721
699
670
637
601
565
530
497
468
441
416
392
366
338
303
260
205
139
58
-34
-140
-256
-379
-505
-629
-747
-855
-948
-1025
-1083
-1121
-1138
-1134
-1110
-1067
-1006
-929
-838
-733
-618
-494
-364
-229
-94
39
168
289
399
496
578
642
686
709
709
684
633
555
449
317
160
-18
-215
-424
-639
-851
-1053
-1235
-1389
-1508
-1586
-1616
-1596
-1522
-1394
-1214
-983
-706
-388
-36
341
735
1137
1536
1922
2285
2616
2906
3147
3333
3459
3520
3515
3443
3303
3100
2836
2518
2155
1756
1332
895
457
32
-370
-739
-1067
-1348
-1578
-1755
-1878
-1951
-1977
-1961
-1909
-1828
-1726
-1610
-1487
-1366
-1251
-1149
-1063
-995
-947
-917
-903
-902
-909
-919
-927
-929
-920
-897
-857
-799
-724
-631
