-132
-136
-138
-139
-138
-137
-133
-128
-121
-111
-99
-86
-70
-53
-35
-18
-1
13
25
35
40
41
37
28
15
-2
-23
-47
-73
-99
-124
-148
-168
-183
-193
-196
-192
-182
-165
-142
-114
-82
-49
-16
15
44
69
89
103
111
114
111
103
91
76
59
41
23
6
-7
-18
-24
-26
-23
-13
2
25
55
92
137
187
242
301
362
422
478
528
568
597
612
612
595
562
512
448
371
284
190
91
-8
-107
-201
-289
-367
-436
-492
-536
-567
-584
-589
-581
-561
-532
-493
-448
-397
-343
-288
-234
-182
-135
-92
-56
-27
-5
9
18
21
18
12
4
-5
-14
-23
-30
-35
-37
-38
-36
-33
-30
-27
-25
-25
-27
-30
-35
-39
-43
-45
-42
-34
-20
1
30
66
107
153
201
250
296
339
376
407
429
443
449
447
437
421
399
372
341
307
272
236
201
166
132
99
68
37
6
-24
-56
-89
-124
-159
-195
-230
-263
-293
-319
-339
-351
-356
-353
-343
-325
-301
-273
-242
-211
-181
-155
-134
-119
-112
-111
-117
-128
-143
-160
-178
-196
-210
-221
-227
-229
-225
-217
-204
-188
-168
-146
-122
-96
-68
-38
-7
25
60
96
133
170
206
240
271
297
317
330
335
332
321
302
278
248
215
181
147
116
88
65
48
36
31
30
34
42
53
65
78
90
100
106
109
108
103
93
79
61
41
18
-7
-33
-60
-88
-117
-145
-173
-200
-226
-250
-272
-290
-305
-315
-319
-319
-312
-300
-283
-262
-237
-210
-182
-153
-126
-100
-76
-55
-36
-21
-7
4
16
27
38
51
65
80
97
114
132
149
164
177
187
192
191
186
175
160
140
118
95
72
51
33
19
10
7
8
14
24
35
48
59
69
77
80
80
77
70
61
49
37
24
13
2
-4
-9
-9
-6
1
14
30
50
72
95
117
136
152
162
166
162
149
128
98
60
15
-37
-95
-157
-222
-288
-353
-414
-470
-517
-553
-577
-585
-576
-549
-505
-442
-363
-270
-166
-56
55
165
268
360
436
495
535
554
554
535
500
452
394
330
263
196
134
77
30
-7
-35
-52
-59
-58
-49
-34
-16
4
24
43
59
71
77
77
71
59
41
18
-6
-34
-61
-86
-107
-122
-131
-131
-124
-109
-88
-61
-32
-2
26
50
68
80
84
80
70
53
32
9
-15
-38
-60
-77
-91
-99
-102
-101
-95
-85
-73
-59
-45
-31
-19
-9
-1
3
6
6
5
3
0
-1
-1
0
3
10
19
31
46
62
79
96
113
128
141
151
158
160
158
152
142
129
112
93
73
52
31
12
-5
-20
-32
-41
-46
-48
-47
-43
-36
-28
-18
-8
2
12
21
29
36
40
42
43
41
36
30
21
10
-2
-16
-32
-48
-65
-81
-96
-109
-121
-129
-135
-137
-137
-133
-126
-117
-106
-95
-83
-72
-63
-57
-55
-57
-63
-74
-88
-104
-122
-139
-154
-165
-170
-168
-160
-143
-119
-88
-52
-11
32
75
117
156
189
215
233
243
244
237
222
200
173
142
108
73
36
0
-36
-71
-105
-137
-166
-193
-217
-237
-253
-264
-270
-270
-264
-252
-233
-209
-178
-144
-106
-66
-27
9
42
69
87
96
96
85
65
36
1
-38
-80
-122
-160
-193
-218
-234
-240
-237
-223
-202
-175
-144
-111
-80
-51
-28
-11
-1
2
0
-6
-15
-23
-28
-28
-19
-2
24
61
107
161
220
281
341
397
445
482
506
516
511
491
456
408
351
286
217
148
80
18
-35
-79
-112
-133
-142
-141
-129
-110
-85
-58
-32
-8
9
19
20
11
-6
-33
-67
-106
-148
-190
-228
-261
-287
-302
-306
-298
-279
-248
-206
-157
-101
-41
20
80
137
188
233
268
294
309
315
311
298
278
252
221
187
151
116
84
55
31
13
2
-1
1
10
24
41
59
76
90
100
105
102
93
76
54
26
-4
-37
-70
-101
-130
-154
-174
-187
-194
-194
-189
-178
-163
-143
-122
-98
-74
-49
-25
-3
18
37
55
71
84
95
103
109
111
112
110
107
103
100
97
96
99
104
113
125
141
159
179
199
217
233
243
248
244
232
211
180
141
93
39
-18
-79
-140
-199
-253
-300
-339
-368
-387
-394
-390
-376
-351
-318
-278
-232
-182
-129
-74
-20
32
84
132
176
216
251
280
304
321
333
338
338
331
319
301
280
254
225
194
162
128
95
63
31
1
-27
-55
-83
-111
-140
-171
-202
-236
-271
-308
-345
-382
-417
-449
-477
-498
-513
-519
-516
-504
-482
-450
-410
-362
-306
-245
-180
-113
-46
18
80
135
181
218
243
256
256
243
218
183
140
90
37
-14
-64
-109
-145
-170
-184
-185
-173
-148
-114
-70
-20
33
87
138
185
225
256
278
288
288
278
259
232
199
161
121
82
44
9
-19
-42
-59
-69
-73
-72
-67
-61
-55
-51
-50
-55
-65
-82
-104
-130
-160
-190
-219
-245
-264
-274
-274
-261
-236
-199
-149
-89
-21
52
128
204
276
342
400
449
489
518
539
551
555
553
544
530
510
484
453
415
371
321
264
201
132
60
-14
-91
-167
-241
-311
-376
-433
-481
-519
-546
-561
-564
-555
-535
-505
-466
-418
-365
-306
-243
-178
-112
-46
17
79
137
189
233
269
295
309
310
299
273
235
185
125
57
-15
-90
-163
-233
-294
-346
-386
-412
-424
-421
-405
-378
-339
-294
-242
-188
-133
-80
-31
12
50
81
106
124
137
146
152
156
159
163
169
176
184
194
205
217
228
237
246
252
255
256
254
251
245
238
230
221
212
205
198
193
190
189
190
192
196
199
202
202
200
193
181
164
141
112
78
39
-2
-45
-87
-128
-165
-197
-223
-243
-255
-262
-262
-259
-252
-244
-235
-228
-223
-221
-223
-227
-234
-242
-251
-258
-262
-262
-256
-243
-222
-192
-154
-109
-59
-5
49
102
152
194
227
250
260
258
243
215
177
128
72
11
-51
-115
-176
-231
-280
-319
-347
-364
-369
-363
-346
-318
-282
-239
-190
-138
-83
-26
29
86
141
194
245
293
336
374
406
431
446
452
448
433
408
373
329
279
225
169
113
60
13
-26
-57
-78
-90
-93
-88
-78
-63
-45
-28
-12
0
10
15
14
9
0
-13
-30
-49
-69
-90
-110
-128
-145
-159
-171
-180
-187
-191
-193
-193
-190
-184
-175
-164
-150
-133
-114
-92
-70
-47
-24
-2
17
35
49
59
66
69
67
63
56
47
38
28
19
12
7
5
7
12
20
31
45
61
78
96
112
128
141
152
160
164
165
162
156
147
135
120
105
88
72
56
40
27
14
4
-3
-10
-14
-17
-19
-20
-21
-22
-24
-27
-32
-38
-46
-56
-68
-80
-93
-105
-115
-123
-128
-129
-125
-117
-104
-87
-67
-44
-19
5
30
54
75
93
107
116
120
119
113
102
88
71
53
34
16
0
-13
-24
-31
-35
-35
-32
-26
-19
-11
-3
3
8
11
10
7
0
-8
-18
-30
-42
-54
-63
-69
-72
-70
-65
-54
-39
-20
1
26
52
79
106
130
152
169
181
186
184
174
156
129
94
51
2
-51
-109
-169
-229
-285
-338
-383
-420
-447
-463
-467
-460
-442
-414
-377
-334
-286
-236
-186
-138
-94
-55
-22
4
25
40
50
57
62
66
71
78
88
102
118
138
160
182
204
223
238
248
252
249
238
221
198
169
138
104
71
39
11
-12
-29
-39
-41
-36
-24
-6
17
45
75
106
137
167
195
219
240
257
270
279
284
284
279
269
255
235
210
181
147
108
67
23
-22
-68
-115
-161
-204
-246
-283
-317
-345
-367
-383
-391
-392
-384
-368
-343
-311
-272
-228
-179
-126
-72
-19
32
80
123
160
190
211
224
228
223
209
188
160
127
90
51
12
-26
-62
-95
-123
-146
-164
-176
-184
-187
-186
-182
-175
-166
-156
-143
-128
-110
-90
-67
-41
-12
18
52
87
122
155
186
212
232
245
249
243
227
203
169
129
85
37
-9
-53
-93
-124
-147
-159
-161
-152
-134
-107
-72
-33
8
51
93
132
165
193
214
227
233
232
225
212
195
174
151
126
101
76
52
30
9
-9
-26
-41
-54
-64
-70
-73
-72
-66
-54
-36
-13
15
49
87
126
167
205
239
268
288
299
300
291
272
244
210
170
129
88
49
14
-14
-38
-56
-69
-79
-87
-95
-105
-118
-137
-161
-191
-227
-268
-313
-359
-404
-447
-485
-516
-540
-554
-559
-556
-543
-523
-497
-467
-433
-397
-361
-324
-289
-254
-220
-188
-156
-124
-92
-60
-28
3
34
64
92
117
139
157
170
179
183
182
178
171
162
152
142
134
128
125
127
134
147
164
187
215
246
278
312
344
374
398
417
428
429
422
404
377
341
298
249
196
142
87
35
-13
-55
-90
-117
-135
-144
-144
-134
-118
-94
-66
-35
-4
25
51
72
87
93
91
80
60
32
-2
-44
-91
-142
-195
-248
-301
-350
-394
-432
-462
-483
-493
-492
-480
-456
-420
-373
-315
-248
-174
-94
-12
69
148
220
283
335
373
397
406
400
381
351
313
269
223
178
136
101
73
54
45
45
53
68
88
111
134
156
175
187
192
188
176
154
124
87
45
-1
-49
-97
-143
-186
-224
-255
-280
-297
-308
-313
-312
-308
-300
-291
-281
-272
-264
-256
-250
-244
-239
-232
-224
-213
-198
-180
-157
-129
-97
-62
-24
15
56
96
134
169
199
224
244
257
265
268
266
261
253
244
235
227
220
215
213
214
217
222
230
239
249
260
269
276
281
282
280
272
260
244
223
198
170
140
108
76
44
14
-13
-38
-60
-77
-91
-101
-107
-110
-111
-109
-107
-103
-100
-97
-95
-95
-95
-97
-99
-102
-106
-110
-113
-117
-121
-125
-129
-133
-138
-144
-151
-160
-170
-181
-195
-210
-226
-245
-264
-285
-305
-326
-345
-361
-375
-384
-388
-386
-379
-364
-343
-316
-284
-246
-205
-161
-114
-66
-16
33
85
137
190
245
300
356
411
464
513
558
595
623
641
646
639
620
587
543
489
427
359
288
216
146
80
22
-27
-66
-95
-112
-119
-117
-105
-88
-65
-40
-15
7
27
42
50
52
45
31
9
-18
-52
-90
-130
-170
-209
-245
-277
-304
-324
-337
-343
-342
-335
-323
-306
-286
-263
-239
-215
-191
-168
-147
-127
-109
-93
-79
-66
-55
-45
-35
-26
-18
-10
-2
4
12
19
26
32
39
46
53
61
68
76
83
90
96
102
108
113
117
122
126
130
134
137
140
142
142
141
138
133
126
117
108
98
88
78
69
60
53
47
41
36
32
29
25
21
18
14
10
6
1
-3
-8
-14
-20
-27
-34
-41
-50
-59
-69
-81
-93
-107
