-27
-25
-20
-15
-7
0
8
17
26
35
43
50
55
59
61
60
57
50
40
27
11
-7
-27
-50
-72
-95
-117
-138
-156
-171
-183
-191
-197
-199
-199
-196
-193
-188
-184
-180
-176
-173
-170
-167
-165
-162
-158
-154
-150
-146
-143
-141
-140
-142
-146
-153
-162
-173
-185
-196
-206
-214
-219
-219
-214
-203
-186
-163
-135
-101
-63
-22
21
65
109
151
191
226
256
279
296
306
308
302
289
268
241
208
170
127
81
31
-18
-69
-120
-169
-215
-258
-296
-328
-354
-373
-385
-388
-384
-370
-349
-320
-284
-242
-195
-144
-90
-36
17
69
118
163
203
239
269
294
314
329
340
346
349
348
343
336
325
312
296
277
256
232
206
178
148
118
86
53
20
-13
-46
-79
-111
-142
-171
-197
-220
-239
-254
-264
-269
-268
-262
-251
-234
-212
-184
-153
-118
-80
-40
0
41
79
115
146
172
191
203
209
207
199
185
166
143
119
93
67
42
20
0
-17
-32
-44
-54
-61
-68
-73
-79
-84
-89
-95
-100
-105
-108
-110
-110
-107
-102
-94
-83
-70
-55
-39
-22
-5
11
28
44
59
73
87
100
113
126
139
152
166
181
196
211
227
243
258
273
288
301
312
322
330
336
340
342
340
336
328
316
300
279
254
225
192
156
118
78
38
0
-38
-74
-106
-135
-160
-181
-199
-214
-225
-235
-244
-252
-261
-271
-283
-297
-313
-330
-347
-365
-381
-395
-405
-410
-410
-404
-391
-372
-347
-316
-281
-242
-201
-158
-115
-73
-32
5
42
76
109
141
171
201
231
261
291
320
348
373
394
410
419
419
409
387
354
309
253
186
112
32
-49
-131
-210
-282
-345
-397
-435
-459
-468
-462
-443
-412
-370
-321
-267
-211
-154
-100
-51
-9
24
50
67
75
75
68
56
41
23
6
-8
-20
-28
-30
-26
-16
0
23
53
87
126
168
212
256
297
335
366
389
403
406
398
378
347
307
260
207
151
95
41
-8
-51
-87
-115
-134
-145
-150
-148
-142
-132
-120
-108
-96
-84
-74
-65
-58
-52
-47
-42
-39
-36
-34
-33
-33
-34
-36
-40
-45
-51
-59
-67
-76
-84
-93
-100
-106
-109
-110
-109
-105
-98
-89
-78
-66
-52
-37
-23
-8
5
19
33
46
58
70
81
91
101
109
115
120
123
124
123
120
114
106
96
85
71
56
41
25
10
-4
-17
-29
-38
-44
-48
-51
-51
-50
-49
-47
-46
-46
-46
-48
-50
-53
-56
-59
-62
-63
-64
-63
-60
-57
-53
-48
-44
-40
-38
-38
-40
-45
-53
-63
-75
-89
-104
-119
-133
-145
-154
-159
-160
-157
-149
-137
-120
-100
-76
-50
-23
5
33
60
86
111
135
156
177
197
216
234
252
270
285
299
310
316
317
311
296
273
238
194
138
73
-1
-83
-170
-260
-348
-431
-507
-571
-621
-655
-671
-667
-645
-603
-544
-470
-382
-284
-177
-66
47
159
266
367
459
539
606
658
695
715
720
709
683
644
594
534
466
392
315
237
159
84
11
-56
-120
-178
-231
-279
-321
-358
-389
-414
-434
-448
-455
-456
-450
-438
-420
-397
-369
-338
-303
-266
-229
-191
-153
-116
-81
-47
-16
12
38
62
84
103
119
133
144
152
157
160
160
158
153
147
139
129
118
106
93
80
65
50
33
16
-2
-21
-41
-61
-81
-101
-118
-134
-146
-154
-156
-154
-145
-130
-110
-84
-53
-18
17
54
91
125
155
181
201
215
222
224
221
213
202
188
174
158
143
129
115
102
90
79
68
58
47
37
27
16
6
-4
-13
-22
-30
-36
-40
-43
-43
-41
-37
-32
-25
-18
-11
-5
0
4
8
10
12
13
14
15
17
20
23
27
31
36
40
43
45
45
44
41
36
31
25
20
17
17
21
29
42
61
85
113
145
180
215
251
285
317
344
366
382
392
394
389
377
356
329
294
253
207
156
101
44
-14
-73
-132
-188
-242
-291
-337
-378
-413
-443
-468
-489
-504
-515
-522
-526
-526
-522
-515
-505
-491
-473
-452
-428
-400
-370
-339
-306
-274
-242
-213
-185
-161
-140
-123
-110
-101
-97
-96
-99
-106
-115
-127
-140
-153
-166
-178
-186
-192
-193
-189
-179
-164
-142
-115
-83
-47
-6
37
82
129
177
223
269
313
354
393
430
465
497
527
554
578
599
616
630
639
644
644
639
630
616
598
575
548
517
482
443
399
352
300
245
185
121
53
-16
-89
-164
-240
-315
-388
-457
-522
-581
-631
-673
-704
-725
-736
-736
-726
-707
-680
-646
-607
-565
-519
-472
-425
-379
-334
-292
-252
-216
-182
-151
-123
-97
-74
-53
-33
-16
0
13
25
36
45
53
59
65
70
74
79
85
91
99
108
118
130
144
160
176
194
211
228
244
259
270
279
285
289
289
286
282
276
269
261
253
245
237
230
224
218
212
207
203
199
195
191
187
182
178
173
167
161
155
148
142
136
130
125
121
117
114
112
109
107
105
102
98
92
86
78
68
57
44
30
15
0
-15
-32
-50
-68
-87
-107
-127
-148
-170
-191
-211
-229
-243
-254
-259
-259
-251
-237
-215
-186
-151
-111
-68
-22
23
67
107
143
172
193
207
213
212
204
191
173
152
130
108
86
66
48
32
18
5
-6
-18
-30
-44
-60
-77
-97
-118
-141
-166
-191
-217
-243
-269
-293
-317
-338
-357
-374
-389
-400
-409
-414
-415
-413
-407
-397
-382
-362
-336
-305
-267
-224
-176
-123
-67
-8
50
108
164
216
262
303
336
361
379
389
392
388
378
364
346
325
303
280
257
234
212
191
170
150
131
112
94
75
57
39
20
2
-16
-34
-51
-68
-84
-97
-109
-118
-124
-127
-126
-121
-113
-100
-84
-65
-43
-19
6
31
56
79
99
116
129
138
142
141
135
125
111
93
73
50
25
0
-26
-51
-73
-93
-109
-121
-128
-130
-126
-119
-107
-94
-79
-64
-51
-41
-35
-35
-40
-52
-69
-91
-119
-149
-182
-215
-247
-277
-301
-320
-331
-334
-328
-312
-288
-255
-216
-172
-124
-76
-28
15
55
89
116
136
148
152
148
139
124
105
84
61
38
17
-2
-19
-32
-41
-46
-48
-45
-38
-29
-16
-2
12
27
43
58
72
86
98
111
122
134
146
159
172
186
201
218
236
256
277
301
326
352
379
405
430
452
471
485
492
493
484
467
441
405
360
306
244
174
100
20
-60
-143
-224
-301
-374
-439
-494
-540
-573
-594
-603
-599
-583
-557
-521
-478
-429
-376
-321
-265
-209
-156
-107
-61
-20
14
45
71
92
109
123
134
143
151
157
162
164
165
163
157
147
133
115
92
64
33
0
-37
-75
-113
-151
-186
-217
-244
-265
-278
-283
-280
-268
-246
-216
-177
-131
-79
-23
36
97
157
215
270
319
362
398
426
447
460
466
465
459
447
430
410
387
361
334
307
279
253
228
206
187
171
158
148
139
132
125
116
104
88
66
38
2
-41
-93
-152
-217
-287
-360
-433
-505
-571
-631
-681
-720
-746
-758
-756
-739
-710
-670
-621
-565
-504
-442
-379
-319
-263
-212
-166
-128
-96
-71
-52
-39
-32
-30
-31
-35
-41
-48
-54
-59
-62
-61
-57
-48
-35
-18
1
22
44
63
80
91
97
96
88
73
54
31
6
-18
-40
-57
-67
-69
-61
-43
-15
22
68
122
180
242
304
363
417
464
501
527
541
543
532
511
480
441
397
350
302
256
213
174
142
116
97
85
79
78
80
86
94
102
109
114
117
116
113
106
97
85
71
56
40
23
7
-8
-24
-41
-57
-74
-92
-111
-131
-153
-175
-199
-223
-249
-274
-300
-324
-347
-368
-385
-398
-406
-410
-409
-402
-392
-377
-358
-336
-311
-284
-255
-225
-193
-159
-124
-87
-49
-11
27
65
101
135
164
188
205
215
217
212
198
179
154
126
97
69
44
24
12
7
13
28
53
87
128
175
225
276
324
368
405
433
450
455
449
432
405
370
330
287
244
205
172
147
133
130
139
159
189
228
272
318
364
406
440
465
476
473
454
419
369
304
227
140
46
-50
-149
-246
-337
-420
-493
-554
-602
-637
-656
-662
-655
-634
-603
-561
-511
-454
-391
-325
-258
-190
-125
-63
-7
41
82
114
136
148
150
144
129
107
79
45
9
-30
-71
-113
-155
-195
-234
-271
-304
-333
-358
-379
-395
-406
-412
-414
-412
-405
-395
-383
-369
-354
-340
-326
-314
-304
-297
-292
-289
-288
-286
-283
-278
-269
-256
-237
-211
-178
-138
-91
-38
19
82
148
215
282
348
409
466
516
558
591
616
631
636
632
619
598
570
536
497
454
409
362
314
267
222
180
141
106
76
51
30
14
1
-7
-13
-18
-21
-25
-28
-32
-36
-41
-45
-49
-52
-53
-52
-49
-44
-38
-30
-22
-16
-12
-10
-13
-21
-33
-51
-73
-99
-128
-158
-188
-217
-243
-264
-280
-288
-288
-280
-263
-239
-208
-171
-131
-88
-47
-8
25
52
72
82
83
74
57
31
0
-37
-78
-122
-165
-208
-248
-285
-317
-346
-369
-388
-402
-411
-415
-414
-408
-395
-377
-352
-319
-279
-231
-175
-112
-42
32
112
193
276
356
433
504
568
622
667
700
722
732
732
722
703
677
645
609
571
531
490
450
410
370
331
292
252
212
170
126
79
30
-20
-73
-127
-180
-230
-276
-316
-346
-366
-373
-367
-346
-313
-267
-210
-145
-75
-1
70
139
201
254
296
325
341
343
332
308
274
232
184
132
79
28
-20
-64
-102
-135
-163
-184
-201
-214
-223
-230
-234
-237
-239
-239
-238
-235
-230
-222
-211
-196
-178
-156
-129
-100
-68
-34
0
32
62
89
109
124
130
128
118
100
76
45
10
-27
-66
-103
-136
-165
-186
-200
-205
-200
-186
-163
-131
-92
-47
3
57
112
167
221
271
315
353
382
402
411
409
395
370
334
289
236
178
115
51
-11
-71
-124
-168
-202
-223
-231
-226
-206
-174
-130
-78
-18
44
107
168
223
268
302
322
326
313
284
239
179
107
25
-61
-149
-236
-316
-387
-444
-487
-513
-522
-514
-490
-452
-403
-345
-283
-219
-158
-102
-56
-22
-2
2
-9
-37
-79
-135
-200
-272
-348
-423
-495
-559
-613
-655
-682
-694
-690
-670
-635
-587
-526
-456
-378
-295
-209
-123
-39
41
116
184
245
297
340
375
401
419
431
437
437
433
427
418
409
401
393
386
381
377
374
371
367
361
352
340
323
301
275
245
211
175
137
98
61
26
-4
-32
-55
-72
-85
-94
-99
-101
-103
-105
-109
-116
-127
-141
-160
-184
-210
-239
-269
-298
-326
-351
-372
-388
-398
-402
-400
-392
-379
-362
-342
-320
-297
-274
-252
-231
-211
-192
-172
-152
