-104
-109
-113
-114
-111
-106
-96
-83
-67
-47
-24
1
29
58
89
121
154
188
222
257
293
329
365
400
436
470
502
532
557
578
592
599
598
589
570
542
505
461
410
354
295
234
172
112
55
1
-48
-94
-135
-172
-205
-234
-260
-282
-301
-317
-329
-337
-341
-340
-335
-326
-311
-293
-270
-244
-216
-185
-154
-123
-93
-64
-38
-14
5
21
34
42
47
48
45
39
31
21
11
0
-10
-20
-28
-34
-38
-41
-42
-43
-45
-49
-56
-66
-81
-102
-127
-157
-191
-228
-265
-302
-335
-364
-385
-396
-397
-386
-362
-327
-279
-222
-158
-88
-16
53
119
178
226
262
284
291
284
264
232
190
141
88
34
-18
-65
-106
-139
-163
-177
-184
-183
-177
-167
-155
-142
-132
-123
-118
-117
-118
-123
-129
-137
-144
-149
-151
-150
-144
-133
-117
-97
-71
-42
-10
23
58
94
129
163
195
225
251
274
294
309
321
328
331
331
326
319
308
296
282
266
251
235
220
206
193
180
167
155
142
128
113
96
77
56
33
7
-20
-49
-78
-107
-134
-158
-177
-191
-199
-199
-193
-181
-162
-139
-112
-83
-53
-25
0
20
36
45
47
43
33
17
-3
-27
-54
-81
-108
-133
-156
-174
-188
-198
-202
-201
-196
-186
-171
-154
-134
-113
-92
-71
-51
-33
-17
-3
7
17
25
33
41
50
60
71
84
98
114
131
149
167
185
202
217
231
241
248
251
249
242
229
211
187
158
125
89
51
11
-27
-65
-100
-132
-160
-183
-200
-210
-214
-210
-199
-181
-154
-121
-80
-34
17
73
132
193
253
310
363
409
446
472
485
482
464
430
379
314
237
148
53
-45
-145
-242
-332
-412
-479
-530
-565
-582
-581
-563
-528
-479
-419
-352
-279
-206
-135
-69
-12
34
69
93
105
107
100
86
68
47
27
9
-4
-14
-17
-16
-9
0
14
29
44
59
73
84
93
99
103
103
101
96
90
81
70
59
46
33
21
10
0
-8
-15
-21
-25
-30
-35
-41
-50
-62
-79
-100
-125
-154
-184
-216
-246
-273
-293
-305
-306
-295
-271
-233
-183
-121
-50
26
105
184
258
324
378
420
446
456
451
430
395
347
289
223
152
78
3
-68
-136
-197
-251
-295
-330
-352
-363
-362
-348
-321
-281
-230
-169
-98
-20
62
147
232
312
386
450
503
543
570
582
580
565
539
504
461
413
362
309
257
206
158
114
74
37
4
-25
-52
-76
-100
-122
-145
-167
-189
-212
-235
-257
-279
-300
-318
-334
-347
-356
-362
-362
-358
-349
-334
-316
-292
-265
-234
-201
-165
-129
-92
-56
-21
10
41
68
92
111
125
135
140
139
134
124
110
92
73
52
32
13
-2
-14
-20
-21
-15
-1
18
44
75
110
146
182
216
245
267
280
283
274
253
219
174
118
55
-13
-84
-155
-220
-278
-325
-360
-381
-388
-383
-365
-339
-306
-270
-232
-196
-164
-137
-116
-101
-93
-91
-96
-105
-119
-137
-158
-180
-204
-228
-253
-276
-297
-315
-331
-342
-349
-351
-348
-338
-322
-300
-270
-234
-191
-142
-85
-22
47
122
203
288
377
468
560
649
735
812
879
932
968
985
981
956
910
846
766
676
580
482
386
297
215
141
76
17
-36
-88
-140
-194
-252
-314
-379
-446
-514
-580
-643
-699
-746
-784
-810
-823
-825
-815
-794
-763
-723
-676
-622
-563
-500
-433
-363
-290
-216
-140
-65
9
83
155
222
286
343
394
436
470
494
507
511
505
490
467
437
403
365
326
287
250
216
185
159
138
122
112
106
105
107
113
121
130
141
151
161
170
177
182
185
185
184
181
176
171
165
158
152
145
138
130
122
112
100
87
71
53
32
7
-20
-52
-86
-124
-163
-203
-243
-280
-315
-344
-367
-381
-388
-385
-373
-353
-325
-291
-253
-212
-170
-130
-93
-61
-36
-17
-4
1
1
-2
-9
-17
-25
-31
-35
-36
-33
-26
-16
-2
14
32
52
72
92
112
130
146
160
171
179
182
181
176
165
149
128
102
71
36
-2
-42
-83
-122
-159
-190
-216
-234
-243
-243
-233
-215
-189
-155
-115
-72
-26
19
63
104
139
168
189
200
202
195
178
154
122
86
47
7
-30
-63
-91
-112
-126
-132
-132
-127
-118
-108
-98
-91
-88
-89
-96
-106
-120
-136
-151
-165
-175
-180
-180
-174
-164
-149
-132
-114
-96
-81
-67
-58
-52
-49
-49
-50
-52
-53
-52
-48
-40
-27
-8
16
45
80
120
162
206
250
294
335
371
403
427
445
454
455
448
432
408
378
341
299
253
204
153
102
51
2
-44
-89
-130
-168
-202
-231
-256
-277
-294
-307
-316
-322
-324
-324
-320
-314
-305
-294
-279
-261
-239
-213
-182
-147
-107
-62
-14
37
91
145
198
249
295
334
367
390
402
404
394
372
339
296
243
184
119
51
-16
-81
-142
-196
-241
-275
-297
-308
-306
-293
-270
-239
-202
-161
-119
-78
-40
-5
23
47
65
79
89
95
99
101
102
103
103
102
100
98
94
89
83
75
65
54
43
30
18
5
-5
-15
-24
-30
-34
-36
-36
-33
-30
-25
-20
-16
-14
-13
-15
-20
-28
-38
-51
-66
-81
-97
-112
-125
-136
-144
-148
-149
-145
-138
-128
-116
-102
-88
-75
-64
-58
-56
-61
-72
-91
-117
-151
-191
-237
-288
-341
-395
-448
-498
-543
-580
-607
-623
-625
-613
-586
-543
-484
-410
-320
-217
-102
24
160
304
453
604
757
907
1052
1189
1315
1428
1524
1600
1654
1682
1684
1657
1600
1513
1395
1249
1076
878
660
425
177
-75
-330
-581
-820
-1044
-1246
-1422
-1567
-1680
-1757
-1798
-1802
-1770
-1704
-1607
-1482
-1334
-1166
-985
-794
-599
-405
-215
-35
131
282
415
527
616
684
728
752
755
740
710
667
614
555
491
426
360
295
231
169
108
47
-13
-77
-143
-212
-284
-359
-434
-509
-581
-646
-701
-741
-764
-765
-742
-692
-614
-507
-373
-215
-36
159
364
574
780
976
1155
1311
1438
1533
1592
1615
1602
1556
1482
1383
1267
1139
1006
875
748
631
524
429
344
268
198
131
65
-2
-74
-153
-238
-329
-426
-526
-628
-727
-822
-909
-984
-1047
-1094
-1125
-1140
-1139
-1124
-1096
-1057
-1010
-957
-901
-842
-784
-726
-670
-615
-562
-509
-456
-402
-347
-291
-232
-172
-111
-48
13
74
134
190
243
291
335
373
407
436
460
480
496
509
519
526
531
534
535
534
530
525
516
504
489
471
448
421
391
356
318
277
233
188
141
94
48
2
-40
-81
-119
-154
-184
-211
-234
-253
-268
-280
-290
-296
-299
-300
-298
-293
-284
-273
-259
-241
-222
-200
-177
-152
-128
-103
-78
-54
-31
-8
12
32
51
69
85
98
109
117
122
122
118
109
95
75
50
20
-14
-52
-92
-134
-177
-217
-256
-290
-319
-342
-358
-367
-369
-363
-350
-331
-306
-277
-244
-210
-174
-139
-105
-73
-43
-16
8
31
53
73
94
115
137
159
183
206
229
252
272
288
301
309
311
306
294
275
248
215
175
130
81
28
-25
-78
-130
-177
-220
-255
-283
-302
-312
-313
-307
-294
-275
-252
-226
-199
-173
-147
-124
-102
-82
-63
-44
-24
-3
19
46
75
107
142
177
213
246
275
300
317
326
326
317
299
273
241
203
163
122
83
46
16
-7
-24
-33
-34
-28
-17
-1
16
34
52
67
78
84
85
81
72
58
42
23
4
-14
-30
-44
-53
-58
-58
-54
-45
-33
-18
0
18
37
56
74
92
109
124
137
149
159
167
173
177
177
174
167
157
142
124
101
74
44
10
-25
-64
-105
-146
-188
-229
-268
-304
-336
-363
-384
-398
-405
-405
-397
-383
-362
-335
-302
-266
-226
-184
-141
-97
-53
-10
31
70
108
143
176
206
234
258
280
298
313
325
332
336
336
332
323
311
294
273
249
222
192
160
128
95
63
32
4
-20
-41
-58
-71
-79
-82
-81
-76
-67
-56
-44
-29
-15
0
12
24
34
42
47
51
52
52
51
50
49
48
49
50
53
57
61
66
70
74
76
76
74
69
61
49
35
18
-1
-21
-43
-64
-84
-102
-117
-128
-135
-137
-136
-130
-122
-112
-101
-90
-82
-76
-74
-77
-86
-99
-117
-138
-162
-186
-210
-232
-249
-262
-268
-267
-259
-244
-222
-194
-162
-126
-88
-50
-11
24
58
88
114
135
152
164
171
175
175
173
168
163
157
150
145
139
135
132
130
129
128
127
126
124
121
116
108
99
86
71
53
33
11
-12
-37
-62
-88
-113
-137
-159
-179
-197
-212
-223
-231
-234
-234
-230
-222
-211
-196
-179
-159
-138
-116
-94
-72
-50
-29
-9
9
27
44
59
72
85
95
104
111
117
119
119
117
111
102
90
76
60
42
23
6
-10
-24
-34
-42
-45
-44
-39
-30
-18
-4
10
27
44
60
75
89
100
110
118
124
128
132
135
138
141
145
150
155
160
165
170
173
174
173
169
163
154
142
128
113
95
76
57
36
15
-5
-26
-47
-67
-88
-107
-126
-145
-164
-182
-199
-216
-231
-245
-258
-268
-275
-280
-281
-280
-276
-269
-259
-248
-235
-222
-208
-194
-181
-169
-160
-152
-147
-145
-145
-148
-154
-161
-169
-177
-184
-189
-190
-188
-181
-170
-153
-131
-105
-76
-43
-9
24
57
88
116
141
161
176
187
194
197
197
195
191
186
181
177
172
169
166
164
163
162
162
162
163
164
166
168
172
177
183
191
199
209
219
229
238
246
251
254
252
246
236
220
200
176
148
116
83
48
12
-21
-53
-81
-105
-124
-137
-145
-147
-144
-137
-128
-117
-106
-97
-90
-86
-87
-92
-102
-116
-134
-155
-177
-200
-221
-240
-256
-267
-272
-271
-264
-252
-235
-213
-189
-164
-140
-118
-98
-84
-74
-69
-69
-74
-83
-95
-107
-120
-131
-138
-141
-138
-129
-114
-92
-64
-31
4
42
82
121
158
193
224
251
273
291
304
312
315
314
308
299
285
269
250
229
206
183
160
137
115
94
74
56
40
26
15
7
2
0
2
6
13
23
35
49
64
80
96
113
128
142
155
165
172
176
177
173
166
156
142
126
107
88
68
49
30
12
-3
-18
-31
-43
-53
-62
-69
-75
-79
-83
-86
-87
-89
-89
-90
-90
-90
-90
-89
-89
-89
-89
-90
-90
-91
-93
-95
-97
-99
-102
-105
-108
-111
-115
-119
-122
-126
-129
-131
-131
-130
-127
-122
-115
-105
-94
-80
-65
-49
-32
-15
1
18
33
48
61
74
85
95
105
113
122
130
138
145
153
160
166
172
177
180
182
182
180
177
172
165
158
149
140
130
119
108
96
83
69
53
36
16
-4
-28
-53
-79
-107
-135
-163
-189
-214
-236
-255
-271
-282
-290
-294
-293
