-1600
-1336
-1058
-774
-489
-208
62
319
561
784
986
1165
1319
1448
1551
1627
1676
1700
1701
1680
1641
1587
1520
1444
1361
1274
1185
1095
1006
918
830
743
657
571
484
396
306
212
115
12
-95
-207
-325
-445
-565
-681
-788
-882
-956
-1006
-1025
-1011
-961
-875
-755
-604
-427
-234
-32
169
362
537
687
807
893
946
966
956
922
870
807
740
675
618
573
543
528
529
543
566
594
623
647
662
664
649
617
568
501
419
327
229
129
33
-54
-130
-191
-237
-267
-284
-290
-290
-288
-290
-300
-321
-357
-408
-474
-553
-641
-735
-829
-918
-997
-1062
-1108
-1134
-1136
-1115
-1070
-1005
-920
-820
-708
-588
-465
-342
-224
-113
-12
75
150
212
260
295
318
331
336
334
328
318
307
296
286
278
271
266
262
256
249
237
221
199
170
135
95
49
0
-50
-102
-153
-202
-250
-295
-339
-381
-422
-464
-508
-553
-600
-649
-700
-751
-801
-849
-892
-928
-955
-969
-969
-952
-915
-857
-776
-673
-548
-402
-239
-63
120
306
487
658
813
946
1054
1132
1180
1197
1186
1150
1093
1022
942
861
784
717
664
627
607
604
612
629
648
663
668
655
619
555
461
333
174
-16
-234
-474
-730
-994
-1257
-1509
-1740
-1938
-2094
-2196
-2236
-2206
-2100
-1916
-1654
-1319
-916
-458
41
566
1097
1614
2096
2525
2883
3157
3339
3424
3414
3315
3137
2894
2601
2277
1936
1593
1262
950
665
410
184
-14
-189
-345
-489
-626
-760
-896
-1034
-1175
-1318
-1460
-1595
-1720
-1827
-1912
-1969
-1995
-1988
-1948
-1876
-1775
-1649
-1505
-1347
-1182
-1015
-850
-693
-545
-408
-284
-171
-70
20
101
174
239
297
348
391
425
449
461
461
447
419
378
325
262
193
120
48
-19
-80
-132
-172
-201
-219
-227
-228
-223
-214
-202
-189
-174
-156
-131
-99
-54
3
78
171
283
412
555
710
871
1033
1190
1336
1466
1577
1667
1737
1787
1822
1848
1871
1897
1930
1975
2031
2096
2165
2228
2274
2291
2264
2180
2029
1802
1495
1110
652
132
-435
-1031
-1636
-2227
-2783
-3283
-3711
-4053
-4298
-4442
-4483
-4426
-4279
-4053
-3762
-3423
-3051
-2663
-2275
-1899
-1548
-1228
-946
-704
-501
-335
-203
-98
-14
52
110
162
214
266
323
383
448
517
589
662
735
808
878
946
1010
1070
1125
1175
1219
1258
1289
1314
1331
1340
1341
1334
1318
1295
1264
1225
1178
1124
1062
990
909
817
713
597
469
329
179
21
-141
-306
-468
-622
-765
-890
-993
-1071
-1120
-1140
-1129
-1088
-1019
-926
-812
-681
-540
-392
-243
-97
40
167
280
376
455
516
558
583
591
584
562
528
483
428
364
293
216
134
50
-34
-119
-199
-274
-341
-397
-440
-469
-482
-480
-463
-432
-389
-337
-279
-218
-156
-96
-40
9
53
91
122
149
173
194
214
234
254
274
292
307
318
322
317
301
272
229
173
104
26
-59
-146
-231
-309
-375
-427
-461
-476
-472
-452
-419
-377
-332
-289
-253
-229
-222
-233
-264
-314
-382
-466
-561
-664
-771
-881
-990
-1098
-1204
-1309
-1414
-1518
-1622
-1723
-1819
-1905
-1973
-2014
-2020
-1980
-1883
-1720
-1486
-1176
-789
-331
190
764
1373
2001
2626
3228
3788
4286
4707
5037
5269
5398
5422
5345
5173
4915
4583
4189
3745
3266
2763
2248
1731
1221
726
250
-201
-626
-1022
-1388
-1722
-2024
-2293
-2528
-2729
-2894
-3023
-3116
-3173
-3194
-3182
-3136
-3059
-2954
-2823
-2670
-2497
-2307
-2103
-1890
-1669
-1444
-1218
-995
-777
-568
-370
-186
-19
128
257
365
454
522
574
609
632
645
650
652
652
654
659
670
687
712
744
784
830
882
938
997
1055
1111
1162
1205
1239
1260
1267
1259
1233
1190
1129
1052
961
856
743
623
501
380
264
156
60
-22
-92
-147
-189
-220
-243
-261
-277
-296
-320
-351
-391
-442
-501
-569
-643
-721
-801
-880
-958
-1032
-1100
-1163
-1220
-1270
-1314
-1350
-1380
-1401
-1414
-1418
-1411
-1393
-1361
-1315
-1253
-1174
-1077
-960
-823
-666
-489
-292
-76
155
402
660
927
1197
1467
1730
1981
2214
2421
2595
2729
2815
2847
2820
2732
2580
2367
2096
1773
1407
1007
582
142
-302
-742
-1171
-1580
-1964
-2318
-2635
-2912
-3142
-3322
-3448
-3514
-3518
-3458
-3332
-3142
-2891
-2584
-2229
-1834
-1411
-971
-526
-89
327
712
1055
1346
1580
1750
1856
1898
1880
1807
1686
1528
1344
1143
938
737
552
391
261
169
120
119
167
265
409
596
817
1065
1327
1590
1842
2068
2257
2395
2474
2488
2432
2307
2116
1865
1563
1224
860
485
114
-240
-566
-856
-1104
-1307
-1466
-1584
-1666
-1718
-1747
-1761
-1767
-1769
-1772
-1779
-1789
-1800
-1810
-1815
-1808
-1786
-1742
-1673
-1575
-1448
-1292
-1110
-904
-681
-447
-208
28
257
472
670
847
1003
1135
1245
1333
1400
1446
1472
1479
1467
1438
1392
1330
1256
1170
1075
973
869
763
659
558
462
372
289
213
143
79
19
-38
-94
-151
-211
-275
-344
-418
-496
-579
-663
-746
-826
-898
-958
-1002
-1025
-1025
-997
-938
-847
-724
-569
-385
-177
48
286
525
756
970
1156
1307
1415
1477
1490
1455
1376
1258
1109
938
753
562
375
195
29
-121
-256
-377
-485
-585
-679
-771
-863
-957
-1054
-1154
-1256
-1356
-1453
-1544
-1624
-1692
-1743
-1775
-1785
-1771
-1733
-1667
-1574
-1454
-1306
-1131
-931
-707
-463
-203
66
342
614
877
1122
1341
1526
1670
1768
1816
1812
1755
1648
1494
1301
1076
828
568
306
52
-183
-393
-570
-708
-804
-856
-865
-831
-758
-651
-517
-362
-195
-24
139
289
416
511
570
586
559
490
383
245
86
-79
-240
-379
-482
-535
-528
-453
-308
-95
179
506
871
1256
1644
2015
2351
2637
2858
3004
3068
3047
2943
2761
2510
2201
1848
1464
1064
661
266
-110
-462
-784
-1075
-1333
-1561
-1761
-1937
-2093
-2234
-2362
-2480
-2592
-2697
-2795
-2886
-2968
-3037
-3091
-3127
-3141
-3132
-3096
-3034
-2945
-2831
-2694
-2537
-2364
-2180
-1989
-1795
-1602
-1413
-1229
-1052
-881
-716
-554
-395
-234
-71
97
274
461
660
872
1098
1340
1598
1873
2166
2475
2799
3139
3490
3850
4215
4579
4936
5278
5596
5880
6119
6303
6420
6460
6413
6270
6028
5683
5237
4696
4070
3373
2623
1839
1043
259
-493
-1196
-1832
-2392
-2869
-3262
-3574
-3812
-3986
-4108
-4190
-4246
-4286
-4319
-4354
-4393
-4438
-4488
-4540
-4588
-4627
-4650
-4649
-4620
-4555
-4452
-4308
-4121
-3892
-3622
-3315
-2973
-2601
-2204
-1788
-1358
-920
-480
-43
383
795
1187
1554
1891
2194
2459
2683
2865
3004
3098
3150
3161
3134
3072
2979
2860
2719
2561
2389
2208
2020
1829
1637
1445
1255
1069
887
710
540
378
223
79
-55
-178
-288
-385
-468
-536
-588
-626
-647
-654
-646
-625
-591
-547
-493
-431
-365
-297
-228
-163
-103
-51
-10
19
36
40
32
12
-16
-51
-90
-129
-166
-198
-223
-239
-246
-244
-233
-215
-190
-160
-128
-93
-57
-21
13
48
83
116
148
178
205
228
245
256
258
249
230
198
153
95
26
-52
-141
-235
-333
-432
-529
-620
-702
-773
-830
-869
-889
-888
-865
-819
-750
-661
-552
-428
-293
-150
-7
132
263
380
478
554
604
628
626
596
543
468
375
268
151
28
-94
-216
-332
-440
-540
-630
-711
-783
-847
-906
-960
-1009
-1056
-1098
-1135
-1164
-1183
-1187
-1174
-1140
-1081
-996
-883
-742
-577
-389
-183
33
255
475
686
883
1058
1209
1331
1423
1485
1517
1522
1503
1464
1409
1344
1272
1199
1128
1062
1003
954
915
885
864
849
841
835
831
826
818
806
788
763
732
692
645
589
526
454
374
286
189
85
-26
-143
-265
-390
-515
-638
-756
-866
-965
-1051
-1120
-1172
-1204
-1216
-1208
-1180
-1133
-1070
-993
-903
-806
-703
-599
-497
-400
-313
-236
-173
-124
-90
-70
-63
-68
-82
-101
-122
-142
-157
-164
-162
-147
-119
-77
-23
40
112
188
263
333
393
439
467
473
456
416
354
271
170
57
-65
-191
-317
-437
-549
-650
-736
-808
-863
-903
-927
-936
-931
-911
-879
-834
-777
-707
-626
-534
-431
-318
-196
-67
66
204
345
485
623
757
885
1005
1115
1212
1295
1361
1407
1433
1435
1413
1365
1290
1186
1053
891
700
481
237
-25
-301
-581
-856
-1114
-1343
-1532
-1669
-1746
-1754
-1689
-1548
-1331
-1043
-689
-278
177
664
1168
1670
2153
2600
2993
3320
3565
3722
3785
3751
3625
3411
3121
2765
2357
1912
1444
968
496
39
-392
-791
-1153
-1473
-1750
-1984
-2175
-2326
-2441
-2522
-2573
-2599
-2603
-2588
-2556
-2508
-2447
-2371
-2282
-2178
-2060
-1928
-1780
-1619
-1446
-1262
-1071
-875
-680
-487
-303
-130
28
169
291
394
476
540
586
616
633
638
634
622
604
581
555
526
495
464
434
406
382
363
350
346
350
364
388
424
470
527
596
674
761
857
958
1063
1169
1272
1371
1461
1538
1599
1642
1664
1662
1636
1586
1510
1411
1288
1145
982
803
610
406
193
-22
-241
-457
-668
-870
-1060
-1236
-1395
-1536
-1656
-1755
-1834
-1893
-1934
-1956
-1964
-1958
-1939
-1910
-1872
-1824
-1767
-1700
-1623
-1535
-1434
-1319
-1190
-1044
-881
-701
-504
-290
-61
180
432
690
948
1202
1445
1672
1875
2048
2184
2278
2324
2318
2259
2145
1980
1767
1514
1229
922
604
285
-23
-313
-579
-816
-1021
-1194
-1337
-1451
-1539
-1604
-1648
-1672
-1677
-1661
-1623
-1562
-1474
-1359
-1215
-1043
-844
-621
-382
-131
122
369
600
805
975
1103
1182
1210
1183
1106
980
814
615
395
165
-63
-279
-473
-637
-767
-858
-910
-925
-908
-863
-796
-713
-622
-528
-435
-347
-266
-194
-130
-74
-24
21
65
110
156
204
254
307
360
410
457
496
526
543
547
536
510
470
418
356
289
219
152
92
42
8
-6
-1
28
83
162
265
389
530
682
840
995
1140
1266
1366
1433
1462
1449
1392
1293
1155
983
783
565
337
109
-109
-312
-490
-640
-758
-842
-893
-914
-910
-885
-847
-802
-757
-721
-698
-694
-712
-753
-817
-900
-998
-1105
-1214
-1316
-1404
-1470
-1508
-1512
-1478
-1406
-1296
-1149
-970
-764
-539
-303
-64
167
384
577
738
863
947
990
992
960
898
817
724
631
545
475
426
399
394
408
435
467
494
509
504
471
406
307
175
13
-171
-371
-577
-779
-965
-1125
-1250
-1333
-1368
-1353
-1285
-1166
-1001
-793
-550
-280
9
308
609
903
1180
1435
1660
1851
2005
2120
2196
2235
2241
2218
2170
2105
2026
1937
1844
1746
1646
1543
1436
1323
1200
1066
918
753
571
373
158
-68
-303
-541
-775
-998
-1204
-1387
-1543
-1668
-1761
-1822
-1855
-1863
-1852
-1825
-1788
-1747
-1704
-1663
-1624
-1586
-1550
-1510
-1466
-1412
-1344
-1260
-1156
-1031
-883
-714
-526
-323
-111
102
308
500
667
803
901
957
971
944
880
786
669
539
404
274
158
62
-8
-49
-59
-37
15
96
200
321
455
592
726
848
951
1028
1076
1090
1071
1020
941
841
727
608
494
391
309
252
224
225
254
307
378
460
545
625
690
733
747
728
670
574
440
271
74
-144
-376
-610
-837
-1047
-1230
-1380
-1490
-1554
-1570
-1537
-1454
-1326
-1156
-951
-719
-470
-215
32
263
463
624
736
794
793
734
621
460
261
35
-203
-440
-662
-857
-1015
-1127
-1191
-1206
-1172
-1096
-984
-844
-684
-515
-344
-177
-22
118
243
352
