-213
-237
-260
-282
-301
-319
-333
-344
-352
-356
-356
-352
-343
-330
-313
-290
-262
-230
-194
-155
-114
-72
-31
7
43
74
99
118
131
138
140
137
130
120
109
98
87
78
71
66
63
62
63
65
68
71
74
75
75
73
69
62
54
43
31
17
2
-12
-27
-41
-54
-66
-76
-83
-89
-91
-92
-89
-84
-77
-67
-55
-41
-25
-9
7
23
39
53
65
75
83
88
90
91
90
88
87
85
85
85
87
90
94
98
103
107
111
114
117
118
118
116
112
107
99
90
78
64
49
33
15
-2
-20
-39
-57
-76
-94
-112
-129
-145
-160
-173
-183
-190
-193
-192
-187
-177
-162
-143
-120
-93
-64
-32
-1
29
58
84
106
123
133
138
138
131
121
107
92
76
62
49
40
35
33
35
39
45
51
55
58
57
52
43
30
13
-7
-31
-56
-82
-108
-134
-158
-180
-200
-219
-236
-252
-266
-281
-295
-309
-323
-336
-347
-356
-360
-360
-354
-341
-320
-291
-255
-213
-165
-114
-63
-13
33
73
105
128
142
148
146
139
129
118
110
105
106
114
128
148
172
198
224
248
268
281
287
286
277
263
243
220
196
173
154
140
131
130
136
148
165
187
210
234
256
273
286
291
288
275
254
222
182
133
77
14
-52
-120
-189
-255
-316
-369
-412
-444
-464
-471
-466
-449
-424
-391
-354
-316
-279
-248
-222
-205
-196
-195
-201
-212
-225
-237
-245
-245
-236
-216
-184
-141
-89
-30
32
96
158
213
259
295
319
330
330
318
298
271
238
204
169
136
106
81
61
46
37
33
32
35
41
48
56
64
73
81
89
97
105
112
118
124
127
129
128
125
120
111
100
87
72
55
38
20
1
-16
-34
-52
-69
-84
-98
-110
-119
-125
-127
-125
-117
-104
-86
-62
-34
-2
32
68
103
137
167
192
210
222
225
221
209
189
162
129
91
49
5
-41
-88
-135
-180
-222
-261
-295
-323
-345
-359
-365
-362
-349
-327
-295
-254
-203
-144
-78
-6
70
149
228
306
379
446
504
551
585
605
610
600
574
533
478
411
334
250
160
67
-25
-116
-203
-283
-357
-421
-475
-518
-550
-571
-580
-577
-564
-540
-506
-464
-414
-359
-298
-235
-170
-104
-41
18
73
122
162
193
213
223
221
208
185
153
113
69
23
-22
-64
-100
-128
-145
-150
-144
-126
-97
-59
-15
32
82
130
174
212
241
262
272
272
264
248
227
201
173
144
116
90
66
44
24
5
-12
-29
-48
-67
-87
-109
-132
-155
-178
-199
-218
-232
-241
-244
-239
-227
-207
-180
-146
-108
-66
-22
20
62
101
135
164
188
207
219
227
230
229
224
216
205
192
177
160
141
122
101
80
59
38
17
-3
-22
-41
-60
-78
-97
-116
-135
-156
-178
-201
-224
-247
-268
-287
-302
-313
-319
-318
-312
-299
-281
-257
-230
-201
-170
-139
-110
-81
-55
-29
-5
19
45
74
106
141
181
225
271
318
365
409
448
479
502
514
515
504
480
445
400
344
281
212
138
61
-15
-91
-165
-233
-295
-349
-394
-428
-450
-460
-458
-443
-416
-378
-329
-272
-208
-140
-69
1
70
134
190
237
273
298
310
311
301
283
259
232
204
180
160
147
142
146
159
178
203
230
259
284
304
315
316
304
278
239
187
122
47
-34
-120
-208
-294
-374
-448
-511
-563
-602
-627
-639
-639
-626
-602
-569
-528
-481
-429
-375
-320
-265
-212
-162
-115
-73
-34
0
31
59
84
108
131
154
177
200
224
248
271
293
312
328
339
344
343
334
319
298
271
241
209
178
149
125
107
96
93
98
110
129
151
175
199
220
235
244
244
235
218
192
159
122
82
42
4
-30
-60
-84
-102
-113
-120
-124
-126
-128
-132
-140
-154
-173
-200
-233
-272
-316
-365
-415
-466
-515
-559
-598
-629
-650
-661
-661
-650
-628
-594
-551
-498
-436
-368
-294
-215
-133
-49
35
118
200
278
351
419
480
534
578
613
636
649
650
638
615
582
539
488
432
372
312
253
199
150
110
78
56
42
37
39
47
58
71
84
93
97
94
84
64
34
-3
-50
-104
-163
-226
-290
-352
-411
-463
-507
-540
-561
-569
-563
-542
-507
-459
-399
-328
-249
-165
-79
5
86
158
221
271
306
327
333
324
303
270
227
179
127
74
22
-25
-67
-102
-129
-146
-155
-155
-146
-130
-108
-80
-47
-10
29
71
114
157
200
241
279
314
343
368
385
397
401
399
390
374
353
326
294
259
220
178
133
87
39
-9
-58
-108
-157
-206
-252
-296
-336
-372
-400
-420
-431
-431
-420
-397
-363
-318
-265
-205
-142
-79
-19
34
78
110
128
131
119
94
57
12
-35
-84
-129
-166
-192
-205
-204
-189
-162
-125
-81
-34
10
51
85
108
121
121
111
92
68
40
13
-8
-23
-28
-20
0
33
79
134
197
265
334
400
462
517
562
597
620
631
632
621
601
573
537
495
447
395
338
277
213
145
73
0
-77
-154
-232
-308
-381
-450
-512
-565
-608
-640
-660
-667
-661
-644
-615
-578
-534
-486
-436
-387
-340
-299
-264
-236
-216
-204
-199
-200
-205
-212
-220
-226
-228
-224
-213
-195
-169
-136
-96
-52
-4
44
91
136
176
209
234
251
259
259
251
237
219
197
175
154
136
122
113
111
114
122
135
151
170
189
207
224
237
246
250
248
241
228
209
187
160
131
101
71
42
16
-6
-24
-36
-43
-45
-40
-30
-15
2
23
45
68
89
107
123
133
139
139
133
121
104
82
56
27
-3
-35
-68
-99
-130
-158
-184
-208
-227
-244
-256
-265
-270
-271
-268
-262
-253
-242
-230
-218
-206
-195
-186
-179
-175
-173
-172
-172
-171
-168
-163
-153
-138
-118
-93
-64
-31
1
34
64
89
107
118
121
117
105
87
67
45
25
9
0
-2
4
20
46
79
118
163
209
255
298
336
367
391
405
411
407
396
377
353
325
294
263
231
201
172
146
123
102
82
63
45
25
5
-16
-40
-66
-93
-121
-149
-175
-198
-218
-234
-245
-251
-253
-251
-246
-238
-229
-220
-212
-206
-203
-204
-209
-217
-230
-245
-262
-280
-296
-310
-320
-324
-322
-312
-294
-268
-235
-194
-146
-94
-38
20
80
140
198
252
302
346
384
415
439
456
466
471
470
464
453
439
421
399
374
346
315
280
243
202
159
113
66
19
-26
-72
-114
-153
-188
-217
-240
-258
-270
-276
-278
-275
-268
-260
-250
-239
-228
-218
-209
-202
-196
-191
-188
-185
-182
-178
-173
-166
-157
-144
-129
-110
-89
-66
-42
-17
5
25
43
57
67
72
74
72
67
60
53
45
38
33
29
26
26
27
29
31
34
37
40
42
43
43
43
43
42
42
42
43
45
48
51
56
61
65
69
73
74
75
74
71
68
63
59
55
52
52
55
60
68
79
92
106
119
131
140
145
145
139
127
109
86
58
26
-8
-44
-81
-117
-152
-184
-213
-238
-258
-272
-282
-285
-283
-276
-264
-247
-226
-202
-174
-145
-113
-79
-45
-10
23
55
84
108
127
140
145
143
133
117
94
68
39
9
-19
-46
-68
-84
-95
-99
-96
-86
-70
-48
-22
7
40
73
107
140
172
200
225
247
266
281
294
303
310
315
316
315
311
303
292
276
255
230
199
163
123
78
30
-20
-73
-126
-178
-228
-274
-316
-351
-379
-399
-411
-414
-408
-394
-372
-343
-308
-268
-225
-181
-138
-97
-61
-32
-10
2
6
1
-10
-28
-50
-73
-96
-114
-128
-133
-130
-118
-96
-67
-30
10
53
95
135
170
199
220
233
238
236
229
219
208
198
191
187
188
194
203
214
224
232
235
231
217
194
161
118
68
14
-42
-98
-149
-193
-227
-248
-256
-250
-231
-200
-161
-115
-67
-19
24
62
91
111
121
121
113
99
79
57
35
13
-4
-20
-32
-40
-47
-52
-57
-63
-72
-85
-101
-122
-145
-170
-196
-220
-240
-256
-266
-267
-261
-245
-221
-189
-151
-107
-59
-11
36
82
124
160
190
213
229
238
241
240
234
225
213
200
185
168
150
131
110
87
64
40
16
-4
-23
-38
-47
-50
-45
-33
-13
14
48
86
127
168
208
244
273
293
305
305
295
274
244
206
162
115
66
18
-25
-63
-94
-117
-130
-133
-128
-114
-94
-68
-40
-10
18
43
63
76
80
74
58
31
-5
-51
-106
-168
-235
-304
-373
-440
-503
-559
-606
-644
-670
-686
-689
-681
-664
-637
-603
-563
-519
-472
-423
-371
-317
-260
-200
-134
-61
17
105
200
302
410
520
629
733
828
909
971
1012
1029
1019
983
922
838
735
616
486
350
213
79
-46
-162
-265
-353
-427
-485
-529
-559
-577
-585
-583
-575
-560
-540
-515
-487
-455
-419
-379
-334
-285
-232
-175
-115
-53
8
70
130
185
235
279
315
344
363
375
378
373
361
342
317
287
252
215
174
133
90
49
9
-27
-60
-87
-108
-122
-127
-124
-112
-94
-69
-41
-10
19
47
69
84
90
87
73
50
19
-19
-62
-108
-154
-197
-235
-265
-287
-300
-302
-294
-277
-252
-220
-185
-148
-111
-76
-44
-17
4
21
33
40
43
44
44
43
43
45
48
54
62
72
84
95
106
115
122
126
125
120
111
98
82
63
44
24
6
-8
-18
-23
-22
-14
0
21
48
80
115
152
189
224
256
284
305
320
328
328
322
309
292
270
246
221
196
172
150
131
115
102
91
84
79
76
74
72
71
70
69
68
66
64
60
56
51
44
37
27
17
5
-7
-21
-36
-52
-68
-86
-105
-126
-148
-171
-197
-224
-253
-282
-311
-340
-367
-391
-413
-430
-443
-450
-452
-448
-439
-424
-406
-383
-358
-331
-303
-275
-249
-224
-201
-181
-163
-148
-134
-121
-109
-96
-83
-67
-48
-27
-2
25
58
93
130
169
209
248
286
320
350
375
394
406
413
412
406
395
378
358
335
310
284
257
231
205
180
157
135
115
96
78
61
44
27
10
-6
-23
-40
-57
-74
-89
-103
-115
-125
-133
-138
-141
-141
-138
-133
-126
-118
-109
-100
-92
-86
-84
-86
-94
-107
-126
-151
-181
-215
-252
-290
-327
-361
-391
-415
-431
-438
-435
-423
-400
-368
-327
-279
-225
-167
-107
-47
10
65
114
157
192
221
241
255
262
263
260
254
245
235
225
217
209
204
201
200
200
202
204
206
207
207
204
200
194
187
177
167
156
144
133
122
112
103
94
86
78
70
61
51
41
31
19
8
-2
-12
-21
-28
-33
-35
-33
-29
-23
-14
-3
7
18
29
38
46
51
53
52
49
43
