-207
-153
-90
-19
55
132
209
280
344
396
434
455
460
446
415
367
305
232
151
64
-23
-109
-189
-263
-326
-378
-418
-446
-461
-464
-457
-441
-417
-387
-352
-315
-277
-239
-202
-168
-138
-111
-88
-70
-57
-48
-45
-46
-51
-62
-77
-96
-119
-144
-171
-199
-226
-250
-269
-282
-287
-284
-271
-247
-213
-169
-115
-54
14
87
164
241
317
390
456
515
564
601
626
638
637
624
598
562
517
465
408
349
290
232
178
130
87
52
23
1
-16
-29
-39
-49
-59
-72
-86
-104
-125
-149
-174
-199
-223
-245
-261
-272
-275
-270
-256
-234
-205
-170
-132
-94
-58
-26
-3
10
14
5
-13
-41
-77
-119
-162
-204
-242
-273
-296
-307
-308
-298
-277
-247
-210
-168
-123
-77
-32
9
48
82
112
139
162
182
201
219
237
254
271
288
302
313
320
322
318
307
290
267
239
208
175
142
111
83
59
41
30
25
25
31
41
53
66
80
93
104
114
121
127
132
137
143
150
160
173
188
206
226
245
264
279
289
292
287
272
248
213
170
118
61
0
-63
-126
-186
-240
-287
-326
-355
-375
-386
-388
-381
-368
-349
-327
-301
-274
-246
-220
-196
-175
-157
-143
-134
-130
-129
-132
-138
-146
-154
-162
-168
-170
-170
-164
-153
-136
-115
-88
-56
-21
16
55
95
133
169
202
231
255
273
286
293
294
289
280
265
247
226
201
175
146
115
83
50
16
-19
-54
-89
-122
-153
-180
-201
-215
-222
-221
-212
-195
-171
-142
-110
-77
-45
-17
5
20
28
27
16
-1
-27
-58
-92
-129
-164
-197
-226
-249
-266
-276
-281
-282
-279
-274
-269
-265
-264
-265
-270
-278
-288
-299
-309
-317
-319
-316
-304
-284
-254
-217
-173
-124
-74
-26
16
51
74
86
84
68
42
6
-35
-79
-121
-156
-182
-196
-194
-177
-144
-96
-35
36
114
195
275
350
417
472
513
538
547
539
515
477
426
366
300
230
159
90
26
-29
-77
-115
-142
-157
-161
-154
-136
-111
-78
-41
-1
40
81
120
155
188
215
238
255
268
276
278
277
271
262
249
235
219
202
186
172
159
149
141
137
137
139
143
149
156
164
170
174
176
174
168
158
144
126
105
80
53
25
-3
-30
-55
-77
-95
-107
-115
-117
-114
-106
-94
-79
-61
-42
-22
-4
12
26
37
45
49
51
49
46
42
38
35
32
31
31
33
35
36
37
36
31
23
11
-4
-25
-49
-77
-108
-141
-176
-210
-244
-277
-308
-337
-363
-387
-408
-426
-443
-458
-472
-485
-498
-512
-527
-542
-558
-574
-589
-603
-614
-621
-621
-615
-599
-573
-536
-486
-424
-350
-264
-167
-61
53
174
301
430
561
690
816
935
1047
1147
1235
1307
1361
1397
1412
1406
1378
1328
1256
1165
1055
930
793
648
498
348
202
62
-66
-182
-283
-369
-439
-494
-536
-565
-584
-595
-600
-602
-602
-602
-604
-607
-613
-620
-630
-640
-650
-659
-666
-669
-667
-660
-646
-626
-598
-563
-521
-473
-420
-362
-301
-240
-178
-119
-63
-12
31
67
95
115
126
128
123
111
93
72
47
21
-3
-27
-47
-62
-70
-72
-66
-52
-32
-5
26
61
98
134
169
201
229
252
270
283
292
296
298
296
292
287
282
276
271
265
261
256
252
247
241
234
225
213
199
183
165
146
127
109
93
80
70
65
64
68
76
87
101
117
133
148
162
173
181
185
186
183
177
168
157
144
130
115
100
84
67
49
29
8
-16
-43
-74
-107
-141
-176
-210
-241
-267
-287
-297
-298
-287
-265
-233
-190
-139
-83
-23
36
94
147
193
229
255
270
275
270
256
235
208
177
144
111
77
45
13
-16
-44
-72
-100
-127
-155
-184
-214
-245
-278
-311
-345
-380
-414
-447
-477
-505
-528
-547
-559
-564
-561
-549
-527
-495
-453
-401
-340
-269
-192
-109
-23
64
152
236
316
389
453
508
553
587
611
624
627
621
608
587
559
526
487
444
397
345
289
229
165
99
31
-38
-106
-173
-234
-289
-334
-368
-387
-391
-378
-348
-303
-244
-174
-96
-15
64
139
204
256
292
309
308
289
253
203
142
74
2
-69
-138
-201
-257
-303
-339
-366
-383
-391
-392
-387
-376
-361
-343
-323
-302
-280
-258
-236
-215
-195
-176
-158
-141
-126
-111
-97
-84
-71
-57
-43
-27
-10
8
30
53
78
105
133
160
187
213
235
255
270
280
285
285
280
269
253
234
211
185
158
131
104
79
56
38
24
14
10
10
14
22
32
42
53
63
72
78
84
88
92
95
99
105
111
119
127
135
142
146
148
144
135
118
95
65
28
-14
-60
-109
-157
-202
-244
-278
-305
-322
-329
-326
-314
-293
-265
-231
-194
-155
-117
-81
-49
-22
-2
11
19
20
17
8
-3
-17
-33
-49
-65
-79
-92
-102
-109
-113
-114
-111
-105
-94
-81
-63
-43
-19
6
33
62
90
119
145
169
190
206
218
226
228
225
218
208
194
179
163
146
130
116
102
90
78
68
57
47
37
26
15
5
-4
-13
-21
-26
-30
-31
-31
-29
-26
-23
-21
-21
-23
-28
-37
-50
-67
-87
-109
-134
-159
-183
-206
-225
-240
-250
-255
-253
-246
-233
-215
-192
-166
-137
-106
-74
-40
-6
28
63
98
134
170
206
242
278
313
347
379
409
434
456
471
481
484
479
466
444
412
372
323
266
202
133
60
-14
-88
-159
-225
-284
-334
-373
-400
-415
-418
-408
-388
-358
-321
-277
-230
-182
-134
-90
-50
-16
9
26
35
35
25
7
-18
-52
-91
-136
-185
-236
-288
-340
-389
-435
-476
-510
-536
-554
-561
-558
-545
-521
-486
-441
-386
-322
-250
-171
-86
4
98
194
291
386
478
566
646
717
777
826
862
884
891
884
863
829
784
728
665
597
525
453
383
317
257
203
157
119
88
63
44
28
16
4
-6
-19
-33
-50
-69
-90
-112
-136
-161
-187
-213
-239
-267
-295
-324
-356
-390
-426
-465
-507
-551
-596
-641
-684
-725
-761
-790
-811
-823
-823
-810
-785
-747
-696
-634
-562
-480
-393
-301
-208
-115
-24
61
142
216
282
340
390
432
466
492
511
523
528
528
522
512
497
478
457
434
409
384
359
335
313
293
278
268
265
268
279
297
323
355
392
431
469
504
532
551
556
546
518
471
405
321
219
104
-20
-152
-286
-416
-538
-648
-743
-818
-872
-904
-913
-902
-870
-820
-755
-677
-590
-497
-400
-303
-207
-116
-31
45
113
171
219
255
280
294
295
284
262
227
180
123
55
-20
-103
-191
-281
-370
-455
-532
-599
-651
-688
-706
-704
-683
-642
-582
-506
-416
-316
-208
-97
13
121
223
316
400
472
533
582
621
650
669
680
683
679
669
651
627
597
561
519
471
419
364
306
248
190
135
83
37
-3
-36
-63
-81
-93
-97
-96
-90
-80
-67
-53
-38
-24
-11
1
12
23
32
41
50
59
67
76
85
93
101
109
116
122
128
133
138
144
150
159
169
182
197
215
236
257
279
300
317
329
334
331
317
292
256
208
149
81
6
-74
-158
-242
-323
-399
-467
-525
-571
-605
-625
-632
-627
-610
-584
-550
-510
-467
-423
-379
-336
-296
-260
-227
-199
-175
-155
-138
-125
-115
-107
-102
-99
-97
-96
-96
-98
-100
-102
-104
-106
-107
-107
-105
-102
-95
-85
-71
-52
-27
4
43
90
145
207
277
352
430
510
587
660
723
774
809
826
824
801
757
694
613
516
407
290
169
46
-72
-184
-286
-375
-449
-506
-546
-569
-574
-563
-537
-496
-443
-380
-308
-231
-149
-66
16
96
172
241
303
356
398
430
449
456
451
434
406
366
316
258
193
122
47
-28
-103
-177
-247
-311
-370
-422
-468
-507
-541
-571
-597
-621
-643
-664
-685
-705
-724
-741
-754
-762
-765
-759
-744
-719
-683
-636
-579
-511
-436
-355
-270
-183
-97
-15
61
131
194
249
295
334
365
391
411
428
441
453
463
473
481
489
497
504
509
513
515
515
512
507
499
489
476
461
443
422
397
368
334
295
251
199
142
79
10
-61
-136
-210
-283
-350
-411
-461
-500
-526
-536
-530
-509
-472
-421
-358
-285
-204
-119
-33
51
131
204
269
323
366
398
419
428
427
417
399
374
343
309
273
237
201
166
135
107
83
63
48
36
28
23
22
22
24
26
29
32
33
33
30
23
12
-1
-20
-42
-68
-97
-127
-158
-189
-217
-242
-262
-277
-285
-286
-279
-264
-242
-214
-180
-143
-104
-64
-25
9
41
66
86
98
104
102
95
82
65
45
25
5
-13
-28
-40
-48
-53
-55
-55
-53
-52
-52
-54
-58
-65
-73
-83
-92
-100
-104
-104
-97
-84
-63
-34
1
43
89
138
187
234
277
313
342
361
371
371
362
345
321
291
258
223
188
154
122
93
67
45
25
8
-6
-19
-32
-44
-57
-69
-82
-95
-109
-122
-134
-145
-155
-163
-170
-174
-176
-176
-174
-171
-166
-160
-153
-146
-139
-132
-125
-119
-115
-111
-109
-107
-107
-106
-105
-104
-101
-97
-90
-81
-70
-56
-39
-19
2
25
50
76
102
127
151
172
190
205
216
223
227
228
227
223
217
210
202
194
184
173
161
148
134
118
101
83
63
42
20
-2
-25
-49
-73
-97
-120
-143
-164
-184
-201
-217
-230
-241
-249
-255
-259
-262
-263
-263
-263
-261
-259
-255
-251
-245
-238
-229
-218
-205
-191
-175
-158
-140
-122
-103
-84
-67
-50
-35
-22
-12
-4
1
3
4
1
-2
-8
-15
-22
-29
-35
-38
-37
-33
-25
-12
5
27
53
82
112
143
174
203
229
251
268
280
287
287
281
269
251
229
203
173
141
107
72
37
1
-32
-65
-97
-125
-149
-169
-183
-190
-189
-181
-166
-143
-114
-81
-44
-6
30
65
95
119
135
143
144
136
121
100
74
45
16
-10
-35
-55
-70
-78
-79
-75
-65
-52
-37
-21
-6
5
13
17
16
11
2
-10
-24
-39
-54
-68
-80
-89
-95
-97
-95
-90
-81
-70
-56
-42
-26
-11
3
17
29
40
50
60
70
81
94
109
128
149
174
200
228
255
280
300
315
321
319
306
283
249
207
157
101
41
-20
-81
-139
-192
-240
-280
-312
-334
-348
-352
-347
-334
-314
-287
-255
-218
-179
-138
-97
-56
-17
17
49
77
99
116
127
131
131
124
114
100
84
68
52
38
27
20
17
19
27
39
57
78
103
131
159
188
215
240
260
275
284
285
280
267
248
223
195
163
130
98
68
41
19
1
-11
-18
-21
-20
-16
-9
-2
4
9
11
8
0
-13
-35
-63
-99
-141
-188
-239
-291
-344
-394
-440
-478
-507
-525
-532
-525
-507
