168
132
92
49
5
-37
-78
-115
-146
-168
-182
-185
-176
-156
-123
-80
-25
36
105
177
249
318
379
429
465
485
487
471
437
386
320
242
155
63
-30
-122
-209
-288
-359
-418
-465
-501
-526
-540
-544
-540
-527
-508
-484
-453
-418
-378
-333
-284
-230
-173
-113
-50
13
77
140
200
257
308
354
393
424
447
462
468
465
453
434
407
373
334
290
242
193
143
93
46
2
-36
-71
-99
-122
-139
-150
-155
-155
-151
-143
-132
-120
-108
-95
-83
-73
-65
-60
-56
-56
-58
-63
-71
-81
-93
-107
-122
-138
-154
-169
-184
-196
-206
-212
-213
-211
-203
-189
-171
-146
-117
-82
-43
0
43
89
135
178
217
251
277
296
305
305
295
276
250
217
179
138
97
57
21
-9
-34
-52
-63
-68
-67
-62
-56
-49
-44
-43
-46
-55
-70
-91
-116
-145
-174
-201
-224
-240
-245
-237
-216
-179
-127
-62
16
103
197
294
388
477
557
624
676
711
729
729
711
678
631
573
505
432
356
278
202
129
60
-3
-60
-110
-154
-192
-223
-248
-267
-281
-290
-293
-291
-285
-276
-264
-252
-239
-228
-219
-215
-216
-221
-232
-246
-264
-283
-301
-319
-333
-343
-348
-349
-345
-339
-330
-321
-314
-308
-307
-310
-318
-331
-349
-370
-392
-413
-431
-444
-450
-447
-434
-410
-376
-331
-279
-219
-155
-88
-20
44
106
163
214
258
295
326
350
367
380
388
393
395
396
396
396
395
394
393
391
388
383
376
366
353
337
318
295
269
242
213
183
153
125
99
76
55
39
25
14
5
-1
-9
-18
-29
-43
-60
-82
-107
-136
-168
-201
-235
-269
-300
-327
-350
-367
-377
-380
-376
-365
-348
-327
-302
-275
-247
-221
-198
-177
-162
-150
-143
-139
-138
-139
-139
-138
-134
-125
-111
-89
-61
-26
14
60
111
163
214
263
308
347
377
399
412
415
410
398
380
357
332
307
283
261
243
229
218
211
207
205
203
199
192
181
165
144
118
87
53
16
-21
-58
-93
-125
-152
-174
-190
-202
-208
-209
-205
-198
-188
-176
-162
-147
-133
-119
-106
-95
-86
-79
-74
-70
-68
-67
-66
-66
-64
-62
-58
-52
-45
-36
-25
-12
1
17
33
50
68
85
102
117
131
144
153
161
166
169
170
169
166
163
160
156
154
153
154
157
162
170
179
191
203
216
229
241
252
261
268
272
273
271
266
258
247
233
216
197
176
154
130
105
78
51
22
-8
-40
-73
-108
-143
-179
-214
-249
-283
-315
-344
-369
-392
-410
-424
-434
-440
-441
-439
-433
-425
-413
-400
-385
-370
-354
-338
-322
-306
-290
-274
-257
-238
-219
-197
-172
-145
-116
-83
-48
-11
27
67
106
144
181
213
241
264
279
288
289
283
270
250
224
193
158
120
80
39
0
-38
-74
-106
-135
-158
-178
-192
-201
-205
-205
-201
-193
-182
-168
-151
-131
-109
-84
-58
-30
0
30
63
97
131
165
199
232
262
290
312
330
341
346
344
335
320
299
274
244
213
180
146
113
80
47
16
-12
-41
-68
-95
-119
-143
-164
-183
-199
-212
-222
-228
-231
-231
-227
-221
-213
-202
-190
-176
-161
-145
-127
-109
-90
-70
-49
-26
-2
22
48
75
102
128
154
177
198
214
226
232
233
228
217
201
181
158
132
105
78
52
29
8
-9
-23
-33
-41
-45
-46
-46
-44
-42
-38
-35
-32
-29
-27
-26
-26
-28
-30
-35
-41
-50
-60
-72
-85
-100
-114
-128
-141
-152
-160
-165
-166
-163
-154
-141
-123
-101
-76
-47
-17
13
43
72
99
123
143
159
171
179
183
183
179
172
162
150
135
119
101
83
64
46
28
11
-4
-18
-30
-41
-50
-57
-62
-63
-62
-57
-49
-38
-24
-8
8
25
41
54
65
70
71
66
55
38
17
-8
-36
-66
-96
-124
-148
-168
-182
-190
-191
-185
-173
-154
-132
-105
-76
-46
-16
11
38
61
81
96
108
115
118
118
116
110
103
94
85
74
63
52
41
29
17
6
-4
-15
-24
-31
-37
-40
-41
-39
-34
-26
-16
-5
8
22
36
50
63
75
84
90
93
93
88
80
68
53
35
14
-7
-30
-53
-75
-97
-117
-135
-150
-164
-174
-182
-186
-187
-185
-179
-169
-157
-142
-125
-107
-89
-71
-55
-41
-30
-22
-19
-20
-25
-35
-48
-65
-85
-107
-131
-155
-180
-204
-226
-247
-265
-280
-291
-296
-295
-287
-271
-247
-215
-174
-125
-69
-7
59
127
197
265
330
389
442
488
525
553
572
583
585
580
569
552
530
503
473
440
403
363
320
275
228
179
129
80
32
-12
-53
-90
-122
-148
-167
-180
-187
-189
-185
-177
-165
-151
-134
-115
-96
-76
-57
-39
-23
-8
3
13
20
24
25
24
21
16
8
-1
-12
-25
-40
-57
-74
-93
-112
-131
-150
-169
-186
-202
-216
-227
-235
-240
-242
-240
-235
-227
-217
-205
-191
-176
-161
-145
-129
-113
-97
-81
-66
-51
-37
-23
-9
3
16
28
41
53
66
78
91
103
115
127
139
150
160
170
179
186
193
198
201
201
200
195
187
176
162
144
124
101
77
50
22
-6
-34
-63
-91
-118
-143
-167
-188
-207
-224
-237
-247
-253
-256
-255
-250
-241
-229
-212
-193
-171
-146
-119
-91
-61
-32
-3
25
52
78
101
122
140
155
167
175
179
180
177
170
158
144
125
103
78
51
22
-7
-37
-65
-90
-112
-127
-137
-139
-134
-121
-102
-76
-46
-14
18
51
80
104
121
131
133
127
111
88
57
20
-21
-65
-110
-153
-193
-225
-250
-264
-266
-256
-234
-199
-151
-93
-26
48
128
212
296
377
454
522
579
622
650
661
653
627
584
524
450
366
274
177
80
-14
-102
-183
-253
-311
-357
-391
-414
-425
-428
-422
-411
-395
-375
-354
-331
-308
-284
-260
-236
-211
-185
-159
-131
-102
-72
-42
-11
17
46
73
99
123
145
166
185
203
220
236
251
265
278
289
299
306
311
313
312
308
301
291
278
262
245
227
207
188
168
149
131
113
97
81
65
50
35
20
4
-12
-29
-48
-69
-91
-114
-138
-162
-186
-209
-231
-250
-267
-282
-292
-300
-304
-305
-304
-299
-293
-286
-277
-267
-256
-245
-233
-221
-208
-193
-178
-161
-143
-123
-101
-78
-54
-30
-5
18
40
60
78
93
105
113
118
120
119
115
108
98
86
70
52
30
6
-21
-51
-83
-117
-152
-186
-218
-248
-274
-294
-308
-315
-314
-304
-286
-260
-227
-188
-144
-96
-47
0
46
89
127
158
182
198
205
205
198
184
165
142
117
91
66
44
27
14
7
7
12
24
41
62
85
110
134
156
174
187
194
194
187
174
155
130
102
72
41
11
-15
-40
-59
-74
-83
-87
-87
-83
-75
-65
-54
-44
-35
-28
-24
-23
-26
-33
-42
-54
-67
-80
-92
-102
-109
-112
-111
-106
-98
-86
-72
-55
-38
-20
-2
14
30
45
58
70
81
91
99
108
115
123
130
137
144
151
157
163
167
170
172
171
169
164
157
148
138
125
112
97
82
67
52
38
25
13
1
-7
-16
-23
-29
-33
-37
-40
-42
-43
-44
-45
-46
-46
-47
-48
-49
-49
-49
-48
-45
-40
-33
-25
-14
-2
11
25
40
54
67
78
87
93
96
96
92
85
76
63
49
33
17
1
-14
-28
-39
-48
-55
-58
-58
-56
-52
-45
-38
-29
-20
-12
-4
2
7
11
12
12
10
6
1
-4
-11
-19
-26
-33
-39
-44
-48
-50
-50
-49
-47
-44
-41
-37
-33
-29
-25
-22
-18
-15
-10
-5
1
9
19
31
44
58
74
89
102
114
123
128
128
123
112
95
73
47
16
-18
-54
-92
-130
-167
-202
-235
-265
-291
-314
-332
-347
-358
-364
-367
-365
-359
-348
-332
-311
-285
-253
-216
-175
-129
-80
-30
21
71
118
161
198
228
250
263
267
263
250
230
204
174
141
108
76
46
22
3
-8
-13
-11
-2
12
32
55
80
104
127
147
162
171
174
170
159
142
120
94
64
34
4
-22
-46
-64
-76
-80
-76
-64
-44
-18
14
50
89
128
166
199
227
247
259
261
253
236
211
177
138
93
46
-1
-48
-94
-136
-173
-205
-230
-249
-261
-266
-264
-257
-246
-231
-213
-194
-173
-154
-135
-117
-101
-86
-74
-63
-54
-47
-40
-35
-29
-25
-20
-15
-11
-6
-1
3
9
15
22
30
38
47
58
69
81
93
105
117
128
137
144
148
148
145
137
125
109
90
67
42
16
-10
-36
-60
-81
-98
-109
-114
-113
-104
-88
-66
-37
-5
31
69
108
145
180
211
238
258
272
280
280
274
262
245
222
196
166
134
101
67
34
3
-25
-51
-71
-87
-96
-100
-97
-88
-73
-54
-31
-6
18
42
63
81
92
96
93
81
59
28
-11
-59
-116
-180
-248
-320
-394
-467
-536
-601
-658
-706
-743
-767
-779
-776
-760
-729
-686
-631
-565
-491
-409
-324
-236
-149
-63
18
94
164
228
284
332
374
408
436
458
474
487
496
502
506
508
509
508
507
504
500
493
484
472
456
436
412
383
350
314
274
231
188
143
99
57
16
-20
-54
-85
-112
-135
-154
-170
-182
-192
-199
-204
-206
-206
-203
-199
-193
-185
-177
-168
-160
-152
-145
-139
-135
-133
-133
-134
-136
-140
-144
-148
-153
-157
-161
-165
-167
-169
-169
-169
-167
-163
-158
-152
-143
-132
-119
-103
-85
-64
-41
-17
8
35
62
88
113
136
156
173
186
195
201
203
202
198
191
181
169
155
140
124
107
91
76
62
51
42
37
35
37
42
49
59
71
83
95
106
116
125
131
136
138
138
135
130
122
112
99
82
63
40
14
-13
-42
-73
-103
-132
-158
-178
-192
-198
-196
-184
-162
-132
-93
-48
1
52
104
153
197
233
260
277
283
278
262
237
205
169
131
95
63
37
20
12
14
26
46
73
105
139
173
205
232
252
264
267
260
243
218
184
144
99
51
2
-46
-92
-135
-174
-207
-236
-259
-278
-292
-303
-312
-319
-325
-332
-339
-347
-357
-367
-379
-390
-401
-411
-418
-422
-422
-418
-408
-393
-374
-350
-322
-291
-258
-224
-190
-157
-127
-100
-77
-58
-45
-36
-33
-35
-42
-52
-65
-80
-95
-110
-122
-130
-133
-130
-120
-103
-78
-46
-6
39
91
147
204
262
318
370
416
455
484
504
513
513
503
487
465
439
411
384
359
338
321
309
301
296
294
291
287
278
263
239
207
166
115
55
-11
-84
-159
-234
-307
-375
-435
-486
-526
-554
-570
-574
-567
-550
-525
-493
-455
-414
-372
-330
-289
-251
-216
-184
-156
-130
-107
-86
-67
-47
-28
-9
10
31
51
71
91
109
126
141
