-161
-197
-224
-242
-251
-249
-239
-221
-198
-171
-143
-116
-91
-71
-57
-50
-51
-60
-79
-106
-142
-184
-231
-282
-333
-382
-427
-466
-497
-518
-529
-530
-522
-506
-485
-460
-434
-409
-388
-372
-363
-361
-366
-377
-393
-410
-426
-437
-441
-434
-414
-378
-326
-258
-174
-77
29
143
259
373
481
579
663
731
782
813
827
823
803
770
726
673
615
554
493
434
378
327
282
242
208
180
157
139
124
113
105
100
97
97
98
102
107
114
123
132
143
154
165
175
183
190
194
195
192
185
173
156
133
104
69
28
-17
-69
-125
-185
-247
-309
-370
-428
-482
-529
-568
-598
-618
-626
-623
-609
-583
-547
-500
-445
-383
-314
-243
-169
-96
-26
38
96
147
187
218
239
250
253
249
239
226
212
198
186
178
175
177
184
195
211
230
249
268
285
298
305
306
299
285
262
231
194
151
102
50
-3
-57
-111
-161
-207
-248
-281
-305
-321
-327
-323
-310
-288
-258
-221
-177
-129
-78
-24
29
83
136
185
230
271
305
332
352
364
367
362
348
327
298
262
221
175
127
77
28
-19
-62
-101
-133
-157
-173
-181
-179
-170
-153
-130
-103
-72
-41
-10
18
43
63
78
86
88
84
76
63
48
32
17
3
-8
-16
-20
-21
-19
-14
-8
-2
1
3
1
-4
-16
-34
-58
-87
-121
-160
-201
-244
-287
-329
-368
-403
-433
-456
-473
-482
-484
-478
-465
-446
-420
-388
-352
-312
-270
-225
-179
-133
-87
-42
1
44
85
125
163
199
232
262
288
310
327
338
343
342
334
320
300
275
246
213
178
142
106
72
39
10
-15
-36
-54
-67
-77
-82
-85
-86
-85
-82
-78
-74
-69
-64
-59
-53
-46
-40
-32
-25
-17
-9
0
7
16
26
35
46
57
68
80
92
104
115
125
133
140
144
145
144
140
133
124
112
98
82
66
49
32
17
2
-9
-20
-28
-33
-35
-35
-31
-25
-16
-5
7
21
35
48
60
70
77
79
77
70
58
41
19
-5
-34
-66
-98
-130
-160
-187
-209
-226
-236
-239
-234
-222
-203
-179
-150
-117
-83
-47
-11
23
55
84
111
133
152
166
176
182
184
182
176
166
152
135
115
92
65
37
6
-26
-58
-91
-122
-150
-173
-191
-203
-206
-202
-190
-170
-143
-109
-71
-30
12
55
97
136
171
202
228
248
262
271
273
269
261
247
229
208
183
156
126
95
64
31
0
-33
-64
-94
-123
-149
-173
-194
-212
-226
-237
-244
-246
-244
-236
-222
-203
-179
-151
-118
-84
-49
-16
11
33
46
49
39
16
-18
-65
-122
-187
-256
-326
-394
-456
-509
-548
-573
-581
-571
-543
-497
-435
-358
-269
-169
-62
50
165
281
393
502
603
697
781
854
917
967
1006
1032
1047
1049
1039
1017
985
941
887
823
751
672
586
495
399
302
202
103
5
-88
-179
-264
-341
-411
-472
-523
-565
-599
-625
-645
-661
-674
-687
-702
-720
-742
-768
-798
-831
-866
-900
-933
-961
-983
-995
-998
-989
-967
-932
-884
-823
-751
-668
-577
-477
-372
-262
-148
-32
84
202
319
434
546
654
755
848
932
1004
1063
1106
1133
1143
1136
1112
1071
1015
946
865
776
681
583
484
387
296
210
133
65
6
-43
-84
-116
-142
-161
-175
-184
-191
-194
-194
-192
-188
-180
-170
-157
-142
-125
-106
-86
-67
-48
-32
-18
-8
-2
-1
-5
-14
-26
-42
-61
-82
-103
-124
-145
-164
-182
-197
-211
-221
-229
-235
-237
-236
-233
-226
-216
-203
-188
-170
-152
-134
-116
-99
-84
-73
-64
-60
-59
-61
-67
-76
-86
-98
-111
-122
-133
-141
-146
-148
-145
-136
-122
-102
-75
-42
-2
43
94
151
212
275
340
404
466
525
578
623
660
687
704
709
702
683
652
609
554
488
412
328
237
141
42
-56
-154
-248
-336
-416
-485
-543
-589
-621
-639
-644
-636
-617
-589
-553
-513
-472
-430
-393
-360
-335
-318
-310
-310
-319
-335
-356
-380
-406
-431
-453
-468
-476
-475
-461
-434
-393
-337
-267
-182
-84
25
142
266
391
515
633
741
835
913
972
1010
1026
1021
995
951
890
817
734
645
552
459
368
282
200
125
57
-3
-58
-106
-151
-191
-229
-266
-303
-339
-377
-414
-452
-489
-524
-557
-585
-608
-625
-635
-637
-631
-616
-594
-564
-528
-486
-439
-389
-337
-283
-230
-177
-125
-74
-26
20
65
107
148
186
221
252
278
299
313
320
319
309
292
266
233
194
150
104
56
8
-36
-78
-115
-145
-169
-184
-191
-190
-180
-162
-137
-104
-65
-21
25
75
126
176
224
270
312
349
380
406
426
440
448
451
448
440
426
408
384
355
320
280
234
183
126
65
0
-66
-136
-205
-272
-336
-394
-445
-488
-520
-541
-550
-546
-530
-503
-465
-418
-364
-305
-244
-182
-122
-64
-11
36
78
115
146
172
194
211
226
237
246
254
260
265
268
269
269
266
260
251
238
223
204
185
164
145
127
113
104
100
102
110
124
143
165
190
217
243
266
287
302
311
312
305
290
265
231
188
137
79
16
-51
-120
-190
-257
-322
-380
-432
-475
-508
-529
-538
-534
-515
-483
-438
-382
-315
-240
-159
-75
9
91
168
237
296
343
375
391
391
373
339
288
224
148
63
-25
-116
-203
-284
-354
-410
-450
-473
-477
-463
-431
-385
-325
-256
-181
-104
-27
43
106
159
199
226
240
240
229
209
183
153
122
94
71
54
45
46
55
72
96
124
156
188
218
243
263
275
278
272
255
229
195
153
104
52
-1
-56
-110
-159
-205
-244
-278
-304
-324
-338
-346
-349
-348
-345
-339
-331
-323
-315
-308
-300
-293
-287
-280
-272
-263
-252
-237
-219
-196
-167
-132
-90
-43
10
69
132
198
264
330
392
448
498
539
569
588
596
592
576
550
514
471
421
368
313
259
207
159
116
79
47
20
-2
-22
-41
-59
-79
-102
-128
-158
-193
-233
-277
-323
-371
-418
-462
-502
-534
-557
-569
-569
-555
-528
-488
-436
-375
-306
-231
-155
-79
-5
61
122
173
215
247
270
283
288
287
280
270
258
245
233
221
211
202
195
188
183
177
171
164
155
146
135
123
110
96
82
68
54
41
27
14
0
-14
-30
-48
-68
-89
-113
-137
-163
-188
-211
-231
-248
-258
-261
-257
-245
-224
-194
-158
-115
-68
-18
31
78
122
158
184
200
202
191
165
127
75
13
-55
-130
-205
-278
-343
-398
-439
-462
-466
-449
-411
-352
-275
-183
-79
31
145
257
361
455
534
596
640
664
670
657
630
589
538
481
419
356
294
236
183
135
95
60
31
7
-12
-29
-45
-61
-77
-95
-115
-137
-160
-186
-212
-239
-266
-293
-318
-342
-362
-379
-392
-400
-401
-395
-381
-359
-328
-289
-242
-189
-131
-71
-9
49
104
153
193
222
240
246
240
222
195
159
117
72
25
-19
-62
-99
-132
-157
-178
-193
-203
-211
-218
-225
-232
-242
-253
-267
-281
-296
-309
-318
-321
-317
-302
-277
-239
-189
-128
-56
21
105
189
270
344
407
457
490
505
501
479
440
387
322
251
178
107
42
-11
-51
-76
-83
-72
-45
-4
49
112
181
251
319
381
435
478
508
526
529
520
499
467
426
377
323
266
206
146
86
27
-29
-85
-138
-189
-238
-284
-328
-369
-405
-437
-463
-482
-495
-499
-497
-486
-468
-444
-416
-383
-349
-314
-281
-249
-221
-197
-176
-158
-144
-131
-119
-108
-96
-83
-68
-51
-31
-10
12
37
61
86
109
130
149
163
172
175
173
163
147
125
97
64
27
-11
-52
-94
-134
-172
-207
-237
-261
-279
-290
-294
-290
-278
-258
-231
-198
-159
-114
-67
-16
36
89
143
196
247
295
340
381
415
443
462
474
476
469
454
430
398
361
320
277
234
192
152
118
88
64
45
32
22
15
10
4
-2
-12
-27
-45
-69
-96
-126
-159
-192
-225
-255
-282
-306
-324
-339
-349
-357
-362
-366
-370
-375
-382
-391
-402
-415
-429
-441
-452
-457
-455
-444
-423
-390
-345
-287
-218
-138
-50
43
141
239
337
430
516
595
664
722
768
802
825
836
835
824
804
774
736
690
637
577
511
439
362
281
197
112
27
-54
-133
-204
-268
-321
-363
-393
-408
-410
-399
-374
-339
-294
-242
-185
-126
-70
-17
26
61
85
95
92
75
47
9
-36
-87
-138
-188
-232
-267
-292
-305
-305
-291
-265
-228
-182
-128
-71
-12
45
99
147
188
221
244
257
261
255
241
220
192
160
125
90
55
24
-2
-22
-36
-41
-37
-24
-4
23
57
95
135
175
213
247
275
296
309
312
305
289
263
230
190
145
96
44
-8
-61
-114
-165
-213
-259
-301
-338
-371
-397
-417
-430
-436
-433
-423
-405
-380
-349
-313
-272
-228
-182
-136
-90
-45
-3
35
72
105
134
160
182
201
216
228
235
239
238
233
222
206
184
156
122
82
36
-14
-69
-127
-187
-247
-305
-360
-410
-452
-486
-509
-520
-519
-503
-474
-431
-375
-307
-228
-140
-45
52
152
249
341
426
499
559
605
634
647
642
622
586
538
478
410
335
257
177
98
23
-48
-113
-171
-221
-262
-293
-316
-329
-334
-330
-319
-301
-278
-251
-221
-189
-157
-125
-96
-69
-48
-32
-22
-20
-25
-38
-58
-87
-122
-163
-210
-262
-317
-375
-435
-494
-553
-610
-664
-712
-755
-790
-816
-832
-835
-826
-802
-763
-708
-638
-552
-452
-339
-215
-82
57
201
346
488
624
751
867
968
1053
1121
1169
1198
1206
1196
1167
1122
1062
990
909
821
730
639
550
465
387
317
255
202
158
123
95
74
58
46
35
24
12
-1
-19
-41
-67
-97
-129
-164
-200
-236
-270
-302
-331
-356
-377
-393
-404
-411
-414
-414
-410
-402
-392
-380
-365
-348
-329
-309
-288
-266
-243
-220
-198
-176
-156
-136
-118
-102
-87
-73
-60
-48
-37
-26
-15
-3
8
21
36
51
68
87
107
129
152
176
201
226
251
275
297
317
334
347
356
360
359
354
344
330
313
293
272
250
227
206
185
166
148
132
117
104
90
77
63
48
33
16
0
-18
-37
-55
-73
-90
-105
-120
-133
-144
-153
-159
-163
-164
-161
-156
-148
-136
-123
-108
-93
-79
-66
-57
-51
-50
-53
-60
-71
-85
-101
-118
-135
-151
-164
-173
-179
-180
-176
-167
-153
-136
-115
-91
-67
-41
-17
6
27
46
61
73
82
87
88
87
83
78
71
63
56
49
45
42
43
47
54
65
79
95
113
131
148
164
177
186
190
189
181
167
146
119
86
47
4
-41
-88
-135
-179
-218
-251
-277
-293
-298
-294
-279
-255
-222
-184
-141
-96
-53
-13
21
48
66
74
72
60
40
13
-18
-53
-89
-123
-154
-180
-200
