-898
-789
-664
-526
-381
-234
-90
45
168
276
366
437
487
518
531
529
515
491
462
431
402
377
359
350
351
363
386
420
462
512
567
624
681
735
782
819
844
853
845
818
773
710
630
535
430
318
204
92
-13
-108
-188
-253
-299
-329
-341
-341
-331
-316
-302
-293
-296
-314
-349
-402
-474
-561
-659
-764
-869
-969
-1056
-1126
-1175
-1199
-1196
-1168
-1115
-1038
-942
-830
-704
-568
-424
-276
-124
28
182
334
482
625
758
879
984
1067
1127
1158
1159
1128
1066
972
852
707
545
371
191
12
-158
-317
-457
-576
-670
-739
-781
-798
-790
-761
-711
-646
-566
-476
-378
-274
-168
-60
45
149
249
343
430
509
578
635
679
707
719
713
689
645
582
500
402
291
170
44
-79
-197
-301
-387
-450
-485
-492
-470
-421
-349
-259
-156
-49
55
152
237
305
354
384
397
394
380
359
333
308
285
266
252
243
238
233
226
214
194
166
129
83
30
-24
-79
-127
-165
-190
-198
-189
-164
-124
-74
-20
32
78
110
123
111
72
4
-91
-212
-355
-512
-677
-841
-995
-1130
-1239
-1315
-1354
-1354
-1313
-1233
-1119
-974
-807
-623
-430
-236
-48
127
285
422
536
623
685
723
738
735
716
687
651
614
579
549
528
516
514
520
533
549
567
582
591
591
580
556
517
464
398
320
234
143
51
-35
-114
-179
-226
-254
-259
-244
-208
-156
-92
-23
44
106
153
181
186
165
117
44
-52
-168
-300
-440
-585
-730
-869
-1000
-1119
-1226
-1318
-1397
-1462
-1513
-1550
-1573
-1581
-1572
-1545
-1497
-1427
-1332
-1211
-1062
-884
-678
-444
-184
96
396
709
1029
1350
1664
1966
2247
2501
2721
2900
3032
3112
3135
3097
2997
2836
2617
2344
2024
1668
1285
889
491
104
-261
-594
-888
-1137
-1336
-1485
-1585
-1637
-1647
-1620
-1563
-1483
-1388
-1284
-1178
-1077
-986
-909
-849
-808
-784
-779
-789
-810
-839
-870
-898
-917
-921
-905
-866
-799
-706
-584
-437
-268
-83
111
308
501
681
841
976
1080
1151
1187
1190
1162
1107
1030
936
831
721
612
506
409
322
249
191
148
121
109
111
127
154
191
236
289
347
409
473
537
600
658
709
749
774
783
770
733
670
581
465
323
159
-23
-220
-424
-629
-828
-1012
-1175
-1312
-1416
-1485
-1517
-1512
-1471
-1397
-1296
-1172
-1033
-884
-732
-582
-438
-306
-186
-81
9
86
150
204
251
292
331
368
405
444
484
524
564
601
634
660
677
683
677
657
622
574
512
438
356
266
174
83
-2
-80
-145
-196
-229
-245
-242
-221
-184
-135
-77
-14
48
107
156
193
214
218
203
171
121
58
-14
-95
-177
-257
-331
-395
-446
-482
-503
-508
-500
-479
-449
-414
-378
-344
-315
-296
-289
-295
-316
-351
-399
-459
-528
-601
-675
-745
-807
-856
-889
-902
-894
-862
-808
-731
-635
-522
-397
-263
-124
13
146
272
387
489
578
652
711
756
787
805
812
808
793
770
738
699
654
603
549
492
433
375
317
260
204
149
96
42
-12
-69
-129
-193
-262
-335
-413
-494
-576
-657
-734
-802
-859
-897
-914
-904
-863
-790
-683
-543
-372
-173
45
279
520
758
987
1197
1381
1531
1643
1711
1734
1710
1639
1526
1374
1191
983
761
532
308
95
-96
-261
-394
-492
-552
-575
-563
-517
-443
-347
-234
-113
9
126
231
316
378
413
417
391
334
248
137
4
-144
-303
-466
-627
-779
-915
-1033
-1126
-1192
-1229
-1238
-1219
-1174
-1106
-1018
-913
-796
-670
-538
-404
-270
-140
-14
105
216
319
412
495
568
629
681
721
751
770
780
781
773
758
737
711
680
644
604
560
512
458
399
335
266
193
118
44
-27
-92
-149
-192
-220
-229
-219
-189
-139
-71
12
109
213
320
425
523
611
684
739
775
791
786
762
720
660
586
499
402
296
183
66
-52
-172
-290
-404
-512
-613
-705
-785
-854
-910
-954
-985
-1003
-1011
-1008
-996
-978
-953
-924
-893
-860
-827
-795
-764
-735
-709
-685
-663
-645
-629
-614
-601
-587
-572
-553
-529
-498
-458
-408
-347
-274
-189
-94
9
118
230
339
443
535
613
673
712
731
728
707
671
622
566
508
452
402
361
332
315
310
316
332
354
381
409
435
458
474
484
485
477
460
435
401
360
313
260
202
142
78
14
-49
-112
-173
-230
-283
-329
-369
-400
-424
-438
-444
-441
-430
-413
-390
-364
-335
-306
-278
-251
-228
-208
-192
-180
-172
-167
-165
-165
-165
-164
-161
-156
-146
-132
-114
-93
-69
-45
-21
0
17
29
33
30
18
0
-25
-56
-90
-125
-159
-187
-209
-220
-219
-205
-175
-131
-74
-4
73
157
242
324
398
461
508
537
547
538
511
468
413
350
282
216
153
99
54
22
3
-3
2
18
44
77
117
160
206
253
300
347
391
433
469
499
521
530
524
500
456
391
304
197
74
-58
-197
-333
-459
-568
-655
-714
-742
-738
-700
-631
-534
-412
-272
-119
40
198
350
489
609
708
783
832
855
855
832
789
729
656
573
482
386
289
193
99
12
-66
-135
-191
-233
-259
-269
-264
-244
-213
-174
-132
-92
-58
-37
-33
-47
-81
-135
-205
-289
-381
-475
-563
-640
-700
-739
-753
-741
-703
-642
-561
-464
-359
-249
-143
-46
35
100
143
164
162
138
96
39
-28
-103
-180
-254
-323
-384
-433
-469
-492
-500
-495
-477
-447
-406
-356
-299
-238
-173
-109
-46
11
65
111
151
184
211
232
249
263
275
287
300
313
328
343
358
371
380
385
382
370
347
313
266
207
136
55
-32
-126
-220
-311
-395
-468
-525
-564
-581
-575
-545
-492
-416
-320
-207
-81
52
191
329
461
583
690
781
850
899
925
929
914
883
839
788
734
680
631
590
556
530
509
491
471
444
407
355
286
199
93
-29
-167
-313
-465
-617
-762
-897
-1017
-1119
-1200
-1259
-1297
-1314
-1310
-1288
-1250
-1196
-1130
-1051
-962
-863
-756
-643
-526
-406
-286
-170
-59
41
131
205
263
303
325
327
312
280
235
178
114
45
-23
-91
-152
-206
-250
-281
-298
-300
-287
-257
-210
-147
-69
23
128
244
367
495
624
750
869
979
1074
1153
1213
1252
1269
1262
1234
1184
1115
1031
935
831
724
618
518
428
349
284
232
192
162
137
113
85
48
-1
-69
-158
-267
-398
-547
-713
-888
-1069
-1248
-1418
-1572
-1703
-1806
-1875
-1907
-1898
-1847
-1754
-1622
-1452
-1249
-1017
-764
-494
-214
68
349
621
881
1123
1344
1543
1715
1861
1979
2067
2126
2154
2152
2121
2060
1970
1853
1711
1545
1359
1154
935
704
467
227
-10
-240
-457
-657
-834
-986
-1110
-1204
-1269
-1306
-1318
-1307
-1278
-1235
-1182
-1124
-1064
-1005
-949
-896
-848
-803
-762
-722
-683
-643
-602
-557
-510
-459
-404
-346
-286
-225
-163
-102
-43
13
66
114
156
193
224
247
263
272
274
269
258
242
222
200
178
158
140
127
119
118
122
133
147
165
184
204
222
238
250
259
264
267
267
266
265
265
265
268
272
277
284
291
298
305
311
315
318
318
315
310
301
289
274
254
230
202
170
134
94
53
10
-32
-73
-111
-145
-173
-194
-208
-216
-216
-211
-201
-188
-175
-163
-155
-152
-156
-169
-191
-222
-261
-307
-357
-410
-462
-509
-551
-582
-603
-610
-604
-583
-549
-502
-443
-374
-298
-217
-133
-48
34
112
184
249
305
353
392
424
450
470
487
502
516
531
547
563
579
594
606
612
610
596
568
523
458
372
265
136
-13
-179
-358
-546
-735
-919
-1092
-1246
-1375
-1475
-1541
-1571
-1565
-1525
-1452
-1353
-1231
-1094
-947
-797
-648
-504
-368
-241
-122
-11
93
193
292
390
488
585
682
778
872
963
1051
1135
1215
1290
1361
1426
1485
1537
1581
1615
1640
1653
1653
1639
1610
1563
1497
1410
1301
1170
1017
842
650
442
225
3
-217
-431
-633
-820
-987
-1134
-1259
-1363
-1446
-1509
-1552
-1578
-1587
-1579
-1555
-1514
-1458
-1385
-1296
-1191
-1072
-938
-791
-633
-464
-286
-101
87
280
474
665
852
1032
1200
1354
1491
1605
1695
1755
1783
1776
1732
1649
1527
1367
1172
945
692
420
137
-149
-431
-699
-946
-1164
-1349
-1495
-1602
-1667
-1692
-1678
-1630
-1551
-1446
-1322
-1182
-1033
-879
-724
-573
-430
-295
-173
-63
32
113
180
234
275
305
325
338
344
345
344
340
333
325
315
302
285
265
240
211
178
141
101
59
17
-24
-65
-103
-137
-168
-193
-213
-227
-233
-232
-222
-203
-175
-138
-92
-38
22
88
158
229
298
363
420
467
502
521
525
513
483
438
379
308
227
141
52
-37
-123
-203
-275
-338
-391
-434
-466
-490
-506
-517
-523
-528
-532
-538
-545
-553
-563
-571
-577
-576
-567
-547
-513
-464
-400
-320
-227
-122
-10
107
224
339
446
544
628
697
749
784
802
802
786
756
712
657
592
519
440
356
270
182
94
10
-69
-141
-202
-251
-287
-307
-312
-302
-278
-243
-199
-149
-95
-40
13
64
111
153
192
227
258
288
315
341
365
387
406
419
425
421
405
375
328
265
184
86
-25
-149
-283
-420
-559
-693
-818
-931
-1029
-1108
-1166
-1203
-1217
-1209
-1178
-1126
-1052
-959
-847
-717
-571
-411
-238
-53
139
339
543
749
951
1149
1336
1510
1666
1801
1910
1990
2039
2054
2033
1976
1884
1758
1602
1418
1212
988
753
511
269
31
-196
-411
-610
-790
-950
-1090
-1208
-1306
-1383
-1439
-1476
-1491
-1484
-1454
-1399
-1318
-1211
-1077
-918
-736
-535
-319
-94
132
353
562
750
912
1042
1137
1193
1210
1190
1133
1045
929
789
631
460
281
99
-82
-258
-424
-577
-711
-825
-914
-978
-1014
-1024
-1006
-964
-900
-818
-720
-611
-494
-375
-257
-142
-34
65
153
230
293
343
380
403
413
409
394
367
329
282
226
164
96
26
-45
-115
-183
-245
-301
-349
-388
-418
-440
-454
-460
-461
-456
-448
-437
-423
-408
-391
-372
-352
-330
-306
-279
-251
-220
-186
-150
-111
-70
-27
16
62
108
153
197
239
278
313
343
367
385
396
399
395
385
370
349
326
302
277
255
237
223
215
214
218
228
241
257
274
288
298
303
299
285
262
227
183
130
69
2
-67
-138
-209
-275
-337
-392
-439
-476
-504
-522
-529
-524
-508
-481
-442
-391
-330
-257
-175
-85
10
109
210
307
398
478
544
592
620
625
607
566
503
421
322
212
93
-29
-151
-269
-379
-478
-565
-637
-693
-734
-759
-769
-764
-746
-715
-673
-621
-560
-492
-418
-340
-260
-179
-100
-25
43
104
154
193
218
228
225
208
179
141
97
52
9
-25
-49
-59
-50
-23
22
86
165
256
355
457
557
650
732
799
848
878
887
876
845
797
734
659
576
488
399
312
229
153
85
27
-20
-58
-86
-105
-115
-118
-114
-105
-93
-79
-66
-54
-46
-43
-46
-55
-70
-89
-111
-133
-153
-167
-175
-175
-166
-149
-126
-99
-70
-44
-23
-10
-8
