-184
-175
-158
-132
-98
-58
-14
32
80
127
171
210
244
271
290
301
303
297
283
262
234
200
162
122
80
39
0
-34
-63
-87
-103
-111
-111
-104
-89
-67
-40
-7
29
69
111
155
200
244
287
327
364
396
423
443
456
462
459
449
430
402
367
325
276
220
160
96
29
-37
-104
-168
-229
-283
-328
-365
-390
-403
-403
-390
-365
-329
-282
-228
-167
-104
-40
21
79
129
171
202
223
232
229
215
192
159
119
74
25
-25
-76
-125
-171
-211
-246
-273
-292
-302
-302
-294
-277
-252
-221
-183
-142
-98
-54
-11
27
62
90
111
124
129
125
113
95
70
41
10
-22
-54
-83
-109
-129
-141
-147
-144
-132
-111
-83
-48
-6
39
88
137
186
233
275
311
341
363
377
383
381
372
358
338
314
288
261
235
210
186
165
147
130
116
103
90
76
62
45
25
3
-22
-50
-80
-112
-144
-177
-208
-238
-264
-287
-306
-321
-332
-338
-340
-339
-334
-326
-316
-303
-289
-273
-257
-240
-222
-204
-187
-170
-154
-140
-128
-119
-113
-110
-110
-114
-121
-130
-139
-150
-158
-165
-167
-164
-155
-139
-115
-83
-44
1
53
108
165
221
274
320
359
386
402
405
394
371
336
290
236
176
112
47
-16
-78
-134
-184
-227
-261
-287
-305
-314
-315
-309
-296
-278
-255
-228
-199
-169
-138
-107
-77
-49
-22
3
26
48
68
86
102
116
128
137
144
148
149
148
143
137
129
119
107
95
83
71
60
51
43
37
33
32
33
35
38
42
46
49
50
48
43
34
22
5
-15
-39
-67
-96
-126
-156
-185
-212
-236
-256
-270
-279
-281
-276
-265
-246
-221
-191
-155
-115
-72
-26
20
67
114
158
200
238
272
301
325
343
355
362
363
358
349
336
320
300
279
258
236
217
199
185
176
171
172
177
187
199
214
228
241
251
255
253
243
224
197
162
120
71
18
-37
-94
-149
-200
-247
-286
-319
-342
-358
-365
-365
-359
-348
-333
-316
-298
-279
-260
-241
-223
-205
-187
-169
-150
-131
-112
-93
-76
-59
-44
-32
-22
-15
-12
-12
-16
-22
-31
-42
-54
-67
-78
-88
-95
-97
-95
-87
-73
-52
-27
4
39
77
117
157
194
228
256
277
289
293
287
272
248
218
183
144
105
66
30
0
-26
-46
-59
-66
-68
-65
-59
-52
-45
-40
-37
-39
-45
-55
-70
-88
-109
-132
-154
-174
-192
-205
-213
-215
-211
-201
-184
-163
-136
-107
-75
-42
-9
21
49
73
92
106
115
118
117
113
105
97
89
82
79
79
83
94
110
132
160
193
232
275
320
367
414
458
498
531
556
570
572
560
535
496
443
378
302
218
128
34
-60
-153
-243
-328
-406
-476
-539
-593
-640
-679
-710
-734
-751
-761
-764
-760
-748
-728
-699
-662
-616
-563
-503
-436
-364
-289
-211
-133
-56
18
89
155
215
267
312
350
379
401
415
424
427
425
421
414
407
399
391
385
380
377
374
371
367
361
352
338
318
292
259
220
175
124
70
14
-42
-99
-152
-202
-246
-282
-311
-330
-339
-338
-326
-304
-271
-228
-176
-116
-48
24
101
181
262
342
420
495
565
630
687
737
778
810
832
842
841
828
801
760
703
631
543
439
320
187
43
-110
-268
-426
-581
-726
-859
-974
-1068
-1140
-1188
-1212
-1213
-1192
-1152
-1096
-1029
-953
-872
-790
-710
-635
-565
-502
-447
-399
-358
-321
-287
-255
-223
-190
-155
-117
-77
-36
5
47
87
124
157
184
204
216
220
215
201
179
149
112
71
27
-16
-59
-98
-130
-153
-167
-170
-161
-140
-109
-69
-21
32
90
149
208
264
315
360
398
427
448
461
466
464
456
443
426
408
388
367
348
329
311
295
280
266
252
238
223
207
189
169
148
124
98
71
43
14
-14
-43
-70
-96
-120
-142
-161
-178
-193
-206
-216
-225
-233
-239
-245
-251
-257
-263
-270
-277
-284
-292
-298
-303
-306
-307
-304
-297
-287
-273
-255
-233
-209
-182
-154
-126
-98
-72
-48
-26
-7
8
22
33
43
53
64
76
91
108
129
154
181
212
244
277
311
343
374
401
424
441
453
458
457
449
434
413
385
352
313
271
225
177
128
78
30
-16
-60
-100
-135
-164
-188
-205
-216
-221
-219
-212
-199
-183
-163
-141
-117
-93
-69
-45
-23
-2
16
33
49
63
77
89
101
112
123
132
141
149
155
160
163
165
165
163
160
156
150
142
133
123
112
99
84
68
50
31
10
-10
-32
-53
-73
-91
-106
-117
-122
-121
-114
-98
-76
-46
-10
31
78
128
179
229
277
320
356
383
399
403
393
370
332
280
215
139
54
-36
-131
-227
-321
-409
-490
-561
-622
-671
-708
-734
-748
-753
-750
-740
-724
-705
-683
-659
-634
-607
-580
-551
-520
-487
-451
-412
-369
-322
-271
-215
-156
-94
-30
34
99
163
224
282
335
382
422
455
479
496
504
505
498
484
465
440
413
383
351
320
288
257
227
198
169
142
116
90
66
43
21
1
-16
-31
-42
-51
-55
-55
-50
-41
-28
-12
7
28
50
72
92
110
124
133
137
135
128
114
94
69
40
7
-26
-62
-96
-127
-155
-176
-192
-200
-200
-193
-179
-159
-135
-106
-76
-46
-16
9
32
50
62
69
68
62
51
34
14
-8
-33
-58
-83
-107
-129
-150
-167
-183
-195
-205
-212
-215
-216
-213
-206
-195
-180
-161
-138
-112
-81
-48
-12
25
63
101
137
171
201
226
246
261
269
273
272
267
259
250
240
230
221
213
208
204
203
203
204
205
206
207
205
202
196
188
176
161
144
124
102
79
55
32
8
-14
-35
-55
-74
-91
-106
-119
-131
-140
-147
-152
-153
-150
-143
-132
-116
-95
-69
-38
-4
31
69
106
142
173
198
215
222
219
204
178
141
94
39
-21
-85
-151
-216
-278
-334
-385
-429
-465
-495
-518
-536
-548
-556
-561
-562
-561
-556
-547
-535
-517
-494
-464
-427
-381
-328
-266
-196
-120
-38
47
135
224
312
396
476
550
616
674
723
764
794
815
827
829
822
806
781
747
705
654
595
528
453
371
283
188
89
-13
-118
-225
-332
-437
-539
-636
-725
-805
-874
-929
-968
-990
-994
-978
-942
-886
-812
-721
-615
-498
-373
-244
-115
10
129
236
331
409
471
516
543
554
550
534
507
474
436
396
356
318
284
254
228
206
188
172
156
140
122
101
77
50
19
-14
-50
-88
-125
-162
-196
-228
-257
-281
-302
-318
-330
-338
-342
-343
-339
-331
-319
-303
-283
-259
-230
-198
-162
-123
-81
-36
9
56
104
151
198
244
288
331
370
407
440
470
494
514
529
538
540
536
525
508
485
457
425
390
353
317
281
247
216
189
165
144
125
109
94
79
64
46
26
2
-26
-60
-99
-144
-193
-245
-300
-354
-406
-454
-494
-524
-543
-548
-539
-514
-476
-423
-359
-286
-206
-123
-39
41
116
183
240
284
317
337
345
342
330
311
286
257
227
198
169
142
117
94
71
50
28
4
-20
-48
-79
-113
-150
-190
-230
-271
-310
-347
-378
-404
-421
-430
-428
-417
-395
-365
-326
-281
-233
-182
-132
-85
-42
-6
22
41
52
55
50
38
22
4
-14
-30
-44
-52
-53
-48
-37
-18
4
31
61
93
123
152
178
200
218
231
240
244
246
244
241
236
232
228
225
223
223
223
223
224
224
224
223
220
216
209
200
188
173
155
133
108
80
48
15
-18
-52
-83
-111
-135
-152
-161
-163
-157
-142
-120
-92
-57
-18
23
66
111
154
195
233
266
295
318
335
345
349
346
336
319
296
266
231
190
144
92
36
-25
-92
-163
-238
-317
-397
-479
-559
-635
-706
-769
-822
-863
-890
-904
-903
-888
-860
-819
-769
-709
-644
-575
-504
-433
-366
-302
-244
-192
-146
-108
-76
-50
-29
-15
-6
-4
-8
-19
-40
-70
-112
-165
-229
-304
-387
-477
-568
-658
-740
-809
-861
-891
-895
-870
-816
-730
-617
-476
-313
-133
60
259
460
656
842
1014
1167
1300
1409
1495
1558
1597
1616
1615
1596
1562
1515
1457
1388
1312
1228
1138
1042
943
839
732
623
514
403
294
186
81
-21
-119
-213
-303
-387
-466
-541
-609
-673
-731
-785
-833
-876
-914
-946
-973
-993
-1007
-1013
-1011
-1000
-980
-951
-912
-863
-805
-739
-665
-586
-503
-417
-332
-248
-168
-94
-27
30
78
115
142
158
165
163
156
145
133
123
116
116
122
137
159
188
223
260
298
332
361
382
392
389
374
346
306
256
199
137
74
14
-38
-82
-114
-132
-135
-123
-97
-58
-9
45
105
165
222
275
322
361
391
414
429
438
443
445
445
446
447
450
455
462
469
477
482
484
481
472
454
428
394
351
301
246
188
129
71
17
-30
-70
-101
-123
-135
-139
-135
-125
-110
-93
-76
-61
-49
-42
-41
-46
-56
-71
-91
-112
-133
-153
-168
-177
-179
-172
-155
-128
-92
-47
5
65
129
197
266
335
403
467
525
576
617
645
660
658
638
599
541
463
366
253
125
-12
-157
-305
-451
-590
-719
-834
-931
-1009
-1067
-1104
-1122
-1120
-1101
-1067
-1021
-964
-899
-828
-753
-675
-597
-519
-442
-367
-296
-229
-166
-109
-57
-12
25
56
79
95
103
105
101
91
79
64
48
33
21
11
7
8
15
28
49
76
110
151
198
250
306
364
423
480
533
580
620
649
668
675
669
651
622
582
534
479
420
357
293
230
168
109
52
-2
-54
-104
-153
-201
-248
-296
-343
-389
-433
-474
-511
-542
-566
-582
-589
-587
-574
-551
-518
-475
-425
-369
-308
-244
-179
-115
-54
3
56
104
148
188
225
259
293
328
364
402
442
484
524
563
596
622
637
639
625
595
546
479
396
298
189
73
-46
-163
-274
-375
-463
-533
-585
-618
-630
-624
-600
-560
-507
-444
-373
-298
-221
-145
-74
-8
49
97
135
162
179
186
184
174
158
137
113
88
64
41
21
5
-6
-15
-20
-23
-23
-21
-20
-18
-16
-16
-16
-16
-16
-15
-13
-8
0
10
25
44
66
90
115
140
162
180
193
198
195
184
164
136
100
58
12
-35
-83
-129
-170
-204
-230
-245
-250
-244
-227
-201
-166
-125
-80
-33
14
61
104
144
179
209
235
255
271
282
288
289
284
273
256
232
200
160
114
61
2
-60
-126
-193
-260
-323
-381
-432
-476
-510
-534
-548
-551
-545
-530
-507
-476
-440
-399
-354
-306
-256
-204
-151
-97
-43
10
62
113
160
203
240
270
292
304
305
296
275
244
203
154
99
38
-23
-85
-143
-196
-240
-273
-294
-303
-298
-280
-251
-211
-164
-111
-55
0
54
105
150
189
220
243
260
