1252
1253
1253
1253
1253
1254
1254
1254
1255
1255
1255
1256
1256
1256
1257
1257
1257
1258
1258
1258
1259
1259
1259
1260
1260
1260
1261
1261
1261
1261
1262
1262
1262
1263
1263
1263
1264
1264
1264
1265
1265
1265
1266
1266
1266
1266
1267
1267
1267
1268
1268
1268
1269
1269
1269
1270
1270
1270
1270
1271
1271
1271
1272
1272
1272
1273
1273
1273
1274
1274
1274
1274
1275
1275
1275
1276
1276
1276
1277
1277
1277
1277
1278
1278
1278
1279
1279
1279
1280
1280
1280
1280
1281
1281
1281
1282
1282
1282
1282
1283
1283
1283
1284
1284
1284
1285
1285
1285
1285
1286
1286
1286
1287
1287
1287
1287
1288
1288
1288
1289
1289
1289
1289
1290
1290
1290
1291
1291
1291
1291
1292
1292
1292
1293
1293
1293
1293
1294
1294
1294
1295
1295
1295
1295
1296
1296
1296
1297
1297
1297
1297
1298
1298
1298
1298
1299
1299
1299
1300
1300
1300
1300
1301
1301
1301
1301
1302
1302
1302
1303
1303
1303
1303
1304
1304
1304
1304
1305
1305
1305
1306
1306
1306
1306
1307
1307
1307
1307
1308
1308
1308
1308
1309
1309
1309
1310
1310
1310
1310
1311
1311
1311
1311
1312
1312
1312
1312
1313
1313
1313
1313
1314
1314
1314
1314
1315
1315
1315
1315
1316
1316
1316
1316
1317
1317
1317
1318
1318
1318
1318
1319
1319
1319
1319
1320
1320
1320
1320
1321
1321
1321
1321
1322
1322
1322
1322
1323
1323
1323
1323
1323
1324
1324
1324
1324
1325
1325
1325
1325
1326
1326
1326
1326
1327
1327
1327
1327
1328
1328
1328
1328
1329
1329
1329
1329
1330
1330
1330
1330
1330
1331
1331
1331
1331
1332
1332
1332
1332
1333
1333
1333
1333
1333
1334
1334
1334
1334
1335
1335
1335
1335
1336
1336
1336
1336
1336
1337
1337
1337
1337
1338
1338
1338
1338
1338
1339
1339
1339
1339
1340
1340
1340
1340
1340
1341
1341
1341
1341
1342
1342
1342
1342
1342
1343
1343
1343
1343
1344
1344
1344
1344
1344
1345
1345
1345
1345
1345
1346
1346
1346
1346
1347
1347
1347
1347
1347
1348
1348
1348
1348
1348
1349
1349
1349
1349
1349
1350
1350
1350
1350
1350
1351
1351
1351
1351
1351
1352
1352
1352
1352
1353
1353
1353
1353
1353
1354
1354
1354
1354
1354
1355
1355
1355
1355
1355
1355
1356
1356
1356
1356
1356
1357
1357
1357
1357
1357
1358
1358
1358
1358
1358
1359
1359
1359
1359
1359
1360
1360
1360
1360
1360
1360
1361
1361
1361
1361
1361
1362
1362
1362
1362
1362
1362
1363
1363
1363
1363
1363
1364
1364
1364
1364
1364
1364
1365
1365
1365
1365
1365
1366
1366
1366
1366
1366
1366
1367
1367
1367
1367
1367
1367
1368
1368
1368
1368
1368
1369
1369
1369
1369
1369
1369
1370
1370
1370
1370
1370
1370
1371
1371
1371
1371
1371
1371
1372
1372
1372
1372
1372
1372
1373
1373
1373
1373
1373
1373
1374
1374
1374
1374
1374
1374
1374
1375
1375
1375
1375
1375
1375
1376
1376
1376
1376
1376
1376
1377
1377
1377
1377
1377
1377
1377
1378
1378
1378
1378
1378
1378
1378
1379
1379
1379
1379
1379
1379
1380
1380
1380
1380
1380
1380
1380
1381
1381
1381
1381
1381
1381
1381
1382
1382
1382
1382
1382
1382
1382
1383
1383
1383
1383
1383
1383
1383
1384
1384
1384
1384
1384
1384
1384
1384
1385
1385
1385
1385
1385
1385
1385
1386
1386
1386
1386
1386
1386
1386
1386
1387
1387
1387
1387
1387
1387
1387
1387
1388
1388
1388
1388
1388
1388
1388
1388
1389
1389
1389
1389
1389
1389
1389
1389
1390
1390
1390
1390
1390
1390
1390
1390
1391
1391
1391
1391
1391
1391
1391
1391
1391
1392
1392
1392
1392
1392
1392
1392
1392
1392
1393
1393
1393
1393
1393
1393
1393
1393
1393
1394
1394
1394
1394
1394
1394
1394
1394
1394
1395
1395
1395
1395
1395
1395
1395
1395
1395
1396
1396
1396
1396
1396
1396
1396
1396
1396
1396
1397
1397
1397
1397
1397
1397
1397
1397
1397
1397
1397
1398
1398
1398
1398
1398
1398
1398
1398
1398
1398
1399
1399
1399
1399
1399
1399
1399
1399
1399
1399
1399
1400
1400
1400
1400
1400
1400
1400
1400
1400
1400
1400
1400
1401
1401
1401
1401
1401
1401
1401
1401
1401
1401
1401
1401
1402
1402
1402
1402
1402
1402
1402
1402
1402
1402
1402
1402
1402
1403
1403
1403
1403
1403
1403
1403
1403
1403
1403
1403
1403
1403
1403
1404
1404
1404
1404
1404
1404
1404
1404
1404
1404
1404
1404
1404
1404
1405
1405
1405
1405
1405
1405
1405
1405
1405
1405
1405
1405
1405
1405
1405
1405
1406
1406
1406
1406
1406
1406
1406
1406
1406
1406
1406
1406
1406
1406
1406
1406
1406
1407
1407
1407
1407
1407
1407
1407
1407
1407
1407
1407
1407
1407
1407
1407
1407
1407
1407
1407
1407
1408
1408
1408
1408
1408
1408
1408
1408
1408
1408
1408
1408
1408
1408
1408
1408
1408
1408
1408
1408
1408
1408
1409
1409
1409
1409
1409
1409
1409
1409
1409
1409
1409
1409
1409
1409
1409
1409
1409
1409
1409
1409
1409
1409
1409
1409
1409
1409
1409
1409
1410
1410
1410
1410
1410
1410
1410
1410
1410
1410
1410
1410
1410
1410
1410
1410
1410
1410
1410
1410
1410
1410
1410
1410
1410
1410
1410
1410
1410
1410
1410
1410
1410
1410
1410
1410
1410
1410
1410
1410
1411
1411
1411
1411
1411
1411
1411
1411
1411
1411
1411
1411
1411
1411
1411
1411
1411
1411
1411
1411
1411
1411
1411
1411
1411
1411
1411
1411
1411
1411
1411
1411
1411
1411
1411
1411
1411
1411
1411
1411
1411
1411
1411
1411
1411
1411
1411
1411
1411
1411
1411
1411
1411
1411
1411
1411
1411
1411
1411
1411
1411
1411
1411
1411
1411
1411
1411
1411
1411
1411
1411
1411
1411
1411
1411
1411
1411
1411
1411
1411
1411
1411
1411
1411
1411
1411
1411
1411
1411
1411
1411
1411
1411
1411
1411
1411
1411
1411
1411
1411
1411
1411
1411
1411
1411
1411
1411
1411
1411
1411
1411
1411
1411
1411
1411
1411
1410
1410
1410
1410
1410
1410
1410
1410
1410
1410
1410
1410
1410
1410
1410
1410
1410
1410
1410
1410
1410
1410
1410
1410
1410
1410
1410
1410
1410
1410
1410
1410
1410
1410
1410
1410
1410
1410
1410
1410
1410
1409
1409
1409
1409
1409
1409
1409
1409
1409
1409
1409
1409
1409
1409
1409
1409
1409
1409
1409
1409
1409
1409
1409
1409
1409
1409
1409
1409
1408
1408
1408
1408
1408
1408
1408
1408
1408
1408
1408
1408
1408
1408
1408
1408
1408
1408
1408
1408
1408
1408
1408
1408
1407
1407
1407
1407
1407
1407
1407
1407
1407
1407
1407
1407
1407
1407
1407
1407
1407
1407
1407
1407
1406
1406
1406
1406
1406
1406
1406
1406
1406
1406
1406
1406
1406
1406
1406
1406
1406
1406
1405
1405
1405
1405
1405
1405
1405
1405
1405
1405
1405
1405
1405
1405
1405
1405
1405
1404
1404
1404
1404
1404
1404
1404
1404
1404
1404
1404
1404
1404
1404
1404
1404
1403
1403
1403
1403
1403
1403
1403
1403
1403
1403
1403
1403
1403
1403
1402
1402
1402
1402
1402
1402
1402
1402
1402
1402
1402
1402
1402
1402
1401
1401
1401
1401
1401
1401
1401
1401
1401
1401
1401
1401
1401
1400
1400
1400
1400
1400
1400
1400
1400
1400
1400
1400
1400
1400
1399
1399
1399
1399
1399
1399
1399
1399
1399
1399
1399
1399
1398
1398
1398
1398
1398
1398
1398
1398
1398
1398
1398
1397
1397
1397
1397
1397
1397
1397
1397
1397
1397
1397
1397
1396
1396
1396
1396
1396
1396
1396
1396
1396
1396
1395
1395
1395
1395
1395
1395
1395
1395
1395
1395
1395
1394
1394
1394
1394
1394
1394
1394
1394
1394
1394
1393
1393
1393
1393
1393
1393
1393
1393
1393
1393
1392
1392
1392
1392
1392
1392
1392
1392
1392
1392
1391
1391
1391
1391
1391
1391
1391
1391
1391
1391
1390
1390
1390
1390
1390
1390
1390
1390
1390
1389
1389
1389
1389
1389
1389
1389
1389
1389
1388
1388
1388
1388
1388
1388
1388
1388
1388
1387
1387
1387
1387
1387
1387
1387
1387
1387
1386
1386
1386
1386
1386
1386
1386
1386
1386
1385
1385
1385
1385
1385
1385
1385
1385
1384
1384
1384
1384
1384
1384
1384
1384
1383
1383
1383
1383
1383
1383
1383
1383
1383
1382
1382
1382
1382
1382
1382
1382
1382
1381
1381
1381
1381
1381
1381
1381
1381
1380
1380
1380
1380
1380
1380
1380
1380
1379
1379
1379
1379
1379
1379
1379
1378
1378
1378
1378
1378
1378
1378
1378
1377
1377
1377
1377
1377
1377
1377
1377
1376
1376
1376
1376
1376
1376
1376
1375
1375
1375
1375
1375
1375
1375
1374
1374
1374
1374
1374
1374
1374
1374
1373
1373
1373
1373
1373
1373
1373
1372
1372
1372
1372
1372
1372
1372
1371
1371
1371
1371
1371
1371
1371
1370
1370
1370
1370
1370
1370
1370
1369
1369
1369
1369
1369
1369
1369
1368
1368
1368
1368
1368
1368
1368
1367
1367
1367
1367
1367
1367
1367
1366
1366
1366
1366
1366
1366
1365
1365
1365
1365
1365
1365
1365
1364
1364
1364
1364
1364
1364
1364
1363
1363
1363
1363
1363
1363
1362
1362
1362
1362
1362
1362
1362
1361
1361
1361
1361
1361
1361
1360
1360
1360
1360
1360
1360
1359
1359
1359
1359
1359
1359
1359
1358
1358
1358
1358
1358
1358
1357
1357
1357
1357
1357
1357
1356
1356
1356
1356
1356
1356
1356
1355
1355
1355
1355
1355
1355
1354
1354
1354
1354
1354
1354
1353
1353
1353
1353
1353
1353
1352
1352
1352
1352
1352
1352
1351
1351
1351
1351
1351
1351
1350
1350
1350
1350
1350
1350
1349
1349
1349
1349
1349
1349
1348
1348
1348
1348
1348
1348
1347
1347
1347
1347
1347
1347
1346
1346
1346
1346
1346
1345
1345
1345
1345
1345
1345
1344
1344
1344
1344
1344
1344
1343
1343
1343
1343
1343
1343
1342
1342
1342
1342
1342
1341
1341
1341
1341
1341
1341
1340
1340
1340
1340
1340
1340
1339
1339
1339
1339
1339
1338
1338
1338
1338
1338
1338
1337
1337
1337
1337
1337
1336
1336
1336
1336
1336
1336
1335
1335
1335
1335
1335
1334
1334
1334
1334
1334
1334
1333
1333
1333
1333
1333
1332
1332
1332
1332
1332
1332
1331
1331
1331
1331
1331
1330
1330
1330
1330
1330
1330
1329
1329
1329
1329
1329
1328
1328
1328
1328
1328
1327
1327
1327
1327
1327
1327
1326
1326
1326
1326
1326
1325
1325
1325
1325
1325
1324
1324
1324
1324
1324
1323
1323
1323
1323
1323
1323
1322
1322
1322
1322
1322
1321
1321
1321
1321
1321
1320
1320
1320
1320
1320
1319
1319
1319
1319
1319
1318
1318
1318
1318
1318
1318
1317
1317
1317
1317
1317
1316
1316
1316
1316
1316
1315
1315
1315
1315
1315
1314
1314
1314
1314
1314
1313
1313
1313
1313
1313
1312
1312
1312
1312
1312
1311
1311
1311
1311
1311
1310
1310
1310
1310
1310
1309
1309
1309
1309
1309
1308
1308
1308
1308
1308
1307
1307
1307
1307
1307
1306
1306
1306
1306
1306
1305
1305
1305
1305
1305
1304
1304
1304
1304
1304
1303
1303
1303
1303
1303
1302
1302
1302
1302
1302
1301
1301
1301
1301
1301
1300
1300
1300
1300
1300
1299
1299
1299
1299
1298
1298
1298
1298
1298
1297
1297
1297
1297
1297
1296
1296
1296
1296
1296
1295
1295
1295
1295
1295
1294
1294
1294
1294
1294
1293
1293
1293
1293
1292
1292
1292
1292
1292
1291
1291
1291
1291
1291
1290
1290
1290
1290
1290
1289
1289
1289
1289
1288
1288
1288
1288
1288
1287
1287
1287
1287
1287
1286
1286
1286
1286
1286
1285
1285
1285
1285
1284
1284
1284
1284
1284
1283
1283
1283
1283
1283
1282
1282
1282
1282
1281
1281
1281
1281
1281
1280
1280
1280
1280
1280
1279
