-739
-826
-900
-959
-1001
-1023
-1025
-1007
-970
-914
-844
-762
-673
-580
-487
-400
-322
-255
-202
-163
-139
-129
-130
-140
-156
-172
-186
-193
-190
-173
-140
-90
-22
60
157
263
376
489
599
699
785
854
901
926
926
903
858
793
711
616
511
400
286
174
66
-33
-122
-200
-262
-309
-337
-346
-336
-306
-256
-188
-104
-6
102
216
332
444
548
637
708
757
781
780
752
699
624
529
418
296
167
34
-98
-227
-351
-466
-573
-668
-752
-824
-882
-925
-953
-963
-954
-926
-876
-805
-714
-604
-478
-338
-190
-39
108
248
372
475
554
604
624
615
579
518
439
347
249
152
62
-15
-75
-116
-137
-137
-120
-88
-47
-2
42
81
109
123
121
102
67
16
-45
-116
-191
-266
-335
-397
-446
-481
-501
-505
-494
-469
-434
-390
-341
-289
-238
-188
-142
-99
-60
-24
10
46
83
123
166
213
264
317
371
423
471
513
547
569
579
574
554
520
471
410
337
257
170
81
-7
-94
-176
-250
-317
-373
-419
-455
-479
-493
-496
-489
-472
-447
-414
-374
-329
-280
-228
-174
-119
-65
-13
36
83
126
164
196
223
243
257
265
266
261
250
233
211
185
155
123
89
55
22
-8
-35
-58
-75
-86
-90
-88
-79
-64
-45
-23
1
26
50
73
92
108
120
127
129
127
121
111
98
83
66
47
28
9
-10
-31
-52
-74
-98
-124
-151
-181
-212
-244
-277
-309
-339
-365
-386
-402
-411
-413
-406
-390
-366
-334
-295
-250
-199
-145
-89
-31
25
80
133
183
228
269
303
332
354
368
373
371
359
339
310
273
230
182
131
79
28
-19
-62
-98
-125
-142
-149
-145
-131
-109
-80
-45
-8
29
65
98
125
146
160
166
166
159
147
131
112
91
70
51
33
17
5
-3
-9
-13
-13
-12
-10
-6
-3
0
2
4
5
4
3
1
-1
-4
-7
-10
-13
-15
-18
-20
-24
-29
-36
-46
-59
-76
-96
-119
-146
-176
-207
-238
-268
-296
-319
-337
-347
-350
-343
-327
-302
-269
-228
-181
-130
-78
-25
25
71
112
146
172
191
202
208
208
205
201
197
194
193
196
202
212
225
240
257
274
290
305
317
327
333
336
335
331
324
314
303
289
274
257
239
219
197
173
147
119
89
57
23
-10
-45
-80
-113
-144
-171
-195
-214
-229
-239
-245
-246
-243
-237
-228
-216
-203
-188
-173
-158
-143
-130
-118
-109
-102
-98
-97
-100
-105
-113
-122
-132
-142
-149
-154
-155
-151
-142
-128
-108
-83
-55
-24
6
37
66
93
115
133
147
157
162
165
166
166
167
171
178
189
205
227
254
284
316
348
377
399
413
414
400
371
325
262
184
93
-7
-115
-225
-333
-435
-528
-608
-673
-722
-754
-769
-768
-753
-726
-689
-646
-599
-549
-501
-454
-409
-368
-331
-295
-262
-229
-195
-159
-121
-80
-36
10
60
113
167
221
275
327
377
423
465
500
528
548
559
559
549
527
496
454
405
348
287
224
161
102
48
3
-30
-53
-62
-59
-43
-16
19
62
107
152
192
226
249
259
255
237
204
158
101
36
-33
-103
-169
-229
-279
-315
-338
-346
-339
-320
-290
-253
-213
-172
-135
-104
-81
-67
-64
-69
-83
-103
-126
-151
-173
-192
-204
-210
-209
-200
-185
-166
-144
-123
-103
-87
-76
-71
-71
-76
-83
-92
-100
-105
-104
-96
-80
-56
-23
15
60
107
155
201
241
274
297
309
308
295
269
232
185
130
71
10
-48
-103
-150
-185
-207
-213
-202
-172
-125
-62
14
102
197
294
389
477
554
618
666
696
709
705
687
655
613
564
509
449
388
324
258
189
117
38
-46
-139
-241
-352
-471
-596
-723
-848
-966
-1070
-1153
-1210
-1234
-1221
-1167
-1070
-933
-759
-552
-319
-71
183
435
675
892
1080
1233
1346
1418
1448
1439
1392
1313
1208
1080
937
784
626
467
311
161
20
-110
-230
-338
-434
-518
-590
-649
-696
-731
-752
-761
-756
-739
-707
-664
-608
-542
-468
-387
-302
-215
-129
-45
34
107
174
234
285
327
362
387
404
414
415
410
398
380
358
331
302
271
239
206
174
141
110
79
48
17
-13
-46
-81
-117
-156
-197
-241
-286
-332
-378
-422
-462
-498
-526
-546
-555
-555
-543
-520
-488
-448
-403
-355
-307
-263
-225
-196
-179
-175
-188
-217
-262
-322
-395
-479
-568
-658
-744
-819
-879
-918
-931
-916
-870
-793
-686
-553
-398
-226
-44
140
321
491
645
777
885
967
1021
1049
1054
1037
1005
960
907
852
796
745
700
662
633
612
597
587
579
572
561
546
523
490
447
392
326
250
165
73
-21
-118
-214
-304
-388
-461
-524
-575
-613
-639
-654
-658
-653
-641
-623
-601
-576
-549
-520
-489
-455
-419
-379
-335
-287
-234
-176
-114
-50
14
79
142
200
252
296
330
353
364
364
352
329
296
254
204
149
90
28
-34
-97
-158
-216
-269
-318
-361
-396
-424
-443
-453
-453
-442
-420
-387
-345
-293
-233
-167
-95
-22
51
124
192
255
311
358
397
426
447
461
467
468
465
459
453
446
440
436
433
433
434
437
441
445
448
450
450
448
442
432
419
400
377
349
316
279
237
192
143
92
41
-10
-61
-109
-152
-190
-220
-241
-253
-254
-243
-221
-188
-146
-94
-37
23
86
146
202
250
288
315
328
329
316
291
255
209
156
98
38
-22
-80
-135
-183
-225
-258
-282
-297
-303
-302
-293
-279
-261
-241
-221
-202
-186
-173
-165
-162
-162
-168
-177
-189
-204
-221
-241
-263
-287
-314
-345
-381
-421
-467
-519
-577
-640
-708
-778
-850
-919
-983
-1039
-1083
-1112
-1121
-1109
-1074
-1013
-928
-818
-686
-534
-367
-188
-3
184
368
545
711
862
995
1108
1200
1270
1318
1343
1347
1330
1293
1238
1167
1081
983
876
763
646
529
416
309
212
127
56
1
-38
-61
-71
-67
-54
-34
-11
10
28
40
42
32
10
-24
-72
-130
-198
-273
-351
-430
-505
-573
-632
-678
-710
-726
-725
-707
-674
-627
-568
-501
-427
-350
-273
-199
-129
-67
-14
30
65
91
108
119
124
126
125
125
126
130
136
145
156
166
176
182
184
178
166
144
115
79
37
-9
-56
-103
-146
-182
-210
-228
-233
-226
-207
-176
-136
-88
-34
21
76
128
174
212
242
263
275
280
279
274
268
262
259
261
267
280
298
320
344
368
390
407
415
413
399
371
331
277
213
140
62
-18
-97
-171
-237
-292
-335
-363
-376
-374
-358
-329
-289
-242
-189
-133
-78
-25
22
63
96
120
135
140
138
127
110
87
59
29
-2
-34
-65
-92
-115
-132
-142
-143
-136
-119
-94
-60
-19
27
79
132
185
235
280
318
346
364
369
362
343
313
272
222
166
106
43
-19
-79
-136
-188
-234
-274
-308
-336
-359
-378
-393
-405
-412
-414
-412
-403
-387
-363
-331
-292
-245
-193
-138
-82
-29
17
55
82
96
95
80
51
11
-37
-92
-149
-203
-253
-294
-324
-341
-346
-337
-315
-282
-240
-190
-135
-77
-17
41
99
154
206
254
297
334
366
390
407
415
415
406
389
364
333
297
260
222
188
159
138
127
128
140
163
195
234
277
321
361
394
417
426
421
400
363
311
248
175
95
13
-66
-143
-213
-275
-326
-366
-396
-416
-426
-429
-424
-414
-399
-381
-359
-335
-308
-279
-247
-214
-179
-144
-108
-74
-42
-14
8
24
34
35
28
14
-7
-35
-68
-103
-139
-172
-202
-225
-241
-247
-244
-231
-209
-180
-144
-104
-62
-20
19
54
83
106
123
133
138
139
138
136
137
141
149
163
181
205
232
262
293
323
349
370
384
390
387
373
348
314
270
217
157
91
22
-47
-116
-181
-241
-292
-335
-366
-385
-391
-384
-365
-336
-297
-251
-200
-149
-99
-53
-14
15
35
43
39
24
0
-33
-73
-116
-159
-201
-237
-266
-285
-293
-289
-272
-243
-204
-155
-99
-39
22
84
142
195
241
278
307
326
336
338
333
321
305
285
262
238
213
188
164
140
117
95
74
53
34
16
0
-13
-25
-34
-40
-44
-45
-45
-44
-44
-44
-47
-52
-60
-72
-86
-102
-119
-135
-149
-160
-167
-167
-161
-149
-129
-104
-73
-40
-5
29
61
89
111
126
133
133
126
112
95
74
53
32
14
0
-11
-18
-20
-18
-12
-3
6
18
30
41
50
57
62
62
58
51
38
22
2
-21
-47
-74
-101
-127
-151
-170
-185
-193
-194
-188
-175
-155
-129
-100
-67
-33
-1
28
53
73
86
91
89
79
63
42
16
-11
-40
-67
-92
-112
-126
-134
-134
-127
-112
-90
-62
-29
6
44
82
118
152
181
206
226
239
247
249
246
238
227
213
197
181
165
150
137
127
120
117
118
122
129
139
149
160
168
173
174
168
155
135
108
74
34
-10
-56
-104
-149
-191
-228
-259
-282
-297
-305
-305
-300
-289
-274
-258
-240
-222
-206
-192
-181
-173
-169
-168
-171
-178
-188
-200
-213
-227
-240
-251
-260
-264
-263
-256
-241
-219
-188
-150
-104
-51
7
70
134
199
263
322
375
422
460
488
507
516
515
506
489
466
437
405
371
337
303
270
240
213
189
169
154
143
137
136
141
151
166
185
207
231
256
278
297
309
313
305
286
253
206
145
71
-15
-112
-216
-325
-436
-545
-649
-743
-826
-894
-945
-977
-991
-986
-964
-925
-874
-813
-744
-673
-601
-532
-468
-411
-362
-322
-291
-267
-249
-235
-223
-210
-195
-175
-149
-116
-75
-26
28
89
154
222
290
357
421
482
537
588
634
674
710
741
767
788
805
816
821
819
808
789
759
719
669
608
537
458
372
282
190
99
11
-70
-145
-210
-265
-307
-338
-357
-366
-364
-354
-337
-314
-288
-259
-230
-202
-175
-151
-130
-113
-99
-89
-82
-79
-80
-83
-89
-98
-110
-123
-138
-155
-172
-190
-207
-224
-241
-256
-269
-281
-291
-298
-303
-304
-303
-297
-287
-274
-256
-234
-209
-180
-148
-113
-76
-38
0
40
78
115
150
182
210
233
252
267
277
284
286
286
283
278
270
260
248
232
213
191
165
135
103
68
34
0
-29
-53
-69
-74
-67
-47
-13
33
93
163
239
318
395
465
526
571
600
609
598
567
517
452
374
286
192
97
2
-89
-175
-254
-325
-388
-443
-490
-530
-563
-588
-606
-617
-618
-611
-594
-565
-525
-474
-413
-341
-261
-176
-88
0
84
161
229
285
326
352
362
358
339
308
267
218
166
111
56
5
-42
-85
-121
-152
-177
-196
-210
-219
-225
-228
-229
-227
-224
-219
-212
-204
-195
-183
-171
-157
-141
-125
-109
-93
-78
-64
-51
-40
-31
-24
-19
-14
-9
-3
4
14
29
48
72
100
133
169
207
246
284
320
351
376
392
400
397
383
