-40
-29
-19
-9
0
6
12
18
22
27
31
36
41
48
56
65
77
90
104
120
136
153
169
183
195
204
208
208
202
191
174
151
123
90
54
15
-25
-65
-104
-141
-173
-201
-222
-237
-245
-245
-239
-225
-206
-180
-150
-115
-78
-38
1
41
79
114
145
171
191
205
213
214
208
196
177
153
124
91
56
19
-17
-54
-89
-122
-152
-180
-204
-225
-243
-257
-268
-276
-280
-280
-277
-271
-260
-247
-230
-211
-190
-167
-145
-122
-101
-81
-63
-48
-35
-25
-18
-12
-9
-7
-5
-4
-3
-1
0
4
10
16
24
33
43
52
61
70
76
81
83
83
81
76
69
60
49
37
24
11
-1
-14
-25
-35
-43
-49
-52
-53
-51
-46
-38
-28
-14
0
18
37
56
76
95
112
128
140
150
157
160
160
156
150
142
132
121
110
98
87
77
68
61
54
49
44
40
36
32
26
19
11
2
-8
-19
-32
-44
-57
-69
-81
-91
-101
-110
-117
-123
-129
-133
-135
-137
-138
-139
-138
-136
-134
-131
-127
-121
-114
-104
-93
-80
-64
-46
-27
-7
13
34
54
73
89
103
114
121
125
125
121
114
104
92
77
62
45
29
13
0
-13
-24
-33
-39
-44
-47
-48
-48
-48
-47
-47
-47
-47
-48
-50
-52
-54
-56
-56
-56
-55
-51
-46
-39
-30
-19
-7
5
19
34
48
63
77
89
100
110
117
122
124
123
119
114
106
97
88
78
69
61
54
50
47
46
47
49
53
58
64
70
77
83
89
94
99
102
103
104
102
100
96
90
84
76
66
56
44
30
16
0
-18
-37
-58
-79
-100
-121
-141
-160
-176
-189
-200
-206
-208
-205
-197
-184
-166
-143
-114
-81
-45
-5
36
80
124
168
210
249
284
315
340
358
370
375
372
361
343
317
284
244
198
147
92
35
-23
-81
-138
-192
-242
-288
-328
-363
-393
-418
-437
-452
-463
-469
-470
-468
-460
-447
-428
-403
-371
-333
-288
-236
-180
-119
-55
9
73
134
191
240
282
314
336
348
350
343
327
305
277
247
216
185
156
130
109
92
79
71
66
63
62
62
61
57
51
41
27
9
-14
-41
-73
-108
-145
-183
-221
-258
-292
-323
-349
-370
-386
-395
-398
-395
-386
-371
-350
-325
-295
-263
-228
-192
-156
-120
-87
-56
-28
-4
14
29
40
46
48
46
41
33
24
14
4
-3
-10
-15
-17
-16
-11
-3
6
20
36
53
73
93
114
135
155
175
193
209
222
233
240
244
244
240
233
223
210
194
176
157
137
116
94
73
52
32
12
-6
-23
-40
-57
-72
-86
-99
-110
-120
-128
-133
-136
-137
-134
-129
-120
-109
-95
-78
-59
-38
-14
10
36
64
91
118
144
167
188
205
217
224
227
224
216
203
186
166
144
121
98
76
56
39
25
15
6
1
-3
-6
-8
-10
-13
-16
-20
-23
-27
-31
-33
-35
-37
-37
-36
-35
-33
-32
-31
-31
-32
-34
-39
-45
-52
-61
-71
-82
-92
-102
-112
-119
-125
-129
-130
-128
-122
-114
-102
-86
-67
-45
-20
7
38
70
103
137
171
203
234
263
288
310
326
338
344
343
335
320
297
268
232
191
145
96
46
-3
-51
-95
-133
-164
-188
-203
-209
-208
-198
-181
-159
-132
-102
-70
-37
-4
26
54
80
101
118
131
140
144
144
140
132
122
110
96
82
67
54
41
30
21
13
7
1
-3
-8
-15
-23
-34
-47
-64
-84
-106
-132
-159
-188
-217
-245
-271
-295
-314
-328
-336
-339
-336
-327
-314
-295
-273
-247
-220
-191
-161
-131
-102
-73
-46
-20
4
28
50
71
91
110
128
144
159
173
185
194
200
203
203
198
189
176
160
140
118
94
68
43
18
-5
-26
-45
-61
-74
-84
-91
-96
-99
-101
-101
-100
-100
-99
-99
-99
-98
-98
-97
-95
-91
-85
-78
-67
-55
-39
-22
-2
18
39
61
82
101
118
133
143
151
155
156
154
150
146
141
137
134
133
133
136
140
146
153
161
169
178
186
193
199
203
206
206
205
202
197
191
183
174
163
151
137
122
104
85
65
43
20
-2
-25
-48
-69
-89
-108
-125
-141
-155
-168
-180
-192
-202
-211
-219
-226
-231
-233
-233
-229
-222
-212
-198
-181
-162
-140
-118
-96
-75
-57
-41
-30
-24
-22
-25
-33
-45
-60
-78
-96
-116
-135
-153
-170
-186
-199
-211
-222
-230
-238
-244
-249
-252
-255
-257
-257
-255
-251
-244
-233
-219
-201
-178
-151
-121
-86
-48
-8
33
76
120
163
206
247
286
323
358
388
416
438
456
469
476
476
470
456
436
408
373
331
283
228
169
107
41
-25
-93
-159
-222
-282
-335
-382
-422
-453
-475
-487
-490
-482
-466
-441
-407
-367
-320
-268
-212
-154
-95
-37
18
70
117
158
191
217
233
241
239
229
211
187
156
122
86
49
13
-20
-49
-72
-90
-101
-105
-103
-95
-82
-65
-46
-25
-5
12
29
42
53
60
65
68
69
71
73
76
81
88
97
108
120
133
146
158
168
175
178
177
171
161
147
129
109
87
65
44
25
10
-1
-7
-9
-6
0
11
25
42
60
79
98
116
132
146
158
168
174
178
178
176
171
163
153
140
126
110
93
75
57
39
23
8
-3
-13
-21
-26
-28
-27
-25
-20
-15
-7
0
8
17
26
35
43
50
55
59
61
60
57
50
40
27
11
-7
-27
-50
-72
-95
-117
-138
-156
-171
-183
-191
-197
-199
-199
-196
-193
-188
-184
-180
-176
-173
-170
-167
-165
-162
-158
-154
-150
-146
-143
-141
-140
-142
-146
-153
-162
-173
-185
-196
-206
-214
-219
-219
-214
-203
-186
-163
-135
-101
-63
-22
21
65
109
151
191
226
256
279
296
306
308
302
289
268
241
208
170
127
81
31
-18
-69
-120
-169
-215
-258
-296
-328
-354
-373
-385
-388
-384
-370
-349
-320
-284
-242
-195
-144
-90
-36
17
69
118
163
203
239
269
294
314
329
340
346
349
348
343
336
325
312
296
277
256
232
206
178
148
118
86
53
20
-13
-46
-79
-111
-142
-171
-197
-220
-239
-254
-264
-269
-268
-262
-251
-234
-212
-184
-153
-118
-80
-40
0
41
79
115
146
172
191
203
209
207
199
185
166
143
119
93
67
42
20
0
-17
-32
-44
-54
-61
-68
-73
-79
-84
-89
-95
-100
-105
-108
-110
-110
-107
-102
-94
-83
-70
-55
-39
-22
-5
11
28
44
59
73
87
100
113
126
139
152
166
181
196
211
227
243
258
273
288
301
312
322
330
336
340
342
340
336
328
316
300
279
254
225
192
156
118
78
38
0
-38
-74
-106
-135
-160
-181
-199
-214
-225
-235
-244
-252
-261
-271
-283
-297
-313
-330
-347
-365
-381
-395
-405
-410
-410
-404
-391
-372
-347
-316
-281
-242
-201
-158
-115
-73
-32
5
42
76
109
141
171
201
231
261
291
320
348
373
394
410
419
419
409
387
354
309
253
186
112
32
-49
-131
-210
-282
-345
-397
-435
-459
-468
-462
-443
-412
-370
-321
-267
-211
-154
-100
-51
-9
24
50
67
75
75
68
56
41
23
6
-8
-20
-28
-30
-26
-16
0
23
53
87
126
168
212
256
297
335
366
389
403
406
398
378
347
307
260
207
151
95
41
-8
-51
-87
-115
-134
-145
-150
-148
-142
-132
-120
-108
-96
-84
-74
-65
-58
-52
-47
-42
-39
-36
-34
-33
-33
-34
-36
-40
-45
-51
-59
-67
-76
-84
-93
-100
-106
-109
-110
-109
-105
-98
-89
-78
-66
-52
-37
-23
-8
5
19
33
46
58
70
81
91
101
109
115
120
123
124
123
120
114
106
96
85
71
56
41
25
10
-4
-17
-29
-38
-44
-48
-51
-51
-50
-49
-47
-46
-46
-46
-48
-50
-53
-56
-59
-62
-63
-64
-63
-60
-57
-53
-48
-44
-40
-38
-38
-40
-45
-53
-63
-75
-89
-104
-119
-133
-145
-154
-159
-160
-157
-149
-137
-120
-100
-76
-50
-23
5
33
60
86
111
135
156
177
197
216
234
252
270
285
299
310
316
317
311
296
273
238
194
138
73
-1
-83
-170
-260
-348
-431
-507
-571
-621
-655
-671
-667
-645
-603
-544
-470
-382
-284
-177
-66
47
159
266
367
459
539
606
658
695
715
720
709
683
644
594
534
466
392
315
237
159
84
11
-56
-120
-178
-231
-279
-321
-358
-389
-414
-434
-448
-455
-456
-450
-438
-420
-397
-369
-338
-303
-266
-229
-191
-153
-116
-81
-47
-16
12
38
62
84
103
119
133
144
152
157
160
160
158
153
147
139
129
118
106
93
80
65
50
33
16
-2
-21
-41
-61
-81
-101
-118
-134
-146
-154
-156
-154
-145
-130
-110
-84
-53
-18
17
54
91
125
155
181
201
215
222
224
221
213
202
188
174
158
143
129
115
102
90
79
68
58
47
37
27
16
6
-4
-13
-22
-30
-36
-40
-43
-43
-41
-37
-32
-25
-18
-11
-5
0
4
8
10
12
13
14
15
17
20
23
27
31
36
40
43
45
45
44
41
36
31
25
20
17
17
21
29
42
61
85
113
145
180
215
251
285
317
344
366
382
392
394
389
377
356
329
294
253
207
156
101
44
-14
-73
-132
-188
-242
-291
-337
-378
-413
-443
-468
-489
-504
-515
-522
-526
-526
-522
-515
-505
-491
-473
-452
-428
-400
-370
-339
-306
-274
-242
-213
-185
-161
-140
-123
-110
-101
-97
-96
-99
-106
-115
-127
-140
-153
-166
-178
-186
-192
-193
-189
-179
-164
-142
-115
-83
-47
-6
37
82
129
177
223
269
313
354
393
430
465
497
527
554
578
599
616
630
639
644
644
639
630
616
598
575
548
517
482
443
399
352
300
245
185
121
53
-16
-89
-164
-240
-315
-388
-457
-522
-581
-631
-673
-704
-725
-736
-736
-726
-707
-680
-646
-607
-565
-519
-472
-425
-379
-334
-292
-252
-216
-182
-151
-123
-97
-74
-53
-33
-16
0
13
25
36
45
53
59
65
70
74
79
85
91
99
108
118
130
144
160
176
194
211
228
244
259
270
279
285
289
289
286
282
276
269
261
253
245
237
230
224
218
212
207
203
199
195
191
187
182
178
173
167
161
155
148
142
136
130
125
121
117
114
112
109
107
105
102
98
92
86
78
68
57
44
30
15
0
-15
-32
-50
-68
-87
-107
-127
-148
-170
-191
-211
-229
-243
-254
-259
-259
-251
-237
-215
-186
-151
-111
-68
-22
23
67
107
143
172
193
207
213
212
204
191
173
152
130
108
86
66
48
32
18
5
-6
-18
-30
-44
-60
-77
-97
-118
-141
-166
-191
-217
