192
266
347
431
514
592
661
719
763
792
803
798
777
741
692
632
564
490
413
336
261
190
125
67
19
-21
-53
-78
-97
-113
-125
-138
-152
-170
-191
-217
-247
-280
-316
-353
-388
-418
-443
-458
-464
-457
-439
-408
-366
-314
-256
-193
-130
-70
-17
26
59
78
83
75
53
21
-18
-64
-112
-159
-202
-237
-264
-279
-283
-275
-255
-224
-185
-139
-87
-34
19
70
118
161
196
225
246
259
265
265
259
249
236
221
204
188
172
158
145
133
122
113
104
96
88
80
73
66
60
55
51
48
47
48
50
53
58
64
70
76
81
86
91
94
97
100
103
107
111
118
127
138
152
168
185
205
225
246
266
285
302
316
327
333
335
331
321
305
283
254
218
177
129
78
22
-35
-95
-154
-212
-266
-315
-358
-394
-420
-436
-441
-434
-417
-388
-349
-300
-244
-181
-114
-45
24
93
158
219
274
322
362
394
418
432
439
437
427
411
388
360
326
287
243
195
141
82
19
-48
-120
-195
-272
-349
-424
-495
-562
-621
-673
-715
-748
-770
-782
-784
-776
-758
-732
-699
-659
-613
-562
-507
-450
-389
-328
-264
-201
-137
-73
-10
51
111
169
224
276
323
366
403
433
456
472
478
476
465
444
415
379
337
291
242
194
149
108
76
52
40
39
50
72
104
145
190
238
285
328
363
388
400
398
381
348
302
243
173
95
12
-71
-155
-233
-304
-365
-413
-448
-467
-471
-461
-436
-400
-354
-301
-244
-186
-131
-80
-38
-4
18
31
32
24
7
-16
-43
-73
-101
-127
-149
-164
-172
-173
-168
-157
-141
-123
-103
-84
-65
-48
-33
-20
-8
3
17
32
50
70
94
120
149
178
206
233
257
277
292
301
303
299
289
274
254
231
206
179
153
127
104
83
64
48
35
24
16
10
7
6
9
16
25
38
54
73
93
114
134
151
164
172
172
164
147
120
84
39
-11
-69
-129
-190
-249
-303
-349
-385
-410
-422
-421
-407
-382
-347
-304
-255
-201
-146
-92
-39
8
52
89
119
142
156
164
163
155
141
121
96
67
36
3
-29
-61
-90
-116
-138
-154
-165
-170
-169
-163
-152
-137
-120
-101
-83
-65
-49
-36
-25
-16
-10
-7
-5
-3
-3
-1
1
5
12
21
33
48
65
83
103
122
141
158
173
184
191
194
193
187
177
164
147
128
107
85
62
38
15
-6
-27
-48
-66
-83
-99
-112
-122
-131
-137
-140
-140
-138
-134
-127
-118
-108
-98
-87
-76
-66
-57
-49
-43
-39
-36
-35
-35
-36
-38
-39
-40
-41
-39
-37
-32
-26
-18
-10
-1
7
15
21
26
28
27
23
16
7
-3
-15
-27
-38
-48
-55
-59
-59
-55
-46
-32
-13
8
32
59
86
112
136
157
173
184
188
186
177
162
140
113
80
43
2
-40
-84
-129
-172
-213
-248
-278
-300
-313
-317
-311
-296
-270
-237
-197
-151
-102
-51
0
49
96
140
180
217
250
281
309
336
362
387
411
435
457
476
492
502
507
504
493
474
446
409
365
314
258
198
137
75
15
-42
-96
-144
-186
-222
-250
-272
-288
-298
-303
-305
-303
-301
-297
-294
-291
-290
-290
-290
-292
-293
-294
-293
-290
-284
-275
-262
-245
-224
-200
-173
-144
-113
-82
-51
-19
10
40
68
95
121
146
168
189
207
221
233
241
244
243
237
227
213
196
175
152
127
101
75
50
25
2
-19
-39
-57
-74
-90
-104
-118
-132
-146
-160
-175
-189
-203
-217
-229
-238
-245
-248
-247
-240
-228
-210
-187
-158
-125
-88
-49
-9
30
67
102
132
157
177
192
202
208
212
213
213
212
211
209
206
202
197
188
177
163
146
127
106
86
68
55
48
49
60
83
118
165
221
287
357
428
497
558
606
639
651
641
606
548
467
365
245
112
-30
-177
-322
-462
-592
-706
-802
-877
-928
-955
-958
-937
-895
-834
-757
-669
-573
-474
-376
-283
-198
-124
-63
-14
19
42
54
57
55
52
49
49
55
68
88
115
147
182
217
249
276
294
301
296
277
246
203
151
91
26
-39
-102
-159
-208
-245
-269
-278
-273
-254
-221
-178
-125
-66
-3
59
122
182
237
287
331
369
401
428
450
467
481
491
496
498
494
485
469
446
415
376
328
272
208
137
61
-17
-98
-180
-260
-336
-407
-471
-528
-575
-613
-640
-657
-662
-656
-638
-610
-572
-524
-467
-404
-334
-260
-183
-106
-29
42
110
171
222
263
293
309
313
303
282
249
206
156
100
42
-16
-72
-123
-166
-202
-226
-241
-244
-236
-219
-193
-159
-121
-79
-35
8
50
89
124
153
177
193
202
203
196
180
157
126
88
45
0
-46
-91
-132
-165
-187
-198
-193
-174
-138
-88
-24
49
130
214
296
371
434
482
510
516
499
459
397
316
218
109
-7
-126
-244
-354
-454
-540
-611
-664
-700
-717
-717
-700
-668
-622
-564
-496
-419
-335
-248
-158
-69
17
99
173
239
295
340
373
395
407
409
404
393
378
361
343
324
306
287
267
245
221
193
160
122
80
35
-11
-57
-100
-135
-160
-171
-166
-143
-103
-45
28
113
206
303
397
483
557
614
652
668
663
635
587
522
442
351
252
150
47
-53
-149
-238
-320
-394
-457
-512
-556
-590
-615
-629
-633
-626
-609
-580
-541
-492
-434
-368
-297
-222
-146
-72
-1
62
118
165
202
229
245
252
250
240
224
202
177
148
118
88
58
30
4
-19
-39
-56
-67
-74
-76
-72
-62
-46
-25
2
34
72
112
156
200
244
286
325
359
389
412
429
441
446
445
440
429
414
395
372
345
313
278
238
193
144
91
35
-23
-83
-143
-201
-254
-300
-337
-363
-377
-379
-369
-347
-315
-276
-232
-187
-144
-106
-77
-57
-49
-53
-70
-98
-135
-180
-228
-277
-324
-365
-399
-423
-435
-435
-422
-399
-364
-321
-272
-217
-160
-102
-46
7
57
102
143
177
206
230
249
262
271
276
276
273
265
252
235
214
187
157
122
83
41
-3
-49
-95
-140
-184
-225
-261
-294
-321
-342
-357
-365
-366
-360
-346
-326
-298
-264
-223
-178
-129
-77
-25
26
75
121
162
196
222
241
250
251
244
228
206
178
145
111
76
42
11
-15
-36
-52
-62
-66
-63
-55
-42
-24
-4
16
38
60
79
95
108
116
120
118
112
102
88
70
51
30
8
-13
-35
-55
-73
-88
-100
-108
-113
-114
-111
-105
-97
-87
-77
-65
-55
-45
-36
-28
-22
-16
-11
-7
-2
2
9
17
27
39
52
67
82
97
112
124
134
139
141
137
128
115
97
76
53
28
4
-18
-39
-56
-68
-77
-80
-78
-72
-61
-47
-30
-10
10
31
53
74
94
112
130
145
159
172
183
192
200
206
211
213
214
212
208
202
194
184
174
163
153
144
137
132
130
130
132
136
139
142
143
140
132
118
99
74
43
7
-32
-74
-117
-159
-200
-238
-271
-300
-322
-338
-347
-350
-346
-337
-321
-301
-277
-249
-218
-185
-152
-117
-83
-51
-20
7
32
52
69
80
87
89
87
80
72
60
48
36
24
13
4
-2
-7
-10
-11
-11
-10
-9
-8
-7
-8
-9
-11
-13
-16
-19
-22
-25
-26
-27
-27
-25
-23
-20
-17
-14
-11
-7
-5
-2
0
0
1
3
4
5
6
7
8
10
11
12
13
13
12
10
7
4
0
-6
-13
-21
-29
-38
-47
-56
-66
-77
-89
-101
-115
-130
-145
-161
-177
-192
-204
-214
-220
-221
-216
-205
-186
-161
-128
-89
-45
3
55
108
159
207
250
286
313
331
338
336
323
302
273
238
199
157
115
73
34
0
-31
-57
-78
-95
-107
-114
-118
-120
-119
-116
-112
-108
-104
-100
-98
-96
-95
-95
-96
-96
-96
-95
-92
-87
-79
-68
-54
-37
-17
4
28
53
78
103
126
146
164
180
192
201
207
210
211
210
208
204
198
192
185
178
169
160
150
139
126
112
97
80
62
43
22
1
-20
-43
-65
-87
-108
-128
-147
-162
-175
-184
-188
-187
-181
-169
-152
-130
-103
-71
-37
0
37
74
110
143
172
197
217
231
239
242
240
233
222
207
189
170
149
128
107
86
66
47
29
11
-5
-22
-39
-55
-72
-88
-103
-116
-128
-138
-146
-151
-154
-155
-155
-153
-151
-147
-144
-141
-139
-137
-136
-136
-136
-138
-140
-144
-149
-155
-163
-174
-187
-203
-221
-243
-268
-296
-325
-354
-383
-410
-433
-451
-460
-461
-451
-430
-396
-351
-294
-226
-149
-65
23
115
207
296
381
459
530
591
641
681
709
725
729
721
702
671
630
579
520
453
380
303
225
147
72
1
-62
-117
-163
-196
-218
-228
-227
-215
-193
-165
-131
-95
-60
-27
0
21
34
37
30
14
-11
-46
-87
-134
-183
-234
-283
-330
-371
-405
-431
-447
-453
-449
-435
-411
-378
-338
-292
-242
-190
-139
-89
-44
-4
29
54
72
81
81
74
59
37
10
-20
-54
-91
-128
-165
-201
-234
-263
-287
-304
-315
-317
-310
-293
-267
-232
-188
-136
-78
-15
50
119
187
253
316
373
424
466
499
521
533
533
522
501
471
434
391
344
296
249
205
166
133
108
92
85
88
99
118
144
175
208
242
274
302
323
337
340
333
316
289
254
211
164
113
63
14
-31
-71
-105
-133
-153
-167
-174
-177
-175
-169
-162
-153
-144
-136
-128
-121
-116
-113
-112
-112
-115
-120
-127
-137
-150
-167
-187
-211
-238
-270
-304
-342
-381
-420
-458
-492
-520
-541
-552
-552
-539
-512
-472
-419
-352
-274
-187
-92
7
110
213
313
408
495
572
638
690
727
749
755
746
722
685
637
580
518
451
385
321
261
209
165
131
108
95
91
96
107
122
138
153
164
168
164
150
126
91
47
-3
-61
-123
-186
-248
-307
-362
-409
-448
-479
-500
-512
-515
-510
-497
-478
-455
-427
-398
-367
-337
-308
-280
-255
-232
-211
-193
-177
-162
-149
-136
-124
-111
-99
-85
-71
-56
-39
-22
-3
15
35
55
74
92
109
124
137
147
155
160
163
163
161
158
154
149
145
141
139
138
139
141
144
149
154
159
164
170
176
181
187
194
201
208
217
225
234
243
252
259
265
268
269
267
260
250
235
217
195
170
142
112
81
50
19
-11
-41
-71
-99
-126
-152
-178
-202
-227
-250
-273
-296
-317
-338
-358
-377
-394
-410
-423
-433
-440
-444
-444
-441
-434
-424
-411
-396
-380
-364
-348
-334
-321
-310
-302
-295
-288
-281
-273
-261
-245
-222
-193
-155
-110
-56
4
72
146
222
300
377
451
520
580
631
670
697
709
706
689
656
609
548
476
393
302
206
108
