271
521
776
1028
1270
1493
1689
1852
1976
2056
2087
2070
2001
1884
1720
1514
1271
999
706
401
94
-205
-489
-750
-982
-1180
-1345
-1475
-1572
-1641
-1685
-1709
-1717
-1712
-1698
-1676
-1649
-1616
-1578
-1535
-1487
-1435
-1378
-1318
-1253
-1186
-1118
-1048
-978
-908
-839
-771
-703
-635
-565
-494
-419
-339
-253
-160
-59
47
161
279
399
518
633
740
836
916
979
1022
1044
1044
1023
982
924
850
765
672
574
474
378
286
202
127
65
14
-22
-45
-56
-54
-40
-17
14
53
97
145
195
246
296
345
393
437
477
512
542
564
580
588
589
585
575
562
549
537
528
525
526
533
544
557
569
578
580
573
553
518
468
403
322
227
121
5
-115
-240
-365
-489
-609
-723
-831
-931
-1023
-1106
-1181
-1246
-1302
-1348
-1382
-1406
-1416
-1414
-1396
-1364
-1317
-1254
-1176
-1085
-982
-869
-747
-620
-490
-359
-230
-106
11
119
214
294
358
402
428
434
422
394
356
311
268
232
211
213
242
303
398
526
683
862
1055
1250
1435
1596
1721
1800
1823
1784
1681
1515
1290
1014
697
351
-9
-372
-723
-1048
-1337
-1579
-1767
-1897
-1965
-1973
-1925
-1826
-1684
-1508
-1309
-1099
-887
-683
-495
-331
-194
-86
-9
39
63
68
60
45
29
19
19
34
66
115
180
258
346
438
529
613
685
740
774
788
780
751
707
650
586
521
460
408
367
341
330
333
348
372
401
432
462
487
506
519
526
530
532
536
545
562
589
626
675
732
797
865
932
993
1041
1073
1083
1067
1020
941
829
685
511
311
91
-143
-385
-627
-861
-1080
-1280
-1454
-1600
-1716
-1801
-1858
-1887
-1893
-1880
-1853
-1816
-1774
-1732
-1692
-1657
-1629
-1608
-1591
-1579
-1566
-1550
-1527
-1492
-1441
-1371
-1280
-1166
-1029
-868
-687
-488
-275
-52
176
405
631
848
1054
1244
1417
1571
1705
1818
1911
1985
2039
2075
2093
2095
2078
2044
1991
1921
1832
1727
1607
1477
1341
1204
1071
949
843
756
692
651
632
634
651
678
707
732
746
743
718
669
596
501
386
257
118
-26
-173
-319
-464
-608
-751
-896
-1043
-1195
-1350
-1509
-1668
-1823
-1970
-2102
-2214
-2297
-2347
-2360
-2330
-2259
-2145
-1991
-1803
-1586
-1349
-1099
-847
-600
-367
-155
29
185
307
397
456
486
491
474
442
397
345
290
234
180
131
88
53
25
5
-7
-13
-12
-7
0
11
24
37
49
61
70
79
86
92
100
110
125
147
178
221
277
347
432
530
640
758
880
1000
1114
1216
1300
1361
1397
1406
1386
1339
1268
1177
1072
959
843
730
624
529
447
377
319
270
227
187
148
106
60
9
-44
-100
-157
-211
-261
-305
-339
-365
-382
-391
-395
-396
-398
-403
-416
-437
-469
-512
-565
-627
-695
-767
-838
-904
-963
-1012
-1048
-1071
-1080
-1077
-1062
-1037
-1007
-972
-934
-896
-859
-821
-784
-744
-702
-654
-601
-539
-470
-392
-308
-218
-125
-32
58
143
220
287
342
383
412
428
434
431
422
410
399
390
388
394
410
437
474
521
577
638
702
766
828
885
934
974
1002
1020
1025
1019
1001
973
935
888
831
766
691
605
508
397
272
131
-24
-194
-377
-570
-768
-967
-1159
-1340
-1503
-1641
-1750
-1827
-1867
-1870
-1836
-1767
-1666
-1537
-1384
-1214
-1030
-839
-646
-454
-268
-91
74
227
365
486
591
678
748
800
835
854
861
857
845
829
812
798
788
785
790
803
824
851
883
917
950
979
1003
1018
1022
1015
996
964
922
869
809
742
670
597
522
447
373
299
226
152
76
0
-79
-159
-240
-319
-394
-461
-517
-560
-586
-597
-590
-570
-538
-500
-461
-427
-405
-399
-413
-451
-512
-597
-702
-822
-953
-1088
-1220
-1340
-1443
-1522
-1573
-1591
-1577
-1529
-1450
-1343
-1213
-1063
-898
-724
-542
-356
-166
24
218
413
611
811
1011
1209
1403
1586
1754
1901
2021
2108
2159
2169
2139
2068
1959
1816
1647
1457
1255
1048
844
649
469
307
164
42
-60
-147
-221
-286
-346
-406
-469
-538
-614
-698
-788
-884
-982
-1080
-1173
-1258
-1332
-1390
-1430
-1451
-1452
-1434
-1397
-1343
-1277
-1201
-1120
-1037
-958
-888
-829
-787
-764
-763
-787
-837
-912
-1011
-1132
-1269
-1417
-1567
-1711
-1838
-1937
-1997
-2009
-1961
-1849
-1665
-1409
-1081
-685
-228
281
830
1407
1997
2586
3157
3697
4194
4634
5010
5313
5538
5685
5753
5743
5661
5511
5299
5031
4711
4345
3936
3487
3004
2489
1948
1386
810
229
-349
-916
-1461
-1975
-2450
-2878
-3254
-3572
-3832
-4033
-4177
-4268
-4310
-4310
-4275
-4211
-4125
-4021
-3906
-3781
-3649
-3510
-3365
-3212
-3049
-2876
-2691
-2493
-2283
-2061
-1828
-1586
-1338
-1086
-833
-580
-329
-82
161
401
635
865
1087
1300
1501
1686
1851
1991
2103
2182
2228
2240
2221
2172
2101
2012
1913
1812
1714
1627
1554
1501
1468
1456
1464
1489
1528
1575
1625
1673
1714
1743
1756
1750
1723
1674
1604
1513
1404
1278
1138
986
824
654
478
297
111
-78
-272
-469
-670
-873
-1078
-1283
-1485
-1683
-1872
-2049
-2211
-2354
-2474
-2569
-2638
-2678
-2689
-2672
-2628
-2559
-2467
-2355
-2226
-2084
-1930
-1767
-1598
-1422
-1241
-1055
-864
-667
-464
-255
-42
175
395
613
828
1033
1226
1401
1552
1676
1766
1821
1835
1809
1741
1634
1492
1318
1119
903
676
448
226
18
-168
-328
-455
-544
-590
-593
-550
-462
-332
-162
39
267
510
760
1004
1232
1431
1591
1703
1761
1760
1699
1577
1401
1176
912
621
315
7
-288
-561
-801
-999
-1150
-1253
-1307
-1317
-1285
-1221
-1130
-1020
-900
-775
-652
-533
-422
-319
-226
-139
-59
16
90
162
233
301
365
422
469
502
518
516
492
447
383
301
206
101
-8
-118
-223
-320
-405
-477
-533
-576
-605
-622
-629
-629
-623
-614
-603
-591
-578
-565
-551
-535
-516
-494
-467
-434
-393
-343
-283
-212
-129
-33
72
189
314
443
573
699
816
919
1003
1065
1102
1111
1093
1050
984
899
801
695
589
487
394
314
247
195
156
126
101
77
48
11
-37
-101
-179
-271
-376
-489
-606
-723
-835
-939
-1031
-1109
-1171
-1217
-1246
-1257
-1250
-1223
-1177
-1109
-1017
-902
-763
-600
-415
-211
5
231
458
679
887
1075
1237
1366
1459
1515
1531
1511
1458
1376
1274
1158
1037
918
809
715
639
585
552
539
545
566
600
643
695
751
812
875
939
1001
1059
1106
1138
1148
1130
1076
980
840
652
418
139
-176
-523
-891
-1268
-1644
-2006
-2344
-2648
-2909
-3123
-3284
-3391
-3443
-3441
-3389
-3289
-3147
-2967
-2753
-2510
-2242
-1954
-1647
-1327
-996
-658
-318
18
348
664
960
1230
1470
1672
1835
1955
2031
2063
2053
2005
1923
1811
1676
1523
1359
1188
1015
844
679
522
374
236
110
-5
-109
-203
-286
-359
-422
-475
-517
-549
-571
-582
-583
-574
-554
-524
-486
-439
-384
-324
-259
-190
-118
-44
31
110
193
282
379
486
606
740
888
1051
1226
1409
1594
1776
1945
2092
2209
2285
2311
2279
2184
2020
1786
1483
1116
693
226
-272
-784
-1293
-1779
-2224
-2613
-2932
-3171
-3324
-3392
-3377
-3287
-3132
-2924
-2679
-2409
-2128
-1846
-1574
-1316
-1077
-858
-657
-473
-300
-136
22
180
338
497
656
813
965
1107
1236
1348
1440
1508
1552
1570
1564
1535
1486
1419
1338
1246
1147
1043
937
830
727
628
537
457
391
345
322
325
356
414
498
602
719
839
952
1047
1111
1136
1112
1033
896
700
446
139
-213
-605
-1025
-1460
-1899
-2328
-2735
-3105
-3426
-3687
-3877
-3989
-4015
-3950
-3793
-3543
-3203
-2778
-2276
-1707
-1082
-418
270
967
1653
2311
2924
3478
3959
4357
4664
4875
4990
5012
4945
4797
4579
4303
3980
3622
3241
2848
2451
2059
1677
1310
962
633
326
41
-222
-464
-687
-889
-1074
-1239
-1388
-1519
-1633
-1730
-1810
-1875
-1924
-1960
-1984
-1998
-2004
-2003
-1999
-1991
-1980
-1965
-1945
-1917
-1878
-1827
-1758
-1671
-1563
-1433
-1281
-1109
-918
-711
-492
-264
-33
198
425
644
850
1040
1210
1354
1471
1555
1604
1616
1588
1520
1413
1268
1088
877
640
385
116
-157
-431
-697
-950
-1184
-1395
-1578
-1731
-1850
-1933
-1980
-1989
-1961
-1895
-1792
-1656
-1488
-1293
-1075
-839
-593
-343
-96
138
356
549
712
840
931
985
1002
986
940
872
787
692
596
504
421
352
300
264
245
240
245
256
268
277
279
269
244
205
149
78
-5
-98
-196
-296
-392
-480
-555
-614
-655
-677
-679
-663
-632
-587
-534
-475
-414
-356
-303
-255
-216
-183
-157
-134
-112
-87
-57
-18
32
97
177
273
384
509
645
790
941
1092
1240
1379
1504
1609
1689
1738
1751
1725
1656
1544
1389
1194
961
699
412
112
-193
-493
-779
-1040
-1269
-1458
-1604
-1703
-1754
-1760
-1725
-1652
-1549
-1424
-1284
-1137
-990
-849
-719
-605
-507
-428
-365
-318
-284
-259
-241
-227
-214
-200
-184
-166
-147
-128
-113
-103
-103
-115
-144
-191
-257
-342
-443
-558
-682
-806
-925
-1030
-1113
-1168
-1188
-1170
-1111
-1010
-868
-691
-482
-249
-1
254
507
750
973
1171
1338
1471
1568
1630
1660
1660
1636
1593
1537
1473
1406
1343
1289
1251
1233
1241
1283
1361
1479
1640
1841
2077
2342
2624
2909
3182
3425
3619
3750
3801
3762
3626
3392
3060
2640
2144
1587
987
366
-255
-856
-1419
-1925
-2360
-2713
-2977
-3147
-3223
-3208
-3109
-2935
-2697
-2409
-2084
-1737
-1382
-1031
-697
-389
-115
120
313
461
564
623
638
612
547
445
311
148
-39
-245
-463
-686
-907
-1119
-1315
-1487
-1630
-1738
-1807
-1836
-1823
-1770
-1679
-1554
-1402
-1227
-1036
-837
-634
-435
-242
-60
108
264
405
533
648
751
840
917
978
1023
1050
1055
1037
994
925
833
719
586
442
292
144
5
-116
-215
-285
-322
-326
-297
-236
-149
-42
78
206
330
445
542
615
659
671
650
594
507
392
252
94
-77
-255
-433
-607
-770
-916
-1041
-1141
-1210
-1245
-1242
-1200
-1115
-989
-822
-617
-381
-119
158
441
718
978
1207
1396
1534
1614
1631
1585
1476
1310
1094
839
557
262
-31
-311
-565
-783
-958
-1085
-1164
-1195
-1184
-1136
-1060
-966
-862
-760
-668
-595
-548
-531
-549
-603
-691
-810
-956
-1122
-1300
-1482
-1658
-1822
-1964
-2078
-2159
-2204
-2211
-2181
-2116
-2022
-1904
-1769
-1627
-1485
-1354
-1241
-1153
-1096
-1074
-1085
-1130
-1202
-1295
-1399
-1502
-1592
-1655
-1677
-1646
-1552
-1384
-1137
-808
-398
88
643
1255
1908
2584
3265
3930
4560
5134
5634
6045
6352
6545
6615
6558
6374
6065
5638
5106
4484
3791
3047
2274
1497
735
9
-663
-1272
-1806
-2260
-2632
-2922
-3134
-3269
-3334
-3334
-3275
-3161
-3000
-2797
-2561
-2297
-2014
-1721
-1427
-1139
-866
-615
-393
-203
-48
69
150
197
213
202
170
121
63
-1
-66
-128
-184
-232
-271
-300
-319
-328
-326
-312
-284
-238
-171
-79
40
192
375
589
829
1087
1353
1616
1862
2078
2253
2377
2444
2453
2407
2312
2175
2010
1826
1635
1447
1270
1110
968
847
746
661
590
529
474
422
371
319
267
216
167
125
91
69
61
67
88
120
157
194
220
227
202
137
24
-142
-364
-639
-959
-1314
-1687
-2064
-2425
-2751
-3027
-3237
-3370
-3416
-3373
-3239
-3018
-2719
-2351
-1928
-1465
-979
-488
-7
447
862
1226
1533
1777
1958
2078
2140
2150
2117
2047
1948
1827
1689
1538
1379
1213
1042
