-134
-141
-135
-117
-88
-48
0
55
114
174
234
290
341
384
418
442
454
455
445
424
392
351
301
245
182
114
44
-27
-100
-171
-240
-305
-364
-417
-463
-500
-529
-548
-558
-557
-547
-527
-498
-459
-412
-357
-295
-228
-156
-80
-4
72
146
218
284
344
397
442
478
504
521
528
525
514
494
467
435
398
359
319
282
248
219
198
185
180
185
196
215
237
262
286
306
320
324
317
297
263
216
156
85
4
-83
-176
-271
-365
-458
-547
-630
-706
-775
-834
-883
-922
-948
-962
-962
-948
-920
-877
-821
-751
-670
-579
-480
-375
-267
-159
-53
49
145
233
312
380
438
484
519
542
556
559
552
537
515
485
449
409
365
318
271
224
178
136
97
62
33
8
-11
-27
-40
-51
-59
-68
-76
-86
-98
-111
-127
-145
-164
-183
-202
-220
-235
-246
-253
-256
-253
-246
-235
-220
-202
-182
-162
-141
-120
-100
-81
-64
-48
-34
-21
-9
1
11
23
36
51
70
92
119
150
185
223
262
302
339
373
400
421
432
434
425
406
376
338
291
238
180
120
59
0
-57
-109
-155
-195
-226
-250
-265
-271
-270
-260
-244
-220
-192
-158
-121
-82
-42
-1
37
73
107
137
162
183
199
212
221
227
230
232
231
230
226
220
211
199
182
161
135
103
67
27
-16
-60
-105
-148
-186
-219
-244
-262
-270
-270
-261
-245
-222
-195
-166
-137
-111
-89
-73
-65
-66
-76
-94
-120
-151
-186
-222
-256
-285
-307
-321
-323
-314
-292
-259
-216
-163
-104
-40
26
92
156
217
272
320
360
393
418
436
446
451
450
446
440
432
423
415
407
400
393
385
377
366
352
334
311
281
245
201
151
95
33
-32
-100
-170
-238
-303
-363
-416
-461
-498
-526
-544
-552
-551
-541
-522
-494
-457
-413
-363
-306
-244
-179
-112
-44
21
84
143
194
236
268
288
294
286
263
225
174
110
36
-43
-128
-213
-295
-370
-435
-486
-523
-543
-545
-529
-497
-449
-386
-312
-230
-142
-51
39
125
205
277
337
386
420
442
449
444
426
399
363
321
274
226
177
130
85
44
7
-26
-55
-82
-107
-129
-150
-170
-189
-206
-222
-235
-245
-250
-250
-243
-229
-208
-179
-143
-99
-50
2
59
117
176
234
289
341
389
432
469
500
523
537
543
538
521
493
453
401
338
265
184
97
8
-81
-167
-247
-320
-383
-434
-474
-501
-518
-523
-519
-507
-489
-465
-437
-407
-374
-341
-306
-272
-237
-202
-167
-132
-98
-64
-32
-1
26
51
71
85
93
93
86
69
44
11
-30
-77
-130
-186
-243
-298
-348
-391
-423
-441
-444
-428
-395
-342
-271
-183
-81
30
149
271
389
500
600
685
751
798
823
828
813
780
732
672
604
531
456
382
311
245
185
132
86
47
15
-9
-29
-44
-54
-61
-64
-65
-64
-63
-61
-61
-63
-67
-74
-83
-96
-112
-131
-153
-175
-199
-223
-246
-267
-284
-298
-306
-308
-305
-295
-279
-257
-230
-198
-163
-126
-89
-51
-16
15
44
67
86
98
105
106
102
94
82
69
55
43
32
26
24
27
36
51
71
96
124
154
183
211
235
254
266
271
269
259
242
220
194
167
141
118
100
89
87
93
109
134
166
204
246
290
334
375
411
440
461
473
476
470
455
431
400
361
314
260
198
129
53
-30
-121
-217
-317
-418
-519
-614
-703
-781
-846
-895
-928
-943
-941
-923
-890
-845
-790
-728
-662
-594
-526
-460
-399
-343
-292
-248
-211
-181
-159
-143
-134
-132
-136
-146
-160
-179
-200
-223
-245
-265
-281
-292
-295
-288
-271
-242
-199
-143
-74
8
103
209
323
443
567
691
812
926
1029
1118
1190
1242
1272
1278
1260
1218
1153
1068
963
844
712
571
426
279
133
-7
-141
-266
-381
-484
-575
-654
-720
-775
-817
-848
-866
-872
-866
-848
-818
-777
-726
-665
-597
-522
-443
-363
-284
-207
-136
-72
-18
25
57
77
85
83
71
51
26
-2
-32
-63
-91
-116
-137
-154
-166
-172
-173
-169
-160
-146
-127
-104
-77
-46
-12
23
60
97
133
167
199
227
250
270
284
294
300
301
299
294
287
278
267
255
242
227
212
196
178
161
144
127
112
100
91
86
87
94
106
125
149
177
208
240
272
302
326
345
354
355
345
325
295
256
208
155
96
35
-26
-86
-145
-199
-249
-293
-332
-364
-389
-408
-421
-426
-425
-418
-404
-384
-357
-324
-285
-239
-189
-134
-76
-15
44
104
160
211
255
291
318
335
342
339
326
305
276
242
202
159
115
71
28
-11
-47
-76
-99
-115
-123
-122
-114
-99
-78
-51
-21
11
44
77
108
137
163
185
203
216
226
232
233
230
223
212
197
179
156
131
103
72
39
5
-30
-66
-103
-141
-178
-216
-253
-290
-327
-362
-395
-426
-454
-477
-494
-504
-506
-498
-480
-451
-411
-359
-298
-227
-148
-64
22
109
193
272
342
401
447
479
494
492
474
441
393
333
264
187
106
23
-59
-138
-213
-282
-343
-396
-440
-473
-496
-507
-508
-497
-474
-441
-397
-344
-283
-215
-143
-69
5
77
146
208
263
309
345
372
389
398
400
396
388
378
366
355
343
333
324
316
308
300
292
282
270
256
240
222
204
184
166
149
134
121
112
105
101
98
96
93
88
80
67
49
26
-2
-37
-77
-121
-167
-214
-261
-306
-346
-380
-407
-426
-435
-433
-422
-401
-370
-332
-288
-241
-191
-142
-96
-55
-19
9
30
43
49
48
40
28
12
-6
-25
-44
-61
-77
-91
-102
-110
-117
-122
-126
-128
-129
-129
-127
-122
-116
-106
-93
-77
-57
-35
-10
15
42
70
97
123
148
170
191
209
224
237
248
256
262
267
269
269
266
261
253
242
227
208
185
158
128
94
57
19
-20
-60
-99
-137
-171
-203
-229
-251
-267
-277
-281
-278
-268
-252
-230
-203
-172
-137
-101
-64
-26
8
42
72
98
120
138
151
160
164
165
161
155
146
135
122
108
93
77
60
43
25
7
-11
-31
-51
-71
-90
-108
-125
-138
-149
-157
-160
-159
-154
-145
-131
-113
-92
-67
-40
-12
16
44
70
94
114
129
138
142
140
131
117
97
73
44
13
-20
-54
-90
-126
-161
-195
-228
-260
-290
-318
-344
-365
-382
-393
-398
-394
-381
-360
-330
-292
-247
-197
-145
-92
-41
6
47
82
110
131
145
154
160
164
169
177
190
208
233
265
303
346
391
435
477
512
537
549
546
527
490
436
365
281
186
84
-19
-120
-213
-293
-357
-400
-420
-416
-388
-338
-267
-180
-82
22
127
228
320
399
462
506
532
538
525
496
452
396
332
261
186
112
40
-26
-86
-138
-181
-214
-236
-249
-252
-247
-235
-217
-194
-169
-143
-118
-95
-76
-62
-54
-54
-62
-78
-102
-134
-173
-217
-266
-317
-368
-418
-465
-505
-537
-560
-572
-572
-560
-534
-497
-448
-389
-322
-250
-174
-98
-23
47
112
169
217
256
286
307
319
323
320
313
302
288
272
257
243
230
219
210
204
199
195
192
189
186
183
181
179
178
178
182
188
198
213
232
256
282
312
342
371
397
418
432
437
431
413
383
340
285
219
145
64
-20
-106
-190
-269
-341
-402
-451
-486
-505
-508
-497
-472
-435
-389
-337
-283
-230
-181
-139
-106
-84
-72
-73
-83
-103
-131
-164
-199
-236
-269
-299
-322
-336
-341
-336
-320
-293
-257
-212
-159
-102
-43
15
71
121
162
192
209
211
198
171
130
77
15
-51
-119
-184
-244
-294
-331
-354
-362
-355
-333
-299
-255
-203
-148
-91
-35
14
58
93
118
132
136
130
116
95
69
40
11
-15
-39
-56
-67
-69
-62
-45
-18
16
61
112
169
230
293
354
412
464
508
541
561
569
562
541
506
458
400
332
257
178
97
17
-57
-127
-188
-238
-277
-302
-315
-314
-301
-276
-243
-201
-155
-106
-57
-9
34
73
105
130
147
158
162
160
154
145
135
124
115
108
104
103
105
110
117
125
134
141
148
152
154
152
147
139
127
112
93
72
48
21
-7
-38
-71
-104
-138
-170
-201
-228
-251
-269
-280
-283
-279
-268
-248
-222
-189
-152
-110
-65
-18
29
77
124
170
215
256
295
330
361
386
406
420
427
425
415
395
366
326
277
217
149
73
-9
-97
-188
-280
-370
-456
-536
-607
-667
-714
-747
-764
-764
-747
-712
-662
-596
-516
-426
-326
-221
-113
-5
100
200
293
376
447
506
551
581
597
598
585
559
521
474
419
359
296
235
176
122
76
37
8
-12
-25
-31
-33
-32
-30
-28
-29
-33
-41
-52
-65
-81
-96
-110
-121
-129
-131
-127
-118
-104
-86
-65
-43
-21
-2
12
21
24
21
10
-7
-32
-62
-96
-133
-171
-209
-244
-276
-303
-325
-340
-348
-349
-345
-334
-318
-299
-277
-253
-230
-208
-188
-172
-161
-155
-154
-157
-166
-178
-192
-207
-222
-235
-245
-252
-254
-251
-242
-228
-208
-181
-149
-111
-66
-17
37
95
157
219
282
342
398
448
491
524
547
558
559
548
528
500
465
426
384
342
303
266
234
207
185
168
155
146
137
129
120
109
95
78
58
36
14
-7
-28
-45
-59
-68
-73
-73
-69
-63
-55
-47
-39
-35
-33
-36
-43
-54
-70
-89
-110
-133
-156
-178
-197
-213
-225
-232
-233
-229
-218
-201
-179
-152
-120
-84
-46
-6
34
73
111
144
173
197
214
225
230
229
221
209
192
172
149
125
99
73
47
22
-3
-28
-52
-77
-102
-128
-155
-184
-214
-245
-277
-309
-339
-367
-390
-408
-417
-418
-408
-386
-351
-304
-245
-175
-95
-9
79
168
254
332
400
453
491
510
512
497
466
423
369
309
247
186
130
81
41
13
-3
-9
-5
7
28
53
82
111
139
164
184
199
207
208
202
188
168
141
109
71
30
-13
-58
-103
-147
-188
-224
-256
-281
-298
-308
-310
-304
-289
-266
-236
-199
-157
-112
-65
-18
26
67
102
130
149
159
159
150
132
106
75
40
1
-36
-74
-110
-141
-169
-191
-208
-220
-227
-229
-228
-223
-216
-207
-196
-184
-171
-158
-144
-130
-116
-102
-89
-77
-67
-58
-51
-47
-44
-44
-45
-47
-49
-50
-50
-47
-41
-31
-18
-1
18
42
68
96
124
151
177
200
220
235
245
250
250
244
234
219
201
181
159
135
112
89
67
48
31
17
7
2
3
8
18
34
55
79
107
138
171
205
241
278
314
351
387
421
452
479
500
513
517
510
489
455
406
342
264
173
71
-38
-153
-270
-383
-490
-588
-672
-740
-792
-825
-840
-837
-818
-784
-738
-681
-617
-548
-478
-409
-345
-286
-237
-198
-170
-154
-149
-155
-169
-191
-217
