-583
-575
-556
-526
-487
-440
-387
-330
-269
-208
-147
-87
-31
20
67
108
143
172
195
210
220
224
222
216
204
189
171
149
125
100
73
45
17
-10
-37
-62
-85
-106
-124
-138
-147
-153
-154
-150
-141
-128
-111
-92
-69
-45
-20
3
27
48
66
81
92
97
96
89
75
54
27
-7
-47
-93
-143
-196
-250
-305
-357
-406
-450
-488
-518
-539
-550
-551
-542
-523
-493
-452
-402
-343
-276
-201
-121
-36
52
142
232
320
405
484
557
620
673
714
742
756
756
741
712
670
616
552
482
406
328
249
173
101
34
-24
-77
-121
-158
-187
-209
-224
-233
-236
-235
-230
-221
-211
-198
-185
-171
-158
-145
-133
-123
-114
-106
-101
-97
-95
-95
-96
-99
-104
-109
-116
-123
-131
-138
-145
-150
-155
-157
-158
-155
-150
-142
-130
-116
-98
-78
-56
-32
-6
18
42
65
86
103
116
126
132
134
133
129
123
116
109
103
98
95
94
96
99
105
112
120
128
135
140
144
145
144
140
134
126
116
105
94
83
73
65
59
56
56
58
64
71
81
91
102
113
121
128
132
134
132
126
118
106
92
75
57
36
14
-7
-30
-52
-74
-93
-111
-126
-138
-146
-151
-152
-150
-145
-138
-128
-116
-103
-91
-78
-66
-56
-48
-42
-39
-38
-40
-43
-47
-52
-57
-62
-64
-65
-64
-60
-54
-45
-34
-21
-6
9
26
44
63
81
99
116
133
148
162
174
184
192
197
200
200
196
189
179
165
147
127
104
80
54
27
0
-27
-54
-80
-105
-129
-152
-173
-192
-209
-223
-235
-244
-250
-253
-252
-248
-241
-230
-217
-201
-182
-162
-140
-117
-95
-72
-51
-31
-12
4
20
34
48
60
72
84
94
105
114
123
130
135
138
139
136
130
119
105
87
65
40
13
-16
-48
-80
-111
-141
-170
-195
-217
-235
-248
-256
-258
-255
-247
-233
-215
-191
-163
-131
-96
-58
-18
22
63
104
143
180
215
245
272
293
308
318
320
316
305
287
263
234
200
162
123
82
42
4
-29
-59
-83
-100
-109
-110
-102
-86
-64
-37
-5
26
58
86
110
127
135
136
127
111
88
60
27
-6
-40
-73
-102
-128
-149
-165
-175
-181
-182
-180
-174
-167
-158
-148
-138
-127
-116
-106
-95
-84
-73
-62
-51
-40
-28
-17
-6
4
14
23
31
38
44
48
49
49
46
42
36
28
20
12
4
-1
-6
-9
-8
-5
0
8
19
31
45
58
72
83
93
99
100
98
89
76
57
33
5
-25
-57
-91
-123
-153
-178
-198
-211
-217
-216
-206
-190
-167
-139
-107
-74
-40
-9
19
42
61
73
81
82
80
74
67
58
49
41
35
31
28
29
31
34
39
45
51
58
65
72
81
90
100
112
125
141
158
176
196
215
233
249
263
273
278
280
276
267
253
235
212
187
158
128
97
66
35
7
-18
-41
-60
-76
-88
-96
-100
-102
-100
-96
-91
-83
-75
-65
-55
-45
-35
-27
-21
-18
-18
-24
-35
-52
-75
-105
-141
-182
-226
-273
-320
-366
-407
-442
-470
-487
-494
-489
-472
-444
-406
-359
-306
-248
-189
-129
-73
-22
22
59
88
107
118
120
114
102
83
60
33
3
-27
-59
-90
-120
-146
-169
-186
-197
-200
-195
-181
-158
-124
-81
-30
28
92
159
227
294
356
412
460
497
523
536
538
527
505
474
435
391
343
293
244
199
158
124
96
76
64
59
59
65
73
83
92
99
103
101
93
79
59
34
3
-29
-65
-101
-135
-166
-192
-211
-223
-227
-222
-210
-190
-164
-134
-102
-69
-38
-11
11
26
35
36
29
14
-6
-33
-63
-96
-129
-161
-190
-216
-237
-253
-264
-269
-268
-262
-251
-237
-218
-197
-174
-148
-122
-96
-69
-43
-18
5
26
46
62
75
83
87
85
76
62
40
13
-20
-57
-98
-139
-180
-216
-247
-269
-281
-280
-266
-238
-196
-141
-74
2
86
174
265
354
438
515
581
636
676
702
714
711
694
667
630
586
536
484
430
377
324
274
225
178
132
89
46
5
-34
-72
-107
-139
-167
-189
-206
-216
-219
-214
-203
-186
-164
-139
-113
-86
-62
-40
-24
-14
-11
-14
-24
-39
-60
-84
-110
-136
-162
-187
-208
-225
-239
-249
-255
-257
-255
-250
-243
-233
-220
-206
-190
-173
-156
-139
-125
-112
-103
-97
-96
-100
-107
-119
-133
-150
-167
-183
-198
-210
-218
-222
-220
-214
-202
-186
-165
-141
-113
-84
-52
-19
15
50
87
124
161
197
232
265
294
320
340
354
361
362
355
341
320
294
264
230
194
157
120
85
52
22
-5
-30
-52
-72
-90
-106
-120
-132
-141
-148
-152
-153
-150
-142
-129
-111
-88
-60
-28
6
44
82
121
158
192
223
248
267
280
287
286
280
268
251
230
206
181
154
127
100
74
49
24
0
-25
-49
-75
-101
-128
-155
-183
-211
-239
-266
-291
-315
-336
-353
-366
-375
-379
-377
-370
-358
-342
-321
-297
-270
-241
-211
-180
-150
-121
-93
-67
-43
-20
0
20
38
57
74
92
110
128
145
162
177
189
199
204
205
200
190
175
155
130
103
73
43
14
-11
-34
-52
-65
-72
-74
-70
-62
-51
-37
-22
-7
8
22
35
47
57
66
74
81
89
97
107
117
129
143
157
173
190
207
224
240
255
268
278
285
288
286
279
266
248
224
195
161
123
82
40
-2
-45
-87
-125
-160
-191
-217
-237
-253
-263
-269
-271
-271
-267
-262
-257
-251
-245
-240
-236
-232
-229
-227
-225
-223
-221
-218
-215
-211
-206
-200
-191
-180
-167
-152
-134
-114
-92
-68
-43
-18
5
28
48
66
79
88
93
93
88
80
68
53
36
18
0
-17
-32
-44
-52
-56
-55
-49
-38
-23
-5
16
39
62
85
106
124
140
151
158
162
163
160
157
152
148
144
142
142
144
147
152
157
162
165
167
166
162
154
142
126
106
82
57
29
1
-24
-49
-71
-89
-101
-108
-110
-106
-96
-82
-63
-40
-15
11
37
63
87
107
123
134
139
138
131
120
103
83
61
37
13
-9
-31
-50
-65
-77
-86
-91
-92
-91
-88
-83
-77
-71
-65
-61
-58
-57
-59
-64
-71
-80
-92
-104
-118
-132
-146
-158
-168
-175
-179
-178
-171
-159
-142
-118
-90
-57
-21
15
51
85
114
137
152
157
152
138
113
80
40
-4
-51
-98
-142
-180
-209
-229
-236
-232
-215
-187
-148
-101
-49
6
63
119
170
216
255
286
309
323
330
330
324
314
300
285
268
251
234
219
204
191
179
168
157
146
135
123
111
98
84
69
53
37
20
3
-14
-31
-48
-65
-81
-97
-111
-125
-138
-150
-162
-173
-184
-194
-202
-209
-214
-215
-213
-206
-195
-178
-156
-130
-100
-67
-33
0
31
59
82
98
107
107
97
78
50
13
-31
-82
-136
-193
-249
-303
-350
-390
-420
-439
-445
-439
-420
-388
-347
-296
-238
-175
-110
-45
17
75
128
173
211
242
265
281
291
297
298
297
293
288
282
275
268
259
250
239
227
214
199
182
164
146
128
110
94
80
68
60
54
52
53
57
62
67
72
76
77
75
70
60
45
26
3
-23
-52
-83
-115
-147
-178
-207
-233
-255
-273
-286
-294
-296
-293
-284
-270
-250
-226
-198
-166
-131
-94
-57
-21
13
43
70
90
105
113
116
113
107
99
92
86
86
92
107
131
166
211
264
325
390
456
519
576
623
656
673
672
652
613
556
485
400
307
207
105
5
-90
-179
-259
-328
-386
-431
-465
-488
-503
-510
-512
-511
-508
-506
-505
-507
-512
-521
-534
-550
-570
-592
-616
-640
-664
-686
-705
-720
-731
-735
-733
-724
-708
-685
-656
-621
-580
-534
-483
-429
-371
-309
-243
-174
-100
-22
60
146
237
330
426
523
619
712
801
883
958
1022
1076
1119
1150
1170
1179
1178
1169
1154
1133
1109
1083
1056
1029
1002
975
946
916
881
841
794
739
672
595
506
405
292
170
38
-99
-241
-384
-526
-662
-791
-910
-1014
-1103
-1174
-1227
-1259
-1272
-1265
-1239
-1197
-1140
-1069
-989
-900
-806
-708
-610
-513
-419
-329
-245
-167
-96
-33
23
72
115
152
183
209
231
248
262
272
278
281
281
278
272
262
250
234
215
193
168
141
112
81
49
18
-12
-40
-64
-84
-98
-107
-109
-105
-95
-80
-60
-38
-15
7
28
46
59
68
71
69
62
51
37
22
7
-6
-17
-24
-27
-26
-21
-13
-3
6
14
18
16
7
-11
-40
-79
-127
-184
-246
-311
-375
-435
-487
-527
-553
-560
-548
-516
-463
-390
-298
-191
-71
58
192
327
459
583
696
795
877
939
982
1003
1004
986
950
898
833
759
677
591
504
419
337
259
188
123
65
12
-35
-79
-121
-160
-199
-238
-276
-315
-354
-392
-428
-462
-492
-518
-539
-555
-564
-567
-565
-558
-546
-530
-511
-490
-467
-444
-420
-396
-373
-349
-327
-305
-284
-264
-245
-227
-210
-195
-180
-166
-153
-139
-125
-110
-93
-74
-53
-29
-2
27
59
92
127
162
197
231
262
291
316
337
353
365
372
374
372
366
355
342
327
310
293
276
261
248
237
231
228
229
234
242
252
264
278
290
302
311
317
319
316
308
295
277
254
228
198
167
135
103
74
47
24
5
-9
-20
-27
-30
-31
-31
-31
-31
-33
-37
-45
-57
-72
-92
-114
-138
-164
-189
-211
-231
-245
-254
-255
-250
-238
-219
-194
-164
-132
-98
-64
-31
-2
22
41
55
62
62
57
46
30
11
-10
-34
-58
-82
-105
-125
-143
-157
-168
-176
-180
-179
-176
-168
-157
-143
-125
-106
-84
-61
-38
-14
9
32
52
70
85
95
101
101
96
85
68
45
18
-11
-45
-79
-112
-144
-172
-195
-213
-223
-227
-224
-215
-198
-176
-149
-118
-85
-50
-14
20
54
86
115
141
163
181
194
204
209
211
209
204
197
189
180
170
160
151
143
135
128
121
114
106
96
84
70
54
35
13
-10
-35
-61
-88
-115
-140
-164
-186
-206
-224
-240
-254
-267
-279
-291
-302
-314
-325
-337
-347
-356
-362
-365
-362
-353
-337
-312
-278
-235
-181
-118
-47
32
119
210
303
396
484
565
635
691
729
748
746
721
676
610
526
426
315
196
75
-45
-158
-262
-352
-424
-478
-510
-523
-515
-490
-450
-398
-337
-271
-204
-140
-81
-30
10
41
60
69
67
58
41
22
1
-17
-31
-38
-37
-26
-5
24
63
107
155
203
249
290
323
347
361
363
354
334
304
267
224
178
131
85
43
6
-24
-48
-66
-78
-86
-90
-92
-94
-98
-104
-113
-125
-140
-157
-174
-191
-206
-219
-226
-229
-225
-215
-199
-177
-151
-120
-87
-54
-21
7
32
