-169
-164
-158
-151
-143
-133
-123
-111
-98
-84
-70
-55
-39
-23
-7
8
23
38
52
65
77
88
97
104
111
116
120
123
126
129
132
135
139
143
148
153
158
162
165
166
165
161
155
145
133
118
101
82
61
40
18
-2
-22
-41
-57
-70
-81
-88
-91
-90
-86
-79
-69
-58
-45
-31
-19
-7
2
9
14
16
15
12
6
0
-7
-15
-22
-27
-30
-31
-29
-25
-18
-9
1
12
23
33
42
49
54
56
55
52
47
39
30
20
10
0
-8
-16
-22
-26
-27
-27
-24
-20
-15
-9
-3
0
2
2
0
-6
-17
-31
-48
-69
-92
-117
-143
-168
-192
-214
-232
-247
-256
-261
-261
-256
-246
-233
-217
-199
-179
-159
-139
-120
-101
-82
-64
-46
-27
-7
14
39
67
99
134
172
212
254
296
335
372
403
427
443
450
448
436
415
385
349
306
260
211
161
112
65
22
-16
-51
-81
-107
-128
-145
-159
-170
-179
-186
-192
-197
-201
-203
-204
-203
-199
-194
-186
-175
-162
-146
-129
-110
-89
-68
-46
-25
-5
13
30
44
56
63
68
68
66
60
52
42
31
19
8
-1
-9
-16
-19
-21
-20
-16
-11
-5
1
9
16
23
28
32
36
38
40
41
43
45
48
52
58
64
71
78
85
92
97
102
105
105
104
99
92
82
68
52
34
13
-9
-32
-55
-78
-99
-118
-134
-147
-156
-161
-162
-159
-152
-141
-127
-110
-91
-70
-48
-26
-4
15
32
47
57
64
65
62
53
41
24
4
-18
-42
-67
-91
-112
-131
-145
-154
-157
-154
-145
-131
-111
-87
-60
-31
0
29
59
86
112
134
152
166
177
183
185
184
178
170
159
145
130
114
97
80
63
48
33
19
6
-4
-16
-27
-38
-50
-63
-77
-93
-110
-128
-147
-166
-185
-204
-220
-234
-245
-250
-251
-246
-235
-217
-194
-165
-132
-96
-58
-21
13
45
73
94
109
118
119
115
104
89
70
49
26
4
-16
-34
-48
-57
-59
-54
-42
-23
2
35
72
112
154
196
235
270
299
321
333
336
329
311
284
249
205
156
102
47
-8
-62
-112
-157
-195
-226
-249
-264
-270
-268
-260
-244
-223
-198
-170
-139
-107
-76
-45
-16
10
34
55
73
89
101
110
117
120
121
119
114
107
97
85
70
55
38
21
3
-13
-29
-43
-55
-64
-70
-73
-73
-69
-63
-53
-42
-30
-17
-4
7
18
27
34
39
41
40
38
33
26
17
7
-3
-15
-27
-40
-52
-63
-73
-82
-88
-92
-93
-91
-87
-80
-71
-59
-45
-30
-12
5
25
46
67
88
109
130
150
170
188
206
222
236
249
258
265
268
266
260
249
234
214
190
163
134
104
74
45
20
-2
-20
-33
-42
-46
-46
-44
-39
-34
-30
-28
-28
-32
-41
-53
-69
-87
-108
-128
-149
-167
-182
-194
-201
-203
-200
-193
-181
-167
-151
-134
-117
-103
-90
-81
-76
-73
-75
-79
-85
-92
-100
-106
-112
-115
-117
-116
-113
-108
-101
-93
-84
-74
-64
-53
-42
-32
-22
-13
-5
1
7
12
15
17
17
16
15
12
10
8
6
6
7
10
15
23
32
44
57
71
85
98
109
117
122
123
119
110
96
79
57
33
8
-17
-41
-62
-80
-94
-102
-104
-101
-94
-82
-66
-49
-31
-14
0
13
23
28
30
28
22
14
4
-5
-14
-21
-25
-24
-19
-8
8
31
58
89
123
158
193
227
257
282
300
312
315
310
295
272
241
202
157
107
54
1
-51
-101
-146
-186
-220
-246
-265
-276
-280
-278
-271
-260
-246
-231
-215
-201
-188
-177
-169
-164
-161
-160
-160
-160
-159
-156
-150
-139
-125
-106
-83
-57
-29
0
28
55
80
100
116
127
133
134
132
125
117
108
98
88
80
73
68
64
60
57
53
49
43
36
28
20
12
5
1
1
5
15
32
55
84
118
157
200
244
288
331
371
407
436
459
474
480
478
467
447
418
380
334
280
219
153
83
10
-61
-130
-195
-253
-301
-339
-364
-377
-376
-363
-339
-305
-263
-214
-162
-108
-55
-4
41
80
113
136
151
157
154
143
124
99
69
36
0
-37
-75
-112
-148
-183
-215
-245
-273
-298
-321
-341
-358
-373
-384
-391
-394
-392
-385
-373
-356
-332
-303
-269
-230
-187
-142
-95
-49
-4
36
74
106
132
151
162
168
166
159
146
130
110
90
69
49
31
16
4
-4
-10
-12
-13
-11
-9
-6
-4
-3
-4
-8
-13
-21
-31
-42
-53
-64
-74
-80
-83
-82
-77
-66
-52
-33
-11
11
35
58
79
97
112
123
130
133
132
128
122
114
105
96
87
79
72
68
65
64
66
68
72
77
81
85
88
90
90
89
86
81
75
66
57
46
33
19
4
-11
-28
-46
-64
-82
-100
-118
-134
-150
-163
-175
-185
-192
-196
-196
-193
-187
-176
-163
-145
-126
-104
-80
-56
-33
-10
9
27
42
53
61
66
69
70
70
69
70
72
76
82
91
102
116
131
148
166
183
200
215
228
239
246
250
250
247
240
230
216
201
183
164
144
123
102
82
62
43
24
8
-7
-21
-33
-43
-52
-58
-63
-67
-69
-70
-71
-71
-72
-73
-73
-75
-76
-77
-77
-77
-75
-71
-65
-57
-47
-34
-19
-3
15
35
55
76
96
115
133
149
163
174
183
188
190
188
183
173
160
143
122
98
71
42
11
-20
-51
-81
-109
-134
-155
-173
-187
-197
-202
-204
-203
-199
-194
-187
-180
-172
-165
-159
-153
-148
-144
-140
-136
-132
-128
-123
-118
-113
-107
-101
-95
-88
-82
-75
-69
-63
-56
-50
-43
-36
-29
-22
-14
-7
0
8
16
24
31
38
43
48
52
54
56
57
57
56
56
56
56
56
57
58
59
60
60
59
57
52
46
39
30
20
9
0
-9
-18
-24
-28
-30
-29
-26
-22
-16
-10
-3
1
5
8
8
7
3
-2
-9
-17
-25
-34
-42
-49
-55
-60
-64
-67
-69
-70
-70
-70
-70
-71
-71
-72
-74
-75
-77
-78
-78
-76
-73
-67
-59
-48
-34
-18
0
18
39
60
80
98
115
129
140
148
153
155
155
152
148
144
140
136
134
133
134
136
140
144
148
150
151
149
143
133
119
101
78
52
24
-5
-34
-63
-90
-114
-135
-152
-165
-174
-180
-182
-182
-180
-176
-172
-168
-163
-160
-156
-153
-149
-145
-140
-134
-126
-116
-104
-90
-74
-57
-39
-21
-2
15
32
47
61
73
83
92
99
105
109
113
116
117
118
118
117
114
111
105
99
90
81
70
58
46
33
20
8
-3
-14
-23
-31
-37
-42
-46
-48
-50
-51
-51
-52
-54
-56
-58
-61
-64
-67
-70
-73
-75
-76
-75
-73
-68
-62
-53
-43
-31
-17
-2
12
27
42
56
69
81
90
98
104
109
111
112
112
111
109
107
104
101
98
95
93
90
89
88
87
88
88
89
91
93
96
99
101
104
106
107
107
105
101
95
86
76
63
48
31
13
-5
-24
-43
-62
-79
-95
-108
-118
-125
-129
-129
-125
-118
-107
-94
-80
-65
-51
-39
-31
-29
-32
-44
-62
-89
-123
-164
-209
-256
-304
-349
-389
-420
-442
-451
-447
-430
-399
-356
-302
-240
-174
-104
-36
27
86
136
177
207
227
236
236
228
213
194
172
150
128
110
95
85
80
80
84
91
101
111
122
131
137
139
138
132
121
107
90
70
50
30
11
-4
-16
-24
-28
-26
-20
-9
3
19
36
53
69
82
92
97
98
94
85
71
54
33
10
-13
-38
-61
-81
-99
-114
-125
-132
-136
-136
-134
-129
-123
-117
-110
-103
-97
-93
-91
-90
-91
-94
-98
-102
-105
-108
-108
-106
-101
-92
-79
-62
-43
-21
2
27
52
76
97
115
130
140
145
145
141
132
120
105
89
72
56
42
31
24
21
22
26
33
43
53
62
70
74
75
70
61
47
29
7
-17
-42
-67
-91
-111
-128
-140
-147
-149
-146
-138
-127
-113
-97
-79
-61
-44
-26
-9
6
23
40
58
78
100
126
154
185
218
252
286
317
344
365
379
384
381
368
346
315
278
235
189
140
92
45
3
-33
-64
-87
-102
-109
-108
-100
-87
-69
-50
-30
-11
4
15
21
21
14
3
-14
-35
-59
-85
-111
-136
-159
-177
-191
-198
-200
-195
-183
-165
-141
-113
-82
-48
-15
17
47
73
95
112
123
129
129
123
113
98
79
58
34
10
-14
-38
-60
-80
-97
-112
-124
-133
-140
-146
-150
-153
-155
-157
-159
-160
-160
-159
-157
-153
-148
-140
-129
-117
-103
-87
-72
-57
-43
-31
-22
-17
-14
-15
-18
-24
-32
-41
-51
-59
-67
-73
-77
-77
-75
-69
-59
-47
-32
-15
2
21
40
58
74
87
97
103
106
105
100
91
79
65
48
30
13
-3
-18
-29
-37
-39
-36
-27
-13
6
31
59
90
120
149
175
196
211
219
218
208
191
165
133
97
56
15
-25
-64
-98
-127
-148
-162
-169
-168
-160
-147
-129
-109
-88
-66
-46
-28
-13
0
8
16
21
26
29
33
37
41
45
50
54
57
58
55
50
40
27
11
-7
-28
-48
-68
-84
-96
-103
-103
-96
-83
-63
-39
-11
17
47
75
100
120
134
141
141
134
121
103
82
58
34
11
-7
-23
-34
-40
-41
-37
-29
-18
-5
8
23
36
47
57
63
67
68
67
65
61
56
52
48
45
43
42
42
43
46
48
51
54
57
59
60
61
61
60
57
54
50
46
41
35
30
24
19
14
10
7
3
0
-2
-5
-9
-14
-19
-26
-34
-43
-54
-67
-80
-94
-108
-122
-134
-145
-152
-157
-157
-155
-148
-138
-125
-110
-93
-74
-56
-37
-20
-5
8
18
26
31
33
33
30
25
18
10
1
-8
-18
-28
-39
-49
-60
-70
-80
-89
-97
-104
-110
-115
-117
-118
-116
-113
-107
-99
-89
-78
-67
-56
-46
-37
-31
-26
-25
-26
-29
-34
-41
-48
-55
-61
-65
-65
-63
-56
-46
-32
-14
6
29
54
79
104
129
151
171
187
201
210
215
217
214
208
199
188
175
160
146
131
117
105
93
84
76
69
64
61
58
57
55
53
51
49
45
41
36
30
22
14
4
-7
-19
-34
-50
-69
-89
-110
-132
-155
-176
-196
-213
-227
-235
-239
-236
-228
-213
-193
-168
-139
-107
-72
-37
-2
30
61
88
111
129
143
152
158
160
158
154
147
139
130
121
111
101
93
85
79
74
70
67
66
64
64
63
62
60
58
55
51
46
40
32
23
13
2
-10
-23
-37
-50
-62
-73
-81
-85
-85
-81
-72
-59
-41
-20
3
28
