170
225
274
314
343
359
361
349
322
282
231
171
106
37
-31
-97
-159
-213
-260
-297
-324
-341
-349
-347
-339
-324
-304
-281
-256
-230
-205
-182
-160
-139
-121
-104
-88
-73
-58
-43
-28
-12
2
18
32
45
55
62
65
62
54
39
19
-7
-39
-75
-112
-150
-186
-216
-239
-251
-251
-236
-207
-161
-101
-26
59
154
255
357
458
551
635
704
756
790
803
795
767
720
656
579
491
397
299
201
107
18
-61
-133
-195
-248
-291
-325
-352
-373
-387
-396
-400
-398
-392
-380
-363
-339
-310
-276
-237
-195
-150
-106
-62
-21
15
46
70
87
96
98
92
80
62
40
16
-9
-34
-57
-78
-94
-107
-115
-118
-117
-111
-102
-89
-74
-57
-38
-19
0
19
37
53
68
80
91
99
105
109
111
111
110
108
104
100
95
90
83
77
70
63
56
49
42
35
28
20
13
5
-4
-14
-26
-39
-53
-67
-81
-93
-103
-110
-112
-108
-98
-82
-58
-29
6
46
88
131
173
210
241
263
275
274
261
235
197
148
89
24
-43
-111
-176
-235
-284
-322
-346
-357
-354
-338
-311
-275
-234
-189
-145
-104
-67
-36
-12
5
16
22
24
24
24
25
29
36
47
62
81
104
129
155
180
204
224
240
251
256
256
251
242
228
213
195
176
157
138
120
103
86
70
54
37
19
0
-22
-48
-77
-111
-147
-187
-230
-273
-316
-357
-395
-428
-455
-474
-484
-485
-476
-458
-433
-400
-361
-318
-273
-228
-184
-141
-102
-66
-34
-4
23
51
79
108
140
176
213
254
294
334
371
401
423
434
432
415
383
335
274
200
116
26
-66
-158
-244
-321
-385
-435
-468
-484
-483
-466
-435
-393
-342
-286
-227
-169
-114
-63
-19
17
47
69
85
95
100
102
103
104
106
110
119
131
148
170
194
222
250
279
307
332
354
370
381
386
385
377
364
346
323
297
268
238
207
177
146
117
89
62
37
14
-6
-25
-41
-56
-67
-76
-83
-87
-88
-87
-84
-80
-76
-71
-66
-63
-60
-60
-61
-64
-69
-75
-82
-90
-98
-105
-111
-115
-118
-118
-116
-113
-109
-103
-98
-93
-90
-88
-88
-90
-94
-100
-106
-114
-121
-128
-134
-138
-139
-139
-136
-131
-123
-113
-101
-88
-72
-56
-39
-21
-2
16
36
57
78
100
121
142
163
183
201
217
229
239
244
244
239
229
215
195
172
146
120
93
69
48
33
24
22
27
39
57
81
107
135
163
188
208
222
228
226
215
195
167
131
91
47
2
-41
-81
-116
-143
-161
-170
-169
-160
-144
-123
-100
-78
-60
-48
-44
-50
-67
-93
-127
-168
-212
-256
-296
-329
-353
-364
-363
-349
-322
-286
-241
-192
-142
-94
-51
-15
10
26
32
29
17
0
-21
-44
-65
-83
-95
-101
-99
-89
-72
-49
-21
10
43
76
106
133
154
169
176
176
169
155
134
108
78
45
11
-22
-54
-83
-107
-126
-138
-144
-143
-136
-124
-107
-86
-63
-39
-15
6
26
44
58
68
75
79
79
78
76
73
71
70
70
73
78
85
94
103
112
119
123
124
121
112
98
78
55
27
-1
-32
-64
-93
-121
-144
-164
-178
-188
-192
-192
-186
-177
-164
-148
-129
-108
-86
-62
-38
-14
9
32
54
75
93
109
122
133
141
147
152
156
160
164
168
172
177
182
187
191
194
196
195
192
186
177
164
148
128
105
80
53
26
0
-26
-49
-69
-85
-96
-103
-105
-102
-97
-89
-79
-69
-60
-53
-48
-47
-48
-53
-59
-67
-73
-78
-79
-75
-65
-49
-27
1
33
69
106
141
173
198
216
224
221
207
182
147
104
55
2
-52
-106
-155
-197
-229
-251
-261
-258
-245
-222
-191
-155
-116
-75
-34
4
40
73
102
127
146
159
167
169
165
156
144
128
110
91
73
56
42
32
24
20
20
22
25
30
34
37
38
35
29
17
1
-18
-43
-70
-98
-127
-154
-177
-196
-209
-215
-215
-210
-199
-185
-169
-152
-137
-125
-116
-111
-110
-113
-119
-128
-136
-145
-151
-154
-152
-146
-135
-120
-99
-76
-50
-24
1
26
47
65
78
86
90
89
84
77
69
60
52
46
42
41
44
49
58
68
80
92
104
114
122
126
126
121
111
97
78
56
31
5
-21
-46
-69
-88
-102
-111
-113
-109
-98
-82
-62
-39
-14
9
31
51
65
75
78
76
67
54
35
13
-10
-36
-62
-87
-110
-131
-149
-162
-171
-175
-173
-166
-154
-136
-113
-86
-54
-20
15
52
88
122
153
180
202
218
230
235
236
233
226
217
206
193
180
166
151
136
120
103
87
70
53
37
22
10
0
-7
-12
-14
-13
-9
-4
1
8
14
19
22
22
19
12
2
-10
-26
-44
-64
-83
-101
-117
-130
-139
-145
-145
-141
-132
-118
-100
-77
-50
-21
9
42
75
107
138
165
188
207
220
227
226
219
205
185
158
128
94
59
24
-8
-36
-58
-73
-81
-79
-69
-50
-24
6
41
77
113
145
172
190
199
198
185
160
126
83
33
-20
-76
-131
-182
-228
-267
-298
-319
-331
-334
-328
-314
-293
-266
-234
-199
-162
-126
-90
-57
-28
-5
11
21
23
16
1
-21
-52
-90
-133
-182
-233
-286
-338
-388
-433
-472
-502
-521
-528
-522
-501
-465
-414
-348
-267
-175
-72
38
153
268
379
482
573
648
703
737
749
738
705
654
587
508
422
333
244
160
84
19
-35
-77
-108
-127
-138
-140
-137
-130
-121
-111
-101
-92
-85
-79
-74
-72
-71
-71
-74
-78
-85
-93
-105
-119
-135
-154
-173
-194
-215
-236
-254
-270
-282
-288
-288
-281
-266
-242
-210
-168
-118
-62
0
66
133
199
261
317
364
400
424
435
433
417
390
352
305
252
196
139
83
33
-10
-46
-72
-88
-94
-90
-78
-59
-36
-9
17
44
68
87
102
111
114
111
102
88
70
49
26
3
-17
-36
-52
-63
-69
-71
-68
-61
-52
-39
-26
-12
1
15
27
39
50
60
69
78
86
94
102
110
116
120
121
119
111
97
76
48
11
-32
-82
-138
-196
-254
-309
-359
-400
-428
-443
-443
-427
-394
-348
-289
-220
-146
-70
3
71
131
180
216
238
246
241
224
198
165
127
87
47
10
-21
-47
-64
-73
-72
-62
-42
-13
22
65
113
164
217
269
318
362
400
430
451
461
460
446
421
385
337
280
214
142
66
-10
-87
-159
-225
-282
-329
-363
-385
-394
-391
-378
-355
-326
-292
-257
-223
-191
-163
-141
-126
-117
-113
-115
-120
-127
-136
-144
-150
-154
-155
-152
-146
-138
-126
-112
-96
-79
-61
-42
-24
-6
10
26
41
54
66
76
84
90
94
95
94
90
82
72
60
45
29
12
-4
-21
-36
-49
-58
-65
-67
-64
-57
-44
-27
-5
20
49
80
111
143
172
198
219
234
242
243
237
223
203
177
146
111
75
38
2
-32
-63
-90
-113
-131
-143
-149
-150
-146
-138
-125
-109
-90
-68
-45
-20
4
30
55
79
101
121
139
153
165
172
175
173
166
154
137
115
87
55
18
-21
-63
-105
-147
-186
-221
-250
-271
-283
-285
-276
-254
-221
-176
-121
-57
12
86
160
232
299
356
402
434
452
453
438
409
367
314
252
185
116
48
-16
-75
-127
-170
-203
-226
-240
-245
-242
-232
-217
-199
-178
-157
-137
-119
-103
-90
-82
-76
-74
-74
-75
-78
-80
-82
-82
-79
-74
-65
-52
-36
-16
5
31
58
86
115
142
167
189
207
220
228
228
222
209
190
164
133
98
59
20
-19
-57
-93
-126
-153
-176
-193
-205
-211
-213
-210
-203
-193
-181
-168
-153
-138
-123
-108
-93
-79
-67
-55
-44
-35
-28
-23
-21
-22
-27
-35
-47
-61
-78
-97
-117
-137
-155
-170
-182
-188
-190
-185
-174
-157
-135
-108
-77
-44
-10
23
54
83
107
126
139
147
149
147
139
129
117
104
91
80
71
66
65
69
78
90
107
127
150
174
199
224
246
266
282
293
299
299
292
280
262
238
209
176
140
102
64
26
-8
-40
-68
-93
-112
-127
-138
-146
-151
-154
-156
-157
-159
-161
-165
-171
-179
-189
-201
-215
-230
-245
-261
-275
-288
-298
-306
-311
-313
-313
-311
-307
-303
-298
-294
-291
-288
-286
-283
-280
-274
-264
-250
-230
-203
-168
-126
-75
-17
46
115
185
255
322
384
436
479
510
528
534
527
510
483
450
411
371
329
290
253
220
193
170
153
140
132
127
124
123
123
122
121
118
113
106
96
84
70
54
36
18
0
-18
-37
-55
-73
-90
-105
-120
-133
-145
-156
-166
-175
-182
-187
-191
-193
-192
-190
-184
-177
-167
-155
-142
-129
-114
-100
-87
-76
-66
-58
-52
-48
-45
-44
-44
-43
-42
-39
-34
-26
-15
0
17
39
64
90
119
148
178
206
233
257
278
295
308
315
315
309
296
277
250
217
178
135
89
41
-6
-54
-98
-139
-176
-207
-232
-251
-265
-273
-276
-274
-269
-260
-250
-238
-225
-212
-199
-186
-174
-163
-153
-142
-132
-123
-113
-102
-92
-81
-70
-59
-47
-35
-23
-10
3
17
32
47
62
77
91
104
116
128
138
146
153
158
161
162
161
157
151
144
134
124
113
103
93
84
77
72
68
67
67
69
74
80
87
97
108
122
138
156
176
199
223
249
275
301
324
343
355
361
356
341
315
278
230
174
110
43
-25
-93
-157
-214
-264
-305
-337
-360
-376
-387
-393
-396
-400
-405
-413
-424
-438
-456
-475
-496
-516
-534
-548
-557
-559
-553
-540
-518
-489
-453
-411
-364
-314
-262
-209
-156
-105
-54
-6
40
85
129
172
214
254
294
333
370
405
437
465
489
507
518
522
519
508
490
465
433
397
357
315
272
230
191
156
126
103
86
76
73
75
82
91
101
110
115
116
110
98
78
51
17
-21
-64
-109
-154
-198
-239
-275
-305
-328
-343
-351
-351
-344
-331
-313
-291
-267
-241
-214
-188
-162
-139
-117
-98
-82
-68
-56
-47
-40
-34
-30
-27
-23
-20
-16
-11
-4
3
12
24
37
51
66
82
98
114
129
142
153
161
166
167
164
158
147
133
115
95
73
49
24
0
-24
-47
-68
-86
-101
-112
-120
-123
-122
-118
-111
-102
-91
-80
-68
-57
-46
-37
-30
-24
-19
-16
-13
-10
-8
-5
-1
3
10
18
28
40
52
65
78
90
100
108
114
116
116
113
109
104
98
94
92
92
94
99
106
115
123
130
133
133
127
114
95
69
38
1
-38
-79
-118
-153
-182
-202
-212
-210
-195
-168
-130
-83
-29
29
89
147
201
249
287
316
333
340
337
323
302
273
238
199
158
116
