1302
1242
1160
1061
947
823
693
563
435
315
207
112
33
-29
-76
-108
-128
-139
-143
-143
-141
-138
-135
-132
-125
-115
-98
-72
-36
8
62
122
184
242
291
324
334
318
272
195
86
-49
-208
-384
-568
-753
-930
-1093
-1234
-1349
-1435
-1490
-1514
-1508
-1475
-1418
-1340
-1246
-1139
-1021
-895
-762
-623
-478
-327
-171
-9
157
328
500
670
833
985
1120
1231
1314
1364
1377
1350
1284
1180
1041
871
676
463
241
16
-201
-407
-593
-753
-885
-984
-1049
-1079
-1077
-1044
-984
-901
-801
-690
-571
-452
-335
-224
-122
-29
54
128
195
257
315
372
428
485
542
598
652
701
742
773
789
789
769
728
664
578
472
347
208
60
-91
-242
-386
-518
-632
-724
-793
-836
-854
-845
-814
-762
-692
-608
-514
-413
-311
-209
-111
-19
63
136
198
247
282
305
313
308
290
259
217
164
101
30
-48
-134
-225
-320
-418
-517
-614
-707
-792
-864
-920
-955
-965
-947
-899
-818
-704
-558
-382
-180
44
286
540
798
1055
1304
1538
1750
1934
2083
2193
2261
2282
2256
2185
2071
1920
1737
1529
1306
1074
841
613
396
192
5
-164
-318
-454
-575
-681
-775
-857
-929
-993
-1048
-1098
-1142
-1182
-1218
-1251
-1282
-1309
-1334
-1354
-1370
-1380
-1382
-1374
-1354
-1321
-1273
-1208
-1126
-1028
-913
-785
-644
-495
-340
-184
-31
116
255
382
496
594
677
745
798
838
867
887
899
906
908
907
904
899
891
882
871
858
844
829
814
800
789
780
774
772
773
776
780
783
782
776
762
736
698
643
572
481
371
241
90
-78
-267
-471
-690
-921
-1160
-1404
-1650
-1892
-2127
-2350
-2555
-2736
-2889
-3006
-3083
-3113
-3092
-3016
-2882
-2689
-2439
-2133
-1776
-1374
-935
-466
22
522
1024
1519
2000
2457
2885
3276
3625
3925
4172
4362
4491
4557
4559
4497
4372
4189
3952
3667
3341
2981
2595
2190
1773
1349
924
502
86
-321
-718
-1101
-1470
-1821
-2152
-2460
-2742
-2994
-3213
-3398
-3544
-3650
-3715
-3739
-3722
-3665
-3570
-3440
-3277
-3084
-2864
-2622
-2360
-2083
-1795
-1499
-1200
-904
-614
-337
-76
161
372
553
699
810
884
922
927
902
852
783
701
613
524
442
370
313
271
247
240
248
269
300
337
376
416
452
482
506
523
535
542
549
560
577
607
652
716
801
907
1033
1177
1335
1501
1668
1831
1981
2114
2222
2303
2351
2365
2344
2287
2194
2067
1909
1721
1506
1269
1012
741
459
172
-115
-398
-671
-929
-1167
-1381
-1565
-1717
-1834
-1912
-1952
-1954
-1918
-1848
-1748
-1623
-1478
-1321
-1160
-999
-847
-708
-587
-487
-410
-356
-326
-316
-325
-350
-387
-434
-485
-538
-590
-638
-680
-714
-738
-752
-755
-746
-726
-694
-651
-597
-533
-458
-374
-282
-182
-74
39
158
280
404
528
650
766
874
971
1056
1124
1174
1206
1218
1210
1182
1137
1074
997
907
806
696
578
455
327
196
63
-70
-202
-331
-454
-568
-671
-759
-830
-880
-908
-912
-894
-853
-793
-717
-630
-538
-446
-359
-282
-219
-172
-142
-126
-124
-130
-140
-149
-151
-141
-116
-74
-14
63
156
262
375
493
609
721
822
912
985
1041
1077
1093
1087
1060
1011
942
853
746
624
491
349
204
60
-76
-204
-317
-414
-492
-552
-594
-620
-633
-637
-634
-629
-625
-622
-624
-631
-643
-659
-679
-700
-721
-741
-758
-772
-781
-787
-788
-786
-781
-773
-762
-748
-731
-711
-685
-654
-615
-570
-516
-453
-384
-308
-228
-147
-65
12
84
149
205
252
290
321
346
369
392
418
451
492
542
604
677
759
850
945
1042
1137
1225
1302
1364
1406
1425
1419
1385
1324
1236
1122
986
830
661
484
304
128
-39
-193
-329
-446
-540
-613
-666
-699
-716
-719
-711
-694
-672
-646
-617
-587
-556
-524
-492
-460
-426
-390
-352
-313
-270
-226
-179
-132
-83
-35
11
56
99
138
173
204
231
252
270
283
294
303
313
325
341
363
392
428
473
524
581
639
696
747
787
812
818
801
760
693
600
485
350
200
39
-126
-291
-451
-600
-736
-855
-955
-1036
-1097
-1139
-1162
-1167
-1156
-1131
-1091
-1039
-974
-899
-814
-720
-619
-513
-403
-294
-188
-88
2
82
149
202
241
267
281
287
287
284
284
288
301
325
361
410
470
541
617
695
768
831
879
907
909
885
832
752
648
523
384
238
92
-44
-167
-268
-342
-386
-400
-384
-341
-276
-195
-106
-15
69
141
194
226
235
221
187
136
73
5
-63
-129
-186
-234
-272
-300
-320
-335
-348
-364
-385
-414
-452
-500
-557
-621
-687
-754
-818
-873
-918
-950
-967
-969
-957
-930
-891
-841
-781
-712
-633
-545
-446
-336
-214
-78
70
231
404
585
771
959
1142
1317
1477
1619
1738
1830
1892
1922
1918
1881
1812
1711
1581
1425
1246
1049
837
615
388
159
-66
-286
-496
-693
-874
-1036
-1176
-1293
-1382
-1442
-1471
-1467
-1432
-1365
-1269
-1148
-1005
-848
-682
-515
-356
-210
-85
13
82
120
125
102
52
-16
-99
-188
-275
-354
-420
-467
-492
-496
-477
-438
-383
-314
-235
-150
-64
21
104
182
253
318
375
424
466
499
524
540
547
546
536
518
491
458
418
374
328
281
236
195
162
136
121
116
122
138
161
190
222
255
285
311
329
339
339
329
311
284
250
210
167
121
73
25
-22
-71
-120
-170
-220
-271
-323
-373
-422
-467
-506
-537
-557
-565
-560
-540
-505
-457
-395
-322
-241
-155
-68
16
94
162
216
254
273
274
257
224
177
122
62
3
-48
-90
-116
-123
-111
-79
-28
38
117
204
293
378
453
513
553
569
558
519
451
356
237
98
-56
-220
-388
-554
-712
-855
-980
-1081
-1157
-1204
-1222
-1212
-1174
-1111
-1028
-927
-814
-694
-572
-453
-341
-239
-150
-75
-14
33
68
94
113
128
140
152
165
180
196
214
231
247
260
268
273
272
268
260
252
246
244
249
266
295
340
401
477
568
671
781
893
1001
1098
1177
1232
1257
1247
1201
1118
1000
852
680
493
300
113
-58
-206
-323
-402
-441
-441
-402
-331
-233
-116
10
138
258
363
446
502
527
519
477
403
298
166
12
-159
-341
-528
-714
-891
-1056
-1202
-1325
-1423
-1494
-1536
-1550
-1538
-1501
-1442
-1366
-1276
-1177
-1075
-973
-876
-788
-710
-645
-592
-552
-521
-496
-475
-450
-419
-376
-317
-238
-137
-12
135
306
497
705
924
1150
1378
1600
1812
2008
2183
2330
2446
2525
2565
2563
2515
2423
2285
2105
1887
1636
1360
1066
765
466
177
-90
-330
-536
-704
-831
-917
-964
-975
-956
-913
-853
-783
-710
-639
-576
-524
-486
-461
-449
-447
-452
-460
-467
-470
-466
-453
-431
-400
-362
-320
-276
-233
-194
-162
-138
-122
-115
-115
-120
-128
-135
-139
-136
-124
-102
-68
-23
30
92
159
226
291
348
395
429
446
446
428
392
340
272
192
103
7
-91
-190
-284
-372
-450
-517
-570
-609
-633
-643
-640
-625
-601
-567
-528
-483
-436
-387
-336
-286
-236
-186
-137
-88
-41
4
48
90
128
161
188
209
223
228
227
218
204
186
165
146
128
115
108
108
114
126
141
159
177
191
201
203
198
185
164
137
105
72
39
9
-16
-35
-48
-54
-53
-47
-38
-27
-16
-8
-3
-3
-10
-23
-44
-70
-103
-140
-180
-223
-265
-307
-346
-382
-414
-441
-463
-481
-494
-504
-510
-514
-516
-517
-517
-516
-513
-509
-501
-490
-474
-451
-420
-380
-330
-271
-202
-123
-35
58
156
257
357
452
539
614
673
715
736
736
714
671
609
531
441
342
239
137
40
-49
-128
-195
-248
-287
-314
-328
-332
-328
-317
-300
-280
-257
-233
-206
-178
-147
-113
-76
-34
11
62
117
175
234
291
345
390
425
445
447
431
394
337
261
169
65
-46
-162
-275
-380
-471
-546
-599
-628
-631
-607
-557
-482
-385
-268
-136
6
156
307
456
597
727
843
942
1023
1085
1127
1150
1157
1149
1127
1095
1053
1002
943
875
797
707
603
484
349
198
32
-144
-328
-513
-694
-864
-1014
-1140
-1234
-1295
-1318
-1303
-1252
-1168
-1054
-917
-762
-596
-426
-256
-92
62
205
336
452
556
646
724
790
845
887
917
933
934
918
884
832
761
672
566
446
314
174
30
-113
-253
-384
-505
-612
-705
-782
-843
-888
-919
-937
-943
-938
-923
-900
-870
-833
-791
-742
-689
-630
-566
-496
-421
-338
-250
-154
-54
50
157
264
369
466
554
629
688
728
750
753
738
709
668
621
572
526
489
462
450
453
471
501
541
586
630
667
689
690
664
606
514
386
225
34
-181
-412
-650
-885
-1107
-1306
-1474
-1604
-1692
-1734
-1729
-1679
-1587
-1455
-1291
-1101
-891
-668
-440
-213
4
209
396
560
699
813
899
959
994
1007
999
975
937
888
832
771
707
642
577
513
451
391
335
283
235
194
159
133
116
108
111
124
147
178
217
260
304
345
378
400
405
389
348
280
184
60
-87
-255
-438
-626
-812
-987
-1141
-1267
-1357
-1408
-1418
-1385
-1312
-1202
-1063
-898
-717
-526
-333
-143
36
200
347
472
574
653
709
741
753
744
718
674
615
543
460
366
264
158
49
-58
-160
-254
-334
-398
-443
-467
-468
-447
-406
-348
-276
-194
-107
-20
62
137
201
252
289
313
324
323
313
296
276
254
232
212
195
181
169
158
146
133
116
94
65
28
-16
-70
-132
-201
-276
-356
-436
-514
-587
-651
-703
-740
-760
-761
-743
-707
-652
-582
-499
-404
-302
-193
-82
30
141
251
359
464
566
668
770
875
982
1093
1208
1324
1438
1546
1641
1717
1767
1784
1762
1699
1593
1444
1255
1033
784
517
241
-34
-299
-548
-771
-965
-1125
-1250
-1341
-1398
-1425
-1426
-1405
-1368
-1318
-1261
-1199
-1137
-1076
-1018
-964
-915
-871
-832
-798
-770
-747
-730
-719
-714
-715
-722
-735
-753
-774
-799
-823
-847
-868
-883
-890
-888
-873
-843
-797
-732
-647
-542
-416
-270
-106
75
269
474
685
897
1107
1310
1503
1684
1851
2001
2135
2253
2355
2441
2511
2566
2604
2625
2628
2610
2569
2502
2407
2281
2122
1929
1701
1440
1149
830
490
135
-227
-590
-945
-1283
-1596
-1880
-2126
-2332
-2494
-2611
-2682
-2707
-2689
-2631
-2536
-2409
-2253
-2074
-1878
-1668
-1450
-1229
-1009
-795
-591
-400
-225
-68
68
184
278
350
402
434
449
448
435
412
382
349
315
284
256
235
223
220
227
246
275
314
362
419
481
547
615
681
744
800
846
880
900
903
888
855
803
734
648
548
437
319
197
76
-39
-148
-245
-328
-396
-447
-483
-504
-512
-509
-499
-483
-466
-447
-430
-415
-404
-395
-390
-386
-384
-382
-381
-378
-374
-369
-361
-353
-343
-331
-318
-304
-289
-273
-255
-236
-217
-196
-175
-154
-134
-116
-101
-91
-86
-88
-98
-116
-143
-178
-221
-270
-323
-379
-434
-486
-530
-564
-583
-584
-563
-518
-446
-347
-220
-67
109
306
518
739
962
1180
1385
1568
1723
1843
1922
1955
1940
1876
1766
1611
1420
1198
956
701
444
192
-44
-262
-454
-618
-752
-855
-927
-972
