-653
-592
-538
-490
-447
-410
-376
-345
-316
-288
-260
-234
-207
-180
-153
-127
-101
-76
-51
-27
-2
23
50
80
112
148
188
233
282
336
394
457
523
592
662
734
805
874
942
1006
1066
1120
1169
1209
1241
1263
1275
1276
1265
1242
1209
1164
1110
1046
976
899
817
732
645
556
467
378
291
206
124
46
-29
-101
-169
-234
-297
-356
-414
-469
-522
-572
-620
-665
-706
-742
-772
-796
-814
-824
-828
-825
-817
-804
-789
-771
-753
-736
-721
-708
-697
-690
-684
-680
-677
-672
-665
-652
-633
-606
-570
-523
-466
-399
-322
-239
-150
-60
28
111
187
252
304
341
362
368
359
338
307
270
229
188
152
122
103
95
100
119
153
198
254
318
387
457
525
586
636
674
696
702
689
658
610
546
468
380
283
181
78
-22
-118
-207
-285
-351
-403
-442
-467
-481
-483
-478
-466
-451
-435
-419
-405
-393
-382
-373
-362
-349
-330
-305
-271
-227
-173
-109
-35
45
132
222
312
398
476
544
599
639
662
668
657
630
590
537
475
407
333
258
181
107
34
-33
-97
-155
-206
-249
-284
-310
-325
-331
-326
-311
-288
-256
-218
-175
-129
-83
-39
2
38
67
90
105
112
113
107
96
80
61
40
17
-7
-33
-61
-90
-121
-154
-189
-225
-262
-300
-338
-376
-413
-447
-477
-504
-525
-540
-547
-546
-536
-517
-489
-451
-405
-351
-291
-224
-154
-81
-6
67
140
209
273
330
380
419
449
466
472
465
446
415
374
325
270
211
152
96
46
5
-23
-38
-36
-17
19
73
143
226
319
418
519
615
703
777
833
867
876
859
815
743
647
527
388
235
72
-94
-259
-416
-561
-688
-793
-873
-926
-951
-948
-917
-862
-786
-691
-584
-469
-351
-235
-126
-27
57
126
179
214
232
236
226
204
175
140
102
64
29
-2
-28
-48
-61
-68
-69
-66
-59
-52
-44
-38
-34
-32
-33
-35
-37
-37
-35
-29
-18
0
25
56
94
137
183
230
277
320
358
387
405
409
400
375
334
278
208
127
38
-54
-148
-239
-321
-393
-450
-491
-513
-517
-503
-472
-426
-367
-300
-226
-151
-78
-10
50
100
138
164
176
177
165
144
114
79
40
0
-41
-80
-116
-147
-173
-193
-207
-214
-214
-208
-196
-177
-153
-124
-89
-49
-3
46
102
162
227
294
364
433
501
564
620
666
700
720
725
713
685
642
584
515
435
348
258
166
75
-11
-92
-166
-232
-288
-334
-371
-397
-413
-420
-419
-409
-392
-370
-342
-310
-275
-237
-198
-158
-117
-77
-37
1
37
70
100
124
143
155
159
155
142
120
88
47
-1
-58
-122
-190
-259
-328
-394
-453
-502
-540
-563
-570
-561
-535
-495
-440
-374
-300
-221
-140
-60
15
84
146
198
241
274
297
313
321
322
319
312
302
291
279
267
255
245
236
227
220
213
206
200
192
184
174
162
148
133
115
95
73
51
29
8
-11
-29
-43
-53
-60
-63
-62
-59
-55
-53
-53
-59
-71
-92
-123
-163
-213
-270
-333
-399
-464
-524
-575
-615
-640
-647
-635
-601
-546
-470
-374
-260
-130
11
161
314
466
612
747
866
966
1042
1092
1114
1107
1071
1008
921
814
690
556
416
276
140
11
-104
-207
-294
-364
-417
-454
-475
-483
-478
-463
-441
-413
-381
-347
-311
-276
-241
-208
-177
-148
-122
-100
-82
-68
-60
-59
-64
-77
-97
-125
-159
-200
-245
-294
-345
-395
-443
-487
-525
-555
-576
-587
-588
-578
-558
-529
-491
-446
-395
-340
-282
-223
-164
-106
-51
0
48
92
132
169
204
238
272
308
348
393
443
498
559
625
694
764
835
903
966
1023
1070
1107
1131
1141
1138
1120
1088
1044
987
921
846
764
676
585
491
394
296
196
94
-8
-112
-216
-319
-420
-517
-606
-686
-753
-806
-843
-861
-862
-844
-809
-760
-698
-626
-549
-469
-390
-316
-249
-192
-145
-111
-89
-79
-79
-88
-104
-125
-149
-175
-201
-227
-253
-279
-304
-331
-360
-391
-425
-460
-497
-533
-568
-598
-622
-637
-643
-638
-621
-592
-552
-501
-442
-375
-302
-226
-148
-71
3
74
139
198
249
293
327
353
371
381
384
380
370
354
334
310
282
252
220
188
157
127
100
76
57
43
35
33
37
46
61
81
105
132
161
192
222
252
280
305
327
344
357
365
368
365
356
343
326
306
284
263
243
227
216
212
216
228
248
276
310
350
392
435
475
511
538
555
559
548
521
477
415
338
247
143
32
-82
-197
-307
-406
-491
-559
-605
-631
-634
-616
-579
-527
-464
-393
-321
-252
-191
-141
-106
-88
-87
-104
-138
-186
-245
-313
-386
-462
-536
-606
-670
-726
-773
-810
-836
-851
-854
-846
-826
-795
-754
-702
-642
-575
-503
-426
-347
-268
-190
-115
-43
25
89
150
208
263
317
371
424
478
533
588
642
694
744
790
829
862
886
902
909
906
895
876
851
820
786
748
710
672
636
602
571
543
518
494
471
447
422
393
359
319
272
218
156
88
14
-64
-144
-225
-304
-379
-447
-507
-558
-599
-631
-652
-665
-669
-666
-656
-641
-622
-599
-572
-542
-509
-474
-435
-394
-350
-305
-259
-213
-167
-124
-84
-49
-19
2
17
24
22
13
-3
-27
-56
-89
-124
-160
-194
-225
-252
-273
-287
-294
-293
-284
-267
-243
-212
-175
-132
-86
-36
13
64
112
158
198
232
259
278
288
289
281
264
241
211
176
139
101
64
30
0
-23
-40
-50
-54
-52
-45
-34
-22
-10
0
9
15
18
16
12
5
-2
-10
-17
-22
-22
-16
-5
12
35
64
97
133
168
201
230
252
267
272
269
256
236
209
177
143
109
77
50
30
19
15
21
35
57
85
118
153
190
226
260
291
319
342
361
376
385
390
390
386
377
365
348
327
304
277
249
218
187
156
125
93
63
33
3
-26
-55
-84
-111
-137
-161
-182
-197
-208
-212
-209
-199
-183
-161
-135
-107
-79
-53
-33
-19
-15
-20
-36
-61
-95
-136
-181
-228
-274
-319
-359
-394
-424
-446
-463
-474
-480
-481
-479
-473
-465
-454
-441
-427
-410
-390
-367
-340
-308
-271
-229
-181
-127
-70
-8
53
115
174
229
275
313
340
355
359
351
335
310
281
251
221
197
179
171
173
185
208
240
279
321
365
407
443
471
488
492
482
457
416
361
292
209
115
11
-99
-216
-335
-453
-568
-676
-775
-860
-930
-983
-1016
-1029
-1020
-991
-941
-872
-786
-686
-575
-456
-333
-209
-89
23
127
218
294
355
399
428
441
442
432
414
390
364
339
317
299
288
285
290
302
322
347
376
408
439
467
490
504
509
502
481
447
400
340
269
189
103
14
-76
-166
-253
-335
-412
-482
-546
-603
-653
-697
-735
-766
-792
-813
-828
-838
-843
-845
-842
-837
-828
-817
-804
-787
-768
-744
-717
-684
-645
-599
-546
-484
-414
-335
-247
-151
-47
64
182
305
432
563
694
826
955
1081
1202
1315
1418
1512
1592
1658
1708
1739
1752
1744
1715
1665
1595
1508
1406
1293
1171
1046
920
795
674
555
440
326
211
93
-28
-157
-293
-437
-585
-738
-890
-1039
-1179
-1307
-1419
-1509
-1576
-1617
-1629
-1614
-1572
-1505
-1416
-1308
-1185
-1052
-913
-772
-633
-500
-376
-261
-157
-63
20
96
168
235
303
371
441
513
587
661
733
798
854
897
924
933
922
891
841
774
693
602
506
408
313
225
147
82
31
-4
-26
-34
-30
-17
3
27
54
80
103
122
136
145
147
144
137
125
109
90
69
45
19
-8
-38
-69
-102
-136
-170
-204
-237
-269
-300
-329
-355
-379
-401
-420
-438
-455
-471
-487
-505
-524
-544
-567
-592
-617
-642
-665
-685
-700
-706
-703
-689
-661
-620
-564
-493
-407
-310
-201
-84
37
161
283
400
507
604
687
755
807
845
869
882
887
885
880
875
870
868
868
871
875
878
878
871
856
829
789
732
658
566
457
332
194
44
-111
-271
-429
-581
-724
-852
-963
-1055
-1125
-1174
-1200
-1207
-1194
-1165
-1121
-1068
-1007
-943
-879
-817
-760
-709
-665
-628
-596
-568
-541
-513
-481
-443
-398
-344
-281
-210
-132
-49
37
124
210
292
369
438
500
554
600
638
669
695
717
736
752
768
782
794
806
815
820
820
815
802
780
750
711
663
606
542
472
397
320
241
163
86
11
-60
-129
-194
-257
-316
-372
-424
-472
-516
-554
-586
-612
-631
-644
-650
-651
-645
-635
-621
-605
-586
-566
-545
-524
-503
-481
-459
-436
-411
-383
-352
-317
-277
-233
-182
-127
-66
-1
67
139
211
283
352
417
476
528
573
611
641
665
684
700
713
727
741
756
773
790
807
822
832
834
826
804
767
711
636
541
426
294
147
-11
-177
-345
-511
-669
-815
-944
-1053
-1139
-1201
-1237
-1249
-1238
-1206
-1155
-1089
-1012
-927
-837
-745
-654
-566
-482
-403
-329
-261
-197
-137
-80
-24
29
84
140
195
251
306
358
406
448
483
509
524
529
522
504
477
442
400
355
307
260
215
174
139
110
89
75
69
69
74
83
93
102
107
105
94
74
42
0
-52
-111
-174
-237
-296
-345
-382
-402
-404
-385
-347
-290
-218
-134
-44
45
131
205
264
303
320
314
285
236
172
97
18
-58
-126
-180
-216
-231
-222
-192
-141
-73
6
92
181
265
340
403
451
482
497
497
484
461
431
398
363
331
302
277
258
245
236
232
233
238
246
258
273
292
313
336
360
382
402
416
424
422
411
389
356
313
260
198
128
51
-31
-120
-214
-315
-421
-534
-651
-771
-894
-1016
-1134
-1244
-1343
-1426
-1489
-1529
-1541
-1525
-1478
-1401
-1295
-1161
-1005
-830
-642
-447
-253
-66
108
265
399
508
591
647
679
688
679
656
626
592
561
537
524
524
539
569
614
673
741
817
896
975
1050
1116
1171
1211
1234
1238
1223
1189
1136
1064
977
875
761
637
506
370
232
94
-40
-172
-297
-415
-523
-622
-710
-786
-850
-904
-946
-977
-999
-1012
-1018
-1016
-1009
-997
-981
-961
-936
-908
-873
-833
-785
-728
-660
-581
-490
-386
-271
-146
-13
125
265
403
534
654
759
844
906
942
952
936
893
829
745
647
540
428
318
212
114
27
-49
-114
-170
-218
-260
-299
-336
-374
-413
-455
-497
-540
-580
-617
-648
-670
-682
-682
-669
-645
-609
-564
-513
-457
-401
-348
-300
-259
-228
-208
-197
-196
-203
-217
-234
-253
-271
-286
-298
-304
-305
-301
-291
-277
-258
-235
-209
-179
-147
-112
-75
-35
4
46
86
125
161
192
216
233
242
241
231
211
182
146
105
60
14
-29
-69
-102
-126
-138
-138
-122
-91
-43
20
100
196
306
428
560
698
838
978
1111
1234
1343
1433
1501
1545
1562
1551
1511
1444
1349
1230
1088
927
750
563
369
174
-17
-202
-375
-533
-674
