-84
-41
1
45
86
126
161
193
219
239
254
263
265
262
253
239
221
198
171
142
111
79
47
15
-15
-43
-68
-91
-109
-122
-131
-135
-133
-126
-114
-97
-75
-50
-23
4
32
58
80
95
102
100
88
63
27
-19
-76
-142
-214
-290
-368
-443
-513
-575
-626
-664
-687
-693
-683
-657
-617
-564
-502
-434
-363
-293
-226
-164
-111
-66
-29
-2
18
33
43
51
60
70
84
103
128
160
199
245
298
356
419
484
550
615
677
733
783
823
853
871
875
866
842
805
754
691
616
531
438
339
235
129
22
-82
-183
-279
-369
-450
-521
-583
-634
-673
-700
-717
-722
-717
-703
-681
-651
-616
-576
-532
-486
-438
-388
-337
-286
-234
-183
-133
-84
-37
6
47
85
118
146
168
185
195
199
197
188
175
157
136
113
89
68
49
35
26
23
27
37
53
75
99
127
154
181
205
225
240
250
252
248
238
221
200
174
144
113
81
49
19
-9
-36
-59
-80
-97
-112
-125
-135
-144
-151
-156
-159
-161
-161
-159
-154
-147
-137
-124
-108
-89
-68
-43
-16
11
41
71
100
129
155
179
200
218
232
242
248
251
250
246
239
229
217
202
185
167
147
126
104
80
56
31
5
-19
-44
-68
-89
-108
-124
-136
-143
-145
-142
-134
-121
-104
-82
-58
-33
-7
16
36
52
63
66
61
50
31
5
-23
-56
-89
-121
-148
-170
-183
-188
-183
-169
-146
-115
-79
-40
0
38
71
98
115
121
117
100
72
35
-10
-61
-116
-172
-226
-277
-322
-359
-387
-406
-415
-413
-402
-380
-350
-311
-266
-215
-161
-105
-48
6
58
106
148
184
213
235
249
256
255
248
235
216
193
166
136
105
73
41
8
-22
-52
-81
-109
-135
-159
-181
-200
-216
-229
-239
-244
-246
-244
-238
-228
-213
-195
-172
-145
-113
-76
-34
11
61
115
171
227
283
337
386
430
466
494
513
523
523
515
500
480
456
430
405
381
360
344
333
327
325
327
331
336
339
340
337
327
311
288
256
217
170
116
56
-7
-74
-143
-212
-279
-343
-401
-452
-495
-529
-552
-564
-565
-556
-536
-507
-469
-425
-375
-322
-267
-212
-159
-111
-67
-31
-3
16
27
30
25
13
-3
-24
-48
-73
-97
-119
-138
-153
-164
-169
-170
-167
-160
-149
-136
-121
-105
-86
-66
-44
-20
6
36
68
104
143
184
227
272
317
361
404
443
479
509
532
547
554
552
539
518
486
446
398
343
284
220
155
90
27
-31
-85
-131
-168
-196
-213
-220
-216
-203
-181
-152
-119
-82
-45
-8
24
52
74
88
95
93
82
63
36
3
-35
-77
-122
-168
-213
-255
-294
-329
-358
-381
-399
-410
-416
-417
-413
-406
-394
-380
-364
-345
-326
-305
-283
-261
-237
-212
-186
-158
-129
-99
-69
-40
-13
10
30
43
48
45
33
12
-18
-55
-100
-148
-199
-250
-298
-340
-375
-400
-416
-420
-413
-396
-369
-335
-294
-248
-200
-149
-98
-48
1
49
95
140
183
224
261
296
326
351
371
385
392
391
383
367
345
317
284
248
210
173
137
105
78
58
46
41
45
57
76
102
133
167
204
242
278
310
338
359
372
376
370
353
326
289
242
188
128
65
1
-61
-120
-172
-215
-249
-271
-282
-281
-271
-252
-227
-199
-169
-142
-118
-100
-89
-85
-89
-98
-112
-129
-147
-164
-178
-187
-190
-187
-176
-159
-136
-108
-76
-42
-8
25
56
82
104
119
129
133
132
126
118
108
97
88
81
77
77
82
91
106
125
148
175
205
236
266
295
321
341
356
363
361
351
332
305
270
230
184
136
86
36
-11
-55
-94
-126
-150
-165
-172
-168
-156
-135
-107
-74
-38
-1
34
68
98
122
140
153
160
161
159
153
146
137
127
118
110
102
96
91
87
84
81
78
75
73
69
66
63
60
56
53
50
47
43
39
34
29
23
15
7
-2
-12
-24
-36
-49
-63
-78
-94
-112
-131
-152
-175
-200
-225
-252
-279
-306
-332
-356
-378
-397
-412
-423
-429
-432
-429
-423
-412
-398
-381
-361
-340
-318
-294
-271
-247
-223
-199
-175
-150
-125
-99
-72
-45
-17
11
39
66
93
119
142
164
182
198
209
217
221
220
214
203
188
169
145
118
88
56
23
-11
-45
-79
-111
-141
-169
-194
-215
-231
-243
-249
-248
-241
-227
-205
-176
-138
-94
-42
14
76
140
206
271
334
392
443
485
517
538
546
542
525
496
456
407
350
286
219
151
83
17
-43
-99
-148
-189
-221
-246
-262
-270
-272
-267
-258
-244
-227
-209
-190
-172
-154
-139
-126
-116
-109
-105
-105
-107
-111
-117
-125
-133
-141
-148
-153
-156
-157
-155
-150
-142
-131
-118
-103
-87
-71
-55
-40
-27
-15
-5
3
10
16
21
27
33
40
49
60
72
87
103
120
137
155
171
186
199
210
219
225
229
230
231
230
229
227
226
225
224
224
224
224
224
223
220
216
208
198
184
167
147
124
99
72
44
16
-11
-37
-61
-84
-103
-118
-129
-136
-137
-133
-122
-105
-83
-56
-25
7
42
77
109
139
163
183
196
202
202
196
183
166
145
121
94
66
38
10
-15
-41
-65
-87
-108
-127
-145
-163
-180
-196
-212
-228
-244
-259
-274
-288
-302
-314
-326
-335
-342
-347
-348
-345
-338
-327
-311
-290
-264
-234
-201
-165
-128
-91
-55
-22
7
32
53
68
77
82
81
76
67
56
43
29
15
3
-6
-12
-15
-12
-5
7
26
50
79
111
147
184
221
256
288
314
333
344
347
340
324
300
268
231
189
144
98
53
10
-28
-62
-91
-113
-130
-142
-148
-151
-150
-148
-144
-141
-138
-136
-136
-138
-142
-146
-152
-157
-162
-165
-166
-164
-159
-150
-138
-122
-104
-83
-60
-37
-13
8
28
45
58
68
74
76
75
70
64
57
49
42
35
30
26
24
24
25
27
30
33
37
41
45
49
53
57
61
66
71
75
80
83
86
86
85
80
73
62
49
32
12
-9
-33
-58
-84
-108
-132
-152
-169
-182
-190
-191
-187
-176
-159
-136
-109
-79
-45
-11
22
55
85
110
130
144
151
152
145
132
114
90
64
36
8
-18
-41
-60
-73
-79
-79
-72
-58
-38
-14
14
45
78
110
141
169
194
213
227
234
236
231
222
208
191
173
154
135
118
102
89
78
69
61
54
47
40
32
24
15
6
-1
-7
-12
-13
-10
-3
8
24
45
69
96
123
150
175
195
210
218
218
210
193
168
135
96
51
2
-49
-103
-156
-208
-257
-302
-343
-377
-405
-426
-440
-446
-446
-438
-424
-402
-374
-340
-300
-255
-206
-154
-101
-47
4
54
100
142
180
212
238
258
272
281
283
279
269
252
230
201
167
128
85
38
-10
-61
-111
-161
-209
-253
-292
-326
-353
-372
-383
-384
-376
-359
-332
-297
-255
-206
-154
-98
-42
12
64
113
158
197
230
258
280
296
308
315
320
322
324
327
330
336
343
352
363
373
381
386
386
378
363
339
305
263
213
157
96
33
-29
-89
-144
-192
-231
-260
-278
-286
-283
-270
-250
-222
-191
-157
-123
-91
-63
-40
-25
-18
-19
-28
-46
-70
-101
-135
-172
-210
-247
-281
-312
-338
-359
-375
-386
-393
-396
-396
-395
-391
-387
-381
-374
-365
-353
-339
-320
-296
-266
-230
-188
-141
-89
-34
22
79
133
184
229
267
297
319
333
338
336
327
313
295
273
250
227
204
183
164
148
135
125
118
114
112
111
111
110
109
107
103
99
95
90
87
85
85
87
92
100
110
122
135
148
159
167
172
171
165
153
135
113
88
62
37
16
0
-10
-13
-10
-1
10
23
35
42
43
37
24
2
-27
-62
-102
-145
-188
-229
-266
-296
-317
-329
-331
-321
-302
-273
-236
-194
-147
-99
-50
-4
39
78
112
140
163
181
195
204
211
215
218
220
221
221
221
220
217
212
203
191
174
151
124
93
58
20
-17
-54
-89
-119
-144
-162
-173
-177
-175
-167
-155
-141
-128
-117
-110
-110
-118
-135
-161
-197
-240
-289
-343
-398
-452
-503
-547
-583
-608
-621
-621
-608
-583
-545
-497
-440
-376
-307
-234
-160
-86
-13
58
127
194
259
322
383
442
500
556
609
659
705
746
780
808
826
836
835
825
805
777
742
700
655
607
557
508
460
412
365
318
271
221
169
113
52
-12
-82
-156
-232
-310
-387
-462
-533
-598
-656
-705
-744
-773
-792
-801
-801
-791
-775
-751
-722
-688
-651
-611
-569
-526
-480
-434
-386
-338
-289
-239
-191
-143
-97
-53
-12
25
60
92
121
146
169
190
208
224
237
249
258
265
270
273
274
273
270
265
259
252
244
235
225
215
205
196
188
181
175
172
171
172
176
182
190
199
210
220
230
238
244
246
244
237
225
208
185
158
126
91
54
15
-23
-61
-96
-129
-157
-180
-197
-209
-214
-213
-206
-194
-178
-158
-137
-114
-92
-71
-53
-37
-25
-16
-10
-6
-4
-3
-3
-3
-2
-2
-1
0
0
0
-2
-6
-11
-19
-29
-41
-55
-71
-86
-102
-115
-126
-133
-136
-132
-122
-105
-82
-52
-18
20
61
104
145
184
219
249
272
287
295
295
287
273
252
225
195
161
125
87
48
10
-27
-63
-97
-128
-155
-178
-195
-206
-209
-205
-194
-175
-149
-118
-82
-45
-7
28
59
85
103
113
112
103
84
58
27
-7
-42
-76
-104
-125
-138
-141
-133
-116
-89
-54
-14
29
74
119
161
199
230
256
274
285
289
287
279
265
248
228
205
181
155
127
98
68
35
0
-36
-75
-116
-158
-201
-244
-285
-323
-357
-386
-409
-427
-437
-441
-438
-429
-415
-395
-372
-345
-316
-285
-252
-218
-184
-149
-113
-77
-41
-5
30
64
96
125
151
174
193
207
217
223
226
225
223
218
213
207
202
197
193
191
190
190
192
194
197
199
200
198
194
186
174
157
136
110
80
47
11
-26
-63
-100
-135
-166
-193
-215
-231
-241
-246
-245
-239
-230
-218
-205
-193
-183
-175
-171
-173
-180
-192
-209
-230
-253
-278
-302
-324
-342
-353
-358
-353
-340
-317
-286
-247
-200
-148
-93
-35
23
80
135
187
234
275
310
339
362
378
388
392
390
384
374
360
342
322
298
273
246
217
188
160
133
108
86
68
54
45
42
43
48
58
71
85
100
114
126
134
138
136
128
114
95
71
44
15
-13
-40
-63
-81
-93
-98
-95
-86
-72
-52
-28
-3
22
48
70
90
105
115
119
119
114
104
91
74
55
35
14
-6
-26
-45
-63
-80
-96
-111
-125
-138
-151
-165
-177
-190
-201
-211
