-245
-271
-295
-313
-324
-326
-319
-302
-276
-242
-200
-152
-100
-44
12
71
129
187
244
299
353
405
455
504
550
594
633
669
699
723
741
751
753
747
733
710
679
640
594
541
483
421
356
289
222
156
92
32
-23
-74
-119
-159
-193
-221
-244
-262
-276
-287
-295
-302
-308
-313
-318
-323
-330
-336
-344
-352
-359
-367
-373
-377
-380
-380
-376
-369
-358
-343
-323
-298
-269
-236
-198
-158
-115
-72
-28
13
52
87
117
140
156
165
166
160
147
128
105
78
49
21
-6
-30
-50
-63
-69
-67
-56
-37
-10
22
60
101
142
181
216
246
268
282
289
287
279
265
246
225
202
179
157
136
117
100
84
69
54
39
23
7
-9
-26
-42
-58
-72
-83
-90
-94
-92
-86
-75
-60
-42
-21
1
24
47
70
90
108
124
138
151
162
173
184
194
204
213
219
223
222
215
200
178
147
108
60
6
-53
-116
-180
-243
-303
-357
-404
-441
-468
-484
-488
-481
-464
-437
-403
-361
-316
-267
-218
-169
-123
-80
-41
-7
21
45
66
84
101
117
133
151
170
192
216
241
266
290
311
327
336
336
326
304
269
223
165
97
19
-65
-155
-248
-341
-432
-517
-596
-666
-724
-769
-801
-819
-822
-811
-786
-748
-698
-639
-572
-498
-420
-339
-257
-175
-94
-13
65
143
222
301
383
467
555
647
743
842
942
1043
1141
1234
1319
1392
1450
1489
1506
1500
1468
1410
1325
1216
1084
932
763
583
394
201
10
-174
-350
-511
-656
-780
-882
-961
-1016
-1047
-1054
-1040
-1006
-953
-886
-805
-714
-615
-512
-407
-302
-199
-101
-10
72
145
208
257
294
316
325
320
302
273
233
186
133
77
20
-34
-86
-133
-173
-206
-232
-249
-260
-264
-262
-255
-245
-234
-222
-211
-204
-202
-206
-217
-237
-267
-307
-357
-417
-488
-568
-656
-750
-849
-950
-1051
-1146
-1234
-1309
-1368
-1408
-1423
-1412
-1372
-1302
-1200
-1068
-906
-717
-504
-271
-22
235
498
760
1015
1259
1485
1690
1871
2023
2145
2235
2292
2317
2310
2273
2206
2114
1997
1860
1706
1537
1358
1171
979
785
592
401
215
35
-135
-298
-450
-591
-719
-835
-937
-1026
-1100
-1159
-1203
-1233
-1248
-1248
-1235
-1207
-1167
-1115
-1051
-979
-898
-813
-723
-633
-543
-457
-376
-302
-236
-179
-132
-93
-64
-41
-26
-16
-11
-9
-9
-11
-14
-18
-22
-27
-32
-37
-43
-47
-50
-51
-48
-41
-29
-11
13
43
79
120
163
206
247
284
313
333
341
336
319
290
250
201
146
89
33
-18
-63
-97
-119
-128
-124
-106
-76
-36
11
64
120
176
230
279
321
356
382
400
410
412
408
399
387
372
356
341
325
311
297
283
270
257
244
230
216
201
187
173
159
147
137
128
122
117
115
113
113
113
113
112
110
105
97
86
71
53
31
6
-21
-51
-82
-113
-144
-174
-203
-229
-253
-274
-292
-306
-317
-323
-325
-322
-314
-300
-281
-256
-227
-193
-156
-116
-74
-32
8
47
83
114
139
157
169
173
170
161
146
127
105
81
57
35
14
-4
-20
-34
-46
-56
-66
-77
-89
-102
-118
-135
-154
-175
-194
-213
-229
-240
-246
-245
-238
-224
-203
-177
-147
-114
-79
-45
-12
17
43
65
83
95
103
106
105
98
88
72
52
27
-2
-38
-78
-122
-170
-221
-273
-326
-376
-423
-465
-499
-523
-535
-535
-520
-490
-445
-385
-311
-225
-128
-24
84
195
305
413
514
606
689
759
816
857
883
892
885
859
816
756
680
589
484
368
245
116
-12
-139
-260
-371
-469
-551
-615
-661
-687
-694
-683
-655
-612
-556
-491
-419
-343
-266
-189
-117
-49
11
63
108
143
171
190
201
205
203
196
183
167
147
124
99
73
47
22
0
-21
-39
-54
-66
-74
-80
-84
-86
-88
-90
-92
-96
-100
-106
-113
-121
-129
-136
-142
-147
-150
-150
-147
-140
-129
-114
-95
-72
-45
-15
18
53
90
128
166
203
237
269
296
319
336
347
352
351
343
330
312
289
264
237
209
181
154
130
108
90
75
63
55
50
47
45
45
45
45
43
41
37
31
23
13
1
-12
-28
-45
-64
-83
-103
-123
-141
-159
-176
-191
-205
-218
-231
-243
-256
-270
-285
-301
-318
-335
-352
-367
-378
-385
-386
-379
-364
-339
-305
-261
-210
-150
-86
-19
48
114
174
228
272
305
326
335
333
320
300
273
243
213
184
160
141
130
126
130
140
156
175
197
219
238
254
266
271
269
260
245
223
196
165
130
92
54
15
-22
-58
-93
-124
-151
-174
-192
-204
-209
-209
-202
-190
-172
-149
-123
-95
-65
-36
-8
16
38
54
66
71
70
63
51
33
12
-11
-36
-62
-86
-108
-127
-142
-151
-156
-155
-148
-137
-121
-101
-78
-54
-28
-1
25
51
76
100
123
144
164
182
197
210
219
225
226
221
209
191
166
134
95
49
0
-53
-109
-165
-220
-271
-317
-357
-389
-413
-427
-433
-429
-417
-398
-373
-343
-310
-275
-241
-207
-174
-144
-116
-90
-66
-42
-20
2
25
48
73
98
123
149
174
199
222
243
262
278
291
300
307
312
315
316
317
317
316
315
312
307
299
287
269
245
214
175
129
77
19
-42
-107
-171
-233
-289
-339
-379
-408
-425
-428
-418
-394
-359
-312
-257
-195
-129
-61
5
68
125
175
214
242
258
260
248
224
187
140
85
23
-39
-103
-163
-216
-261
-294
-316
-324
-318
-301
-272
-233
-186
-133
-76
-17
41
98
153
203
248
287
320
346
364
377
382
380
373
359
340
316
289
258
225
192
158
125
94
64
36
10
-14
-36
-57
-77
-95
-110
-124
-135
-142
-147
-147
-144
-138
-130
-119
-106
-93
-81
-68
-57
-47
-39
-32
-27
-22
-18
-13
-9
-4
0
5
11
15
17
16
12
2
-12
-34
-61
-95
-133
-176
-221
-267
-313
-357
-397
-433
-462
-483
-497
-503
-500
-488
-467
-438
-399
-353
-298
-236
-168
-93
-15
65
148
230
309
385
454
516
568
610
641
660
668
664
650
626
594
554
510
461
410
357
304
251
199
149
103
59
20
-14
-43
-67
-86
-98
-104
-105
-99
-88
-72
-54
-32
-10
10
29
43
52
54
48
34
13
-15
-49
-87
-126
-166
-203
-235
-262
-281
-293
-298
-296
-289
-277
-262
-247
-234
-224
-219
-220
-227
-240
-260
-285
-313
-342
-370
-395
-413
-422
-421
-407
-380
-338
-283
-215
-135
-45
52
156
263
371
476
576
667
746
812
860
890
900
890
859
809
741
658
561
455
343
227
111
-2
-112
-216
-312
-400
-477
-543
-598
-640
-669
-685
-687
-676
-652
-617
-570
-513
-448
-376
-299
-218
-136
-54
25
102
173
238
294
340
375
397
406
402
383
350
303
244
174
96
11
-77
-165
-250
-327
-394
-446
-483
-501
-501
-482
-446
-395
-331
-259
-180
-99
-19
57
127
190
244
289
325
352
370
381
385
382
372
357
336
308
274
234
187
134
75
11
-54
-123
-192
-258
-320
-376
-424
-462
-489
-503
-504
-491
-464
-422
-366
-297
-216
-125
-25
78
186
292
394
488
571
640
694
730
748
748
729
693
642
578
502
419
330
240
151
65
-12
-83
-144
-194
-234
-264
-283
-294
-296
-293
-284
-272
-258
-243
-228
-215
-205
-198
-196
-198
-204
-215
-230
-247
-266
-286
-305
-321
-335
-344
-348
-346
-337
-322
-301
-273
-239
-201
-158
-111
-61
-9
43
96
148
199
248
293
334
370
400
425
442
453
456
453
443
427
405
379
350
319
287
255
225
198
175
155
141
131
126
124
126
130
135
140
144
147
147
145
140
132
123
111
98
85
73
60
48
37
26
15
3
-9
-23
-40
-59
-80
-103
-128
-153
-179
-203
-225
-243
-258
-267
-271
-270
-263
-251
-235
-214
-191
-164
-136
-107
-77
-48
-20
4
27
46
60
69
72
68
58
43
22
-3
-32
-63
-95
-126
-154
-179
-198
-211
-217
-216
-207
-191
-168
-140
-108
-74
-39
-5
26
54
76
93
104
108
106
99
88
72
55
36
18
1
-11
-21
-27
-28
-24
-17
-6
6
20
34
45
53
56
53
44
27
4
-25
-60
-100
-142
-184
-224
-260
-289
-309
-319
-316
-300
-270
-226
-171
-106
-32
46
126
205
279
345
399
440
465
475
467
444
407
358
300
235
167
100
36
-21
-72
-112
-143
-162
-172
-173
-166
-153
-136
-117
-98
-81
-66
-56
-50
-49
-52
-59
-67
-77
-86
-93
-98
-99
-96
-89
-79
-67
-53
-40
-28
-19
-13
-12
-15
-22
-31
-43
-54
-64
-72
-75
-74
-68
-57
-42
-23
-4
15
33
47
56
60
57
49
37
20
1
-17
-35
-50
-61
-68
-69
-65
-57
-46
-32
-18
-4
7
16
20
19
13
2
-13
-32
-54
-77
-101
-122
-141
-157
-168
-174
-176
-173
-167
-156
-143
-127
-110
-92
-73
-53
-33
-12
10
33
58
85
114
145
177
209
240
269
296
318
334
345
348
345
334
318
295
268
237
205
171
139
108
81
59
41
28
20
17
17
21
27
34
43
52
62
71
80
88
95
101
104
105
103
98
88
75
58
36
11
-18
-51
-87
-127
-169
-213
-259
-305
-350
-394
-433
-467
-493
-511
-518
-514
-498
-469
-429
-378
-319
-252
-182
-109
-37
30
93
148
195
232
259
278
288
292
291
286
281
276
272
272
274
280
288
299
310
320
327
331
330
322
307
284
254
216
172
123
71
17
-35
-85
-130
-168
-199
-221
-233
-236
-231
-217
-196
-170
-139
-104
-69
-33
1
34
64
90
112
129
140
146
146
141
129
112
90
62
29
-7
-47
-89
-132
-175
-215
-252
-283
-307
-323
-329
-324
-309
-284
-249
-206
-155
-101
-44
12
66
115
156
188
208
215
209
190
158
115
62
3
-59
-122
-181
-233
-273
-299
-308
-299
-272
-226
-165
-91
-6
82
172
258
336
400
448
476
484
470
434
378
304
215
115
8
-99
-204
-301
-385
-453
-501
-529
-534
-517
-480
-425
-356
-275
-189
-100
-14
65
134
189
229
252
256
243
214
169
114
49
-19
-90
-158
-220
-273
-316
-345
-361
-362
-350
-325
-288
-241
-187
-127
-64
0
63
124
182
236
285
329
368
402
432
458
481
499
515
525
531
531
525
510
487
456
415
365
307
242
171
96
20
-54
-126
-192
-249
-297
-333
-357
-367
-366
-352
-329
-297
-260
-219
-177
-135
-96
-61
-31
-7
10
21
27
28
25
19
12
6
0
-1
-1
3
11
22
36
51
66
81
93
103
109
110
108
102
92
79
63
45
25
4
-16
-39
-61
-83
-104
-124
-143
-159
-173
-184
-191
-193
-189
-180
-165
-144
-117
-84
-46
-5
38
83
128
172
211
246
