-124
-103
-81
-59
-39
-21
-6
5
13
16
16
12
5
-2
-11
-19
-24
-26
-23
-14
1
24
54
91
134
181
233
286
340
393
443
490
533
570
601
624
639
646
643
630
608
575
532
481
421
355
284
211
136
62
-8
-75
-136
-190
-236
-273
-303
-323
-336
-342
-341
-335
-325
-312
-296
-278
-260
-241
-221
-203
-184
-167
-151
-136
-123
-112
-103
-96
-90
-87
-84
-84
-83
-84
-84
-84
-83
-81
-78
-73
-68
-62
-56
-49
-42
-36
-30
-26
-22
-20
-20
-20
-22
-25
-27
-30
-31
-32
-30
-27
-21
-12
-2
9
23
38
54
69
84
98
110
119
126
131
132
131
127
120
111
100
87
73
56
38
17
-3
-26
-50
-75
-99
-122
-144
-162
-178
-189
-195
-197
-193
-184
-170
-151
-129
-103
-75
-45
-16
12
39
63
83
98
109
114
114
108
98
84
67
47
26
5
-14
-33
-48
-61
-70
-76
-77
-76
-72
-66
-57
-48
-38
-27
-16
-5
4
14
23
32
38
44
47
47
43
36
24
8
-12
-37
-66
-98
-131
-163
-195
-222
-246
-263
-272
-275
-269
-256
-235
-209
-178
-143
-107
-71
-37
-5
22
45
63
76
83
86
84
78
70
60
49
38
28
20
14
13
15
23
36
55
80
111
148
192
240
292
347
402
456
506
549
584
607
617
613
593
557
505
438
356
263
161
51
-61
-174
-285
-389
-483
-565
-632
-682
-714
-728
-723
-700
-662
-609
-545
-472
-393
-311
-229
-148
-72
-1
64
122
173
217
254
285
309
328
341
348
350
348
340
329
314
296
275
252
229
206
184
163
145
130
118
109
103
99
96
94
92
90
87
83
78
72
65
57
49
41
34
27
20
14
8
2
-4
-12
-22
-33
-47
-61
-78
-95
-113
-131
-148
-165
-180
-194
-206
-216
-225
-232
-239
-245
-249
-254
-258
-261
-265
-268
-270
-272
-273
-271
-268
-261
-251
-236
-215
-189
-157
-120
-77
-29
22
77
134
191
248
303
355
404
447
486
518
545
565
580
589
593
592
586
577
563
546
526
502
475
444
410
371
329
283
232
177
119
56
-9
-77
-147
-218
-288
-358
-424
-487
-545
-598
-645
-684
-716
-740
-757
-765
-765
-758
-743
-722
-694
-660
-622
-580
-534
-487
-438
-388
-339
-290
-242
-195
-149
-106
-64
-25
11
45
77
107
135
161
185
208
230
250
270
288
305
320
333
344
353
360
365
369
372
374
376
379
382
385
389
392
394
392
387
375
357
331
296
251
197
135
65
-9
-87
-165
-242
-313
-377
-430
-472
-501
-516
-517
-505
-480
-445
-400
-348
-289
-227
-162
-97
-32
31
92
149
202
250
293
329
359
382
397
404
404
396
380
356
327
291
250
205
156
107
56
7
-40
-83
-123
-156
-183
-203
-216
-222
-222
-217
-207
-194
-179
-163
-148
-135
-123
-114
-107
-102
-99
-97
-97
-97
-98
-99
-101
-103
-106
-110
-116
-124
-135
-149
-166
-187
-212
-239
-270
-302
-336
-371
-406
-440
-473
-503
-530
-554
-573
-587
-593
-593
-584
-565
-536
-496
-446
-385
-314
-234
-147
-54
41
138
234
327
415
495
567
630
683
725
758
782
797
806
809
808
803
797
789
780
772
764
757
750
745
741
739
738
737
737
737
736
731
723
708
686
655
614
562
500
427
345
255
156
52
-56
-169
-285
-401
-518
-635
-749
-860
-968
-1069
-1164
-1249
-1324
-1386
-1433
-1463
-1475
-1466
-1436
-1384
-1309
-1212
-1094
-957
-803
-635
-456
-271
-83
101
278
444
593
723
829
910
964
992
994
973
933
878
812
742
670
603
544
495
458
433
419
413
412
413
410
401
381
347
299
237
161
75
-16
-111
-203
-289
-363
-424
-468
-494
-502
-494
-471
-435
-390
-337
-280
-221
-164
-109
-58
-12
29
66
99
129
158
185
211
237
262
286
306
321
331
333
327
312
287
253
211
163
110
55
0
-52
-101
-143
-177
-203
-220
-228
-228
-222
-211
-198
-184
-172
-163
-158
-158
-163
-172
-184
-197
-208
-216
-219
-216
-204
-184
-156
-120
-76
-28
24
78
133
186
234
277
313
341
359
367
365
354
333
304
267
224
176
125
72
18
-34
-86
-135
-182
-225
-264
-298
-329
-356
-380
-401
-418
-433
-446
-456
-462
-465
-464
-458
-446
-429
-405
-374
-338
-296
-249
-198
-145
-91
-37
15
65
111
153
189
218
240
255
261
259
249
230
204
172
135
94
52
11
-26
-59
-84
-100
-106
-101
-87
-63
-33
2
39
76
109
137
157
167
167
156
134
102
60
10
-44
-104
-167
-230
-292
-350
-404
-452
-491
-523
-544
-556
-556
-546
-525
-494
-453
-402
-343
-277
-205
-128
-48
33
115
196
273
347
415
476
530
576
613
640
657
664
660
647
623
591
549
501
446
386
322
257
191
126
64
4
-50
-100
-145
-185
-220
-251
-277
-299
-316
-331
-341
-349
-352
-351
-346
-335
-319
-298
-270
-236
-197
-153
-106
-57
-8
39
82
120
150
170
180
178
165
141
107
65
18
-30
-79
-123
-161
-190
-207
-212
-204
-183
-151
-110
-61
-7
47
102
152
197
234
262
280
289
289
282
270
255
238
223
212
205
203
207
217
231
247
264
279
290
295
292
280
259
227
187
139
86
30
-26
-79
-126
-165
-193
-208
-211
-201
-178
-144
-102
-53
0
51
101
146
182
208
224
228
219
200
170
132
87
37
-15
-68
-119
-167
-208
-243
-269
-286
-293
-291
-280
-261
-235
-203
-167
-129
-90
-53
-17
15
43
68
89
105
119
130
138
145
151
156
160
163
166
166
165
162
156
147
134
118
98
74
47
18
-12
-44
-75
-103
-128
-148
-163
-172
-175
-174
-167
-158
-146
-135
-124
-117
-113
-114
-121
-133
-150
-172
-196
-222
-246
-267
-283
-291
-289
-277
-255
-222
-179
-129
-73
-14
44
100
151
195
229
253
266
268
262
247
227
203
179
158
140
129
126
133
148
172
203
240
280
320
358
390
414
427
427
413
386
345
291
226
153
75
-6
-87
-165
-237
-301
-356
-402
-436
-461
-477
-484
-485
-481
-473
-461
-448
-433
-416
-398
-379
-359
-337
-314
-290
-265
-239
-211
-183
-153
-121
-89
-55
-19
16
52
89
126
161
194
224
250
272
289
300
305
304
298
286
269
248
226
201
177
153
131
111
94
81
71
64
60
58
59
61
65
70
76
83
89
96
102
106
108
107
102
93
79
60
36
6
-28
-66
-107
-150
-192
-232
-269
-299
-321
-334
-337
-328
-307
-275
-232
-180
-121
-56
10
79
145
208
264
312
350
377
391
392
380
355
317
267
207
138
63
-15
-95
-172
-243
-306
-358
-397
-422
-431
-425
-404
-371
-326
-272
-212
-148
-82
-17
44
103
157
205
249
288
323
353
380
404
425
442
455
463
465
459
446
423
392
351
302
244
181
112
39
-35
-111
-185
-258
-326
-389
-445
-493
-532
-560
-578
-585
-581
-566
-542
-510
-470
-425
-376
-326
-275
-226
-181
-139
-103
-72
-49
-32
-21
-18
-20
-27
-38
-52
-67
-82
-96
-108
-116
-120
-119
-112
-101
-85
-65
-41
-13
18
51
87
123
160
196
231
264
294
321
345
364
379
391
398
402
402
400
396
391
386
381
376
374
373
374
376
379
381
381
377
368
352
328
295
252
200
139
71
-2
-80
-160
-240
-316
-386
-449
-501
-541
-568
-581
-580
-565
-538
-500
-454
-403
-351
-299
-251
-210
-178
-156
-146
-147
-159
-181
-210
-245
-282
-319
-352
-379
-396
-403
-397
-379
-349
-308
-257
-200
-140
-79
-21
30
74
108
131
142
142
133
115
93
68
43
21
5
-3
-2
8
29
61
103
154
212
278
347
420
493
565
632
693
746
788
818
835
838
828
804
769
725
673
616
557
498
440
387
338
294
254
219
186
154
122
87
47
2
-49
-107
-173
-244
-320
-399
-480
-561
-638
-711
-777
-834
-881
-917
-941
-953
-952
-938
-913
-876
-830
-774
-709
-638
-562
-481
-398
-314
-229
-145
-64
13
86
155
219
278
331
378
420
457
489
517
541
562
579
593
605
613
618
620
617
609
596
577
552
521
483
441
393
341
287
230
174
118
63
12
-36
-82
-123
-161
-195
-226
-252
-275
-293
-308
-319
-327
-330
-331
-329
-324
-318
-311
-303
-295
-287
-281
-277
-275
-275
-277
-283
-290
-300
-311
-322
-334
-343
-351
-354
-353
-345
-331
-311
-284
-251
-214
-174
-132
-91
-52
-18
10
32
46
52
50
43
30
15
0
-14
-24
-27
-22
-8
15
49
92
144
201
263
327
391
453
510
560
602
635
657
667
665
651
626
589
541
484
418
344
265
180
92
2
-87
-177
-263
-346
-422
-492
-553
-604
-644
-671
-685
-685
-671
-641
-596
-536
-462
-375
-277
-171
-59
54
167
275
375
464
538
597
638
661
667
656
629
590
539
480
414
345
274
204
135
70
9
-46
-96
-142
-183
-219
-250
-276
-298
-316
-329
-338
-343
-344
-341
-335
-326
-314
-299
-283
-265
-247
-228
-211
-194
-179
-165
-153
-144
-135
-128
-122
-116
-110
-103
-95
-85
-73
-59
-42
-23
-2
21
47
76
107
141
177
216
257
303
351
403
458
516
575
635
693
749
800
845
879
903
914
911
893
860
812
749
674
587
490
384
271
154
32
-92
-217
-343
-467
-588
-705
-816
-920
-1014
-1098
-1170
-1230
-1277
-1310
-1330
-1336
-1329
-1310
-1279
-1237
-1185
-1124
-1053
-976
-891
-799
-702
-598
-490
-377
-259
-138
-13
112
240
366
490
610
724
829
925
1008
1077
1130
1166
1185
1184
1165
1128
1075
1006
925
834
737
636
535
437
344
258
181
113
56
7
-33
-67
-97
-125
-154
-186
-222
-263
-310
-363
-419
-477
-535
-589
-636
-673
-695
-702
-690
-658
-606
-534
-443
-337
-217
-88
44
177
305
422
525
609
671
708
718
703
661
597
513
413
303
187
72
-37
-138
-226
-298
-353
-392
-414
-423
-421
-410
-393
-373
-352
-331
-313
-297
-283
-270
-259
-247
-235
-220
-202
-180
-155
-126
-94
-59
-21
16
56
95
134
171
206
238
266
290
309
323
332
335
334
327
316
301
283
262
240
216
194
172
154
140
131
128
132
143
160
182
208
235
262
286
303
314
314
304
282
248
205
152
92
29
-36
-100
-160
-214
-259
-294
-318
-331
-333
-324
-307
-283
-253
-221
-188
-155
-124
-97
-73
-54
-40
-30
-24
-23
-26
-34
-46
-62
-83
-109
-139
-173
-210
-249
-289
-328
-364
-398
-425
-447
-461
-467
-464
-452
-432
-403
-367
-324
-276
-223
-166
-108
-50
5
58
106
147
182
209
229
242
250
254
257
259
263
270
281
296
316
340
368
399
431
464
495
