72
56
38
20
1
-18
-38
-58
-77
-95
-111
-126
-139
-150
-159
-166
-170
-173
-173
-171
-168
-162
-155
-146
-136
-125
-113
-101
-88
-75
-61
-48
-35
-21
-8
4
17
29
41
53
63
72
80
87
91
94
94
93
89
83
75
65
55
44
32
21
11
2
-5
-11
-16
-18
-19
-19
-17
-14
-10
-6
-3
0
1
0
0
-4
-10
-17
-24
-33
-40
-46
-51
-53
-52
-48
-41
-33
-23
-12
-1
8
16
22
25
26
24
20
15
10
5
3
2
6
13
24
40
59
81
106
133
159
185
209
230
247
260
268
270
266
257
242
221
195
164
130
91
50
8
-35
-79
-122
-163
-203
-240
-275
-306
-334
-358
-379
-395
-406
-413
-415
-413
-406
-394
-379
-359
-336
-310
-282
-253
-223
-193
-164
-137
-111
-87
-65
-45
-26
-9
8
24
40
57
72
87
101
113
124
131
136
137
134
128
118
104
89
71
52
34
16
2
-8
-14
-14
-8
4
23
47
77
110
145
181
215
247
275
297
313
322
325
320
309
292
271
245
218
189
160
133
107
85
66
51
41
33
30
29
30
32
34
37
38
38
35
30
22
11
-2
-20
-41
-65
-91
-120
-151
-183
-214
-245
-273
-298
-319
-333
-342
-343
-336
-323
-303
-277
-247
-214
-180
-145
-112
-80
-52
-27
-5
12
27
39
48
54
59
63
66
69
73
78
85
94
107
122
141
161
183
206
228
248
265
277
284
283
275
259
236
205
168
127
83
38
-5
-48
-86
-118
-145
-165
-177
-183
-181
-173
-159
-139
-115
-87
-56
-23
10
42
73
100
122
138
147
147
139
121
95
61
19
-26
-75
-126
-175
-221
-261
-294
-318
-333
-338
-333
-319
-296
-268
-235
-199
-163
-129
-98
-71
-51
-37
-29
-27
-29
-34
-40
-45
-47
-43
-33
-15
9
42
81
126
174
223
272
317
359
394
423
443
455
459
454
443
425
401
374
343
311
279
248
217
188
161
134
107
79
50
17
-18
-59
-103
-152
-203
-256
-308
-358
-403
-441
-470
-488
-496
-491
-474
-446
-408
-362
-310
-255
-199
-146
-96
-53
-17
10
29
39
40
34
21
3
-18
-44
-70
-98
-125
-150
-174
-196
-216
-233
-247
-259
-269
-277
-282
-284
-284
-281
-273
-261
-244
-221
-191
-154
-111
-61
-5
55
118
183
248
310
368
419
463
497
520
533
535
526
508
482
448
410
368
325
283
243
206
174
147
125
108
96
88
84
81
80
79
78
76
72
67
60
52
44
35
26
18
10
4
-1
-5
-9
-12
-14
-16
-18
-20
-22
-25
-27
-29
-30
-32
-33
-33
-34
-34
-35
-36
-38
-42
-47
-54
-64
-75
-88
-101
-114
-125
-134
-139
-140
-135
-125
-110
-90
-65
-38
-8
22
53
82
108
132
152
168
180
189
194
196
197
195
193
190
187
184
180
176
172
166
158
147
133
116
96
71
44
13
-19
-54
-91
-127
-163
-198
-231
-260
-286
-308
-326
-340
-349
-354
-355
-354
-350
-344
-337
-329
-320
-310
-300
-287
-273
-255
-233
-207
-176
-138
-95
-47
5
61
119
177
232
284
329
365
392
409
415
411
397
376
348
317
283
249
216
186
159
137
118
102
90
79
70
61
52
42
31
18
5
-9
-24
-38
-52
-64
-74
-81
-85
-86
-83
-78
-70
-60
-50
-39
-31
-24
-22
-24
-32
-46
-66
-93
-125
-163
-204
-247
-290
-332
-372
-407
-437
-461
-479
-489
-492
-488
-477
-461
-440
-414
-386
-355
-323
-290
-257
-224
-191
-159
-127
-95
-63
-30
2
35
68
101
134
165
195
223
248
271
290
306
320
330
337
342
345
346
345
342
338
333
326
318
307
295
279
261
241
217
192
165
137
108
79
52
26
3
-16
-32
-45
-53
-58
-59
-57
-51
-43
-34
-23
-11
-1
8
17
23
27
28
28
25
21
16
11
7
3
1
0
0
1
2
2
1
-1
-7
-16
-30
-47
-67
-90
-115
-140
-163
-184
-200
-210
-214
-209
-197
-177
-150
-117
-78
-36
8
54
99
143
185
222
256
284
307
325
338
347
351
352
350
345
339
330
319
306
291
274
254
233
208
182
153
123
91
57
22
-14
-51
-90
-129
-169
-208
-247
-285
-321
-355
-384
-407
-424
-432
-431
-420
-399
-367
-324
-273
-215
-151
-85
-18
45
105
157
200
233
254
265
264
253
234
208
176
141
104
68
32
0
-30
-57
-80
-99
-114
-127
-136
-143
-149
-153
-156
-158
-159
-160
-160
-160
-159
-156
-152
-147
-139
-129
-117
-102
-84
-64
-42
-19
3
26
47
66
82
93
99
101
97
89
76
60
40
19
-2
-23
-43
-61
-76
-87
-96
-101
-105
-109
-112
-117
-125
-135
-148
-164
-182
-201
-220
-237
-252
-263
-269
-269
-262
-247
-226
-198
-164
-124
-81
-36
9
55
98
139
174
204
229
246
257
261
259
250
237
218
195
170
142
114
86
60
36
16
0
-12
-19
-22
-21
-16
-9
0
12
25
39
53
67
80
93
106
117
127
135
141
145
147
147
144
139
131
120
106
90
72
52
31
9
-13
-35
-58
-79
-100
-120
-139
-157
-174
-190
-204
-218
-229
-237
-243
-246
-244
-239
-230
-216
-198
-176
-150
-120
-88
-53
-17
20
58
97
135
172
207
240
269
295
315
330
337
337
328
311
285
251
209
160
107
50
-6
-62
-115
-161
-200
-229
-248
-255
-250
-234
-206
-170
-125
-75
-22
32
85
135
180
219
251
275
292
303
309
311
310
308
307
307
309
314
321
330
341
352
363
372
377
377
371
359
338
310
274
231
183
129
72
13
-46
-104
-160
-212
-259
-301
-338
-369
-393
-412
-425
-433
-436
-434
-429
-422
-411
-398
-383
-365
-346
-323
-298
-269
-236
-199
-157
-111
-60
-7
48
106
163
218
270
317
357
390
415
431
437
435
425
407
383
354
321
285
246
206
165
124
81
37
-6
-51
-97
-143
-189
-234
-277
-317
-353
-383
-408
-425
-434
-434
-426
-410
-386
-354
-315
-270
-220
-166
-108
-49
11
72
131
188
241
289
330
364
389
405
411
408
396
376
349
316
279
238
195
151
107
62
19
-22
-61
-98
-133
-163
-191
-214
-234
-251
-266
-280
-293
-306
-321
-337
-356
-378
-403
-430
-459
-488
-518
-547
-574
-596
-614
-625
-630
-627
-616
-597
-570
-537
-497
-453
-404
-352
-298
-242
-186
-129
-73
-17
36
88
137
183
225
261
293
318
338
351
357
358
353
343
330
314
296
278
262
249
239
235
237
245
260
282
309
339
372
405
434
458
474
479
472
451
416
366
302
225
138
44
-54
-153
-250
-340
-421
-489
-543
-580
-600
-602
-587
-557
-512
-456
-391
-321
-249
-177
-108
-46
7
52
87
111
127
134
135
130
123
114
105
97
92
89
90
94
101
111
122
133
144
153
160
164
164
160
153
143
130
116
101
86
73
62
53
48
47
49
55
64
76
90
106
123
141
158
175
190
203
214
221
225
225
221
212
199
180
157
129
96
59
19
-24
-69
-115
-162
-206
-249
-287
-321
-350
-373
-390
-401
-407
-406
-400
-390
-375
-356
-334
-309
-282
-252
-221
-188
-154
-118
-80
-42
-2
37
77
118
158
198
237
274
310
345
378
410
439
467
492
515
537
556
572
587
599
609
616
619
618
611
598
577
548
510
463
407
343
271
193
112
29
-53
-133
-208
-276
-335
-385
-425
-454
-472
-481
-481
-474
-462
-446
-429
-412
-396
-383
-373
-367
-364
-364
-365
-368
-369
-369
-366
-358
-347
-330
-308
-282
-251
-217
-180
-143
-105
-68
-33
-1
26
49
67
81
91
99
104
109
116
126
139
158
183
214
251
292
336
382
426
466
500
525
538
539
525
497
456
403
339
268
191
112
34
-40
-110
-173
-228
-274
-311
-339
-359
-371
-377
-378
-375
-369
-361
-351
-339
-327
-314
-299
-284
-267
-249
-230
-210
-189
-168
-147
-127
-107
-89
-73
-59
-47
-38
-32
-28
-26
-26
-27
-29
-31
-32
-31
-28
-22
-13
-2
12
28
47
68
89
111
133
154
174
193
211
226
240
251
260
267
270
271
269
264
256
246
233
219
204
189
173
159
145
133
124
116
112
109
109
109
110
110
108
104
96
83
66
42
13
-21
-61
-105
-152
-201
-250
-298
-342
-382
-416
-442
-462
-473
-477
-473
-463
-447
-427
-403
-376
-348
-319
-291
-262
-234
-207
-180
-153
-125
-97
-68
-37
-5
28
61
95
127
157
184
207
225
237
244
246
244
238
229
218
208
198
191
187
186
189
196
206
219
233
247
259
269
275
275
270
258
239
214
183
147
107
66
23
-18
-58
-94
-126
-152
-172
-185
-191
-189
-180
-164
-142
-116
-85
-53
-19
12
42
68
89
105
114
117
114
106
94
78
60
42
23
6
-8
-21
-32
-40
-47
-53
-58
-63
-70
-78
-87
-99
-112
-125
-139
-153
-164
-174
-180
-183
-181
-176
-166
-153
-137
-119
-99
-80
-61
-43
-28
-16
-6
1
6
10
13
17
23
30
40
52
68
86
105
125
145
163
178
189
195
195
190
178
161
140
114
86
58
29
3
-19
-38
-52
-60
-62
-60
-53
-41
-27
-12
4
19
33
45
53
57
57
52
43
29
12
-8
-31
-55
-79
-102
-124
-143
-158
-170
-177
-180
-178
-173
-164
-152
-137
-122
-105
-89
-72
-56
-40
-25
-9
7
24
43
64
87
112
138
165
192
219
243
265
283
296
304
306
302
292
276
256
232
205
177
148
121
95
72
53
38
26
19
15
13
12
12
11
8
3
-5
-18
-36
-58
-85
-115
-148
-184
-220
-256
-289
-320
-346
-367
-382
-391
-392
-387
-376
-360
-340
-318
-294
-271
-250
-232
-217
-207
-201
-199
-201
-205
-209
-214
-217
-218
-215
-207
-195
-177
-155
-127
-96
-60
-23
16
56
95
133
169
201
230
255
275
291
305
315
325
333
343
354
367
383
401
422
443
465
486
503
517
526
527
521
507
483
450
408
357
299
235
166
94
22
-50
-120
-187
-251
-310
-365
-415
-461
-502
-539
-572
-600
-624
-642
-654
-659
-657
-647
-628
-599
-561
-515
-459
-397
-328
-254
-177
-99
-23
50
119
180
234
278
313
336
349
352
345
328
301
266
222
170
110
42
-32
-112
-198
-286
-376
-464
-548
-626
-695
-751
-794
-820
-829
-820
-792
-746
-683
-604
-511
-406
-291
-169
-43
85
214
340
460
573
676
767
843
903
946
971
977
965
936
890
830
757
675
586
494
402
312
228
153
88
34
-7
-36
-55
-63
-62
-55
-44
-30
-16
-4
5
11
13
12
8
