-54
-80
-110
-143
-176
-209
-239
-265
-286
-300
-307
-306
-298
-284
-265
-241
-215
-188
-161
-136
-113
-94
-80
-71
-67
-69
-76
-88
-105
-126
-149
-174
-200
-225
-249
-271
-289
-302
-311
-312
-307
-292
-269
-236
-191
-137
-72
2
85
175
268
363
457
545
625
695
751
793
818
828
823
805
774
735
688
637
585
532
481
432
386
343
302
262
221
179
134
86
33
-22
-82
-143
-203
-261
-314
-360
-397
-423
-437
-438
-428
-405
-373
-333
-286
-236
-184
-134
-87
-46
-11
16
36
49
55
55
52
45
37
28
21
15
11
9
9
11
14
18
22
25
28
30
32
33
34
35
36
36
36
35
33
30
25
18
9
-3
-17
-35
-55
-77
-101
-125
-148
-170
-189
-203
-212
-215
-211
-200
-183
-160
-133
-104
-73
-42
-13
12
33
50
62
70
72
71
66
59
49
38
27
15
3
-8
-21
-34
-48
-64
-83
-105
-131
-160
-193
-229
-267
-305
-341
-374
-400
-418
-427
-424
-410
-383
-345
-296
-240
-177
-110
-43
21
82
135
180
214
238
252
256
251
239
222
202
180
159
139
123
110
101
96
95
98
104
112
121
130
138
144
148
148
144
136
124
107
88
65
41
16
-8
-31
-51
-67
-79
-86
-88
-85
-78
-68
-57
-47
-38
-34
-35
-41
-53
-71
-92
-117
-141
-164
-183
-196
-202
-198
-185
-163
-131
-92
-48
0
50
99
145
187
222
251
272
285
292
292
287
277
265
249
231
210
187
162
135
105
72
36
-1
-40
-80
-119
-157
-192
-222
-247
-265
-275
-276
-268
-251
-225
-190
-149
-102
-52
0
50
98
141
179
209
230
242
245
240
226
204
176
144
107
69
30
-7
-43
-74
-101
-121
-134
-139
-136
-123
-102
-72
-35
8
56
108
161
212
260
301
335
358
370
370
358
334
299
255
203
145
85
23
-36
-92
-143
-188
-225
-254
-276
-290
-298
-302
-301
-297
-291
-283
-274
-264
-253
-239
-222
-202
-177
-147
-111
-71
-27
19
67
114
159
198
229
251
262
260
246
219
180
131
74
11
-55
-122
-187
-248
-302
-347
-384
-410
-425
-430
-425
-410
-388
-358
-323
-283
-240
-194
-148
-103
-59
-18
19
53
84
110
132
152
169
185
200
217
235
256
281
309
341
375
410
445
477
504
522
531
528
512
482
439
384
319
247
171
93
19
-50
-110
-160
-197
-221
-231
-228
-212
-187
-154
-115
-74
-31
9
46
79
107
128
142
150
152
148
138
124
104
81
54
24
-8
-42
-77
-111
-144
-173
-199
-219
-234
-243
-245
-242
-233
-221
-205
-188
-172
-157
-146
-140
-141
-149
-166
-190
-223
-262
-308
-357
-409
-460
-509
-552
-589
-618
-636
-643
-638
-621
-592
-552
-502
-442
-375
-300
-220
-136
-50
37
124
211
296
377
455
527
594
654
708
753
790
818
836
844
841
827
803
767
721
666
602
531
455
376
296
217
140
68
1
-59
-113
-162
-206
-245
-281
-315
-346
-376
-405
-433
-459
-482
-502
-517
-526
-530
-526
-515
-496
-471
-440
-405
-366
-325
-284
-243
-203
-167
-133
-103
-77
-55
-37
-22
-11
-3
1
5
9
13
20
30
44
64
90
122
159
202
248
295
343
388
429
463
488
504
509
502
485
459
423
382
336
289
242
198
159
125
99
80
67
59
54
51
47
40
28
9
-16
-49
-90
-137
-188
-242
-296
-346
-390
-426
-451
-462
-459
-441
-408
-361
-302
-233
-158
-80
-3
70
138
196
244
279
302
312
310
298
276
248
214
178
140
104
70
40
15
-4
-19
-30
-37
-40
-42
-44
-47
-51
-59
-70
-84
-102
-123
-144
-166
-185
-201
-211
-213
-206
-190
-164
-128
-82
-30
27
89
151
212
268
319
361
394
417
430
433
428
415
397
375
351
326
302
279
260
242
227
214
202
189
175
158
138
113
84
49
10
-32
-78
-126
-174
-222
-268
-310
-350
-385
-416
-443
-465
-485
-500
-513
-522
-528
-530
-528
-523
-512
-497
-475
-448
-415
-377
-332
-283
-229
-172
-113
-54
4
60
111
156
193
220
238
246
244
233
215
191
163
133
104
76
51
30
13
2
-4
-7
-7
-4
0
6
12
17
22
26
30
32
33
34
34
35
35
36
37
38
40
43
45
48
52
55
59
64
70
78
87
98
111
125
141
158
176
193
210
225
237
248
255
260
261
259
254
246
235
221
205
187
167
145
123
100
77
54
31
9
-12
-34
-56
-81
-107
-137
-170
-207
-247
-290
-335
-379
-422
-459
-490
-512
-524
-525
-514
-492
-459
-418
-368
-314
-257
-200
-144
-92
-46
-8
22
44
58
64
62
56
45
33
20
9
0
-4
-6
-4
1
11
23
37
53
72
92
114
139
166
197
232
272
317
367
421
480
542
605
668
727
781
825
859
878
880
865
832
779
709
624
524
415
299
179
60
-54
-164
-266
-358
-440
-513
-575
-629
-674
-713
-745
-770
-790
-803
-809
-808
-798
-779
-750
-711
-662
-603
-536
-462
-384
-305
-227
-154
-88
-33
8
37
50
49
34
7
-28
-70
-113
-156
-193
-223
-242
-251
-247
-232
-206
-172
-130
-84
-35
14
62
108
151
191
227
262
294
327
360
395
433
472
514
557
600
640
677
706
727
736
733
716
684
638
579
509
429
341
249
155
61
-30
-117
-197
-269
-330
-380
-416
-439
-447
-440
-418
-383
-337
-280
-217
-150
-83
-19
38
86
122
144
151
141
115
74
20
-43
-116
-192
-269
-343
-409
-466
-509
-538
-551
-546
-525
-488
-437
-373
-299
-219
-134
-48
34
113
184
244
293
327
347
350
339
311
270
216
152
79
1
-78
-157
-233
-302
-362
-411
-447
-470
-479
-474
-455
-425
-384
-333
-276
-213
-147
-79
-13
49
109
162
209
249
280
305
322
332
336
336
331
323
312
299
284
268
251
233
214
196
177
159
143
128
115
104
96
90
87
86
87
89
92
95
98
99
100
98
95
88
79
67
53
36
18
-1
-22
-42
-60
-76
-89
-98
-101
-99
-92
-80
-63
-43
-22
0
19
36
48
54
53
46
32
12
-11
-39
-70
-101
-132
-162
-189
-212
-232
-247
-257
-263
-264
-260
-253
-242
-228
-209
-188
-162
-133
-98
-60
-16
31
82
136
192
246
299
347
390
425
451
468
475
471
457
432
398
354
302
243
179
111
42
-25
-89
-147
-197
-237
-266
-282
-286
-279
-260
-231
-196
-155
-111
-66
-23
16
51
80
103
119
129
135
138
139
141
145
153
166
185
208
236
268
300
332
360
382
395
397
386
359
318
260
188
103
8
-94
-200
-307
-409
-504
-588
-659
-713
-750
-770
-771
-756
-725
-680
-624
-559
-487
-412
-336
-261
-189
-122
-61
-6
40
80
114
141
164
183
198
213
226
239
253
268
285
302
320
338
355
370
383
393
399
400
397
389
376
360
339
315
289
260
229
198
165
132
99
65
30
-4
-40
-77
-114
-152
-191
-230
-268
-305
-339
-369
-395
-414
-428
-434
-433
-424
-409
-389
-364
-337
-309
-281
-255
-233
-215
-202
-195
-192
-194
-199
-207
-216
-224
-229
-231
-228
-218
-202
-178
-146
-107
-61
-8
49
112
179
249
319
389
457
522
581
635
681
720
749
770
781
784
778
765
745
720
690
656
619
579
536
490
440
386
328
264
195
121
41
-42
-129
-218
-308
-395
-478
-555
-622
-678
-722
-752
-768
-771
-761
-740
-711
-676
-639
-603
-571
-546
-531
-526
-534
-555
-588
-631
-682
-739
-799
-858
-912
-959
-996
-1021
-1033
-1030
-1014
-984
-941
-887
-821
-745
-660
-565
-463
-352
-234
-109
21
157
295
436
576
715
849
976
1094
1201
1296
1375
1439
1486
1517
1531
1529
1511
1480
1435
1379
1313
1237
1154
1065
970
871
769
666
562
459
357
259
163
72
-13
-94
-168
-237
-299
-355
-405
-448
-486
-518
-544
-565
-583
-596
-605
-611
-615
-616
-615
-613
-610
-606
-603
-599
-596
-593
-590
-587
-583
-579
-573
-566
-555
-541
-523
-499
-471
-436
-394
-347
-293
-234
-170
-104
-38
27
88
144
192
229
256
272
276
271
258
240
220
201
187
181
184
198
224
260
304
354
407
458
502
537
558
563
552
523
479
421
353
280
205
134
72
21
-13
-32
-32
-15
18
65
122
186
253
318
379
431
473
504
522
527
521
503
476
440
397
348
294
235
173
106
36
-35
-110
-185
-259
-331
-398
-457
-506
-541
-561
-563
-546
-509
-453
-381
-293
-194
-88
20
128
229
321
400
463
510
539
552
548
531
503
465
421
372
322
271
221
172
125
80
37
-3
-44
-83
-122
-160
-197
-233
-269
-303
-335
-366
-396
-424
-450
-474
-495
-513
-528
-538
-543
-541
-533
-517
-495
-465
-429
-389
-344
-298
-252
-207
-165
-127
-95
-70
-51
-38
-32
-32
-38
-48
-62
-77
-94
-111
-125
-137
-146
-150
-149
-142
-130
-113
-90
-63
-33
0
33
67
99
128
153
172
185
192
192
186
175
159
141
122
103
85
71
62
57
57
62
70
82
95
108
119
125
126
119
103
77
41
-4
-59
-123
-193
-268
-343
-417
-486
-547
-597
-634
-655
-659
-646
-616
-571
-511
-438
-355
-265
-168
-68
34
137
240
343
443
542
637
728
814
894
965
1027
1078
1115
1139
1146
1135
1107
1060
995
911
812
699
574
442
304
166
30
-99
-221
-333
-433
-519
-593
-655
-704
-743
-772
-794
-809
-820
-826
-829
-830
-828
-822
-812
-797
-774
-744
-703
-652
-590
-517
-434
-342
-243
-141
-37
63
158
246
323
388
439
477
502
514
515
506
489
466
438
408
377
346
318
291
268
250
235
224
216
213
212
213
216
220
224
229
233
237
238
239
237
233
227
218
207
194
180
164
147
129
111
93
74
55
35
14
-8
-33
-59
-88
-119
-152
-186
-221
-254
-286
-314
-338
-355
-365
-367
-361
-346
-324
-295
-260
-221
-180
-138
-99
-64
-34
-11
4
10
8
-1
-18
-42
-70
-100
-131
-159
-183
-202
-213
-216
-210
-196
-173
-144
-109
-71
-32
6
42
74
100
120
133
139
139
132
121
107
90
74
58
44
34
27
23
24
28
35
44
54
65
76
87
98
109
119
129
140
152
164
177
190
202
212
220
225
224
217
202
179
147
106
56
-1
-66
-136
-208
-280
-349
-413
-469
-515
-548
-568
-572
-562
-537
-499
-449
-390
-324
-254
-183
-114
-49
9
61
104
138
163
179
188
191
188
182
174
165
156
149
144
143
145
150
158
169
183
198
213
227
240
249
253
252
244
230
208
179
144
103
58
11
-37
-85
-130
-171
-206
-235
-255
-266
-268
-261
