-81
-44
-6
34
74
115
154
191
226
257
285
308
327
342
352
358
361
361
358
354
347
341
333
326
319
313
306
300
293
287
279
270
259
246
230
210
186
158
126
89
50
7
-36
-80
-124
-167
-206
-241
-272
-297
-317
-330
-338
-340
-335
-326
-312
-293
-270
-243
-212
-178
-140
-98
-52
-2
50
105
162
219
274
324
367
400
422
431
425
404
369
320
261
192
119
44
-28
-96
-156
-205
-240
-262
-270
-264
-246
-219
-184
-145
-105
-65
-27
4
32
54
69
80
85
87
85
81
75
67
59
50
40
29
19
8
0
-8
-13
-14
-12
-4
8
26
48
73
100
126
147
163
169
164
147
115
69
10
-58
-137
-220
-306
-391
-472
-545
-609
-662
-704
-733
-751
-756
-750
-733
-706
-668
-619
-561
-492
-415
-328
-234
-133
-27
80
188
294
394
487
569
638
693
731
752
756
742
713
670
615
550
479
404
327
252
179
111
50
-4
-52
-91
-123
-148
-166
-177
-183
-183
-179
-171
-159
-145
-128
-109
-90
-70
-50
-31
-13
2
15
26
34
40
42
42
40
36
32
27
22
18
15
15
17
22
28
37
47
58
68
77
83
86
84
79
68
54
35
13
-11
-37
-64
-91
-116
-139
-159
-176
-189
-198
-203
-204
-202
-196
-188
-177
-164
-148
-131
-111
-88
-63
-34
-3
31
68
107
146
185
222
256
285
308
325
335
338
335
324
308
286
261
231
199
164
128
89
50
9
-30
-70
-109
-145
-178
-206
-227
-241
-247
-244
-233
-214
-188
-157
-124
-90
-59
-33
-14
-4
-3
-12
-29
-52
-78
-103
-124
-137
-136
-120
-86
-33
37
124
223
328
434
535
623
694
741
762
754
717
653
564
456
334
203
72
-55
-172
-275
-360
-426
-472
-499
-510
-506
-492
-470
-444
-418
-393
-372
-355
-343
-335
-330
-326
-323
-317
-308
-294
-275
-251
-223
-191
-157
-123
-91
-61
-37
-18
-6
-1
-1
-7
-17
-30
-43
-55
-65
-70
-69
-62
-47
-25
2
36
74
114
154
193
227
256
277
289
291
283
265
238
203
162
117
72
27
-14
-51
-82
-105
-120
-126
-124
-114
-98
-76
-49
-19
10
41
69
93
113
127
134
135
129
118
101
79
55
28
0
-28
-54
-79
-101
-119
-133
-143
-149
-152
-151
-147
-141
-134
-126
-117
-108
-99
-90
-81
-73
-64
-56
-48
-41
-35
-30
-27
-24
-24
-24
-26
-28
-30
-30
-30
-27
-22
-14
-3
10
26
45
65
85
106
125
143
158
170
178
183
184
181
174
165
152
136
119
99
78
55
32
7
-16
-39
-62
-84
-102
-118
-131
-138
-140
-136
-125
-107
-81
-48
-9
35
84
136
188
237
283
322
353
374
384
383
371
349
318
280
237
191
145
100
60
26
-1
-22
-36
-44
-46
-45
-41
-38
-35
-35
-38
-45
-55
-67
-80
-92
-102
-108
-110
-105
-94
-78
-56
-32
-6
18
39
56
66
68
60
44
20
-10
-45
-83
-120
-154
-182
-202
-212
-210
-196
-170
-133
-87
-35
20
77
132
181
222
252
270
276
270
252
224
188
148
105
64
26
-5
-30
-46
-53
-51
-42
-28
-9
10
28
43
51
52
44
26
0
-37
-81
-131
-184
-239
-293
-342
-386
-422
-450
-467
-473
-469
-455
-433
-402
-365
-323
-278
-232
-187
-142
-101
-64
-30
-1
23
44
63
79
95
110
126
142
158
175
191
208
223
237
249
259
268
274
279
282
284
283
281
277
269
258
244
225
201
173
139
101
59
12
-37
-89
-142
-197
-251
-304
-355
-402
-445
-483
-515
-539
-556
-563
-560
-547
-523
-489
-444
-390
-326
-256
-180
-101
-21
57
132
202
264
316
357
386
403
407
397
375
341
296
240
177
106
30
-49
-129
-209
-286
-358
-422
-477
-521
-551
-567
-568
-552
-521
-473
-412
-338
-253
-160
-62
37
136
233
323
406
479
542
593
632
659
674
679
674
659
636
605
568
525
477
426
371
314
256
198
141
86
35
-10
-50
-82
-107
-124
-133
-134
-127
-114
-96
-75
-51
-27
-4
15
30
40
44
41
31
15
-4
-29
-54
-80
-103
-122
-135
-141
-139
-128
-110
-86
-56
-23
10
43
73
98
117
129
133
130
120
103
82
56
29
1
-25
-49
-71
-88
-100
-108
-112
-111
-107
-101
-93
-85
-76
-68
-61
-56
-52
-49
-47
-45
-43
-40
-36
-29
-19
-7
7
24
42
62
81
99
116
130
140
146
148
146
140
130
118
105
90
76
63
51
42
36
32
30
30
30
30
28
24
17
5
-10
-30
-55
-84
-117
-152
-189
-226
-262
-295
-323
-345
-359
-364
-360
-345
-321
-287
-245
-196
-142
-85
-27
29
84
135
182
223
258
288
312
330
342
349
352
350
344
334
321
305
286
264
240
215
188
160
131
101
70
37
4
-31
-69
-110
-153
-199
-246
-294
-342
-389
-432
-470
-503
-527
-543
-549
-545
-530
-505
-470
-427
-376
-319
-258
-194
-128
-63
0
61
118
172
221
266
308
345
379
410
438
462
483
499
510
516
515
507
492
469
439
400
354
300
238
170
94
13
-71
-160
-249
-337
-421
-500
-570
-629
-676
-709
-727
-730
-717
-691
-651
-599
-537
-467
-390
-310
-228
-147
-67
7
78
142
199
249
292
328
358
383
404
421
435
448
459
469
478
486
493
498
500
499
494
484
470
450
426
396
362
324
282
238
193
147
101
57
15
-22
-57
-88
-114
-135
-151
-162
-169
-172
-171
-168
-162
-154
-145
-135
-125
-114
-105
-97
-91
-87
-85
-88
-94
-103
-117
-134
-154
-177
-201
-227
-252
-277
-301
-322
-340
-355
-365
-372
-374
-371
-365
-354
-340
-321
-299
-273
-242
-206
-165
-119
-66
-7
56
125
197
270
342
410
471
523
563
589
599
593
572
535
484
422
351
275
196
117
40
-31
-96
-155
-206
-250
-286
-316
-341
-360
-375
-385
-392
-395
-394
-388
-377
-361
-340
-314
-283
-247
-209
-168
-126
-84
-44
-6
28
60
87
110
130
146
160
172
182
192
201
210
218
225
231
233
233
229
220
208
190
169
144
116
86
55
23
-7
-38
-67
-93
-118
-140
-159
-174
-186
-194
-198
-197
-192
-181
-165
-143
-117
-86
-52
-16
20
56
90
119
143
160
170
171
164
149
128
100
69
35
1
-30
-58
-81
-98
-107
-108
-103
-91
-74
-53
-31
-10
9
26
39
48
52
53
50
46
41
36
32
30
29
31
36
42
50
60
71
83
94
104
113
120
124
125
122
114
103
87
67
43
17
-12
-43
-74
-106
-136
-164
-188
-209
-225
-237
-243
-243
-239
-229
-215
-195
-172
-144
-113
-79
-43
-6
31
69
105
139
170
197
220
238
252
261
265
264
260
252
241
227
210
191
170
146
121
93
64
33
2
-28
-59
-88
-114
-138
-157
-173
-184
-190
-192
-189
-183
-174
-163
-151
-138
-125
-114
-104
-95
-87
-81
-75
-70
-64
-58
-50
-40
-27
-12
6
28
53
81
111
142
172
202
229
252
270
283
289
289
281
267
247
221
191
157
120
82
43
5
-30
-63
-94
-120
-143
-160
-173
-182
-186
-186
-183
-176
-166
-154
-140
-125
-109
-93
-78
-64
-52
-41
-32
-26
-21
-19
-18
-19
-21
-25
-28
-31
-34
-36
-36
-35
-31
-26
-18
-8
3
16
31
48
65
82
100
117
134
149
162
174
182
188
190
189
184
176
164
149
131
111
90
68
46
26
7
-8
-22
-31
-36
-37
-34
-26
-15
-1
13
30
45
59
68
73
73
66
54
35
10
-18
-51
-86
-122
-157
-191
-222
-249
-272
-289
-300
-307
-308
-305
-300
-292
-282
-273
-264
-255
-248
-240
-232
-222
-210
-195
-176
-153
-125
-93
-59
-23
13
47
79
105
126
139
143
140
128
108
82
50
14
-22
-60
-96
-129
-157
-179
-194
-202
-203
-197
-185
-167
-144
-118
-88
-55
-21
14
50
86
122
157
191
222
250
275
296
312
324
330
332
330
324
315
303
290
276
261
246
232
217
204
190
176
162
147
130
111
91
68
42
15
-13
-44
-75
-107
-137
-165
-190
-211
-228
-239
-245
-245
-241
-231
-218
-202
-184
-164
-143
-123
-102
-82
-62
-42
-23
-4
14
32
51
70
87
104
119
131
141
148
150
149
144
136
124
110
94
77
60
43
27
12
0
-10
-18
-24
-28
-29
-29
-27
-23
-17
-11
-3
4
12
20
27
32
36
37
36
32
26
17
7
-3
-14
-25
-35
-43
-49
-52
-52
-50
-44
-36
-26
-15
-3
7
18
27
34
40
44
46
47
47
47
48
49
51
56
63
73
85
100
117
137
157
179
200
220
237
252
262
269
270
266
258
245
228
208
186
162
137
112
88
65
42
21
1
-18
-38
-58
-79
-100
-122
-143
-163
-181
-196
-207
-214
-215
-212
-203
-190
-171
-149
-123
-94
-63
-31
0
30
57
80
96
103
101
87
61
22
-28
-90
-161
-239
-322
-405
-486
-562
-628
-682
-721
-743
-747
-732
-698
-645
-575
-491
-393
-287
-175
-62
49
154
251
335
404
457
493
511
511
497
468
428
379
325
267
208
151
97
47
2
-36
-70
-98
-122
-142
-158
-171
-181
-190
-196
-200
-202
-202
-199
-194
-184
-172
-156
-137
-115
-92
-67
-42
-18
3
23
41
54
64
71
75
76
75
71
67
61
54
48
41
34
29
24
21
20
21
24
31
39
51
65
80
98
116
134
151
166
179
188
193
194
190
182
169
153
134
113
91
70
50
33
18
7
0
-3
-4
-3
-1
0
2
3
2
-2
-10
-21
-35
-52
-71
-91
-112
-132
-149
-165
-177
-185
-189
-189
-186
-179
-169
-157
-143
-128
-112
-95
-78
-60
-42
-23
-3
16
38
61
84
108
132
154
175
194
208
219
225
225
220
210
195
176
153
128
102
77
54
33
18
8
5
8
20
38
63
93
127
164
201
236
266
290
306
311
306
289
262
225
181
131
80
29
-18
-59
-93
-117
-130
-132
-124
-108
-85
-57
-28
-1
22
40
50
50
41
22
-5
-39
-76
-115
-152
-182
-203
-211
-204
-181
-141
-84
-14
68
158
250
342
427
501
561
604
629
634
621
592
548
492
427
357
284
210
139
71
8
-48
-99
-144
-182
-214
-241
-263
-281
-295
-307
-318
-329
-341
-355
-374
-397
-425
-460
-501
-548
-600
-655
-709
-762
-809
-847
-873
-884
-877
-852
-808
-744
-663
-566
-457
-339
-217
-95
22
131
228
310
373
418
443
450
440
416
381
339
294
248
206
171
144
126
118
120
130
148
171
199
228
257
285
311
334
353
369
381
389
394
395
