59
53
54
61
74
92
115
142
171
201
231
258
282
302
318
329
336
338
336
331
325
316
308
299
292
285
279
275
271
267
263
257
250
241
229
214
197
177
155
131
106
80
54
27
1
-24
-50
-75
-100
-125
-148
-172
-193
-213
-231
-245
-256
-262
-263
-258
-248
-231
-209
-182
-150
-114
-76
-36
2
39
74
104
129
148
161
168
169
165
155
141
124
103
79
53
25
-4
-36
-69
-104
-139
-174
-209
-243
-276
-305
-331
-353
-371
-383
-391
-394
-392
-387
-378
-366
-352
-337
-321
-305
-288
-272
-255
-237
-218
-197
-174
-149
-120
-88
-54
-16
22
63
104
144
184
220
253
281
304
322
332
337
334
326
311
292
268
241
213
183
152
123
95
69
46
25
7
-7
-19
-29
-38
-46
-53
-61
-69
-78
-88
-99
-111
-124
-138
-150
-162
-172
-178
-182
-181
-176
-166
-152
-135
-114
-91
-67
-44
-22
-1
15
28
37
43
45
45
43
39
36
34
34
37
44
55
69
87
107
128
150
169
186
198
204
203
195
179
156
125
88
45
0
-49
-98
-146
-190
-230
-262
-286
-300
-304
-297
-279
-250
-211
-164
-111
-53
7
67
125
178
223
260
286
300
301
290
267
233
190
139
83
25
-32
-88
-139
-185
-222
-251
-270
-279
-277
-266
-245
-217
-183
-144
-102
-60
-20
16
48
74
93
105
110
109
102
91
77
62
47
33
20
10
4
1
2
6
13
23
35
49
63
77
92
107
123
139
157
177
198
220
243
265
285
300
309
310
304
289
265
234
197
155
109
62
15
-30
-71
-108
-139
-163
-181
-192
-198
-200
-198
-194
-190
-188
-187
-189
-194
-203
-216
-231
-248
-267
-286
-303
-319
-331
-339
-341
-337
-327
-309
-283
-250
-210
-162
-109
-52
7
68
129
186
237
280
314
337
347
345
330
305
269
227
180
132
87
47
17
-2
-8
-1
19
52
97
150
208
268
328
382
429
466
491
503
501
485
456
416
365
306
241
172
99
26
-46
-119
-190
-258
-324
-388
-448
-505
-557
-604
-644
-678
-702
-716
-719
-708
-684
-646
-592
-524
-443
-350
-247
-138
-25
86
194
295
384
458
515
554
573
572
552
515
462
396
322
242
160
80
5
-60
-117
-161
-192
-211
-218
-214
-200
-179
-152
-121
-90
-58
-27
0
25
46
64
79
91
101
109
115
120
125
130
134
137
139
140
139
135
129
119
106
89
69
45
20
-7
-35
-64
-92
-118
-141
-160
-175
-184
-187
-183
-173
-157
-135
-110
-81
-51
-22
4
27
45
57
62
61
52
38
17
-6
-34
-64
-94
-122
-149
-172
-191
-206
-217
-223
-224
-222
-216
-207
-196
-183
-168
-153
-137
-120
-104
-87
-70
-53
-35
-17
3
25
50
78
109
142
178
215
251
287
320
348
371
386
394
392
381
362
334
299
258
214
167
120
76
36
2
-24
-42
-51
-52
-44
-29
-9
14
40
66
90
110
125
134
136
130
118
100
77
50
21
-8
-37
-65
-89
-109
-125
-137
-145
-150
-153
-155
-156
-158
-160
-164
-167
-171
-174
-176
-175
-170
-161
-147
-129
-105
-77
-46
-13
19
52
81
106
125
137
142
139
129
112
89
62
32
1
-29
-58
-84
-105
-120
-129
-130
-124
-110
-89
-63
-30
6
47
90
136
182
227
271
311
348
379
403
419
426
423
410
386
351
306
253
193
127
59
-9
-76
-139
-195
-244
-283
-313
-332
-343
-345
-340
-330
-315
-299
-283
-268
-255
-246
-240
-240
-243
-251
-263
-278
-297
-318
-341
-366
-392
-419
-446
-472
-496
-516
-531
-540
-541
-533
-515
-486
-446
-394
-331
-258
-176
-85
10
110
210
310
405
494
574
644
700
743
771
783
780
763
732
689
635
575
509
442
376
313
255
205
163
129
104
86
74
66
61
56
49
40
28
11
-9
-34
-62
-93
-125
-156
-186
-213
-236
-254
-266
-272
-274
-270
-261
-250
-235
-219
-203
-186
-170
-155
-140
-126
-112
-99
-86
-74
-61
-49
-38
-28
-20
-14
-11
-11
-14
-21
-31
-45
-61
-79
-99
-118
-137
-154
-167
-175
-176
-170
-156
-132
-98
-55
-4
53
117
185
253
321
384
442
491
529
556
570
571
559
536
501
457
404
346
284
221
157
96
38
-13
-58
-95
-125
-147
-161
-167
-168
-163
-154
-141
-126
-109
-92
-75
-57
-41
-26
-14
-4
2
5
3
-2
-13
-28
-46
-67
-89
-112
-133
-152
-167
-178
-183
-182
-176
-164
-149
-132
-115
-99
-86
-79
-79
-85
-99
-119
-144
-172
-201
-227
-249
-265
-272
-269
-256
-233
-201
-162
-117
-70
-22
23
65
102
131
152
166
172
172
167
159
150
141
135
132
133
138
147
159
172
186
198
207
212
212
206
195
178
158
136
114
93
76
64
59
60
69
83
101
122
143
161
174
181
180
169
150
123
88
47
3
-43
-90
-135
-178
-216
-249
-277
-299
-316
-328
-336
-340
-341
-339
-335
-328
-320
-310
-298
-284
-268
-249
-229
-206
-181
-156
-129
-101
-73
-46
-19
5
30
53
74
93
110
126
140
153
165
177
189
201
214
228
243
257
272
286
298
307
312
312
307
296
279
256
228
194
156
116
74
31
-9
-49
-85
-116
-143
-165
-181
-191
-197
-199
-198
-194
-189
-183
-176
-169
-163
-157
-152
-148
-143
-139
-135
-130
-125
-118
-110
-101
-89
-76
-60
-43
-24
-3
17
38
58
77
94
108
118
124
126
122
114
102
86
67
46
23
2
-17
-34
-47
-55
-57
-54
-45
-30
-11
10
35
61
88
113
137
158
177
194
208
220
231
241
250
259
267
275
283
289
293
294
293
288
280
267
251
231
207
179
148
114
77
38
-4
-48
-95
-143
-193
-243
-293
-342
-388
-430
-467
-496
-517
-529
-530
-520
-500
-468
-428
-379
-325
-266
-207
-149
-96
-48
-9
19
38
45
42
28
6
-23
-58
-97
-138
-177
-214
-246
-272
-290
-301
-302
-295
-279
-255
-225
-188
-146
-101
-54
-6
40
85
127
165
197
225
247
263
274
280
282
281
277
270
262
253
243
232
221
209
198
185
173
161
148
136
125
114
105
98
92
89
88
90
95
102
112
123
135
147
158
167
173
175
173
165
153
136
113
87
57
24
-10
-46
-82
-117
-150
-180
-206
-227
-243
-252
-254
-249
-239
-222
-202
-177
-151
-125
-100
-78
-60
-46
-38
-36
-39
-47
-59
-74
-89
-105
-119
-130
-138
-142
-141
-136
-128
-117
-104
-89
-74
-59
-44
-30
-15
-1
13
29
47
66
86
109
132
156
178
200
218
232
241
244
240
230
215
194
169
141
111
82
53
26
2
-18
-36
-51
-64
-76
-86
-95
-104
-112
-121
-128
-134
-137
-137
-133
-124
-109
-87
-59
-24
16
60
108
156
202
243
279
306
323
328
323
306
279
243
200
152
101
50
1
-44
-85
-119
-147
-167
-180
-186
-185
-179
-166
-148
-124
-96
-64
-27
12
56
101
147
194
238
279
317
348
373
390
399
400
392
376
352
322
287
248
206
164
122
81
42
4
-30
-63
-96
-128
-161
-194
-228
-263
-298
-332
-363
-392
-415
-433
-443
-447
-443
-432
-415
-393
-368
-341
-316
-295
-279
-271
-273
-286
-309
-344
-388
-439
-495
-553
-607
-654
-691
-714
-718
-703
-666
-607
-526
-426
-310
-179
-40
103
247
385
513
627
723
798
852
884
894
884
856
813
757
694
625
556
488
424
367
317
276
244
219
201
188
179
170
162
150
135
113
85
50
8
-40
-96
-157
-222
-288
-354
-418
-477
-528
-570
-599
-615
-616
-602
-572
-528
-471
-403
-326
-244
-160
-77
2
75
141
196
240
273
295
306
307
300
285
265
241
214
186
159
133
110
89
73
60
51
46
44
43
44
45
44
41
34
23
5
-17
-47
-82
-122
-166
-210
-252
-289
-319
-339
-345
-335
-310
-266
-207
-133
-46
48
146
244
336
417
483
529
553
553
530
482
414
329
230
123
15
-89
-184
-264
-325
-362
-375
-362
-324
-263
-182
-87
17
126
234
335
425
500
557
594
610
605
580
538
480
409
329
243
155
68
-14
-89
-154
-208
-249
-278
-293
-296
-288
-271
-247
-218
-187
-156
-127
-102
-82
-69
-63
-64
-70
-81
-94
-108
-120
-129
-132
-129
-119
-101
-77
-47
-14
19
53
83
108
125
133
130
117
92
57
13
-38
-96
-158
-221
-283
-341
-394
-439
-475
-501
-515
-518
-510
-491
-462
-425
-381
-332
-278
-222
-164
-108
-53
-1
46
90
127
158
183
201
212
216
214
206
193
176
158
139
122
109
104
107
121
147
186
237
300
372
450
531
611
686
751
803
838
854
848
821
771
702
613
510
394
270
142
14
-111
-230
-340
-439
-525
-598
-656
-701
-733
-752
-761
-761
-753
-738
-718
-694
-667
-636
-602
-564
-522
-475
-422
-364
-300
-230
-155
-77
2
82
159
232
297
353
399
432
451
457
449
428
395
352
300
240
177
111
45
-17
-74
-123
-162
-189
-202
-199
-181
-149
-102
-43
25
99
176
250
317
374
416
442
449
437
406
359
297
225
146
64
-15
-90
-156
-210
-251
-277
-289
-286
-270
-242
-206
-163
-115
-67
-19
24
64
97
124
142
152
155
150
138
120
99
74
47
21
-3
-24
-42
-54
-61
-61
-56
-46
-32
-14
5
26
46
65
80
93
100
103
100
91
77
58
33
4
-28
-64
-103
-142
-182
-220
-256
-287
-314
-335
-348
-354
-352
-342
-324
-299
-268
-234
-197
-159
-122
-87
-56
-30
-10
4
14
18
19
16
12
6
1
-3
-7
-8
-7
-4
0
7
16
24
32
39
44
47
47
43
37
27
14
0
-17
-35
-52
-69
-84
-96
-106
-112
-113
-110
-102
-90
-74
-53
-30
-4
22
49
76
101
124
145
162
175
185
190
192
189
184
175
165
152
140
127
115
105
96
89
84
81
78
76
74
72
69
66
61
57
53
50
49
50
55
64
77
94
116
141
169
198
226
253
275
293
304
307
302
290
269
242
208
169
127
82
36
-9
-55
-100
-142
-182
-218
-251
-279
-303
-322
-336
-344
-348
-346
-339
-327
-311
-292
-271
-248
-224
-200
-178
-157
-138
-121
-107
-95
-85
-77
-69
-62
-55
-46
-36
-25
-11
5
24
46
70
96
122
149
176
200
222
240
253
261
263
259
249
232
209
181
148
111
72
31
-9
-49
-86
-119
-147
-170
-186
-196
-199
-197
-191
-180
-166
-150
-134
-119
-105
-94
-86
-82
-81
-85
-93
-103
-117
-132
-147
-162
-174
-185
-191
-194
-192
-185
-173
-157
-137
-112
-85
-55
-23
10
45
81
118
156
195
