-4
-30
-52
-69
-82
-90
-92
-91
-85
-75
-63
-50
-36
-24
-13
-5
-2
-2
-6
-14
-24
-37
-51
-65
-77
-88
-96
-101
-103
-102
-98
-92
-85
-77
-69
-63
-59
-56
-56
-57
-59
-60
-60
-58
-53
-44
-30
-13
7
31
57
83
108
130
148
161
169
170
164
153
136
114
88
61
33
5
-19
-41
-58
-70
-76
-78
-73
-64
-51
-35
-16
2
22
41
57
70
79
84
84
79
70
57
41
23
4
-14
-32
-49
-62
-72
-78
-79
-77
-71
-61
-48
-34
-18
-2
11
25
35
42
45
45
40
31
19
4
-11
-29
-48
-66
-82
-97
-109
-117
-123
-125
-123
-117
-108
-96
-81
-63
-44
-23
-1
20
43
65
87
108
127
145
161
175
186
195
201
205
207
208
207
206
204
201
198
194
190
185
179
172
163
152
140
126
110
91
70
48
23
-3
-31
-60
-90
-120
-150
-180
-210
-238
-264
-288
-310
-330
-346
-358
-366
-369
-368
-363
-352
-338
-320
-298
-273
-246
-216
-184
-150
-114
-75
-35
6
49
93
137
181
223
262
296
326
349
365
372
371
362
344
318
285
245
201
153
105
56
9
-33
-71
-102
-127
-144
-154
-157
-154
-144
-130
-112
-92
-70
-48
-27
-7
9
23
34
41
45
45
42
35
26
16
3
-10
-24
-39
-52
-64
-75
-82
-87
-89
-88
-83
-76
-66
-54
-41
-27
-13
0
14
28
40
51
61
70
76
81
84
84
82
78
71
61
49
34
17
0
-19
-39
-58
-76
-92
-105
-116
-122
-126
-126
-123
-118
-111
-103
-95
-88
-81
-75
-71
-68
-67
-66
-66
-66
-66
-64
-61
-57
-50
-41
-30
-17
-1
15
35
56
79
102
127
151
176
199
220
239
255
267
275
278
276
268
255
238
216
191
163
134
104
74
45
18
-5
-27
-46
-61
-73
-82
-89
-92
-93
-93
-90
-86
-80
-73
-64
-55
-45
-34
-23
-12
-2
6
13
19
23
25
25
22
16
9
0
-12
-25
-40
-56
-72
-87
-101
-114
-124
-130
-133
-131
-125
-115
-100
-82
-61
-38
-14
8
30
49
64
74
80
81
77
68
56
40
23
5
-11
-26
-37
-44
-45
-41
-30
-14
6
31
58
86
112
136
154
168
174
174
167
154
137
116
93
69
47
27
11
0
-9
-13
-14
-12
-9
-6
-3
-2
-3
-8
-15
-26
-41
-58
-78
-100
-123
-145
-167
-186
-203
-215
-223
-225
-222
-214
-201
-183
-162
-139
-114
-89
-66
-45
-27
-14
-6
-4
-6
-13
-23
-35
-48
-60
-70
-77
-79
-75
-66
-51
-29
-3
27
62
100
139
179
218
255
288
318
343
361
373
378
375
365
348
324
294
260
221
179
137
94
54
17
-15
-43
-65
-82
-93
-99
-101
-101
-100
-98
-99
-101
-107
-116
-129
-145
-164
-185
-207
-228
-247
-264
-276
-284
-286
-283
-275
-262
-247
-229
-211
-193
-178
-167
-159
-156
-158
-164
-173
-185
-198
-212
-225
-236
-246
-253
-257
-258
-256
-251
-243
-233
-221
-208
-192
-176
-158
-139
-117
-94
-67
-37
-4
33
74
119
168
218
269
320
369
415
455
489
515
533
542
542
533
515
490
458
421
381
338
295
253
214
178
146
120
98
81
69
61
57
56
57
60
64
68
73
79
85
91
98
104
110
115
119
119
116
108
94
73
44
7
-37
-89
-147
-210
-276
-342
-408
-469
-526
-574
-614
-643
-660
-666
-660
-642
-612
-573
-524
-468
-406
-341
-273
-206
-141
-79
-22
28
74
113
146
172
192
207
217
223
225
225
223
221
219
218
219
222
227
234
242
252
262
273
284
294
303
310
316
320
321
319
315
307
296
283
266
247
226
204
181
157
134
113
93
75
60
47
38
31
27
25
23
22
21
18
14
6
-4
-19
-37
-59
-83
-110
-137
-166
-193
-219
-242
-261
-277
-288
-294
-295
-292
-284
-271
-256
-237
-215
-192
-167
-140
-112
-84
-54
-24
5
36
66
95
123
149
172
193
210
223
233
239
242
241
237
231
222
213
202
190
179
168
157
147
138
130
121
113
105
95
85
73
60
46
30
12
-6
-25
-46
-68
-91
-114
-138
-162
-185
-209
-231
-251
-270
-286
-299
-309
-314
-315
-312
-305
-294
-280
-262
-242
-220
-198
-174
-150
-127
-104
-82
-61
-42
-24
-8
5
18
29
38
45
50
55
58
61
65
69
76
85
97
112
129
150
172
194
216
235
250
260
263
257
243
219
187
147
100
49
-4
-58
-109
-155
-194
-223
-243
-252
-250
-238
-217
-189
-156
-120
-82
-46
-12
17
41
61
74
81
84
82
76
67
56
44
32
20
9
-1
-11
-20
-28
-36
-43
-49
-54
-58
-62
-65
-66
-66
-64
-61
-55
-47
-36
-22
-5
13
34
57
81
105
128
148
165
177
184
185
180
167
148
123
93
59
21
-17
-57
-95
-131
-162
-188
-208
-220
-224
-220
-209
-189
-164
-133
-99
-62
-25
10
43
72
95
113
124
128
125
117
104
87
67
45
23
1
-20
-39
-57
-71
-82
-90
-94
-94
-90
-83
-73
-61
-47
-33
-18
-4
8
20
29
36
41
43
42
39
33
26
16
6
-4
-15
-25
-33
-39
-41
-40
-34
-25
-11
5
26
49
74
100
125
149
170
187
201
209
211
208
199
184
165
143
117
90
63
37
13
-8
-27
-43
-55
-65
-72
-77
-80
-82
-83
-84
-84
-83
-83
-82
-82
-82
-82
-82
-84
-86
-89
-92
-95
-99
-103
-105
-107
-106
-103
-96
-86
-72
-54
-33
-8
17
45
72
98
121
139
152
158
158
150
136
115
90
60
27
-5
-38
-69
-96
-119
-136
-146
-149
-145
-135
-117
-93
-64
-30
7
47
88
129
167
203
233
257
274
282
282
273
257
233
203
169
133
94
55
17
-18
-53
-86
-117
-147
-175
-203
-229
-254
-279
-301
-321
-338
-351
-359
-362
-358
-348
-332
-310
-282
-251
-217
-181
-145
-110
-78
-49
-23
-2
15
29
39
47
53
58
63
67
72
78
86
95
106
118
131
145
158
172
184
196
206
214
220
223
225
224
221
216
207
196
182
165
145
123
99
73
46
18
-8
-33
-57
-77
-94
-106
-113
-115
-112
-104
-92
-77
-60
-42
-23
-6
9
23
34
43
49
53
55
56
57
57
58
59
60
62
64
67
69
71
71
71
69
66
62
57
51
46
40
35
32
31
31
32
35
39
43
47
50
50
48
42
34
21
5
-14
-36
-61
-88
-115
-143
-169
-193
-214
-231
-243
-249
-249
-243
-232
-216
-196
-173
-149
-123
-99
-77
-57
-40
-28
-19
-13
-11
-11
-13
-16
-19
-23
-26
-29
-30
-30
-29
-26
-21
-16
-9
-1
8
19
31
44
58
73
88
103
118
133
147
160
172
182
192
200
207
211
215
215
214
209
200
187
170
147
118
85
46
2
-43
-91
-140
-188
-232
-272
-307
-335
-357
-371
-379
-380
-376
-367
-353
-336
-314
-288
-259
-225
-187
-144
-97
-45
9
67
128
188
247
303
354
400
437
466
486
495
494
483
462
432
394
350
300
246
190
132
74
18
-36
-87
-135
-180
-219
-254
-283
-307
-325
-337
-343
-342
-336
-323
-304
-280
-251
-217
-180
-139
-97
-53
-9
33
74
113
149
181
210
235
257
275
290
303
312
318
321
321
316
305
290
268
240
207
167
123
75
26
-23
-70
-114
-153
-186
-212
-230
-241
-247
-248
-247
-245
-245
-249
-258
-273
-295
-323
-356
-393
-430
-467
-500
-526
-543
-549
-541
-520
-485
-436
-375
-302
-219
-130
-36
59
154
247
336
418
494
561
620
669
710
741
763
777
783
780
771
754
731
701
666
625
579
529
475
418
358
298
238
178
121
67
17
-29
-72
-112
-150
-187
-225
-264
-306
-352
-403
-458
-519
-584
-653
-724
-795
-863
-927
-984
-1031
-1065
-1085
-1088
-1074
-1042
-991
-924
-841
-744
-637
-521
-401
-279
-159
-43
65
164
254
332
400
456
503
541
572
597
617
634
649
661
672
681
687
690
689
683
671
653
627
595
556
510
459
401
340
274
207
138
70
3
-60
-120
-175
-224
-266
-301
-329
-349
-361
-366
-363
-354
-338
-317
-291
-262
-230
-196
-161
-126
-91
-58
-27
2
28
52
73
90
104
113
119
120
117
111
102
89
75
60
44
29
14
2
-7
-14
-18
-20
-18
-14
-7
0
9
18
28
37
45
51
56
59
60
60
58
53
47
40
30
18
5
-8
-23
-39
-55
-69
-82
-92
-99
-101
-99
-92
-79
-62
-40
-15
12
42
71
100
126
148
166
178
185
185
180
169
153
133
111
86
61
36
12
-8
-26
-42
-53
-61
-66
-66
-64
-59
-51
-42
-30
-18
-4
8
22
35
47
57
65
71
73
72
67
57
44
26
5
-19
-46
-75
-105
-136
-165
-191
-214
-232
-244
-249
-246
-234
-215
-187
-151
-109
-61
-10
41
93
143
188
227
257
278
289
289
279
258
228
190
146
98
49
0
-45
-87
-122
-151
-173
-187
-196
-198
-197
-192
-186
-178
-171
-164
-158
-154
-151
-149
-149
-149
-150
-152
-153
-154
-154
-152
-149
-144
-136
-126
-114
-100
-84
-67
-50
-31
-13
5
24
42
60
77
93
108
120
131
140
146
150
151
150
146
141
134
126
117
108
99
91
84
76
70
63
57
51
44
38
31
24
17
11
7
4
3
4
7
13
21
30
41
53
66
79
91
102
112
120
126
131
133
134
133
131
128
124
120
115
110
104
97
89
79
67
52
35
16
-5
-29
-55
-82
-109
-136
-162
-187
-209
-227
-242
-253
-259
-260
-256
-247
-235
-218
-198
-176
-151
-126
-99
-73
-47
-23
0
20
38
54
68
80
89
96
100
104
106
107
107
107
108
109
110
112
115
118
122
125
127
128
128
127
124
119
113
106
98
90
81
73
66
60
55
51
48
44
41
38
34
28
21
13
3
-7
-20
-34
-48
-63
-78
-93
-107
-119
-130
-139
-145
-149
-151
-151
-149
-145
-141
-137
-133
-130
-127
-126
-126
-126
-128
-129
-131
-133
-133
-131
-128
-122
-113
-102
-88
-71
-53
-34
-15
3
20
35
48
57
64
68
69
69
68
67
66
66
68
70
74
79
84
88
92
94
95
93
88
81
72
60
47
34
20
7
-4
-13
-20
-24
-24
-22
-15
-6
5
19
35
52
69
86
102
117
129
138
144
147
147
142
134
122
107
89
68
46
22
-2
-27
-52
-75
-97
-117
-135
-150
-162
-171
-178
-182
-184
-183
-181
-177
-172
-166
-160
-153
-145
-138
-130
-123
-117
-110
-104
-98
-91
-84
-75
-65
-52
