2473
2368
2190
1947
1650
1313
952
582
220
-117
-420
-677
-884
-1038
-1141
-1201
-1225
-1224
-1210
-1196
-1192
-1209
-1253
-1328
-1437
-1578
-1744
-1929
-2122
-2312
-2487
-2636
-2747
-2813
-2828
-2787
-2690
-2538
-2336
-2088
-1801
-1482
-1139
-777
-405
-29
345
714
1069
1408
1723
2009
2263
2480
2657
2794
2890
2950
2979
2984
2972
2954
2938
2929
2935
2955
2990
3036
3086
3132
3165
3176
3155
3097
2997
2854
2668
2443
2188
1909
1617
1321
1031
756
502
273
73
-99
-245
-368
-474
-567
-654
-740
-830
-930
-1042
-1169
-1312
-1470
-1642
-1824
-2010
-2195
-2372
-2534
-2674
-2785
-2863
-2903
-2904
-2865
-2789
-2678
-2539
-2375
-2194
-2004
-1809
-1617
-1433
-1261
-1104
-965
-842
-735
-643
-561
-486
-415
-343
-267
-185
-95
2
109
224
343
465
586
704
814
914
1001
1072
1126
1161
1176
1173
1149
1107
1046
968
875
767
646
515
376
232
85
-60
-200
-333
-454
-559
-645
-709
-750
-766
-756
-722
-664
-587
-493
-389
-278
-168
-63
30
108
168
207
225
223
205
175
137
99
66
45
39
55
94
159
248
360
491
636
789
942
1086
1212
1313
1381
1408
1390
1323
1207
1043
835
587
309
7
-309
-632
-953
-1264
-1559
-1832
-2078
-2294
-2475
-2621
-2728
-2796
-2823
-2809
-2754
-2659
-2527
-2359
-2159
-1931
-1680
-1411
-1129
-840
-550
-261
18
289
545
784
1004
1205
1384
1542
1679
1795
1893
1972
2035
2082
2115
2133
2135
2122
2090
2038
1963
1864
1739
1588
1412
1211
990
752
502
246
-11
-265
-511
-746
-968
-1173
-1362
-1535
-1690
-1827
-1946
-2047
-2127
-2186
-2222
-2233
-2217
-2174
-2102
-2000
-1867
-1705
-1514
-1294
-1048
-776
-483
-170
160
503
855
1213
1570
1922
2263
2586
2886
3155
3388
3579
3721
3811
3844
3817
3729
3581
3373
3109
2793
2433
2036
1609
1162
704
244
-207
-644
-1059
-1444
-1793
-2102
-2367
-2585
-2752
-2869
-2935
-2951
-2919
-2841
-2722
-2565
-2375
-2156
-1914
-1653
-1377
-1091
-798
-504
-211
73
348
607
847
1065
1257
1420
1552
1651
1716
1746
1740
1700
1626
1520
1388
1232
1060
876
689
506
333
178
46
-56
-124
-156
-148
-101
-16
103
253
425
610
797
977
1135
1261
1344
1374
1345
1253
1099
885
621
317
-11
-349
-678
-983
-1248
-1460
-1610
-1695
-1712
-1667
-1568
-1426
-1256
-1073
-893
-731
-601
-513
-473
-483
-544
-649
-789
-954
-1131
-1305
-1464
-1595
-1689
-1738
-1739
-1691
-1595
-1458
-1287
-1090
-877
-657
-441
-236
-49
114
252
362
446
504
539
555
556
547
532
516
503
497
503
521
556
607
675
759
856
963
1075
1186
1290
1380
1448
1488
1497
1470
1408
1312
1186
1039
879
719
570
446
356
311
316
375
485
642
836
1053
1279
1498
1691
1844
1942
1976
1938
1826
1641
1387
1076
717
324
-85
-499
-903
-1282
-1626
-1926
-2176
-2373
-2515
-2604
-2642
-2633
-2584
-2500
-2388
-2252
-2099
-1933
-1760
-1583
-1405
-1229
-1057
-892
-735
-589
-454
-332
-224
-132
-55
5
50
81
100
108
107
100
89
74
58
39
18
-4
-31
-63
-102
-147
-199
-260
-327
-400
-478
-558
-638
-716
-788
-851
-903
-940
-958
-957
-932
-881
-804
-700
-569
-412
-230
-27
193
427
669
913
1152
1380
1590
1775
1928
2044
2118
2148
2130
2066
1958
1810
1627
1416
1187
947
707
473
254
55
-118
-265
-385
-480
-553
-608
-650
-684
-714
-744
-777
-812
-850
-890
-929
-963
-989
-1003
-1002
-983
-943
-881
-797
-691
-565
-423
-267
-102
65
230
385
524
639
726
779
795
772
711
614
487
336
169
-2
-171
-326
-458
-558
-619
-635
-604
-523
-395
-222
-11
229
492
765
1037
1298
1537
1744
1911
2033
2105
2127
2099
2024
1907
1754
1572
1370
1154
931
710
494
289
99
-73
-228
-366
-488
-597
-695
-788
-878
-969
-1064
-1166
-1275
-1389
-1509
-1629
-1746
-1854
-1947
-2020
-2064
-2076
-2049
-1981
-1868
-1712
-1514
-1278
-1011
-719
-413
-102
203
494
761
996
1193
1348
1459
1526
1552
1539
1493
1420
1329
1225
1116
1008
907
816
738
674
624
585
556
532
511
490
465
435
399
357
310
261
212
166
127
98
82
79
93
121
163
217
277
340
399
448
480
488
465
407
310
173
-4
-218
-464
-735
-1020
-1311
-1595
-1861
-2100
-2303
-2460
-2568
-2623
-2622
-2566
-2457
-2298
-2093
-1846
-1562
-1245
-900
-530
-140
267
688
1118
1552
1985
2409
2815
3193
3532
3821
4048
4202
4274
4257
4147
3945
3653
3277
2828
2317
1759
1168
558
-54
-657
-1240
-1793
-2306
-2773
-3190
-3551
-3854
-4094
-4271
-4383
-4430
-4411
-4330
-4188
-3991
-3743
-3453
-3127
-2773
-2397
-2007
-1609
-1206
-804
-404
-8
380
761
1132
1490
1832
2155
2452
2719
2951
3142
3288
3383
3425
3411
3341
3216
3039
2815
2550
2252
1930
1593
1250
910
581
268
-22
-288
-528
-741
-929
-1093
-1235
-1359
-1464
-1555
-1630
-1692
-1739
-1770
-1785
-1781
-1758
-1714
-1649
-1563
-1457
-1332
-1191
-1035
-867
-690
-505
-315
-121
74
271
466
659
847
1027
1195
1348
1482
1591
1673
1723
1738
1715
1652
1550
1408
1228
1012
764
490
193
-118
-438
-761
-1080
-1388
-1680
-1951
-2195
-2409
-2589
-2730
-2829
-2882
-2885
-2835
-2729
-2563
-2336
-2048
-1699
-1291
-829
-318
231
812
1412
2020
2621
3203
3752
4254
4696
5067
5356
5553
5651
5644
5530
5309
4986
4566
4061
3484
2850
2179
1487
795
120
-520
-1111
-1642
-2102
-2486
-2791
-3018
-3171
-3255
-3278
-3250
-3181
-3081
-2960
-2829
-2694
-2563
-2441
-2331
-2236
-2156
-2090
-2038
-1996
-1963
-1934
-1908
-1880
-1848
-1808
-1757
-1693
-1614
-1518
-1404
-1273
-1124
-960
-782
-593
-397
-196
3
201
392
575
748
908
1054
1186
1303
1404
1490
1559
1613
1651
1673
1679
1671
1647
1610
1559
1497
1423
1340
1249
1150
1045
936
824
709
595
482
372
266
165
72
-12
-86
-151
-204
-246
-276
-294
-303
-301
-291
-275
-253
-229
-203
-178
-156
-138
-125
-118
-117
-122
-131
-144
-157
-170
-179
-183
-181
-171
-152
-124
-88
-45
2
53
105
154
198
234
260
273
271
255
223
177
116
43
-39
-129
-223
-319
-413
-503
-586
-660
-723
-775
-814
-841
-854
-856
-846
-825
-796
-758
-714
-663
-607
-546
-480
-410
-333
-251
-162
-64
42
159
287
424
571
724
881
1037
1187
1325
1445
1539
1601
1625
1606
1539
1424
1259
1046
788
491
160
-196
-572
-960
-1352
-1742
-2123
-2490
-2839
-3164
-3462
-3727
-3952
-4132
-4258
-4322
-4313
-4223
-4043
-3764
-3383
-2897
-2308
-1622
-848
-2
899
1835
2782
3716
4612
5446
6197
6847
7380
7784
8053
8182
8172
8027
7753
7361
6861
6268
5597
4864
4086
3279
2460
1644
845
75
-656
-1343
-1978
-2557
-3080
-3544
-3949
-4296
-4583
-4812
-4981
-5091
-5141
-5134
-5069
-4949
-4778
-4560
-4300
-4003
-3675
-3325
-2956
-2576
-2191
-1805
-1423
-1051
-691
-346
-20
284
565
820
1047
1244
1409
1540
1636
1697
1722
1713
1674
1606
1516
1410
1293
1173
1057
951
859
786
734
702
688
690
703
720
736
744
740
719
678
617
535
435
320
196
68
-56
-174
-277
-363
-427
-469
-488
-486
-465
-431
-387
-339
-291
-248
-213
-188
-174
-171
-177
-190
-207
-225
-239
-248
-247
-235
-211
-175
-128
-71
-8
57
124
186
240
282
310
322
316
292
251
196
128
51
-29
-111
-190
-261
-323
-372
-407
-428
-435
-428
-409
-379
-341
-297
-249
-201
-154
-112
-77
-52
-39
-38
-50
-75
-112
-156
-205
-255
-302
-341
-369
-385
-388
-377
-356
-327
-294
-260
-229
-203
-185
-175
-174
-180
-192
-206
-221
-234
-241
-242
-235
-221
-199
-171
-140
-108
-79
-56
-42
-40
-51
-77
-119
-176
-246
-327
-416
-509
-602
-690
-771
-838
-889
-919
-927
-910
-867
-799
-707
-594
-462
-317
-164
-8
144
292
428
551
659
752
831
898
954
1003
1047
1088
1129
1170
1212
1255
1301
1348
1398
1450
1504
1562
1623
1687
1753
1818
1881
1937
1983
2013
2023
2007
1962
1883
1769
1618
1429
1206
951
671
371
60
-252
-560
-854
-1128
-1374
-1590
-1773
-1923
-2041
-2129
-2192
-2233
-2256
-2265
-2262
-2249
-2227
-2195
-2153
-2097
-2024
-1931
-1815
-1673
-1505
-1309
-1089
-847
-590
-325
-60
196
434
648
829
973
1077
1142
1167
1158
1118
1054
973
880
783
689
604
531
475
438
422
425
447
484
534
591
650
707
757
796
819
825
812
779
727
658
572
475
368
256
143
31
-75
-174
-263
-341
-408
-462
-505
-538
-561
-578
-589
-596
-600
-603
-603
-603
-602
-599
-594
-588
-580
-569
-558
-545
-532
-519
-506
-495
-486
-478
-473
-470
-470
-472
-476
-482
-489
-498
-507
-517
-525
-533
-538
-541
-539
-533
-519
-498
-466
-424
-370
-302
-221
-125
-16
105
236
375
518
661
800
931
1050
1154
1240
1308
1357
1388
1402
1401
1388
1365
1333
1297
1256
1212
1168
1124
1080
1038
999
963
930
899
869
838
802
758
702
631
542
432
301
151
-16
-197
-388
-582
-774
-959
-1133
-1292
-1436
-1563
-1672
-1765
-1844
-1910
-1965
-2012
-2052
-2088
-2121
-2152
-2180
-2206
-2227
-2239
-2238
-2219
-2177
-2106
-2000
-1857
-1672
-1445
-1176
-868
-526
-156
234
637
1044
1443
1828
2187
2515
2803
3046
3241
3387
3482
3530
3535
3500
3432
3337
3220
3085
2935
2772
2595
2404
2196
1970
1724
1458
1172
869
551
223
-108
-440
-764
-1075
-1367
-1636
-1877
-2087
-2263
-2404
-2508
-2576
-2608
-2607
-2575
-2516
-2434
-2332
-2216
-2087
-1951
-1809
-1663
-1513
-1361
-1205
-1046
-881
-711
-535
-355
-173
7
184
352
508
646
762
856
925
969
991
993
980
957
930
907
893
894
916
960
1027
1115
1221
1339
1460
1574
1673
1745
1783
1781
1732
1637
1495
1311
1091
842
575
299
25
-236
-476
-686
-859
-989
-1075
-1115
-1112
-1070
-993
-891
-769
-638
-504
-375
-259
-160
-82
-30
-5
-7
-37
-93
-173
-276
-396
-531
-676
-826
-979
-1128
-1271
-1402
-1520
-1621
-1703
-1763
-1800
-1814
-1803
-1766
-1705
-1619
-1509
-1376
-1223
-1051
-864
-662
-451
-232
-9
214
435
650
856
1050
1228
1386
1523
1634
1717
1771
1794
1785
1747
1679
1584
1466
1329
1176
1012
842
669
497
329
168
15
-126
-255
-370
-469
-549
-609
-646
-660
-649
-614
-557
-479
-386
-282
-172
-63
39
129
204
259
292
302
291
260
214
155
89
20
-47
-109
-164
-210
-245
-270
-287
-298
-305
-311
-319
-330
-347
-368
-394
-425
-458
-492
-526
-558
-588
-613
-634
-651
-665
-676
-684
-692
-700
-708
-718
-729
-741
-753
-763
-770
-771
-764
-745
-713
-665
-600
-516
-412
-291
-152
0
163
334
507
679
846
1001
1143
1269
1374
1459
1523
1565
1587
1591
1579
1554
1520
1480
1437
1395
1354
1315
1280
1246
1213
1176
1135
1085
1023
948
858
752
632
501
362
221
82
-45
-158
-249
-316
-355
-367
-353
-318
-267
-207
-147
-95
-58
-42
-52
-92
-161
-258
-380
-521
-674
-833
-988
-1133
-1261
-1364
-1438
-1479
-1484
-1451
-1382
-1276
-1138
-970
-778
-566
-340
-107
127
358
578
784
969
1130
1263
1364
1432
1463
1459
1419
1343
1234
1094
927
737
528
304
70
-168
-409
-646
-875
-1091
-1291
-1470
-1623
-1748
-1839
-1894
-1910
-1884
-1817
-1708
-1559
-1372
-1153
-906
-639
-360
-76
203
471
719
940
1129
1281
1393
1462
1488
1470
1409
1309
1171
1000
800
