120
118
114
108
101
93
84
75
68
61
56
52
49
46
44
40
35
26
15
0
-19
-42
-70
-100
-133
-166
-200
-233
-264
-291
-315
-334
-349
-359
-365
-368
-368
-366
-364
-364
-366
-371
-380
-394
-411
-431
-453
-475
-494
-508
-515
-514
-502
-478
-444
-398
-341
-277
-205
-128
-48
32
113
191
266
337
403
463
518
567
609
646
676
699
714
722
721
710
690
660
618
566
503
430
348
258
161
60
-42
-143
-241
-331
-411
-478
-530
-564
-578
-574
-549
-506
-445
-370
-284
-189
-91
6
100
185
257
315
355
376
377
359
324
274
212
141
66
-9
-83
-150
-208
-254
-288
-308
-314
-307
-288
-259
-221
-176
-128
-77
-27
21
68
110
148
182
210
234
254
269
280
287
289
288
281
270
254
233
206
175
140
102
61
19
-23
-64
-103
-138
-169
-195
-214
-227
-234
-234
-229
-218
-204
-186
-167
-147
-128
-111
-96
-83
-74
-67
-64
-63
-64
-67
-71
-76
-80
-84
-86
-86
-84
-79
-70
-58
-42
-24
-3
19
43
68
93
116
137
155
170
179
184
184
178
167
151
131
108
82
54
26
-1
-27
-51
-72
-88
-100
-107
-108
-104
-94
-79
-60
-36
-10
19
49
81
112
142
170
195
217
234
246
253
254
249
238
221
198
171
139
103
64
25
-14
-52
-87
-118
-144
-163
-175
-180
-176
-166
-150
-128
-103
-77
-50
-26
-5
10
20
25
23
17
6
-7
-23
-39
-54
-67
-76
-80
-80
-74
-64
-50
-32
-12
8
29
49
66
81
92
100
104
106
105
101
97
91
85
79
73
68
62
57
51
45
37
27
14
0
-18
-39
-63
-89
-116
-144
-172
-198
-222
-243
-260
-272
-278
-279
-273
-262
-244
-221
-194
-164
-131
-98
-67
-37
-12
7
22
30
33
30
22
11
0
-13
-24
-32
-35
-31
-21
-3
21
54
91
133
177
221
261
297
325
344
351
348
332
305
269
223
172
116
59
2
-50
-98
-140
-174
-199
-216
-224
-223
-215
-202
-183
-160
-136
-110
-84
-58
-34
-11
8
27
45
60
73
85
94
101
106
108
108
105
99
90
79
66
51
34
16
-1
-20
-38
-54
-69
-81
-90
-97
-100
-99
-96
-90
-81
-70
-58
-45
-31
-19
-8
0
7
12
14
13
11
7
3
0
-3
-4
-3
0
6
17
30
47
66
86
108
129
149
167
182
193
200
201
197
188
174
155
132
107
80
54
29
6
-12
-26
-36
-40
-40
-36
-29
-19
-8
2
12
21
27
29
27
21
12
-1
-17
-36
-55
-74
-93
-110
-125
-136
-145
-150
-151
-150
-146
-141
-135
-131
-127
-127
-131
-139
-152
-170
-192
-217
-243
-270
-294
-315
-329
-336
-334
-323
-301
-270
-229
-180
-124
-64
-1
60
119
174
222
262
293
313
324
325
318
304
284
261
235
208
183
158
137
118
103
90
80
73
67
62
57
51
44
35
24
10
-6
-25
-46
-69
-93
-118
-142
-166
-189
-210
-228
-242
-252
-257
-257
-251
-237
-217
-189
-155
-115
-69
-20
31
83
134
182
226
263
291
311
322
322
312
293
265
231
192
150
108
66
28
-4
-31
-51
-63
-68
-65
-56
-42
-22
-1
22
45
66
85
99
110
115
116
112
105
95
82
67
52
36
20
3
-12
-27
-43
-58
-73
-87
-101
-113
-125
-134
-142
-148
-152
-154
-154
-151
-147
-142
-136
-130
-124
-118
-113
-109
-107
-106
-106
-107
-109
-111
-114
-118
-122
-127
-131
-136
-142
-148
-153
-158
-163
-166
-167
-166
-162
-155
-144
-129
-110
-87
-61
-33
-2
28
60
90
118
144
166
185
202
215
227
238
248
259
270
283
295
307
318
327
332
333
328
317
299
276
247
214
178
140
103
68
37
12
-6
-18
-23
-21
-13
0
17
37
59
81
102
121
139
153
165
173
177
177
174
166
153
136
114
87
56
21
-16
-57
-99
-143
-186
-228
-268
-305
-337
-365
-389
-407
-420
-429
-433
-434
-432
-426
-417
-405
-390
-371
-348
-321
-288
-251
-208
-162
-112
-60
-9
40
86
125
157
180
192
195
188
172
151
125
98
72
51
36
29
33
47
72
106
149
197
249
301
350
394
430
456
470
472
460
435
398
349
291
225
154
81
7
-64
-131
-192
-244
-287
-319
-339
-349
-348
-338
-318
-292
-259
-223
-184
-144
-104
-65
-28
4
34
60
82
99
110
116
117
112
103
89
71
51
30
11
-4
-15
-20
-18
-7
11
37
70
107
148
189
230
266
298
323
340
348
348
340
323
300
270
236
199
159
119
79
41
5
-27
-57
-84
-107
-129
-147
-164
-180
-195
-208
-221
-234
-246
-257
-268
-277
-285
-292
-297
-300
-300
-299
-296
-291
-284
-276
-267
-257
-245
-231
-217
-200
-182
-162
-140
-117
-93
-68
-44
-22
-1
16
30
41
48
50
49
45
37
26
13
0
-16
-32
-49
-65
-79
-93
-104
-112
-119
-122
-123
-121
-118
-112
-105
-96
-86
-76
-65
-53
-41
-28
-15
-1
12
27
42
59
76
94
113
133
153
172
192
211
229
246
262
277
291
305
319
334
350
367
387
408
429
451
469
484
492
491
479
454
416
364
299
221
134
39
-58
-156
-252
-340
-419
-486
-538
-575
-596
-602
-593
-570
-535
-491
-439
-383
-324
-264
-206
-151
-101
-55
-15
19
48
72
91
105
115
121
123
121
115
106
92
74
53
28
1
-28
-60
-93
-127
-159
-189
-217
-239
-256
-266
-269
-263
-248
-224
-192
-152
-106
-56
-2
53
108
160
208
251
287
315
334
345
347
341
326
303
274
239
200
158
115
74
35
2
-25
-46
-58
-62
-58
-47
-30
-8
15
40
64
86
105
119
130
136
139
138
135
131
125
119
112
105
98
91
83
74
64
53
42
29
15
1
-12
-26
-38
-49
-58
-64
-67
-67
-65
-61
-56
-50
-44
-39
-35
-33
-33
-34
-38
-43
-49
-57
-64
-73
-81
-89
-96
-101
-104
-105
-102
-95
-84
-68
-48
-24
3
34
67
100
132
162
188
209
225
234
237
234
225
210
191
168
143
116
88
60
31
3
-24
-52
-79
-108
-137
-168
-200
-234
-270
-307
-344
-382
-418
-451
-480
-502
-518
-524
-520
-506
-480
-444
-398
-343
-282
-217
-151
-87
-28
23
65
95
113
117
109
89
59
21
-20
-64
-107
-145
-177
-201
-215
-218
-210
-192
-165
-130
-90
-45
2
51
101
149
196
242
285
326
364
400
434
466
495
521
545
565
581
592
598
599
593
581
561
536
503
466
423
377
327
275
221
165
108
49
-9
-70
-132
-195
-258
-320
-380
-437
-489
-535
-572
-599
-615
-617
-606
-581
-543
-493
-434
-367
-297
-225
-157
-95
-41
0
31
48
53
46
30
6
-22
-53
-84
-112
-135
-152
-162
-165
-160
-149
-132
-112
-89
-65
-41
-18
2
21
37
49
60
67
72
75
77
77
76
75
73
73
73
74
78
85
95
109
125
145
168
194
221
249
277
304
329
351
368
381
388
388
381
366
345
317
282
243
199
153
106
60
15
-24
-60
-89
-111
-124
-129
-125
-114
-95
-70
-41
-10
22
53
81
106
126
140
149
152
150
143
132
117
101
82
62
41
20
0
-21
-42
-62
-81
-99
-116
-131
-143
-154
-161
-166
-168
-166
-161
-152
-141
-126
-109
-89
-68
-46
-24
-3
15
32
45
54
58
57
51
40
25
6
-14
-38
-62
-85
-108
-128
-145
-160
-171
-178
-182
-183
-181
-176
-170
-161
-151
-140
-128
-116
-103
-90
-77
-64
-51
-38
-24
-11
1
13
24
33
40
45
47
46
42
35
25
14
0
-14
-29
-43
-56
-67
-75
-78
-77
-70
-57
-38
-13
16
51
88
128
168
207
244
277
304
326
342
350
350
344
330
310
283
250
213
172
129
83
36
-10
-56
-101
-144
-185
-224
-259
-292
-321
-346
-368
-385
-398
-406
-408
-405
-397
-383
-364
-340
-312
-282
-250
-218
-187
-159
-134
-114
-99
-89
-85
-85
-89
-97
-108
-120
-132
-143
-153
-160
-162
-159
-151
-136
-114
-85
-49
-8
38
88
141
194
245
294
337
375
405
427
440
444
438
424
402
372
336
296
252
208
165
124
87
54
26
5
-11
-21
-27
-29
-27
-22
-15
-6
2
12
21
29
36
41
43
44
43
39
33
25
16
5
-5
-17
-29
-41
-51
-60
-67
-72
-74
-73
-69
-61
-50
-35
-17
3
26
51
77
103
128
152
174
192
207
217
222
223
218
210
198
183
165
147
128
109
91
75
59
46
33
22
11
0
-12
-24
-38
-54
-71
-89
-108
-126
-144
-160
-172
-181
-185
-184
-177
-166
-150
-130
-108
-85
-62
-41
-23
-10
-2
0
-3
-12
-25
-43
-64
-87
-109
-131
-150
-167
-180
-191
-198
-204
-208
-213
-219
-227
-239
-254
-273
-295
-320
-347
-374
-399
-421
-438
-448
-450
-443
-426
-398
-360
-310
-250
-180
-102
-16
75
171
268
365
460
550
633
707
770
822
861
886
897
896
881
854
817
771
716
656
591
523
454
386
318
253
192
135
82
34
-7
-45
-78
-107
-133
-156
-178
-199
-222
-245
-271
-300
-332
-366
-403
-441
-479
-516
-549
-577
-597
-609
-611
-601
-579
-546
-501
-446
-382
-312
-239
-164
-91
-23
37
90
132
162
179
184
177
159
131
94
51
4
-45
-94
-142
-187
-226
-259
-284
-302
-312
-313
-306
-292
-271
-245
-214
-179
-142
-104
-67
-30
5
38
68
96
122
147
170
192
215
238
262
286
310
334
356
375
391
402
409
410
406
396
380
360
336
309
280
248
217
185
154
124
96
68
42
17
-6
-30
-54
-78
-102
-126
-149
-172
-192
-210
-226
-237
-243
-244
-240
-231
-216
-196
-172
-144
-115
-84
-52
-21
8
37
64
90
114
137
159
179
197
213
226
236
242
243
240
231
217
198
174
147
116
84
51
18
-11
-38
-62
-80
-94
-103
-107
-107
-104
-98
-91
-84
-77
-72
-69
-68
-69
-73
-78
-84
-91
-99
-107
-114
-122
-128
-134
-140
-145
-151
-156
-161
-166
-171
-175
-179
-182
-182
-180
-174
-165
-152
-135
-114
-89
-62
-32
-1
30
61
91
118
141
159
173
180
182
178
168
154
136
116
95
75
58
43
33
28
27
32
41
53
67
81
96
108
118
124
125
122
115
104
90
73
55
37
20
5
-7
-17
-23
-26
-26
-23
-18
-10
-1
10
23
38
55
75
96
119
143
169
194
218
240
258
272
281
283
278
265
244
214
175
129
75
16
-48
-116
-185
-254
-320
-380
-433
-478
-511
-533
-542
-538
-521
-492
-453
-404
-348
-288
-225
-163
-103
-47
1
43
