-6
36
78
117
155
193
231
272
318
370
430
498
575
660
751
848
948
1047
1143
1232
1313
1381
1434
1470
1486
1481
1453
1401
1325
1223
1095
944
770
575
362
135
-102
-347
-594
-840
-1078
-1306
-1517
-1709
-1877
-2017
-2126
-2202
-2242
-2245
-2209
-2135
-2024
-1876
-1696
-1485
-1248
-990
-717
-434
-147
135
410
669
907
1119
1298
1441
1543
1601
1615
1584
1512
1401
1259
1094
915
733
558
399
264
160
91
60
65
103
170
259
362
470
575
669
745
797
822
816
781
718
631
523
402
274
145
21
-92
-191
-272
-336
-382
-411
-427
-434
-434
-433
-433
-436
-445
-460
-481
-507
-534
-561
-584
-602
-610
-609
-596
-571
-536
-491
-439
-382
-324
-267
-214
-167
-129
-100
-81
-70
-67
-70
-76
-83
-88
-88
-83
-69
-47
-15
24
71
124
180
237
291
340
382
413
433
438
429
406
368
317
255
182
102
17
-69
-156
-241
-321
-396
-462
-520
-567
-603
-628
-640
-639
-624
-595
-551
-493
-422
-339
-246
-144
-36
74
185
292
394
487
568
637
692
731
755
763
757
736
703
659
605
544
478
409
340
272
207
147
93
46
5
-28
-56
-79
-97
-113
-128
-144
-162
-184
-211
-243
-283
-329
-381
-439
-501
-564
-627
-686
-740
-786
-820
-841
-846
-834
-803
-754
-685
-597
-490
-367
-228
-77
84
251
421
588
750
899
1034
1148
1240
1305
1342
1350
1330
1281
1207
1110
994
863
722
577
430
289
155
32
-76
-169
-248
-311
-360
-398
-427
-450
-469
-489
-511
-538
-570
-609
-654
-705
-758
-812
-864
-911
-948
-974
-986
-982
-960
-921
-865
-794
-709
-613
-508
-398
-286
-174
-65
38
136
227
310
385
452
513
567
615
658
696
728
754
774
786
791
786
772
748
714
671
621
565
504
441
377
316
257
203
155
113
77
47
22
0
-19
-38
-60
-85
-115
-153
-197
-249
-308
-372
-438
-502
-562
-612
-648
-665
-658
-625
-564
-473
-355
-212
-50
124
305
482
647
791
909
994
1043
1056
1032
976
890
782
656
520
381
244
114
-2
-106
-193
-264
-320
-363
-397
-425
-452
-481
-518
-564
-622
-691
-772
-863
-959
-1059
-1156
-1248
-1328
-1393
-1438
-1461
-1458
-1427
-1369
-1282
-1169
-1031
-871
-693
-502
-301
-95
110
313
508
695
869
1031
1179
1314
1434
1541
1636
1717
1785
1839
1879
1904
1913
1906
1882
1840
1781
1705
1613
1505
1381
1242
1089
922
742
549
346
134
-84
-307
-531
-751
-965
-1167
-1354
-1521
-1666
-1784
-1872
-1930
-1956
-1948
-1908
-1837
-1737
-1613
-1467
-1305
-1134
-959
-786
-621
-471
-340
-230
-145
-84
-47
-30
-29
-38
-52
-62
-64
-51
-19
35
114
216
339
479
629
783
933
1070
1188
1278
1337
1360
1346
1296
1214
1103
970
822
668
514
366
232
114
15
-63
-122
-162
-187
-200
-204
-204
-202
-202
-208
-221
-244
-277
-323
-381
-450
-532
-624
-727
-840
-961
-1090
-1225
-1364
-1505
-1647
-1784
-1914
-2032
-2132
-2210
-2258
-2272
-2247
-2177
-2058
-1889
-1669
-1399
-1082
-724
-333
84
516
952
1382
1795
2183
2537
2852
3125
3355
3541
3685
3790
3859
3895
3901
3879
3831
3757
3656
3528
3370
3181
2957
2698
2401
2066
1695
1289
852
390
-89
-580
-1073
-1557
-2023
-2460
-2859
-3211
-3509
-3747
-3921
-4028
-4067
-4039
-3947
-3795
-3587
-3332
-3035
-2705
-2350
-1981
-1605
-1231
-869
-526
-209
74
321
528
692
814
893
934
938
911
858
786
699
604
507
412
325
249
185
135
100
79
69
70
77
90
104
119
133
145
155
164
174
187
205
230
264
310
369
440
523
617
719
827
937
1045
1147
1237
1312
1367
1397
1401
1374
1316
1226
1104
954
777
579
364
138
-92
-321
-543
-750
-938
-1102
-1236
-1339
-1407
-1442
-1443
-1413
-1355
-1273
-1173
-1060
-939
-815
-690
-569
-453
-343
-238
-137
-40
53
148
242
336
429
520
607
687
758
818
865
899
921
933
935
931
924
915
907
899
890
881
866
845
812
764
699
614
507
380
233
70
-104
-285
-465
-638
-797
-936
-1048
-1131
-1182
-1199
-1185
-1142
-1074
-987
-888
-784
-681
-586
-504
-439
-393
-368
-364
-379
-412
-458
-514
-576
-640
-701
-757
-802
-836
-857
-863
-855
-834
-801
-758
-708
-653
-595
-538
-481
-426
-374
-323
-272
-219
-163
-102
-34
42
128
224
330
444
564
689
816
941
1061
1173
1274
1360
1430
1482
1514
1526
1519
1492
1448
1388
1315
1231
1139
1040
938
834
731
630
532
439
351
269
194
126
65
10
-38
-82
-122
-159
-195
-229
-265
-302
-341
-384
-431
-482
-538
-598
-662
-729
-798
-869
-939
-1006
-1069
-1125
-1171
-1206
-1226
-1230
-1216
-1184
-1134
-1065
-981
-883
-774
-657
-537
-417
-300
-191
-91
-2
72
133
181
216
241
259
272
286
303
329
367
419
489
577
683
804
938
1081
1226
1369
1502
1620
1718
1790
1833
1844
1823
1769
1684
1570
1430
1268
1089
896
695
489
281
76
-123
-316
-499
-672
-833
-979
-1111
-1227
-1325
-1404
-1464
-1505
-1525
-1527
-1511
-1480
-1434
-1378
-1313
-1243
-1168
-1093
-1017
-942
-869
-797
-725
-653
-579
-503
-423
-338
-248
-152
-51
55
165
279
394
509
620
727
826
916
993
1058
1108
1142
1160
1162
1147
1116
1070
1009
935
849
751
645
531
412
289
164
39
-82
-198
-307
-407
-495
-569
-627
-670
-695
-703
-695
-671
-634
-584
-525
-459
-389
-317
-245
-176
-111
-50
4
54
98
137
173
205
235
262
289
314
338
360
381
399
413
421
424
418
404
378
342
295
235
166
86
0
-92
-187
-281
-371
-454
-526
-584
-628
-655
-666
-661
-642
-612
-574
-530
-483
-438
-396
-360
-331
-309
-294
-286
-281
-280
-278
-274
-265
-248
-223
-189
-145
-92
-31
33
101
169
232
290
338
375
401
414
415
405
386
360
328
293
258
223
191
164
140
122
109
101
95
92
90
88
84
77
66
50
29
3
-28
-66
-109
-159
-215
-277
-344
-416
-492
-569
-645
-719
-787
-846
-893
-923
-935
-923
-886
-820
-725
-599
-443
-258
-46
187
438
698
960
1215
1453
1664
1839
1969
2047
2068
2029
1929
1770
1558
1300
1006
686
354
23
-293
-583
-837
-1046
-1205
-1310
-1363
-1367
-1329
-1255
-1155
-1039
-915
-792
-678
-576
-492
-424
-373
-336
-307
-281
-252
-213
-158
-81
18
146
299
475
671
880
1096
1311
1516
1705
1868
2001
2098
2154
2166
2135
2059
1940
1783
1591
1371
1128
870
605
340
80
-165
-393
-599
-780
-934
-1061
-1161
-1237
-1290
-1324
-1343
-1350
-1350
-1344
-1337
-1328
-1320
-1312
-1302
-1289
-1270
-1244
-1207
-1158
-1096
-1020
-931
-830
-719
-601
-479
-358
-241
-132
-33
50
118
169
202
217
217
203
178
146
110
73
41
15
-1
-6
0
20
54
100
156
222
294
371
450
527
601
669
729
780
819
847
862
866
859
841
813
777
733
683
627
567
503
436
368
300
233
168
107
50
0
-46
-86
-119
-146
-167
-183
-194
-201
-204
-206
-208
-211
-216
-226
-240
-261
-288
-320
-358
-400
-445
-490
-534
-575
-611
-640
-662
-675
-677
-669
-651
-621
-581
-530
-471
-404
-332
-256
-179
-104
-34
27
81
123
152
169
174
168
152
130
103
74
46
20
-1
-18
-32
-44
-55
-69
-89
-116
-155
-206
-271
-347
-435
-530
-629
-728
-820
-901
-965
-1010
-1030
-1024
-991
-929
-840
-725
-588
-431
-260
-78
108
294
475
645
801
938
1053
1144
1211
1252
1269
1265
1242
1203
1154
1099
1043
989
941
901
871
851
839
833
830
827
821
808
786
752
707
649
578
496
403
301
192
77
-40
-161
-282
-401
-517
-626
-727
-817
-896
-961
-1010
-1044
-1063
-1065
-1053
-1027
-990
-943
-889
-830
-768
-705
-643
-583
-524
-469
-416
-366
-319
-273
-229
-187
-146
-107
-71
-37
-6
22
48
71
92
112
129
146
161
176
190
205
219
234
251
268
288
310
335
363
394
429
467
508
551
595
638
679
715
744
764
773
769
753
722
678
622
555
480
397
311
222
133
47
-35
-113
-185
-251
-310
-362
-408
-448
-482
-510
-534
-553
-566
-575
-577
-574
-563
-545
-519
-484
-440
-388
-327
-259
-186
-108
-28
50
127
200
266
324
373
411
440
458
467
469
464
455
443
430
415
401
386
370
351
327
298
261
216
162
99
28
-47
-127
-208
-288
-363
-433
-494
-545
-587
-618
-639
-649
-650
-642
-624
-597
-560
-514
-459
-394
-319
-236
-146
-51
46
144
238
325
402
467
517
551
569
571
559
534
499
456
409
360
311
266
224
188
158
132
110
91
72
51
26
-4
-43
-91
-150
-221
-302
-392
-491
-597
-705
-814
-920
-1018
-1105
-1176
-1228
-1258
-1262
-1239
-1189
-1111
-1008
-882
-737
-579
-412
-242
-76
81
226
354
463
550
615
659
683
690
682
664
639
611
584
561
545
538
541
553
573
597
623
644
656
655
637
598
537
454
350
228
95
-44
-182
-311
-422
-507
-558
-570
-539
-462
-341
-179
15
237
475
718
954
1173
1364
1519
1631
1694
1707
1667
1577
1439
1259
1043
798
534
260
-15
-284
-538
-769
-972
-1144
-1282
-1384
-1453
-1489
-1496
-1478
-1437
-1380
-1309
-1229
-1143
-1055
-966
-879
-796
-716
-640
-567
-498
-432
-366
-301
-235
-168
-100
-31
38
105
170
228
279
318
342
351
340
309
257
184
90
-21
-147
-284
-426
-566
-697
-813
-907
-971
-1001
-992
-942
-851
-719
-548
-343
-108
150
427
715
1010
1305
1594
1872
2133
2373
2585
2765
2908
3010
3066
3074
3032
2940
2799
2610
2379
2108
1804
1474
1122
757
385
12
-354
-709
-1046
-1359
-1644
-1897
-2114
-2294
-2435
-2537
-2601
-2631
-2628
-2598
-2543
-2470
-2382
-2283
-2176
-2062
-1944
-1821
-1693
-1559
-1418
-1269
-1110
-942
-765
-581
-391
-199
-10
172
343
496
628
734
809
852
860
835
777
689
573
436
283
120
-46
-209
-362
-497
-610
-695
-748
-768
-752
-704
-623
-516
-387
-242
-88
66
218
360
488
601
699
783
858
929
1002
1085
1182
1300
1442
1608
1798
2005
2225
2448
2663
2860
3027
3153
3230
3249
3206
3096
2920
2680
2381
2028
1631
1199
744
277
-191
-649
-1086
-1493
-1862
-2188
-2465
-2691
-2864
-2987
-3059
-3086
-3071
-3019
-2937
-2829
-2701
-2559
-2409
-2254
-2098
-1943
-1792
-1646
-1504
-1366
-1229
-1094
-956
-816
-670
-519
-362
-200
-33
135
303
467
625
771
903
1017
1111
1183
1231
1255
1254
1231
1188
1126
1051
965
873
780
690
606
533
473
429
401
391
398
421
459
509
568
634
704
774
841
902
955
995
1021
1031
1021
990
938
864
768
652
519
371
213
48
-117
-280
-435
-579
-706
-816
-904
-971
-1015
-1037
-1037
-1016
-977
-922
-853
-772
-684
-591
-496
-402
-314
-233
-165
-111
-73
-55
-56
-77
-118
-174
-245
-326
-411
-496
-576
-645
-700
-737
-753
-749
-725
-682
-622
-549
-465
-375
-281
-186
-91
2
93
183
272
359
446
532
618
702
784
863
937
1003
1061
1108
1142
1160
1161
1142
1102
1040
956
850
724
