-1273
-1460
-1641
-1811
-1966
-2101
-2215
-2306
-2373
-2415
-2434
-2430
-2405
-2359
-2296
-2215
-2119
-2009
-1886
-1753
-1610
-1460
-1305
-1146
-985
-825
-665
-509
-355
-205
-58
87
231
376
521
667
815
964
1113
1260
1404
1543
1673
1792
1896
1983
2050
2093
2111
2101
2060
1988
1884
1746
1575
1370
1134
868
575
259
-72
-414
-756
-1088
-1397
-1671
-1897
-2061
-2154
-2165
-2089
-1925
-1674
-1342
-943
-489
-1
500
994
1457
1868
2209
2466
2630
2697
2669
2555
2367
2123
1842
1546
1254
986
755
572
443
368
343
360
410
479
555
627
684
718
722
694
633
538
414
263
91
-97
-296
-501
-705
-903
-1091
-1262
-1412
-1538
-1635
-1702
-1736
-1737
-1707
-1649
-1565
-1462
-1343
-1215
-1083
-951
-825
-706
-598
-501
-415
-341
-277
-222
-175
-135
-101
-72
-47
-28
-14
-6
-5
-10
-24
-46
-78
-119
-169
-227
-292
-363
-437
-511
-582
-647
-701
-739
-757
-752
-718
-653
-555
-423
-258
-62
160
403
660
923
1182
1430
1658
1859
2027
2158
2248
2298
2307
2277
2211
2111
1981
1823
1642
1440
1220
985
739
487
234
-12
-247
-462
-649
-803
-916
-985
-1007
-982
-912
-803
-660
-491
-307
-117
67
235
378
486
552
572
541
460
328
151
-67
-321
-601
-899
-1207
-1514
-1812
-2092
-2347
-2569
-2753
-2892
-2984
-3025
-3014
-2951
-2835
-2671
-2459
-2206
-1914
-1592
-1243
-877
-498
-115
266
639
998
1336
1648
1930
2177
2385
2552
2676
2756
2791
2783
2733
2644
2517
2358
2168
1952
1713
1456
1185
904
619
336
61
-199
-439
-651
-830
-972
-1073
-1133
-1151
-1131
-1078
-999
-901
-793
-683
-581
-492
-422
-373
-347
-342
-353
-376
-404
-431
-448
-452
-437
-401
-343
-266
-173
-69
38
144
241
322
384
422
436
425
391
339
273
198
120
45
-22
-77
-116
-139
-142
-128
-97
-53
2
65
132
198
261
317
363
398
422
432
432
421
402
378
349
319
290
261
235
212
191
171
153
136
118
99
81
61
42
23
5
-11
-26
-42
-58
-78
-104
-138
-183
-243
-321
-418
-535
-672
-828
-1000
-1184
-1374
-1565
-1751
-1924
-2078
-2207
-2306
-2371
-2398
-2386
-2334
-2243
-2116
-1954
-1760
-1540
-1297
-1036
-760
-474
-181
112
405
694
977
1251
1515
1767
2006
2231
2442
2636
2813
2971
3107
3220
3306
3363
3391
3386
3350
3283
3187
3066
2925
2769
2605
2437
2272
2111
1958
1813
1672
1531
1385
1226
1046
840
599
322
7
-343
-725
-1131
-1550
-1972
-2384
-2775
-3133
-3448
-3713
-3921
-4067
-4149
-4167
-4121
-4015
-3851
-3635
-3371
-3067
-2730
-2367
-1987
-1598
-1207
-825
-458
-114
201
481
723
925
1083
1201
1279
1321
1332
1319
1287
1243
1193
1145
1101
1066
1043
1030
1028
1034
1045
1058
1069
1074
1070
1054
1026
985
930
862
784
698
606
512
419
330
248
175
113
64
27
4
-7
-7
1
17
39
63
90
115
138
158
172
179
179
169
150
119
78
26
-35
-107
-185
-267
-350
-430
-502
-563
-608
-634
-638
-618
-575
-510
-426
-327
-218
-106
2
100
183
243
278
286
265
218
147
58
-43
-152
-261
-365
-458
-536
-597
-639
-663
-671
-665
-649
-626
-600
-576
-554
-538
-529
-526
-529
-535
-544
-551
-555
-553
-544
-528
-502
-468
-427
-379
-327
-272
-216
-160
-107
-57
-12
26
58
84
102
111
113
105
89
63
28
-15
-68
-129
-196
-268
-341
-413
-479
-534
-574
-593
-588
-554
-489
-393
-265
-109
72
272
484
701
913
1111
1289
1437
1550
1622
1651
1634
1572
1467
1323
1144
936
706
461
209
-43
-288
-519
-729
-912
-1064
-1179
-1255
-1290
-1285
-1240
-1160
-1048
-912
-757
-590
-419
-250
-88
61
196
314
414
497
564
617
657
686
706
718
721
715
698
669
625
564
484
384
263
125
-28
-193
-363
-531
-689
-830
-946
-1031
-1080
-1090
-1058
-987
-880
-742
-580
-403
-222
-45
115
251
354
417
438
415
350
248
117
-32
-191
-346
-485
-596
-668
-694
-666
-582
-442
-248
-4
279
597
936
1287
1640
1984
2311
2615
2890
3133
3343
3516
3655
3756
3820
3845
3828
3765
3651
3483
3257
2972
2629
2232
1789
1311
812
306
-189
-661
-1093
-1474
-1797
-2056
-2251
-2384
-2461
-2490
-2481
-2446
-2395
-2340
-2288
-2249
-2227
-2226
-2247
-2288
-2347
-2419
-2500
-2583
-2662
-2731
-2787
-2824
-2840
-2833
-2802
-2747
-2668
-2567
-2445
-2305
-2148
-1977
-1794
-1600
-1399
-1192
-981
-768
-556
-345
-137
64
261
452
636
814
986
1153
1315
1474
1629
1781
1930
2075
2214
2346
2467
2574
2662
2726
2763
2766
2733
2659
2543
2384
2182
1941
1664
1356
1026
681
332
-11
-339
-640
-903
-1118
-1275
-1366
-1385
-1327
-1190
-975
-687
-335
70
515
979
1444
1887
2287
2623
2876
3033
3081
3017
2840
2555
2174
1712
1187
621
36
-545
-1101
-1614
-2067
-2449
-2752
-2973
-3114
-3180
-3180
-3123
-3022
-2890
-2737
-2574
-2410
-2250
-2099
-1958
-1826
-1702
-1583
-1464
-1342
-1215
-1079
-936
-784
-628
-470
-314
-166
-30
89
189
268
327
366
390
403
410
417
429
452
489
542
611
696
792
896
1001
1102
1190
1261
1307
1326
1314
1270
1194
1089
960
810
647
477
307
142
-11
-149
-269
-369
-448
-507
-546
-568
-575
-567
-548
-516
-475
-423
-362
-290
-208
-116
-15
93
209
329
450
570
684
789
881
957
1014
1049
1060
1047
1008
944
855
744
611
459
291
108
-85
-287
-495
-703
-909
-1107
-1293
-1463
-1612
-1735
-1829
-1891
-1919
-1911
-1867
-1788
-1675
-1530
-1355
-1154
-927
-679
-412
-127
171
482
803
1132
1465
1801
2135
2464
2785
3093
3381
3644
3875
4065
4206
4288
4301
4236
4085
3841
3500
3064
2534
1918
1229
480
-307
-1116
-1923
-2704
-3439
-4106
-4689
-5170
-5538
-5785
-5906
-5900
-5768
-5517
-5153
-4689
-4136
-3511
-2830
-2111
-1373
-635
84
770
1407
1982
2486
2912
3257
3520
3704
3811
3850
3826
3750
3629
3473
3288
3083
2861
2625
2375
2112
1832
1533
1212
867
499
109
-298
-718
-1141
-1558
-1958
-2329
-2659
-2938
-3157
-3309
-3391
-3400
-3338
-3209
-3019
-2776
-2489
-2169
-1825
-1466
-1103
-742
-389
-51
267
565
839
1087
1308
1499
1660
1790
1888
1953
1986
1988
1959
1903
1822
1720
1601
1470
1330
1186
1041
898
759
624
496
373
254
139
27
-83
-192
-300
-405
-507
-603
-692
-770
-835
-886
-921
-942
-948
-943
-930
-913
-895
-882
-877
-882
-899
-928
-969
-1017
-1069
-1121
-1167
-1201
-1220
-1218
-1193
-1143
-1067
-966
-842
-698
-540
-371
-197
-24
142
298
441
566
673
762
833
889
932
964
989
1009
1026
1041
1056
1070
1083
1094
1101
1104
1101
1089
1067
1034
988
929
855
765
660
539
402
252
90
-82
-261
-444
-628
-810
-988
-1158
-1321
-1474
-1616
-1746
-1864
-1966
-2051
-2117
-2160
-2177
-2164
-2119
-2040
-1925
-1774
-1589
-1372
-1128
-862
-578
-284
15
314
608
894
1169
1433
1683
1920
2142
2350
2540
2711
2858
2979
3067
3119
3130
3095
3012
2879
2695
2461
2182
1861
1506
1125
727
322
-78
-464
-826
-1157
-1448
-1695
-1894
-2043
-2144
-2198
-2209
-2180
-2118
-2029
-1919
-1796
-1665
-1534
-1408
-1291
-1188
-1100
-1029
-975
-937
-913
-897
-887
-877
-862
-837
-797
-738
-658
-556
-433
-290
-130
42
222
406
587
761
921
1065
1187
1284
1356
1399
1414
1400
1361
1298
1214
1112
996
872
743
614
490
378
281
206
158
142
163
222
322
461
638
847
1080
1330
1584
1832
2062
2263
2424
2536
2593
2589
2523
2394
2205
1963
1676
1354
1009
655
304
-28
-334
-602
-826
-1002
-1130
-1212
-1254
-1263
-1250
-1224
-1194
-1171
-1162
-1173
-1207
-1266
-1348
-1450
-1565
-1687
-1808
-1921
-2016
-2088
-2132
-2143
-2121
-2066
-1981
-1870
-1740
-1597
-1448
-1301
-1161
-1035
-926
-838
-770
-722
-692
-677
-673
-675
-678
-676
-667
-645
-609
-557
-488
-404
-306
-198
-83
35
153
266
373
470
555
628
689
739
778
810
837
861
886
916
953
1001
1061
1135
1225
1329
1447
1576
1713
1855
1996
2130
2251
2352
2426
2465
2465
2419
2325
2179
1983
1739
1452
1128
776
405
25
-352
-717
-1061
-1375
-1652
-1887
-2074
-2214
-2306
-2350
-2351
-2312
-2239
-2137
-2015
-1877
-1730
-1581
-1435
-1296
-1168
-1052
-949
-860
-782
-714
-653
-596
-539
-477
-409
-331
-240
-136
-18
112
252
401
552
702
846
977
1092
1184
1251
1289
1296
1271
1216
1131
1019
886
735
571
402
232
67
-86
-226
-347
-447
-522
-573
-598
-599
-575
-529
-464
-383
-289
-187
-80
26
128
222
303
370
418
446
453
439
403
348
274
184
81
-32
-154
-278
-403
-522
-634
-732
-815
-879
-922
-942
-938
-913
-866
-800
-718
-624
-521
-415
-307
-203
-105
-17
58
120
165
192
198
183
145
84
0
-106
-234
-380
-539
-708
-880
-1048
-1205
-1343
-1454
-1530
-1563
-1546
-1474
-1342
-1146
-888
-567
-190
236
705
1205
1724
2247
2763
3257
3717
4131
4489
4782
5004
5150
5217
5204
5110
4938
4691
4374
3991
3550
3059
2528
1968
1391
810
237
-314
-835
-1316
-1749
-2129
-2453
-2720
-2930
-3086
-3191
-3250
-3267
-3249
-3201
-3130
-3041
-2938
-2827
-2710
-2591
-2471
-2352
-2233
-2115
-1998
-1881
-1765
-1649
-1534
-1421
-1310
-1203
-1099
-1000
-906
-816
-729
-644
-560
-476
-391
-305
-218
-132
-48
30
102
162
210
241
256
255
240
213
180
147
120
108
116
153
224
335
486
678
909
1173
1461
1765
2072
2368
2640
2877
3066
3199
3270
3275
3216
3096
2920
2699
2440
2154
1852
1542
1232
928
635
356
93
-154
-384
-597
-794
-974
-1137
-1283
-1410
-1519
-1608
-1677
-1725
-1751
-1755
-1738
-1699
-1640
-1562
-1469
-1364
-1249
-1130
-1011
-895
-788
-691
-608
-540
-488
-452
-430
-421
-422
-432
-448
-468
-490
-513
-537
-560
-584
-608
-634
-661
-690
-723
-758
-796
-837
-880
-923
-967
-1009
-1049
-1085
-1115
-1137
-1150
-1151
-1138
-1108
-1060
-991
-899
-783
-641
-472
-276
-55
191
462
752
1058
1375
1697
2017
2326
2617
2881
3111
3300
3442
3533
3571
3555
3485
3364
3196
2984
2735
2453
2145
1817
1474
1124
771
424
86
-233
-530
-799
-1035
-1235
-1396
-1519
-1604
-1656
-1677
-1675
-1656
-1625
-1589
-1554
-1523
-1500
-1485
-1480
-1482
-1490
-1500
-1509
-1514
-1511
-1498
-1472
-1433
-1381
-1315
-1239
-1155
-1065
-973
-882
-797
-719
-649
-590
-542
-503
-473
-449
-430
-413
-398
-381
-364
-344
-322
-297
-270
-240
-206
-166
-119
-60
14
110
232
386
575
804
1071
1378
1719
2087
2475
2870
3259
3630
3968
4261
4497
4668
4767
4791
4740
4619
4433
4190
3901
3576
3225
2859
2486
2113
1744
1382
1027
680
337
-2
-343
-686
-1034
-1387
-1746
-2110
-2477
-2843
-3203
-3554
-3887
-4197
-4477
-4720
-4920
-5070
-5166
-5204
-5184
-5104
-4967
-4774
-4531
-4244
-3919
-3564
-3188
-2798
-2404
-2013
-1632
-1270
-930
-617
-335
-84
136
328
494
639
768
887
1002
1117
1237
1365
1504
1652
1809
1971
2136
2296
2446
2579
2688
2767
2810
2812
2770
2683
2551
2377
2165
1921
1654
1373
1086
803
535
288
70
-113
-260
-368
-439
-473
-476
-453
-411
-355
-295
-236
-185
-148
-130
-132
-156
-201
-264
-341
-427
-514
-596
-666
-718
-746
-747
-717
-656
-566
-448
-306
-147
23
200
374
538
686
812
910
976
1007
1001
957
878
767
628
466
288
100
-91
-279
-459
-627
-778
-911
