-162
-102
-43
12
66
119
168
214
255
287
309
318
312
289
250
195
127
47
-40
-133
-227
-321
-411
-498
-581
-658
-730
-796
-854
-901
-935
-950
-941
-902
-827
-708
-542
-324
-52
271
646
1064
1516
1992
2477
2956
3413
3831
4196
4492
4709
4838
4872
4811
4653
4404
4069
3656
3176
2638
2056
1442
808
167
-467
-1085
-1677
-2233
-2748
-3214
-3628
-3986
-4287
-4528
-4708
-4826
-4881
-4874
-4804
-4674
-4485
-4240
-3944
-3602
-3220
-2807
-2370
-1919
-1462
-1009
-569
-149
242
602
927
1214
1463
1675
1853
1999
2117
2209
2278
2325
2351
2355
2338
2296
2230
2137
2017
1871
1700
1508
1298
1076
848
618
392
176
-26
-214
-383
-532
-662
-771
-861
-930
-981
-1014
-1029
-1026
-1008
-973
-922
-857
-777
-685
-581
-467
-346
-220
-91
36
161
280
391
492
582
659
724
776
815
842
858
863
858
845
823
796
761
721
674
620
559
489
411
324
228
123
11
-106
-228
-352
-475
-594
-706
-808
-897
-972
-1030
-1069
-1088
-1088
-1069
-1033
-980
-915
-840
-760
-678
-599
-527
-465
-418
-387
-373
-378
-399
-435
-481
-534
-589
-639
-680
-705
-711
-694
-652
-584
-492
-377
-244
-97
56
211
361
501
624
728
808
864
896
904
891
860
816
763
705
647
592
543
502
469
444
425
410
394
376
350
316
269
210
138
54
-38
-138
-240
-341
-437
-522
-594
-650
-688
-707
-707
-689
-654
-606
-546
-478
-405
-329
-254
-180
-110
-43
17
74
125
171
211
247
277
303
322
335
342
342
334
319
297
267
230
188
140
88
35
-18
-71
-121
-167
-208
-245
-277
-304
-328
-348
-366
-381
-394
-403
-409
-409
-402
-386
-361
-324
-274
-213
-140
-55
37
138
244
353
463
572
679
782
880
973
1059
1137
1204
1259
1299
1320
1319
1293
1238
1151
1031
878
692
477
235
-24
-297
-573
-843
-1098
-1329
-1527
-1685
-1799
-1866
-1885
-1856
-1784
-1674
-1531
-1363
-1179
-987
-796
-613
-445
-300
-181
-94
-39
-18
-31
-73
-141
-230
-331
-437
-540
-630
-699
-740
-748
-718
-647
-534
-382
-194
24
268
528
795
1060
1313
1544
1745
1910
2034
2116
2154
2153
2117
2054
1970
1874
1775
1677
1585
1502
1426
1356
1288
1216
1134
1039
925
790
635
460
269
68
-138
-343
-539
-720
-882
-1018
-1127
-1208
-1259
-1281
-1276
-1246
-1193
-1119
-1027
-919
-799
-670
-535
-399
-265
-139
-24
74
154
210
241
246
224
177
107
17
-87
-203
-323
-442
-555
-654
-736
-794
-824
-823
-789
-721
-617
-480
-313
-118
98
330
572
815
1051
1271
1468
1635
1765
1852
1895
1890
1840
1745
1610
1439
1239
1016
777
529
278
30
-207
-433
-641
-829
-994
-1136
-1253
-1345
-1413
-1457
-1478
-1478
-1458
-1420
-1366
-1299
-1219
-1130
-1034
-933
-828
-721
-614
-509
-406
-306
-212
-123
-42
30
93
144
181
203
208
196
166
118
54
-23
-113
-210
-310
-409
-502
-583
-648
-693
-715
-712
-681
-623
-538
-428
-295
-144
20
194
370
544
709
861
996
1109
1198
1263
1301
1313
1300
1262
1202
1121
1021
904
772
630
479
324
167
13
-135
-274
-401
-514
-612
-692
-757
-805
-838
-858
-866
-865
-857
-844
-829
-813
-798
-786
-779
-777
-780
-788
-800
-815
-830
-845
-855
-860
-857
-845
-824
-791
-749
-699
-641
-577
-511
-444
-378
-315
-256
-201
-151
-104
-60
-17
25
70
116
167
221
281
346
417
492
573
658
746
836
926
1014
1098
1174
1239
1290
1324
1336
1325
1287
1222
1128
1007
860
690
501
297
83
-133
-348
-555
-748
-921
-1069
-1188
-1274
-1324
-1335
-1309
-1244
-1144
-1010
-847
-661
-457
-242
-21
197
408
606
785
941
1070
1169
1236
1271
1274
1248
1196
1122
1032
933
832
734
648
579
531
507
509
537
589
662
749
845
942
1031
1106
1157
1178
1163
1108
1010
872
695
485
249
-3
-264
-522
-768
-993
-1190
-1352
-1478
-1564
-1611
-1621
-1597
-1542
-1460
-1355
-1228
-1084
-925
-753
-571
-383
-190
1
190
372
544
703
845
969
1074
1158
1220
1261
1280
1277
1255
1214
1156
1083
997
901
798
688
574
455
334
210
83
-47
-182
-321
-463
-607
-753
-897
-1036
-1167
-1287
-1390
-1474
-1535
-1570
-1577
-1553
-1500
-1418
-1310
-1178
-1028
-864
-693
-520
-352
-195
-53
69
170
247
300
328
334
321
291
248
198
144
92
46
9
-14
-23
-15
8
48
100
162
231
301
370
431
483
522
546
553
544
520
483
436
382
324
266
211
162
120
87
62
47
39
38
42
49
59
70
81
91
100
106
110
111
108
99
85
65
36
-1
-48
-105
-172
-247
-330
-418
-509
-598
-683
-760
-824
-871
-898
-903
-885
-842
-776
-691
-589
-477
-360
-246
-142
-54
11
51
60
39
-12
-91
-194
-313
-441
-569
-689
-791
-869
-914
-923
-894
-826
-723
-590
-434
-263
-87
82
238
372
477
550
589
595
572
526
464
396
330
276
242
234
258
315
407
528
677
844
1024
1208
1388
1557
1707
1834
1935
2007
2049
2061
2043
1997
1923
1823
1696
1546
1373
1179
966
738
498
252
5
-237
-469
-685
-881
-1051
-1194
-1306
-1389
-1444
-1473
-1481
-1471
-1451
-1425
-1399
-1376
-1361
-1355
-1358
-1370
-1388
-1408
-1426
-1436
-1433
-1413
-1371
-1305
-1213
-1094
-951
-786
-603
-407
-204
0
196
383
552
701
825
925
999
1050
1078
1089
1085
1071
1050
1027
1003
982
964
950
941
935
931
927
920
909
890
861
819
763
692
605
502
384
252
109
-41
-196
-351
-502
-644
-774
-886
-978
-1048
-1094
-1115
-1113
-1089
-1046
-985
-912
-828
-738
-645
-552
-461
-373
-291
-214
-145
-82
-27
20
60
93
118
135
145
147
143
134
121
109
99
97
106
132
177
245
337
452
590
743
907
1072
1228
1364
1469
1533
1547
1504
1398
1228
997
710
375
3
-388
-786
-1173
-1532
-1847
-2104
-2294
-2410
-2449
-2413
-2306
-2137
-1918
-1661
-1379
-1086
-793
-512
-250
-14
193
369
516
635
730
804
862
907
943
970
989
999
999
986
958
913
849
766
667
554
432
306
182
65
-37
-123
-188
-232
-257
-264
-258
-244
-229
-218
-216
-228
-254
-295
-349
-413
-481
-548
-608
-653
-680
-682
-657
-604
-521
-410
-272
-112
65
258
460
666
872
1074
1267
1450
1619
1772
1908
2024
2118
2187
2228
2237
2211
2144
2035
1879
1677
1428
1135
803
441
55
-341
-739
-1125
-1488
-1816
-2099
-2330
-2502
-2612
-2657
-2639
-2560
-2425
-2241
-2014
-1754
-1468
-1167
-859
-551
-251
33
299
541
756
941
1094
1214
1302
1356
1380
1375
1344
1291
1220
1137
1044
948
850
754
662
575
492
413
337
262
186
106
22
-68
-165
-269
-380
-496
-615
-735
-852
-964
-1067
-1159
-1238
-1301
-1348
-1378
-1391
-1388
-1370
-1338
-1294
-1237
-1169
-1091
-1003
-903
-794
-674
-543
-403
-255
-100
59
219
377
528
669
793
896
975
1026
1048
1039
1002
939
856
759
654
549
452
368
302
257
234
232
249
283
327
377
428
475
512
535
542
530
497
443
369
274
162
35
-102
-248
-396
-543
-683
-812
-925
-1018
-1087
-1129
-1140
-1122
-1072
-993
-888
-760
-615
-458
-297
-139
11
147
264
358
429
474
495
493
473
437
392
341
291
247
212
191
185
195
221
259
305
354
401
438
461
464
442
395
322
224
106
-28
-172
-319
-462
-594
-709
-802
-869
-908
-919
-902
-860
-795
-710
-610
-498
-378
-253
-125
2
129
254
375
492
604
709
806
893
967
1026
1069
1091
1093
1074
1032
969
888
790
678
558
431
303
177
56
-56
-161
-255
-341
-418
-488
-554
-617
-679
-744
-810
-879
-950
-1022
-1092
-1156
-1212
-1255
-1282
-1288
-1271
-1227
-1157
-1059
-933
-782
-609
-415
-207
12
238
467
694
916
1130
1333
1522
1697
1854
1993
2112
2207
2278
2320
2333
2313
2259
2171
2049
1895
1711
1500
1269
1021
763
501
238
-18
-266
-501
-722
-927
-1116
-1288
-1443
-1583
-1706
-1815
-1908
-1985
-2046
-2089
-2113
-2117
-2099
-2059
-1996
-1909
-1799
-1668
-1517
-1352
-1174
-990
-805
-625
-456
-303
-172
-65
13
64
86
82
54
7
-51
-116
-181
-237
-279
-298
-291
-252
-180
-73
65
233
425
632
847
1061
1264
1449
1608
1737
1834
1899
1934
1944
1935
1912
1882
1851
1823
1798
1778
1761
1743
1719
1684
1630
1553
1447
1308
1134
926
685
416
125
-177
-484
-783
-1063
-1313
-1525
-1690
-1802
-1860
-1863
-1813
-1719
-1586
-1427
-1252
-1073
-902
-750
-624
-532
-478
-462
-482
-535
-614
-711
-816
-921
-1016
-1094
-1147
-1172
-1165
-1126
-1057
-960
-839
-698
-544
-381
-214
-48
114
269
415
549
671
779
873
953
1017
1066
1099
1116
1116
1100
1066
1015
947
864
765
654
532
402
268
133
0
-127
-246
-353
-444
-519
-575
-611
-626
-620
-594
-550
-489
-413
-327
-233
-134
-36
58
145
222
286
335
368
384
384
370
343
305
259
208
153
98
44
-7
-55
-97
-131
-158
-175
-181
-177
-162
-137
-104
-65
-22
21
64
102
135
162
183
198
207
213
215
215
213
209
203
195
183
169
151
129
103
72
35
-7
-58
-117
-183
-258
-339
-424
-512
-600
-683
-759
-823
-873
-904
-914
-901
-863
-799
-710
-595
-459
-303
-131
50
236
422
599
763
907
1025
1113
1168
1187
1171
1120
1037
925
790
637
473
305
140
-14
-152
-269
-361
-424
-458
-464
-445
-405
-349
-283
-212
-144
-84
-35
-3
11
6
-16
-56
-111
-177
-251
-328
-404
-475
-538
-589
-627
-648
-651
-637
-603
-551
-480
-392
-289
-172
-46
85
217
344
459
556
630
675
686
663
603
509
384
232
60
-123
-311
-495
-667
-819
-944
-1037
-1094
-1112
-1092
-1033
-938
-811
-657
-481
-289
-88
116
318
514
698
869
1025
1163
1284
1388
1475
1545
1599
1637
1659
1664
1653
1625
1579
1518
1441
1350
1247
1136
1020
901
784
670
563
463
369
281
196
111
23
-71
-175
-289
-414
-549
-693
-840
-989
-1134
-1270
-1393
-1500
-1586
-1650
-1690
-1705
-1696
-1665
-1613
-1544
-1460
-1363
-1258
-1147
-1033
-916
-800
-684
-570
-459
-350
-245
-142
-44
50
139
223
301
372
434
488
531
564
586
598
599
592
576
553
525
493
459
425
392
362
336
314
298
288
284
287
295
308
327
350
376
405
437
470
503
536
567
596
620
640
653
658
655
643
621
589
547
497
438
374
305
233
162
92
25
-36
-94
-147
-196
-243
-289
-337
-389
-446
-510
-582
-661
-747
-837
-928
-1018
-1103
-1178
-1240
-1285
-1310
-1313
-1293
-1249
-1182
-1095
-989
-871
-743
-613
-486
-368
-264
-180
-118
-80
-69
-82
-117
-170
-237
-312
-388
-458
-517
-557
-574
-562
-519
-441
-329
-183
-5
198
423
663
908
1150
1380
1591
1774
1924
2036
2110
2143
2137
2095
2022
1922
1802
1668
1525
1379
1236
1099
971
853
747
651
563
482
403
325
242
154
57
-50
-168
-298
-437
-584
-737
-893
-1047
-1198
-1340
-1471
-1587
-1687
-1767
-1825
-1861
-1874
-1862
-1826
-1766
-1684
-1580
-1458
-1319
-1167
-1005
-838
-669
-503
-344
-195
-59
59
161
245
309
356
