582
425
258
86
-85
-252
-409
-553
-680
-788
-874
-940
-986
-1013
-1023
-1021
-1007
-987
-963
-937
-912
-888
-867
-848
-833
-819
-807
-795
-782
-769
-755
-738
-720
-700
-677
-652
-624
-593
-557
-515
-466
-408
-339
-259
-165
-58
62
195
340
493
650
807
960
1102
1229
1336
1419
1474
1502
1500
1472
1419
1347
1261
1165
1067
972
885
810
750
707
681
670
672
683
700
717
729
733
725
702
661
604
528
437
331
213
88
-42
-175
-306
-432
-551
-660
-757
-841
-911
-964
-1002
-1022
-1026
-1013
-984
-938
-878
-805
-721
-627
-527
-423
-320
-220
-127
-45
22
74
107
120
112
84
36
-30
-111
-204
-305
-409
-512
-608
-694
-765
-818
-850
-861
-849
-817
-764
-694
-610
-516
-414
-309
-205
-103
-7
82
163
235
300
357
407
452
493
529
561
590
612
629
637
635
623
599
563
516
460
399
335
274
218
173
140
124
124
141
173
218
273
333
396
455
509
554
587
608
616
610
594
567
532
492
448
404
361
321
284
253
225
201
180
159
136
111
80
43
0
-52
-112
-178
-248
-321
-395
-466
-532
-590
-641
-681
-711
-731
-741
-743
-737
-726
-710
-691
-670
-647
-624
-601
-578
-554
-530
-506
-481
-456
-430
-404
-378
-351
-325
-299
-273
-248
-224
-200
-175
-151
-125
-98
-69
-38
-4
32
72
115
159
205
252
298
343
386
427
463
495
522
543
557
564
563
554
535
507
469
421
363
295
218
133
41
-55
-155
-256
-355
-449
-535
-612
-675
-723
-755
-768
-762
-735
-687
-618
-529
-419
-291
-146
11
178
349
517
675
816
932
1015
1060
1062
1019
930
799
632
439
232
24
-170
-338
-467
-547
-571
-537
-445
-302
-114
104
342
585
817
1025
1197
1321
1391
1402
1354
1248
1089
886
647
384
110
-163
-423
-660
-864
-1029
-1151
-1227
-1259
-1249
-1201
-1121
-1014
-887
-745
-594
-438
-281
-125
26
173
314
447
570
682
781
864
927
969
987
978
942
878
788
674
542
396
243
88
-62
-203
-331
-444
-541
-622
-688
-740
-781
-811
-833
-846
-851
-847
-833
-808
-772
-722
-660
-584
-495
-396
-287
-172
-55
61
174
278
370
446
504
543
561
559
538
500
447
383
312
237
162
91
26
-29
-75
-109
-131
-140
-137
-122
-96
-61
-18
32
87
146
206
267
325
380
428
469
500
520
527
521
501
468
423
367
303
232
158
83
11
-55
-115
-167
-209
-241
-264
-278
-286
-289
-289
-288
-289
-291
-297
-308
-322
-340
-362
-386
-412
-440
-467
-493
-518
-540
-558
-571
-577
-576
-566
-545
-513
-469
-413
-347
-270
-186
-99
-12
70
142
199
235
245
225
173
87
-30
-178
-350
-539
-735
-928
-1107
-1261
-1380
-1458
-1489
-1473
-1411
-1308
-1172
-1012
-837
-656
-477
-306
-146
1
138
267
393
519
652
794
949
1116
1295
1484
1678
1871
2056
2226
2373
2488
2565
2598
2581
2511
2389
2215
1993
1728
1429
1102
758
405
53
-291
-622
-932
-1218
-1478
-1711
-1914
-2088
-2234
-2352
-2442
-2505
-2541
-2549
-2531
-2486
-2414
-2316
-2192
-2042
-1870
-1675
-1461
-1230
-986
-731
-468
-199
72
347
623
900
1176
1451
1723
1987
2239
2474
2683
2858
2991
3074
3099
3062
2960
2793
2564
2281
1953
1592
1210
823
445
89
-230
-504
-726
-888
-991
-1036
-1026
-969
-874
-750
-610
-463
-320
-191
-84
-4
43
58
40
-10
-88
-191
-312
-445
-585
-726
-861
-984
-1091
-1177
-1237
-1267
-1266
-1229
-1158
-1051
-910
-738
-539
-320
-87
149
383
603
801
967
1096
1183
1225
1222
1179
1100
993
869
736
604
481
376
292
231
193
177
177
190
210
231
248
259
260
249
226
192
148
96
39
-19
-80
-139
-197
-251
-302
-351
-398
-445
-492
-540
-590
-640
-689
-737
-780
-817
-844
-861
-863
-852
-824
-783
-727
-660
-584
-502
-418
-335
-256
-183
-119
-63
-17
19
49
72
90
104
115
124
131
136
139
138
134
124
109
89
62
31
-4
-41
-78
-112
-142
-164
-177
-181
-173
-155
-127
-91
-51
-7
36
77
112
140
159
167
165
153
132
104
71
36
1
-30
-57
-77
-89
-92
-87
-75
-56
-33
-8
18
44
68
89
105
116
121
121
114
101
81
54
20
-19
-65
-118
-175
-236
-298
-359
-416
-467
-506
-532
-540
-528
-495
-439
-362
-264
-150
-24
108
243
373
493
598
686
753
799
824
831
820
796
762
721
675
627
580
533
489
445
403
360
316
267
214
154
87
13
-66
-153
-244
-337
-432
-524
-614
-699
-777
-849
-912
-966
-1011
-1045
-1068
-1079
-1076
-1060
-1029
-981
-917
-835
-736
-620
-487
-341
-182
-14
158
333
505
671
827
969
1094
1201
1288
1354
1400
1426
1432
1421
1394
1353
1298
1233
1158
1077
989
898
804
710
615
523
433
346
263
185
110
40
-26
-89
-148
-205
-260
-312
-363
-410
-455
-496
-532
-563
-586
-601
-607
-604
-592
-571
-541
-506
-465
-421
-377
-333
-292
-256
-225
-200
-181
-170
-165
-165
-171
-181
-194
-210
-228
-246
-265
-284
-302
-319
-335
-349
-361
-368
-371
-368
-358
-341
-315
-281
-239
-190
-135
-75
-13
47
107
162
210
252
284
308
323
330
331
327
319
310
302
296
293
295
301
311
324
338
352
362
367
364
352
329
293
246
186
115
35
-51
-143
-236
-328
-415
-495
-564
-621
-664
-690
-701
-695
-673
-637
-587
-526
-457
-381
-301
-219
-138
-60
13
81
140
191
233
264
283
292
289
275
250
216
172
121
64
2
-59
-122
-181
-235
-281
-317
-341
-352
-350
-333
-303
-261
-207
-144
-75
-2
71
143
209
268
316
352
374
382
374
351
315
267
211
147
81
15
-47
-103
-149
-182
-202
-207
-197
-173
-135
-88
-33
26
86
145
198
245
283
311
331
342
346
346
342
339
337
340
348
364
387
418
456
499
546
593
638
677
708
725
727
711
675
617
539
440
322
189
44
-108
-264
-418
-565
-701
-821
-922
-1001
-1058
-1093
-1105
-1097
-1071
-1030
-978
-916
-849
-779
-707
-635
-565
-497
-430
-365
-301
-240
-179
-121
-66
-13
33
76
113
143
166
182
193
200
203
205
207
212
220
233
251
274
300
330
361
393
423
451
476
499
521
541
562
586
612
642
675
711
747
780
808
827
833
824
796
748
680
592
487
368
238
102
-34
-169
-296
-412
-514
-600
-669
-721
-756
-776
-783
-779
-767
-749
-729
-707
-686
-667
-649
-634
-621
-608
-594
-577
-557
-532
-501
-464
-420
-369
-313
-252
-189
-124
-59
2
60
113
159
196
226
247
259
263
261
251
236
217
195
169
143
116
89
62
38
16
-1
-15
-23
-25
-19
-5
17
48
87
133
184
240
297
354
409
459
504
541
571
591
602
603
595
577
551
515
472
420
361
295
223
145
62
-24
-114
-208
-304
-401
-498
-595
-690
-783
-873
-961
-1045
-1127
-1207
-1285
-1364
-1443
-1522
-1603
-1684
-1763
-1838
-1903
-1955
-1986
-1991
-1962
-1894
-1780
-1617
-1401
-1134
-817
-453
-50
382
836
1298
1757
2200
2615
2991
3319
3592
3806
3957
4047
4079
4056
3985
3872
3724
3547
3346
3126
2887
2633
2361
2070
1761
1431
1080
711
327
-66
-463
-854
-1230
-1581
-1899
-2177
-2409
-2591
-2722
-2803
-2838
-2831
-2787
-2711
-2610
-2488
-2350
-2199
-2037
-1867
-1690
-1507
-1319
-1127
-933
-740
-551
-370
-202
-49
82
189
271
325
351
352
331
292
240
182
122
65
16
-20
-45
-56
-54
-38
-12
21
62
107
153
199
242
282
318
349
376
397
415
429
439
447
453
456
458
457
454
448
439
426
411
391
368
342
314
283
251
219
186
155
124
95
68
44
21
2
-14
-27
-36
-40
-40
-33
-20
0
26
59
98
141
187
233
277
317
349
371
382
381
366
337
295
241
176
104
26
-55
-137
-218
-295
-366
-430
-485
-531
-567
-594
-611
-619
-618
-609
-594
-571
-544
-511
-475
-437
-397
-357
-319
-283
-252
-226
-206
-192
-184
-182
-183
-188
-192
-196
-195
-188
-175
-152
-121
-82
-34
18
74
131
185
232
270
294
303
295
268
224
162
86
-2
-99
-200
-301
-398
-485
-560
-618
-658
-678
-676
-655
-614
-556
-483
-400
-310
-216
-121
-28
59
141
217
288
353
415
474
531
588
645
700
752
800
842
874
896
905
900
880
846
799
741
675
602
526
449
374
301
231
164
99
34
-33
-103
-179
-260
-348
-441
-537
-634
-728
-814
-890
-950
-992
-1011
-1006
-976
-920
-840
-739
-619
-484
-340
-191
-43
99
233
353
457
543
609
656
684
693
687
666
633
591
543
491
438
385
336
292
255
224
200
183
172
166
163
162
161
159
155
148
138
124
106
85
62
36
10
-17
-44
-71
-98
-123
-147
-170
-191
-211
-229
-246
-261
-275
-287
-298
-307
-314
-319
-323
-325
-324
-323
-319
-314
-307
-299
-289
-278
-265
-252
-237
-221
-205
-188
-172
-156
-142
-129
-120
-114
-113
-118
-129
-148
-175
-209
-251
-300
-353
-409
-465
-518
-563
-598
-619
-622
-606
-570
-511
-433
-335
-221
-93
42
184
326
466
599
723
835
935
1020
1092
1152
1200
1240
1273
1300
1325
1347
1368
1386
1401
1410
1413
1405
1387
1356
1311
1251
1177
1089
988
875
750
614
470
316
155
-11
-183
-358
-535
-711
-884
-1052
-1212
-1362
-1497
-1617
-1717
-1795
-1850
-1880
-1885
-1863
-1816
-1746
-1655
-1546
-1423
-1289
-1148
-1005
-862
-722
-588
-462
-344
-235
-134
-42
43
124
200
274
347
420
494
568
642
716
789
858
924
983
1035
1078
1110
1131
1139
1135
1118
1088
1046
992
929
857
778
694
605
515
423
333
245
160
80
4
-64
-127
-183
-233
-276
-313
-343
-368
-388
-402
-412
-418
-420
-419
-414
-407
-396
-383
-368
-350
-330
-309
-287
-265
-243
-222
-202
-185
-170
-159
-151
-146
-145
-147
-153
-161
-172
-184
-198
-213
-228
-244
-260
-275
-289
-302
-313
-323
-331
-335
-337
-334
-327
-316
-299
-278
-252
-222
-188
-150
-111
-70
-29
10
47
82
111
136
155
168
175
177
175
170
163
156
149
145
143
145
151
160
172
186
202
219
235
249
261
270
274
276
273
268
261
253
245
238
234
233
235
239
247
255
263
269
271
268
257
237
208
168
119
61
-4
-77
-155
-236
-317
-398
-475
-547
-613
-670
-717
-755
-781
-795
-797
-788
-766
-733
-688
-632
-566
-490
-407
-316
-221
-122
-23
74
169
258
340
413
475
525
564
591
606
609
602
586
561
530
493
453
409
365
321
278
237
198
163
132
106
84
68
57
52
52
58
70
86
107
130
155
180
203
222
238
247
249
244
233
216
193
167
139
111
84
60
39
22
10
1
-2
-4
-3
-2
0
0
0
-3
-10
-21
-37
-58
-85
-117
-153
-194
-237
-282
-327
-370
-411
-446
-476
-499
-514
-520
-517
-505
-486
-458
