-1429
-1323
-1215
-1107
-1002
-902
-809
-722
-641
-566
-496
-429
-364
-302
-243
-186
-133
-85
-42
-7
20
38
48
50
42
28
7
-17
-45
-73
-100
-122
-138
-146
-143
-128
-101
-60
-6
59
138
227
325
430
540
652
765
877
984
1085
1176
1256
1323
1373
1407
1423
1420
1398
1359
1303
1233
1148
1052
947
835
717
596
473
351
232
116
6
-96
-191
-277
-353
-418
-473
-518
-554
-583
-606
-626
-647
-671
-702
-742
-793
-857
-934
-1022
-1118
-1218
-1318
-1412
-1493
-1556
-1596
-1609
-1592
-1545
-1467
-1363
-1235
-1089
-931
-768
-607
-453
-312
-188
-86
-5
51
88
105
107
97
80
59
40
26
18
20
33
57
91
136
190
252
320
392
466
540
613
683
747
805
854
894
924
941
946
937
913
875
820
750
665
566
455
333
205
74
-55
-180
-295
-397
-484
-552
-602
-634
-648
-646
-632
-609
-580
-549
-518
-490
-467
-449
-437
-429
-423
-419
-412
-402
-386
-362
-329
-287
-235
-174
-105
-29
52
137
224
311
396
477
554
623
685
738
782
815
837
847
846
831
803
760
704
633
548
451
341
223
99
-26
-150
-267
-373
-462
-530
-574
-592
-581
-541
-475
-383
-270
-139
4
156
309
460
603
734
850
947
1024
1079
1112
1124
1116
1088
1042
980
903
814
712
601
480
350
214
71
-74
-223
-372
-520
-665
-805
-939
-1067
-1188
-1301
-1406
-1502
-1590
-1668
-1735
-1789
-1827
-1849
-1851
-1831
-1788
-1719
-1625
-1505
-1358
-1186
-990
-773
-535
-282
-17
255
530
803
1066
1315
1545
1749
1923
2064
2169
2236
2266
2257
2213
2135
2028
1895
1743
1575
1400
1224
1052
892
746
619
512
423
350
289
233
177
113
37
-56
-169
-303
-455
-622
-798
-977
-1152
-1314
-1456
-1572
-1656
-1706
-1718
-1693
-1633
-1539
-1418
-1273
-1112
-939
-762
-585
-412
-248
-94
46
174
289
391
481
559
627
684
731
768
795
811
815
807
787
753
706
646
575
493
403
308
210
113
19
-66
-144
-213
-270
-317
-355
-383
-403
-417
-424
-425
-419
-406
-383
-350
-304
-245
-170
-80
22
138
263
392
520
641
750
839
904
940
943
912
846
748
622
472
305
128
-49
-222
-381
-522
-637
-724
-781
-806
-801
-768
-712
-638
-551
-458
-365
-278
-203
-145
-107
-91
-98
-127
-176
-241
-316
-397
-478
-553
-617
-666
-697
-710
-704
-680
-642
-592
-535
-473
-411
-353
-301
-256
-222
-197
-183
-179
-184
-198
-220
-249
-283
-323
-367
-415
-464
-513
-560
-602
-636
-659
-668
-660
-633
-585
-515
-424
-312
-182
-36
120
284
451
616
774
923
1059
1179
1284
1373
1448
1511
1566
1615
1663
1712
1765
1823
1885
1951
2018
2083
2141
2188
2219
2228
2211
2162
2080
1960
1803
1606
1372
1102
802
477
132
-222
-580
-933
-1271
-1586
-1873
-2124
-2336
-2507
-2634
-2720
-2766
-2775
-2753
-2703
-2631
-2541
-2438
-2324
-2203
-2076
-1943
-1804
-1658
-1504
-1339
-1162
-973
-770
-554
-328
-94
145
384
619
844
1053
1243
1408
1544
1649
1722
1761
1768
1743
1689
1609
1506
1384
1246
1096
938
776
613
454
303
162
36
-71
-159
-224
-265
-281
-272
-240
-186
-113
-24
76
186
299
411
516
610
688
746
781
790
772
727
657
565
455
330
197
60
-74
-205
-326
-435
-532
-615
-685
-741
-787
-822
-847
-865
-874
-876
-869
-853
-827
-791
-744
-687
-619
-541
-456
-364
-268
-170
-72
23
114
199
277
347
408
461
504
538
562
577
583
579
565
540
506
462
409
348
279
205
127
46
-35
-115
-193
-268
-338
-404
-463
-518
-566
-610
-648
-682
-711
-737
-760
-780
-797
-812
-823
-831
-834
-831
-820
-800
-770
-728
-675
-610
-535
-450
-360
-266
-172
-83
-3
65
119
155
173
172
154
119
72
16
-44
-105
-162
-212
-250
-275
-286
-281
-261
-225
-177
-116
-44
36
125
220
320
423
529
636
743
848
951
1049
1141
1225
1298
1358
1403
1432
1444
1438
1415
1377
1326
1264
1196
1125
1055
986
923
865
812
763
717
671
621
565
500
422
331
225
103
-31
-181
-341
-508
-680
-853
-1021
-1182
-1330
-1462
-1576
-1668
-1736
-1780
-1799
-1792
-1760
-1704
-1625
-1523
-1402
-1263
-1108
-940
-764
-582
-400
-222
-52
104
245
364
459
528
569
582
569
530
469
391
301
204
106
13
-69
-136
-185
-211
-214
-193
-149
-83
2
105
222
350
485
626
769
912
1052
1189
1318
1438
1545
1635
1703
1747
1760
1741
1687
1598
1475
1323
1147
955
754
555
366
195
49
-67
-151
-203
-224
-219
-192
-152
-106
-62
-27
-8
-9
-36
-89
-168
-272
-398
-541
-697
-858
-1020
-1177
-1323
-1454
-1567
-1657
-1724
-1763
-1776
-1759
-1714
-1639
-1536
-1405
-1249
-1070
-871
-656
-429
-197
34
260
475
672
846
994
1110
1193
1242
1255
1236
1185
1107
1006
887
756
616
474
332
195
64
-58
-172
-278
-376
-466
-550
-629
-702
-769
-830
-884
-929
-966
-991
-1005
-1007
-996
-972
-936
-888
-831
-764
-691
-614
-533
-450
-368
-286
-206
-128
-52
21
95
169
243
320
399
482
567
656
745
835
922
1003
1075
1135
1179
1203
1206
1184
1137
1065
969
850
712
557
391
219
44
-127
-290
-442
-576
-691
-783
-850
-891
-905
-893
-856
-798
-721
-629
-528
-422
-317
-217
-128
-54
2
37
51
44
17
-26
-84
-149
-217
-282
-339
-383
-410
-418
-405
-370
-315
-242
-153
-53
54
165
276
382
481
570
647
713
767
809
842
867
885
898
907
911
909
902
885
859
819
765
694
606
501
379
241
90
-73
-245
-426
-611
-800
-992
-1185
-1379
-1572
-1766
-1959
-2151
-2340
-2524
-2703
-2871
-3024
-3157
-3262
-3333
-3360
-3335
-3251
-3099
-2874
-2572
-2194
-1740
-1215
-629
9
687
1390
2104
2812
3499
4150
4749
5284
5743
6115
6391
6567
6639
6607
6474
6246
5930
5535
5073
4556
3994
3400
2785
2161
1538
926
334
-228
-756
-1241
-1679
-2068
-2404
-2690
-2924
-3110
-3251
-3348
-3406
-3426
-3410
-3362
-3282
-3171
-3032
-2867
-2677
-2465
-2234
-1988
-1730
-1465
-1197
-930
-668
-416
-179
39
237
410
556
675
767
831
869
885
880
858
823
778
727
673
617
563
510
460
412
364
315
263
206
143
72
-7
-95
-190
-290
-393
-495
-592
-680
-755
-812
-848
-860
-847
-807
-740
-650
-539
-411
-271
-127
15
151
273
377
459
516
548
556
541
508
461
404
343
284
231
187
155
136
130
136
152
174
200
226
248
263
269
263
244
212
167
109
39
-40
-129
-225
-326
-428
-530
-629
-720
-801
-869
-920
-952
-962
-950
-914
-857
-779
-683
-575
-459
-341
-227
-123
-36
29
70
82
65
20
-50
-142
-250
-365
-480
-587
-677
-744
-782
-786
-755
-688
-587
-456
-301
-127
56
243
426
596
747
872
967
1026
1047
1027
967
866
727
554
351
124
-120
-374
-629
-878
-1111
-1321
-1501
-1645
-1747
-1804
-1813
-1773
-1685
-1549
-1368
-1147
-889
-602
-289
40
381
725
1067
1398
1712
2002
2260
2479
2655
2780
2851
2863
2815
2705
2535
2308
2030
1707
1349
966
569
170
-218
-588
-928
-1231
-1490
-1703
-1868
-1985
-2057
-2087
-2078
-2036
-1966
-1870
-1754
-1620
-1470
-1306
-1128
-939
-739
-529
-312
-90
134
357
575
784
980
1158
1315
1449
1557
1637
1690
1716
1718
1697
1659
1606
1543
1473
1400
1327
1256
1187
1123
1063
1007
954
904
857
811
766
720
672
622
568
508
441
367
283
191
90
-17
-132
-250
-368
-484
-594
-695
-784
-859
-920
-965
-996
-1012
-1016
-1009
-993
-968
-938
-902
-862
-818
-774
-728
-683
-641
-602
-569
-542
-523
-512
-512
-521
-541
-572
-615
-668
-732
-806
-888
-975
-1066
-1155
-1238
-1311
-1368
-1404
-1416
-1400
-1353
-1275
-1164
-1021
-850
-653
-432
-194
59
322
591
862
1129
1388
1635
1865
2073
2254
2405
2520
2597
2631
2621
2565
2464
2318
2132
1909
1658
1385
1101
814
535
272
36
-168
-336
-463
-550
-597
-609
-590
-547
-485
-413
-337
-263
-198
-145
-108
-89
-90
-110
-149
-205
-275
-359
-452
-551
-655
-760
-865
-966
-1064
-1156
-1241
-1319
-1388
-1448
-1496
-1533
-1557
-1565
-1557
-1531
-1486
-1421
-1337
-1232
-1110
-970
-816
-651
-478
-301
-124
48
214
368
509
633
739
825
892
940
970
982
979
963
935
899
855
806
754
700
644
586
526
462
395
320
238
146
44
-69
-195
-330
-472
-618
-765
-905
-1034
-1146
-1235
-1295
-1322
-1313
-1264
-1176
-1049
-885
-688
-463
-214
49
324
600
871
1128
1366
1578
1757
1899
2000
2059
2075
2051
1990
1897
1778
1641
1494
1345
1200
1064
941
833
739
658
586
518
449
375
290
192
79
-49
-192
-347
-509
-673
-834
-985
-1120
-1234
-1323
-1385
-1417
-1420
-1397
-1349
-1282
-1200
-1107
-1009
-909
-810
-714
-622
-532
-445
-359
-273
-186
-101
-19
56
121
172
203
212
197
159
99
23
-63
-154
-240
-314
-368
-397
-395
-360
-292
-190
-59
96
272
461
654
846
1028
1194
1338
1456
1543
1598
1620
1610
1567
1496
1398
1279
1140
986
821
648
470
291
112
-64
-236
-403
-562
-714
-858
-993
-1119
-1237
-1345
-1446
-1537
-1620
-1693
-1756
-1806
-1842
-1862
-1862
-1841
-1797
-1727
-1632
-1511
-1366
-1198
-1011
-806
-589
-364
-133
98
329
555
773
983
1181
1366
1538
1694
1834
1957
2063
2151
2222
2273
2304
2314
2299
2257
2187
2085
1951
1786
1591
1370
1130
877
620
366
124
-99
-299
-471
-615
-730
-817
-878
-915
-930
-926
-904
-864
-808
-737
-651
-553
-444
-330
-213
-100
2
89
155
192
197
164
92
-19
-171
-360
-582
-830
-1096
-1372
-1649
-1917
-2167
-2389
-2578
-2725
-2829
-2886
-2895
-2860
-2782
-2666
-2518
-2344
-2150
-1943
-1727
-1508
-1291
-1078
-871
-672
-480
-294
-113
66
246
430
618
812
1011
1215
1420
1622
1818
2003
2171
2318
2440
2534
2598
2632
2635
2611
2564
2497
2417
2329
2240
2152
2072
2001
1941
1891
1851
1817
1787
1757
1723
1682
1631
1567
1489
1394
1281
1150
999
829
639
429
200
-44
-305
-577
-857
-1141
-1423
-1699
-1962
-2207
-2427
-2618
-2773
-2889
-2961
-2989
-2971
-2907
-2799
-2652
-2469
-2255
-2017
-1762
-1495
-1223
-952
-687
-433
-195
22
218
389
533
651
742
807
848
868
869
855
828
792
750
703
655
606
556
507
457
407
356
302
244
181
113
40
-39
-123
-211
-301
-390
-476
-557
-628
-688
-733
-762
-773
-765
-736
-686
-617
-528
-421
-298
-161
-14
141
300
461
621
778
929
1073
1209
1336
1452
1556
1647
1721
1775
1806
1810
1782
1721
1622
1486
1312
1101
858
587
295
-9
-319
-623
-913
-1180
-1415
-1612
-1767
-1875
-1936
-1951
-1923
-1858
-1762
-1643
-1510
-1370
-1233
-1105
-992
-897
-819
-759
-710
-667
-623
-570
-500
-408
-289
-143
28
223
434
652
868
1071
1253
1403
1514
1580
1596
1563
1480
1352
1184
984
760
522
281
46
-173
-369
-536
-669
-767
-829
-857
-855
-828
-782
-722
-656
-588
-522
-463
-413
-373
-343
-323
-310
-301
-295
-287
-273
-252
-220
-176
-118
-48
33
124
220
316
409
494
567
624
664
687
692
682
660
630
596
564
537
519
513
519
538
