191
230
267
301
332
361
387
410
431
447
458
464
462
451
430
399
356
303
239
166
85
-1
-92
-185
-279
-372
-462
-548
-628
-700
-764
-818
-860
-888
-901
-896
-873
-830
-768
-685
-585
-469
-339
-200
-55
88
226
353
463
551
611
639
632
588
505
386
233
52
-151
-369
-592
-811
-1015
-1195
-1342
-1449
-1511
-1524
-1485
-1396
-1258
-1077
-859
-611
-342
-60
224
503
768
1013
1232
1420
1574
1694
1780
1833
1856
1851
1822
1773
1705
1621
1521
1406
1275
1128
964
783
587
378
160
-60
-274
-473
-647
-784
-876
-915
-894
-812
-670
-474
-234
37
325
611
876
1103
1277
1385
1420
1378
1261
1075
832
546
232
-91
-409
-705
-966
-1182
-1346
-1455
-1508
-1509
-1464
-1381
-1269
-1139
-1001
-867
-744
-639
-558
-500
-465
-450
-447
-451
-453
-444
-418
-367
-288
-179
-42
121
304
500
700
894
1072
1226
1350
1437
1487
1498
1474
1417
1333
1228
1107
977
841
704
571
442
321
209
108
19
-56
-119
-168
-204
-228
-240
-243
-239
-230
-219
-209
-203
-202
-210
-227
-256
-297
-351
-418
-497
-587
-685
-788
-893
-997
-1094
-1181
-1253
-1305
-1335
-1339
-1315
-1261
-1177
-1063
-921
-754
-565
-358
-138
87
315
539
753
952
1132
1288
1418
1518
1588
1625
1631
1606
1551
1468
1359
1229
1081
918
745
567
388
211
40
-121
-271
-406
-526
-630
-716
-785
-838
-876
-899
-909
-909
-899
-883
-861
-837
-812
-788
-766
-748
-735
-727
-724
-725
-730
-737
-745
-751
-754
-751
-741
-723
-694
-656
-607
-549
-484
-412
-338
-263
-191
-124
-66
-18
18
44
60
68
70
69
70
74
87
109
143
189
245
310
379
448
512
568
609
634
641
629
600
558
508
455
408
372
352
355
381
432
508
605
719
846
980
1115
1245
1364
1468
1551
1610
1640
1640
1606
1537
1432
1290
1111
897
649
372
68
-254
-591
-934
-1275
-1605
-1916
-2200
-2450
-2660
-2826
-2943
-3011
-3029
-2997
-2917
-2793
-2629
-2429
-2200
-1947
-1677
-1398
-1114
-832
-558
-297
-51
175
382
568
734
881
1011
1125
1226
1315
1393
1462
1523
1575
1619
1655
1682
1699
1707
1704
1691
1668
1634
1590
1537
1476
1407
1332
1253
1169
1083
995
904
812
717
618
515
407
292
171
45
-86
-220
-355
-487
-613
-728
-828
-910
-972
-1010
-1024
-1015
-983
-934
-870
-797
-723
-654
-596
-557
-541
-553
-596
-669
-772
-901
-1050
-1213
-1379
-1541
-1689
-1812
-1903
-1955
-1963
-1922
-1832
-1693
-1509
-1283
-1023
-734
-425
-103
223
548
864
1165
1446
1704
1935
2138
2313
2459
2578
2670
2736
2778
2795
2787
2756
2700
2619
2514
2385
2231
2053
1853
1633
1394
1140
876
606
335
70
-182
-417
-629
-815
-969
-1091
-1181
-1238
-1265
-1266
-1244
-1204
-1152
-1093
-1032
-974
-922
-880
-850
-834
-832
-843
-867
-902
-946
-998
-1055
-1116
-1176
-1235
-1289
-1336
-1373
-1398
-1408
-1402
-1377
-1333
-1267
-1180
-1072
-944
-798
-636
-463
-283
-101
76
246
404
547
675
785
879
960
1028
1086
1136
1181
1222
1260
1295
1326
1354
1376
1390
1394
1385
1359
1313
1244
1151
1031
884
712
517
302
72
-166
-406
-640
-861
-1061
-1233
-1372
-1472
-1530
-1546
-1517
-1446
-1336
-1190
-1015
-816
-601
-377
-152
64
266
446
597
714
792
829
825
780
697
582
439
276
101
-75
-247
-404
-540
-648
-723
-762
-762
-724
-649
-541
-405
-246
-73
105
283
449
596
714
797
839
836
787
691
551
373
165
-64
-303
-540
-761
-954
-1108
-1211
-1255
-1236
-1150
-997
-782
-510
-194
155
524
894
1251
1577
1858
2084
2244
2334
2354
2306
2198
2038
1838
1607
1359
1103
847
598
361
140
-65
-254
-430
-593
-747
-895
-1040
-1185
-1331
-1480
-1631
-1782
-1931
-2074
-2205
-2319
-2409
-2471
-2497
-2486
-2433
-2338
-2201
-2023
-1808
-1561
-1286
-991
-683
-369
-58
244
529
791
1024
1224
1386
1510
1595
1641
1649
1625
1570
1491
1392
1280
1158
1033
910
792
683
587
506
443
400
378
377
396
432
482
541
602
658
703
729
729
701
642
551
432
288
128
-39
-207
-365
-504
-614
-690
-726
-718
-667
-574
-443
-280
-94
105
310
508
691
849
976
1067
1119
1131
1107
1049
964
860
743
621
503
393
296
214
149
98
60
30
3
-24
-57
-100
-156
-225
-310
-407
-517
-636
-759
-884
-1005
-1120
-1224
-1315
-1392
-1455
-1503
-1538
-1562
-1576
-1582
-1582
-1577
-1568
-1553
-1534
-1509
-1476
-1434
-1382
-1317
-1239
-1148
-1044
-927
-798
-659
-510
-354
-193
-27
141
312
484
654
822
987
1148
1301
1447
1582
1704
1812
1902
1974
2023
2050
2053
2031
1984
1914
1822
1710
1581
1438
1284
1124
962
802
647
501
367
246
141
52
-22
-84
-134
-176
-214
-249
-285
-325
-370
-422
-481
-547
-620
-697
-776
-856
-934
-1006
-1072
-1127
-1171
-1202
-1219
-1220
-1205
-1173
-1125
-1059
-977
-877
-762
-633
-490
-337
-178
-15
144
297
438
562
664
741
791
813
808
779
730
664
587
504
422
344
274
216
170
139
122
118
127
145
171
202
237
272
306
335
358
372
376
368
348
316
270
214
146
71
-10
-95
-181
-264
-341
-411
-470
-516
-549
-569
-573
-565
-544
-512
-471
-423
-371
-315
-260
-205
-154
-107
-64
-28
1
25
43
55
62
65
64
60
54
46
37
27
15
1
-14
-33
-56
-84
-116
-154
-196
-243
-293
-346
-399
-451
-499
-541
-576
-602
-618
-623
-616
-598
-568
-527
-474
-412
-341
-260
-172
-77
23
129
238
348
457
564
664
755
833
897
943
968
973
955
915
855
775
680
572
455
332
208
85
-32
-142
-242
-331
-408
-471
-520
-555
-576
-583
-576
-556
-522
-476
-417
-348
-271
-186
-98
-9
76
156
226
285
328
354
363
355
330
291
240
180
115
48
-17
-79
-134
-182
-220
-251
-272
-286
-294
-296
-293
-286
-276
-261
-243
-221
-193
-161
-123
-80
-33
18
74
130
187
242
292
337
374
401
417
423
417
400
374
339
299
254
207
159
112
68
26
-11
-45
-75
-100
-121
-138
-150
-156
-158
-154
-144
-129
-109
-85
-57
-29
0
27
51
72
88
100
107
111
112
112
113
116
122
131
144
159
176
191
203
207
202
183
147
92
17
-78
-195
-331
-485
-651
-825
-1001
-1173
-1334
-1476
-1594
-1680
-1730
-1740
-1708
-1633
-1515
-1358
-1164
-940
-691
-424
-147
131
405
667
910
1129
1321
1485
1620
1729
1814
1880
1931
1974
2012
2050
2093
2141
2196
2258
2323
2387
2446
2492
2517
2515
2477
2399
2273
2099
1873
1599
1277
914
517
94
-344
-788
-1225
-1645
-2037
-2389
-2693
-2940
-3124
-3241
-3290
-3270
-3184
-3038
-2837
-2589
-2305
-1995
-1669
-1337
-1011
-699
-411
-153
68
251
391
489
545
562
542
491
413
314
201
78
-47
-172
-290
-397
-489
-563
-617
-648
-657
-643
-606
-547
-468
-370
-256
-129
9
155
307
462
616
767
912
1048
1173
1282
1373
1444
1492
1515
1513
1486
1433
1358
1261
1147
1019
880
736
590
447
310
184
71
-24
-100
-156
-191
-206
-201
-179
-145
-100
-51
-1
43
80
105
114
107
81
37
-23
-99
-187
-284
-386
-491
-593
-689
-777
-853
-915
-961
-989
-1000
-992
-967
-925
-868
-798
-718
-631
-542
-454
-370
-296
-236
-193
-170
-169
-194
-243
-316
-410
-522
-645
-772
-895
-1003
-1087
-1138
-1147
-1108
-1016
-870
-673
-429
-147
161
484
806
1112
1389
1622
1802
1920
1972
1959
1883
1752
1577
1371
1146
919
703
510
352
234
163
140
164
230
334
465
615
774
931
1073
1192
1278
1323
1321
1268
1162
1004
798
549
263
-51
-384
-726
-1066
-1396
-1705
-1984
-2227
-2428
-2580
-2683
-2735
-2737
-2691
-2601
-2473
-2312
-2124
-1916
-1694
-1463
-1228
-993
-762
-538
-323
-119
71
247
408
550
675
780
864
927
970
991
993
975
941
892
832
764
692
621
553
494
445
411
393
392
409
444
495
561
639
726
818
911
1002
1086
1159
1218
1260
1283
1284
1264
1223
1160
1077
977
861
734
598
458
318
182
55
-59
-159
-241
-305
-352
-381
-397
-402
-401
-398
-397
-403
-419
-447
-487
-540
-605
-678
-756
-836
-914
-986
-1049
-1101
-1140
-1166
-1179
-1181
-1172
-1154
-1128
-1096
-1058
-1014
-963
-904
-836
-758
-671
-574
-470
-362
-253
-149
-56
22
80
114
121
101
55
-13
-98
-192
-288
-376
-446
-491
-504
-478
-412
-303
-156
26
238
471
715
963
1204
1431
1637
1817
1965
2080
2160
2205
2214
2189
2134
2050
1943
1817
1678
1533
1386
1242
1106
980
865
759
660
564
467
365
252
127
-14
-173
-349
-540
-743
-954
-1168
-1380
-1585
-1777
-1953
-2108
-2241
-2350
-2436
-2499
-2541
-2564
-2568
-2556
-2526
-2480
-2415
-2330
-2221
-2087
-1925
-1732
-1509
-1254
-969
-657
-322
29
394
762
1128
1484
1823
2141
2432
2694
2923
3117
3277
3400
3486
3534
3543
3510
3436
3319
3160
2959
2720
2447
2144
1819
1478
1130
781
439
112
-193
-473
-724
-941
-1123
-1269
-1379
-1455
-1499
-1515
-1507
-1481
-1441
-1394
-1346
-1301
-1266
-1242
-1232
-1236
-1254
-1283
-1320
-1360
-1400
-1435
-1461
-1474
-1471
-1449
-1407
-1343
-1258
-1152
-1027
-885
-730
-566
-397
-227
-63
91
232
356
461
543
603
641
658
655
634
598
550
494
432
366
301
239
181
131
90
59
41
35
44
67
106
158
224
303
391
486
583
679
767
842
899
932
939
916
864
784
679
555
418
276
136
6
-107
-199
-266
-308
-324
-319
-296
-261
-220
-180
-144
-120
-108
-112
-131
-163
-206
-254
-304
-351
-390
-417
-431
-430
-414
-385
-345
-298
-247
-197
-151
-111
-81
-62
-53
-54
-64
-80
-101
-123
-145
-163
-178
-189
-196
-200
-202
-206
-214
-229
-254
-291
-342
-409
-493
-594
-711
-842
-984
-1132
-1283
-1429
-1565
-1683
-1778
-1843
-1874
-1865
-1816
-1724
-1590
-1418
-1210
-971
-709
-430
-141
150
437
715
976
1218
1438
1633
1802
1947
2067
2164
2240
2295
2333
2354
2360
2352
2331
2301
2261
2215
2164
2111
2058
2007
1959
1914
1873
1834
1794
1749
1697
1632
1550
1448
1322
1169
988
778
541
277
-7
-310
-625
-944
-1262
-1570
-1861
-2129
-2366
-2567
-2728
-2845
-2918
-2945
-2928
-2869
-2772
-2641
-2479
-2294
-2088
-1869
-1640
-1406
-1172
-941
-716
-500
-296
-106
68
225
364
484
585
665
726
769
794
803
797
780
754
720
681
640
599
559
523
491
465
446
433
427
427
434
445
461
479
498
516
533
545
553
555
550
538
519
494
464
430
394
358
324
294
270
252
241
237
240
248
260
274
288
299
307
309
303
289
264
229
183
126
59
-18
-104
-198
-297
-399
-501
-602
-697
-785
-864
-932
-986
-1028
-1055
-1068
-1067
-1053
-1028
-990
-942
-884
-818
-743
-662
-574
-480
-382
-280
-174
-66
43
154
265
376
484
588
685
772
846
903
941
956
948
915
858
777
677
560
431
294
155
18
-111
-231
-338
-430
-506
-567
-613
-645
-666
-676
-677
-670
-658
-639
-617
-590
-561
-529
-496
-463
-431
-401
-374
-350
-332
-318
-308
-303
-300
-299
-299
-297
-291
-281
-265
-243
-213
-178
-139
-96
-51
