838
605
386
182
-10
-196
-379
-562
-749
-941
-1138
-1340
-1543
-1745
-1940
-2124
-2292
-2436
-2552
-2634
-2678
-2681
-2639
-2553
-2424
-2252
-2043
-1801
-1534
-1247
-950
-649
-354
-70
194
434
645
823
966
1073
1144
1179
1180
1152
1097
1020
927
822
711
599
490
389
297
219
155
107
73
55
50
58
77
105
141
182
228
276
326
376
425
472
515
556
591
621
644
660
668
668
659
642
618
586
547
504
456
406
355
304
254
206
162
121
83
48
14
-18
-54
-96
-145
-204
-275
-361
-461
-574
-700
-834
-973
-1111
-1241
-1358
-1453
-1522
-1557
-1554
-1510
-1422
-1291
-1119
-910
-669
-405
-124
161
444
714
963
1182
1366
1510
1612
1672
1691
1670
1615
1529
1418
1287
1141
985
825
664
507
356
213
82
-38
-146
-244
-331
-410
-481
-546
-606
-663
-718
-770
-820
-866
-909
-948
-981
-1007
-1025
-1035
-1036
-1027
-1009
-983
-949
-909
-864
-815
-764
-713
-663
-614
-568
-526
-486
-449
-414
-380
-345
-309
-269
-224
-173
-116
-52
17
92
168
245
319
386
446
494
531
556
570
573
569
559
548
537
530
528
532
542
558
577
596
612
622
622
610
582
538
478
403
314
215
110
4
-99
-196
-281
-352
-405
-439
-452
-446
-421
-379
-323
-256
-180
-101
-20
59
134
203
264
317
361
396
422
440
451
454
450
438
419
393
358
315
263
203
135
61
-17
-99
-182
-263
-339
-407
-466
-511
-543
-559
-559
-545
-515
-473
-421
-361
-296
-229
-164
-103
-50
-7
24
43
48
38
15
-19
-65
-119
-178
-240
-299
-352
-395
-425
-439
-433
-408
-361
-294
-208
-106
9
134
265
397
526
649
761
861
946
1014
1063
1093
1102
1092
1064
1018
956
882
799
709
616
523
432
346
265
189
118
50
-15
-82
-151
-224
-303
-387
-476
-569
-666
-763
-858
-949
-1033
-1107
-1169
-1216
-1247
-1260
-1255
-1230
-1186
-1123
-1043
-946
-836
-713
-581
-443
-302
-161
-24
104
224
331
423
499
557
597
621
628
622
605
579
548
514
480
448
420
397
377
362
350
341
333
326
320
314
309
305
302
302
304
309
316
326
337
349
360
370
377
380
380
373
362
345
323
296
264
228
189
146
100
51
0
-55
-112
-172
-232
-292
-351
-406
-456
-498
-531
-554
-566
-567
-559
-543
-521
-496
-471
-448
-430
-419
-414
-416
-425
-438
-453
-467
-478
-484
-480
-467
-443
-406
-359
-300
-233
-157
-76
8
96
185
273
359
443
522
596
662
718
762
790
800
790
757
703
626
529
415
289
155
20
-110
-231
-336
-421
-482
-518
-526
-508
-465
-401
-319
-224
-123
-22
72
157
228
280
314
329
328
312
285
251
213
175
137
103
73
46
23
2
-18
-38
-60
-85
-114
-147
-185
-228
-276
-328
-382
-438
-495
-552
-607
-659
-707
-751
-789
-820
-843
-856
-857
-845
-819
-776
-715
-636
-539
-423
-289
-138
28
208
399
599
804
1011
1216
1414
1599
1768
1915
2034
2121
2172
2183
2152
2080
1966
1813
1625
1407
1166
908
642
378
122
-115
-330
-515
-666
-782
-863
-910
-927
-918
-891
-851
-804
-757
-715
-682
-662
-655
-664
-687
-723
-771
-828
-892
-960
-1030
-1099
-1164
-1224
-1277
-1322
-1356
-1379
-1388
-1383
-1361
-1322
-1264
-1186
-1089
-972
-837
-685
-518
-338
-148
49
253
461
670
878
1084
1284
1475
1655
1819
1961
2078
2165
2216
2229
2200
2130
2019
1870
1687
1479
1251
1012
772
538
318
119
-54
-200
-317
-405
-467
-507
-529
-537
-535
-529
-519
-510
-501
-494
-490
-487
-487
-489
-494
-502
-515
-532
-554
-582
-615
-653
-693
-734
-773
-808
-836
-853
-857
-845
-816
-770
-706
-626
-532
-429
-321
-212
-108
-13
68
133
180
209
221
217
201
177
148
117
88
63
42
27
16
8
2
-4
-12
-23
-36
-52
-69
-87
-101
-111
-115
-109
-93
-65
-26
24
85
155
231
310
390
469
544
613
674
726
769
801
823
834
836
830
816
798
776
752
728
707
687
671
656
642
627
608
582
546
497
434
353
256
141
11
-130
-281
-435
-587
-732
-864
-978
-1071
-1138
-1178
-1191
-1179
-1143
-1088
-1016
-934
-845
-755
-668
-587
-515
-454
-405
-368
-341
-323
-311
-303
-296
-287
-274
-254
-227
-192
-150
-100
-44
16
79
144
208
271
330
384
432
474
509
535
554
565
569
565
556
541
522
499
472
441
407
369
327
279
226
167
103
33
-39
-114
-190
-263
-331
-391
-439
-474
-492
-493
-474
-435
-378
-304
-215
-115
-8
101
210
315
411
495
567
625
669
699
717
724
722
713
697
675
648
615
577
533
481
421
354
277
192
100
1
-103
-211
-322
-433
-542
-647
-748
-843
-930
-1008
-1078
-1137
-1185
-1222
-1248
-1260
-1261
-1248
-1223
-1185
-1135
-1074
-1002
-921
-832
-735
-633
-527
-418
-307
-195
-84
25
133
239
342
443
540
635
726
813
896
975
1048
1114
1172
1220
1258
1283
1294
1292
1274
1241
1193
1132
1057
971
875
770
660
545
428
310
191
74
-40
-153
-262
-368
-469
-564
-654
-736
-810
-875
-931
-976
-1010
-1033
-1044
-1045
-1034
-1013
-980
-936
-882
-816
-740
-653
-558
-455
-345
-232
-118
-4
106
212
311
402
484
557
621
677
725
766
800
828
851
867
878
881
876
862
836
798
747
681
600
506
401
286
166
43
-76
-190
-294
-385
-460
-518
-559
-581
-586
-575
-549
-510
-462
-405
-344
-280
-217
-157
-103
-56
-18
9
27
36
36
29
17
2
-14
-31
-45
-55
-61
-62
-57
-46
-32
-13
7
30
54
77
99
119
137
152
165
175
182
185
184
177
163
139
103
54
-11
-94
-196
-317
-456
-609
-774
-945
-1117
-1284
-1437
-1572
-1680
-1757
-1797
-1797
-1753
-1666
-1535
-1361
-1148
-899
-618
-310
20
366
723
1084
1441
1787
2114
2414
2677
2895
3061
3167
3208
3183
3091
2934
2720
2456
2153
1821
1474
1122
777
448
144
-129
-369
-575
-748
-888
-1001
-1090
-1160
-1214
-1256
-1288
-1310
-1323
-1326
-1317
-1295
-1258
-1206
-1139
-1056
-960
-853
-738
-619
-501
-387
-282
-190
-113
-54
-13
7
11
-1
-27
-64
-107
-154
-201
-245
-284
-315
-338
-352
-356
-352
-340
-319
-293
-260
-223
-181
-136
-89
-40
9
59
108
155
198
239
274
304
328
347
360
367
371
370
368
364
360
356
354
353
354
355
356
355
351
342
327
306
277
241
198
151
100
48
-1
-48
-89
-123
-148
-164
-170
-167
-156
-138
-115
-88
-59
-31
-3
20
42
61
76
88
97
105
111
116
119
122
123
121
115
104
86
60
24
-23
-82
-154
-237
-332
-436
-548
-666
-785
-904
-1019
-1126
-1223
-1305
-1370
-1415
-1438
-1436
-1409
-1355
-1274
-1166
-1030
-869
-684
-475
-247
-1
258
529
806
1083
1356
1618
1862
2081
2269
2419
2527
2589
2603
2568
2486
2360
2195
1997
1774
1532
1279
1022
767
519
282
58
-151
-345
-523
-687
-836
-971
-1092
-1198
-1290
-1365
-1424
-1466
-1489
-1495
-1484
-1457
-1415
-1362
-1299
-1228
-1154
-1077
-1001
-926
-853
-784
-719
-656
-596
-538
-481
-425
-369
-313
-257
-200
-142
-85
-28
27
81
133
181
225
262
293
315
329
333
327
311
287
255
217
174
128
83
41
5
-21
-38
-41
-29
-1
42
102
176
261
354
452
550
644
729
801
856
891
905
898
869
822
760
688
611
535
466
410
371
353
357
384
431
497
575
660
745
823
887
931
951
942
901
829
728
598
446
277
98
-84
-263
-431
-584
-715
-824
-908
-968
-1005
-1024
-1028
-1021
-1006
-987
-966
-946
-927
-910
-894
-878
-862
-843
-821
-795
-766
-733
-696
-658
-619
-581
-545
-513
-485
-462
-444
-430
-418
-407
-396
-383
-365
-342
-312
-275
-231
-179
-121
-58
9
80
153
228
303
379
454
529
605
681
756
829
898
960
1012
1049
1067
1062
1032
975
892
785
656
513
361
208
59
-76
-194
-289
-360
-405
-424
-419
-395
-356
-307
-254
-202
-157
-122
-101
-95
-105
-130
-169
-218
-274
-332
-389
-440
-479
-503
-509
-493
-453
-388
-299
-186
-51
101
269
446
627
806
977
1133
1269
1379
1460
1509
1524
1508
1461
1388
1293
1180
1055
922
784
643
500
356
209
57
-100
-266
-440
-622
-811
-1004
-1198
-1386
-1564
-1726
-1864
-1973
-2047
-2081
-2074
-2023
-1929
-1793
-1621
-1417
-1187
-940
-682
-422
-168
72
295
493
662
801
908
983
1028
1045
1039
1013
973
922
866
808
750
696
646
601
563
530
502
479
459
441
425
407
388
366
339
307
269
226
177
125
70
14
-40
-92
-139
-180
-215
-243
-264
-279
-290
-298
-306
-315
-329
-350
-378
-418
-468
-529
-601
-681
-766
-855
-941
-1021
-1090
-1144
-1180
-1193
-1182
-1145
-1083
-996
-887
-757
-610
-450
-280
-104
73
251
425
594
756
909
1053
1187
1311
1425
1530
1626
1714
1793
1864
1926
1977
2014
2035
2037
2014
1963
1879
1759
1601
1404
1169
901
604
287
-41
-372
-694
-997
-1273
-1516
-1718
-1877
-1993
-2065
-2095
-2089
-2050
-1984
-1896
-1793
-1679
-1560
-1438
-1318
-1200
-1087
-978
-873
-772
-674
-578
-483
-389
-295
-201
-107
-15
74
161
244
322
393
457
512
557
591
615
629
631
624
607
584
555
523
491
459
432
410
395
387
387
393
405
421
438
455
468
477
479
473
459
437
407
371
330
285
238
190
144
98
56
16
-19
-53
-83
-110
-136
-159
-181
-203
-224
-247
-271
-297
-325
-357
-393
-432
-473
-517
-562
-607
-650
-689
-723
-749
-766
-772
-767
-749
-719
-678
-626
-567
-501
-432
-364
-297
-236
-182
-136
-100
-73
-54
-42
-35
-30
-23
-12
6
37
83
145
226
326
445
579
726
881
1038
1190
1333
1459
1564
1645
1698
1724
1723
1697
1650
1584
1505
1415
1318
1218
1115
1010
905
798
687
571
448
316
175
24
-135
-304
-480
-658
-837
-1012
-1179
-1334
-1472
-1591
-1686
-1755
-1797
-1812
-1799
-1761
-1701
-1620
-1523
-1414
-1298
-1177
-1056
-938
-824
-716
-615
-521
-433
-350
-270
-192
-115
-37
42
124
208
292
377
460
539
613
680
738
786
823
849
864
869
865
853
834
812
785
757
728
699
670
641
611
582
552
522
490
457
423
387
351
315
279
243
209
177
147
121
98
79
63
50
40
31
21
10
-4
-24
-50
-84
-127
-178
-238
-304
-377
-454
-533
-613
-690
-762
-828
-885
-932
-968
-990
-998
-991
-969
-931
-877
-808
-722
-622
-508
-381
-244
-99
50
201
350
493
624
740
837
910
956
973
960
917
847
752
638
511
380
252
134
34
-42
-92
-113
-106
-73
-17
53
134
217
296
364
416
447
455
439
398
334
250
151
40
-78
-199
-317
-430
-534
-626
-707
-774
-828
-871
-903
-927
-945
-956
-964
-967
-967
-964
-956
-944
-925
-899
-866
-824
-774
-716
-650
-576
-496
-411
-321
-227
-132
-35
62
160
258
355
450
544
635
722
806
885
957
1021
1076
1121
1154
1176
1186
1184
1169
