-251
-331
-406
-475
-537
-591
-637
-674
-702
-721
-732
-736
-732
-722
-706
-684
-657
-624
-587
-544
-496
-444
-387
-326
-261
-193
-122
-51
20
91
159
224
283
337
383
420
449
469
480
481
473
456
430
397
355
306
251
191
127
61
-4
-68
-126
-178
-220
-252
-273
-283
-282
-273
-257
-235
-210
-182
-154
-126
-98
-70
-42
-13
15
47
80
116
154
193
234
274
313
348
379
404
422
432
432
423
404
376
340
297
247
193
135
75
16
-42
-99
-151
-199
-240
-275
-303
-324
-337
-344
-346
-343
-337
-330
-324
-321
-321
-328
-341
-360
-385
-415
-449
-482
-514
-541
-561
-571
-570
-556
-529
-490
-438
-375
-305
-228
-149
-69
7
79
143
197
241
274
294
304
305
297
284
269
255
243
238
242
255
278
310
351
399
449
499
546
585
613
629
630
614
581
532
468
391
303
208
108
6
-92
-186
-272
-348
-411
-460
-495
-515
-520
-512
-492
-461
-421
-375
-325
-273
-221
-171
-125
-84
-48
-19
3
21
35
45
52
59
67
76
88
102
120
142
165
191
217
244
269
291
310
325
334
337
334
325
309
286
257
222
183
141
96
50
5
-38
-79
-116
-149
-176
-199
-218
-231
-241
-249
-253
-257
-260
-263
-267
-271
-275
-279
-283
-285
-286
-283
-279
-270
-259
-245
-228
-208
-185
-161
-136
-109
-81
-54
-26
0
27
51
73
93
110
123
133
140
143
143
140
135
129
122
115
109
105
104
108
115
128
146
168
193
221
249
277
302
323
337
345
344
336
319
294
263
227
186
144
100
58
18
-17
-49
-75
-95
-110
-119
-124
-125
-123
-119
-115
-111
-110
-111
-117
-128
-144
-165
-191
-222
-257
-295
-334
-373
-411
-446
-477
-502
-520
-530
-531
-523
-505
-478
-441
-395
-340
-278
-209
-135
-58
20
99
175
248
314
372
420
458
483
496
495
483
460
426
386
340
292
244
198
157
121
93
72
58
52
51
55
61
69
77
82
84
81
72
56
33
3
-31
-70
-112
-153
-192
-227
-254
-272
-280
-276
-262
-238
-205
-165
-121
-76
-32
6
38
62
75
77
67
48
20
-13
-51
-89
-123
-152
-172
-180
-175
-156
-121
-74
-13
56
133
214
295
372
441
500
545
575
588
585
566
533
486
430
367
299
230
162
97
39
-12
-56
-90
-116
-132
-140
-141
-136
-125
-111
-95
-79
-64
-51
-41
-35
-33
-34
-37
-42
-47
-49
-49
-43
-31
-13
11
41
75
111
146
178
203
220
225
216
194
157
107
46
-24
-101
-180
-257
-327
-388
-436
-466
-479
-471
-442
-394
-327
-244
-149
-45
62
170
273
365
443
504
543
559
553
522
470
399
311
212
104
-7
-118
-225
-325
-414
-490
-551
-598
-629
-644
-644
-631
-605
-568
-523
-471
-413
-352
-290
-226
-164
-102
-42
16
72
127
180
231
279
323
364
399
427
448
460
463
456
439
414
381
341
296
247
197
146
96
48
3
-38
-77
-112
-143
-171
-197
-220
-242
-262
-283
-304
-326
-348
-372
-397
-422
-447
-470
-491
-508
-520
-525
-524
-513
-493
-464
-425
-377
-320
-256
-186
-112
-37
38
110
178
240
294
340
375
402
419
427
426
419
405
387
363
337
308
276
243
208
173
136
99
63
27
-6
-38
-67
-92
-113
-129
-140
-146
-147
-144
-137
-126
-113
-97
-79
-59
-37
-13
11
38
65
94
123
150
175
196
212
221
221
213
194
166
128
82
29
-26
-83
-137
-186
-227
-256
-273
-276
-265
-243
-210
-169
-124
-76
-31
10
45
72
91
101
103
98
87
73
57
40
24
10
-1
-11
-19
-26
-34
-42
-53
-67
-84
-105
-129
-155
-183
-211
-237
-260
-277
-287
-290
-283
-266
-239
-202
-157
-104
-45
18
83
150
215
278
337
392
442
487
525
558
585
606
621
630
633
631
624
613
599
581
562
541
520
499
477
454
430
404
373
337
294
243
184
117
41
-40
-128
-220
-314
-407
-496
-579
-653
-714
-761
-792
-803
-796
-770
-724
-660
-580
-486
-380
-266
-146
-24
95
211
320
419
505
576
630
667
684
682
662
625
572
506
430
347
258
168
78
-8
-91
-167
-236
-296
-347
-388
-418
-439
-449
-448
-438
-418
-391
-356
-315
-271
-225
-180
-137
-98
-66
-42
-28
-24
-31
-48
-76
-114
-160
-213
-270
-330
-390
-448
-500
-545
-580
-603
-612
-606
-584
-547
-495
-428
-348
-258
-160
-58
46
151
251
345
430
506
570
624
667
700
725
744
759
772
785
797
811
825
838
848
852
847
829
796
746
676
586
477
350
208
54
-105
-266
-424
-571
-703
-814
-901
-959
-987
-984
-950
-887
-798
-688
-561
-424
-284
-147
-20
92
185
255
299
318
310
278
225
155
71
-22
-119
-217
-310
-396
-471
-533
-580
-613
-630
-633
-622
-599
-566
-524
-475
-421
-364
-304
-242
-180
-118
-56
4
64
123
179
234
286
334
378
417
449
474
491
498
495
482
460
428
390
346
299
251
205
164
128
101
82
72
72
79
92
108
125
140
150
152
143
123
89
43
-16
-88
-170
-260
-356
-455
-554
-650
-741
-823
-894
-951
-992
-1016
-1019
-1002
-963
-902
-820
-719
-600
-465
-319
-166
-8
149
302
447
581
700
802
886
951
996
1021
1028
1017
989
946
889
821
745
662
575
488
402
320
245
178
122
76
42
20
9
9
17
34
56
81
107
132
153
167
172
167
151
123
84
36
-19
-81
-145
-208
-269
-325
-375
-417
-451
-477
-495
-507
-513
-513
-508
-500
-488
-472
-454
-433
-410
-386
-359
-331
-301
-269
-236
-201
-164
-124
-81
-35
14
68
127
190
259
332
411
494
581
670
758
843
921
988
1041
1074
1086
1072
1031
964
871
754
619
468
309
146
-13
-165
-305
-429
-533
-618
-683
-728
-756
-768
-767
-757
-739
-715
-687
-656
-622
-586
-545
-501
-451
-395
-333
-263
-188
-107
-22
63
149
231
307
375
431
475
506
523
526
518
498
471
436
398
357
317
278
243
213
188
168
154
145
139
137
136
135
132
128
121
109
93
73
47
17
-16
-54
-94
-136
-179
-223
-265
-306
-344
-379
-410
-436
-458
-474
-486
-492
-495
-493
-488
-479
-466
-450
-431
-408
-382
-352
-320
-284
-246
-207
-167
-127
-87
-49
-14
18
47
73
95
113
127
138
145
150
153
154
154
154
154
155
157
160
165
170
177
184
192
199
206
211
213
212
208
198
183
162
135
103
66
24
-19
-66
-113
-158
-202
-244
-283
-319
-352
-385
-417
-450
-484
-520
-558
-597
-636
-674
-708
-736
-756
-765
-761
-744
-711
-664
-602
-528
-442
-347
-246
-142
-37
66
166
263
354
441
522
599
673
744
813
881
946
1009
1068
1123
1170
1208
1235
1249
1249
1232
1197
1146
1077
991
889
773
643
502
351
193
29
-137
-304
-469
-629
-779
-917
-1038
-1139
-1217
-1269
-1293
-1289
-1256
-1197
-1113
-1010
-892
-764
-631
-500
-375
-260
-158
-72
-2
52
92
121
141
155
167
180
197
221
255
300
356
424
503
590
684
781
877
969
1052
1124
1180
1219
1238
1237
1216
1173
1111
1030
932
819
691
551
402
245
83
-79
-242
-399
-549
-688
-813
-922
-1013
-1085
-1137
-1170
-1183
-1180
-1160
-1126
-1080
-1023
-958
-886
-809
-729
-647
-564
-481
-399
-318
-239
-161
-84
-8
65
139
212
284
355
424
491
555
614
668
715
754
784
803
812
808
793
766
730
685
633
578
521
465
412
364
322
285
255
229
206
184
161
135
104
67
22
-29
-88
-153
-221
-291
-361
-426
-486
-538
-581
-612
-633
-642
-641
-631
-614
-592
-566
-539
-512
-488
-467
-450
-437
-429
-424
-421
-420
-418
-415
-408
-397
-380
-355
-323
-282
-234
-178
-115
-46
27
103
181
257
329
397
457
507
547
574
588
587
572
542
498
442
375
298
215
128
40
-46
-128
-205
-272
-329
-375
-407
-427
-434
-428
-411
-383
-346
-301
-251
-197
-142
-88
-36
11
53
88
115
132
141
140
130
113
90
62
31
0
-29
-54
-74
-85
-87
-79
-60
-31
6
51
102
154
206
254
293
322
337
337
321
287
239
176
101
19
-68
-156
-241
-321
-390
-447
-488
-513
-520
-508
-476
-426
-358
-274
-176
-66
51
175
299
422
538
646
742
825
892
944
980
1001
1009
1004
990
966
935
898
855
806
750
688
617
538
449
350
241
124
1
-127
-258
-388
-513
-631
-740
-835
-917
-982
-1032
-1065
-1084
-1088
-1081
-1065
-1042
-1015
-986
-957
-930
-907
-888
-873
-864
-858
-856
-856
-856
-855
-851
-842
-826
-799
-761
-709
-642
-560
-464
-355
-236
-110
19
147
271
386
490
581
657
719
767
803
830
850
869
888
914
948
994
1055
1131
1224
1331
1451
1579
1711
1840
1960
2064
2145
2196
2214
2193
2131
2027
1883
1700
1483
1236
965
677
378
75
-225
-517
-795
-1055
-1291
-1501
-1682
-1834
-1956
-2048
-2113
-2151
-2165
-2157
-2131
-2089
-2034
-1968
-1892
-1810
-1721
-1628
-1531
-1431
-1328
-1223
-1114
-1003
-889
-771
-652
-530
-406
-282
-158
-36
83
199
310
414
513
603
687
762
830
889
941
984
1019
1046
1063
1072
1072
1063
1046
1020
987
947
902
852
801
747
693
640
589
538
490
442
396
349
302
253
203
152
99
45
-8
-61
-111
-159
-202
-241
-276
-306
-331
-352
-370
-385
-397
-405
-410
-411
-408
-400
-386
-367
-341
-309
-272
-229
-184
-136
-87
-40
2
41
74
99
116
125
127
122
111
97
80
62
43
24
6
-11
-31
-52
-76
-105
-138
-175
-218
-263
-311
-358
-402
-441
-471
-490
-497
-488
-465
-426
-372
-304
-225
-135
-39
60
161
258
348
428
494
544
574
585
576
547
502
442
374
300
228
161
106
67
47
50
75
122
191
277
377
485
596
704
803
887
953
995
1011
999
958
887
790
667
523
362
189
8
-174
-354
-526
-687
-833
-963
-1074
-1165
-1238
-1291
-1325
-1341
-1340
-1323
-1292
-1248
-1193
-1129
-1056
-978
-895
-808
-720
-629
-538
-446
-353
-259
-166
-71
22
116
210
302
392
478
561
639
712
779
839
892
937
974
1003
1023
1034
1036
1029
1013
989
958
920
877
829
778
722
663
602
536
468
395
320
240
158
73
-13
-101
-189
-277
-363
-446
-525
-600
-669
-733
-792
-844
-890
-930
-964
-993
-1016
-1034
-1047
-1055
-1057
-1053
-1044
-1028
-1007
-979
-946
-907
-862
-813
-761
-705
-647
-587
-526
-463
-399
-334
-266
-197
-126
-53
20
94
169
243
314
384
451
516
577
636
694
750
806
862
920
978
1037
1096
1153
1207
1255
1296
1326
1344
1348
1337
1311
1268
1210
1137
1051
953
845
728
607
482
356
233
114
1
-103
-199
-285
-363
-431
-493
-548
-599
-647
-692
-736
-777
-816
-851
-882
-905
