353
393
436
484
536
593
654
718
783
848
911
971
1024
1070
1107
1132
1145
1145
1130
1100
1056
997
925
842
748
647
541
433
325
221
121
30
-51
-122
-182
-230
-266
-291
-308
-316
-319
-318
-315
-314
-314
-319
-328
-342
-360
-383
-409
-437
-467
-498
-529
-560
-590
-621
-652
-682
-713
-742
-769
-792
-808
-814
-809
-788
-751
-694
-617
-521
-406
-274
-130
21
177
331
477
611
726
819
887
929
944
934
899
844
772
686
590
490
387
286
188
96
11
-65
-136
-199
-257
-308
-355
-398
-436
-470
-498
-519
-534
-541
-540
-532
-517
-496
-471
-444
-415
-385
-354
-322
-287
-249
-204
-151
-87
-10
80
185
304
435
575
719
861
996
1117
1217
1291
1336
1349
1330
1280
1203
1104
987
861
730
599
473
356
248
150
62
-16
-89
-157
-221
-283
-344
-402
-459
-512
-561
-605
-642
-674
-700
-722
-739
-755
-771
-787
-805
-826
-848
-870
-889
-904
-911
-908
-891
-858
-809
-743
-662
-565
-457
-340
-217
-93
30
149
263
369
467
557
639
713
781
843
898
947
990
1024
1049
1063
1065
1053
1027
984
926
853
764
663
552
432
308
183
59
-60
-172
-276
-369
-451
-522
-580
-627
-663
-689
-705
-711
-708
-696
-674
-641
-597
-541
-472
-389
-293
-184
-63
67
204
344
481
610
724
818
886
922
924
887
813
702
557
384
188
-22
-239
-455
-663
-855
-1025
-1171
-1288
-1375
-1433
-1464
-1469
-1454
-1421
-1376
-1324
-1268
-1214
-1164
-1121
-1085
-1057
-1035
-1018
-1001
-982
-955
-916
-860
-784
-683
-554
-398
-212
1
239
498
772
1054
1337
1613
1874
2113
2323
2498
2636
2734
2790
2806
2782
2722
2628
2504
2353
2178
1984
1774
1551
1320
1084
848
613
384
162
-49
-251
-443
-623
-793
-951
-1098
-1232
-1353
-1459
-1548
-1620
-1673
-1706
-1720
-1715
-1692
-1653
-1601
-1540
-1473
-1403
-1333
-1267
-1206
-1151
-1103
-1061
-1022
-985
-946
-902
-850
-788
-714
-628
-531
-424
-309
-189
-68
50
165
272
371
461
542
613
678
736
790
841
891
939
987
1034
1080
1124
1165
1203
1236
1264
1286
1302
1312
1315
1311
1298
1277
1246
1204
1150
1082
1001
904
793
669
533
388
238
87
-61
-201
-330
-444
-539
-615
-670
-705
-721
-720
-705
-679
-645
-605
-563
-521
-481
-446
-416
-392
-375
-366
-363
-367
-378
-395
-418
-447
-482
-525
-576
-637
-709
-794
-895
-1013
-1148
-1302
-1475
-1663
-1865
-2076
-2290
-2500
-2700
-2879
-3029
-3141
-3204
-3210
-3150
-3017
-2806
-2514
-2138
-1680
-1146
-542
121
831
1572
2327
3077
3802
4484
5103
5642
6087
6425
6649
6755
6741
6611
6373
6037
5617
5127
4582
4000
3395
2781
2171
1576
1003
459
-50
-524
-959
-1356
-1715
-2036
-2323
-2575
-2796
-2988
-3151
-3289
-3402
-3491
-3558
-3601
-3623
-3622
-3598
-3553
-3485
-3395
-3284
-3152
-3001
-2830
-2643
-2440
-2225
-1999
-1765
-1527
-1287
-1049
-814
-585
-364
-154
43
229
400
556
696
820
928
1020
1095
1156
1201
1234
1254
1263
1265
1260
1251
1240
1230
1222
1218
1220
1228
1243
1264
1292
1325
1361
1400
1439
1476
1510
1539
1561
1574
1576
1566
1543
1505
1451
1381
1295
1192
1074
942
797
641
478
311
141
-26
-189
-346
-495
-633
-759
-875
-978
-1069
-1150
-1219
-1278
-1326
-1365
-1395
-1416
-1430
-1436
-1436
-1432
-1424
-1414
-1404
-1397
-1392
-1392
-1398
-1409
-1425
-1444
-1464
-1482
-1495
-1497
-1486
-1456
-1406
-1331
-1231
-1106
-954
-778
-580
-363
-129
118
376
640
907
1173
1433
1681
1912
2119
2295
2433
2526
2569
2558
2493
2373
2203
1991
1745
1477
1199
923
662
425
223
62
-54
-123
-147
-129
-75
6
107
217
323
416
484
519
513
462
362
216
26
-199
-454
-727
-1006
-1279
-1535
-1762
-1952
-2099
-2196
-2243
-2238
-2185
-2088
-1952
-1784
-1592
-1383
-1165
-945
-729
-523
-331
-155
0
135
250
345
421
479
522
552
570
580
584
584
582
580
581
584
592
605
622
645
671
700
730
759
787
809
825
831
827
811
781
737
679
608
526
433
333
228
122
18
-79
-169
-247
-311
-359
-390
-402
-397
-375
-338
-288
-227
-159
-86
-12
59
128
191
245
290
326
350
365
369
365
351
331
304
272
236
197
155
113
71
30
-9
-48
-86
-122
-159
-197
-238
-282
-332
-388
-451
-521
-598
-681
-767
-855
-942
-1024
-1099
-1162
-1211
-1243
-1254
-1245
-1213
-1161
-1087
-996
-888
-767
-636
-496
-350
-200
-46
110
268
428
588
745
900
1047
1185
1309
1417
1505
1570
1610
1623
1610
1572
1509
1426
1325
1211
1086
954
817
678
536
392
246
96
-56
-212
-369
-525
-677
-820
-950
-1062
-1150
-1211
-1242
-1242
-1210
-1148
-1059
-948
-818
-677
-530
-383
-241
-109
7
108
191
254
298
323
332
326
307
277
238
192
141
87
31
-23
-76
-124
-166
-198
-220
-229
-223
-200
-160
-104
-31
55
154
261
372
484
591
689
775
844
893
922
929
914
879
826
759
681
596
507
420
335
256
184
120
65
17
-23
-57
-88
-114
-139
-163
-187
-212
-239
-269
-303
-341
-382
-428
-476
-528
-581
-634
-686
-734
-776
-810
-833
-844
-841
-823
-788
-738
-673
-594
-503
-403
-297
-189
-80
24
124
215
295
362
416
454
478
486
480
459
428
386
337
284
230
177
129
88
54
30
14
5
3
5
7
8
4
-6
-25
-54
-92
-138
-190
-247
-305
-360
-409
-449
-476
-488
-482
-458
-415
-354
-276
-184
-80
30
146
264
379
488
590
681
760
824
872
901
911
899
865
809
729
627
505
366
211
46
-125
-297
-466
-626
-772
-899
-1005
-1086
-1141
-1170
-1173
-1152
-1111
-1051
-977
-893
-802
-706
-608
-508
-409
-309
-209
-107
-4
100
205
312
417
519
616
705
782
847
895
926
940
937
918
884
840
786
727
665
600
536
474
413
354
298
245
195
147
103
63
26
-8
-41
-74
-108
-148
-195
-252
-324
-411
-516
-640
-780
-934
-1098
-1266
-1430
-1584
-1718
-1823
-1894
-1921
-1901
-1829
-1704
-1526
-1297
-1021
-706
-358
13
398
786
1166
1529
1864
2163
2420
2628
2782
2881
2923
2908
2838
2715
2545
2333
2085
1807
1509
1197
880
566
262
-23
-285
-517
-716
-877
-1000
-1085
-1132
-1145
-1127
-1082
-1016
-934
-841
-742
-640
-541
-445
-356
-274
-200
-135
-78
-29
12
49
82
112
142
170
199
228
257
283
305
320
324
316
291
249
187
106
7
-107
-235
-370
-508
-643
-768
-878
-969
-1036
-1076
-1088
-1071
-1026
-955
-862
-750
-625
-489
-349
-208
-69
62
187
301
403
493
570
633
681
714
731
731
715
681
629
560
475
375
262
139
11
-118
-246
-367
-477
-572
-650
-707
-743
-757
-750
-724
-680
-622
-551
-472
-386
-295
-203
-110
-18
70
156
236
311
379
437
484
520
541
547
536
510
468
412
343
266
185
102
24
-46
-104
-147
-172
-178
-164
-132
-82
-19
54
136
220
302
380
448
503
542
563
562
538
490
418
320
199
58
-102
-276
-459
-646
-830
-1007
-1169
-1312
-1432
-1525
-1588
-1621
-1622
-1591
-1530
-1441
-1324
-1184
-1023
-844
-652
-452
-248
-48
142
315
465
582
662
698
688
630
526
379
198
-9
-232
-457
-672
-864
-1021
-1133
-1192
-1191
-1127
-998
-806
-555
-250
100
489
903
1332
1763
2184
2582
2943
3258
3514
3704
3819
3856
3811
3686
3484
3210
2874
2487
2060
1606
1140
673
219
-214
-617
-985
-1313
-1600
-1846
-2053
-2221
-2356
-2459
-2534
-2583
-2607
-2610
-2590
-2549
-2487
-2403
-2298
-2173
-2029
-1869
-1694
-1507
-1311
-1111
-909
-709
-513
-324
-145
23
180
323
452
566
664
745
809
855
883
892
882
854
807
743
664
571
468
359
247
137
35
-55
-129
-181
-208
-205
-170
-101
1
140
312
517
750
1008
1286
1577
1875
2172
2458
2725
2964
3166
3324
3428
3474
3456
3371
3217
2995
2708
2362
1964
1526
1058
576
91
-379
-824
-1233
-1594
-1902
-2154
-2347
-2485
-2571
-2611
-2612
-2583
-2531
-2465
-2390
-2312
-2235
-2162
-2094
-2032
-1973
-1917
-1861
-1803
-1742
-1674
-1601
-1521
-1436
-1345
-1251
-1154
-1058
-962
-868
-776
-687
-600
-514
-426
-336
-242
-141
-33
83
209
343
485
633
786
940
1093
1241
1380
1508
1620
1712
1780
1823
1836
1818
1768
1686
1571
1426
1255
1061
850
627
399
172
-47
-253
-440
-605
-744
-856
-939
-995
-1023
-1026
-1007
-968
-912
-845
-770
-690
-612
-537
-470
-412
-364
-328
-300
-279
-260
-239
-212
-174
-121
-51
36
142
262
391
524
654
773
874
950
997
1011
992
939
857
749
623
486
346
210
86
-20
-104
-165
-201
-213
-206
-181
-146
-106
-65
-30
-3
10
9
-7
-38
-84
-141
-208
-282
-359
-435
-508
-575
-633
-679
-712
-731
-735
-723
-697
-656
-603
-538
-463
-380
-292
-199
-104
-8
87
180
269
354
431
501
561
610
646
667
673
662
634
587
522
440
341
228
104
-28
-166
-305
-440
-565
-677
-771
-842
-886
-902
-887
-841
-765
-662
-536
-393
-239
-80
73
217
344
449
527
578
602
601
578
541
495
447
404
370
351
348
364
396
442
497
557
616
667
707
730
734
717
680
625
555
477
395
315
244
185
143
119
114
127
154
191
234
276
312
337
347
339
312
266
203
124
35
-62
-162
-263
-361
-454
-541
-620
-693
-759
-819
-872
-918
-956
-984
-998
-995
-971
-924
-851
-750
-621
-464
-283
-83
130
349
564
768
950
1103
1221
1297
1330
1318
1263
1169
1040
883
704
510
310
111
-82
-265
-433
-583
-713
-824
-916
-989
-1046
-1087
-1114
-1128
-1130
-1120
-1099
-1065
-1020
-962
-890
-806
-710
-603
-487
-364
-238
-111
12
131
240
339
424
496
552
595
623
639
646
644
636
626
615
606
600
597
598
601
605
607
606
597
578
547
503
444
372
286
190
86
-21
-130
-235
-334
-423
-498
-557
-600
-624
-630
-618
-589
-545
-489
-422
-348
-269
-188
-107
-28
47
118
182
239
289
329
359
377
383
375
352
313
259
191
109
16
-83
-189
-295
-398
-492
-575
-642
-688
-713
-713
-687
-637
-563
-468
-357
-233
-102
29
156
275
379
465
531
574
595
592
567
522
458
380
289
189
84
-22
-129
-232
-328
-415
-490
-552
-598
-628
-640
-633
-609
-566
-506
-432
-344
-246
-140
-31
78
184
282
369
443
499
538
556
555
535
498
446
382
311
235
161
90
27
-23
-62
-86
-95
-90
-71
-40
0
45
95
145
194
237
274
302
322
332
332
325
310
289
263
234
203
172
140
110
81
53
26
1
-22
-46
-69
-93
-116
-140
-165
-189
-213
-237
-260
-281
-300
-316
-329
-337
-340
-337
-329
-313
-292
-264
-231
-193
-152
-109
-66
-24
15
50
80
104
121
132
137
136
131
122
112
100
89
80
72
68
67
71
78
89
105
124
145
169
195
222
250
279
308
337
366
393
416
435
446
447
434
405
356
286
195
81
-51
-201
-363
-532
-700
-861
-1009
-1137
-1241
-1317
-1362
-1376
-1358
-1311
-1238
-1140
-1023
-889
-743
-589
-429
