-517
-348
-162
29
220
398
557
689
790
857
891
894
870
829
776
723
677
647
639
657
705
782
885
1008
1143
1283
1416
1531
1620
1672
1682
1642
1552
1410
1218
982
707
402
76
-261
-600
-930
-1242
-1526
-1775
-1983
-2144
-2256
-2317
-2327
-2289
-2206
-2083
-1928
-1746
-1545
-1333
-1118
-906
-702
-511
-336
-179
-41
80
185
278
360
436
509
582
655
731
809
887
964
1035
1096
1143
1170
1173
1150
1096
1013
901
764
605
432
251
69
-107
-271
-418
-545
-647
-725
-776
-801
-801
-774
-723
-647
-548
-426
-283
-121
54
242
436
630
818
993
1148
1277
1375
1437
1460
1444
1388
1295
1169
1015
841
653
460
270
90
-74
-217
-335
-427
-493
-532
-549
-547
-530
-503
-469
-434
-400
-371
-349
-335
-329
-329
-335
-343
-352
-358
-360
-354
-341
-318
-287
-247
-202
-152
-100
-48
-1
40
74
97
108
105
88
57
11
-47
-118
-199
-286
-377
-468
-555
-635
-705
-762
-802
-826
-833
-821
-794
-752
-699
-636
-568
-498
-428
-363
-304
-253
-212
-181
-160
-147
-142
-143
-146
-151
-154
-154
-148
-135
-113
-81
-39
12
75
146
226
312
401
490
577
656
725
780
817
834
831
806
762
700
624
538
446
352
259
173
95
27
-27
-70
-100
-117
-123
-119
-107
-87
-63
-36
-7
20
47
70
91
107
119
128
132
133
131
126
117
104
88
67
41
11
-23
-62
-105
-149
-196
-243
-290
-335
-379
-421
-461
-500
-537
-573
-608
-641
-674
-705
-735
-762
-785
-804
-817
-824
-823
-813
-793
-763
-722
-669
-605
-528
-440
-341
-232
-112
14
148
286
427
566
703
833
954
1062
1156
1234
1294
1336
1360
1367
1359
1338
1306
1266
1221
1173
1124
1076
1029
983
939
893
845
791
730
658
573
474
360
232
90
-62
-223
-388
-553
-715
-870
-1013
-1143
-1256
-1350
-1425
-1478
-1510
-1521
-1512
-1486
-1443
-1386
-1320
-1246
-1167
-1088
-1009
-932
-859
-790
-724
-660
-598
-535
-469
-399
-323
-238
-144
-40
75
203
340
487
640
796
950
1099
1236
1359
1463
1547
1608
1647
1667
1671
1662
1646
1626
1606
1587
1570
1555
1538
1517
1488
1447
1390
1315
1220
1105
972
823
661
492
319
147
-18
-176
-323
-458
-582
-695
-799
-896
-990
-1082
-1173
-1265
-1357
-1449
-1538
-1621
-1694
-1755
-1799
-1823
-1824
-1801
-1753
-1681
-1587
-1473
-1343
-1201
-1051
-898
-746
-599
-461
-335
-223
-126
-46
16
63
95
113
119
116
106
92
77
63
53
48
50
60
77
103
134
171
211
253
293
330
361
385
400
406
402
388
366
338
306
273
243
218
201
195
202
222
257
305
366
439
521
610
704
801
896
989
1075
1154
1222
1279
1321
1348
1359
1352
1327
1283
1220
1139
1039
922
790
645
489
326
158
-8
-173
-332
-483
-624
-754
-873
-980
-1077
-1165
-1245
-1318
-1385
-1446
-1503
-1555
-1602
-1643
-1678
-1703
-1719
-1723
-1712
-1685
-1641
-1576
-1491
-1383
-1254
-1103
-933
-746
-546
-335
-119
97
311
516
710
888
1048
1188
1305
1400
1473
1524
1555
1568
1566
1549
1522
1486
1442
1392
1335
1271
1201
1121
1032
932
822
701
570
433
291
148
7
-127
-253
-368
-471
-562
-641
-711
-774
-832
-889
-947
-1008
-1073
-1141
-1212
-1284
-1354
-1419
-1474
-1516
-1542
-1548
-1533
-1496
-1435
-1351
-1246
-1121
-978
-821
-653
-474
-288
-97
97
296
495
695
894
1089
1279
1460
1627
1778
1908
2013
2090
2136
2148
2127
2072
1985
1868
1724
1557
1372
1172
964
752
541
336
141
-38
-201
-346
-470
-573
-657
-722
-771
-805
-827
-838
-841
-836
-824
-806
-780
-748
-709
-664
-613
-557
-497
-436
-374
-314
-258
-209
-167
-135
-113
-105
-109
-125
-154
-194
-242
-296
-353
-409
-459
-502
-533
-550
-551
-537
-508
-464
-409
-346
-277
-207
-138
-73
-15
34
74
104
124
135
138
134
126
115
103
93
86
83
87
98
116
141
172
207
245
283
318
350
374
390
396
391
376
350
316
275
229
181
133
89
50
20
0
-9
-6
7
32
66
107
151
197
241
279
310
331
339
335
317
286
243
190
131
67
4
-54
-107
-149
-178
-193
-193
-178
-148
-107
-56
0
61
121
177
226
266
295
311
314
303
279
242
193
133
65
-11
-94
-182
-272
-364
-454
-539
-618
-688
-746
-789
-816
-826
-817
-791
-747
-689
-618
-537
-450
-361
-273
-188
-110
-41
19
69
111
144
171
194
215
237
263
294
331
376
427
483
543
603
660
712
753
782
795
790
766
723
662
584
491
387
276
161
46
-64
-167
-260
-340
-406
-456
-491
-512
-519
-515
-500
-478
-449
-416
-381
-344
-307
-272
-239
-208
-182
-160
-142
-130
-122
-119
-119
-123
-129
-137
-145
-151
-156
-158
-157
-152
-143
-132
-117
-102
-87
-73
-62
-55
-54
-58
-69
-86
-110
-139
-172
-208
-244
-280
-312
-338
-356
-363
-358
-338
-303
-252
-184
-99
0
114
239
372
511
650
786
913
1027
1124
1199
1249
1272
1267
1234
1176
1097
1000
891
777
662
552
451
360
282
215
159
112
72
36
1
-33
-71
-111
-157
-207
-263
-324
-390
-460
-534
-609
-684
-757
-823
-881
-928
-960
-976
-973
-952
-911
-853
-779
-692
-594
-490
-384
-279
-180
-90
-12
51
100
132
148
149
137
114
84
49
12
-23
-55
-82
-101
-111
-110
-99
-78
-45
-2
49
110
176
248
322
395
465
530
587
633
666
686
692
684
662
629
585
534
478
420
362
305
253
205
163
125
91
60
29
0
-34
-72
-115
-165
-223
-288
-360
-438
-519
-603
-686
-765
-838
-901
-952
-987
-1005
-1003
-982
-940
-878
-797
-699
-586
-461
-328
-189
-48
91
226
353
470
573
661
731
784
816
829
821
794
748
685
606
515
415
308
199
92
-8
-101
-181
-246
-295
-325
-338
-332
-310
-273
-222
-162
-93
-18
58
136
211
283
350
409
460
501
534
557
571
576
574
565
551
531
507
481
451
418
382
343
300
250
194
130
57
-24
-116
-216
-321
-430
-538
-642
-737
-819
-886
-935
-964
-975
-967
-944
-909
-866
-819
-773
-730
-693
-662
-639
-621
-608
-596
-581
-561
-533
-493
-441
-375
-296
-203
-101
10
126
246
365
481
591
695
791
877
953
1020
1076
1122
1159
1185
1201
1207
1202
1188
1162
1126
1079
1020
949
865
770
662
543
415
279
139
-2
-142
-276
-401
-514
-612
-695
-761
-810
-844
-863
-869
-866
-854
-837
-816
-793
-770
-747
-726
-706
-688
-671
-654
-637
-618
-598
-574
-547
-517
-483
-447
-408
-366
-323
-279
-233
-187
-139
-89
-38
13
68
124
183
242
302
363
421
478
530
578
619
654
682
702
716
724
727
725
720
712
700
685
667
645
619
589
555
516
475
433
390
348
308
272
242
217
198
185
178
176
177
180
183
183
178
165
143
110
63
3
-69
-155
-251
-356
-465
-575
-680
-778
-862
-930
-979
-1007
-1013
-997
-960
-906
-838
-760
-677
-592
-510
-436
-372
-320
-281
-256
-242
-239
-244
-252
-261
-267
-267
-257
-235
-200
-149
-83
-2
93
200
318
442
569
695
814
923
1015
1087
1132
1148
1132
1082
998
883
740
573
391
199
7
-176
-346
-493
-612
-700
-754
-774
-760
-717
-648
-557
-452
-338
-219
-103
5
104
189
258
311
346
366
370
361
342
315
283
249
215
183
156
135
120
112
111
115
123
133
145
155
163
166
164
157
144
127
106
85
64
46
34
29
33
46
68
98
135
175
216
253
283
303
309
298
269
221
153
67
-35
-151
-276
-407
-539
-667
-786
-894
-987
-1063
-1120
-1157
-1175
-1174
-1155
-1119
-1069
-1007
-935
-855
-770
-682
-594
-507
-422
-341
-264
-189
-118
-47
24
97
172
251
333
417
502
586
666
740
805
859
901
931
948
953
947
931
907
876
838
795
745
690
629
560
485
403
315
221
123
23
-74
-168
-255
-330
-391
-435
-459
-463
-447
-414
-365
-307
-243
-178
-120
-71
-38
-22
-26
-51
-95
-157
-233
-319
-410
-500
-584
-657
-716
-756
-775
-772
-747
-700
-633
-548
-449
-339
-222
-101
19
136
246
348
437
513
575
622
652
667
666
649
617
569
506
430
342
245
141
35
-68
-165
-250
-318
-366
-391
-390
-364
-312
-238
-145
-37
80
202
322
435
535
619
683
725
745
744
722
683
631
568
500
431
364
305
255
217
192
178
176
181
191
202
208
207
193
163
116
51
-31
-131
-245
-369
-500
-631
-758
-875
-979
-1065
-1128
-1169
-1184
-1174
-1141
-1087
-1015
-929
-832
-730
-625
-519
-416
-316
-217
-121
-24
75
179
288
405
527
655
785
915
1042
1162
1271
1367
1446
1506
1546
1563
1558
1529
1476
1397
1294
1167
1017
845
656
453
241
26
-184
-385
-570
-732
-867
-971
-1045
-1087
-1100
-1089
-1059
-1016
-967
-917
-873
-837
-814
-803
-806
-818
-839
-863
-885
-902
-908
-899
-872
-822
-750
-654
-535
-395
-237
-66
114
300
484
662
829
979
1109
1215
1294
1344
1364
1354
1315
1249
1159
1049
924
787
644
500
358
224
100
-11
-109
-192
-261
-317
-362
-396
-422
-443
-459
-472
-483
-493
-501
-507
-510
-509
-504
-493
-476
-453
-425
-392
-357
-321
-287
-258
-236
-223
-222
-234
-258
-295
-342
-398
-458
-519
-578
-629
-670
-698
-709
-702
-677
-633
-572
-495
-405
-305
-198
-89
19
123
220
308
383
447
497
535
563
582
595
604
612
623
636
655
679
708
742
779
817
853
885
909
923
924
910
879
830
764
680
580
465
337
200
56
-91
-238
-382
-519
-647
-762
-862
-945
-1010
-1056
-1083
-1092
-1083
-1059
-1022
-974
-920
-862
-803
-746
-694
-648
-608
-574
-545
-521
-498
-475
-449
-421
-387
-349
-306
-260
-213
-166
-123
-86
-57
-39
-31
-35
-48
-68
-92
-114
-130
-132
-114
-72
0
105
244
416
615
835
1067
1301
1527
1734
1913
2056
2159
2220
2240
2222
2172
2095
1999
1892
1779
1666
1557
1456
1361
1274
1192
1111
1027
934
827
700
547
363
146
-105
-389
-703
-1039
-1388
-1740
-2081
-2401
-2686
-2926
-3111
-3233
-3289
-3276
-3195
-3051
-2848
-2595
-2300
-1974
-1628
-1272
-917
-572
-245
54
323
557
753
912
1033
1118
1171
1195
1195
1176
1142
1100
1054
1009
968
936
916
908
914
933
965
1006
1055
1107
1159
1205
1243
1268
1276
1266
1236
1184
1110
1014
898
764
612
447
271
88
-96
-280
-457
-623
-775
-907
-1018
-1107
-1171
-1214
-1235
-1237
-1225
-1201
-1168
-1131
-1091
-1050
-1011
-974
-940
-907
-875
-843
-811
-777
-740
-700
-657
-610
-561
-509
-457
-404
-352
-303
-257
-215
-178
-147
-123
-104
-93
-87
-87
-92
-103
-117
-134
-154
-175
-196
-216
-232
-242
-244
-236
-215
-178
-124
-50
43
157
292
445
615
799
991
1187
1381
1565
1733
1877
1988
2061
2089
2069
1998
1876
1708
1497
1254
986
707
427
159
-85
-297
-469
-594
-671
-698
-680
-621
-529
-413
-285
-155
-33
69
146
