2501
2546
2554
2528
2469
2380
2267
2133
1985
1827
1665
1503
1345
1193
1049
914
788
670
558
452
349
247
146
45
-57
-162
-267
-373
-478
-579
-676
-766
-847
-915
-968
-1006
-1027
-1029
-1014
-983
-938
-881
-816
-747
-675
-606
-540
-479
-425
-377
-334
-293
-254
-214
-171
-123
-71
-13
48
113
177
239
295
342
377
399
405
397
374
338
292
238
179
119
62
9
-36
-74
-103
-124
-137
-146
-154
-162
-176
-199
-234
-283
-347
-427
-519
-623
-731
-841
-944
-1034
-1106
-1153
-1170
-1155
-1105
-1023
-908
-767
-603
-424
-237
-49
131
298
445
567
661
726
760
765
744
699
635
556
465
367
263
156
47
-63
-175
-287
-399
-508
-613
-709
-792
-856
-898
-912
-894
-840
-750
-623
-462
-270
-53
183
433
687
938
1178
1400
1598
1765
1897
1990
2040
2047
2010
1930
1809
1650
1459
1240
1000
746
484
221
-35
-281
-509
-716
-897
-1048
-1165
-1248
-1293
-1301
-1271
-1206
-1106
-976
-818
-639
-443
-236
-25
183
383
568
732
870
979
1054
1093
1096
1064
997
900
775
630
469
300
128
-39
-197
-341
-468
-575
-663
-731
-781
-815
-836
-847
-848
-843
-833
-818
-800
-778
-754
-727
-698
-667
-636
-605
-575
-549
-526
-508
-495
-487
-482
-479
-475
-468
-454
-431
-394
-342
-272
-182
-73
54
198
356
523
694
862
1022
1168
1293
1392
1463
1502
1508
1482
1426
1342
1235
1111
975
832
690
552
424
309
210
126
58
3
-41
-81
-119
-162
-215
-279
-360
-456
-568
-692
-823
-955
-1080
-1189
-1274
-1328
-1345
-1320
-1252
-1139
-984
-793
-571
-327
-69
190
444
681
892
1069
1205
1296
1339
1334
1283
1190
1061
905
728
541
351
168
-2
-154
-285
-392
-474
-532
-569
-586
-587
-576
-555
-529
-500
-470
-440
-412
-385
-360
-336
-312
-289
-266
-243
-220
-198
-178
-160
-144
-132
-124
-118
-116
-116
-117
-119
-121
-122
-122
-121
-119
-117
-115
-114
-114
-116
-120
-125
-132
-140
-148
-156
-162
-167
-170
-170
-168
-165
-160
-156
-154
-156
-164
-180
-206
-244
-293
-355
-428
-510
-600
-693
-786
-874
-954
-1020
-1069
-1098
-1104
-1085
-1039
-967
-868
-744
-597
-429
-241
-38
179
407
644
888
1135
1384
1630
1871
2102
2318
2515
2685
2824
2926
2987
3002
2968
2885
2751
2569
2342
2077
1779
1460
1130
802
487
200
-48
-250
-397
-487
-520
-501
-440
-348
-238
-127
-30
38
68
50
-20
-143
-316
-531
-778
-1044
-1317
-1583
-1829
-2044
-2218
-2344
-2419
-2442
-2414
-2339
-2223
-2076
-1905
-1721
-1531
-1346
-1170
-1009
-867
-743
-636
-545
-465
-392
-321
-247
-168
-81
14
120
234
352
472
590
701
802
889
960
1014
1050
1068
1070
1057
1033
999
958
915
871
829
792
761
738
722
715
714
719
728
738
749
757
761
759
749
730
701
662
612
550
477
394
300
198
90
-22
-137
-251
-360
-461
-552
-628
-688
-729
-749
-749
-727
-686
-627
-552
-465
-369
-270
-171
-79
0
63
103
118
104
58
-19
-128
-265
-428
-611
-808
-1012
-1214
-1408
-1584
-1735
-1853
-1932
-1967
-1955
-1894
-1786
-1633
-1439
-1210
-951
-671
-376
-73
229
528
818
1095
1355
1596
1815
2010
2179
2319
2429
2505
2545
2548
2511
2433
2315
2158
1963
1735
1477
1196
896
585
269
-45
-352
-648
-927
-1186
-1423
-1636
-1824
-1986
-2121
-2230
-2313
-2368
-2395
-2395
-2365
-2306
-2216
-2097
-1947
-1769
-1562
-1331
-1079
-809
-527
-239
47
327
592
837
1054
1238
1385
1494
1561
1589
1580
1536
1464
1368
1256
1132
1004
877
754
640
535
442
360
287
222
163
107
54
0
-52
-107
-161
-213
-263
-308
-347
-377
-398
-407
-405
-390
-364
-326
-278
-221
-157
-89
-19
50
118
180
237
285
326
357
380
394
402
403
398
389
376
359
339
315
289
259
227
192
155
118
82
49
20
-2
-16
-21
-16
0
29
67
116
171
231
293
353
408
454
488
507
508
490
452
394
315
218
105
-22
-162
-310
-465
-623
-782
-940
-1093
-1240
-1378
-1506
-1621
-1720
-1801
-1863
-1903
-1919
-1909
-1873
-1809
-1717
-1596
-1447
-1269
-1063
-830
-572
-289
15
338
675
1022
1372
1718
2050
2360
2638
2874
3059
3187
3253
3253
3190
3065
2886
2661
2399
2112
1810
1503
1201
911
638
386
158
-47
-231
-396
-546
-684
-814
-938
-1060
-1179
-1298
-1414
-1527
-1635
-1734
-1822
-1894
-1948
-1982
-1992
-1978
-1939
-1874
-1786
-1674
-1543
-1393
-1229
-1054
-872
-687
-503
-323
-151
8
154
283
393
485
558
612
651
676
690
698
701
705
710
718
729
742
756
768
775
773
760
733
692
634
562
476
381
280
178
79
-10
-87
-147
-188
-209
-210
-191
-157
-111
-58
-2
50
96
132
155
165
160
142
115
80
43
5
-29
-58
-80
-95
-104
-108
-110
-115
-125
-145
-179
-228
-294
-378
-477
-588
-706
-826
-941
-1044
-1128
-1187
-1216
-1211
-1170
-1092
-980
-836
-666
-475
-273
-67
133
319
483
617
714
770
782
752
681
575
440
284
118
-48
-205
-343
-453
-528
-563
-554
-499
-401
-259
-80
131
370
627
894
1163
1425
1673
1899
2097
2261
2387
2472
2514
2513
2470
2384
2260
2099
1906
1685
1441
1181
909
632
355
82
-181
-434
-676
-905
-1122
-1329
-1527
-1716
-1897
-2069
-2228
-2371
-2493
-2590
-2654
-2680
-2664
-2604
-2498
-2348
-2158
-1933
-1682
-1414
-1139
-868
-608
-370
-159
19
165
277
357
409
438
450
452
450
450
457
474
506
551
611
683
763
848
934
1015
1088
1149
1195
1224
1236
1231
1210
1176
1131
1076
1015
950
883
815
746
679
613
548
485
423
363
304
247
191
136
82
28
-27
-83
-141
-202
-265
-330
-398
-467
-536
-605
-671
-732
-787
-834
-872
-899
-914
-917
-907
-886
-854
-813
-764
-709
-651
-591
-530
-469
-410
-353
-298
-246
-195
-146
-99
-55
-13
24
57
86
107
120
125
121
108
88
63
35
11
-6
-12
0
32
90
174
285
419
575
745
925
1106
1280
1438
1574
1679
1747
1774
1755
1690
1579
1424
1229
1000
744
470
186
-99
-377
-641
-883
-1098
-1282
-1433
-1550
-1633
-1683
-1703
-1696
-1665
-1614
-1546
-1467
-1378
-1284
-1187
-1091
-999
-912
-832
-760
-699
-648
-609
-580
-562
-553
-552
-556
-563
-569
-570
-562
-540
-500
-439
-353
-243
-106
53
235
432
640
853
1062
1261
1444
1604
1737
1839
1909
1945
1947
1917
1858
1772
1664
1538
1398
1249
1094
937
782
629
481
339
204
75
-46
-161
-269
-370
-463
-549
-625
-692
-748
-794
-829
-854
-867
-869
-861
-841
-811
-769
-714
-646
-565
-470
-361
-238
-104
37
185
335
481
617
739
841
917
964
976
952
891
793
660
496
307
99
-119
-341
-558
-762
-945
-1104
-1234
-1332
-1398
-1433
-1438
-1415
-1369
-1302
-1217
-1118
-1007
-886
-759
-626
-491
-353
-217
-82
47
170
286
391
485
566
633
686
726
753
770
779
783
784
786
791
799
812
828
843
855
857
845
813
755
669
552
405
230
32
-180
-400
-616
-819
-996
-1139
-1239
-1289
-1285
-1228
-1118
-961
-765
-538
-293
-42
203
431
630
793
910
979
996
963
882
758
600
416
217
15
-178
-354
-502
-615
-686
-713
-695
-635
-536
-406
-251
-79
98
276
444
595
724
825
895
934
939
913
857
776
675
559
434
308
186
74
-22
-102
-161
-201
-222
-227
-220
-206
-190
-177
-171
-176
-195
-231
-282
-347
-425
-510
-600
-689
-772
-843
-897
-931
-940
-921
-872
-792
-681
-542
-377
-192
5
211
415
609
787
941
1066
1158
1215
1237
1225
1184
1117
1031
930
822
712
605
505
416
340
276
226
189
162
143
129
117
105
89
67
37
0
-48
-105
-170
-242
-319
-398
-476
-552
-622
-684
-736
-777
-805
-821
-824
-816
-798
-773
-742
-709
-676
-645
-618
-598
-584
-577
-576
-581
-588
-597
-605
-608
-604
-591
-566
-529
-476
-409
-327
-232
-124
-6
117
245
372
494
608
707
789
850
887
897
879
833
759
658
531
382
213
28
-169
-373
-577
-775
-956
-1113
-1234
-1311
-1334
-1296
-1192
-1022
-786
-492
-148
232
632
1035
1422
1774
2073
2305
2458
2525
2504
2396
2209
1954
1644
1296
927
555
194
-138
-433
-681
-874
-1012
-1093
-1121
-1101
-1041
-950
-836
-711
-583
-462
-355
-267
-204
-166
-153
-163
-192
-235
-285
-336
-381
-415
-433
-431
-409
-365
-303
-225
-135
-40
53
142
220
283
326
349
351
331
294
241
177
105
30
-42
-109
-169
-217
-254
-279
-291
-292
-284
-268
-246
-221
-194
-168
-142
-118
-97
-77
-60
-44
-28
-12
4
23
44
68
95
126
162
204
252
306
368
437
512
592
674
756
833
901
954
987
995
974
920
832
712
561
384
188
-19
-231
-438
-632
-806
-954
-1070
-1153
-1200
-1211
-1189
-1137
-1059
-960
-846
-723
-595
-469
-347
-232
-127
-31
54
132
204
270
334
397
459
521
582
642
699
749
790
819
832
826
800
751
679
584
468
333
183
21
-146
-316
-485
-647
-799
-938
-1061
-1166
-1252
-1319
-1365
-1393
-1402
-1395
-1373
-1337
-1288
-1227
-1155
-1071
-974
-863
-735
-590
-425
-239
-33
191
434
689
952
1217
1477
1723
1947
2143
2302
2420
2493
2518
2496
2428
2318
2169
1987
1778
1547
1298
1036
764
486
204
-78
-360
-637
-906
-1163
-1402
-1619
-1808
-1965
-2084
-2162
-2197
-2190
-2140
-2051
-1927
-1772
-1592
-1393
-1183
-965
-747
-534
-331
-141
30
182
310
412
489
539
564
567
549
516
471
420
368
320
281
253
239
240
257
288
332
384
442
500
555
604
642
668
680
677
661
633
596
551
503
455
410
371
340
319
308
307
316
332
353
376
397
414
423
423
410
384
344
291
225
149
64
-26
-121
-217
-310
-400
-482
-556
-621
-674
-715
-745
-763
-770
-766
-753
-730
-700
-663
-620
-573
-521
-467
-411
-356
-302
-252
-207
-168
-136
-112
-95
-86
-84
-87
-93
-103
-115
-127
-139
-152
-163
-175
-185
-194
-202
-207
-209
-208
-202
-192
-178
-159
-136
-110
-80
-49
-17
16
50
85
122
160
199
239
281
322
363
401
436
465
486
499
501
492
473
442
402
353
299
241
182
125
73
27
-9
-37
-56
-66
-70
-71
-70
-71
-77
-90
-114
-149
-195
-253
-321
-397
-478
-562
-644
-723
-794
-855
-903
-936
-952
-948
-924
-878
-808
-715
-598
-457
-293
-108
94
313
541
773
1003
1224
1427
1607
1757
1870
1942
1971
1955
1894
1791
1648
1471
1266
1037
793
540
286
37
-199
-420
-620
-796
-944
-1065
-1159
-1226
-1269
-1291
-1295
-1284
-1263
-1237
-1207
-1179
-1154
-1135
-1122
-1115
-1112
-1112
-1110
-1103
-1085
-1053
-1002
-929
-832
-709
-560
-388
-195
13
232
455
675
886
1080
1254
1400
1518
1603
1655
1676
1668
1633
1575
1501
1414
1321
1225
1130
1040
957
881
812
748
687
626
561
490
409
318
215
103
-17
-141
-265
-382
-486
-570
-630
-661
-658
-621
-550
-448
-319
-171
-11
152
310
457
583
684
757
799
810
792
745
675
583
474
353
221
84
-54
-193
-327
-455
-572
-678
-769
