722
658
589
515
439
360
278
193
105
12
-83
-185
-293
-406
-523
-644
-767
-889
-1007
-1117
-1216
-1298
-1358
-1394
-1400
-1375
-1317
-1228
-1108
-962
-795
-612
-421
-229
-41
136
300
446
572
680
768
838
892
933
960
976
982
978
964
942
912
874
832
786
740
696
658
630
613
611
625
654
697
753
819
889
960
1026
1084
1128
1154
1158
1136
1088
1011
907
776
622
448
260
62
-137
-334
-522
-695
-849
-979
-1081
-1153
-1192
-1200
-1178
-1127
-1053
-959
-853
-741
-629
-525
-433
-358
-302
-267
-253
-257
-275
-303
-336
-369
-395
-412
-413
-397
-362
-307
-233
-141
-34
83
208
336
463
583
693
789
866
923
957
966
950
906
836
740
618
472
306
121
-75
-280
-487
-689
-879
-1051
-1196
-1310
-1388
-1425
-1421
-1374
-1287
-1163
-1007
-824
-621
-407
-188
27
234
424
594
741
862
957
1026
1071
1095
1101
1093
1073
1046
1013
978
941
904
868
831
794
754
711
664
611
550
482
406
323
232
134
33
-70
-175
-277
-374
-463
-542
-609
-663
-701
-725
-734
-729
-712
-685
-651
-611
-570
-529
-491
-457
-430
-410
-398
-392
-393
-399
-409
-420
-432
-442
-450
-454
-453
-447
-436
-420
-400
-377
-351
-323
-295
-268
-242
-218
-199
-183
-173
-168
-169
-175
-186
-202
-220
-241
-262
-281
-296
-305
-307
-299
-280
-247
-202
-142
-69
17
116
225
341
462
585
704
817
919
1006
1075
1122
1145
1144
1117
1065
991
898
790
671
548
424
306
198
103
24
-36
-80
-108
-122
-126
-122
-117
-113
-114
-125
-146
-180
-224
-278
-338
-399
-457
-506
-540
-554
-544
-509
-446
-356
-242
-109
37
192
346
491
619
721
792
825
816
764
669
534
365
166
-52
-282
-515
-742
-952
-1138
-1294
-1412
-1489
-1521
-1506
-1443
-1334
-1181
-986
-754
-492
-205
97
407
716
1014
1292
1540
1752
1920
2040
2109
2125
2091
2010
1887
1730
1547
1346
1136
925
720
527
347
185
40
-89
-204
-309
-405
-496
-583
-669
-753
-836
-917
-993
-1061
-1120
-1166
-1195
-1206
-1196
-1165
-1111
-1036
-942
-830
-706
-572
-435
-298
-168
-49
54
139
202
242
258
248
215
160
85
-5
-109
-222
-339
-456
-567
-667
-752
-815
-854
-863
-839
-780
-684
-552
-384
-185
39
285
542
801
1052
1285
1488
1653
1772
1838
1849
1805
1709
1566
1387
1181
960
736
519
319
144
-2
-118
-204
-262
-296
-311
-314
-310
-305
-303
-310
-327
-357
-400
-456
-524
-601
-686
-775
-864
-950
-1030
-1101
-1159
-1201
-1226
-1233
-1219
-1185
-1130
-1056
-964
-855
-731
-596
-452
-302
-150
-1
142
277
397
501
584
643
676
682
662
616
548
461
362
256
149
50
-35
-103
-147
-165
-155
-117
-53
35
143
267
402
540
677
808
926
1029
1113
1175
1215
1232
1227
1201
1155
1092
1013
920
816
701
578
448
311
169
24
-122
-270
-417
-561
-701
-834
-958
-1072
-1172
-1258
-1327
-1379
-1413
-1427
-1423
-1398
-1356
-1295
-1217
-1124
-1016
-897
-769
-634
-495
-355
-218
-86
37
149
248
333
401
453
489
510
518
515
505
489
472
456
444
438
438
446
462
484
511
540
570
597
620
634
640
634
615
584
541
485
418
341
257
167
73
-21
-113
-201
-282
-352
-408
-449
-472
-477
-463
-431
-381
-317
-240
-156
-67
20
103
177
238
281
307
312
299
268
223
167
107
48
-5
-47
-74
-83
-73
-44
0
58
124
191
254
306
342
357
348
314
255
172
70
-46
-172
-301
-427
-543
-644
-725
-784
-817
-825
-806
-764
-699
-616
-518
-409
-293
-174
-57
54
157
247
323
382
424
448
455
446
423
388
345
296
245
193
143
98
58
24
-3
-24
-39
-50
-57
-60
-61
-61
-60
-59
-57
-56
-54
-52
-50
-49
-49
-50
-54
-61
-72
-88
-108
-133
-162
-195
-230
-267
-302
-335
-364
-386
-399
-403
-396
-377
-346
-304
-251
-188
-118
-43
35
114
193
268
339
403
461
510
552
584
609
624
631
629
618
596
565
523
472
410
340
263
180
93
7
-77
-157
-229
-292
-343
-381
-406
-416
-414
-398
-371
-333
-288
-236
-179
-119
-59
0
56
107
152
188
214
228
229
217
190
149
95
27
-50
-137
-229
-325
-419
-507
-587
-652
-699
-725
-726
-699
-643
-556
-441
-299
-132
52
250
455
657
849
1023
1171
1286
1363
1400
1393
1345
1257
1136
987
818
639
459
285
126
-12
-127
-216
-279
-318
-339
-344
-342
-336
-332
-333
-344
-364
-395
-434
-480
-530
-580
-627
-669
-703
-727
-740
-741
-731
-709
-678
-638
-592
-539
-483
-423
-361
-299
-235
-173
-110
-49
9
66
121
174
223
269
311
349
383
413
439
461
479
493
503
511
516
518
519
517
515
510
504
496
485
472
456
436
412
384
350
312
269
221
168
112
53
-7
-69
-129
-187
-240
-289
-330
-365
-391
-410
-423
-429
-431
-430
-428
-427
-429
-435
-446
-462
-485
-512
-543
-576
-609
-640
-665
-683
-691
-686
-668
-635
-587
-526
-451
-367
-274
-177
-78
19
113
199
276
343
398
440
470
489
497
496
486
469
447
419
387
352
314
273
228
181
132
80
27
-25
-77
-125
-168
-204
-229
-243
-244
-230
-201
-157
-100
-30
47
131
217
300
378
445
499
536
555
555
534
495
438
365
279
184
81
-25
-134
-242
-349
-454
-557
-658
-759
-858
-958
-1057
-1154
-1247
-1334
-1410
-1469
-1506
-1516
-1490
-1425
-1316
-1160
-957
-710
-421
-100
245
605
966
1317
1646
1943
2197
2402
2553
2647
2682
2659
2582
2453
2278
2062
1812
1535
1237
926
609
294
-11
-302
-572
-814
-1024
-1197
-1330
-1421
-1469
-1475
-1441
-1369
-1266
-1135
-984
-819
-646
-471
-299
-133
21
163
292
404
501
581
643
689
717
728
721
697
655
597
525
440
344
241
135
28
-75
-173
-262
-341
-408
-463
-505
-535
-553
-559
-553
-537
-510
-472
-423
-363
-293
-213
-123
-27
74
178
282
381
472
551
616
663
691
699
687
657
610
549
479
401
322
244
170
104
47
0
-35
-62
-80
-93
-101
-107
-113
-122
-134
-150
-171
-198
-229
-263
-300
-337
-373
-406
-434
-456
-470
-475
-472
-459
-438
-410
-375
-335
-292
-248
-203
-159
-119
-83
-52
-27
-8
4
10
11
5
-5
-20
-40
-64
-92
-122
-156
-192
-230
-269
-309
-349
-387
-421
-451
-475
-491
-498
-495
-480
-454
-416
-367
-306
-237
-160
-78
6
90
170
243
306
357
394
417
426
421
405
379
347
312
276
243
214
190
172
160
153
149
146
144
141
135
125
112
96
77
56
35
15
-2
-18
-30
-40
-48
-54
-61
-68
-79
-94
-112
-136
-163
-192
-224
-256
-286
-314
-338
-359
-374
-386
-393
-397
-397
-395
-390
-381
-369
-352
-330
-301
-264
-219
-165
-103
-34
41
120
202
283
361
434
498
554
598
630
650
658
656
643
622
595
564
530
495
462
430
402
376
352
330
307
283
256
224
186
139
85
22
-49
-128
-213
-303
-393
-482
-567
-643
-708
-759
-793
-807
-802
-776
-730
-666
-586
-492
-389
-281
-171
-63
38
131
214
283
339
382
412
430
439
439
434
425
416
407
402
401
406
416
432
453
477
502
528
551
569
580
583
575
557
526
483
429
363
287
202
111
15
-82
-180
-276
-366
-450
-523
-585
-634
-668
-687
-690
-678
-652
-613
-563
-505
-442
-376
-310
-248
-191
-142
-101
-71
-50
-38
-35
-38
-46
-57
-69
-80
-89
-93
-91
-84
-69
-48
-21
12
51
94
140
188
236
283
328
368
403
432
452
462
461
449
425
388
340
280
211
134
50
-35
-124
-212
-298
-380
-459
-532
-602
-667
-728
-787
-842
-895
-945
-990
-1030
-1063
-1085
-1096
-1091
-1068
-1023
-955
-862
-743
-596
-425
-230
-15
213
451
690
925
1146
1346
1520
1661
1766
1832
1858
1844
1794
1710
1596
1457
1299
1128
949
767
588
418
259
117
-6
-110
-192
-254
-296
-321
-330
-327
-315
-297
-277
-258
-242
-231
-228
-233
-248
-271
-302
-340
-382
-426
-468
-507
-540
-564
-579
-582
-575
-556
-529
-492
-450
-404
-355
-307
-261
-218
-180
-148
-122
-102
-89
-81
-78
-80
-84
-90
-97
-104
-109
-113
-114
-111
-106
-96
-83
-67
-47
-24
1
29
58
89
121
154
188
222
257
293
329
365
400
436
470
502
532
557
578
592
599
598
589
570
542
505
461
410
354
295
234
172
112
55
1
-48
-94
-135
-172
-205
-234
-260
-282
-301
-317
-329
-337
-341
-340
-335
-326
-311
-293
-270
-244
-216
-185
-154
-123
-93
-64
-38
-14
5
21
34
42
47
48
45
39
31
21
11
0
-10
-20
-28
-34
-38
-41
-42
-43
-45
-49
-56
-66
-81
-102
-127
-157
-191
-228
-265
-302
-335
-364
-385
-396
-397
-386
-362
-327
-279
-222
-158
-88
-16
53
119
178
226
262
284
291
284
264
232
190
141
88
34
-18
-65
-106
-139
-163
-177
-184
-183
-177
-167
-155
-142
-132
-123
-118
-117
-118
-123
-129
-137
-144
-149
-151
-150
-144
-133
-117
-97
-71
-42
-10
23
58
94
129
163
195
225
251
274
294
309
321
328
331
331
326
319
308
296
282
266
251
235
220
206
193
180
167
155
142
128
113
96
77
56
33
7
-20
-49
-78
-107
-134
-158
-177
-191
-199
-199
-193
-181
-162
-139
-112
-83
-53
-25
0
20
36
45
47
43
33
17
-3
-27
-54
-81
-108
-133
-156
-174
-188
-198
-202
-201
-196
-186
-171
-154
-134
-113
-92
-71
-51
-33
-17
-3
7
17
25
33
41
50
60
71
84
98
114
131
149
167
185
202
217
231
241
248
251
249
242
229
211
187
158
125
89
51
11
-27
-65
-100
-132
-160
-183
-200
-210
-214
-210
-199
-181
-154
-121
-80
-34
17
73
132
193
253
310
363
409
446
472
485
482
464
430
379
314
237
148
53
-45
-145
-242
-332
-412
-479
-530
-565
-582
-581
-563
-528
-479
-419
-352
-279
-206
-135
-69
-12
34
69
93
105
107
100
86
68
47
27
9
-4
-14
-17
-16
-9
0
14
29
44
59
73
84
93
99
103
103
101
96
90
81
70
59
46
33
21
10
0
-8
-15
-21
-25
-30
-35
-41
-50
-62
-79
-100
-125
-154
-184
-216
-246
-273
-293
-305
-306
-295
-271
-233
-183
-121
-50
26
105
184
258
324
378
420
446
456
451
430
395
347
289
223
152
78
3
-68
-136
-197
-251
-295
-330
-352
-363
-362
-348
-321
-281
-230
-169
-98
-20
62
147
232
312
386
450
503
543
570
582
580
565
539
504
461
413
362
309
257
206
158
114
74
37
4
-25
-52
-76
-100
-122
-145
-167
-189
-212
-235
-257
-279
-300
-318
-334
-347
-356
-362
-362
-358
-349
-334
-316
-292
-265
-234
-201
-165
-129
-92
-56
-21
10
41
68
92
111
125
135
140
