134
142
148
151
150
143
131
113
91
66
43
23
11
9
20
44
82
132
191
256
320
378
423
450
453
429
376
294
183
48
-105
-272
-445
-616
-779
-928
-1056
-1159
-1235
-1284
-1304
-1299
-1272
-1227
-1168
-1101
-1031
-961
-895
-834
-778
-726
-675
-621
-559
-485
-393
-281
-147
8
184
376
578
785
987
1177
1349
1496
1612
1696
1745
1760
1742
1695
1622
1528
1417
1294
1162
1025
886
747
611
479
352
232
118
12
-86
-177
-261
-338
-410
-479
-545
-611
-680
-755
-839
-934
-1043
-1166
-1305
-1459
-1626
-1802
-1983
-2164
-2338
-2497
-2635
-2744
-2816
-2847
-2830
-2760
-2636
-2455
-2218
-1925
-1577
-1180
-736
-251
268
817
1386
1968
2553
3129
3685
4207
4682
5096
5436
5690
5847
5900
5845
5680
5408
5036
4574
4036
3440
2802
2144
1484
844
241
-308
-792
-1200
-1527
-1770
-1931
-2014
-2028
-1982
-1888
-1760
-1611
-1455
-1303
-1169
-1061
-987
-953
-962
-1012
-1103
-1230
-1387
-1565
-1756
-1952
-2143
-2321
-2477
-2604
-2697
-2749
-2758
-2721
-2638
-2509
-2335
-2122
-1873
-1594
-1294
-979
-658
-340
-32
257
525
767
982
1169
1333
1476
1604
1723
1839
1956
2078
2205
2335
2466
2590
2701
2788
2842
2855
2819
2728
2580
2375
2116
1809
1462
1087
694
297
-91
-461
-802
-1106
-1366
-1580
-1746
-1865
-1939
-1973
-1972
-1942
-1888
-1815
-1727
-1628
-1521
-1406
-1286
-1161
-1030
-895
-756
-614
-469
-324
-180
-40
94
221
337
441
529
600
651
680
687
671
630
564
476
365
235
89
-69
-238
-411
-585
-755
-918
-1069
-1207
-1327
-1429
-1510
-1571
-1611
-1630
-1629
-1609
-1571
-1517
-1446
-1362
-1266
-1157
-1039
-910
-774
-629
-478
-321
-159
7
178
353
532
715
901
1090
1279
1468
1655
1835
2005
2162
2301
2419
2512
2577
2610
2612
2580
2516
2421
2297
2148
1979
1794
1597
1394
1188
982
777
575
375
175
-23
-225
-428
-634
-841
-1048
-1253
-1453
-1647
-1831
-2003
-2161
-2303
-2426
-2529
-2611
-2670
-2705
-2716
-2701
-2663
-2599
-2513
-2404
-2276
-2129
-1966
-1789
-1600
-1399
-1189
-969
-741
-504
-259
-6
253
518
786
1056
1323
1585
1836
2071
2286
2474
2629
2748
2827
2862
2854
2803
2713
2589
2436
2263
2076
1884
1695
1515
1350
1204
1081
980
901
842
800
771
749
729
707
678
639
586
519
437
341
232
114
-10
-137
-265
-389
-507
-618
-720
-812
-896
-972
-1041
-1103
-1161
-1213
-1261
-1304
-1341
-1372
-1394
-1407
-1410
-1402
-1383
-1353
-1313
-1263
-1206
-1143
-1076
-1007
-939
-873
-812
-757
-708
-667
-633
-605
-584
-567
-553
-541
-528
-513
-494
-470
-440
-401
-355
-299
-235
-162
-82
4
96
191
288
384
479
572
661
747
830
911
990
1070
1150
1232
1316
1402
1488
1570
1646
1709
1754
1774
1762
1711
1616
1474
1284
1045
763
442
93
-275
-651
-1022
-1376
-1702
-1990
-2232
-2422
-2556
-2633
-2654
-2622
-2541
-2417
-2255
-2062
-1846
-1612
-1367
-1115
-862
-612
-368
-134
88
296
488
661
814
945
1053
1137
1198
1236
1252
1247
1225
1188
1138
1079
1015
952
893
845
814
805
825
876
960
1078
1225
1395
1580
1767
1944
2095
2207
2268
2268
2199
2060
1850
1575
1244
867
458
31
-398
-817
-1211
-1570
-1885
-2150
-2362
-2520
-2625
-2679
-2688
-2654
-2584
-2482
-2352
-2199
-2027
-1839
-1639
-1429
-1214
-998
-784
-576
-378
-193
-23
128
261
374
467
542
599
641
669
685
691
690
681
668
650
629
605
579
549
518
484
449
412
375
337
300
267
237
213
197
191
197
215
248
294
354
426
507
595
685
773
854
925
982
1020
1039
1036
1011
965
898
813
711
594
466
328
183
34
-115
-264
-409
-548
-679
-800
-911
-1012
-1103
-1186
-1261
-1329
-1390
-1445
-1491
-1527
-1548
-1553
-1536
-1494
-1425
-1327
-1198
-1040
-855
-647
-421
-185
52
284
499
689
844
958
1025
1043
1013
938
825
683
524
359
203
66
-39
-105
-127
-101
-28
86
237
413
604
797
978
1138
1263
1346
1380
1362
1291
1169
1001
795
560
304
40
-225
-482
-725
-949
-1151
-1330
-1487
-1624
-1742
-1845
-1933
-2009
-2073
-2124
-2161
-2181
-2180
-2154
-2098
-2007
-1878
-1706
-1490
-1231
-931
-597
-236
139
518
886
1229
1535
1793
1994
2133
2211
2229
2193
2114
2001
1866
1721
1577
1441
1322
1222
1143
1084
1042
1014
994
976
956
930
894
848
791
725
651
574
495
419
350
288
238
198
171
155
149
152
163
180
201
223
246
268
286
300
308
310
306
296
280
259
234
206
175
142
106
66
22
-27
-85
-151
-226
-311
-403
-502
-603
-705
-802
-892
-970
-1034
-1081
-1109
-1118
-1108
-1080
-1036
-976
-904
-821
-731
-637
-541
-447
-358
-277
-208
-154
-116
-98
-101
-123
-164
-222
-293
-373
-458
-540
-616
-679
-726
-753
-757
-737
-692
-624
-535
-429
-308
-177
-40
96
229
356
470
570
654
718
762
787
791
776
745
700
643
577
506
432
358
286
218
153
94
40
-9
-54
-95
-133
-168
-199
-227
-250
-269
-282
-289
-289
-282
-268
-247
-219
-187
-151
-112
-73
-34
3
39
72
101
127
148
164
174
178
173
160
137
105
64
15
-40
-99
-160
-219
-274
-322
-362
-391
-408
-415
-411
-399
-379
-355
-329
-304
-282
-265
-256
-256
-264
-281
-305
-336
-371
-408
-443
-475
-500
-516
-521
-513
-492
-458
-411
-354
-287
-214
-137
-59
17
91
159
222
280
332
380
425
468
511
554
597
640
681
718
748
767
774
766
740
695
631
549
451
339
218
92
-33
-156
-271
-373
-459
-527
-575
-602
-609
-598
-570
-528
-476
-417
-354
-289
-225
-162
-102
-43
12
66
119
168
214
255
287
309
318
312
289
250
195
127
47
-40
-133
-227
-321
-411
-498
-581
-658
-730
-796
-854
-901
-935
-950
-941
-902
-827
-708
-542
-324
-52
271
646
1064
1516
1992
2477
2956
3413
3831
4196
4492
4709
4838
4872
4811
4653
4404
4069
3656
3176
2638
2056
1442
808
167
-467
-1085
-1677
-2233
-2748
-3214
-3628
-3986
-4287
-4528
-4708
-4826
-4881
-4874
-4804
-4674
-4485
-4240
-3944
-3602
-3220
-2807
-2370
-1919
-1462
-1009
-569
-149
242
602
927
1214
1463
1675
1853
1999
2117
2209
2278
2325
2351
2355
2338
2296
2230
2137
2017
1871
1700
1508
1298
1076
848
618
392
176
-26
-214
-383
-532
-662
-771
-861
-930
-981
-1014
-1029
-1026
-1008
-973
-922
-857
-777
-685
-581
-467
-346
-220
-91
36
161
280
391
492
582
659
724
776
815
842
858
863
858
845
823
796
761
721
674
620
559
489
411
324
228
123
11
-106
-228
-352
-475
-594
-706
-808
-897
-972
-1030
-1069
-1088
-1088
-1069
-1033
-980
-915
-840
-760
-678
-599
-527
-465
-418
-387
-373
-378
-399
-435
-481
-534
-589
-639
-680
-705
-711
-694
-652
-584
-492
-377
-244
-97
56
211
361
501
624
728
808
864
896
904
891
860
816
763
705
647
592
543
502
469
444
425
410
394
376
350
316
269
210
138
54
-38
-138
-240
-341
-437
-522
-594
-650
-688
-707
-707
-689
-654
-606
-546
-478
-405
-329
-254
-180
-110
-43
17
74
125
171
211
247
277
303
322
335
342
342
334
319
297
267
230
188
140
88
35
-18
-71
-121
-167
-208
-245
-277
-304
-328
-348
-366
-381
-394
-403
-409
-409
-402
-386
-361
-324
-274
-213
-140
-55
37
138
244
353
463
572
679
782
880
973
1059
1137
1204
1259
1299
1320
1319
1293
1238
1151
1031
878
692
477
235
-24
-297
-573
-843
-1098
-1329
-1527
-1685
-1799
-1866
-1885
-1856
-1784
-1674
-1531
-1363
-1179
-987
-796
-613
-445
-300
-181
-94
-39
-18
-31
-73
-141
-230
-331
-437
-540
-630
-699
-740
-748
-718
-647
-534
-382
-194
24
268
528
795
1060
1313
1544
1745
1910
2034
2116
2154
2153
2117
2054
1970
1874
1775
1677
1585
1502
1426
1356
1288
1216
1134
1039
925
790
635
460
269
68
-138
-343
-539
-720
-882
-1018
-1127
-1208
-1259
-1281
-1276
-1246
-1193
-1119
-1027
-919
-799
-670
-535
-399
-265
-139
-24
74
154
210
241
246
224
177
107
17
-87
-203
-323
-442
-555
-654
-736
-794
-824
-823
-789
-721
-617
-480
-313
-118
98
330
572
815
1051
1271
1468
1635
1765
1852
1895
1890
1840
1745
1610
1439
1239
1016
777
529
278
30
-207
-433
-641
-829
-994
-1136
-1253
-1345
-1413
-1457
-1478
-1478
-1458
-1420
-1366
-1299
-1219
-1130
-1034
-933
-828
-721
-614
-509
-406
-306
-212
-123
-42
30
93
144
181
203
208
196
166
118
54
-23
-113
-210
-310
-409
-502
-583
-648
-693
-715
-712
-681
-623
-538
-428
-295
-144
20
194
370
544
709
861
996
1109
1198
1263
1301
1313
1300
1262
1202
1121
1021
904
772
630
479
324
167
13
-135
-274
-401
-514
-612
-692
-757
-805
-838
-858
-866
-865
-857
-844
-829
-813
-798
-786
-779
-777
-780
-788
-800
-815
-830
-845
-855
-860
-857
-845
-824
-791
-749
-699
-641
-577
-511
-444
-378
-315
-256
-201
-151
-104
-60
-17
25
70
116
167
221
281
346
417
492
573
658
746
836
926
1014
1098
1174
1239
1290
1324
1336
1325
1287
1222
1128
1007
860
690
501
297
83
-133
-348
-555
-748
-921
-1069
-1188
-1274
-1324
-1335
-1309
-1244
-1144
-1010
-847
-661
-457
-242
-21
197
408
606
785
941
1070
1169
1236
1271
1274
1248
1196
1122
1032
933
832
734
648
579
531
507
509
537
589
662
749
845
942
1031
1106
1157
1178
1163
1108
1010
872
695
485
249
-3
-264
-522
-768
-993
-1190
-1352
-1478
-1564
-1611
-1621
-1597
-1542
-1460
-1355
-1228
-1084
-925
-753
-571
-383
-190
1
190
372
544
703
845
969
1074
1158
1220
1261
1280
1277
1255
1214
1156
1083
997
901
798
688
574
455
334
210
83
-47
-182
-321
-463
-607
-753
-897
-1036
-1167
-1287
-1390
-1474
-1535
-1570
-1577
-1553
-1500
-1418
-1310
-1178
-1028
-864
-693
-520
-352
-195
-53
69
170
247
300
328
334
321
291
248
198
144
92
46
9
-14
-23
-15
8
48
100
162
231
301
370
431
483
522
546
553
544
520
483
436
382
324
266
211
162
120
87
62
47
39
38
42
49
59
70
81
91
100
106
110
111
108
99
85
65
36
-1
-48
-105
-172
-247
-330
-418
-509
-598
-683
-760
-824
-871
-898
-903
-885
-842
-776
-691
-589
-477
-360
-246
-142
-54
11
51
60
39
-12
-91
-194
-313
-441
-569
-689
-791
-869
-914
-923
-894
-826
-723
-590
-434
-263
-87
82
238
372
477
550
589
595
572
526
464
396
330
276
242
234
258
315
407
528
677
844
1024
1208
1388
1557
1707
1834
1935
2007
2049
2061
2043
1997
1923
1823
1696
1546
1373
1179
966
738
498
252
5
-237
-469
-685
-881
-1051
-1194
-1306
-1389
-1444
-1473
-1481
-1471
-1451
-1425
-1399
-1376
-1361
-1355
-1358
-1370
-1388
-1408
-1426
-1436
-1433
-1413
-1371
-1305
-1213
-1094
-951
-786
-603
-407
-204
0
196
383
552
701
825
925
999
1050
1078
1089
1085
1071
1050
1027
1003
982
964
950
941
935
931
927
920
909
890
861
819
763
692
605
502
384
252
109
-41
-196
-351
-502
-644
-774
-886
-978
