-241
-217
-203
-199
-204
-220
-246
-280
-322
-370
-421
-474
-526
-575
-618
-653
-677
-689
-686
-669
-638
-592
-535
-468
-396
-324
-256
-198
-155
-133
-134
-162
-219
-302
-409
-535
-674
-817
-955
-1078
-1177
-1242
-1266
-1243
-1169
-1044
-868
-643
-375
-71
261
614
978
1342
1699
2037
2349
2626
2860
3044
3173
3240
3243
3177
3041
2834
2559
2218
1818
1368
879
365
-159
-678
-1175
-1636
-2045
-2391
-2665
-2861
-2974
-3006
-2957
-2832
-2636
-2378
-2064
-1704
-1308
-886
-448
-6
429
849
1243
1603
1922
2194
2417
2587
2706
2775
2796
2773
2709
2611
2481
2326
2150
1958
1751
1534
1308
1074
832
583
326
63
-205
-479
-754
-1025
-1289
-1537
-1765
-1964
-2128
-2251
-2329
-2358
-2338
-2269
-2154
-1998
-1807
-1587
-1346
-1091
-829
-566
-310
-64
165
374
561
720
850
948
1014
1047
1046
1013
951
861
749
618
473
321
166
13
-130
-262
-377
-473
-547
-598
-628
-635
-622
-592
-547
-491
-426
-355
-282
-208
-135
-63
6
74
138
201
260
317
370
418
461
497
525
543
552
550
537
514
482
441
395
345
295
246
203
166
139
122
117
122
137
160
187
215
242
261
271
267
246
206
146
65
-35
-155
-291
-439
-596
-756
-914
-1064
-1201
-1320
-1416
-1485
-1525
-1533
-1508
-1452
-1367
-1255
-1120
-969
-805
-637
-469
-307
-156
-21
93
188
259
308
334
339
325
293
246
186
114
34
-52
-144
-238
-333
-424
-508
-582
-641
-681
-698
-688
-647
-573
-466
-324
-151
48
271
510
757
1002
1236
1451
1637
1788
1897
1960
1975
1941
1858
1730
1560
1354
1119
862
591
315
42
-219
-462
-680
-868
-1022
-1142
-1226
-1277
-1299
-1295
-1271
-1232
-1185
-1133
-1081
-1033
-989
-951
-917
-886
-856
-822
-782
-731
-669
-591
-498
-389
-266
-132
11
158
305
447
579
699
801
886
951
996
1022
1031
1025
1006
979
946
910
873
837
805
778
755
736
720
707
693
677
656
629
594
549
495
431
360
283
204
124
47
-22
-83
-132
-167
-187
-192
-180
-154
-115
-66
-8
54
117
178
233
278
311
328
329
311
277
224
156
73
-20
-124
-234
-348
-463
-577
-688
-796
-899
-1000
-1098
-1196
-1296
-1400
-1509
-1626
-1750
-1879
-2011
-2142
-2267
-2379
-2471
-2536
-2568
-2559
-2504
-2398
-2240
-2027
-1760
-1439
-1068
-652
-196
293
810
1345
1890
2436
2972
3491
3980
4431
4833
5177
5455
5658
5781
5819
5771
5634
5412
5109
4729
4282
3776
3224
2636
2025
1404
785
177
-408
-964
-1484
-1961
-2393
-2776
-3108
-3388
-3617
-3794
-3920
-3996
-4025
-4010
-3953
-3861
-3737
-3587
-3417
-3233
-3042
-2848
-2656
-2469
-2291
-2122
-1963
-1814
-1672
-1537
-1405
-1273
-1138
-998
-848
-687
-512
-322
-117
101
333
574
822
1071
1316
1553
1775
1977
2155
2303
2420
2501
2546
2554
2528
2469
2380
2267
2133
1985
1827
1665
1503
1345
1193
1049
914
788
670
558
452
349
247
146
45
-57
-162
-267
-373
-478
-579
-676
-766
-847
-915
-968
-1006
-1027
-1029
-1014
-983
-938
-881
-816
-747
-675
-606
-540
-479
-425
-377
-334
-293
-254
-214
-171
-123
-71
-13
48
113
177
239
295
342
377
399
405
397
374
338
292
238
179
119
62
9
-36
-74
-103
-124
-137
-146
-154
-162
-176
-199
-234
-283
-347
-427
-519
-623
-731
-841
-944
-1034
-1106
-1153
-1170
-1155
-1105
-1023
-908
-767
-603
-424
-237
-49
131
298
445
567
661
726
760
765
744
699
635
556
465
367
263
156
47
-63
-175
-287
-399
-508
-613
-709
-792
-856
-898
-912
-894
-840
-750
-623
-462
-270
-53
183
433
687
938
1178
1400
1598
1765
1897
1990
2040
2047
2010
1930
1809
1650
1459
1240
1000
746
484
221
-35
-281
-509
-716
-897
-1048
-1165
-1248
-1293
-1301
-1271
-1206
-1106
-976
-818
-639
-443
-236
-25
183
383
568
732
870
979
1054
1093
1096
1064
997
900
775
630
469
300
128
-39
-197
-341
-468
-575
-663
-731
-781
-815
-836
-847
-848
-843
-833
-818
-800
-778
-754
-727
-698
-667
-636
-605
-575
-549
-526
-508
-495
-487
-482
-479
-475
-468
-454
-431
-394
-342
-272
-182
-73
54
198
356
523
694
862
1022
1168
1293
1392
1463
1502
1508
1482
1426
1342
1235
1111
975
832
690
552
424
309
210
126
58
3
-41
-81
-119
-162
-215
-279
-360
-456
-568
-692
-823
-955
-1080
-1189
-1274
-1328
-1345
-1320
-1252
-1139
-984
-793
-571
-327
-69
190
444
681
892
1069
1205
1296
1339
1334
1283
1190
1061
905
728
541
351
168
-2
-154
-285
-392
-474
-532
-569
-586
-587
-576
-555
-529
-500
-470
-440
-412
-385
-360
-336
-312
-289
-266
-243
-220
-198
-178
-160
-144
-132
-124
-118
-116
-116
-117
-119
-121
-122
-122
-121
-119
-117
-115
-114
-114
-116
-120
-125
-132
-140
-148
-156
-162
-167
-170
-170
-168
-165
-160
-156
-154
-156
-164
-180
-206
-244
-293
-355
-428
-510
-600
-693
-786
-874
-954
-1020
-1069
-1098
-1104
-1085
-1039
-967
-868
-744
-597
-429
-241
-38
179
407
644
888
1135
1384
1630
1871
2102
2318
2515
2685
2824
2926
2987
3002
2968
2885
2751
2569
2342
2077
1779
1460
1130
802
487
200
-48
-250
-397
-487
-520
-501
-440
-348
-238
-127
-30
38
68
50
-20
-143
-316
-531
-778
-1044
-1317
-1583
-1829
-2044
-2218
-2344
-2419
-2442
-2414
-2339
-2223
-2076
-1905
-1721
-1531
-1346
-1170
-1009
-867
-743
-636
-545
-465
-392
-321
-247
-168
-81
14
120
234
352
472
590
701
802
889
960
1014
1050
1068
1070
1057
1033
999
958
915
871
829
792
761
738
722
715
714
719
728
738
749
757
761
759
749
730
701
662
612
550
477
394
300
198
90
-22
-137
-251
-360
-461
-552
-628
-688
-729
-749
-749
-727
-686
-627
-552
-465
-369
-270
-171
-79
0
63
103
118
104
58
-19
-128
-265
-428
-611
-808
-1012
-1214
-1408
-1584
-1735
-1853
-1932
-1967
-1955
-1894
-1786
-1633
-1439
-1210
-951
-671
-376
-73
229
528
818
1095
1355
1596
1815
2010
2179
2319
2429
2505
2545
2548
2511
2433
2315
2158
1963
1735
1477
1196
896
585
269
-45
-352
-648
-927
-1186
-1423
-1636
-1824
-1986
-2121
-2230
-2313
-2368
-2395
-2395
-2365
-2306
-2216
-2097
-1947
-1769
-1562
-1331
-1079
-809
-527
-239
47
327
592
837
1054
1238
1385
1494
1561
1589
1580
1536
1464
1368
1256
1132
1004
877
754
640
535
442
360
287
222
163
107
54
0
-52
-107
-161
-213
-263
-308
-347
-377
-398
-407
-405
-390
-364
-326
-278
-221
-157
-89
-19
50
118
180
237
285
326
357
380
394
402
403
398
389
376
359
339
315
289
259
227
192
155
118
82
49
20
-2
-16
-21
-16
0
29
67
116
171
231
293
353
408
454
488
507
508
490
452
394
315
218
105
-22
-162
-310
-465
-623
-782
-940
-1093
-1240
-1378
-1506
-1621
-1720
-1801
-1863
-1903
-1919
-1909
-1873
-1809
-1717
-1596
-1447
-1269
-1063
-830
-572
-289
15
338
675
1022
1372
1718
2050
2360
2638
2874
3059
3187
3253
3253
3190
3065
2886
2661
2399
2112
1810
1503
1201
911
638
386
158
-47
-231
-396
-546
-684
-814
-938
-1060
-1179
-1298
-1414
-1527
-1635
-1734
-1822
-1894
-1948
-1982
-1992
-1978
-1939
-1874
-1786
-1674
-1543
-1393
-1229
-1054
-872
-687
-503
-323
-151
8
154
283
393
485
558
612
651
676
690
698
701
705
710
718
729
742
756
768
775
773
760
733
692
634
562
476
381
280
178
79
-10
-87
-147
-188
-209
-210
-191
-157
-111
-58
-2
50
96
132
155
165
160
142
115
80
43
5
-29
-58
-80
-95
-104
-108
-110
-115
-125
-145
-179
-228
-294
-378
-477
-588
-706
-826
-941
-1044
-1128
-1187
-1216
-1211
-1170
-1092
-980
-836
-666
-475
-273
-67
133
319
483
617
714
770
782
752
681
575
440
284
118
-48
-205
-343
-453
-528
-563
-554
-499
-401
-259
-80
131
370
627
894
1163
1425
1673
1899
2097
2261
2387
2472
2514
2513
2470
2384
2260
2099
1906
1685
1441
1181
909
632
355
82
-181
-434
-676
-905
-1122
-1329
-1527
-1716
-1897
-2069
-2228
-2371
-2493
-2590
-2654
-2680
-2664
-2604
-2498
-2348
-2158
-1933
-1682
-1414
-1139
-868
-608
-370
-159
19
165
277
357
409
438
450
452
450
450
457
474
506
551
611
683
763
848
934
1015
1088
1149
1195
1224
1236
1231
1210
1176
1131
1076
1015
950
883
815
746
679
613
548
485
423
363
304
247
191
136
82
28
-27
-83
-141
-202
-265
-330
-398
-467
-536
-605
-671
-732
-787
-834
-872
-899
-914
-917
-907
-886
-854
-813
-764
-709
-651
-591
-530
-469
-410
-353
-298
-246
-195
-146
-99
-55
-13
24
57
86
107
120
125
121
108
88
63
35
11
-6
-12
0
32
90
174
285
419
575
745
925
1106
1280
1438
1574
1679
1747
1774
1755
1690
1579
1424
1229
1000
744
470
186
-99
-377
-641
-883
-1098
-1282
-1433
-1550
-1633
-1683
-1703
-1696
-1665
-1614
-1546
-1467
-1378
-1284
-1187
-1091
-999
-912
-832
-760
-699
-648
-609
-580
-562
-553
-552
-556
-563
-569
-570
-562
-540
-500
-439
-353
-243
-106
53
235
432
640
853
1062
1261
1444
1604
1737
1839
1909
1945
1947
1917
1858
1772
1664
1538
1398
1249
1094
937
782
629
481
339
204
75
-46
-161
-269
-370
-463
-549
-625
-692
-748
-794
-829
-854
-867
-869
-861
-841
-811
-769
-714
-646
-565
-470
-361
-238
-104
37
185
335
481
617
739
841
917
964
976
952
891
793
660
496
307
99
-119
-341
-558
-762
-945
-1104
-1234
-1332
-1398
-1433
-1438
-1415
-1369
-1302
-1217
-1118
-1007
-886
-759
-626
-491
-353
-217
-82
47
170
286
391
485
566
633
686
726
753
770
779
783
784
786
791
799
812
828
843
855
857
845
813
755
669
552
405
230
32
-180
-400
-616
-819
-996
-1139
-1239
-1289
-1285
-1228
-1118
-961
-765
-538
-293
-42
203
431
630
793
910
979
996
963
882
758
600
416
217
15
-178
-354
-502
-615
-686
-713
-695
-635
-536
-406
-251
-79
98
276
444
595
724
825
895
934
939
913
857
776
675
559
434
308
186
74
-22
-102
-161
-201
-222
-227
-220
-206
-190
-177
-171
-176
-195
-231
-282
-347
-425
-510
-600
-689
-772
-843
-897
-931
-940
-921
-872
-792
-681
-542
-377
-192
5
211
415
609
787
941
1066
1158
1215
1237
1225
1184
1117
1031
930
822
712
605
505
416
340
276
226
189
162
143
129
117
105
89
67
37
0
-48
-105
-170
-242
-319
-398
-476
-552
-622
-684
-736
-777
-805
-821
-824
-816
-798
-773
-742
-709
-676
-645
-618
-598
-584
-577
-576
-581
-588
-597
-605
-608
-604
-591
-566
-529
-476
-409
-327
-232
-124
-6
117
245
372
494
608
707
789
850
887
897
879
833
759
658
531
382
213
28
-169
-373
-577
-775
-956
-1113
-1234
-1311
-1334
-1296
-1192
-1022
-786
-492
-148
232
632
1035
1422
1774
2073
2305
2458
2525
2504
2396
2209
1954
1644
1296
927
555
194
-138
-433
-681
-874
-1012
-1093
-1121
-1101
-1041
-950
-836
-711
-583
-462
-355
-267
-204
-166
-153
-163
-192
-235
