-1111
-978
-828
-662
-483
-292
-93
111
319
527
731
929
1117
1290
1445
1578
1685
1762
1806
1816
1790
1731
1640
1522
1382
1226
1061
895
732
580
442
322
219
135
66
11
-34
-75
-114
-155
-202
-257
-321
-395
-477
-567
-662
-760
-856
-949
-1033
-1106
-1165
-1208
-1233
-1239
-1226
-1195
-1146
-1082
-1005
-917
-821
-719
-615
-510
-407
-306
-210
-117
-29
55
137
218
299
382
467
554
645
740
836
932
1027
1117
1200
1272
1329
1368
1386
1380
1349
1292
1209
1101
972
825
663
492
316
140
-30
-192
-343
-479
-597
-696
-776
-834
-873
-891
-890
-872
-837
-789
-729
-660
-585
-508
-430
-355
-286
-225
-173
-131
-100
-80
-70
-69
-75
-87
-103
-120
-136
-149
-158
-162
-160
-151
-136
-117
-93
-67
-40
-15
7
25
37
44
43
36
24
7
-12
-33
-53
-70
-82
-88
-87
-77
-60
-34
-2
34
76
119
163
204
242
275
300
317
326
325
315
296
268
231
186
136
79
18
-44
-110
-175
-239
-299
-354
-403
-444
-475
-495
-504
-502
-488
-462
-426
-380
-326
-265
-199
-129
-56
17
92
166
239
310
380
448
515
579
640
698
752
800
840
872
894
904
902
888
861
823
774
715
650
579
506
433
364
298
240
189
146
110
81
55
31
4
-27
-68
-122
-189
-272
-370
-481
-602
-730
-858
-981
-1093
-1187
-1258
-1301
-1314
-1293
-1239
-1151
-1033
-888
-721
-538
-346
-151
36
211
366
493
588
647
668
649
593
503
384
240
81
-87
-256
-417
-564
-689
-787
-854
-888
-886
-851
-784
-689
-569
-432
-281
-123
35
192
341
480
606
718
815
897
965
1019
1060
1089
1107
1115
1112
1099
1076
1043
1000
947
885
813
733
646
553
455
356
257
160
66
-22
-104
-179
-246
-306
-359
-406
-449
-488
-526
-564
-603
-645
-689
-735
-781
-825
-863
-894
-911
-913
-896
-857
-796
-713
-609
-488
-354
-211
-64
80
218
346
460
556
634
692
731
749
749
732
700
654
598
534
464
393
321
252
188
130
81
40
8
-13
-25
-29
-24
-13
2
21
41
58
70
75
70
53
25
-15
-66
-128
-197
-271
-348
-423
-496
-563
-623
-675
-719
-754
-782
-804
-820
-831
-840
-847
-852
-856
-858
-857
-851
-838
-815
-779
-728
-659
-569
-459
-328
-177
-10
169
356
545
728
899
1051
1177
1273
1335
1360
1349
1303
1226
1124
1002
868
729
594
468
357
266
195
147
118
106
107
113
120
120
109
83
39
-22
-102
-194
-296
-401
-502
-594
-670
-727
-761
-771
-758
-724
-673
-610
-542
-473
-410
-357
-318
-295
-289
-298
-320
-350
-382
-411
-431
-435
-418
-376
-305
-206
-78
75
249
438
633
826
1007
1169
1304
1405
1470
1496
1486
1441
1367
1271
1158
1036
912
789
674
569
477
397
330
273
226
183
142
100
51
-5
-72
-151
-240
-338
-442
-547
-650
-745
-830
-900
-954
-990
-1009
-1010
-997
-970
-932
-885
-832
-775
-716
-657
-602
-551
-507
-473
-451
-442
-446
-464
-494
-535
-584
-637
-691
-740
-780
-807
-816
-804
-768
-706
-616
-499
-356
-191
-6
192
399
607
809
998
1167
1311
1426
1509
1559
1577
1567
1532
1478
1410
1335
1256
1178
1105
1036
973
913
855
795
730
658
577
484
381
268
147
21
-106
-231
-349
-457
-551
-628
-687
-725
-745
-746
-732
-705
-670
-631
-591
-556
-530
-516
-517
-535
-573
-631
-708
-802
-912
-1032
-1156
-1277
-1386
-1476
-1536
-1557
-1534
-1459
-1330
-1146
-910
-627
-306
43
409
779
1141
1483
1797
2074
2309
2499
2644
2745
2805
2827
2815
2773
2704
2610
2493
2352
2187
1997
1779
1534
1260
958
630
281
-83
-455
-827
-1187
-1527
-1834
-2102
-2322
-2491
-2606
-2667
-2679
-2647
-2579
-2484
-2372
-2252
-2131
-2018
-1915
-1826
-1750
-1685
-1629
-1576
-1522
-1460
-1386
-1296
-1187
-1059
-910
-744
-562
-371
-173
23
214
395
561
709
837
944
1031
1100
1154
1197
1234
1269
1309
1356
1414
1485
1571
1669
1777
1890
2003
2107
2194
2257
2287
2277
2222
2120
1969
1771
1532
1258
958
642
322
6
-293
-570
-815
-1024
-1194
-1323
-1412
-1463
-1482
-1471
-1436
-1384
-1318
-1244
-1167
-1089
-1014
-942
-875
-813
-756
-703
-653
-605
-557
-509
-459
-407
-351
-292
-230
-165
-99
-32
33
97
156
210
256
293
320
335
338
328
304
268
219
160
89
11
-73
-161
-251
-340
-426
-504
-574
-633
-679
-711
-727
-727
-710
-676
-623
-554
-469
-370
-260
-143
-23
93
201
295
370
420
444
440
408
351
273
181
82
-17
-109
-188
-247
-283
-293
-279
-243
-188
-121
-47
24
91
145
184
206
211
202
182
157
130
109
98
101
122
161
221
299
393
500
615
733
849
956
1050
1127
1182
1212
1218
1198
1153
1086
999
896
780
657
531
405
285
174
75
-8
-76
-125
-156
-168
-161
-139
-102
-54
0
58
114
163
200
219
217
190
135
53
-56
-192
-349
-522
-705
-889
-1068
-1232
-1374
-1486
-1565
-1604
-1603
-1561
-1479
-1360
-1209
-1031
-833
-621
-402
-185
24
218
391
538
653
734
780
789
765
711
633
538
435
333
241
170
126
115
144
212
318
459
627
814
1007
1195
1364
1503
1599
1645
1634
1563
1433
1248
1016
746
450
142
-166
-462
-735
-976
-1181
-1347
-1473
-1564
-1625
-1661
-1681
-1692
-1700
-1709
-1724
-1744
-1769
-1795
-1817
-1828
-1822
-1791
-1730
-1634
-1501
-1327
-1116
-868
-587
-280
47
389
738
1089
1434
1767
2085
2383
2658
2905
3122
3307
3455
3564
3630
3648
3613
3522
3370
3155
2876
2534
2132
1678
1181
653
108
-437
-968
-1469
-1926
-2325
-2657
-2916
-3098
-3203
-3233
-3195
-3098
-2951
-2767
-2559
-2338
-2115
-1900
-1701
-1523
-1367
-1233
-1120
-1024
-938
-858
-778
-691
-596
-488
-366
-231
-84
70
230
390
545
692
826
943
1042
1121
1179
1214
1229
1223
1198
1155
1097
1025
942
851
754
654
554
457
363
276
195
121
56
0
-49
-88
-118
-138
-146
-143
-127
-99
-58
-7
53
120
192
264
336
403
463
515
558
591
614
628
633
630
621
606
587
564
538
507
471
428
378
317
243
156
53
-65
-198
-345
-502
-665
-829
-988
-1136
-1267
-1377
-1459
-1510
-1527
-1509
-1455
-1365
-1241
-1087
-905
-702
-482
-254
-25
197
404
588
741
858
933
966
955
905
819
705
572
428
284
148
27
-70
-143
-187
-204
-193
-157
-102
-30
52
142
234
323
406
479
539
584
614
625
619
595
553
495
422
337
242
139
32
-75
-180
-279
-369
-448
-514
-566
-602
-624
-633
-630
-620
-604
-588
-574
-565
-564
-572
-588
-610
-636
-662
-683
-693
-687
-660
-608
-529
-421
-285
-125
53
244
439
628
802
954
1074
1159
1204
1209
1176
1110
1016
903
778
651
528
416
323
250
201
175
172
189
222
266
316
366
412
448
471
477
466
435
384
315
228
125
7
-123
-265
-416
-574
-735
-897
-1054
-1204
-1340
-1458
-1555
-1626
-1667
-1677
-1654
-1599
-1511
-1395
-1252
-1087
-905
-711
-512
-312
-119
61
224
364
477
560
610
627
610
563
487
386
265
128
-17
-166
-312
-448
-568
-664
-731
-764
-759
-713
-626
-499
-335
-139
82
321
570
820
1064
1294
1504
1689
1846
1973
2071
2139
2178
2190
2176
2136
2073
1985
1873
1737
1575
1388
1175
937
673
385
75
-252
-595
-947
-1303
-1656
-1998
-2321
-2616
-2876
-3091
-3256
-3363
-3408
-3387
-3299
-3144
-2923
-2641
-2302
-1913
-1480
-1013
-519
-10
505
1016
1512
1983
2419
2810
3148
3424
3632
3768
3829
3815
3728
3572
3355
3087
2778
2440
2087
1730
1382
1053
749
477
239
35
-138
-286
-415
-531
-642
-755
-875
-1007
-1151
-1308
-1476
-1652
-1830
-2006
-2172
-2323
-2455
-2560
-2638
-2683
-2697
-2678
-2627
-2548
-2443
-2314
-2165
-1999
-1818
-1623
-1416
-1197
-966
-722
-466
-198
79
365
654
943
1226
1495
1744
1967
2159
2313
2428
2501
2533
2525
2480
2403
2297
2168
2019
1855
1680
1495
1304
1108
908
706
502
300
100
-93
-279
-453
-612
-753
-873
-970
-1043
-1091
-1116
-1120
-1106
-1076
-1036
-989
-940
-892
-849
-813
-786
-769
-761
-762
-770
-784
-799
-814
-825
-831
-828
-815
-792
-757
-712
-657
-596
-531
-465
-401
-344
-295
-260
-238
-233
-244
-272
-314
-367
-429
-494
-557
-613
-655
-679
-681
-656
-602
-519
-407
-268
-106
73
266
464
662
853
1030
1187
1319
1422
1493
1530
1535
1508
1453
1376
1282
1181
1078
984
904
846
815
815
845
908
1000
1117
1255
1407
1566
1724
1871
1997
2094
2151
2162
2119
2018
1857
1637
1362
1040
680
294
-103
-501
-885
-1244
-1570
-1854
-2095
-2288
-2436
-2539
-2601
-2623
-2609
-2561
-2479
-2366
-2221
-2046
-1842
-1609
-1353
-1075
-783
-482
-181
111
387
637
852
1026
1154
1231
1258
1236
1169
1064
928
769
598
421
249
87
-57
-183
-285
-362
-415
-444
-450
-436
-403
-356
-296
-226
-151
-71
9
89
166
239
307
369
424
473
515
552
584
612
635
655
671
683
692
696
697
695
688
679
667
653
638
620
601
579
553
521
483
435
378
310
230
139
39
-68
-181
-296
-410
-519
-622
-714
-796
-865
-920
-963
-994
-1013
-1022
-1022
-1013
-997
-974
-946
-913
-876
-838
-800
-763
-731
-705
-686
-675
-674
-680
-693
-711
-729
-746
-757
-760
-751
-728
-691
-639
-573
-494
-405
-309
-210
-111
-17
67
139
194
228
237
218
169
89
-22
-165
-336
-534
-751
-984
-1224
-1463
-1693
-1906
-2092
-2245
-2356
-2422
-2436
-2398
-2305
-2158
-1961
-1715
-1427
-1100
-743
-360
40
454
873
1292
1705
2107
2491
2850
3179
3470
3717
3913
4053
4133
4149
4103
3996
3834
3625
3379
3107
2821
2533
2253
1990
1748
1531
1338
1165
1007
856
705
546
372
180
-32
-266
-516
-780
-1049
-1317
-1576
-1820
-2043
-2241
-2412
-2554
-2670
-2760
-2827
-2874
-2903
-2915
-2911
-2890
-2852
-2796
-2718
-2617
-2493
-2344
-2173
-1980
-1770
-1545
-1310
-1071
-830
-594
-364
-146
60
254
434
603
760
909
1052
1192
1330
1471
1614
1762
1914
2070
2228
2385
2537
2678
2804
2910
2991
3044
3068
3063
3032
2978
2908
2829
2748
2671
2606
2554
2519
2498
2488
2482
2472
2447
2397
2314
2189
2017
1797
1529
1217
871
497
107
-288
-682
-1066
-1432
-1778
-2101
-2399
-2673
-2923
-3152
-3358
-3544
-3708
-3851
-3971
-4066
-4132
-4168
-4170
-4136
-4063
-3949
-3794
-3598
-3361
-3088
-2780
-2442
-2080
-1698
-1303
-901
-500
-106
274
635
970
1272
1538
1763
1945
2083
2178
2232
2250
2238
2201
2148
2086
2021
1959
1904
1858
1822
1795
1774
1755
1734
1705
1665
1608
1532
1433
1310
1162
991
798
586
358
120
-124
-370
-612
-845
-1065
-1268
-1450
-1609
-1743
-1851
-1933
-1989
-2021
-2032
-2022
-1995
-1954
-1900
-1837
-1765
-1687
-1603
-1515
-1421
-1324
-1222
-1117
-1008
-898
-787
-677
-572
-474
-386
-310
-248
-202
-172
-156
-153
-159
-169
-179
-183
-178
-157
-118
-58
24
129
254
398
555
720
887
1050
1200
1332
1438
1513
1553
1553
1512
1430
1306
1144
949
725
480
222
-39
-294
-532
-744
-919
-1049
-1127
-1149
-1110
-1012
-855
-644
-385
-86
241
588
941
1287
1612
1903
2147
2335
2455
2502
