-223
-188
-149
-107
-64
-20
22
62
99
130
156
173
183
185
178
164
142
115
82
46
8
-29
-68
-104
-139
-169
-196
-218
-235
-247
-253
-254
-250
-240
-225
-205
-180
-151
-118
-82
-44
-5
35
75
115
153
190
224
256
285
311
334
353
369
382
390
395
396
393
387
378
367
356
343
331
320
310
302
296
292
290
290
291
293
295
296
295
292
284
273
257
237
212
184
152
119
84
49
15
-15
-43
-68
-89
-104
-115
-121
-122
-117
-109
-96
-80
-61
-41
-20
0
21
39
54
67
75
79
77
70
56
36
9
-25
-67
-115
-169
-228
-290
-354
-417
-478
-534
-584
-626
-658
-681
-692
-691
-679
-656
-622
-580
-530
-475
-417
-358
-300
-246
-196
-151
-113
-81
-55
-35
-20
-8
0
8
15
22
31
42
56
72
90
110
132
154
177
198
217
235
249
260
268
274
277
279
281
284
288
294
303
315
330
348
367
388
409
429
446
461
471
475
474
466
451
428
398
361
317
266
209
146
78
7
-67
-143
-219
-294
-366
-435
-497
-553
-600
-638
-666
-683
-689
-685
-670
-645
-612
-571
-525
-474
-421
-367
-315
-265
-219
-178
-143
-114
-91
-74
-63
-58
-56
-58
-61
-65
-68
-68
-64
-55
-39
-16
14
52
97
147
202
260
318
374
427
473
510
536
549
548
532
499
452
390
315
230
138
42
-54
-147
-233
-309
-373
-422
-455
-472
-474
-461
-434
-395
-347
-292
-231
-167
-102
-36
27
88
147
201
249
292
327
354
372
380
376
363
338
305
264
218
169
121
78
42
18
7
13
36
77
135
209
294
387
484
578
663
735
790
822
832
817
778
720
644
555
459
360
261
168
81
2
-68
-130
-185
-236
-283
-329
-375
-423
-472
-524
-577
-630
-680
-724
-760
-783
-793
-785
-759
-714
-652
-573
-482
-382
-276
-169
-66
31
118
194
258
308
344
369
382
386
382
371
356
337
316
292
267
240
211
179
143
103
59
11
-42
-100
-161
-225
-291
-355
-417
-475
-526
-569
-602
-623
-631
-626
-608
-577
-534
-480
-419
-352
-282
-213
-146
-84
-30
13
46
67
76
73
59
35
4
-33
-74
-115
-155
-191
-220
-240
-251
-251
-239
-215
-181
-137
-84
-24
39
107
174
241
304
363
416
462
501
534
559
577
590
597
599
598
592
582
568
551
530
504
475
440
401
356
307
253
194
130
63
-7
-80
-155
-232
-310
-389
-468
-546
-624
-700
-775
-846
-914
-976
-1032
-1078
-1114
-1137
-1145
-1138
-1115
-1074
-1016
-941
-851
-747
-631
-506
-373
-235
-94
48
190
331
468
603
733
859
979
1093
1199
1297
1384
1458
1516
1557
1577
1575
1548
1496
1419
1318
1196
1056
902
741
576
414
261
119
-5
-112
-200
-268
-319
-354
-377
-390
-397
-401
-405
-411
-421
-434
-450
-470
-491
-512
-532
-549
-562
-569
-571
-567
-557
-543
-524
-501
-476
-448
-420
-390
-360
-330
-300
-269
-238
-205
-171
-134
-96
-55
-12
31
75
120
163
205
243
277
307
332
351
366
376
380
381
377
371
363
353
343
333
325
318
314
312
312
313
315
316
316
314
310
302
291
276
257
235
211
183
153
122
89
55
20
-13
-46
-77
-106
-132
-156
-175
-191
-204
-214
-221
-226
-230
-234
-238
-243
-249
-257
-265
-275
-284
-292
-299
-304
-305
-303
-296
-285
-271
-253
-234
-213
-194
-177
-163
-155
-152
-157
-169
-188
-215
-247
-284
-324
-364
-404
-441
-472
-495
-509
-513
-505
-486
-455
-414
-363
-306
-244
-179
-115
-52
6
59
106
145
178
204
224
240
252
264
276
289
304
322
343
365
389
413
434
452
464
469
465
452
429
397
356
307
252
193
132
71
14
-38
-83
-121
-150
-169
-179
-180
-174
-161
-144
-124
-104
-84
-68
-55
-48
-45
-48
-56
-69
-84
-101
-120
-138
-154
-169
-181
-189
-193
-193
-188
-179
-166
-149
-129
-106
-80
-52
-21
10
44
80
119
160
203
249
297
347
398
448
495
539
575
604
621
627
620
599
564
515
454
383
303
218
130
42
-42
-121
-191
-251
-297
-330
-349
-354
-345
-325
-296
-259
-218
-174
-132
-92
-56
-27
-4
12
21
24
21
12
0
-18
-38
-60
-84
-109
-134
-158
-181
-202
-221
-238
-252
-263
-271
-277
-279
-278
-274
-266
-254
-238
-219
-196
-170
-142
-112
-82
-52
-25
0
19
33
41
43
37
25
7
-15
-42
-69
-95
-118
-136
-146
-147
-137
-117
-86
-45
4
60
120
182
243
299
350
391
423
443
451
448
434
411
381
346
309
272
237
208
187
174
170
177
193
218
249
285
323
360
393
419
435
440
431
408
370
318
254
179
97
9
-79
-166
-247
-319
-378
-423
-451
-463
-457
-434
-398
-350
-295
-236
-177
-125
-82
-53
-42
-51
-81
-131
-201
-286
-384
-489
-595
-697
-789
-867
-926
-964
-979
-971
-940
-889
-820
-736
-640
-536
-428
-319
-211
-107
-9
81
165
241
312
376
436
492
546
599
650
699
745
789
827
859
882
894
896
884
860
822
773
712
643
567
488
406
326
249
177
112
56
8
-30
-60
-82
-98
-108
-113
-117
-118
-120
-121
-123
-126
-130
-133
-136
-137
-138
-137
-135
-133
-131
-129
-130
-133
-139
-150
-165
-184
-207
-233
-262
-292
-322
-350
-374
-394
-407
-412
-408
-396
-373
-342
-303
-256
-205
-150
-93
-37
15
63
105
138
162
176
180
173
158
135
107
75
42
10
-18
-43
-62
-75
-84
-90
-96
-103
-115
-135
-164
-204
-256
-319
-391
-470
-553
-636
-713
-782
-837
-873
-889
-880
-847
-788
-704
-598
-473
-332
-181
-25
131
283
427
559
675
774
856
919
966
998
1016
1024
1025
1021
1014
1008
1004
1002
1005
1010
1018
1025
1031
1032
1025
1008
977
931
869
788
689
572
440
293
136
-28
-198
-368
-533
-690
-836
-965
-1075
-1163
-1227
-1265
-1278
-1266
-1229
-1171
-1094
-1002
-898
-788
-675
-562
-454
-353
-260
-177
-105
-42
10
54
91
121
145
163
177
186
192
195
195
194
193
192
193
198
207
220
239
263
290
320
351
379
404
422
432
432
422
401
372
335
294
249
206
164
127
95
68
47
29
13
-2
-21
-43
-71
-105
-144
-188
-235
-282
-326
-364
-393
-412
-417
-408
-386
-350
-303
-247
-184
-118
-52
11
70
122
167
203
231
251
264
271
273
272
268
263
257
250
243
235
227
218
208
196
183
167
148
128
105
80
53
24
-4
-33
-62
-91
-118
-143
-166
-187
-206
-222
-237
-250
-262
-272
-281
-288
-292
-293
-289
-279
-262
-236
-201
-157
-104
-43
25
98
172
245
312
371
417
448
461
456
430
385
322
243
150
46
-63
-177
-291
-400
-504
-597
-679
-748
-803
-843
-869
-880
-878
-864
-839
-804
-761
-710
-653
-589
-520
-445
-366
-282
-196
-107
-18
68
152
231
301
361
409
443
462
467
456
431
394
346
290
229
166
104
44
-8
-55
-92
-121
-140
-151
-153
-149
-139
-125
-109
-91
-73
-56
-39
-25
-13
-3
5
12
18
24
32
42
57
79
108
148
198
260
332
415
505
599
695
786
870
942
997
1035
1052
1051
1031
995
947
889
827
761
694
627
559
488
412
329
238
137
27
-89
-211
-334
-452
-560
-655
-731
-786
-818
-826
-810
-774
-721
-654
-579
-502
-427
-359
-304
-263
-239
-233
-243
-268
-303
-347
-393
-438
-479
-511
-532
-542
-540
-526
-502
-469
-431
-389
-346
-303
-262
-222
-185
-150
-117
-83
-49
-12
28
73
123
179
240
306
376
448
521
593
662
726
784
834
875
904
922
928
920
899
864
816
755
682
598
505
405
300
192
85
-19
-119
-211
-293
-362
-418
-458
-482
-489
-480
-456
-417
-366
-305
-236
-162
-85
-8
65
135
198
252
296
329
351
361
361
350
331
304
272
235
195
153
109
65
20
-25
-72
-120
-170
-222
-274
-325
-374
-420
-460
-491
-513
-522
-517
-498
-464
-416
-356
-287
-211
-133
-58
11
70
115
144
154
144
116
69
6
-70
-157
-251
-349
-448
-545
-637
-721
-796
-860
-912
-950
-975
-986
-983
-966
-936
-893
-839
-775
-703
-624
-542
-458
-374
-293
-217
-145
-79
-20
34
85
133
182
232
285
343
407
475
547
622
697
769
836
895
944
982
1007
1020
1021
1012
996
974
951
927
907
892
883
881
887
899
916
935
953
968
974
969
949
911
852
772
669
545
402
244
74
-102
-279
-453
-618
-769
-903
-1017
-1110
-1180
-1229
-1255
-1263
-1252
-1227
-1190
-1144
-1092
-1036
-979
-923
-869
-820
-776
-737
-703
-674
-649
-626
-605
-583
-560
-532
-499
-460
-413
-358
-297
-229
-156
-81
-5
68
137
199
252
293
322
339
343
336
321
299
274
249
227
211
202
204
217
240
274
317
368
425
486
548
609
669
724
775
820
859
891
916
934
944
946
939
924
901
868
825
773
712
641
560
472
376
274
168
60
-45
-147
-242
-326
-397
-454
-494
-519
-529
-526
-514
-495
-473
-452
-434
-420
-413
-412
-415
-420
-425
-427
-423
-410
-388
-355
-312
-260
-203
-144
-85
-31
13
47
67
72
63
39
2
-42
-94
-147
-198
-244
-280
-304
-314
-308
-286
-249
-198
-133
-59
22
108
195
279
357
426
482
523
548
555
544
515
470
411
339
259
172
83
-5
-91
-171
-244
-307
-359
-399
-428
-445
-451
-446
-432
-411
-385
-355
-324
-295
-271
-252
-243
-244
-256
-280
-315
-362
-418
-480
-546
-613
-676
-732
-778
-810
-826
-823
-801
-759
-698
-619
-523
-412
-290
-157
-17
127
276
427
579
731
882
1032
1181
1327
1470
1608
1739
1860
1969
2060
2130
2175
2190
2173
2121
2034
1911
1756
1571
1362
1133
890
640
388
138
-102
-333
-549
-750
-934
-1101
-1249
-1381
-1495
-1593
-1675
-1742
-1793
-1829
-1850
-1857
-1849
-1827
-1791
-1742
-1679
-1604
-1516
-1417
-1308
-1189
-1062
-930
-792
-653
-513
-376
-243
-117
0
105
199
280
347
400
441
469
488
499
504
507
509
514
524
541
567
602
646
698
756
817
877
931
975
1004
1015
1003
968
910
830
731
617
495
369
247
133
32
-50
-113
-155
-178
-182
-170
-147
-116
-83
-49
-19
3
18
25
24
14
-1
-23
-50
-80
-114
-151
-191
-234
-280
-330
-383
-438
-494
-550
-602
-649
-689
-718
-736
-739
-726
-697
-652
-591
-515
-426
-327
-221
-110
1
110
213
306
386
452
501
533
548
546
528
498
458
410
359
306
254
206
162
122
87
54
24
-5
-35
-69
-106
-147
-191
-239
-288
-337
-383
-425
-460
-486
-500
-501
-488
-459
-416
-358
-287
-206
-117
-23
71
162
246
320
381
426
453
461
450
418
367
297
210
107
-9
-135
-267
-401
-531
-651
-756
-839
-895
-920
-909
-863
-780
-664
