191
233
264
283
292
289
275
250
216
172
121
64
2
-59
-122
-181
-235
-281
-317
-341
-352
-350
-333
-303
-261
-207
-144
-75
-2
71
143
209
268
316
352
374
382
374
351
315
267
211
147
81
15
-47
-103
-149
-182
-202
-207
-197
-173
-135
-88
-33
26
86
145
198
245
283
311
331
342
346
346
342
339
337
340
348
364
387
418
456
499
546
593
638
677
708
725
727
711
675
617
539
440
322
189
44
-108
-264
-418
-565
-701
-821
-922
-1001
-1058
-1093
-1105
-1097
-1071
-1030
-978
-916
-849
-779
-707
-635
-565
-497
-430
-365
-301
-240
-179
-121
-66
-13
33
76
113
143
166
182
193
200
203
205
207
212
220
233
251
274
300
330
361
393
423
451
476
499
521
541
562
586
612
642
675
711
747
780
808
827
833
824
796
748
680
592
487
368
238
102
-34
-169
-296
-412
-514
-600
-669
-721
-756
-776
-783
-779
-767
-749
-729
-707
-686
-667
-649
-634
-621
-608
-594
-577
-557
-532
-501
-464
-420
-369
-313
-252
-189
-124
-59
2
60
113
159
196
226
247
259
263
261
251
236
217
195
169
143
116
89
62
38
16
-1
-15
-23
-25
-19
-5
17
48
87
133
184
240
297
354
409
459
504
541
571
591
602
603
595
577
551
515
472
420
361
295
223
145
62
-24
-114
-208
-304
-401
-498
-595
-690
-783
-873
-961
-1045
-1127
-1207
-1285
-1364
-1443
-1522
-1603
-1684
-1763
-1838
-1903
-1955
-1986
-1991
-1962
-1894
-1780
-1617
-1401
-1134
-817
-453
-50
382
836
1298
1757
2200
2615
2991
3319
3592
3806
3957
4047
4079
4056
3985
3872
3724
3547
3346
3126
2887
2633
2361
2070
1761
1431
1080
711
327
-66
-463
-854
-1230
-1581
-1899
-2177
-2409
-2591
-2722
-2803
-2838
-2831
-2787
-2711
-2610
-2488
-2350
-2199
-2037
-1867
-1690
-1507
-1319
-1127
-933
-740
-551
-370
-202
-49
82
189
271
325
351
352
331
292
240
182
122
65
16
-20
-45
-56
-54
-38
-12
21
62
107
153
199
242
282
318
349
376
397
415
429
439
447
453
456
458
457
454
448
439
426
411
391
368
342
314
283
251
219
186
155
124
95
68
44
21
2
-14
-27
-36
-40
-40
-33
-20
0
26
59
98
141
187
233
277
317
349
371
382
381
366
337
295
241
176
104
26
-55
-137
-218
-295
-366
-430
-485
-531
-567
-594
-611
-619
-618
-609
-594
-571
-544
-511
-475
-437
-397
-357
-319
-283
-252
-226
-206
-192
-184
-182
-183
-188
-192
-196
-195
-188
-175
-152
-121
-82
-34
18
74
131
185
232
270
294
303
295
268
224
162
86
-2
-99
-200
-301
-398
-485
-560
-618
-658
-678
-676
-655
-614
-556
-483
-400
-310
-216
-121
-28
59
141
217
288
353
415
474
531
588
645
700
752
800
842
874
896
905
900
880
846
799
741
675
602
526
449
374
301
231
164
99
34
-33
-103
-179
-260
-348
-441
-537
-634
-728
-814
-890
-950
-992
-1011
-1006
-976
-920
-840
-739
-619
-484
-340
-191
-43
99
233
353
457
543
609
656
684
693
687
666
633
591
543
491
438
385
336
292
255
224
200
183
172
166
163
162
161
159
155
148
138
124
106
85
62
36
10
-17
-44
-71
-98
-123
-147
-170
-191
-211
-229
-246
-261
-275
-287
-298
-307
-314
-319
-323
-325
-324
-323
-319
-314
-307
-299
-289
-278
-265
-252
-237
-221
-205
-188
-172
-156
-142
-129
-120
-114
-113
-118
-129
-148
-175
-209
-251
-300
-353
-409
-465
-518
-563
-598
-619
-622
-606
-570
-511
-433
-335
-221
-93
42
184
326
466
599
723
835
935
1020
1092
1152
1200
1240
1273
1300
1325
1347
1368
1386
1401
1410
1413
1405
1387
1356
1311
1251
1177
1089
988
875
750
614
470
316
155
-11
-183
-358
-535
-711
-884
-1052
-1212
-1362
-1497
-1617
-1717
-1795
-1850
-1880
-1885
-1863
-1816
-1746
-1655
-1546
-1423
-1289
-1148
-1005
-862
-722
-588
-462
-344
-235
-134
-42
43
124
200
274
347
420
494
568
642
716
789
858
924
983
1035
1078
1110
1131
1139
1135
1118
1088
1046
992
929
857
778
694
605
515
423
333
245
160
80
4
-64
-127
-183
-233
-276
-313
-343
-368
-388
-402
-412
-418
-420
-419
-414
-407
-396
-383
-368
-350
-330
-309
-287
-265
-243
-222
-202
-185
-170
-159
-151
-146
-145
-147
-153
-161
-172
-184
-198
-213
-228
-244
-260
-275
-289
-302
-313
-323
-331
-335
-337
-334
-327
-316
-299
-278
-252
-222
-188
-150
-111
-70
-29
10
47
82
111
136
155
168
175
177
175
170
163
156
149
145
143
145
151
160
172
186
202
219
235
249
261
270
274
276
273
268
261
253
245
238
234
233
235
239
247
255
263
269
271
268
257
237
208
168
119
61
-4
-77
-155
-236
-317
-398
-475
-547
-613
-670
-717
-755
-781
-795
-797
-788
-766
-733
-688
-632
-566
-490
-407
-316
-221
-122
-23
74
169
258
340
413
475
525
564
591
606
609
602
586
561
530
493
453
409
365
321
278
237
198
163
132
106
84
68
57
52
52
58
70
86
107
130
155
180
203
222
238
247
249
244
233
216
193
167
139
111
84
60
39
22
10
1
-2
-4
-3
-2
0
0
0
-3
-10
-21
-37
-58
-85
-117
-153
-194
-237
-282
-327
-370
-411
-446
-476
-499
-514
-520
-517
-505
-486
-458
-424
-384
-341
-296
-250
-206
-166
-129
-99
-75
-58
-47
-42
-41
-43
-47
-51
-53
-53
-49
-41
-30
-14
5
27
52
79
106
134
160
185
207
228
245
261
274
284
293
300
305
309
311
311
311
308
305
300
295
289
282
276
270
264
259
254
249
245
241
237
232
227
221
214
206
196
184
171
155
138
120
100
79
57
36
15
-5
-25
-44
-63
-80
-96
-112
-128
-143
-160
-177
-196
-216
-239
-264
-292
-321
-352
-384
-415
-446
-475
-500
-521
-536
-544
-546
-539
-525
-503
-473
-436
-393
-345
-292
-237
-180
-123
-67
-13
36
82
123
158
188
212
230
244
254
261
266
268
270
272
274
276
278
280
281
282
280
275
267
255
238
215
188
156
119
79
36
-8
-52
-95
-135
-170
-198
-219
-231
-234
-227
-211
-186
-153
-115
-73
-30
11
51
85
112
132
144
148
143
132
114
91
64
35
5
-23
-51
-77
-99
-117
-131
-141
-147
-149
-148
-144
-138
-131
-122
-114
-106
-98
-91
-86
-82
-78
-76
-74
-71
-69
-65
-59
-52
-42
-30
-15
1
20
39
59
79
97
113
125
135
140
142
140
135
128
119
110
101
93
88
86
87
93
102
114
129
146
163
181
197
211
222
230
234
234
231
224
213
201
186
170
154
139
123
109
95
82
70
57
43
27
8
-12
-37
-65
-96
-130
-166
-203
-240
-275
-307
-335
-357
-371
-378
-377
-366
-345
-316
-279
-235
-184
-130
-72
-15
41
94
142
184
218
243
259
265
262
250
230
203
170
133
94
54
15
-20
-50
-75
-91
-99
-97
-85
-65
-36
0
41
87
134
180
224
263
295
319
333
338
333
319
296
265
229
189
146
103
62
23
-10
-39
-62
-79
-91
-99
-102
-104
-105
-106
-110
-116
-127
-142
-161
-185
-212
-241
-273
-305
-336
-366
-394
-418
-438
-453
-462
-464
-459
-446
-426
-399
-364
-323
-277
-227
-173
-119
-64
-11
38
84
124
159
186
206
218
221
218
206
188
163
131
95
54
9
-38
-87
-137
-185
-230
-271
-305
-332
-350
-358
-356
-343
-321
-290
-252
-208
-159
-108
-55
-4
45
92
136
177
213
247
276
303
328
349
369
386
399
409
415
415
409
396
375
347
310
266
215
159
99
37
-24
-84
-140
-190
-232
-266
-290
-305
-309
-305
-293
-274
-250
-222
-193
-164
-136
-111
-88
-69
-54
-43
-34
-28
-23
-20
-16
-13
-9
-4
0
7
13
20
26
31
34
35
33
28
19
6
-10
-32
-58
-88
-121
-156
-192
-226
-259
-286
-306
-318
-318
-306
-280
-238
-180
-107
-18
85
200
326
458
593
726
853
968
1067
1145
1198
1223
1218
1183
1117
1022
902
762
606
440
272
108
-45
-183
-300
-393
-459
-498
-511
-499
-466
-415
-352
-283
-211
-144
-85
-38
-6
8
6
-11
-44
-87
-138
-193
-248
-299
-343
-377
-397
-403
-394
-369
-329
-274
-207
-131
-47
38
124
206
281
344
393
426
441
436
413
372
314
242
160
70
-22
-116
-205
-287
-359
-420
-468
-502
-522
-528
-522
-505
-476
-439
-393
-339
-280
-214
-144
-69
8
89
171
254
335
413
484
547
598
637
660
666
656
629
586
529
460
382
299
213
126
43
-35
-108
-172
-228
-275
-313
-341
-362
-375
-380
-380
-374
-363
-348
-330
-309
-287
-262
-236
-209
-181
-152
-124
-96
-70
-47
-27
-10
1
9
12
11
6
-2
-13
-27
-42
-59
-75
-92
-108
-123
-137
-148
-158
-166
-173
-178
-182
-186
-190
-195
-201
-209
-218
-228
-239
-249
-258
-265
-267
-264
-255
-238
-214
-181
-140
-92
-38
20
83
146
208
267
321
366
402
427
441
441
429
405
370
325
272
212
149
83
18
-45
-104
-157
-203
-241
-269
-288
-296
-295
-284
-265
-239
-207
-171
-132
-92
-53
-17
15
42
64
80
90
94
93
88
82
74
67
62
60
62
69
81
97
116
138
162
186
208
226
239
247
247
239
223
200
169
132
90
44
-4
-54
-103
-151
-196
-237
-273
-304
-329
-346
-357
-361
-358
-347
-330
-306
-277
-244
-206
-165
-123
-79
-36
5
46
83
117
146
171
191
205
215
219
219
215
207
195
181
165
148
130
113
98
85
75
69
68
71
80
93
111
132
156
181
206
230
252
270
284
293
296
294
287
274
257
235
211
184
155
127
98
72
47
25
6
-9
-22
-32
-39
-43
-45
-45
-42
-38
-33
-26
-18
-8
1
12
23
33
44
52
59
63
63
59
51
39
23
2
-20
-44
-70
-95
-117
-137
-152
-162
-166
-164
-156
-143
-126
-105
-82
-58
-36
-16
0
10
15
14
7
-6
-24
-46
-70
-95
-119
-139
-156
-166
-171
-169
-160
-146
-127
-105
-82
-59
-38
-21
-9
-4
-5
-13
-28
-49
-74
-102
-131
-159
-186
-208
-224
-234
-237
-232
-220
-202
-177
-147
-114
-79
-43
-9
23
52
77
97
112
121
124
122
115
105
91
75
57
41
25
12
2
-3
-5
-2
5
17
34
53
75
97
120
141
159
175
186
193
194
191
182
168
150
128
102
74
44
14
-15
-43
-70
-93
-114
-131
-145
-156
-165
-171
-175
-178
-180
-180
-180
-178
-175
-172
-167
-161
-153
-145
-135
-124
-113
-101
-90
-78
-67
-58
-49
-43
-38
-36
-35
-37
-40
-45
-52
-59
-67
-75
