1181
1394
1568
1696
1776
1809
1798
1749
1672
1574
1467
1359
1259
1171
1100
1046
1010
988
975
964
950
925
882
816
723
601
449
270
67
-154
-387
-625
-860
-1084
-1290
-1473
-1628
-1751
-1840
-1895
-1916
-1904
-1863
-1794
-1703
-1594
-1470
-1337
-1200
-1061
-926
-797
-676
-565
-464
-375
-296
-226
-165
-111
-63
-19
20
58
96
133
170
209
248
288
327
365
400
431
457
476
487
492
489
481
469
456
444
437
437
447
471
508
560
627
706
797
894
994
1090
1178
1251
1303
1330
1326
1290
1220
1118
985
827
648
455
256
57
-135
-315
-478
-621
-742
-840
-916
-971
-1008
-1029
-1037
-1034
-1024
-1009
-991
-972
-953
-936
-922
-910
-900
-892
-884
-874
-859
-836
-803
-756
-692
-610
-508
-388
-250
-98
64
233
403
567
721
858
973
1064
1125
1157
1158
1131
1080
1009
925
837
752
680
628
602
604
636
694
774
867
964
1053
1124
1167
1172
1135
1051
921
745
531
286
19
-257
-534
-799
-1041
-1252
-1426
-1556
-1641
-1680
-1677
-1635
-1560
-1459
-1339
-1208
-1071
-935
-804
-680
-566
-461
-365
-277
-196
-120
-48
18
79
135
183
222
250
266
268
256
231
194
148
95
39
-15
-65
-107
-135
-148
-144
-122
-83
-29
37
113
193
273
347
411
463
499
518
521
509
484
450
411
372
336
310
296
298
318
358
417
494
586
689
798
907
1009
1098
1166
1207
1216
1187
1119
1011
865
683
471
236
-12
-267
-517
-753
-966
-1149
-1295
-1400
-1462
-1481
-1457
-1394
-1299
-1177
-1037
-889
-741
-603
-483
-389
-327
-300
-312
-361
-446
-562
-704
-863
-1032
-1201
-1361
-1502
-1615
-1694
-1731
-1723
-1665
-1557
-1400
-1196
-949
-665
-350
-11
342
705
1065
1415
1745
2046
2309
2525
2688
2792
2835
2815
2735
2600
2417
2194
1943
1674
1397
1123
860
615
393
195
24
-120
-242
-344
-429
-502
-565
-624
-680
-737
-797
-860
-926
-996
-1068
-1140
-1211
-1278
-1339
-1394
-1441
-1481
-1511
-1534
-1548
-1555
-1553
-1541
-1518
-1482
-1429
-1358
-1264
-1148
-1006
-839
-648
-434
-201
46
306
572
841
1107
1366
1616
1852
2074
2280
2467
2635
2782
2906
3005
3074
3110
3110
3069
2985
2855
2678
2456
2191
1889
1555
1199
827
449
75
-288
-632
-952
-1241
-1497
-1717
-1900
-2047
-2159
-2239
-2289
-2313
-2314
-2295
-2259
-2208
-2143
-2065
-1976
-1873
-1758
-1631
-1490
-1336
-1171
-996
-814
-628
-441
-258
-83
79
225
353
459
543
605
645
666
670
662
645
622
597
574
555
541
533
532
536
544
555
568
579
589
596
599
598
592
581
565
544
516
481
437
383
319
243
155
54
-56
-176
-303
-434
-563
-689
-805
-909
-996
-1063
-1107
-1127
-1121
-1091
-1037
-960
-863
-750
-624
-490
-351
-211
-77
49
165
266
351
419
470
503
520
522
512
490
458
420
375
327
276
223
170
117
66
18
-26
-66
-101
-129
-152
-169
-181
-189
-194
-197
-201
-206
-214
-226
-243
-265
-293
-325
-362
-400
-438
-474
-505
-528
-541
-540
-525
-492
-442
-373
-286
-181
-60
73
218
370
524
676
820
950
1062
1150
1210
1239
1236
1198
1127
1026
899
749
584
410
235
65
-89
-224
-334
-413
-459
-473
-454
-409
-340
-256
-165
-74
8
76
122
142
134
96
31
-59
-171
-298
-434
-572
-706
-828
-933
-1016
-1073
-1101
-1099
-1066
-1003
-913
-799
-663
-511
-346
-173
2
177
347
509
661
799
923
1032
1125
1202
1263
1309
1339
1353
1352
1335
1302
1252
1187
1106
1011
903
784
658
527
397
271
152
43
-51
-132
-197
-247
-282
-304
-314
-316
-311
-302
-292
-281
-273
-269
-268
-272
-281
-293
-308
-325
-342
-358
-370
-379
-382
-378
-369
-353
-330
-303
-273
-239
-206
-173
-143
-117
-97
-83
-77
-78
-86
-101
-121
-145
-171
-196
-220
-239
-254
-261
-262
-255
-240
-219
-191
-159
-122
-82
-41
0
40
78
113
144
169
186
195
194
183
160
126
81
26
-36
-104
-173
-241
-301
-352
-387
-405
-402
-378
-332
-266
-183
-85
21
132
241
343
432
504
556
585
589
569
524
458
374
274
165
49
-65
-175
-275
-359
-423
-465
-480
-468
-430
-367
-282
-180
-67
49
162
265
349
409
439
438
403
336
241
122
-14
-160
-309
-452
-585
-700
-795
-866
-914
-938
-941
-925
-894
-851
-800
-745
-688
-630
-573
-515
-456
-393
-323
-244
-153
-48
71
205
353
512
679
851
1022
1188
1344
1484
1605
1702
1773
1815
1827
1809
1762
1687
1587
1465
1324
1168
1001
826
647
466
285
107
-65
-232
-390
-538
-672
-792
-894
-975
-1034
-1068
-1078
-1063
-1024
-965
-888
-799
-702
-604
-510
-427
-359
-311
-287
-289
-318
-372
-451
-550
-665
-790
-917
-1041
-1153
-1247
-1317
-1357
-1364
-1335
-1269
-1168
-1034
-871
-685
-481
-265
-45
172
383
582
766
932
1078
1206
1314
1405
1478
1535
1577
1606
1621
1624
1615
1594
1563
1522
1471
1410
1340
1262
1175
1080
978
868
751
628
497
360
217
69
-85
-243
-405
-568
-731
-891
-1045
-1191
-1324
-1442
-1541
-1620
-1676
-1709
-1716
-1700
-1661
-1600
-1521
-1426
-1319
-1203
-1082
-958
-834
-713
-594
-478
-365
-252
-137
-19
104
237
378
530
691
860
1034
1209
1382
1547
1698
1830
1937
2014
2054
2054
2011
1921
1785
1603
1379
1118
828
518
197
-122
-430
-715
-968
-1180
-1344
-1457
-1518
-1527
-1489
-1409
-1295
-1157
-1004
-845
-690
-545
-416
-307
-220
-154
-107
-75
-53
-37
-22
-2
24
61
109
167
233
303
374
440
497
540
567
573
558
521
462
383
286
174
52
-77
-210
-341
-466
-582
-683
-767
-831
-874
-893
-888
-859
-808
-737
-648
-545
-431
-311
-189
-70
42
146
237
314
376
423
454
472
478
473
460
441
417
390
362
333
303
275
246
219
192
166
140
114
88
62
36
9
-16
-43
-71
-99
-127
-157
-187
-217
-247
-277
-303
-326
-342
-351
-349
-335
-308
-267
-212
-144
-64
26
124
227
333
438
541
639
729
810
880
938
981
1008
1017
1008
979
929
859
769
660
535
396
247
91
-66
-223
-375
-518
-650
-766
-867
-949
-1011
-1054
-1078
-1083
-1070
-1041
-998
-943
-880
-809
-734
-657
-580
-505
-432
-362
-297
-236
-180
-130
-84
-44
-9
21
46
66
82
93
101
105
106
103
97
88
74
55
31
1
-34
-77
-126
-179
-235
-293
-348
-398
-439
-470
-485
-483
-463
-422
-361
-281
-184
-72
49
177
306
431
547
649
736
804
852
882
894
891
877
855
829
803
778
757
741
730
724
721
719
716
709
697
677
649
613
570
521
467
412
358
307
261
223
192
169
152
141
132
123
110
91
62
21
-32
-99
-179
-271
-373
-480
-591
-700
-805
-901
-986
-1057
-1112
-1149
-1168
-1169
-1153
-1121
-1076
-1020
-956
-887
-815
-742
-671
-602
-537
-474
-414
-355
-294
-231
-164
-91
-11
75
169
268
371
476
579
677
768
848
915
967
1002
1019
1020
1004
973
927
870
803
729
649
566
481
395
311
228
148
71
-1
-71
-136
-197
-253
-305
-354
-398
-439
-477
-512
-545
-576
-606
-634
-660
-684
-703
-719
-728
-730
-724
-709
-684
-648
-602
-546
-480
-406
-323
-235
-140
-41
60
165
272
379
486
591
694
792
884
967
1039
1098
1143
1170
1179
1169
1140
1092
1025
943
846
738
621
498
373
248
125
5
-108
-215
-317
-412
-500
-582
-657
-725
-784
-834
-874
-902
-917
-919
-907
-881
-841
-790
-727
-657
-580
-500
-419
-340
-265
-197
-137
-86
-46
-18
0
7
6
-1
-14
-29
-42
-52
-55
-49
-33
-6
31
80
137
200
268
335
399
456
504
539
560
565
553
525
480
420
348
266
177
85
-6
-95
-178
-252
-316
-367
-406
-431
-442
-440
-426
-401
-366
-322
-271
-215
-156
-96
-36
19
70
115
152
180
199
208
207
197
180
157
130
100
70
40
13
-9
-28
-41
-48
-49
-45
-35
-20
-1
20
46
74
103
133
164
194
224
252
280
306
330
352
372
389
403
413
419
420
416
405
387
361
327
284
232
173
107
35
-41
-121
-202
-283
-361
-435
-504
-566
-621
-668
-707
-738
-761
-775
-781
-778
-766
-745
-713
-672
-620
-557
-484
-400
-307
-206
-99
11
123
233
338
435
521
593
650
689
710
713
698
665
617
555
483
403
318
233
149
71
2
-56
-102
-134
-151
-155
-147
-128
-101
-70
-38
-9
14
28
31
21
-1
-38
-86
-144
-209
-277
-345
-407
-461
-503
-528
-535
-522
-488
-434
-359
-266
-157
-36
93
228
365
500
628
747
853
944
1018
1072
1105
1115
1102
1063
1000
912
801
670
522
361
194
25
-139
-294
-435
-557
-658
-737
-792
-825
-837
-829
-805
-768
-721
-667
-609
-550
-494
-441
-394
-354
-321
-295
-275
-261
-249
-239
-228
-214
-195
-170
-137
-97
-48
7
70
137
206
275
342
401
452
491
516
525
517
493
452
398
332
258
178
97
18
-56
-122
-179
-226
-261
-286
-300
-305
-303
-295
-284
-270
-256
-242
-230
-221
-216
-216
-220
-229
-243
-261
-282
-304
-326
-345
-360
-367
-364
-350
-323
-282
-226
-156
-72
23
131
248
372
501
631
761
886
1002
1105
1191
1256
1299
1316
1308
1275
1218
1140
1045
936
818
693
565
437
311
188
69
-45
-156
-263
-368
-471
-574
-675
-777
-878
-976
-1071
-1161
-1241
-1311
-1367
-1406
-1426
-1426
-1406
-1365
-1305
-1228
-1135
-1031
-917
-798
-677
-557
-440
-330
-227
-133
-47
28
97
159
217
273
328
386
448
515
590
670
756
846
936
1024
1106
1178
1235
1275
1295
1294
1271
1226
1162
1081
986
880
768
652
536
422
311
206
106
12
-75
-158
-233
-302
-363
-415
-457
-488
-506
-511
-503
-482
-449
-406
-358
-306
-256
-212
-179
-160
-159
-180
-224
-290
-377
-484
-605
-734
-866
-994
-1111
-1211
-1287
-1335
-1353
-1337
-1289
-1210
-1103
-973
-825
-667
-506
-348
-201
-71
37
122
181
214
223
213
188
155
121
92
77
82
111
168
255
371
515
684
871
1070
1276
1480
1675
1854
2011
2143
2243
2312
2345
2345
2311
2244
2147
2022
1872
1699
1506
1296
1073
840
600
356
112
-127
-360
-581
-787
-974
-1141
-1285
-1406
-1504
-1579
-1634
-1670
-1691
-1697
-1693
-1678
-1654
-1621
-1580
-1528
-1466
-1393
-1308
-1210
-1101
-980
-851
-714
-572
-427
-282
-141
-4
123
241
346
437
512
570
611
633
638
626
600
562
514
459
401
342
285
232
186
146
116
94
81
78
83
96
115
139
168
199
230
262
291
317
339
356
368
374
375
371
361
347
328
305
277
245
209
168
124
76
25
-27
-80
-132
-181
-226
-265
-295
-316
-327
-327
-317
-297
-270
-235
-197
-158
-119
-84
-54
-31
-16
-9
-10
-17
-30
-45
-61
-75
-85
-88
-84
-71
-48
-17
22
68
119
172
225
273
314
345
365
371
363
340
304
255
197
131
61
-10
-81
-149
-212
-268
-318
-362
-400
-435
-468
-501
-536
-574
-615
-659
-705
-751
-794
-829
-855
-867
