2378
2216
2026
1818
1596
1368
1137
906
679
458
244
39
-154
-338
-511
-674
-828
-973
-1110
-1238
-1357
-1464
-1557
-1630
-1678
-1696
-1676
-1613
-1502
-1339
-1125
-859
-547
-195
184
582
982
1371
1732
2052
2319
2522
2657
2721
2713
2640
2508
2326
2103
1851
1579
1297
1010
727
452
190
-54
-277
-477
-648
-789
-896
-970
-1009
-1015
-993
-945
-880
-802
-721
-643
-576
-526
-498
-496
-523
-576
-655
-755
-869
-990
-1109
-1217
-1305
-1366
-1393
-1382
-1331
-1239
-1112
-953
-769
-570
-363
-157
39
221
381
517
627
710
768
802
816
814
798
774
745
713
680
649
619
589
559
527
489
445
391
325
247
155
51
-63
-188
-320
-454
-587
-714
-830
-931
-1012
-1070
-1102
-1105
-1077
-1020
-933
-820
-683
-527
-356
-177
5
186
358
518
660
782
879
951
997
1017
1013
987
944
888
823
755
689
630
579
541
517
506
508
521
542
568
594
616
629
628
606
560
484
374
228
43
-178
-438
-731
-1052
-1395
-1751
-2110
-2461
-2793
-3093
-3350
-3554
-3696
-3768
-3765
-3687
-3534
-3310
-3022
-2680
-2293
-1872
-1431
-979
-526
-81
348
759
1146
1508
1843
2149
2427
2675
2895
3087
3252
3392
3508
3602
3678
3736
3777
3803
3812
3802
3769
3708
3614
3480
3303
3076
2799
2470
2093
1672
1217
736
244
-245
-717
-1157
-1551
-1887
-2155
-2349
-2465
-2504
-2469
-2367
-2208
-2003
-1765
-1507
-1243
-986
-745
-532
-353
-213
-116
-61
-49
-76
-138
-229
-342
-470
-606
-743
-875
-995
-1098
-1182
-1243
-1281
-1294
-1285
-1254
-1203
-1136
-1054
-961
-859
-750
-634
-514
-390
-262
-131
2
140
280
420
560
698
830
954
1067
1165
1247
1310
1351
1369
1365
1337
1287
1215
1125
1018
897
766
629
488
349
214
86
-31
-135
-226
-301
-361
-407
-440
-462
-476
-485
-492
-499
-508
-522
-541
-567
-598
-635
-674
-715
-755
-790
-817
-834
-836
-823
-791
-741
-674
-590
-493
-386
-273
-160
-51
47
130
195
236
250
236
192
121
24
-94
-232
-381
-538
-695
-847
-987
-1110
-1210
-1284
-1327
-1337
-1311
-1249
-1151
-1017
-852
-656
-435
-192
67
339
619
900
1176
1440
1686
1906
2093
2240
2343
2397
2400
2353
2261
2127
1959
1768
1562
1352
1147
957
789
646
533
449
392
359
343
339
339
335
321
292
242
169
70
-53
-202
-372
-560
-762
-973
-1186
-1398
-1603
-1795
-1971
-2127
-2259
-2365
-2443
-2492
-2509
-2493
-2446
-2365
-2252
-2109
-1936
-1737
-1515
-1277
-1028
-773
-519
-272
-38
178
374
546
694
818
917
995
1053
1095
1122
1139
1148
1151
1152
1152
1152
1155
1160
1168
1179
1192
1205
1219
1232
1243
1251
1255
1255
1249
1237
1219
1195
1164
1127
1083
1034
979
919
854
787
717
645
574
503
434
367
304
243
187
133
83
36
-7
-49
-88
-126
-162
-196
-228
-258
-287
-313
-338
-360
-382
-403
-423
-444
-466
-491
-519
-551
-590
-634
-685
-743
-808
-878
-951
-1026
-1100
-1169
-1230
-1279
-1312
-1327
-1321
-1293
-1242
-1168
-1075
-963
-838
-703
-563
-424
-288
-162
-48
50
131
192
233
254
255
237
203
156
99
35
-29
-92
-148
-193
-223
-234
-225
-194
-139
-60
39
158
294
440
590
739
877
996
1089
1147
1164
1135
1059
935
767
563
330
81
-172
-417
-641
-836
-992
-1105
-1173
-1197
-1182
-1134
-1060
-969
-870
-771
-680
-602
-542
-500
-476
-467
-470
-478
-483
-478
-455
-408
-331
-219
-70
113
330
576
843
1123
1408
1686
1949
2187
2392
2557
2677
2749
2771
2743
2668
2551
2395
2208
1997
1768
1529
1287
1048
816
596
388
193
10
-162
-330
-494
-658
-824
-994
-1166
-1340
-1512
-1679
-1836
-1977
-2099
-2195
-2264
-2302
-2310
-2286
-2233
-2153
-2052
-1932
-1799
-1657
-1510
-1361
-1212
-1064
-917
-770
-622
-469
-310
-142
34
221
416
617
819
1017
1206
1377
1525
1641
1721
1758
1751
1697
1596
1450
1263
1040
787
512
222
-71
-363
-644
-906
-1143
-1350
-1522
-1656
-1751
-1806
-1821
-1798
-1737
-1642
-1515
-1357
-1171
-959
-721
-459
-173
133
462
810
1173
1548
1927
2303
2668
3011
3320
3584
3792
3934
3999
3982
3879
3687
3410
3054
2626
2140
1610
1054
487
-69
-600
-1089
-1521
-1886
-2174
-2380
-2505
-2548
-2515
-2413
-2251
-2042
-1798
-1532
-1257
-989
-738
-518
-337
-203
-121
-94
-121
-200
-323
-485
-673
-878
-1087
-1287
-1467
-1615
-1723
-1784
-1794
-1752
-1661
-1524
-1348
-1143
-918
-683
-447
-218
-3
191
366
518
647
756
845
917
973
1014
1040
1051
1046
1025
987
932
858
768
661
540
406
265
118
-28
-172
-308
-431
-537
-623
-685
-721
-728
-703
-646
-554
-428
-268
-75
147
396
665
946
1229
1503
1757
1979
2157
2280
2340
2330
2249
2097
1882
1612
1300
961
612
270
-49
-334
-573
-760
-894
-974
-1006
-998
-958
-898
-827
-755
-692
-645
-617
-612
-630
-669
-725
-794
-868
-942
-1010
-1065
-1105
-1125
-1124
-1102
-1062
-1004
-932
-851
-763
-672
-581
-491
-406
-325
-249
-178
-111
-48
11
68
123
177
228
278
325
368
406
438
464
481
490
489
479
459
430
393
349
298
243
186
127
68
10
-45
-97
-145
-188
-226
-259
-285
-304
-317
-323
-322
-314
-300
-280
-256
-229
-200
-172
-146
-123
-106
-95
-90
-92
-99
-112
-128
-146
-166
-184
-201
-216
-227
-234
-238
-239
-236
-230
-222
-212
-202
-190
-179
-167
-154
-139
-120
-96
-63
-20
34
103
186
281
385
495
604
705
788
847
871
854
790
675
509
293
31
-270
-602
-955
-1319
-1682
-2032
-2358
-2648
-2893
-3083
-3210
-3267
-3250
-3154
-2978
-2721
-2384
-1969
-1481
-926
-310
356
1062
1794
2537
3275
3992
4668
5289
5839
6304
6675
6943
7107
7164
7119
6975
6739
6420
6027
5568
5050
4483
3873
3226
2549
1849
1133
408
-317
-1032
-1727
-2390
-3010
-3576
-4078
-4507
-4857
-5125
-5309
-5412
-5438
-5394
-5288
-5130
-4929
-4695
-4437
-4163
-3878
-3588
-3296
-3005
-2715
-2429
-2145
-1865
-1589
-1317
-1049
-787
-531
-282
-42
189
409
618
814
996
1163
1315
1451
1571
1675
1764
1839
1901
1950
1988
2014
2031
2037
2034
2020
1997
1963
1919
1863
1797
1721
1634
1537
1430
1315
1193
1065
932
795
658
521
386
256
133
19
-83
-173
-249
-308
-350
-374
-380
-369
-340
-298
-243
-181
-116
-54
0
38
57
49
10
-60
-165
-302
-468
-657
-861
-1071
-1277
-1470
-1638
-1774
-1869
-1920
-1924
-1881
-1795
-1672
-1518
-1345
-1161
-978
-804
-649
-519
-417
-346
-306
-294
-305
-335
-375
-420
-463
-498
-520
-526
-513
-482
-433
-368
-290
-204
-113
-22
64
143
212
268
309
337
351
353
346
333
316
300
288
283
287
301
327
365
412
468
529
592
654
710
756
789
805
800
774
725
652
557
440
304
154
-7
-174
-343
-507
-661
-800
-920
-1017
-1090
-1137
-1160
-1159
-1137
-1099
-1049
-989
-925
-859
-793
-728
-664
-601
-536
-468
-393
-311
-218
-114
2
131
272
422
580
742
903
1059
1205
1336
1447
1533
1590
1616
1609
1569
1497
1396
1269
1122
960
790
619
453
298
161
45
-44
-109
-147
-160
-152
-125
-85
-37
13
63
108
144
171
187
193
190
181
167
152
139
128
122
123
130
143
161
183
206
228
247
260
266
264
253
233
205
170
131
89
46
6
-30
-62
-90
-114
-136
-161
-192
-233
-289
-364
-462
-585
-733
-904
-1094
-1298
-1508
-1716
-1910
-2080
-2217
-2308
-2346
-2323
-2234
-2075
-1846
-1547
-1184
-762
-290
219
756
1305
1852
2382
2879
3329
3719
4040
4284
4447
4527
4529
4456
4318
4125
3885
3611
3310
2991
2661
2323
1981
1635
1286
933
576
213
-153
-524
-897
-1268
-1633
-1988
-2327
-2645
-2935
-3194
-3415
-3595
-3731
-3821
-3864
-3860
-3811
-3718
-3585
-3416
-3214
-2983
-2728
-2452
-2160
-1856
-1543
-1225
-906
-589
-280
17
298
560
797
1004
1178
1316
1416
1476
1496
1477
1423
1338
1226
1093
948
796
644
499
366
249
151
73
14
-27
-55
-74
-87
-100
-118
-143
-179
-227
-286
-356
-432
-512
-591
-664
-727
-774
-801
-806
-787
-741
-670
-575
-457
-319
-163
6
187
377
573
772
971
1170
1364
1552
1730
1894
2039
2160
2252
2309
2326
2299
2224
2102
1932
1719
1467
1186
885
575
268
-24
-290
-521
-709
-849
-939
-981
-979
-939
-872
-787
-697
-612
-544
-501
-490
-517
-582
-687
-827
-999
-1194
-1406
-1623
-1836
-2035
-2209
-2351
-2453
-2508
-2515
-2471
-2378
-2239
-2059
-1844
-1600
-1336
-1058
-774
-489
-208
62
319
561
784
986
1165
1319
1448
1551
1627
1676
1700
1701
1680
1641
1587
1520
1444
1361
1274
1185
1095
1006
918
830
743
657
571
484
396
306
212
115
12
-95
-207
-325
-445
-565
-681
-788
-882
-956
-1006
-1025
-1011
-961
-875
-755
-604
-427
-234
-32
169
362
537
687
807
893
946
966
956
922
870
807
740
675
618
573
543
528
529
543
566
594
623
647
662
664
649
617
568
501
419
327
229
129
33
-54
-130
-191
-237
-267
-284
-290
-290
-288
-290
-300
-321
-357
-408
-474
-553
-641
-735
-829
-918
-997
-1062
-1108
-1134
-1136
-1115
-1070
-1005
-920
-820
-708
-588
-465
-342
-224
-113
-12
75
150
212
260
295
318
331
336
334
328
318
307
296
286
278
271
266
262
256
249
237
221
199
170
135
95
49
0
-50
-102
-153
-202
-250
-295
-339
-381
-422
-464
-508
-553
-600
-649
-700
-751
-801
-849
-892
-928
-955
-969
-969
-952
-915
-857
-776
-673
-548
-402
-239
-63
120
306
487
658
813
946
1054
1132
1180
1197
1186
1150
1093
1022
942
861
784
717
664
627
607
604
612
629
648
663
668
655
619
555
461
333
174
-16
-234
-474
-730
-994
-1257
-1509
-1740
-1938
-2094
-2196
-2236
-2206
-2100
-1916
-1654
-1319
-916
-458
41
566
1097
1614
2096
2525
2883
3157
3339
3424
3414
3315
3137
2894
2601
2277
1936
1593
1262
950
665
410
184
-14
-189
-345
-489
-626
-760
-896
-1034
-1175
-1318
-1460
-1595
-1720
-1827
-1912
-1969
-1995
-1988
-1948
-1876
-1775
-1649
-1505
-1347
-1182
-1015
-850
-693
-545
-408
-284
-171
-70
20
101
174
239
297
348
391
425
449
461
461
447
419
378
325
262
193
120
48
-19
-80
-132
-172
-201
-219
-227
-228
-223
-214
-202
-189
-174
-156
-131
-99
-54
3
78
171
283
412
555
710
871
1033
1190
1336
1466
1577
1667
1737
1787
1822
1848
1871
1897
1930
1975
2031
2096
2165
2228
2274
2291
2264
2180
2029
1802
1495
1110
652
132
-435
-1031
-1636
-2227
-2783
-3283
-3711
-4053
-4298
-4442
-4483
-4426
-4279
-4053
-3762
-3423
-3051
-2663
-2275
-1899
-1548
-1228
-946
-704
-501
-335
-203
-98
-14
52
110
162
214
266
323
383
448
517
589
662
735
808
878
946
1010
1070
1125
1175
1219
1258
1289
1314
1331
1340
1341
1334
1318
1295
1264
1225
1178
1124
1062
990
909
817
713
597
469
329
179
21
-141
-306
-468
-622
-765
-890
-993
-1071
-1120
-1140
-1129
-1088
-1019
-926
-812
-681
-540
-392
-243
-97
40
167
280
376
455
516
558
583
591
584
562
528
483
428
364
293
216
134
50
-34
-119
-199
-274
-341
-397
-440
-469
-482
-480
-463
-432
-389
-337
-279
-218
-156
-96
