-846
-907
-953
-985
-1004
-1013
-1014
-1009
-1000
-989
-977
-965
-953
-940
-925
-907
-884
-855
-817
-769
-712
-643
-564
-475
-377
-273
-165
-55
52
157
255
344
423
491
547
592
624
647
659
662
656
642
621
591
553
508
454
393
325
253
177
100
25
-45
-108
-161
-200
-226
-235
-227
-203
-163
-108
-41
34
117
203
288
369
441
502
549
581
597
596
579
548
503
447
383
311
236
159
81
6
-66
-134
-196
-252
-300
-341
-374
-398
-414
-421
-421
-415
-402
-385
-366
-345
-326
-309
-296
-289
-287
-291
-301
-315
-333
-352
-370
-386
-399
-406
-407
-401
-389
-371
-348
-321
-293
-264
-236
-211
-189
-171
-157
-148
-143
-141
-142
-144
-149
-153
-159
-164
-169
-175
-180
-185
-189
-193
-195
-196
-196
-193
-188
-180
-170
-156
-140
-120
-96
-68
-35
4
49
102
162
228
299
375
452
529
601
668
724
768
797
808
801
773
724
656
569
465
348
221
88
-45
-175
-298
-410
-508
-590
-656
-705
-738
-758
-765
-761
-749
-730
-705
-675
-640
-601
-559
-512
-461
-406
-344
-275
-197
-107
-3
117
257
418
600
801
1019
1248
1482
1713
1932
2128
2293
2416
2492
2513
2477
2383
2231
2026
1775
1485
1165
827
482
140
-188
-493
-768
-1006
-1203
-1359
-1472
-1546
-1582
-1585
-1557
-1504
-1428
-1332
-1218
-1090
-950
-800
-645
-489
-335
-189
-55
61
160
236
290
322
332
324
300
265
220
171
119
68
20
-23
-62
-95
-124
-147
-167
-185
-200
-214
-228
-242
-255
-268
-278
-283
-283
-275
-257
-229
-190
-140
-80
-13
58
133
206
273
333
381
414
433
434
419
389
344
287
221
149
75
2
-66
-127
-177
-215
-239
-248
-243
-223
-190
-147
-96
-40
17
73
125
169
204
227
239
239
228
206
177
142
104
65
27
-7
-37
-61
-79
-90
-96
-98
-97
-94
-93
-95
-102
-116
-139
-170
-211
-262
-320
-385
-454
-525
-595
-660
-717
-764
-797
-814
-814
-795
-757
-700
-624
-531
-423
-301
-170
-32
108
248
382
505
613
702
767
807
820
805
763
698
612
511
401
287
176
74
-13
-84
-135
-164
-172
-161
-134
-95
-48
1
50
94
131
157
173
179
174
160
138
109
74
33
-13
-65
-124
-189
-260
-337
-419
-502
-586
-666
-739
-800
-847
-875
-881
-862
-817
-746
-648
-524
-377
-209
-26
167
366
564
755
932
1089
1219
1319
1384
1412
1401
1351
1264
1143
992
817
623
418
208
0
-197
-380
-544
-685
-800
-891
-955
-996
-1015
-1015
-997
-964
-919
-863
-797
-723
-640
-550
-451
-345
-232
-112
12
141
271
399
523
639
744
834
908
963
998
1013
1009
987
950
901
842
778
710
642
577
515
457
405
358
314
273
233
192
149
102
51
-4
-65
-129
-197
-265
-333
-399
-460
-515
-561
-599
-627
-645
-654
-653
-644
-629
-608
-582
-553
-522
-489
-454
-420
-385
-350
-316
-283
-253
-224
-198
-175
-155
-138
-123
-110
-98
-87
-76
-64
-50
-34
-15
5
28
53
80
107
134
159
182
202
217
227
230
227
216
198
172
139
100
56
9
-37
-83
-125
-160
-186
-200
-202
-188
-160
-118
-62
4
79
159
240
320
395
462
519
565
599
621
633
634
625
608
582
549
508
459
400
332
254
163
61
-52
-176
-310
-449
-591
-731
-863
-981
-1080
-1155
-1200
-1211
-1186
-1122
-1021
-883
-713
-515
-296
-62
177
415
641
848
1026
1170
1274
1332
1343
1306
1224
1099
938
748
537
315
89
-129
-333
-516
-672
-797
-889
-948
-975
-972
-943
-891
-822
-740
-650
-555
-459
-365
-274
-187
-104
-26
47
118
185
249
308
361
406
441
462
468
456
427
379
314
233
139
36
-71
-179
-283
-379
-463
-531
-581
-612
-624
-616
-589
-545
-484
-407
-316
-210
-89
44
191
351
521
700
885
1072
1258
1438
1606
1758
1887
1989
2060
2093
2087
2040
1950
1820
1652
1450
1222
974
716
455
199
-43
-268
-471
-649
-803
-933
-1043
-1135
-1213
-1280
-1341
-1398
-1452
-1505
-1557
-1608
-1655
-1696
-1729
-1751
-1759
-1750
-1724
-1677
-1611
-1523
-1416
-1291
-1150
-996
-831
-658
-482
-305
-131
36
194
340
470
582
674
745
795
823
832
824
801
768
729
687
647
613
587
571
565
570
585
608
636
667
698
725
747
760
762
751
728
691
641
579
505
422
332
236
138
40
-55
-147
-231
-308
-374
-430
-474
-506
-527
-538
-539
-531
-517
-497
-473
-447
-419
-391
-363
-336
-311
-287
-264
-243
-224
-206
-189
-174
-158
-144
-129
-114
-98
-81
-61
-38
-12
17
52
92
137
185
236
287
336
381
418
445
459
459
442
409
361
299
225
143
58
-27
-109
-183
-247
-296
-330
-349
-351
-339
-313
-277
-233
-186
-137
-90
-48
-14
11
25
29
22
5
-22
-57
-99
-145
-195
-244
-293
-339
-380
-416
-445
-468
-485
-496
-502
-505
-507
-509
-512
-519
-530
-545
-563
-583
-603
-621
-632
-633
-620
-591
-541
-468
-371
-249
-103
64
252
453
662
872
1076
1265
1431
1568
1670
1732
1752
1731
1670
1574
1450
1305
1149
991
838
699
579
483
411
364
339
331
335
344
350
348
332
298
244
168
74
-37
-161
-292
-426
-555
-676
-782
-872
-940
-987
-1012
-1015
-997
-962
-913
-853
-786
-715
-645
-579
-518
-465
-422
-388
-363
-347
-339
-337
-340
-345
-352
-359
-365
-368
-368
-365
-357
-343
-324
-299
-268
-229
-182
-128
-65
4
82
166
256
351
448
546
643
736
825
905
976
1036
1082
1115
1135
1140
1134
1116
1088
1052
1010
962
909
851
786
714
633
542
440
326
200
65
-76
-221
-365
-502
-629
-738
-827
-892
-930
-940
-924
-882
-817
-733
-635
-529
-419
-312
-212
-123
-50
4
41
59
60
46
21
-12
-49
-86
-119
-146
-165
-175
-176
-169
-156
-141
-124
-110
-100
-96
-99
-109
-125
-144
-164
-182
-194
-196
-185
-159
-117
-58
16
102
197
296
392
480
555
612
647
659
644
605
542
458
357
243
120
-7
-134
-257
-373
-478
-571
-650
-713
-762
-796
-817
-826
-826
-818
-804
-785
-765
-742
-719
-694
-668
-640
-609
-573
-533
-485
-432
-372
-306
-236
-163
-89
-16
52
116
174
224
266
302
333
361
389
420
457
503
560
630
711
801
899
998
1093
1177
1243
1284
1293
1266
1200
1093
946
761
545
305
48
-214
-473
-718
-939
-1130
-1282
-1393
-1460
-1484
-1465
-1408
-1319
-1202
-1065
-913
-752
-587
-422
-258
-99
56
206
352
493
629
759
882
995
1097
1186
1258
1312
1346
1358
1349
1318
1265
1192
1102
994
872
738
594
443
288
130
-25
-177
-322
-457
-581
-690
-784
-862
-923
-967
-995
-1008
-1007
-993
-969
-937
-899
-857
-813
-771
-731
-694
-663
-637
-617
-600
-586
-573
-559
-541
-517
-484
-441
-385
-316
-233
-135
-24
100
235
380
531
685
838
986
1123
1244
1344
1417
1457
1462
1427
1352
1238
1089
909
706
489
266
48
-157
-342
-500
-628
-722
-783
-813
-815
-792
-749
-692
-625
-552
-478
-405
-335
-269
-208
-152
-99
-48
0
48
97
148
200
255
311
369
428
486
542
594
640
677
704
719
718
700
664
609
536
445
338
219
90
-43
-177
-307
-428
-537
-629
-702
-754
-784
-793
-783
-754
-711
-657
-595
-529
-462
-396
-334
-276
-225
-179
-140
-106
-76
-52
-31
-14
0
10
18
23
26
26
24
18
10
0
-13
-28
-44
-61
-77
-91
-102
-108
-110
-106
-95
-79
-57
-32
-4
25
54
82
108
129
147
161
171
178
181
182
180
175
169
160
149
136
121
105
88
70
53
35
19
5
-7
-17
-25
-30
-33
-33
-31
-26
-19
-9
3
19
38
60
85
113
142
173
202
229
252
270
280
282
274
257
229
193
147
95
39
-20
-79
-136
-187
-230
-262
-283
-291
-285
-267
-238
-198
-152
-100
-48
3
51
93
128
154
171
179
178
170
155
135
111
85
58
33
10
-9
-23
-31
-32
-26
-14
4
29
58
91
125
159
191
220
244
263
275
281
279
270
255
233
206
173
137
97
55
11
-32
-75
-116
-155
-190
-220
-246
-267
-282
-292
-297
-298
-296
-292
-286
-279
-272
-265
-259
-253
-248
-243
-238
-231
-223
-213
-201
-185
-167
-147
-124
-100
-75
-50
-26
-4
14
30
42
51
57
60
61
60
60
59
60
62
65
70
76
82
87
92
94
93
89
80
68
52
32
10
-12
-36
-58
-77
-92
-101
-103
-96
-81
-58
-27
10
53
100
147
194
238
276
307
329
341
344
336
319
295
264
228
190
151
113
79
48
22
2
-12
-23
-30
-34
-37
-39
-42
-47
-54
-63
-74
-87
-101
-115
-129
-142
-154
-164
-171
-176
-179
-180
-179
-176
-172
-168
-163
-158
-153
-148
-143
-138
-133
-128
-124
-121
-118
-116
-115
-115
-115
-116
-116
-116
-114
-112
-108
-101
-93
-81
-66
-48
-25
0
30
65
103
144
187
231
275
317
356
390
417
438
450
453
447
431
406
373
333
286
235
181
126
71
20
-27
-69
-104
-133
-154
-169
-177
-180
-179
-175
-169
-163
-156
-151
-145
-141
-137
-133
-128
-122
-114
-104
-91
-76
-59
-40
-19
0
21
40
57
71
81
86
87
81
70
53
30
1
-32
-70
-111
-154
-196
-236
-273
-304
-327
-342
-348
-343
-328
-303
-269
-225
-175
-119
-58
3
66
128
186
239
287
327
359
383
397
403
401
392
375
353
326
296
264
230
195
160
126
92
58
25
-8
-42
-77
-113
-151
-190
-229
-269
-307
-343
-374
-400
-418
-428
-427
-417
-395
-364
-322
-273
-218
-158
-96
-33
26
83
134
179
216
246
269
284
292
295
292
286
276
264
249
232
213
191
167
139
108
72
32
-11
-59
-111
-166
-222
-279
-335
-388
-437
-480
-517
-546
-566
-579
-584
-582
-574
-560
-543
-522
-498
-473
-445
-415
-382
-346
-305
-258
-205
-144
-75
4
95
196
308
431
562
699
841
983
1120
1249
1363
1458
1529
1573
1586
1567
1515
1433
1321
1185
1028
856
674
487
301
121
-49
-207
-351
-478
-589
-683
-762
-827
-880
-922
-954
-976
-991
-997
-994
-983
-962
-932
-893
-845
-788
-725
-655
-581
-504
-427
-352
-280
-213
-153
-102
-58
-25
0
16
25
28
27
23
19
17
18
23
35
54
81
116
159
209
265
327
391
457
522
583
638
686
724
751
766
768
756
732
694
646
586
518
443
364
282
199
118
41
-29
-93
-148
-194
-231
-258
-275
-284
-285
-279
-268
-254
-237
-219
-202
-186
-173
-163
-157
-155
-156
-160
-166
-174
-183
-191
-199
-205
-209
-210
-208
-202
-192
-179
-162
-142
-119
-93
-65
-35
-3
29
64
99
134
169
202
233
260
283
298
306
304
291
267
232
186
130
65
-5
-80
-156
-231
-302
-366
-423
-469
-504
-527
-537
-537
-525
-503
-472
-435
-392
-345
-296
