-317
-326
-330
-331
-329
-325
-319
-312
-304
-294
-281
-265
-245
-221
-192
-158
-119
-75
-26
25
79
135
192
248
302
354
400
442
476
503
521
529
527
514
492
459
418
369
315
255
193
131
69
10
-44
-93
-136
-170
-196
-214
-222
-223
-216
-203
-185
-164
-140
-116
-92
-70
-48
-29
-13
0
10
18
22
22
19
13
4
-7
-20
-34
-48
-62
-75
-85
-93
-99
-101
-101
-98
-93
-86
-78
-69
-60
-52
-45
-39
-33
-28
-22
-16
-7
3
19
39
64
94
129
167
209
253
296
338
375
406
430
443
446
437
416
383
339
286
226
161
93
25
-40
-101
-156
-203
-243
-276
-301
-321
-335
-346
-355
-362
-370
-379
-389
-401
-414
-429
-446
-462
-478
-493
-504
-512
-515
-512
-502
-485
-461
-428
-388
-341
-287
-228
-165
-99
-33
33
96
156
211
259
300
334
359
377
388
391
389
381
369
353
334
312
288
263
237
211
185
162
141
125
113
108
110
119
135
159
189
224
263
303
343
380
413
440
460
471
472
463
444
415
376
328
273
210
141
69
-5
-81
-156
-227
-295
-356
-410
-455
-491
-517
-532
-537
-532
-517
-492
-460
-421
-376
-328
-277
-227
-178
-133
-93
-60
-34
-17
-9
-10
-20
-39
-65
-97
-135
-175
-217
-259
-298
-334
-365
-391
-412
-427
-438
-445
-449
-451
-453
-455
-457
-459
-460
-459
-455
-446
-430
-406
-372
-327
-271
-203
-123
-34
61
163
266
368
464
551
627
690
737
770
788
794
790
778
762
744
726
709
694
682
671
661
651
638
623
603
577
546
507
461
408
349
284
214
141
68
-3
-72
-135
-191
-239
-277
-305
-324
-334
-338
-336
-330
-323
-316
-310
-307
-307
-311
-318
-328
-340
-354
-367
-380
-389
-395
-395
-389
-375
-354
-323
-284
-235
-178
-112
-39
40
125
214
304
393
480
560
630
689
734
761
770
759
729
679
612
529
433
328
218
106
-2
-105
-198
-279
-346
-397
-433
-453
-460
-455
-442
-422
-399
-376
-355
-339
-328
-324
-326
-334
-347
-363
-380
-397
-411
-420
-424
-421
-410
-392
-366
-334
-296
-253
-206
-157
-106
-55
-4
46
95
142
187
229
269
306
339
370
397
420
439
454
464
470
470
465
455
439
419
393
363
328
290
250
207
163
119
75
32
-7
-45
-80
-112
-141
-167
-190
-210
-228
-243
-257
-269
-278
-285
-289
-290
-287
-280
-268
-252
-229
-201
-167
-129
-87
-42
2
47
89
126
157
179
192
195
188
172
149
119
86
51
17
-12
-38
-58
-72
-80
-83
-83
-81
-79
-80
-87
-100
-121
-150
-188
-233
-284
-340
-397
-454
-507
-555
-595
-625
-643
-649
-642
-621
-585
-536
-474
-400
-316
-223
-124
-23
78
175
267
349
419
476
519
547
561
563
554
536
511
482
451
421
392
367
347
332
322
319
321
327
337
350
364
377
387
392
391
381
362
332
291
239
176
103
23
-63
-152
-242
-330
-412
-484
-545
-590
-618
-628
-618
-587
-539
-473
-393
-302
-204
-102
-1
96
188
270
343
405
457
500
535
564
589
611
632
653
673
692
710
724
735
739
737
726
707
679
643
600
550
495
437
376
313
250
186
121
54
-12
-83
-156
-233
-313
-397
-485
-575
-666
-758
-847
-934
-1016
-1091
-1158
-1215
-1263
-1299
-1324
-1338
-1342
-1336
-1322
-1301
-1273
-1241
-1204
-1164
-1119
-1069
-1014
-950
-878
-794
-697
-586
-459
-318
-162
6
184
368
555
740
918
1083
1232
1361
1466
1546
1599
1626
1627
1606
1565
1508
1440
1365
1286
1207
1130
1057
989
924
863
803
743
680
612
538
457
367
270
166
56
-56
-169
-281
-388
-488
-579
-659
-727
-784
-829
-864
-890
-909
-924
-934
-943
-951
-957
-961
-962
-960
-952
-937
-915
-884
-845
-797
-742
-681
-616
-549
-481
-415
-353
-294
-240
-191
-146
-106
-68
-34
0
31
64
98
133
170
208
247
286
326
365
401
435
465
491
511
525
533
536
533
525
512
494
474
450
425
398
370
341
313
286
260
235
211
188
167
147
127
108
88
68
47
24
0
-25
-51
-77
-103
-128
-149
-168
-182
-192
-196
-197
-192
-184
-173
-159
-143
-126
-107
-88
-69
-49
-28
-8
12
32
52
71
88
103
116
126
132
135
133
126
115
100
81
60
37
15
-6
-25
-41
-52
-57
-57
-51
-40
-25
-5
17
41
66
90
111
130
143
150
151
145
132
113
89
62
33
6
-18
-38
-51
-59
-59
-52
-38
-19
3
30
59
90
120
151
182
213
244
275
309
344
382
422
463
506
548
587
621
647
664
668
659
633
590
530
453
360
252
131
1
-135
-274
-412
-545
-670
-783
-883
-966
-1031
-1079
-1110
-1124
-1123
-1109
-1084
-1050
-1010
-966
-919
-870
-820
-770
-720
-669
-619
-567
-514
-459
-403
-344
-284
-222
-160
-98
-37
21
78
131
180
226
268
306
341
374
403
432
459
485
511
538
564
591
618
645
671
696
719
740
758
772
782
786
785
778
764
744
717
684
644
598
545
487
422
352
276
196
112
26
-60
-145
-226
-302
-370
-428
-476
-511
-535
-547
-549
-541
-527
-508
-486
-463
-442
-425
-412
-405
-403
-407
-415
-426
-440
-453
-465
-474
-479
-478
-471
-459
-441
-418
-391
-361
-329
-297
-265
-233
-201
-170
-140
-109
-78
-45
-11
24
61
99
138
177
214
248
278
303
323
338
346
348
346
338
327
312
294
273
250
225
198
170
141
111
81
52
25
0
-21
-39
-52
-60
-64
-63
-57
-48
-36
-21
-5
10
27
44
59
74
87
100
112
123
134
144
153
162
170
176
180
181
180
175
166
154
139
121
102
81
61
42
27
15
8
7
10
18
29
41
52
59
62
58
45
23
-6
-45
-90
-140
-192
-244
-293
-337
-374
-402
-420
-426
-421
-404
-375
-336
-286
-228
-164
-95
-24
47
117
183
244
299
346
386
419
444
463
475
482
485
483
478
469
457
442
424
402
376
345
309
267
219
167
110
49
-13
-77
-141
-203
-262
-318
-371
-419
-464
-504
-539
-569
-594
-613
-624
-628
-623
-608
-582
-546
-500
-444
-380
-310
-235
-159
-84
-12
53
112
164
206
241
268
290
308
324
339
355
373
395
419
446
475
506
537
566
591
611
623
625
615
592
555
504
440
365
281
191
100
9
-75
-154
-225
-286
-338
-382
-419
-452
-482
-511
-539
-567
-596
-624
-650
-673
-692
-706
-713
-714
-709
-696
-679
-656
-630
-601
-571
-540
-509
-477
-445
-410
-372
-328
-278
-220
-152
-74
12
109
215
328
445
566
687
808
925
1037
1142
1238
1324
1399
1460
1506
1536
1547
1539
1510
1458
1385
1289
1172
1034
880
712
533
350
166
-13
-184
-343
-485
-609
-713
-798
-863
-911
-941
-957
-960
-953
-937
-915
-887
-857
-826
-796
-770
-750
-737
-734
-743
-765
-800
-847
-907
-976
-1052
-1129
-1204
-1269
-1320
-1351
-1355
-1329
-1271
-1177
-1049
-890
-703
-494
-269
-37
194
419
630
821
987
1127
1237
1320
1376
1409
1422
1419
1405
1385
1363
1343
1326
1315
1310
1309
1311
1312
1307
1293
1266
1220
1153
1062
948
812
655
482
298
108
-80
-263
-433
-586
-719
-828
-913
-974
-1011
-1028
-1027
-1011
-985
-951
-914
-875
-836
-801
-768
-739
-712
-689
-667
-646
-626
-605
-583
-559
-534
-507
-477
-446
-412
-375
-336
-293
-246
-194
-138
-76
-8
64
142
224
309
396
483
566
645
717
778
828
864
886
893
886
865
832
788
736
676
612
544
473
399
324
247
167
84
-1
-90
-183
-277
-373
-467
-557
-639
-711
-769
-809
-830
-828
-805
-759
-693
-609
-510
-401
-287
-170
-56
52
152
241
318
383
435
475
504
522
530
529
520
501
475
441
399
350
296
239
178
118
59
3
-46
-89
-125
-153
-174
-188
-196
-201
-204
-207
-211
-219
-230
-245
-265
-288
-315
-344
-372
-400
-425
-446
-460
-467
-465
-454
-433
-400
-357
-303
-237
-161
-75
19
122
232
348
465
584
699
810
911
1001
1076
1134
1171
1187
1179
1147
1090
1007
898
766
610
434
239
30
-188
-413
-638
-858
-1065
-1255
-1421
-1560
-1667
-1741
-1779
-1783
-1753
-1693
-1606
-1497
-1370
-1232
-1086
-938
-791
-649
-515
-391
-277
-174
-82
0
72
137
195
249
299
346
391
436
481
526
571
617
663
709
753
794
830
860
881
892
890
875
846
803
747
680
604
522
436
352
272
199
137
88
55
37
37
53
84
128
183
246
314
384
454
520
581
635
681
718
745
761
766
758
737
702
652
588
509
416
312
197
76
-49
-176
-301
-421
-533
-635
-727
-806
-874
-930
-975
-1012
-1040
-1063
-1081
-1096
-1108
-1118
-1126
-1133
-1137
-1138
-1135
-1127
-1113
-1091
-1060
-1018
-966
-901
-823
-733
-632
-518
-395
-264
-127
14
157
299
438
571
697
812
916
1006
1083
1145
1192
1224
1241
1244
1234
1213
1180
1139
1089
1033
973
909
843
775
708
640
573
506
439
369
297
219
136
44
-55
-164
-282
-407
-538
-672
-805
-932
-1048
-1148
-1225
-1275
-1293
-1276
-1221
-1129
-1001
-842
-657
-454
-242
-28
175
361
523
655
752
816
847
851
834
805
774
751
746
765
816
900
1018
1165
1334
1516
1697
1864
2003
2102
2149
2136
2057
1910
1698
1426
1103
739
347
-58
-464
-856
-1222
-1552
-1838
-2075
-2259
-2391
-2472
-2506
-2499
-2457
-2388
-2298
-2195
-2085
-1974
-1865
-1762
-1667
-1581
-1503
-1432
-1366
-1302
-1237
-1168
-1093
-1007
-910
-798
-673
-533
-379
-216
-44
129
301
467
620
756
872
962
1026
1063
1074
1061
1028
980
922
860
799
746
705
679
670
679
705
745
796
855
916
975
1028
1073
1107
1129
1139
1137
1125
1103
1073
1036
994
949
900
850
798
747
697
648
602
559
519
481
444
408
369
325
274
215
144
63
-29
-131
-243
-360
-481
-602
-720
-833
-940
-1038
-1129
-1212
-1288
-1358
-1422
-1483
-1538
-1589
-1633
-1670
-1697
-1712
-1712
-1695
-1660
-1604
-1528
-1431
-1314
-1179
-1026
-860
-683
-498
-309
-119
68
249
422
582
728
857
966
1055
1122
1166
1188
1189
1171
1136
1087
1028
963
895
829
768
714
669
633
607
587
572
559
544
523
492
448
388
311
215
102
-26
-167
-315
-464
-608
-742
-858
-952
-1019
-1057
-1065
-1044
-998
-930
-847
-755
-661
-572
-495
-435
-395
-378
-385
-413
-460
-522
-592
-665
-735
-794
-838
-862
-862
-836
-783
-702
-597
-469
-322
-159
15
197
384
570
754
933
1103
1262
1408
1538
1652
1746
1821
1875
1908
1921
1916
1896
1862
1818
1769
1716
1663
1611
1562
1515
1469
1423
1373
1317
1252
1175
1084
976
850
707
546
369
177
-26
-239
-458
-679
-898
-1112
-1316
-1507
-1680
-1833
-1963
-2065
-2138
-2180
-2190
-2168
-2113
-2028
-1914
-1776
-1616
-1441
-1257
-1067
-880
-699
-530
-378
-244
-131
-40
28
77
107
122
