1119
1208
1274
1320
1345
1351
1340
1315
1279
1235
1187
1138
1092
1054
1024
1006
1000
1006
1024
1051
1084
1121
1158
1189
1212
1222
1217
1195
1154
1097
1024
938
845
748
653
565
489
427
383
357
349
357
377
404
434
461
478
480
463
423
358
267
150
10
-149
-324
-508
-697
-884
-1062
-1225
-1369
-1489
-1582
-1646
-1680
-1684
-1662
-1615
-1549
-1466
-1374
-1276
-1176
-1080
-990
-908
-836
-773
-718
-670
-625
-580
-533
-480
-419
-349
-269
-178
-80
24
131
237
338
430
508
570
612
632
631
608
565
505
432
349
261
173
88
11
-55
-109
-150
-175
-186
-183
-167
-141
-106
-64
-17
30
79
127
171
211
246
273
294
305
308
302
285
259
223
178
124
63
-2
-71
-141
-208
-271
-327
-373
-407
-430
-439
-436
-421
-396
-365
-328
-289
-251
-216
-185
-161
-142
-130
-123
-120
-118
-115
-109
-97
-77
-48
-7
44
108
184
271
368
474
586
703
821
937
1048
1150
1239
1310
1359
1383
1378
1342
1274
1174
1046
892
716
526
328
129
-63
-242
-400
-532
-635
-704
-738
-739
-706
-644
-555
-446
-320
-184
-43
96
231
355
466
558
628
675
696
691
659
603
525
428
319
202
85
-26
-126
-210
-274
-317
-338
-341
-328
-304
-275
-247
-226
-216
-221
-245
-287
-347
-423
-510
-604
-700
-790
-871
-935
-979
-999
-994
-962
-906
-826
-727
-613
-488
-358
-226
-99
21
131
230
314
385
441
485
516
537
548
552
549
540
527
509
487
461
431
398
360
318
273
225
174
123
72
23
-21
-61
-95
-120
-135
-141
-136
-123
-100
-71
-37
-1
34
67
96
117
131
135
132
120
103
81
58
35
16
1
-6
-6
1
17
40
68
99
130
158
180
195
198
190
169
136
90
35
-27
-97
-169
-242
-313
-381
-443
-500
-549
-592
-628
-657
-680
-696
-705
-707
-702
-690
-671
-645
-612
-573
-528
-479
-427
-372
-317
-262
-209
-159
-112
-70
-34
-2
23
44
60
72
80
85
86
84
79
72
63
53
44
38
37
46
67
105
163
244
351
485
645
830
1035
1253
1473
1685
1877
2036
2151
2210
2206
2136
1998
1796
1536
1226
878
504
116
-273
-654
-1016
-1350
-1649
-1909
-2125
-2294
-2417
-2491
-2519
-2501
-2440
-2338
-2198
-2025
-1822
-1595
-1347
-1085
-814
-539
-266
0
256
497
720
922
1104
1262
1399
1514
1608
1682
1736
1771
1789
1787
1768
1730
1673
1597
1504
1392
1263
1117
956
782
595
398
193
-15
-226
-435
-637
-828
-1005
-1161
-1294
-1400
-1475
-1519
-1529
-1506
-1451
-1368
-1259
-1128
-983
-827
-667
-510
-361
-225
-107
-12
58
103
121
113
82
31
-34
-109
-188
-264
-330
-380
-409
-413
-389
-335
-252
-141
-4
154
331
522
721
923
1125
1321
1506
1677
1827
1952
2047
2108
2130
2110
2047
1941
1795
1613
1400
1165
916
662
411
172
-47
-243
-412
-552
-662
-745
-805
-845
-871
-888
-901
-914
-931
-954
-984
-1021
-1066
-1115
-1168
-1221
-1274
-1322
-1365
-1400
-1425
-1441
-1445
-1439
-1421
-1392
-1354
-1305
-1247
-1180
-1103
-1017
-920
-814
-696
-567
-427
-277
-118
47
218
391
563
732
892
1043
1180
1302
1406
1491
1555
1598
1618
1614
1587
1537
1463
1366
1249
1113
962
798
628
454
283
119
-34
-172
-293
-394
-474
-533
-572
-592
-596
-585
-563
-530
-491
-446
-398
-348
-298
-249
-202
-159
-120
-88
-64
-48
-41
-46
-61
-87
-123
-169
-222
-281
-343
-407
-469
-528
-580
-626
-663
-691
-709
-719
-721
-714
-700
-680
-653
-619
-580
-533
-479
-416
-344
-262
-168
-62
56
186
326
476
632
792
950
1102
1243
1368
1472
1551
1600
1617
1601
1552
1471
1362
1227
1074
907
732
556
386
225
79
-48
-157
-246
-316
-367
-401
-423
-433
-437
-437
-437
-441
-451
-469
-499
-541
-596
-662
-739
-822
-909
-995
-1075
-1144
-1198
-1232
-1242
-1227
-1184
-1116
-1022
-905
-770
-620
-460
-295
-129
31
185
330
462
581
687
779
858
924
976
1015
1039
1047
1039
1011
964
895
804
693
563
416
258
93
-72
-232
-379
-506
-609
-682
-722
-727
-697
-633
-538
-416
-272
-112
56
229
398
557
701
825
926
1000
1047
1065
1055
1017
956
872
769
651
522
386
246
107
-27
-154
-270
-374
-464
-539
-599
-644
-675
-695
-704
-704
-697
-686
-671
-652
-631
-608
-582
-554
-522
-485
-445
-400
-351
-298
-243
-185
-128
-71
-17
32
78
118
152
181
204
221
234
243
250
254
258
260
262
263
262
259
251
238
218
190
154
109
56
-3
-69
-138
-207
-273
-334
-386
-427
-454
-466
-462
-443
-408
-359
-299
-230
-155
-77
-1
69
131
182
219
240
244
232
205
165
115
59
0
-58
-111
-158
-195
-222
-238
-244
-242
-233
-221
-207
-195
-187
-186
-192
-206
-227
-254
-283
-312
-337
-352
-355
-342
-312
-262
-194
-109
-10
98
213
330
443
550
646
730
801
857
901
932
953
965
968
965
953
933
905
867
821
766
705
641
580
525
483
458
454
474
517
581
660
749
837
915
971
997
984
925
819
666
468
234
-28
-307
-591
-867
-1124
-1352
-1544
-1695
-1801
-1865
-1888
-1876
-1836
-1774
-1697
-1612
-1524
-1437
-1352
-1270
-1189
-1108
-1025
-935
-838
-729
-609
-475
-330
-174
-9
161
334
507
675
836
984
1118
1234
1330
1404
1454
1480
1482
1460
1416
1350
1266
1165
1050
925
792
654
516
380
249
125
12
-87
-175
-247
-305
-350
-381
-400
-410
-412
-408
-400
-391
-381
-372
-365
-359
-357
-357
-359
-362
-368
-374
-380
-385
-389
-391
-389
-383
-373
-356
-332
-301
-262
-215
-161
-101
-36
31
101
171
237
299
352
396
428
447
451
440
413
371
315
247
168
83
-6
-96
-185
-270
-347
-416
-475
-524
-563
-592
-613
-627
-634
-637
-637
-634
-629
-622
-613
-601
-585
-565
-540
-509
-472
-427
-376
-318
-253
-183
-108
-28
55
141
229
318
408
497
586
673
757
837
909
973
1025
1063
1085
1087
1070
1030
969
886
784
663
529
384
234
84
-61
-196
-318
-422
-506
-568
-609
-629
-631
-618
-594
-562
-528
-494
-465
-442
-426
-419
-419
-425
-434
-443
-450
-451
-444
-425
-395
-351
-294
-225
-146
-58
34
130
225
316
400
474
536
583
616
632
632
616
585
542
487
425
358
288
220
155
98
48
9
-20
-39
-51
-56
-58
-61
-67
-80
-105
-143
-196
-266
-350
-448
-554
-666
-778
-883
-976
-1051
-1102
-1126
-1118
-1078
-1004
-898
-761
-596
-407
-201
18
246
474
698
913
1114
1297
1460
1600
1717
1810
1880
1927
1952
1957
1942
1910
1861
1797
1719
1629
1528
1417
1295
1162
1019
863
694
510
313
101
-123
-358
-600
-844
-1085
-1317
-1533
-1727
-1893
-2026
-2122
-2178
-2192
-2166
-2100
-1998
-1864
-1704
-1524
-1331
-1132
-934
-742
-562
-399
-257
-136
-38
35
89
123
141
148
145
138
130
124
123
127
139
157
182
213
247
283
320
356
391
423
452
479
504
528
551
573
595
616
635
649
657
655
642
614
570
509
431
335
226
105
-21
-151
-276
-393
-495
-578
-638
-672
-679
-659
-614
-544
-455
-349
-233
-110
12
131
241
338
419
481
522
541
538
514
469
406
326
230
123
5
-120
-251
-385
-518
-649
-775
-892
-997
-1088
-1162
-1217
-1250
-1261
-1249
-1213
-1154
-1072
-968
-843
-698
-534
-351
-152
62
292
535
787
1046
1307
1564
1810
2037
2237
2402
2522
2590
2600
2548
2432
2253
2015
1725
1391
1024
638
245
-139
-505
-837
-1126
-1364
-1544
-1662
-1719
-1714
-1652
-1539
-1383
-1191
-974
-742
-505
-272
-53
142
310
443
536
589
600
570
503
401
271
119
-48
-224
-402
-575
-736
-880
-1003
-1100
-1171
-1213
-1229
-1217
-1182
-1126
-1052
-963
-862
-753
-638
-519
-398
-275
-152
-30
91
210
325
434
536
628
706
770
815
839
843
824
783
721
641
544
435
317
195
72
-47
-159
-259
-345
-414
-464
-493
-499
-484
-446
-387
-307
-209
-94
33
173
319
470
622
770
911
1042
1158
1257
1336
1392
1422
1426
1402
1350
1271
1167
1041
896
737
568
395
222
52
-108
-259
-397
-522
-632
-730
-814
-887
-949
-1003
-1047
-1084
-1112
-1133
-1144
-1146
-1138
-1119
-1090
-1050
-1001
-943
-880
-813
-744
-676
-610
-549
-493
-442
-397
-356
-318
-281
-245
-209
-170
-128
-84
-37
12
65
121
181
246
317
396
483
579
682
792
905
1017
1124
1221
1303
1365
1403
1414
1397
1350
1274
1170
1041
890
719
533
335
129
-80
-291
-500
-703
-897
-1080
-1246
-1394
-1518
-1614
-1680
-1710
-1701
-1651
-1558
-1420
-1239
-1017
-759
-470
-159
164
492
812
1113
1385
1618
1803
1935
2009
2024
1982
1885
1741
1557
1342
1104
853
599
349
109
-112
-315
-493
-647
-774
-875
-951
-1003
-1033
-1042
-1033
-1008
-968
-916
-854
-783
-705
-623
-539
-455
-373
-295
-222
-156
-99
-50
-10
21
45
63
75
84
89
94
98
103
110
119
131
145
162
180
200
221
241
260
275
286
292
291
282
266
243
214
180
143
105
68
36
11
-5
-11
-7
7
33
66
104
145
184
218
244
257
256
238
203
150
82
0
-93
-193
-296
-397
-493
-578
-650
-705
-744
-764
-767
-754
-727
-689
-642
-590
-535
-478
-420
-363
-306
-249
-191
-132
-70
-5
61
130
201
271
339
402
459
507
545
570
581
577
560
529
486
432
371
305
235
166
98
35
-22
-72
-115
-149
-175
-193
-204
-208
-208
-203
-195
-185
-175
-165
-155
-145
-137
-128
-119
-110
-99
-86
-73
-59
-44
-32
-22
-17
-19
-28
-46
-73
-108
-151
-199
-249
-299
-344
-381
-407
-419
-415
-394
-358
-306
-242
-168
-88
-7
70
143
205
254
288
307
309
294
266
224
172
111
44
-25
-97
-169
-240
-307
-370
-426
-474
-512
-539
-551
-547
-525
-484
-423
-342
-243
-128
0
135
275
413
543
659
757
831
880
901
894
860
802
725
634
536
436
340
256
188
139
112
110
132
178
245
333
436
553
677
804
930
1049
1156
1248
1321
1373
1404
1414
1404
1379
1339
1291
1235
1177
1117
1056
996
934
868
796
712
614
498
358
194
3
-214
-459
-726
-1013
-1312
-1617
-1920
-2212
-2484
-2729
-2938
-3104
-3222
-3290
-3304
-3264
-3173
-3033
-2849
-2626
-2371
-2091
-1792
-1481
-1164
-846
-532
-225
72
359
635
900
1155
1399
1633
1855
2063
2255
2427
2572
2686
2763
2799
2790
2735
2633
2487
2301
2082
1837
1574
1300
1023
750
486
236
2
-211
-406
-580
-733
-867
-981
-1078
-1157
-1219
-1266
-1297
-1314
-1316
-1304
-1278
-1238
-1186
-1123
-1050
-968
-879
-785
-689
-590
-491
-391
-292
-193
-94
5
107
212
319
429
541
655
768
879
984
1080
1163
1229
1275
1295
1288
1249
1177
1071
932
763
565
345
107
-141
-395
-646
-888
-1115
-1321
-1501
-1651
-1768
-1850
-1897
-1909
-1886
-1832
-1747
-1637
-1503
-1351
-1184
-1006
-821
-634
-448
-266
-91
72
225
364
488
597
689
766
828
875
907
925
930
922
902
871
830
780
