278
288
289
281
264
241
211
176
139
101
64
30
0
-23
-40
-50
-54
-52
-45
-34
-22
-10
0
9
15
18
16
12
5
-2
-10
-17
-22
-22
-16
-5
12
35
64
97
133
168
201
230
252
267
272
269
256
236
209
177
143
109
77
50
30
19
15
21
35
57
85
118
153
190
226
260
291
319
342
361
376
385
390
390
386
377
365
348
327
304
277
249
218
187
156
125
93
63
33
3
-26
-55
-84
-111
-137
-161
-182
-197
-208
-212
-209
-199
-183
-161
-135
-107
-79
-53
-33
-19
-15
-20
-36
-61
-95
-136
-181
-228
-274
-319
-359
-394
-424
-446
-463
-474
-480
-481
-479
-473
-465
-454
-441
-427
-410
-390
-367
-340
-308
-271
-229
-181
-127
-70
-8
53
115
174
229
275
313
340
355
359
351
335
310
281
251
221
197
179
171
173
185
208
240
279
321
365
407
443
471
488
492
482
457
416
361
292
209
115
11
-99
-216
-335
-453
-568
-676
-775
-860
-930
-983
-1016
-1029
-1020
-991
-941
-872
-786
-686
-575
-456
-333
-209
-89
23
127
218
294
355
399
428
441
442
432
414
390
364
339
317
299
288
285
290
302
322
347
376
408
439
467
490
504
509
502
481
447
400
340
269
189
103
14
-76
-166
-253
-335
-412
-482
-546
-603
-653
-697
-735
-766
-792
-813
-828
-838
-843
-845
-842
-837
-828
-817
-804
-787
-768
-744
-717
-684
-645
-599
-546
-484
-414
-335
-247
-151
-47
64
182
305
432
563
694
826
955
1081
1202
1315
1418
1512
1592
1658
1708
1739
1752
1744
1715
1665
1595
1508
1406
1293
1171
1046
920
795
674
555
440
326
211
93
-28
-157
-293
-437
-585
-738
-890
-1039
-1179
-1307
-1419
-1509
-1576
-1617
-1629
-1614
-1572
-1505
-1416
-1308
-1185
-1052
-913
-772
-633
-500
-376
-261
-157
-63
20
96
168
235
303
371
441
513
587
661
733
798
854
897
924
933
922
891
841
774
693
602
506
408
313
225
147
82
31
-4
-26
-34
-30
-17
3
27
54
80
103
122
136
145
147
144
137
125
109
90
69
45
19
-8
-38
-69
-102
-136
-170
-204
-237
-269
-300
-329
-355
-379
-401
-420
-438
-455
-471
-487
-505
-524
-544
-567
-592
-617
-642
-665
-685
-700
-706
-703
-689
-661
-620
-564
-493
-407
-310
-201
-84
37
161
283
400
507
604
687
755
807
845
869
882
887
885
880
875
870
868
868
871
875
878
878
871
856
829
789
732
658
566
457
332
194
44
-111
-271
-429
-581
-724
-852
-963
-1055
-1125
-1174
-1200
-1207
-1194
-1165
-1121
-1068
-1007
-943
-879
-817
-760
-709
-665
-628
-596
-568
-541
-513
-481
-443
-398
-344
-281
-210
-132
-49
37
124
210
292
369
438
500
554
600
638
669
695
717
736
752
768
782
794
806
815
820
820
815
802
780
750
711
663
606
542
472
397
320
241
163
86
11
-60
-129
-194
-257
-316
-372
-424
-472
-516
-554
-586
-612
-631
-644
-650
-651
-645
-635
-621
-605
-586
-566
-545
-524
-503
-481
-459
-436
-411
-383
-352
-317
-277
-233
-182
-127
-66
-1
67
139
211
283
352
417
476
528
573
611
641
665
684
700
713
727
741
756
773
790
807
822
832
834
826
804
767
711
636
541
426
294
147
-11
-177
-345
-511
-669
-815
-944
-1053
-1139
-1201
-1237
-1249
-1238
-1206
-1155
-1089
-1012
-927
-837
-745
-654
-566
-482
-403
-329
-261
-197
-137
-80
-24
29
84
140
195
251
306
358
406
448
483
509
524
529
522
504
477
442
400
355
307
260
215
174
139
110
89
75
69
69
74
83
93
102
107
105
94
74
42
0
-52
-111
-174
-237
-296
-345
-382
-402
-404
-385
-347
-290
-218
-134
-44
45
131
205
264
303
320
314
285
236
172
97
18
-58
-126
-180
-216
-231
-222
-192
-141
-73
6
92
181
265
340
403
451
482
497
497
484
461
431
398
363
331
302
277
258
245
236
232
233
238
246
258
273
292
313
336
360
382
402
416
424
422
411
389
356
313
260
198
128
51
-31
-120
-214
-315
-421
-534
-651
-771
-894
-1016
-1134
-1244
-1343
-1426
-1489
-1529
-1541
-1525
-1478
-1401
-1295
-1161
-1005
-830
-642
-447
-253
-66
108
265
399
508
591
647
679
688
679
656
626
592
561
537
524
524
539
569
614
673
741
817
896
975
1050
1116
1171
1211
1234
1238
1223
1189
1136
1064
977
875
761
637
506
370
232
94
-40
-172
-297
-415
-523
-622
-710
-786
-850
-904
-946
-977
-999
-1012
-1018
-1016
-1009
-997
-981
-961
-936
-908
-873
-833
-785
-728
-660
-581
-490
-386
-271
-146
-13
125
265
403
534
654
759
844
906
942
952
936
893
829
745
647
540
428
318
212
114
27
-49
-114
-170
-218
-260
-299
-336
-374
-413
-455
-497
-540
-580
-617
-648
-670
-682
-682
-669
-645
-609
-564
-513
-457
-401
-348
-300
-259
-228
-208
-197
-196
-203
-217
-234
-253
-271
-286
-298
-304
-305
-301
-291
-277
-258
-235
-209
-179
-147
-112
-75
-35
4
46
86
125
161
192
216
233
242
241
231
211
182
146
105
60
14
-29
-69
-102
-126
-138
-138
-122
-91
-43
20
100
196
306
428
560
698
838
978
1111
1234
1343
1433
1501
1545
1562
1551
1511
1444
1349
1230
1088
927
750
563
369
174
-17
-202
-375
-533
-674
-795
-897
-977
-1038
-1082
-1109
-1123
-1127
-1122
-1113
-1100
-1084
-1067
-1047
-1024
-996
-960
-916
-862
-796
-719
-631
-535
-432
-327
-221
-120
-26
57
128
185
227
256
273
280
281
279
277
279
286
302
326
358
397
441
488
534
578
617
650
676
694
705
709
708
702
692
679
663
645
623
598
569
536
498
456
410
363
314
267
224
186
156
134
122
118
123
134
148
164
176
183
181
167
138
92
28
-52
-150
-264
-390
-526
-666
-806
-941
-1065
-1174
-1262
-1325
-1361
-1366
-1339
-1281
-1193
-1078
-940
-786
-621
-452
-285
-126
18
145
251
334
393
431
449
450
438
416
391
365
345
333
333
348
378
424
485
558
640
725
810
887
953
1003
1033
1041
1023
981
914
824
713
584
441
288
128
-34
-195
-351
-496
-627
-740
-831
-898
-939
-954
-941
-903
-843
-763
-669
-566
-459
-353
-253
-163
-87
-26
16
42
50
44
24
-7
-46
-92
-140
-188
-235
-278
-317
-349
-375
-396
-410
-420
-426
-430
-432
-434
-437
-440
-444
-449
-454
-458
-458
-453
-440
-417
-382
-332
-266
-183
-82
34
166
309
461
615
767
910
1036
1141
1217
1260
1266
1233
1159
1047
899
720
517
295
65
-167
-394
-609
-806
-979
-1127
-1246
-1336
-1397
-1429
-1433
-1410
-1361
-1288
-1190
-1068
-923
-757
-570
-365
-146
84
320
556
787
1005
1205
1382
1532
1652
1741
1800
1831
1837
1823
1792
1749
1698
1641
1580
1514
1444
1368
1283
1187
1079
956
819
670
510
343
175
11
-142
-282
-404
-504
-582
-638
-674
-691
-695
-690
-679
-667
-659
-657
-663
-682
-713
-759
-819
-893
-979
-1074
-1176
-1280
-1381
-1474
-1554
-1616
-1654
-1665
-1646
-1596
-1514
-1401
-1260
-1096
-913
-717
-515
-315
-123
54
211
342
446
520
565
583
576
549
507
455
398
340
286
240
202
174
157
149
150
157
168
182
195
205
211
212
205
190
166
134
93
45
-7
-64
-122
-179
-230
-273
-303
-318
-314
-288
-240
-167
-72
45
180
331
490
652
809
955
1082
1183
1253
1287
1281
1235
1147
1020
860
671
461
241
19
-191
-381
-539
-657
-727
-745
-709
-620
-484
-306
-99
125
356
578
779
948
1076
1157
1187
1166
1098
988
843
674
489
300
116
-54
-204
-330
-428
-498
-542
-563
-564
-552
-531
-507
-483
-463
-449
-441
-438
-440
-443
-447
-449
-446
-439
-428
-412
-394
-376
-361
-351
-350
-358
-378
-409
-449
-497
-549
-601
-648
-684
-707
-710
-693
-651
-586
-497
-385
-254
-105
55
225
400
574
744
903
1048
1175
1280
1360
1412
1434
1424
1384
1312
1210
1080
924
748
556
353
145
-60
-259
-444
-610
-754
-872
-963
-1027
-1065
-1079
-1072
-1047
-1008
-959
-903
-845
-786
-728
-674
-624
-578
-537
-500
-466
-436
-409
-384
-362
-341
-322
-302
-281
-257
-228
-192
-146
-89
-19
62
156
261
373
487
598
700
786
851
888
895
869
810
720
602
464
311
153
-3
-149
-280
-388
-470
-522
-544
-536
-500
-436
-350
-243
-120
16
161
313
467
621
771
912
1042
1156
1249
1317
1354
1357
1323
1248
1133
978
785
561
312
45
-228
-499
-755
-988
-1187
-1344
-1453
-1509
-1513
-1464
-1366
-1226
-1051
-852
-638
-422
-213
-22
141
271
363
413
422
392
327
232
115
-15
-153
-288
-414
-524
-615
-682
-724
-743
-739
-714
-673
-618
-552
-479
-399
-315
-227
-136
-41
58
162
271
384
501
618
735
846
949
1039
1112
1165
1196
1203
1185
1145
1086
1012
927
837
748
665
592
532
488
461
449
452
465
486
510
533
549
555
546
518
466
387
278
136
-39
-252
-498
-778
-1085
-1415
-1760
-2110
-2453
-2777
-3070
-3319
-3513
-3641
-3695
-3671
-3565
-3379
-3116
-2782
-2385
-1935
-1442
-918
-372
182
739
1289
1824
2338
2827
3286
3712
4103
4456
4769
5040
5267
5448
5580
5662
5690
5663
5577
5433
5229
4965
4641
4261
3827
3342
2811
2241
1636
1004
353
-309
-976
-1637
-2282
-2904
-3492
-4037
-4530
-4964
-5332
-5628
-5849
-5990
-6051
-6032
-5935
-5764
-5525
-5224
-4871
-4474
-4045
-3593
-3130
-2665
-2207
-1764
-1341
-944
-576
-238
66
338
577
784
959
1102
1215
1299
1355
1385
1393
1382
1355
1318
1274
1229
1186
1148
1119
1100
1092
1094
1106
1124
1148
1174
1199
1220
1234
1239
1233
1216
1187
1146
1096
1039
977
914
853
797
750
713
688
675
672
678
689
701
709
708
692
658
603
524
420
293
145
-20
-197
-381
-566
-745
-912
-1062
-1191
-1297
-1379
-1435
-1468
-1480
-1472
-1449
-1412
-1365
-1309
-1245
-1174
-1097
-1013
-921
-821
-712
-596
-474
-346
-215
-84
44
168
285
393
491
579
658
728
791
847
896
940
977
1007
1028
1038
1034
1016
981
929
859
772
670
555
432
306
181
62
-43
-133
-203
-252
-279
-286
-277
-256
-230
-203
-182
-171
-175
-197
-235
-290
-360
-440
-526
-614
-700
-780
-851
-909
-955
-987
-1007
-1015
-1013
-1004
-989
-970
-950
-929
-907
-886
-864
-842
-816
-786
-749
-705
-650
-583
-503
-408
-299
-176
-39
109
267
431
596
760
916
1059
1184
1287
1364
1412
1427
1411
1362
1282
1174
1043
891
726
552
376
204
41
-106
-235
-341
-423
-479
-509
-514
-495
-455
-395
-319
-228
-126
-15
100
219
336
447
546
627
684
712
704
657
569
441
275
77
-144
-377
-609
-825
-1011
-1153
-1237
-1254
-1197
-1065
-859
-583
-248
133
548
981
1414
1832
2218
2560
2845
3064
3210
3279
3270
3185
3027
2803
2520
2189
1820
1425
1017
607
208
-168
-514
-821
