-660
-686
-705
-718
-721
-715
-698
-667
-621
-557
-474
-370
-242
-90
84
283
504
743
996
1258
1523
1784
2032
2261
2463
2631
2759
2842
2876
2858
2790
2671
2505
2296
2050
1775
1478
1167
852
539
236
-50
-316
-558
-773
-959
-1117
-1247
-1348
-1422
-1470
-1492
-1490
-1465
-1418
-1350
-1263
-1158
-1039
-909
-771
-631
-495
-370
-261
-175
-117
-92
-101
-147
-225
-334
-466
-615
-773
-930
-1080
-1214
-1326
-1411
-1465
-1486
-1475
-1434
-1364
-1270
-1156
-1028
-890
-746
-600
-453
-308
-164
-22
118
258
398
536
671
799
918
1023
1110
1175
1214
1225
1206
1159
1084
986
869
738
599
460
325
200
90
0
-67
-109
-125
-112
-73
-9
78
186
309
444
586
729
871
1005
1130
1240
1333
1406
1454
1475
1466
1425
1350
1240
1096
918
710
475
218
-54
-337
-623
-904
-1173
-1423
-1648
-1840
-1996
-2111
-2182
-2209
-2191
-2132
-2034
-1902
-1743
-1563
-1369
-1168
-968
-775
-595
-432
-290
-171
-76
-5
42
71
83
81
71
55
37
22
11
6
10
23
46
77
115
160
209
259
308
353
393
425
449
465
471
471
464
454
441
428
417
408
402
400
401
405
410
416
421
426
428
428
425
420
411
400
386
370
351
330
305
277
244
205
159
104
37
-45
-145
-265
-408
-575
-765
-977
-1208
-1450
-1697
-1939
-2165
-2364
-2526
-2640
-2699
-2697
-2631
-2501
-2311
-2066
-1775
-1447
-1093
-726
-355
10
362
695
1006
1293
1557
1803
2034
2256
2474
2693
2916
3144
3376
3608
3831
4037
4214
4349
4430
4444
4382
4236
4004
3683
3279
2797
2246
1640
993
321
-360
-1034
-1684
-2294
-2851
-3341
-3756
-4089
-4333
-4489
-4555
-4536
-4435
-4261
-4021
-3724
-3381
-3001
-2596
-2174
-1745
-1317
-896
-489
-99
270
618
942
1241
1514
1760
1976
2159
2304
2407
2462
2465
2412
2298
2125
1893
1608
1278
913
527
135
-247
-603
-919
-1182
-1381
-1510
-1565
-1548
-1462
-1314
-1114
-874
-606
-324
-40
232
485
709
898
1048
1157
1227
1258
1254
1219
1160
1081
987
886
781
679
583
498
428
375
340
326
330
353
392
444
504
569
632
689
733
760
766
749
706
637
546
433
304
164
17
-130
-273
-407
-527
-630
-712
-773
-813
-833
-835
-822
-799
-769
-738
-710
-690
-680
-684
-704
-742
-798
-873
-965
-1073
-1196
-1331
-1474
-1621
-1768
-1911
-2045
-2165
-2266
-2346
-2400
-2426
-2423
-2390
-2328
-2237
-2120
-1978
-1814
-1631
-1431
-1216
-989
-751
-504
-249
10
273
538
800
1055
1301
1533
1746
1937
2102
2240
2348
2428
2480
2505
2507
2487
2449
2395
2328
2249
2158
2055
1941
1814
1673
1516
1345
1158
957
744
522
296
72
-144
-347
-530
-687
-813
-905
-961
-980
-964
-917
-845
-754
-652
-548
-450
-367
-303
-265
-256
-277
-326
-403
-502
-618
-746
-879
-1011
-1135
-1245
-1335
-1401
-1438
-1444
-1416
-1355
-1261
-1138
-988
-816
-629
-434
-237
-47
129
285
414
512
575
602
594
552
480
383
267
139
6
-127
-254
-371
-475
-563
-635
-689
-726
-746
-750
-739
-712
-669
-609
-533
-440
-330
-203
-59
98
269
450
637
826
1012
1191
1357
1505
1631
1730
1801
1840
1850
1830
1783
1713
1622
1515
1395
1268
1136
1003
873
748
631
525
431
350
283
228
183
146
110
71
22
-44
-136
-259
-420
-622
-867
-1153
-1476
-1827
-2195
-2563
-2916
-3233
-3495
-3685
-3785
-3784
-3673
-3447
-3109
-2665
-2125
-1504
-821
-95
653
1403
2134
2829
3472
4051
4555
4980
5321
5578
5750
5842
5856
5797
5669
5479
5232
4936
4599
4229
3836
3429
3017
2608
2209
1822
1450
1094
750
417
88
-238
-568
-905
-1249
-1603
-1964
-2330
-2696
-3059
-3412
-3748
-4060
-4342
-4588
-4792
-4951
-5062
-5125
-5139
-5106
-5031
-4916
-4767
-4589
-4388
-4169
-3937
-3696
-3450
-3202
-2954
-2708
-2464
-2222
-1983
-1744
-1504
-1261
-1012
-754
-483
-198
104
426
768
1130
1510
1904
2308
2716
3120
3513
3884
4224
4525
4779
4980
5122
5205
5227
5191
5102
4965
4786
4570
4325
4053
3760
3446
3114
2764
2396
2012
1611
1197
772
341
-89
-514
-926
-1316
-1676
-1999
-2278
-2507
-2683
-2803
-2870
-2885
-2855
-2786
-2689
-2572
-2446
-2321
-2208
-2112
-2041
-1997
-1983
-1996
-2034
-2091
-2161
-2235
-2306
-2365
-2404
-2419
-2403
-2353
-2268
-2150
-1999
-1821
-1620
-1402
-1172
-936
-699
-465
-237
-18
191
390
578
754
917
1067
1202
1320
1420
1498
1554
1586
1591
1569
1521
1446
1347
1228
1093
947
798
654
522
412
332
290
291
338
431
568
741
943
1159
1376
1577
1749
1875
1944
1947
1877
1734
1520
1243
911
538
138
-273
-681
-1071
-1432
-1753
-2027
-2250
-2419
-2535
-2602
-2623
-2603
-2547
-2461
-2350
-2218
-2068
-1902
-1723
-1533
-1332
-1122
-905
-682
-455
-226
2
227
447
658
858
1045
1216
1369
1503
1616
1706
1773
1816
1836
1832
1804
1754
1683
1592
1483
1357
1217
1065
902
733
560
386
214
48
-107
-250
-376
-482
-564
-618
-643
-636
-595
-522
-416
-279
-116
68
270
481
693
900
1093
1264
1408
1520
1595
1633
1634
1600
1535
1443
1331
1205
1070
932
793
657
524
394
265
134
0
-143
-294
-456
-628
-807
-990
-1172
-1348
-1512
-1657
-1778
-1870
-1931
-1958
-1951
-1912
-1844
-1750
-1636
-1506
-1365
-1218
-1070
-922
-779
-641
-510
-385
-267
-155
-48
53
151
244
334
418
498
572
639
698
749
791
825
851
868
878
882
880
874
863
847
828
803
771
732
682
621
546
454
345
218
71
-92
-273
-466
-670
-877
-1084
-1283
-1468
-1633
-1772
-1878
-1947
-1976
-1960
-1899
-1794
-1645
-1456
-1233
-982
-710
-428
-145
127
380
604
791
935
1031
1080
1082
1042
966
863
742
616
493
385
300
244
222
237
288
371
484
619
771
931
1094
1253
1404
1541
1664
1770
1858
1928
1979
2010
2020
2004
1961
1884
1771
1616
1418
1175
888
563
206
-174
-568
-963
-1347
-1708
-2036
-2322
-2558
-2739
-2863
-2930
-2941
-2901
-2815
-2691
-2535
-2357
-2166
-1970
-1776
-1591
-1421
-1268
-1133
-1014
-910
-814
-720
-622
-512
-383
-233
-56
145
371
618
878
1146
1412
1668
1905
2115
2291
2427
2519
2567
2569
2528
2448
2335
2194
2032
1855
1667
1472
1271
1066
854
635
407
168
-81
-342
-612
-887
-1161
-1430
-1687
-1924
-2136
-2318
-2464
-2574
-2644
-2676
-2669
-2627
-2550
-2443
-2306
-2141
-1951
-1737
-1498
-1237
-953
-650
-328
6
350
698
1041
1372
1682
1962
2203
2399
2544
2635
2671
2654
2589
2481
2339
2171
1987
1794
1601
1411
1228
1054
889
732
579
429
281
133
-10
-150
-279
-391
-480
-538
-559
-538
-471
-358
-200
-2
229
486
757
1030
1293
1534
1740
1901
2006
2050
2029
1941
1787
1573
1305
991
643
269
-117
-509
-895
-1267
-1617
-1938
-2222
-2466
-2662
-2809
-2902
-2941
-2926
-2858
-2741
-2582
-2386
-2162
-1919
-1666
-1412
-1166
-934
-722
-533
-369
-229
-112
-15
65
132
189
238
279
312
336
347
344
324
284
225
148
55
-48
-157
-264
-362
-445
-506
-541
-547
-522
-467
-385
-279
-154
-16
129
278
423
561
688
802
899
980
1044
1092
1126
1147
1158
1162
1161
1157
1154
1153
1155
1159
1167
1175
1183
1187
1185
1172
1145
1101
1036
950
840
706
551
375
183
-20
-232
-445
-655
-856
-1043
-1212
-1359
-1481
-1578
-1647
-1689
-1706
-1699
-1670
-1624
-1563
-1492
-1415
-1334
-1255
-1178
-1107
-1043
-986
-936
-893
-854
-819
-785
-749
-710
-666
-614
-554
-484
-404
-316
-219
-115
-7
102
211
317
417
508
588
655
709
749
775
790
795
792
784
775
767
762
761
765
774
784
793
796
791
771
735
678
602
506
394
270
140
11
-111
-218
-306
-370
-406
-414
-395
-354
-294
-222
-146
-73
-9
38
64
67
43
-4
-74
-163
-264
-373
-482
-584
-676
-751
-807
-842
-854
-844
-814
-765
-702
-626
-543
-453
-362
-271
-183
-100
-23
46
108
162
209
250
287
321
355
391
432
479
535
600
675
759
851
947
1046
1142
1232
1309
1371
1411
1428
1419
1383
1321
1235
1130
1010
879
745
612
484
366
260
166
85
14
-49
-108
-167
-228
-295
-369
-450
-540
-637
-738
-840
-941
-1036
-1123
-1197
-1256
-1297
-1318
-1319
-1299
-1260
-1202
-1130
-1045
-953
-856
-760
-667
-583
-509
-446
-397
-361
-337
-324
-319
-320
-325
-332
-338
-342
-340
-331
-311
-277
-226
-155
-62
52
189
345
518
701
890
1077
1257
1425
1577
1711
1826
1924
2008
2080
2146
2210
2276
2345
2419
2497
2577
2652
2717
2762
2779
2758
2690
2567
2386
2142
1836
1473
1058
602
114
-390
-900
-1402
-1884
-2336
-2748
-3116
-3433
-3699
-3914
-4077
-4192
-4261
-4287
-4274
-4224
-4141
-4026
-3881
-3706
-3502
-3270
-3007
-2714
-2391
-2037
-1654
-1243
-807
-351
118
595
1068
1530
1968
2373
2733
3038
3280
3453
3553
3577
3529
3411
3233
3003
2733
2436
2125
1813
1511
1230
979
763
587
451
355
296
269
268
287
317
352
384
406
415
407
379
333
269
190
101
7
-86
-175
-255
-323
-376
-415
-440
-453
-459
-462
-468
-481
-506
-548
-611
-695
-803
-935
-1087
-1257
-1441
-1632
-1826
-2015
-2191
-2348
-2479
-2578
-2640
-2662
-2641
-2576
-2467
-2315
-2123
-1894
-1631
-1339
-1022
-686
-335
25
391
757
1119
1472
1811
2132
2429
2699
2934
3131
3284
3388
3439
3433
3368
3244
3061
2823
2536
2206
1842
1454
1055
657
270
-92
-421
-708
-946
-1132
-1264
-1343
-1374
-1361
-1312
-1236
-1143
-1042
-942
-852
-778
-725
-698
-697
-724
-776
-852
-947
-1058
-1178
-1303
-1428
-1547
-1657
-1753
-1833
-1896
-1940
-1967
-1978
-1975
-1960
-1936
-1906
-1870
-1829
-1783
-1729
-1665
-1585
-1486
-1361
-1205
-1013
-779
-501
-178
189
598
1042
1514
2002
2495
2979
3440
3864
4237
4549
4789
4949
5026
5018
4926
4755
4511
4204
3845
3447
3021
2581
2137
1701
1279
877
500
148
-178
-480
-762
-1024
-1271
-1504
-1724
-1933
-2130
-2313
-2482
-2633
-2763
-2869
-2948
-2995
-3009
-2985
-2922
-2819
-2675
-2492
-2273
-2020
-1740
-1440
-1126
-808
-495
-195
81
327
536
701
819
888
908
880
809
700
562
401
227
50
-121
-277
-411
-515
-585
-617
-609
-562
-477
-360
-216
-51
126
309
489
660
813
946
1054
1135
1189
1218
1224
1209
1179
1137
1087
1033
978
923
870
818
766
711
651
582
504
412
306
186
52
-91
-242
-395
-544
-685
-810
-916
-997
-1050
-1073
-1067
-1032
-970
-885
-781
-661
-532
-396
-259
-124
6
129
243
346
436
513
575
621
651
663
656
630
583
517
431
328
210
78
-60
-205
-349
-489
-621
-739
-842
-926
-989
-1030
-1048
-1044
-1019
-974
-911
-832
-739
-636
-526
-410
-293
-176
-62
44
145
236
316
384
439
482
512
529
534
529
514
489
458
419
375
326
274
218
159
99
37
-25
-88
-152
-216
-281
-347
-414
-483
-554
-627
-701
-775
-846
-912
-969
-1014
-1043
-1053
-1039
-1001
-935
-843
-723
-580
-415
-232
-37
165
370
573
768
950
1116
1261
1384
1482
1554
1599
1619
1613
1585
1537
1471
1390
1299
1199
1094
986
876
765
654
541
424
302
173
35
-113
-272
-441
-617
-797
-976
-1148
-1308
-1448
-1562
-1646
-1693
-1701
-1668
-1592
-1475
-1320
-1131
-914
-674
-420
-157
105
362
607
835
1042
1225
1381
1511
1615
1694
1752
1790
1814
1828
1835
1839
1843
1848
1854
