695
789
861
913
945
958
953
932
895
843
778
701
613
516
412
302
190
79
-27
-124
-210
-279
-327
-352
-351
-323
-266
-182
-73
59
210
375
548
724
894
1054
1196
1315
1406
1466
1493
1485
1442
1367
1261
1129
973
800
612
414
209
2
-205
-410
-611
-806
-991
-1165
-1326
-1468
-1589
-1685
-1751
-1783
-1779
-1736
-1653
-1531
-1372
-1179
-960
-722
-472
-221
22
249
451
620
752
842
889
892
854
778
670
537
385
222
56
-106
-260
-401
-524
-628
-713
-778
-826
-858
-875
-880
-872
-855
-827
-790
-743
-686
-620
-544
-459
-367
-268
-165
-60
45
147
245
335
416
484
540
581
607
617
611
589
551
497
429
346
249
141
22
-104
-237
-373
-509
-642
-769
-886
-990
-1080
-1152
-1206
-1239
-1251
-1244
-1216
-1169
-1104
-1022
-925
-816
-695
-564
-426
-281
-132
19
173
328
483
636
786
933
1075
1211
1339
1459
1569
1667
1753
1824
1879
1917
1936
1936
1915
1872
1807
1720
1611
1479
1327
1154
962
752
526
285
33
-227
-495
-764
-1032
-1293
-1542
-1773
-1981
-2161
-2308
-2417
-2485
-2509
-2488
-2422
-2311
-2156
-1961
-1728
-1460
-1163
-841
-497
-137
232
608
984
1353
1710
2050
2365
2651
2903
3117
3287
3412
3487
3509
3477
3387
3238
3031
2767
2450
2085
1679
1244
789
328
-126
-563
-969
-1335
-1654
-1917
-2124
-2271
-2359
-2392
-2372
-2305
-2196
-2051
-1877
-1680
-1466
-1242
-1014
-788
-569
-365
-180
-19
112
211
274
301
290
243
163
54
-78
-226
-384
-541
-691
-825
-937
-1021
-1074
-1093
-1078
-1030
-951
-845
-717
-572
-416
-255
-92
66
217
358
486
602
705
797
877
949
1013
1070
1122
1167
1205
1234
1252
1257
1246
1218
1171
1104
1017
912
791
658
517
372
228
91
-34
-145
-238
-313
-368
-406
-428
-437
-438
-434
-431
-430
-435
-447
-467
-494
-528
-565
-605
-643
-678
-708
-732
-749
-758
-759
-755
-745
-732
-716
-698
-679
-660
-642
-624
-607
-591
-576
-563
-550
-539
-530
-521
-513
-504
-495
-483
-467
-447
-421
-387
-345
-293
-230
-156
-71
25
135
255
386
525
671
822
973
1122
1265
1399
1519
1622
1704
1762
1794
1798
1773
1718
1634
1522
1386
1228
1052
863
666
466
268
77
-102
-268
-417
-547
-659
-754
-834
-902
-961
-1015
-1067
-1120
-1176
-1237
-1302
-1370
-1438
-1503
-1560
-1605
-1633
-1642
-1627
-1587
-1522
-1433
-1323
-1196
-1057
-912
-767
-630
-505
-398
-312
-247
-204
-180
-170
-169
-171
-167
-151
-117
-61
17
122
249
396
557
728
904
1079
1249
1411
1564
1706
1836
1956
2066
2168
2262
2348
2428
2500
2562
2611
2642
2652
2634
2585
2498
2370
2198
1982
1723
1423
1089
727
347
-40
-426
-798
-1146
-1462
-1736
-1964
-2141
-2266
-2337
-2357
-2328
-2256
-2145
-2003
-1835
-1649
-1452
-1251
-1051
-858
-676
-508
-356
-222
-106
-5
78
149
208
255
291
316
330
332
320
295
256
204
141
70
-6
-84
-159
-228
-287
-334
-368
-390
-400
-400
-394
-383
-373
-365
-362
-367
-379
-400
-429
-463
-502
-542
-581
-615
-641
-656
-658
-645
-614
-566
-499
-414
-311
-193
-61
81
233
391
550
708
860
1002
1132
1245
1338
1410
1458
1483
1482
1458
1412
1346
1263
1165
1056
940
818
694
570
447
327
210
96
-14
-125
-235
-347
-461
-579
-699
-821
-944
-1066
-1183
-1293
-1390
-1472
-1534
-1574
-1588
-1575
-1534
-1466
-1371
-1252
-1110
-951
-777
-593
-402
-209
-18
168
347
515
669
806
921
1013
1076
1108
1106
1068
994
884
743
577
395
206
22
-146
-287
-392
-453
-466
-430
-346
-221
-60
124
323
524
717
889
1033
1140
1205
1225
1197
1123
1005
850
661
448
219
-18
-257
-488
-705
-902
-1075
-1220
-1335
-1417
-1467
-1482
-1464
-1413
-1329
-1216
-1076
-913
-730
-533
-326
-114
98
307
509
699
876
1035
1175
1292
1385
1450
1486
1491
1463
1403
1310
1186
1032
852
649
429
197
-37
-270
-494
-700
-883
-1037
-1158
-1244
-1294
-1307
-1288
-1238
-1162
-1065
-952
-828
-697
-565
-434
-308
-188
-75
27
122
207
284
351
411
461
504
538
563
580
588
587
577
560
535
503
466
425
380
333
286
239
192
147
102
59
16
-25
-67
-108
-149
-190
-229
-266
-301
-334
-364
-391
-416
-441
-466
-493
-524
-561
-606
-658
-718
-785
-858
-934
-1010
-1083
-1148
-1200
-1236
-1251
-1242
-1207
-1143
-1048
-923
-768
-585
-376
-145
105
371
647
927
1205
1475
1728
1958
2155
2311
2419
2473
2467
2398
2267
2076
1832
1542
1219
876
528
192
-119
-390
-612
-774
-873
-907
-880
-798
-672
-513
-335
-153
18
168
287
366
402
394
346
261
149
17
-123
-266
-402
-524
-627
-708
-766
-801
-815
-811
-793
-765
-732
-696
-661
-630
-604
-586
-574
-569
-568
-571
-575
-575
-571
-559
-537
-503
-456
-397
-327
-246
-157
-62
35
136
236
335
431
525
615
702
785
864
939
1009
1072
1126
1170
1201
1218
1218
1200
1163
1107
1032
941
835
717
592
464
335
210
92
-15
-112
-197
-270
-333
-386
-432
-474
-513
-552
-592
-632
-670
-705
-733
-749
-748
-727
-681
-607
-506
-378
-225
-54
128
315
497
666
813
932
1016
1063
1070
1039
972
873
748
603
446
284
122
-33
-177
-308
-421
-516
-590
-643
-675
-685
-674
-642
-588
-515
-422
-313
-189
-54
87
229
367
493
603
689
746
773
766
726
656
558
438
302
156
7
-138
-275
-398
-506
-596
-666
-719
-754
-774
-783
-783
-777
-770
-763
-760
-761
-770
-785
-808
-836
-868
-904
-939
-972
-999
-1019
-1028
-1024
-1006
-971
-920
-852
-769
-673
-565
-450
-330
-211
-96
10
103
181
241
280
299
298
278
243
196
143
88
38
-1
-25
-29
-8
38
112
212
337
480
639
804
970
1129
1274
1397
1492
1556
1585
1577
1533
1454
1345
1211
1058
893
723
555
397
253
128
25
-55
-115
-154
-178
-190
-194
-195
-198
-205
-220
-243
-276
-317
-367
-422
-484
-549
-616
-686
-756
-825
-893
-958
-1016
-1065
-1101
-1122
-1123
-1102
-1057
-987
-893
-778
-644
-496
-338
-176
-16
138
283
414
529
626
706
768
815
849
874
892
909
926
946
970
999
1030
1061
1089
1109
1117
1108
1080
1029
955
857
737
598
442
276
102
-72
-243
-404
-552
-681
-787
-868
-921
-945
-939
-905
-844
-760
-657
-539
-412
-282
-154
-34
72
163
233
279
300
293
258
197
110
1
-127
-271
-423
-578
-730
-870
-994
-1094
-1165
-1203
-1205
-1168
-1093
-981
-835
-658
-458
-240
-13
215
437
645
832
991
1119
1212
1269
1288
1271
1221
1141
1035
910
770
624
476
333
201
85
-11
-85
-137
-164
-168
-150
-112
-59
7
84
167
252
337
418
493
558
611
651
675
684
674
647
602
539
459
361
249
123
-13
-157
-307
-456
-603
-743
-874
-991
-1093
-1179
-1248
-1299
-1334
-1353
-1356
-1346
-1322
-1285
-1234
-1171
-1094
-1002
-897
-777
-643
-498
-343
-181
-16
147
306
454
589
704
799
869
913
930
921
886
827
746
645
529
401
265
125
-14
-147
-269
-375
-461
-521
-553
-555
-526
-470
-388
-287
-173
-54
59
162
245
303
329
323
284
213
114
-7
-144
-289
-434
-572
-696
-798
-874
-920
-933
-912
-857
-770
-652
-509
-343
-158
38
244
452
659
858
1045
1212
1356
1471
1552
1596
1602
1569
1500
1398
1269
1120
957
789
622
462
315
184
71
-22
-98
-158
-204
-239
-265
-285
-302
-317
-331
-346
-362
-378
-394
-410
-425
-438
-450
-461
-472
-482
-492
-503
-514
-526
-539
-552
-563
-572
-578
-580
-576
-565
-547
-519
-483
-437
-382
-318
-247
-170
-88
-5
77
155
228
291
342
381
405
415
411
394
367
332
292
251
211
176
149
131
124
130
150
182
227
285
354
434
525
625
734
850
972
1097
1223
1345
1458
1558
1639
1693
1716
1700
1643
1540
1391
1197
960
687
385
63
-267
-597
-915
-1210
-1473
-1696
-1873
-2002
-2080
-2109
-2094
-2038
-1948
-1833
-1700
-1557
-1411
-1268
-1134
-1011
-901
-804
-719
-643
-574
-508
-442
-372
-298
-218
-131
-40
53
146
235
317
386
440
477
495
494
475
440
394
338
278
216
158
104
59
22
-4
-22
-30
-30
-21
-5
18
49
87
133
186
247
315
389
469
553
638
723
804
878
943
996
1036
1061
1068
1059
1031
985
920
837
735
616
480
329
164
-12
-197
-387
-578
-765
-943
-1106
-1249
-1367
-1455
-1511
-1533
-1522
-1477
-1404
-1305
-1187
-1055
-915
-773
-635
-504
-383
-275
-180
-96
-23
41
102
161
221
284
353
429
512
603
701
805
914
1025
1138
1249
1357
1457
1546
1621
1678
1714
1723
1703
1651
1565
1442
1284
1092
869
619
348
63
-227
-516
-794
-1052
-1284
-1482
-1642
-1761
-1835
-1866
-1854
-1803
-1714
-1595
-1448
-1282
-1100
-909
-715
-523
-338
-163
-2
140
264
369
452
515
557
580
584
571
542
499
443
375
298
212
119
21
-80
-182
-282
-377
-463
-537
-596
-636
-655
-650
-622
-570
-498
-409
-307
-199
-90
12
104
179
235
269
283
278
259
231
200
173
156
155
174
215
278
359
455
557
660
753
828
878
898
884
835
754
647
520
384
250
128
30
-33
-56
-32
39
158
317
510
723
944
1158
1349
1504
1610
1657
1640
1554
1403
1190
925
617
281
-71
-425
-769
-1090
-1380
-1631
-1838
-1998
-2111
-2178
-2200
-2180
-2123
-2031
-1910
-1764
-1597
-1413
-1217
-1014
-809
-607
-414
-235
-77
57
164
241
285
299
282
239
174
92
0
-97
-193
-282
-359
-418
-458
-475
-469
-440
-388
-316
-226
-122
-8
111
231
348
456
551
629
688
725
737
726
689
630
549
449
333
207
73
-60
-191
-314
-423
-515
-586
-634
-657
-652
-621
-563
-478
-367
-231
-72
108
307
522
747
978
1209
1431
1637
1818
1967
2077
2141
2156
2120
2035
1903
1730
1524
1293
1049
800
556
325
114
-71
-231
-362
-466
-546
-606
-650
-684
-711
-737
-764
-797
-837
-884
-939
-1001
-1068
-1137
-1207
-1274
-1337
-1392
-1439
-1475
-1501
-1515
-1519
-1511
-1493
-1465
-1426
-1377
-1317
-1247
-1166
-1074
-970
-853
-722
-578
-419
-245
-56
147
363
589
820
1052
1276
1486
1673
1829
1945
2016
2038
2008
1927
1797
1624
1416
1180
929
671
418
180
-35
-222
-374
-490
-570
-614
-627
-611
-573
-516
-445
-365
-279
-189
-98
-5
88
183
280
379
480
584
689
794
899
998
1091
1171
1236
1281
1302
1297
1262
1197
1103
980
832
663
478
281
79
-122
-320
-510
-687
-851
-999
-1130
-1245
-1343
-1424
-1488
-1535
-1565
-1576
-1568
-1541
-1495
-1429
-1345
-1244
-1129
-1002
-868
-729
-590
-455
-327
-208
-101
-6
75
145
203
252
294
329
361
390
418
443
465
484
497
503
499
484
456
413
356
286
202
108
6
-99
-206
-308
-402
-483
-546
-587
-603
-591
-548
-476
-373
-243
-90
80
262
447
626
792
935
1049
1127
1168
1169
1132
1063
966
850
724
597
476
370
282
217
176
156
155
168
188
211
228
235
226
199
152
85
1
-97
-206
-320
-434
-543
-641
-726
-795
-847
-881
-900
-906
