-54
-74
-85
-87
-79
-60
-31
6
51
102
154
206
254
293
322
337
337
321
287
239
176
101
19
-68
-156
-241
-321
-390
-447
-488
-513
-520
-508
-476
-426
-358
-274
-176
-66
51
175
299
422
538
646
742
825
892
944
980
1001
1009
1004
990
966
935
898
855
806
750
688
617
538
449
350
241
124
1
-127
-258
-388
-513
-631
-740
-835
-917
-982
-1032
-1065
-1084
-1088
-1081
-1065
-1042
-1015
-986
-957
-930
-907
-888
-873
-864
-858
-856
-856
-856
-855
-851
-842
-826
-799
-761
-709
-642
-560
-464
-355
-236
-110
19
147
271
386
490
581
657
719
767
803
830
850
869
888
914
948
994
1055
1131
1224
1331
1451
1579
1711
1840
1960
2064
2145
2196
2214
2193
2131
2027
1883
1700
1483
1236
965
677
378
75
-225
-517
-795
-1055
-1291
-1501
-1682
-1834
-1956
-2048
-2113
-2151
-2165
-2157
-2131
-2089
-2034
-1968
-1892
-1810
-1721
-1628
-1531
-1431
-1328
-1223
-1114
-1003
-889
-771
-652
-530
-406
-282
-158
-36
83
199
310
414
513
603
687
762
830
889
941
984
1019
1046
1063
1072
1072
1063
1046
1020
987
947
902
852
801
747
693
640
589
538
490
442
396
349
302
253
203
152
99
45
-8
-61
-111
-159
-202
-241
-276
-306
-331
-352
-370
-385
-397
-405
-410
-411
-408
-400
-386
-367
-341
-309
-272
-229
-184
-136
-87
-40
2
41
74
99
116
125
127
122
111
97
80
62
43
24
6
-11
-31
-52
-76
-105
-138
-175
-218
-263
-311
-358
-402
-441
-471
-490
-497
-488
-465
-426
-372
-304
-225
-135
-39
60
161
258
348
428
494
544
574
585
576
547
502
442
374
300
228
161
106
67
47
50
75
122
191
277
377
485
596
704
803
887
953
995
1011
999
958
887
790
667
523
362
189
8
-174
-354
-526
-687
-833
-963
-1074
-1165
-1238
-1291
-1325
-1341
-1340
-1323
-1292
-1248
-1193
-1129
-1056
-978
-895
-808
-720
-629
-538
-446
-353
-259
-166
-71
22
116
210
302
392
478
561
639
712
779
839
892
937
974
1003
1023
1034
1036
1029
1013
989
958
920
877
829
778
722
663
602
536
468
395
320
240
158
73
-13
-101
-189
-277
-363
-446
-525
-600
-669
-733
-792
-844
-890
-930
-964
-993
-1016
-1034
-1047
-1055
-1057
-1053
-1044
-1028
-1007
-979
-946
-907
-862
-813
-761
-705
-647
-587
-526
-463
-399
-334
-266
-197
-126
-53
20
94
169
243
314
384
451
516
577
636
694
750
806
862
920
978
1037
1096
1153
1207
1255
1296
1326
1344
1348
1337
1311
1268
1210
1137
1051
953
845
728
607
482
356
233
114
1
-103
-199
-285
-363
-431
-493
-548
-599
-647
-692
-736
-777
-816
-851
-882
-905
-921
-927
-923
-909
-885
-852
-811
-765
-716
-668
-622
-583
-551
-528
-516
-513
-520
-534
-552
-571
-587
-597
-596
-583
-555
-512
-452
-377
-290
-192
-88
18
125
228
326
416
498
571
637
696
749
799
846
892
938
983
1028
1072
1112
1148
1177
1196
1204
1198
1177
1138
1082
1008
916
808
685
550
405
254
99
-55
-207
-353
-491
-619
-734
-837
-927
-1003
-1067
-1117
-1157
-1186
-1205
-1217
-1220
-1216
-1205
-1186
-1159
-1122
-1075
-1016
-943
-857
-755
-638
-507
-362
-205
-38
134
311
488
662
829
987
1132
1261
1373
1466
1539
1591
1622
1632
1624
1598
1556
1502
1437
1363
1284
1200
1112
1022
929
831
727
616
496
366
225
74
-85
-252
-422
-593
-760
-919
-1067
-1202
-1319
-1417
-1495
-1551
-1585
-1597
-1588
-1559
-1513
-1451
-1376
-1290
-1196
-1096
-992
-886
-780
-676
-573
-475
-381
-292
-209
-132
-61
2
61
113
159
200
234
263
286
303
315
321
322
318
311
302
291
280
269
260
254
249
248
249
251
255
259
262
265
267
269
271
274
278
286
297
313
333
358
387
419
452
485
517
545
569
586
597
599
592
575
549
513
467
414
354
289
221
154
88
27
-28
-76
-118
-152
-180
-204
-224
-243
-262
-283
-307
-335
-366
-400
-438
-478
-520
-561
-602
-640
-676
-708
-736
-759
-779
-794
-806
-815
-821
-825
-827
-827
-826
-823
-819
-812
-801
-787
-768
-742
-709
-668
-619
-562
-497
-424
-344
-258
-167
-71
27
131
239
351
468
590
718
852
991
1136
1283
1432
1580
1722
1855
1973
2070
2142
2181
2184
2145
2061
1930
1753
1532
1270
975
653
314
-31
-374
-703
-1009
-1283
-1517
-1707
-1848
-1939
-1982
-1979
-1935
-1854
-1744
-1610
-1459
-1298
-1132
-964
-798
-636
-479
-328
-183
-42
92
224
351
476
595
710
818
918
1006
1081
1139
1180
1200
1199
1176
1132
1068
986
888
778
659
534
407
281
161
47
-55
-147
-227
-294
-348
-390
-421
-443
-456
-463
-466
-465
-463
-460
-457
-455
-453
-451
-449
-448
-445
-441
-436
-429
-421
-412
-402
-390
-378
-365
-350
-334
-317
-297
-276
-253
-228
-202
-176
-150
-126
-103
-83
-66
-51
-38
-25
-12
4
26
54
92
140
200
272
356
452
556
668
784
901
1016
1123
1218
1296
1353
1383
1382
1347
1275
1164
1015
830
612
367
100
-179
-464
-743
-1009
-1251
-1463
-1637
-1770
-1857
-1897
-1891
-1841
-1750
-1623
-1464
-1279
-1073
-853
-622
-387
-150
82
309
526
731
921
1095
1248
1380
1487
1568
1619
1639
1627
1580
1500
1388
1247
1079
891
686
471
251
33
-178
-380
-568
-738
-889
-1020
-1128
-1213
-1276
-1318
-1338
-1338
-1319
-1283
-1232
-1168
-1091
-1004
-907
-800
-685
-560
-426
-282
-129
31
198
369
539
704
858
995
1108
1192
1242
1255
1227
1160
1056
917
751
562
360
152
-53
-248
-427
-582
-710
-807
-872
-904
-904
-875
-820
-744
-651
-547
-435
-320
-207
-99
0
92
173
244
306
360
407
449
488
526
563
600
637
672
704
731
750
759
755
737
702
651
584
504
413
315
215
118
28
-48
-110
-154
-179
-185
-174
-148
-112
-69
-25
16
52
78
93
95
84
61
27
-15
-66
-120
-176
-231
-284
-331
-372
-405
-431
-448
-458
-460
-455
-445
-430
-410
-387
-360
-332
-301
-270
-239
-208
-180
-154
-131
-113
-99
-89
-84
-83
-86
-92
-103
-117
-137
-162
-193
-231
-275
-327
-384
-445
-509
-572
-633
-688
-734
-770
-792
-799
-788
-759
-709
-638
-544
-427
-288
-126
55
255
470
694
923
1149
1367
1570
1751
1904
2024
2106
2146
2144
2099
2012
1886
1725
1536
1326
1101
870
640
418
210
19
-150
-300
-431
-545
-645
-735
-818
-896
-971
-1044
-1115
-1182
-1244
-1299
-1345
-1379
-1401
-1407
-1399
-1375
-1336
-1284
-1220
-1147
-1068
-985
-903
-824
-751
-684
-626
-577
-535
-498
-466
-434
-401
-363
-318
-265
-204
-133
-56
27
113
200
284
362
433
494
545
583
609
624
627
620
603
578
545
505
460
411
360
307
255
205
159
118
82
54
34
22
18
23
36
57
87
127
175
233
300
377
462
556
657
763
873
984
1094
1198
1295
1378
1446
1492
1513
1505
1467
1395
1291
1155
990
803
598
384
168
-39
-233
-404
-548
-661
-741
-788
-806
-799
-772
-734
-691
-649
-614
-591
-581
-586
-606
-637
-676
-719
-763
-802
-833
-853
-859
-851
-828
-791
-743
-686
-623
-559
-497
-441
-393
-355
-328
-314
-310
-315
-326
-341
-357
-370
-377
-375
-363
-339
-301
-251
-188
-115
-32
55
147
237
323
401
467
518
553
569
567
546
508
455
387
307
218
121
19
-85
-190
-294
-392
-483
-562
-625
-669
-690
-685
-653
-593
-506
-395
-264
-118
36
194
350
497
632
751
853
936
1002
1051
1087
1110
1124
1131
1132
1128
1120
1106
1084
1053
1010
951
875
779
664
528
376
210
35
-141
-314
-475
-618
-736
-827
-885
-911
-906
-871
-812
-734
-642
-544
-445
-351
-264
-188
-124
-72
-30
2
28
51
72
94
118
146
177
212
248
283
316
342
358
362
349
319
270
201
114
12
-101
-222
-346
-467
-579
-677
-759
-822
-863
-882
-879
-858
-819
-765
-701
-630
-554
-478
-403
-332
-267
-207
-151
-100
-50
1
57
120
193
278
377
491
618
758
908
1066
1227
1387
1540
1680
1803
1900
1967
1999
1990
1937
1839
1696
1509
1282
1019
726
412
83
-251
-583
-906
-1211
-1492
-1745
-1965
-2149
-2297
-2408
-2482
-2522
-2530
-2509
-2462
-2393
-2304
-2200
-2081
-1950
-1809
-1659
-1501
-1335
-1162
-984
-801
-615
-428
-242
-59
116
283
438
578
702
809
898
972
1034
1087
1136
1187
1246
1316
1401
1504
1624
1760
1906
2055
2199
2328
2432
2501
2527
2502
2422
2286
2095
1852
1564
1239
885
514
137
-234
-592
-923
-1221
-1476
-1682
-1836
-1935
-1978
-1968
-1906
-1798
-1650
-1469
-1262
-1038
-803
-567
-336
-116
85
264
419
546
645
716
761
781
778
755
714
656
584
500
406
302
192
76
-43
-164
-286
-406
-522
-634
-739
-835
-923
-1001
-1068
-1124
-1169
-1203
-1228
-1244
-1251
-1250
-1243
-1228
-1208
-1182
-1150
-1113
-1070
-1022
-966
-903
-829
-745
-646
-531
-398
-244
-68
128
346
581
831
1089
1349
1603
1844
2063
2253
2407
2521
2588
2608
2579
2501
2378
2214
2012
1781
1528
1261
989
722
468
235
30
-139
-273
-366
-420
-437
-419
-373
-303
-218
-125
-30
58
135
196
236
254
248
219
168
97
7
-96
-212
-336
-467
-602
-738
-873
-1007
-1138
-1265
-1387
-1503
-1611
-1711
-1800
-1876
-1938
-1982
-2007
-2009
-1987
-1939
-1865
-1764
-1636
-1485
-1311
-1118
-911
-695
-473
-252
-36
169
360
534
687
819
929
1017
1087
1140
1181
1214
1243
1272
1304
1344
1392
1448
1513
1582
1653
1718
1772
1806
1815
1791
1730
1628
1485
1304
1088
844
581
308
34
-230
-478
-702
-895
-1055
-1178
-1265
-1316
-1335
-1325
-1289
-1233
-1161
-1078
-989
-896
-803
-713
-629
-550
-480
-419
-368
-328
-300
-282
-276
-280
-293
-313
-337
-364
-391
-415
-434
-447
-451
-447
-435
-414
-386
-353
-316
-276
-236
-196
-158
-122
-87
-55
-24
6
36
68
100
134
169
205
243
280
318
357
395
432
469
504
538
568
595
616
630
635
632
618
594
559
515
463
403
338
269
197
125
53
-17
-86
-152
-214
-271
-322
-366
-403
-430
-450
-460
-463
-457
-445
-426
-401
-370
-334
-293
-247
-197
-143
-88
-33
18
64
98
117
117
93
42
-37
-146
-285
-451
-639
-843
-1057
-1272
-1479
-1669
-1832
-1959
-2044
-2080
-2064
-1994
-1868
-1690
-1462
-1189
-875
-524
-141
269
706
1165
1642
2134
2633
3131
3620
4086
4516
4895
5207
5437
5573
5602
5517
5314
4993
4560
4026
3404
2714
1977
1217
457
-277
-966
-1590
-2134
-2587
-2941
-3195
-3352
-3418
-3402
-3317
-3176
-2996
-2789
-2572
-2355
-2150
-1964
-1802
-1666
-1554
-1464
-1390
-1326
-1266
-1204
-1135
-1054
-960
-853
-733
-605
-473
-343
-220
-109
-16
56
106
135
144
137
119
96
72
53
44
47
65
98
145
206
278
359
444
532
619
702
780
850
912
965
1010
1047
1076
1098
1114
1122
1124
1118
1105
1082
1050
1008
956
894
822
741
651
554
449
338
222
101
-22
-149
-277
-403
-526
-644
-755
-856
-945
-1022
-1085
-1133
-1166
-1183
-1184
