-406
-350
-281
-204
-126
-52
12
63
99
117
120
108
86
58
30
7
-5
-3
16
58
121
205
308
426
554
686
816
936
1041
1124
1181
1209
1207
1174
1111
1021
906
769
613
440
254
57
-148
-361
-576
-791
-1002
-1204
-1393
-1565
-1715
-1841
-1940
-2011
-2051
-2063
-2046
-2003
-1934
-1842
-1730
-1599
-1451
-1290
-1117
-933
-742
-546
-347
-148
48
238
419
587
740
874
987
1078
1146
1191
1213
1215
1200
1171
1132
1087
1039
992
948
907
870
834
799
762
721
673
619
557
489
414
337
258
182
112
50
-1
-40
-66
-80
-83
-77
-65
-51
-39
-32
-35
-50
-78
-122
-180
-250
-330
-415
-501
-583
-653
-709
-743
-754
-738
-694
-624
-530
-415
-284
-145
-3
132
257
363
446
501
525
518
479
411
318
205
78
-54
-187
-311
-419
-506
-567
-598
-599
-570
-514
-434
-336
-225
-109
7
117
218
304
373
424
455
469
465
446
413
370
319
261
201
140
81
25
-24
-68
-103
-128
-144
-148
-142
-126
-100
-66
-25
18
64
109
149
182
206
219
220
208
184
150
106
57
4
-49
-101
-148
-190
-224
-251
-271
-286
-297
-306
-315
-324
-337
-353
-372
-394
-418
-441
-461
-477
-486
-486
-475
-452
-417
-368
-308
-238
-159
-73
15
105
194
278
357
428
491
544
588
623
649
668
680
687
689
688
684
679
673
666
658
649
638
625
608
588
562
531
493
447
394
334
267
195
120
44
-28
-97
-157
-206
-243
-267
-276
-273
-258
-233
-201
-164
-126
-88
-52
-20
7
29
46
58
66
68
67
61
51
35
15
-12
-46
-89
-140
-202
-272
-352
-439
-531
-627
-723
-815
-899
-973
-1033
-1075
-1098
-1099
-1079
-1036
-972
-890
-792
-682
-564
-443
-323
-208
-103
-10
66
128
172
200
214
216
210
198
185
174
169
172
185
208
243
287
340
400
464
529
592
650
702
744
775
795
803
798
782
755
718
671
615
552
481
404
319
230
134
34
-68
-174
-281
-386
-488
-585
-673
-751
-816
-866
-900
-918
-918
-903
-873
-831
-780
-722
-660
-597
-536
-477
-422
-370
-322
-276
-230
-182
-131
-75
-14
53
125
202
282
363
443
521
595
664
728
787
841
891
936
978
1016
1051
1083
1111
1135
1152
1162
1163
1153
1130
1094
1043
977
897
803
698
582
458
326
189
47
-97
-245
-393
-540
-685
-825
-957
-1078
-1185
-1275
-1346
-1397
-1426
-1434
-1423
-1393
-1348
-1290
-1222
-1148
-1069
-989
-907
-826
-745
-665
-584
-503
-420
-334
-244
-150
-51
49
153
257
359
455
543
620
682
729
758
768
761
737
699
648
587
519
448
376
306
241
182
132
93
65
49
47
59
83
119
165
220
281
345
408
468
522
568
604
628
641
643
633
615
588
554
515
472
424
374
320
263
203
140
73
2
-71
-147
-224
-302
-378
-451
-518
-579
-632
-674
-705
-723
-729
-721
-700
-666
-618
-558
-488
-407
-319
-225
-127
-29
66
157
240
311
370
413
439
448
440
416
377
326
264
194
120
45
-28
-97
-159
-212
-254
-283
-301
-308
-304
-291
-272
-249
-226
-203
-185
-171
-164
-165
-172
-188
-210
-237
-271
-308
-347
-389
-430
-471
-510
-545
-576
-601
-621
-634
-639
-637
-628
-610
-584
-550
-507
-456
-398
-333
-262
-186
-107
-26
55
136
215
291
363
432
497
557
613
664
710
749
781
803
814
813
800
773
734
684
625
560
493
427
367
314
273
246
234
238
256
289
332
384
439
493
543
583
609
619
611
583
536
471
391
299
198
93
-14
-119
-219
-313
-398
-473
-538
-593
-637
-672
-698
-717
-728
-733
-733
-728
-720
-708
-693
-676
-657
-636
-615
-594
-572
-550
-529
-508
-487
-467
-446
-424
-402
-377
-350
-318
-282
-240
-192
-136
-73
-4
70
149
229
308
384
452
510
556
589
607
611
601
580
550
515
478
443
413
391
380
380
391
414
445
482
521
558
589
610
619
612
587
546
488
415
330
236
137
37
-59
-151
-234
-304
-362
-404
-431
-443
-441
-426
-400
-364
-322
-276
-228
-180
-136
-96
-63
-36
-17
-6
-2
-4
-12
-23
-36
-49
-60
-69
-74
-74
-69
-60
-46
-29
-10
7
24
36
43
42
33
15
-11
-47
-92
-143
-200
-259
-320
-380
-436
-487
-531
-567
-594
-612
-621
-621
-614
-601
-583
-561
-537
-511
-483
-455
-427
-398
-368
-337
-305
-272
-238
-203
-167
-130
-94
-58
-22
11
44
77
108
139
169
200
231
263
296
329
362
396
429
461
492
521
550
576
602
626
649
670
689
705
716
721
719
707
685
651
604
545
473
391
299
200
96
-8
-113
-213
-307
-393
-470
-537
-593
-638
-674
-699
-715
-720
-716
-700
-671
-629
-571
-497
-406
-297
-170
-27
129
298
475
659
844
1026
1202
1366
1513
1639
1739
1809
1843
1839
1794
1709
1583
1422
1228
1011
776
535
297
70
-136
-317
-466
-581
-662
-711
-731
-729
-710
-684
-658
-640
-637
-655
-698
-767
-862
-980
-1116
-1262
-1413
-1559
-1694
-1810
-1902
-1965
-1999
-2001
-1972
-1915
-1830
-1723
-1596
-1454
-1299
-1136
-968
-797
-627
-460
-297
-141
7
146
276
395
503
599
684
758
821
875
919
956
988
1014
1038
1060
1082
1103
1125
1146
1166
1182
1192
1194
1184
1160
1120
1063
986
889
773
640
491
330
160
-11
-181
-341
-487
-612
-709
-774
-804
-795
-747
-659
-534
-373
-182
34
271
521
776
1028
1270
1493
1689
1852
1976
2056
2087
2070
2001
1884
1720
1514
1271
999
706
401
94
-205
-489
-750
-982
-1180
-1345
-1475
-1572
-1641
-1685
-1709
-1717
-1712
-1698
-1676
-1649
-1616
-1578
-1535
-1487
-1435
-1378
-1318
-1253
-1186
-1118
-1048
-978
-908
-839
-771
-703
-635
-565
-494
-419
-339
-253
-160
-59
47
161
279
399
518
633
740
836
916
979
1022
1044
1044
1023
982
924
850
765
672
574
474
378
286
202
127
65
14
-22
-45
-56
-54
-40
-17
14
53
97
145
195
246
296
345
393
437
477
512
542
564
580
588
589
585
575
562
549
537
528
525
526
533
544
557
569
578
580
573
553
518
468
403
322
227
121
5
-115
-240
-365
-489
-609
-723
-831
-931
-1023
-1106
-1181
-1246
-1302
-1348
-1382
-1406
-1416
-1414
-1396
-1364
-1317
-1254
-1176
-1085
-982
-869
-747
-620
-490
-359
-230
-106
11
119
214
294
358
402
428
434
422
394
356
311
268
232
211
213
242
303
398
526
683
862
1055
1250
1435
1596
1721
1800
1823
1784
1681
1515
1290
1014
697
351
-9
-372
-723
-1048
-1337
-1579
-1767
-1897
-1965
-1973
-1925
-1826
-1684
-1508
-1309
-1099
-887
-683
-495
-331
-194
-86
-9
39
63
68
60
45
29
19
19
34
66
115
180
258
346
438
529
613
685
740
774
788
780
751
707
650
586
521
460
408
367
341
330
333
348
372
401
432
462
487
506
519
526
530
532
536
545
562
589
626
675
732
797
865
932
993
1041
1073
1083
1067
1020
941
829
685
511
311
91
-143
-385
-627
-861
-1080
-1280
-1454
-1600
-1716
-1801
-1858
-1887
-1893
-1880
-1853
-1816
-1774
-1732
-1692
-1657
-1629
-1608
-1591
-1579
-1566
-1550
-1527
-1492
-1441
-1371
-1280
-1166
-1029
-868
-687
-488
-275
-52
176
405
631
848
1054
1244
1417
1571
1705
1818
1911
1985
2039
2075
2093
2095
2078
2044
1991
1921
1832
1727
1607
1477
1341
1204
1071
949
843
756
692
651
632
634
651
678
707
732
746
743
718
669
596
501
386
257
118
-26
-173
-319
-464
-608
-751
-896
-1043
-1195
-1350
-1509
-1668
-1823
-1970
-2102
-2214
-2297
-2347
-2360
-2330
-2259
-2145
-1991
-1803
-1586
-1349
-1099
-847
-600
-367
-155
29
185
307
397
456
486
491
474
442
397
345
290
234
180
131
88
53
25
5
-7
-13
-12
-7
0
11
24
37
49
61
70
79
86
92
100
110
125
147
178
221
277
347
432
530
640
758
880
1000
1114
1216
1300
1361
1397
1406
1386
1339
1268
1177
1072
959
843
730
624
529
447
377
319
270
227
187
148
106
60
9
-44
-100
-157
-211
-261
-305
-339
-365
-382
-391
-395
-396
-398
-403
-416
-437
-469
-512
-565
-627
-695
-767
-838
-904
-963
-1012
-1048
-1071
-1080
-1077
-1062
-1037
-1007
-972
-934
-896
-859
-821
-784
-744
-702
-654
-601
-539
-470
-392
-308
-218
-125
-32
58
143
220
287
342
383
412
428
434
431
422
410
399
390
388
394
410
437
474
521
577
638
702
766
828
885
934
974
1002
1020
1025
1019
1001
973
935
888
831
766
691
605
508
397
272
131
-24
-194
-377
-570
-768
-967
-1159
-1340
-1503
-1641
-1750
-1827
-1867
-1870
-1836
-1767
-1666
-1537
-1384
-1214
-1030
-839
-646
-454
-268
-91
74
227
365
486
591
678
748
800
835
854
861
857
845
829
812
798
788
785
790
803
824
851
883
917
950
979
1003
1018
1022
1015
996
964
922
869
809
742
670
597
522
447
373
299
226
152
76
0
-79
-159
-240
-319
-394
-461
-517
-560
-586
-597
-590
-570
-538
-500
-461
-427
-405
-399
-413
-451
-512
-597
-702
-822
-953
-1088
-1220
-1340
-1443
-1522
-1573
-1591
-1577
-1529
-1450
-1343
-1213
-1063
-898
-724
-542
-356
-166
24
218
413
611
811
1011
1209
1403
1586
1754
1901
2021
2108
2159
2169
2139
2068
1959
1816
1647
1457
1255
1048
844
649
469
307
164
42
-60
-147
-221
-286
-346
-406
-469
-538
-614
-698
-788
-884
-982
-1080
-1173
-1258
-1332
-1390
-1430
-1451
-1452
-1434
-1397
-1343
-1277
-1201
-1120
-1037
-958
-888
-829
-787
-764
-763
-787
-837
-912
-1011
-1132
-1269
-1417
-1567
-1711
-1838
-1937
-1997
-2009
-1961
-1849
-1665
-1409
-1081
-685
-228
281
830
1407
1997
2586
3157
3697
4194
4634
5010
5313
5538
5685
5753
5743
5661
5511
5299
5031
4711
4345
3936
3487
3004
2489
1948
1386
810
229
-349
-916
-1461
-1975
-2450
-2878
-3254
-3572
-3832
-4033
-4177
-4268
-4310
-4310
-4275
-4211
-4125
-4021
-3906
-3781
-3649
-3510
-3365
-3212
-3049
-2876
-2691
-2493
-2283
-2061
-1828
-1586
-1338
-1086
-833
-580
-329
-82
161
401
635
865
1087
1300
1501
1686
1851
1991
2103
2182
2228
2240
2221
2172
2101
2012
1913
1812
1714
1627
1554
1501
1468
1456
1464
1489
1528
1575
1625
1673
1714
1743
1756
1750
1723
1674
1604
1513
1404
1278
1138
986
824
654
478
297
111
-78
-272
-469
-670
-873
-1078
-1283
-1485
-1683
-1872
-2049
-2211
-2354
-2474
-2569
-2638
-2678
-2689
-2672
-2628
-2559
-2467
-2355
-2226
-2084
-1930
-1767
-1598
-1422
-1241
-1055
-864
-667
-464
-255
-42
175
395
613
828
1033
1226
1401
1552
1676
1766
1821
1835
1809
1741
1634
1492
1318
1119
903
676
448
226
18
-168
-328
-455
-544
-590
-593
-550
-462
-332
-162
39
267
510
760
1004
1232
1431
1591
1703
1761
1760
1699
1577
1401
1176
912
621
315
7
-288
-561
-801
-999
-1150
-1253
-1307
-1317
-1285
-1221
-1130
-1020
-900
-775
-652
-533
-422
-319
-226
-139
-59
16
90
162
