-2599
-2603
-2588
-2556
-2508
-2447
-2371
-2282
-2178
-2060
-1928
-1780
-1619
-1446
-1262
-1071
-875
-680
-487
-303
-130
28
169
291
394
476
540
586
616
633
638
634
622
604
581
555
526
495
464
434
406
382
363
350
346
350
364
388
424
470
527
596
674
761
857
958
1063
1169
1272
1371
1461
1538
1599
1642
1664
1662
1636
1586
1510
1411
1288
1145
982
803
610
406
193
-22
-241
-457
-668
-870
-1060
-1236
-1395
-1536
-1656
-1755
-1834
-1893
-1934
-1956
-1964
-1958
-1939
-1910
-1872
-1824
-1767
-1700
-1623
-1535
-1434
-1319
-1190
-1044
-881
-701
-504
-290
-61
180
432
690
948
1202
1445
1672
1875
2048
2184
2278
2324
2318
2259
2145
1980
1767
1514
1229
922
604
285
-23
-313
-579
-816
-1021
-1194
-1337
-1451
-1539
-1604
-1648
-1672
-1677
-1661
-1623
-1562
-1474
-1359
-1215
-1043
-844
-621
-382
-131
122
369
600
805
975
1103
1182
1210
1183
1106
980
814
615
395
165
-63
-279
-473
-637
-767
-858
-910
-925
-908
-863
-796
-713
-622
-528
-435
-347
-266
-194
-130
-74
-24
21
65
110
156
204
254
307
360
410
457
496
526
543
547
536
510
470
418
356
289
219
152
92
42
8
-6
-1
28
83
162
265
389
530
682
840
995
1140
1266
1366
1433
1462
1449
1392
1293
1155
983
783
565
337
109
-109
-312
-490
-640
-758
-842
-893
-914
-910
-885
-847
-802
-757
-721
-698
-694
-712
-753
-817
-900
-998
-1105
-1214
-1316
-1404
-1470
-1508
-1512
-1478
-1406
-1296
-1149
-970
-764
-539
-303
-64
167
384
577
738
863
947
990
992
960
898
817
724
631
545
475
426
399
394
408
435
467
494
509
504
471
406
307
175
13
-171
-371
-577
-779
-965
-1125
-1250
-1333
-1368
-1353
-1285
-1166
-1001
-793
-550
-280
9
308
609
903
1180
1435
1660
1851
2005
2120
2196
2235
2241
2218
2170
2105
2026
1937
1844
1746
1646
1543
1436
1323
1200
1066
918
753
571
373
158
-68
-303
-541
-775
-998
-1204
-1387
-1543
-1668
-1761
-1822
-1855
-1863
-1852
-1825
-1788
-1747
-1704
-1663
-1624
-1586
-1550
-1510
-1466
-1412
-1344
-1260
-1156
-1031
-883
-714
-526
-323
-111
102
308
500
667
803
901
957
971
944
880
786
669
539
404
274
158
62
-8
-49
-59
-37
15
96
200
321
455
592
726
848
951
1028
1076
1090
1071
1020
941
841
727
608
494
391
309
252
224
225
254
307
378
460
545
625
690
733
747
728
670
574
440
271
74
-144
-376
-610
-837
-1047
-1230
-1380
-1490
-1554
-1570
-1537
-1454
-1326
-1156
-951
-719
-470
-215
32
263
463
624
736
794
793
734
621
460
261
35
-203
-440
-662
-857
-1015
-1127
-1191
-1206
-1172
-1096
-984
-844
-684
-515
-344
-177
-22
118
243
352
446
530
608
684
761
843
930
1022
1114
1202
1279
1336
1368
1366
1328
1249
1132
979
796
590
371
147
-71
-277
-462
-621
-751
-850
-917
-956
-968
-958
-930
-890
-842
-791
-741
-695
-654
-620
-594
-574
-559
-548
-538
-527
-512
-491
-463
-426
-380
-324
-260
-187
-108
-24
60
145
227
303
371
430
477
511
531
537
529
505
468
416
352
276
191
97
0
-101
-201
-297
-386
-466
-534
-588
-629
-654
-664
-659
-639
-607
-563
-508
-443
-372
-294
-211
-126
-39
48
136
223
309
393
475
555
632
706
775
839
896
944
982
1006
1014
1004
974
923
848
751
632
493
337
166
-13
-197
-379
-555
-718
-864
-988
-1090
-1165
-1215
-1240
-1242
-1224
-1188
-1138
-1077
-1006
-929
-847
-759
-666
-567
-462
-350
-230
-102
31
171
314
459
601
738
865
979
1075
1151
1203
1230
1229
1201
1146
1066
964
844
711
570
429
292
166
56
-33
-101
-145
-166
-166
-147
-115
-74
-31
10
44
67
76
68
44
3
-51
-118
-195
-276
-359
-440
-516
-583
-640
-684
-714
-731
-734
-723
-699
-664
-617
-559
-492
-416
-331
-239
-139
-32
78
191
306
418
524
622
708
781
838
878
902
910
904
886
858
823
785
744
703
663
623
585
548
510
470
428
381
330
272
209
139
64
-15
-100
-186
-272
-356
-436
-508
-570
-620
-656
-676
-681
-669
-642
-602
-550
-489
-423
-354
-287
-223
-165
-115
-73
-39
-12
9
27
46
69
98
138
188
251
326
411
502
595
685
764
826
867
880
863
815
734
623
486
327
151
-35
-227
-418
-605
-782
-946
-1095
-1227
-1340
-1432
-1504
-1554
-1583
-1589
-1573
-1534
-1472
-1388
-1281
-1153
-1005
-837
-653
-455
-246
-31
187
403
611
807
985
1141
1269
1365
1428
1455
1446
1403
1329
1229
1106
968
820
668
517
371
232
103
-14
-121
-219
-308
-389
-463
-530
-591
-645
-691
-729
-757
-773
-778
-770
-750
-718
-675
-623
-563
-496
-426
-352
-276
-198
-119
-38
44
130
220
313
409
505
601
694
778
852
910
949
964
954
916
849
754
633
487
322
143
-44
-234
-419
-591
-743
-870
-964
-1023
-1043
-1024
-966
-873
-751
-605
-443
-273
-103
59
208
340
451
539
605
649
674
684
680
667
647
623
595
565
532
496
455
409
356
296
230
159
84
7
-66
-137
-199
-252
-293
-320
-333
-333
-318
-292
-256
-211
-160
-105
-47
11
69
125
178
228
274
317
356
391
423
451
476
496
510
518
516
505
481
445
396
334
258
170
73
-33
-146
-263
-381
-500
-616
-729
-835
-934
-1024
-1104
-1172
-1227
-1267
-1290
-1297
-1285
-1255
-1206
-1139
-1054
-953
-837
-708
-569
-423
-270
-115
39
191
337
475
600
711
804
875
924
947
943
913
857
775
672
550
413
265
111
-43
-196
-344
-483
-611
-727
-827
-911
-977
-1022
-1045
-1043
-1016
-962
-879
-769
-632
-467
-277
-64
168
419
683
954
1227
1493
1747
1978
2180
2344
2465
2536
2555
2519
2429
2286
2096
1864
1598
1306
998
683
370
69
-213
-474
-707
-911
-1085
-1231
-1350
-1443
-1514
-1563
-1592
-1601
-1590
-1556
-1499
-1416
-1307
-1170
-1006
-816
-602
-371
-126
123
371
609
827
1019
1178
1298
1375
1407
1392
1331
1227
1083
904
697
468
224
-23
-269
-504
-720
-910
-1071
-1196
-1284
-1335
-1348
-1326
-1272
-1192
-1089
-970
-840
-705
-570
-440
-318
-209
-113
-31
34
86
125
152
170
180
185
187
187
186
186
188
191
196
204
214
226
240
258
278
301
326
355
386
418
452
484
515
541
560
571
570
557
529
486
427
352
264
163
53
-63
-182
-300
-413
-516
-606
-681
-739
-778
-800
-804
-793
-770
-738
-700
-660
-619
-580
-545
-511
-480
-448
-411
-368
-314
-245
-160
-57
64
203
355
518
685
851
1010
1156
1285
1392
1475
1533
1564
1568
1548
1504
1437
1348
1238
1109
961
797
619
431
236
40
-153
-337
-509
-663
-795
-903
-985
-1041
-1070
-1076
-1061
-1028
-982
-929
-874
-821
-776
-741
-720
-713
-720
-740
-769
-804
-842
-878
-908
-929
-938
-935
-919
-890
-851
-803
-749
-693
-637
-584
-536
-495
-462
-438
-422
-413
-410
-410
-411
-410
-406
-396
-378
-350
-312
-263
-203
-132
-52
34
129
228
330
434
539
644
747
850
951
1049
1145
1236
1323
1403
1474
1534
1582
1616
1633
1631
1610
1569
1507
1425
1322
1201
1061
907
739
562
378
191
6
-172
-342
-497
-635
-751
-844
-911
-952
-966
-955
-920
-864
-789
-699
-598
-489
-376
-264
-156
-55
34
110
171
214
238
244
231
199
151
88
11
-77
-175
-281
-392
-507
-622
-737
-848
-954
-1054
-1144
-1225
-1294
-1352
-1396
-1427
-1443
-1443
-1425
-1386
-1325
-1239
-1125
-980
-804
-596
-357
-89
203
514
836
1162
1482
1788
2073
2328
2550
2734
2879
2986
3057
3094
3102
3084
3040
2974
2886
2774
2638
2476
2288
2074
1833
1568
1283
982
669
351
34
-277
-578
-863
-1129
-1373
-1592
-1785
-1950
-2087
-2195
-2274
-2324
-2346
-2340
-2307
-2249
-2167
-2064
-1941
-1803
-1652
-1494
-1332
-1171
-1017
-873
-743
-630
-536
-460
-401
-358
-328
-307
-293
-284
-276
-269
-263
-257
-251
-247
-243
-240
-237
-231
-222
-205
-177
-136
-79
-2
94
211
348
502
669
844
1021
1193
1352
1493
1610
1696
1748
1764
1741
1681
1584
1454
1294
1108
901
678
444
204
-36
-274
-504
-722
-925
-1107
-1266
-1398
-1500
-1567
-1599
-1592
-1546
-1459
-1333
-1170
-973
-747
-497
-229
48
328
603
865
1108
1326
1512
1663
1777
1851
1885
1880
1836
1756
1642
1497
1326
1131
915
682
436
180
-81
-346
-609
-866
-1112
-1341
-1548
-1729
-1880
-1997
-2079
-2127
-2140
-2121
-2073
-1998
-1900
-1782
-1648
-1498
-1335
-1162
-979
-786
-586
-379
-166
51
272
493
711
921
1118
1298
1455
1585
1683
1745
1771
1758
1709
1623
1504
1355
1181
985
774
551
322
94
-129
-343
-541
-719
-873
-1000
-1096
-1161
-1195
-1197
-1171
-1120
-1048
-961
-864
-764
-667
-578
-500
-438
-392
-363
-348
-346
-352
-362
-372
-377
-374
-361
-336
-299
-251
-195
-132
-67
-2
59
115
163
204
236
260
278
291
302
314
329
350
380
420
473
538
616
705
803
907
1015
1122
1226
1322
1407
1478
1533
1569
1586
1582
1559
1516
1455
1379
1292
1195
1093
989
886
786
690
597
506
415
322
223
117
1
-123
-258
-400
-545
-689
-827
-953
-1062
-1151
-1214
-1251
-1260
-1242
-1200
-1137
-1057
-966
-870
-773
-682
-601
-534
-483
-450
-435
-437
-454
-483
-521
-564
-611
-658
-702
-743
-777
-804
-824
-834
-835
-826
-806
-774
-728
-669
-595
-505
-397
-274
-134
19
184
357
533
705
869
1018
1146
1248
1320
1358
1363
1333
1270
1175
1054
910
747
571
387
200
15
-164
-333
-488
-627
-746
-844
-918
-968
-991
-989
-961
-907
-829
-729
-611
-477
-333
-184
-36
104
233
345
435
502
543
560
554
530
492
447
400
359
328
312
314
335
374
429
496
570
642
708
760
793
801
781
732
654
549
421
275
117
-44
-205
-358
-496
-617
-716
-792
-846
-878
-893
-894
-885
-871
-856
-846
-842
-846
-859
-880
-907
-936
-961
-978
-981
-963
-919
-845
-738
-600
-430
-235
-19
209
441
667
879
1069
1228
1353
1440
1488
1498
1473
1416
1333
1230
1113
988
862
737
620
512
415
329
255
191
137
90
50
14
-18
-47
-75
-101
-125
-149
-173
-197
-223
-251
-281
-314
-350
-390
-431
-475
-519
-562
-603
-641
-673
-699
-719
-730
-733
-728
-715
-693
-663
-624
-577
-521
-456
-382
-300
-208
-109
-2
110
227
346
465
581
689
787
870
934
977
996
989
956
896
813
708
585
448
303
154
8
-131
-259
-370
-463
-534
-582
-609
-614
-600
-571
-530
-481
-428
-375
-327
-284
-250
-225
-208
-198
-193
-188
-182
-169
-146
-110
-58
10
97
200
318
448
586
725
863
992
1108
1205
1281
1330
1352
1343
1304
1236
1138
1014
867
701
521
332
140
-49
-229
-396
-544
-671
-775
-855
-912
-948
-965
-967
-957
-940
-918
-894
-870
-848
-828
-810
-793
-774
-753
-727
-694
-655
-607
-553
-494
-432
-371
-316
-270
-238
-224
-229
-255
-302
-367
-446
-533
-623
-707
-776
-823
-840
-821
-761
-658
-512
-326
-105
142
407
676
939
