-919
-937
-943
-938
-923
-900
-870
-833
-791
-742
-689
-630
-566
-496
-421
-338
-250
-154
-54
50
157
264
369
466
554
629
688
728
750
753
738
709
668
621
572
526
489
462
450
453
471
501
541
586
630
667
689
690
664
606
514
386
225
34
-181
-412
-650
-885
-1107
-1306
-1474
-1604
-1692
-1734
-1729
-1679
-1587
-1455
-1291
-1101
-891
-668
-440
-213
4
209
396
560
699
813
899
959
994
1007
999
975
937
888
832
771
707
642
577
513
451
391
335
283
235
194
159
133
116
108
111
124
147
178
217
260
304
345
378
400
405
389
348
280
184
60
-87
-255
-438
-626
-812
-987
-1141
-1267
-1357
-1408
-1418
-1385
-1312
-1202
-1063
-898
-717
-526
-333
-143
36
200
347
472
574
653
709
741
753
744
718
674
615
543
460
366
264
158
49
-58
-160
-254
-334
-398
-443
-467
-468
-447
-406
-348
-276
-194
-107
-20
62
137
201
252
289
313
324
323
313
296
276
254
232
212
195
181
169
158
146
133
116
94
65
28
-16
-70
-132
-201
-276
-356
-436
-514
-587
-651
-703
-740
-760
-761
-743
-707
-652
-582
-499
-404
-302
-193
-82
30
141
251
359
464
566
668
770
875
982
1093
1208
1324
1438
1546
1641
1717
1767
1784
1762
1699
1593
1444
1255
1033
784
517
241
-34
-299
-548
-771
-965
-1125
-1250
-1341
-1398
-1425
-1426
-1405
-1368
-1318
-1261
-1199
-1137
-1076
-1018
-964
-915
-871
-832
-798
-770
-747
-730
-719
-714
-715
-722
-735
-753
-774
-799
-823
-847
-868
-883
-890
-888
-873
-843
-797
-732
-647
-542
-416
-270
-106
75
269
474
685
897
1107
1310
1503
1684
1851
2001
2135
2253
2355
2441
2511
2566
2604
2625
2628
2610
2569
2502
2407
2281
2122
1929
1701
1440
1149
830
490
135
-227
-590
-945
-1283
-1596
-1880
-2126
-2332
-2494
-2611
-2682
-2707
-2689
-2631
-2536
-2409
-2253
-2074
-1878
-1668
-1450
-1229
-1009
-795
-591
-400
-225
-68
68
184
278
350
402
434
449
448
435
412
382
349
315
284
256
235
223
220
227
246
275
314
362
419
481
547
615
681
744
800
846
880
900
903
888
855
803
734
648
548
437
319
197
76
-39
-148
-245
-328
-396
-447
-483
-504
-512
-509
-499
-483
-466
-447
-430
-415
-404
-395
-390
-386
-384
-382
-381
-378
-374
-369
-361
-353
-343
-331
-318
-304
-289
-273
-255
-236
-217
-196
-175
-154
-134
-116
-101
-91
-86
-88
-98
-116
-143
-178
-221
-270
-323
-379
-434
-486
-530
-564
-583
-584
-563
-518
-446
-347
-220
-67
109
306
518
739
962
1180
1385
1568
1723
1843
1922
1955
1940
1876
1766
1611
1420
1198
956
701
444
192
-44
-262
-454
-618
-752
-855
-927
-972
-992
-989
-968
-933
-887
-833
-775
-713
-649
-581
-509
-430
-343
-245
-136
-14
119
263
413
566
714
853
975
1076
1149
1191
1197
1166
1098
992
853
682
486
269
37
-200
-438
-670
-887
-1084
-1254
-1394
-1500
-1570
-1602
-1596
-1556
-1482
-1378
-1249
-1100
-934
-758
-575
-392
-211
-38
124
274
408
524
622
700
757
795
813
811
791
755
702
637
560
475
385
292
201
115
36
-31
-87
-128
-154
-165
-162
-145
-116
-76
-28
25
85
147
211
276
338
399
457
512
562
609
652
690
723
749
769
781
783
774
752
718
670
608
533
447
353
252
149
47
-50
-139
-218
-286
-341
-385
-419
-445
-465
-483
-501
-521
-545
-574
-609
-649
-694
-741
-788
-832
-870
-898
-914
-914
-896
-860
-805
-733
-644
-542
-431
-313
-194
-77
34
138
231
312
380
434
475
501
514
514
502
478
443
399
347
287
221
151
78
2
-72
-147
-219
-287
-349
-403
-447
-479
-498
-502
-490
-462
-417
-359
-287
-207
-120
-30
56
138
209
269
312
339
348
339
314
274
221
158
89
18
-53
-120
-181
-234
-276
-308
-328
-338
-339
-333
-322
-308
-293
-279
-267
-259
-253
-250
-247
-243
-236
-224
-204
-175
-136
-87
-29
36
107
180
252
318
377
423
456
473
474
460
432
392
344
291
236
182
132
89
53
26
6
-5
-12
-14
-14
-13
-11
-9
-8
-6
-3
1
9
22
39
61
88
120
155
193
231
269
305
338
365
387
401
408
407
397
378
350
312
267
213
151
83
9
-67
-146
-226
-304
-379
-448
-510
-564
-609
-643
-667
-680
-682
-675
-659
-636
-606
-571
-531
-489
-444
-398
-350
-301
-252
-203
-155
-107
-61
-16
27
69
112
156
202
251
305
363
427
495
566
638
707
771
826
868
894
902
890
859
808
741
660
569
473
375
282
195
120
59
12
-18
-34
-37
-27
-8
17
48
81
115
146
174
196
212
221
221
212
194
167
132
89
38
-17
-77
-140
-203
-265
-321
-371
-413
-443
-461
-466
-458
-436
-403
-359
-307
-248
-187
-125
-66
-11
38
80
114
140
159
171
177
178
174
167
154
136
110
76
29
-30
-106
-197
-305
-427
-560
-702
-845
-986
-1118
-1235
-1332
-1404
-1449
-1464
-1449
-1405
-1334
-1239
-1122
-987
-838
-676
-502
-318
-123
84
305
541
791
1053
1325
1598
1866
2117
2341
2525
2660
2736
2748
2694
2575
2396
2166
1895
1594
1276
954
636
333
52
-202
-427
-621
-784
-917
-1022
-1101
-1157
-1192
-1210
-1212
-1201
-1179
-1147
-1107
-1061
-1008
-952
-892
-829
-766
-702
-640
-580
-524
-473
-426
-386
-350
-320
-293
-270
-248
-226
-204
-181
-155
-129
-101
-72
-44
-17
8
31
52
71
88
103
116
127
136
143
148
151
151
148
141
129
112
90
63
29
-10
-55
-107
-163
-224
-286
-350
-410
-467
-515
-553
-577
-586
-577
-550
-503
-437
-354
-256
-145
-24
101
228
352
470
578
672
750
811
852
875
879
866
837
795
743
682
616
546
475
405
336
269
205
145
89
37
-10
-53
-90
-120
-144
-160
-168
-168
-162
-152
-139
-128
-122
-124
-139
-168
-212
-273
-347
-433
-526
-622
-716
-801
-874
-930
-964
-976
-964
-927
-867
-785
-685
-570
-442
-307
-167
-26
113
249
379
501
612
711
795
862
911
939
946
930
894
841
773
697
619
546
486
446
430
443
485
556
651
762
881
997
1098
1172
1209
1201
1143
1033
875
674
441
189
-69
-320
-550
-748
-906
-1018
-1085
-1107
-1090
-1041
-969
-882
-790
-703
-626
-566
-527
-508
-511
-534
-571
-620
-675
-730
-780
-820
-847
-858
-850
-824
-779
-717
-640
-551
-452
-346
-236
-125
-15
90
191
286
373
451
521
581
633
675
708
733
751
761
766
765
760
753
743
733
722
712
704
697
690
685
679
672
662
648
628
603
570
529
480
424
359
287
210
127
41
-48
-138
-228
-317
-403
-486
-565
-639
-707
-770
-825
-874
-914
-946
-969
-982
-986
-979
-962
-935
-899
-854
-801
-742
-678
-610
-539
-467
-395
-325
-257
-193
-134
-81
-34
7
43
76
106
137
170
209
255
310
375
450
534
624
717
809
896
972
1034
1079
1103
1106
1088
1052
999
933
858
778
695
612
531
453
376
300
224
144
59
-31
-130
-238
-354
-476
-604
-735
-867
-995
-1117
-1231
-1333
-1421
-1494
-1549
-1586
-1602
-1599
-1575
-1529
-1463
-1377
-1271
-1148
-1008
-855
-691
-520
-347
-175
-8
149
294
424
539
636
719
787
845
894
938
980
1022
1066
1112
1160
1206
1247
1280
1299
1300
1278
1230
1152
1044
908
746
565
372
176
-12
-185
-330
-441
-510
-534
-510
-441
-331
-187
-18
164
348
524
678
801
885
925
917
861
760
620
446
247
34
-183
-396
-596
-774
-925
-1044
-1129
-1178
-1193
-1175
-1128
-1055
-962
-854
-736
-613
-491
-373
-264
-167
-87
-25
17
38
39
20
-17
-72
-139
-216
-299
-383
-464
-537
-597
-641
-665
-665
-641
-589
-512
-408
-280
-132
32
211
396
584
768
941
1099
1235
1345
1425
1472
1484
1462
1406
1319
1203
1061
899
719
527
327
123
-80
-278
-467
-642
-799
-934
-1043
-1122
-1167
-1176
-1147
-1081
-978
-840
-673
-482
-276
-63
146
344
520
666
775
842
864
841
775
671
536
376
202
22
-154
-319
-465
-586
-678
-738
-765
-761
-727
-666
-583
-482
-369
-248
-126
-7
102
201
284
350
398
426
436
428
404
368
320
264
202
138
72
8
-53
-110
-162
-207
-245
-277
-303
-323
-338
-349
-359
-367
-377
-388
-402
-420
-443
-468
-498
-529
-560
-589
-614
-632
-641
-639
-622
-590
-542
-477
-395
-298
-187
-63
69
209
353
499
644
784
917
1041
1153
1250
1331
1392
1432
1449
1442
1411
1355
1276
1175
1055
919
771
615
456
297
142
-5
-142
-267
-377
-472
-551
-614
-659
-688
-700
-695
-675
-639
-588
-525
-449
-364
-272
-174
-74
24
119
207
285
351
403
439
458
460
446
418
378
329
273
213
152
93
38
-12
-58
-98
-134
-167
-197
-228
-260
-295
-336
-382
-435
-495
-561
-632
-707
-782
-855
-922
-981
-1026
-1056
-1067
-1058
-1027
-974
-901
-808
-700
-578
-447
-309
-166
-23
119
260
399
534
665
791
911
1024
1128
1220
1297
1355
1390
1399
1379
1327
1243
1126
980
806
611
400
181
-38
-252
-451
-630
-783
-906
-995
-1049
-1068
-1053
-1007
-933
-836
-719
-589
-451
-309
-169
-36
87
197
292
369
429
470
492
497
486
460
421
372
314
252
187
123
61
6
-41
-79
-106
-122
-127
-121
-108
-88
-63
-37
-11
11
29
40
44
41
31
13
-8
-35
-64
-94
-123
-152
-179
-206
-234
-264
-297
-337
-385
-441
-507
-580
-660
-744
-827
-906
-976
-1032
-1070
-1085
-1074
-1036
-968
-871
-747
-599
-431
-249
-59
132
319
495
655
795
912
1005
1074
1119
1143
1148
1136
1113
1080
1042
1002
966
935
914
906
911
929
960
1000
1044
1088
1123
1145
1144
1117
1056
959
825
653
446
208
-53
-330
-615
-898
-1167
-1413
-1628
-1805
-1937
-2022
-2059
-2047
-1989
-1889
-1752
-1585
-1393
-1183
-962
-734
-506
-281
-64
141
334
510
669
809
927
1024
1098
1148
1174
1176
1154
1110
1044
960
860
748
628
504
382
264
157
62
-16
-79
-123
-150
-160
-157
-143
-122
-97
-73
-53
-40
-35
-41
-57
-83
-117
-157
-200
-244
-286
-323
-354
-376
-389
-393
-388
-373
-350
-320
-284
-244
-199
-154
-108
-64
-25
8
34
50
56
52
36
12
-19
-55
-94
-133
-168
-198
-220
-234
-237
-229
-208
-176
-131
-74
-8
67
149
235
321
404
481
549
604
645
672
684
682
669
647
620
590
561
535
513
497
486
480
475
471
464
451
429
397
353
297
228
149
61
-31
-128
-223
-315
-401
-478
-544
-600
-644
-677
-701
-716
-726
-731
-734
-736
-738
-742
-746
-749
-751
-750
-744
-731
-709
-676
-633
-580
-515
-442
-361
-276
-189
-103
-21
54
121
178
224
258
282
296
300
297
288
274
256
236
214
192
169
147
125
105
87
71
58
50
47
50
58
74
95
123
155
191
229
267
303
336
364
386
402
411
413
