-2031
-2019
-1978
-1914
-1832
-1738
-1639
-1537
-1438
-1343
-1254
-1171
-1094
-1020
-946
-871
-791
-704
-607
-499
-380
-251
-114
28
173
317
454
580
692
786
860
912
942
951
942
918
884
844
804
769
742
728
729
746
777
821
875
933
992
1045
1088
1114
1118
1096
1046
964
850
705
531
334
117
-110
-343
-571
-787
-982
-1151
-1287
-1386
-1447
-1469
-1454
-1404
-1324
-1219
-1093
-951
-797
-636
-470
-300
-127
47
224
404
586
770
954
1136
1310
1473
1617
1736
1823
1870
1872
1824
1723
1569
1363
1109
814
486
135
-229
-596
-956
-1298
-1615
-1898
-2141
-2340
-2490
-2589
-2636
-2630
-2574
-2469
-2320
-2130
-1907
-1655
-1383
-1097
-805
-513
-226
50
313
560
789
1002
1198
1380
1550
1712
1869
2023
2179
2336
2497
2660
2823
2981
3128
3256
3358
3425
3448
3418
3330
3180
2965
2687
2349
1958
1523
1055
566
70
-419
-891
-1335
-1741
-2103
-2416
-2678
-2891
-3054
-3171
-3247
-3285
-3291
-3269
-3224
-3158
-3075
-2978
-2868
-2746
-2614
-2471
-2318
-2153
-1977
-1789
-1589
-1378
-1155
-923
-683
-437
-189
58
301
535
756
961
1145
1306
1441
1548
1628
1678
1702
1700
1675
1629
1565
1486
1394
1293
1184
1069
951
829
705
579
453
325
198
71
-53
-176
-294
-406
-509
-601
-679
-742
-786
-810
-814
-796
-757
-698
-622
-532
-429
-319
-206
-93
15
115
203
277
334
373
393
394
378
347
303
250
190
127
63
3
-51
-99
-137
-166
-185
-194
-194
-185
-171
-151
-129
-106
-83
-60
-39
-17
5
31
61
99
144
198
262
333
410
490
569
641
702
746
771
772
747
697
622
527
414
291
162
33
-89
-201
-300
-382
-448
-496
-529
-547
-552
-548
-537
-520
-502
-485
-469
-458
-452
-453
-461
-476
-499
-528
-562
-600
-640
-680
-718
-751
-778
-795
-803
-798
-779
-747
-700
-638
-561
-471
-369
-256
-133
-5
127
261
394
523
644
755
854
939
1007
1057
1090
1104
1101
1081
1048
1002
947
887
824
760
699
643
591
546
506
470
438
407
377
346
312
277
239
199
160
124
92
68
54
54
69
102
151
217
297
388
484
580
669
745
802
834
837
809
749
658
539
397
237
65
-110
-284
-448
-599
-730
-839
-924
-984
-1021
-1037
-1034
-1017
-991
-961
-932
-908
-893
-891
-905
-935
-983
-1046
-1123
-1210
-1304
-1399
-1489
-1570
-1635
-1680
-1698
-1688
-1646
-1570
-1460
-1317
-1142
-937
-704
-448
-172
120
425
739
1056
1371
1681
1980
2264
2526
2762
2967
3137
3267
3352
3389
3375
3309
3188
3016
2793
2524
2216
1877
1515
1140
763
393
38
-293
-596
-866
-1101
-1299
-1462
-1592
-1692
-1765
-1816
-1849
-1869
-1878
-1881
-1878
-1871
-1860
-1845
-1824
-1796
-1758
-1709
-1647
-1572
-1483
-1383
-1272
-1153
-1030
-904
-779
-658
-543
-433
-331
-235
-145
-60
21
100
177
253
327
400
470
536
596
650
695
732
760
779
792
799
802
805
808
815
825
840
859
881
904
926
944
956
960
954
936
906
863
808
741
664
577
483
383
279
172
64
-42
-145
-245
-338
-424
-502
-569
-625
-670
-703
-725
-736
-739
-733
-722
-706
-687
-668
-649
-630
-612
-596
-580
-565
-549
-533
-517
-499
-480
-460
-440
-419
-397
-376
-354
-331
-307
-281
-253
-222
-186
-145
-98
-43
19
90
169
257
351
451
553
654
753
845
927
996
1050
1088
1108
1109
1091
1055
1002
933
851
758
657
553
450
351
261
184
124
83
63
65
88
130
188
257
333
409
478
534
571
582
565
516
434
319
173
1
-192
-403
-625
-850
-1074
-1290
-1492
-1676
-1836
-1968
-2070
-2137
-2169
-2163
-2120
-2040
-1925
-1778
-1601
-1400
-1179
-944
-701
-455
-212
22
244
450
636
801
944
1064
1162
1239
1297
1337
1362
1372
1368
1352
1322
1279
1221
1146
1053
943
813
666
503
327
141
-50
-243
-433
-615
-787
-946
-1090
-1218
-1330
-1425
-1505
-1570
-1620
-1656
-1676
-1679
-1664
-1626
-1564
-1472
-1349
-1189
-992
-758
-486
-182
148
498
856
1212
1552
1866
2142
2371
2549
2670
2736
2749
2714
2639
2531
2398
2247
2083
1910
1731
1546
1356
1160
960
755
548
344
148
-33
-193
-326
-425
-487
-512
-500
-458
-392
-310
-224
-144
-79
-37
-24
-44
-96
-179
-289
-418
-560
-705
-845
-972
-1079
-1159
-1208
-1225
-1210
-1164
-1092
-999
-890
-773
-654
-539
-431
-335
-251
-180
-121
-71
-28
11
50
90
135
184
238
298
362
430
500
568
633
692
740
776
796
798
779
739
678
595
494
377
247
108
-36
-183
-328
-470
-605
-732
-849
-955
-1049
-1130
-1195
-1244
-1275
-1285
-1274
-1238
-1178
-1092
-979
-842
-681
-498
-298
-84
136
359
578
786
976
1142
1280
1384
1452
1483
1476
1434
1360
1257
1132
991
841
687
537
397
271
163
76
11
-31
-52
-56
-44
-22
6
35
59
72
69
43
-8
-88
-201
-344
-516
-714
-930
-1157
-1386
-1607
-1808
-1980
-2113
-2201
-2237
-2219
-2147
-2023
-1850
-1635
-1385
-1108
-812
-505
-195
112
411
697
968
1220
1451
1662
1849
2011
2147
2254
2329
2369
2369
2327
2239
2103
1918
1687
1413
1102
763
406
42
-314
-655
-967
-1243
-1476
-1663
-1803
-1898
-1951
-1968
-1955
-1918
-1865
-1800
-1728
-1652
-1573
-1494
-1414
-1333
-1249
-1162
-1072
-979
-883
-785
-687
-590
-496
-405
-318
-236
-158
-82
-8
66
143
224
311
403
500
600
701
800
892
974
1042
1094
1127
1140
1134
1108
1067
1011
943
868
786
702
616
530
445
362
282
204
128
54
-16
-86
-154
-220
-283
-343
-400
-454
-504
-550
-592
-628
-660
-686
-705
-718
-721
-715
-698
-667
-621
-557
-474
-370
-242
-90
84
283
504
743
996
1258
1523
1784
2032
2261
2463
2631
2759
2842
2876
2858
2790
2671
2505
2296
2050
1775
1478
1167
852
539
236
-50
-316
-558
-773
-959
-1117
-1247
-1348
-1422
-1470
-1492
-1490
-1465
-1418
-1350
-1263
-1158
-1039
-909
-771
-631
-495
-370
-261
-175
-117
-92
-101
-147
-225
-334
-466
-615
-773
-930
-1080
-1214
-1326
-1411
-1465
-1486
-1475
-1434
-1364
-1270
-1156
-1028
-890
-746
-600
-453
-308
-164
-22
118
258
398
536
671
799
918
1023
1110
1175
1214
1225
1206
1159
1084
986
869
738
599
460
325
200
90
0
-67
-109
-125
-112
-73
-9
78
186
309
444
586
729
871
1005
1130
1240
1333
1406
1454
1475
1466
1425
1350
1240
1096
918
710
475
218
-54
-337
-623
-904
-1173
-1423
-1648
-1840
-1996
-2111
-2182
-2209
-2191
-2132
-2034
-1902
-1743
-1563
-1369
-1168
-968
-775
-595
-432
-290
-171
-76
-5
42
71
83
81
71
55
37
22
11
6
10
23
46
77
115
160
209
259
308
353
393
425
449
465
471
471
464
454
441
428
417
408
402
400
401
405
410
416
421
426
428
428
425
420
411
400
386
370
351
330
305
277
244
205
159
104
37
-45
-145
-265
-408
-575
-765
-977
-1208
-1450
-1697
-1939
-2165
-2364
-2526
-2640
-2699
-2697
-2631
-2501
-2311
-2066
-1775
-1447
-1093
-726
-355
10
362
695
1006
1293
1557
1803
2034
2256
2474
2693
2916
3144
3376
3608
3831
4037
4214
4349
4430
4444
4382
4236
4004
3683
3279
2797
2246
1640
993
321
-360
-1034
-1684
-2294
-2851
-3341
-3756
-4089
-4333
-4489
-4555
-4536
-4435
-4261
-4021
-3724
-3381
-3001
-2596
-2174
-1745
-1317
-896
-489
-99
270
618
942
1241
1514
1760
1976
2159
2304
2407
2462
2465
2412
2298
2125
1893
1608
1278
913
527
135
-247
-603
-919
-1182
-1381
-1510
-1565
-1548
-1462
-1314
-1114
-874
-606
-324
-40
232
485
709
898
1048
1157
1227
1258
1254
1219
1160
1081
987
886
781
679
583
498
428
375
340
326
330
353
392
444
504
569
632
689
733
760
766
749
706
637
546
433
304
164
17
-130
-273
-407
-527
-630
-712
-773
-813
-833
-835
-822
-799
-769
-738
-710
-690
-680
-684
-704
-742
-798
-873
-965
-1073
-1196
-1331
-1474
-1621
-1768
-1911
-2045
-2165
-2266
-2346
-2400
-2426
-2423
-2390
-2328
-2237
-2120
-1978
-1814
-1631
-1431
-1216
-989
-751
-504
-249
10
273
538
800
1055
1301
1533
1746
1937
2102
2240
2348
2428
2480
2505
2507
2487
2449
2395
2328
2249
2158
2055
1941
1814
1673
1516
1345
1158
957
744
522
296
72
-144
-347
-530
-687
-813
-905
-961
-980
-964
-917
-845
-754
-652
-548
-450
-367
-303
-265
-256
-277
-326
-403
-502
-618
-746
-879
-1011
-1135
-1245
-1335
-1401
-1438
-1444
-1416
-1355
-1261
-1138
-988
-816
-629
-434
-237
-47
129
285
414
512
575
602
594
552
480
383
267
139
6
-127
-254
-371
-475
-563
-635
-689
-726
-746
-750
-739
-712
-669
-609
-533
-440
-330
-203
-59
98
269
450
637
826
1012
1191
1357
1505
1631
1730
1801
1840
1850
1830
1783
1713
1622
1515
1395
1268
1136
1003
873
748
631
525
431
350
283
228
183
146
110
71
22
-44
-136
-259
-420
-622
-867
-1153
-1476
-1827
-2195
-2563
-2916
-3233
-3495
-3685
-3785
-3784
-3673
-3447
-3109
-2665
-2125
-1504
-821
-95
653
1403
2134
2829
3472
4051
4555
4980
5321
5578
5750
5842
5856
5797
5669
5479
5232
4936
4599
4229
3836
3429
3017
2608
2209
1822
1450
1094
750
417
88
-238
-568
-905
-1249
-1603
-1964
-2330
-2696
-3059
-3412
-3748
-4060
-4342
-4588
-4792
-4951
-5062
-5125
-5139
-5106
-5031
-4916
-4767
-4589
-4388
-4169
-3937
-3696
-3450
-3202
-2954
-2708
-2464
-2222
-1983
-1744
-1504
-1261
-1012
-754
-483
-198
104
426
768
1130
1510
1904
2308
2716
3120
3513
3884
4224
4525
4779
4980
5122
5205
5227
5191
5102
4965
4786
4570
4325
4053
3760
3446
3114
2764
2396
2012
1611
1197
772
341
-89
-514
-926
-1316
-1676
-1999
-2278
-2507
-2683
-2803
-2870
-2885
-2855
-2786
-2689
-2572
-2446
-2321
-2208
-2112
-2041
-1997
-1983
-1996
-2034
-2091
-2161
-2235
-2306
-2365
-2404
-2419
-2403
-2353
-2268
-2150
-1999
-1821
-1620
-1402
-1172
-936
-699
-465
-237
-18
191
390
578
754
917
1067
1202
1320
1420
1498
1554
1586
1591
1569
1521
1446
1347
1228
1093
947
798
654
522
412
332
290
291
338
431
568
741
943
1159
1376
1577
1749
1875
1944
1947
1877
1734
1520
1243
911
538
138
-273
-681
-1071
-1432
-1753
-2027
-2250
-2419
-2535
-2602
-2623
-2603
-2547
-2461
-2350
-2218
-2068
-1902
-1723
-1533
-1332
-1122
-905
-682
-455
-226
2
227
447
658
858
1045
1216
1369
1503
1616
1706
1773
1816
1836
1832
1804
1754
1683
1592
1483
1357
1217
1065
902
733
560
386
214
48
-107
-250
-376
-482
-564
-618
-643
-636
-595
-522
-416
-279
-116
68
270
481
693
900
1093
1264
1408
1520
1595
1633
1634
1600
1535
1443
1331
1205
1070
932
793
657
524
394
265
134
0
-143
-294
-456
-628
-807
-990
-1172
-1348
-1512
-1657
-1778
-1870
-1931
-1958
-1951
-1912
-1844
-1750
-1636
-1506
-1365
-1218
-1070
-922
-779
-641
-510
-385
-267
-155
-48
53
151
244
334
418
498
572
639
698
749
791
825
851
868
878
882
880
874
863
847
828
803
771
732
682
621
546
454
345
218
71
-92
-273
-466
-670
-877
-1084
-1283
-1468
-1633
-1772
-1878
-1947
-1976
-1960
-1899
-1794
-1645
-1456
-1233
-982
-710
-428
-145
127
380
604
791
935
1031
1080
1082
1042
