-1829
-1947
-2029
-2076
-2085
-2057
-1995
-1902
-1780
-1635
-1472
-1297
-1115
-932
-753
-583
-425
-283
-158
-51
37
109
166
209
241
263
279
290
298
303
308
311
314
315
315
312
306
297
284
269
252
234
216
200
187
179
177
182
194
214
240
273
310
351
393
434
474
510
540
565
584
596
603
603
600
592
582
570
557
543
528
513
496
477
455
430
400
365
323
275
219
156
86
9
-72
-156
-242
-325
-404
-474
-535
-583
-617
-636
-641
-632
-610
-578
-538
-492
-443
-394
-347
-304
-266
-236
-213
-198
-192
-192
-199
-211
-226
-243
-259
-274
-285
-292
-292
-286
-273
-254
-227
-195
-158
-118
-76
-33
8
47
83
115
141
161
176
185
188
186
180
170
157
142
126
110
95
82
71
65
63
66
74
88
107
131
159
190
223
255
285
312
332
346
352
348
335
312
281
242
198
148
94
39
-17
-74
-132
-190
-249
-310
-371
-433
-497
-560
-623
-681
-734
-779
-813
-833
-837
-823
-790
-737
-666
-578
-474
-360
-237
-111
14
135
247
347
432
501
554
590
611
618
615
603
587
569
551
537
529
526
531
543
561
584
609
633
655
671
679
677
664
640
605
560
508
452
394
339
287
243
206
179
160
149
142
139
135
126
110
84
44
-10
-78
-161
-255
-358
-465
-572
-676
-772
-856
-927
-981
-1019
-1040
-1044
-1033
-1008
-970
-923
-867
-804
-735
-663
-589
-512
-434
-355
-277
-198
-119
-41
35
111
186
258
328
394
456
512
561
602
634
656
666
663
647
616
572
513
441
357
263
160
52
-58
-168
-274
-372
-459
-532
-587
-622
-636
-628
-595
-541
-465
-369
-258
-135
-4
129
261
387
501
601
683
745
785
805
805
786
752
705
649
588
524
460
400
344
293
248
207
171
137
104
70
35
-1
-41
-84
-130
-177
-225
-273
-319
-362
-401
-436
-464
-487
-503
-511
-513
-508
-496
-479
-457
-431
-401
-368
-334
-300
-265
-232
-200
-170
-142
-118
-96
-78
-62
-50
-39
-31
-24
-18
-13
-9
-5
-2
1
3
5
6
7
6
4
2
0
-2
-3
-3
0
3
10
20
33
47
63
81
98
115
130
143
153
160
162
161
157
149
139
128
117
107
98
92
90
91
97
106
119
134
152
170
187
203
215
224
229
228
222
211
194
172
147
119
88
56
24
-6
-36
-64
-90
-113
-134
-153
-170
-186
-201
-215
-230
-243
-256
-268
-278
-285
-288
-287
-281
-269
-252
-229
-202
-170
-136
-100
-63
-27
6
38
66
90
110
126
136
142
143
139
131
119
104
85
64
41
17
-5
-27
-46
-62
-74
-80
-80
-74
-61
-43
-18
9
41
75
109
142
173
200
224
243
257
268
275
280
283
286
287
289
290
292
293
293
291
287
279
266
248
224
194
159
118
73
26
-22
-72
-119
-164
-206
-243
-276
-305
-330
-353
-376
-398
-422
-449
-479
-513
-550
-589
-630
-670
-708
-742
-769
-788
-797
-794
-780
-753
-715
-665
-605
-536
-460
-378
-292
-203
-112
-22
67
155
241
324
403
479
551
620
685
747
807
865
922
979
1035
1091
1145
1198
1247
1291
1328
1356
1372
1375
1362
1332
1284
1215
1126
1017
888
741
578
403
218
27
-163
-350
-529
-697
-849
-985
-1101
-1199
-1276
-1336
-1378
-1404
-1415
-1414
-1402
-1379
-1348
-1308
-1261
-1208
-1149
-1086
-1018
-946
-871
-793
-713
-631
-547
-461
-373
-284
-193
-102
-10
80
170
257
341
419
492
558
616
665
705
736
758
771
775
772
761
743
718
685
646
598
542
477
402
319
227
127
22
-86
-195
-303
-405
-501
-586
-659
-718
-763
-793
-807
-806
-789
-758
-712
-650
-573
-481
-371
-246
-104
51
222
403
593
787
982
1171
1351
1517
1663
1787
1884
1951
1986
1988
1956
1891
1794
1667
1514
1338
1143
935
717
494
271
52
-159
-360
-547
-717
-869
-1001
-1111
-1199
-1265
-1310
-1335
-1341
-1331
-1307
-1272
-1228
-1177
-1122
-1065
-1006
-946
-887
-829
-771
-714
-659
-604
-551
-499
-449
-402
-358
-318
-281
-249
-222
-199
-181
-166
-154
-144
-135
-127
-120
-112
-104
-97
-90
-85
-81
-80
-80
-81
-82
-83
-81
-76
-64
-45
-19
16
61
114
176
243
316
390
465
537
605
665
716
756
784
801
805
798
782
758
728
695
660
627
597
572
551
536
527
521
518
516
513
506
495
477
451
417
374
323
263
196
124
48
-29
-108
-185
-260
-330
-395
-454
-506
-551
-588
-619
-644
-664
-680
-693
-704
-716
-729
-744
-763
-785
-812
-841
-873
-905
-936
-964
-985
-999
-1002
-994
-974
-941
-896
-839
-773
-698
-616
-531
-442
-352
-262
-173
-84
4
92
180
268
357
447
539
631
724
817
909
1000
1087
1170
1246
1315
1372
1417
1447
1460
1454
1428
1379
1309
1218
1106
975
830
672
506
336
166
1
-155
-300
-429
-541
-632
-703
-751
-777
-782
-767
-733
-682
-619
-545
-465
-381
-297
-215
-139
-71
-12
36
73
100
117
124
123
115
103
87
69
51
34
19
6
-3
-11
-16
-20
-23
-26
-31
-38
-47
-59
-73
-89
-105
-120
-134
-145
-153
-157
-156
-152
-144
-134
-123
-113
-104
-99
-100
-107
-122
-144
-173
-207
-244
-283
-319
-351
-375
-389
-390
-379
-353
-315
-266
-208
-143
-75
-8
55
113
161
199
226
241
246
241
228
209
187
163
139
117
98
82
72
65
64
66
73
82
94
108
124
140
158
176
196
216
239
263
290
320
354
392
434
478
526
574
622
666
705
735
753
755
740
704
645
562
456
327
178
13
-164
-347
-529
-704
-865
-1005
-1118
-1199
-1246
-1257
-1232
-1172
-1082
-966
-830
-681
-525
-369
-219
-80
42
147
232
298
346
377
395
402
402
399
394
391
389
390
393
396
397
392
379
355
317
263
193
106
5
-107
-229
-354
-478
-596
-703
-796
-870
-924
-957
-967
-956
-924
-874
-807
-726
-634
-533
-427
-316
-205
-95
10
111
206
292
369
435
490
533
564
583
590
587
575
555
528
497
464
429
395
362
332
303
275
248
219
187
150
106
55
-4
-73
-149
-231
-317
-402
-483
-555
-614
-655
-674
-668
-636
-576
-490
-380
-250
-104
50
208
363
507
637
746
833
897
937
958
963
959
950
943
943
955
981
1020
1070
1128
1187
1239
1278
1294
1281
1232
1144
1013
842
632
388
119
-166
-459
-750
-1028
-1284
-1510
-1699
-1848
-1954
-2015
-2034
-2012
-1955
-1868
-1755
-1624
-1480
-1328
-1174
-1021
-872
-730
-597
-473
-360
-256
-163
-78
-3
64
124
178
226
268
304
336
363
385
402
415
422
424
421
413
401
386
368
349
330
312
297
285
278
276
279
287
299
316
335
356
377
396
413
426
433
434
428
414
394
368
337
303
267
231
197
167
142
122
108
100
96
97
101
106
110
114
114
112
105
94
79
61
41
20
1
-15
-28
-37
-40
-38
-31
-21
-9
3
13
18
16
6
-14
-47
-92
-149
-219
-300
-391
-490
-595
-703
-810
-914
-1010
-1095
-1165
-1217
-1247
-1252
-1232
-1185
-1112
-1015
-896
-758
-606
-444
-278
-111
49
201
341
465
573
663
735
791
831
860
879
892
902
913
926
943
965
991
1018
1042
1060
1066
1055
1021
961
871
750
597
416
210
-14
-252
-495
-733
-960
-1165
-1343
-1485
-1587
-1645
-1658
-1626
-1552
-1438
-1292
-1119
-928
-726
-522
-322
-134
39
194
329
445
543
627
698
762
820
877
934
992
1051
1111
1170
1224
1272
1309
1334
1341
1330
1299
1247
1174
1081
971
846
710
566
418
269
122
-19
-155
-282
-400
-507
-604
-689
-763
-827
-879
-921
-954
-980
-998
-1012
-1023
-1031
-1038
-1044
-1049
-1053
-1053
-1049
-1039
-1020
-991
-950
-897
-832
-754
-664
-564
-455
-340
-221
-99
22
144
263
379
492
602
707
810
908
1003
1094
1180
1259
1330
1392
1442
1478
1498
1501
1485
1448
1390
1312
1213
1096
962
813
653
484
311
137
-33
-197
-350
-490
-612
-715
-798
-859
-898
-917
-917
-902
-875
-839
-798
-757
-718
-684
-656
-637
-624
-618
-616
-616
-615
-611
-600
-581
-551
-511
-460
-399
-332
-261
-191
-126
-70
-29
-7
-6
-30
-78
-150
-245
-358
-486
-621
-759
-892
-1013
-1116
-1195
-1245
-1262
-1243
-1187
-1094
-964
-800
-605
-383
-138
122
394
671
947
1214
1466
1698
1904
2080
2222
2328
2396
2425
2417
2374
2296
2189
2054
1898
1724
1536
1338
1135
929
722
516
311
107
-94
-295
-496
-695
-892
-1084
-1268
-1441
-1597
-1732
-1843
-1924
-1973
-1989
-1972
-1922
-1842
-1736
-1609
-1467
-1314
-1157
-1002
-851
-710
-581
-464
-361
-270
-190
-118
-54
6
66
126
188
255
325
401
481
564
650
735
819
900
976
1044
1103
1152
1189
1214
1224
1219
1199
1164
1113
1047
968
877
777
668
556
441
327
215
109
10
-81
-164
-240
-308
-370
-425
-475
-520
-563
-602
-640
-677
-713
-749
-785
-823
-862
-903
-944
-985
-1024
-1060
-1090
-1111
-1122
-1120
-1103
-1068
-1015
-942
-849
-736
-603
-452
-284
-100
95
299
508
717
921
1116
1295
1455
1592
1701
1780
1828
1844
1829
1784
1713
1619
1505
1378
1240
1098
955
815
682
557
443
340
248
166
93
26
-34
-94
-153
-213
-276
-342
-411
-482
-555
-628
-700
-769
-835
-897
-953
-1005
-1051
-1092
-1130
-1165
-1198
-1230
-1262
-1293
-1323
-1349
-1372
-1387
-1394
-1388
-1369
-1333
-1280
-1209
-1120
-1016
-897
-768
-631
-490
-349
-212
-80
43
158
264
362
454
542
628
713
800
889
979
1070
1158
1242
1317
1381
1431
1464
1479
1475
1453
1413
1357
1286
1202
1106
999
884
760
628
490
347
202
57
-84
-218
-339
-444
-527
-586
-618
-619
-592
-535
-453
-347
-224
-89
52
194
331
456
565
655
721
764
781
776
750
708
653
592
528
467
412
366
330
304
286
272
260
244
220
185
135
69
-13
-113
-228
-355
-492
-635
-781
-927
-1071
-1210
-1343
-1468
-1583
-1689
-1784
-1867
-1938
-1997
-2041
-2071
-2084
-2080
-2058
-2015
-1951
-1866
-1759
-1632
-1485
-1321
-1142
-952
-752
-547
-339
-129
78
286
492
696
901
1105
1310
1515
1717
1915
2104
2280
2437
2570
2672
2740
2769
2758
2705
2612
2480
2314
2118
1896
1655
1400
1137
869
601
338
83
-160
-391
-606
-801
-976
-1126
-1251
-1347
-1413
-1448
-1450
-1420
-1358
-1267
-1149
-1009
-852
-682
-508
-334
-167
-13
125
244
340
413
464
492
500
492
470
440
407
375
350
337
340
362
406
472
559
661
775
892
1004
1101
1175
1216
1219
1176
1086
948
764
539
278
-10
-318
-634
-950
-1257
-1546
-1809
-2041
-2237
-2393
-2506
-2576
-2600
-2580
-2517
-2412
-2268
-2088
-1877
-1638
-1379
-1104
-823
-541
-267
-8
227
436
611
749
849
910
935
925
885
820
735
634
524
408
291
175
64
-40
-136
-223
-300
-368
-425
-473
-512
-543
-566
-582
-589
-589
-580
-562
-534
-497
-450
-394
-331
-262
-191
-120
