-837
-868
-884
-879
-849
-790
-702
-584
-439
-270
-83
114
318
518
709
883
1036
1162
1261
1330
1371
1383
1370
1334
1277
1204
1115
1015
905
787
664
538
410
284
162
47
-57
-150
-227
-289
-332
-359
-369
-366
-354
-338
-322
-314
-319
-341
-385
-451
-540
-648
-770
-898
-1022
-1130
-1210
-1252
-1244
-1179
-1051
-859
-604
-292
67
462
877
1297
1703
2080
2411
2682
2882
3002
3038
2989
2856
2646
2367
2029
1645
1230
797
362
-62
-463
-829
-1151
-1421
-1633
-1786
-1877
-1909
-1885
-1811
-1693
-1540
-1361
-1164
-961
-760
-570
-399
-253
-140
-62
-22
-19
-54
-121
-215
-331
-461
-597
-733
-861
-976
-1075
-1154
-1213
-1251
-1269
-1268
-1250
-1217
-1169
-1108
-1035
-953
-860
-759
-649
-532
-408
-277
-140
2
149
299
450
601
747
887
1018
1136
1239
1325
1393
1443
1477
1495
1501
1496
1484
1466
1444
1417
1385
1345
1295
1231
1150
1047
920
768
590
388
164
-76
-328
-582
-832
-1069
-1283
-1467
-1614
-1718
-1776
-1786
-1747
-1661
-1533
-1365
-1166
-939
-693
-432
-162
112
388
663
936
1205
1469
1724
1969
2198
2407
2589
2739
2849
2913
2929
2891
2798
2651
2450
2200
1904
1568
1198
803
391
-26
-441
-842
-1218
-1560
-1861
-2113
-2314
-2461
-2556
-2601
-2600
-2560
-2487
-2387
-2268
-2135
-1995
-1853
-1715
-1583
-1463
-1355
-1263
-1187
-1127
-1082
-1051
-1030
-1015
-1003
-987
-963
-923
-863
-779
-665
-520
-343
-136
97
353
624
902
1178
1444
1689
1907
2091
2236
2339
2399
2418
2399
2345
2263
2159
2039
1910
1775
1641
1510
1385
1267
1156
1053
957
867
781
699
618
537
454
366
271
168
56
-67
-201
-345
-497
-654
-813
-970
-1119
-1257
-1377
-1476
-1550
-1598
-1617
-1610
-1577
-1523
-1450
-1364
-1271
-1175
-1080
-991
-910
-839
-778
-726
-681
-641
-603
-565
-524
-477
-424
-364
-298
-227
-154
-81
-12
49
102
143
171
185
186
175
154
127
97
67
42
24
16
21
39
69
113
167
230
298
370
442
511
574
629
674
707
728
737
734
721
699
670
637
601
565
530
497
468
441
416
392
366
338
303
260
205
139
58
-34
-140
-256
-379
-505
-629
-747
-855
-948
-1025
-1083
-1121
-1138
-1134
-1110
-1067
-1006
-929
-838
-733
-618
-494
-364
-229
-94
39
168
289
399
496
578
642
686
709
709
684
633
555
449
317
160
-18
-215
-424
-639
-851
-1053
-1235
-1389
-1508
-1586
-1616
-1596
-1522
-1394
-1214
-983
-706
-388
-36
341
735
1137
1536
1922
2285
2616
2906
3147
3333
3459
3520
3515
3443
3303
3100
2836
2518
2155
1756
1332
895
457
32
-370
-739
-1067
-1348
-1578
-1755
-1878
-1951
-1977
-1961
-1909
-1828
-1726
-1610
-1487
-1366
-1251
-1149
-1063
-995
-947
-917
-903
-902
-909
-919
-927
-929
-920
-897
-857
-799
-724
-631
-523
-402
-271
-132
10
154
296
433
562
681
787
878
953
1010
1048
1068
1069
1051
1017
967
905
832
752
669
586
507
434
371
319
279
250
233
224
220
218
214
205
188
162
125
78
23
-37
-101
-163
-219
-266
-301
-321
-326
-315
-289
-251
-203
-149
-93
-37
12
56
89
112
124
124
113
94
69
38
5
-28
-62
-93
-123
-149
-174
-197
-218
-240
-260
-281
-301
-320
-337
-351
-361
-367
-369
-367
-362
-356
-350
-347
-349
-358
-376
-404
-441
-488
-544
-605
-670
-735
-796
-848
-890
-915
-923
-910
-876
-821
-746
-655
-549
-434
-314
-194
-77
31
130
217
292
354
405
447
481
509
535
558
581
602
623
642
658
669
673
668
652
624
584
531
466
390
306
216
125
35
-47
-121
-182
-226
-252
-259
-245
-213
-163
-99
-24
59
146
233
316
391
455
505
540
558
558
542
508
460
398
327
249
166
84
5
-67
-132
-186
-228
-259
-277
-284
-283
-275
-263
-252
-243
-240
-246
-263
-292
-336
-393
-463
-544
-633
-728
-824
-918
-1005
-1080
-1141
-1185
-1209
-1211
-1192
-1152
-1090
-1009
-910
-793
-659
-510
-345
-166
27
234
453
681
915
1152
1387
1616
1833
2033
2212
2365
2490
2582
2641
2665
2657
2616
2546
2450
2331
2193
2041
1877
1706
1530
1352
1173
994
817
641
467
294
122
-47
-215
-380
-541
-695
-841
-976
-1098
-1205
-1295
-1369
-1425
-1465
-1492
-1507
-1515
-1518
-1520
-1525
-1533
-1549
-1571
-1602
-1638
-1678
-1720
-1758
-1789
-1807
-1808
-1789
-1745
-1675
-1577
-1452
-1303
-1131
-941
-737
-524
-308
-92
116
317
504
678
834
973
1094
1196
1279
1342
1386
1410
1413
1397
1360
1303
1227
1134
1026
906
777
643
508
376
252
139
40
-41
-105
-151
-179
-190
-186
-170
-146
-117
-87
-58
-33
-14
-4
0
-5
-15
-29
-45
-59
-67
-67
-56
-31
10
68
144
235
341
458
583
710
835
954
1060
1148
1216
1258
1272
1256
1209
1131
1024
891
734
558
367
164
-45
-257
-471
-682
-890
-1093
-1289
-1478
-1659
-1830
-1989
-2135
-2264
-2373
-2460
-2519
-2549
-2546
-2507
-2432
-2319
-2168
-1982
-1763
-1515
-1245
-958
-662
-364
-72
208
469
707
918
1101
1255
1380
1481
1558
1617
1659
1689
1708
1717
1716
1704
1680
1641
1586
1513
1420
1308
1178
1030
869
697
519
339
159
-14
-180
-337
-482
-615
-737
-848
-949
-1043
-1129
-1210
-1286
-1358
-1425
-1487
-1541
-1587
-1623
-1644
-1650
-1637
-1603
-1546
-1465
-1358
-1226
-1069
-890
-691
-476
-248
-13
225
461
692
913
1123
1320
1504
1675
1835
1988
2134
2277
2418
2557
2692
2822
2941
3043
3122
3169
3178
3141
3053
2908
2705
2444
2127
1760
1349
904
436
-40
-515
-973
-1404
-1795
-2139
-2428
-2657
-2826
-2934
-2983
-2979
-2926
-2831
-2699
-2538
-2354
-2152
-1937
-1712
-1481
-1245
-1007
-768
-529
-293
-61
164
380
585
774
945
1096
1224
1329
1408
1463
1494
1502
1487
1452
1398
1327
1239
1137
1021
893
755
608
455
298
139
-18
-171
-318
-456
-583
-697
-798
-885
-958
-1016
-1061
-1093
-1113
-1121
-1117
-1102
-1077
-1041
-996
-941
-877
-805
-726
-641
-552
-460
-366
-273
-180
-91
-4
78
156
230
298
362
419
470
514
549
573
586
586
573
546
506
454
392
325
254
186
124
73
35
15
14
33
71
125
195
274
359
446
528
602
664
711
739
749
739
710
664
603
529
445
353
258
160
63
-32
-125
-216
-304
-390
-474
-557
-639
-719
-798
-874
-945
-1010
-1067
-1114
-1148
-1169
-1173
-1161
-1132
-1086
-1024
-948
-859
-761
-657
-551
-447
-350
-262
-188
-130
-89
-64
-56
-61
-76
-97
-118
-135
-143
-138
-116
-76
-17
58
149
251
359
468
573
669
752
818
865
892
899
887
859
818
766
708
646
585
525
470
419
373
332
295
260
227
193
159
122
82
39
-6
-55
-107
-159
-212
-263
-311
-356
-395
-429
-456
-477
-492
-501
-507
-509
-509
-509
-509
-508
-509
-509
-508
-505
-498
-485
-464
-433
-391
-336
-267
-183
-84
29
157
297
449
608
770
932
1087
1230
1354
1453
1521
1552
1543
1492
1397
1260
1085
879
647
400
148
-99
-330
-537
-709
-839
-924
-959
-946
-886
-785
-648
-484
-303
-115
71
247
404
535
635
700
730
724
683
609
506
376
224
54
-130
-323
-521
-718
-909
-1087
-1247
-1383
-1489
-1560
-1593
-1584
-1532
-1438
-1304
-1133
-931
-705
-463
-214
32
266
479
662
810
917
983
1007
993
946
873
781
680
576
478
392
321
268
233
215
210
215
223
228
227
214
187
144
86
15
-62
-143
-220
-287
-337
-366
-371
-349
-301
-229
-137
-29
87
208
327
438
536
618
681
724
747
752
741
717
683
642
597
549
500
450
399
345
286
220
147
63
-30
-134
-248
-370
-496
-624
-748
-864
-967
-1053
-1118
-1159
-1173
-1160
-1120
-1055
-967
-859
-738
-607
-473
-340
-214
-98
2
86
152
201
232
247
250
243
231
216
202
194
192
200
218
246
283
326
373
420
463
499
523
533
527
504
464
408
338
259
173
85
0
-78
-148
-205
-248
-276
-290
-290
-280
-262
-239
-214
-190
-171
-157
-151
-151
-156
-166
-176
-186
-191
-189
-179
-161
-134
-100
-62
-24
9
35
48
46
25
-16
-79
-161
-262
-378
-503
-632
-760
-879
-983
-1065
-1120
-1143
-1132
-1085
-1002
-884
-734
-554
-350
-123
120
379
650
929
1215
1502
1788
2065
2328
2567
2773
2937
3048
3097
3078
2985
2817
2576
2268
1901
1489
1046
587
131
-306
-711
-1069
-1370
-1607
-1778
-1884
-1927
-1918
-1864
-1778
-1672
-1558
-1449
-1354
-1280
-1232
-1212
-1219
-1248
-1295
-1352
-1410
-1461
-1498
-1513
-1502
-1461
-1388
-1285
-1153
-996
-819
-627
-427
-225
-27
163
340
501
643
765
866
947
1009
1053
1080
1093
1094
1082
1059
1026
982
927
861
784
697
600
495
386
274
165
61
-31
-109
-169
-208
-224
-215
-182
-127
-52
37
139
248
358
465
564
651
724
781
820
844
851
844
823
791
748
696
636
568
493
411
324
233
139
45
-47
-136
-218
-290
-351
-398
-430
-447
-449
-439
-419
-393
-363
-336
-314
-301
-302
-317
-349
-396
-457
-530
-610
-694
-776
-852
-916
-965
-996
-1005
-992
-957
-899
-822
-727
-620
-503
-381
-258
-139
-26
76
167
246
313
367
411
446
473
495
512
527
540
550
559
565
568
566
560
547
528
502
469
428
380
325
264
197
127
53
-21
-96
-168
-237
-301
-357
-406
-445
-475
-495
-507
-510
-506
-496
-480
-461
-438
-411
-381
-347
-309
-266
-218
-164
-104
-39
29
100
173
245
314
378
434
481
518
543
558
561
555
540
518
491
460
427
392
357
323
289
256
223
191
159
126
93
59
24
-11
-48
-86
-125
-164
-203
-242
-280
-317
-353
-385
-415
-441
-463
-479
-490
-496
-496
-490
-479
-463
-443
-418
-390
-358
-323
-284
-243
-198
-151
-100
-47
8
66
125
185
245
303
359
409
453
488
511
521
515
491
449
387
305
206
88
-43
-188
-342
-501
-662
-820
-970
-1106
-1223
-1314
-1376
-1402
-1390
-1337
-1242
-1108
-936
-731
-502
-256
-2
248
487
702
886
1031
1132
1184
1188
1147
1064
949
812
663
517
386
284
220
204
241
334
482
679
917
1184
1466
1747
2009
2237
2416
2531
2575
2540
2424
2229
1962
1630
1248
828
387
-58
-494
-906
-1282
-1612
-1889
-2110
-2273
-2380
-2436
-2445
-2414
-2351
-2263
-2157
-2040
-1915
-1787
-1659
-1532
-1406
-1282
-1157
-1032
-906
-777
-646
-512
-376
-238
-101
33
164
290
409
520
621
712
793
862
920
967
1003
1029
1044
1049
1044
1029
1006
975
936
893
846
796
748
701
658
620
588
561
540
522
506
491
473
452
426
394
354
308
256
199
138
75
11
-52
-114
-173
-229
-281
-329
-374
-414
-450
-482
-509
-532
-550
-563
-572
-575
-574
-569
-561
-550
-538
-525
-515
-507
-504
-507
-516
-532
-555
-583
-616
-652
-688
-724
-756
-784
-805
-819
-824
-822
-811
-793
-768
-737
-703
-666
-629
-593
-560
-531
-508
-491
-481
-477
-477
-480
-484
-484
-480
-465
-437
-393
-327
-237
-120
25
200
405
637
893
1168
1454
1744
2029
2298
2544
2756
2926
3048
3116
3128
3084
2985
2836
2644
2417
2165
1897
1623
1351
1088
