-1452
-1251
-1051
-858
-676
-508
-356
-222
-106
-5
78
149
208
255
291
316
330
332
320
295
256
204
141
70
-6
-84
-159
-228
-287
-334
-368
-390
-400
-400
-394
-383
-373
-365
-362
-367
-379
-400
-429
-463
-502
-542
-581
-615
-641
-656
-658
-645
-614
-566
-499
-414
-311
-193
-61
81
233
391
550
708
860
1002
1132
1245
1338
1410
1458
1483
1482
1458
1412
1346
1263
1165
1056
940
818
694
570
447
327
210
96
-14
-125
-235
-347
-461
-579
-699
-821
-944
-1066
-1183
-1293
-1390
-1472
-1534
-1574
-1588
-1575
-1534
-1466
-1371
-1252
-1110
-951
-777
-593
-402
-209
-18
168
347
515
669
806
921
1013
1076
1108
1106
1068
994
884
743
577
395
206
22
-146
-287
-392
-453
-466
-430
-346
-221
-60
124
323
524
717
889
1033
1140
1205
1225
1197
1123
1005
850
661
448
219
-18
-257
-488
-705
-902
-1075
-1220
-1335
-1417
-1467
-1482
-1464
-1413
-1329
-1216
-1076
-913
-730
-533
-326
-114
98
307
509
699
876
1035
1175
1292
1385
1450
1486
1491
1463
1403
1310
1186
1032
852
649
429
197
-37
-270
-494
-700
-883
-1037
-1158
-1244
-1294
-1307
-1288
-1238
-1162
-1065
-952
-828
-697
-565
-434
-308
-188
-75
27
122
207
284
351
411
461
504
538
563
580
588
587
577
560
535
503
466
425
380
333
286
239
192
147
102
59
16
-25
-67
-108
-149
-190
-229
-266
-301
-334
-364
-391
-416
-441
-466
-493
-524
-561
-606
-658
-718
-785
-858
-934
-1010
-1083
-1148
-1200
-1236
-1251
-1242
-1207
-1143
-1048
-923
-768
-585
-376
-145
105
371
647
927
1205
1475
1728
1958
2155
2311
2419
2473
2467
2398
2267
2076
1832
1542
1219
876
528
192
-119
-390
-612
-774
-873
-907
-880
-798
-672
-513
-335
-153
18
168
287
366
402
394
346
261
149
17
-123
-266
-402
-524
-627
-708
-766
-801
-815
-811
-793
-765
-732
-696
-661
-630
-604
-586
-574
-569
-568
-571
-575
-575
-571
-559
-537
-503
-456
-397
-327
-246
-157
-62
35
136
236
335
431
525
615
702
785
864
939
1009
1072
1126
1170
1201
1218
1218
1200
1163
1107
1032
941
835
717
592
464
335
210
92
-15
-112
-197
-270
-333
-386
-432
-474
-513
-552
-592
-632
-670
-705
-733
-749
-748
-727
-681
-607
-506
-378
-225
-54
128
315
497
666
813
932
1016
1063
1070
1039
972
873
748
603
446
284
122
-33
-177
-308
-421
-516
-590
-643
-675
-685
-674
-642
-588
-515
-422
-313
-189
-54
87
229
367
493
603
689
746
773
766
726
656
558
438
302
156
7
-138
-275
-398
-506
-596
-666
-719
-754
-774
-783
-783
-777
-770
-763
-760
-761
-770
-785
-808
-836
-868
-904
-939
-972
-999
-1019
-1028
-1024
-1006
-971
-920
-852
-769
-673
-565
-450
-330
-211
-96
10
103
181
241
280
299
298
278
243
196
143
88
38
-1
-25
-29
-8
38
112
212
337
480
639
804
970
1129
1274
1397
1492
1556
1585
1577
1533
1454
1345
1211
1058
893
723
555
397
253
128
25
-55
-115
-154
-178
-190
-194
-195
-198
-205
-220
-243
-276
-317
-367
-422
-484
-549
-616
-686
-756
-825
-893
-958
-1016
-1065
-1101
-1122
-1123
-1102
-1057
-987
-893
-778
-644
-496
-338
-176
-16
138
283
414
529
626
706
768
815
849
874
892
909
926
946
970
999
1030
1061
1089
1109
1117
1108
1080
1029
955
857
737
598
442
276
102
-72
-243
-404
-552
-681
-787
-868
-921
-945
-939
-905
-844
-760
-657
-539
-412
-282
-154
-34
72
163
233
279
300
293
258
197
110
1
-127
-271
-423
-578
-730
-870
-994
-1094
-1165
-1203
-1205
-1168
-1093
-981
-835
-658
-458
-240
-13
215
437
645
832
991
1119
1212
1269
1288
1271
1221
1141
1035
910
770
624
476
333
201
85
-11
-85
-137
-164
-168
-150
-112
-59
7
84
167
252
337
418
493
558
611
651
675
684
674
647
602
539
459
361
249
123
-13
-157
-307
-456
-603
-743
-874
-991
-1093
-1179
-1248
-1299
-1334
-1353
-1356
-1346
-1322
-1285
-1234
-1171
-1094
-1002
-897
-777
-643
-498
-343
-181
-16
147
306
454
589
704
799
869
913
930
921
886
827
746
645
529
401
265
125
-14
-147
-269
-375
-461
-521
-553
-555
-526
-470
-388
-287
-173
-54
59
162
245
303
329
323
284
213
114
-7
-144
-289
-434
-572
-696
-798
-874
-920
-933
-912
-857
-770
-652
-509
-343
-158
38
244
452
659
858
1045
1212
1356
1471
1552
1596
1602
1569
1500
1398
1269
1120
957
789
622
462
315
184
71
-22
-98
-158
-204
-239
-265
-285
-302
-317
-331
-346
-362
-378
-394
-410
-425
-438
-450
-461
-472
-482
-492
-503
-514
-526
-539
-552
-563
-572
-578
-580
-576
-565
-547
-519
-483
-437
-382
-318
-247
-170
-88
-5
77
155
228
291
342
381
405
415
411
394
367
332
292
251
211
176
149
131
124
130
150
182
227
285
354
434
525
625
734
850
972
1097
1223
1345
1458
1558
1639
1693
1716
1700
1643
1540
1391
1197
960
687
385
63
-267
-597
-915
-1210
-1473
-1696
-1873
-2002
-2080
-2109
-2094
-2038
-1948
-1833
-1700
-1557
-1411
-1268
-1134
-1011
-901
-804
-719
-643
-574
-508
-442
-372
-298
-218
-131
-40
53
146
235
317
386
440
477
495
494
475
440
394
338
278
216
158
104
59
22
-4
-22
-30
-30
-21
-5
18
49
87
133
186
247
315
389
469
553
638
723
804
878
943
996
1036
1061
1068
1059
1031
985
920
837
735
616
480
329
164
-12
-197
-387
-578
-765
-943
-1106
-1249
-1367
-1455
-1511
-1533
-1522
-1477
-1404
-1305
-1187
-1055
-915
-773
-635
-504
-383
-275
-180
-96
-23
41
102
161
221
284
353
429
512
603
701
805
914
1025
1138
1249
1357
1457
1546
1621
1678
1714
1723
1703
1651
1565
1442
1284
1092
869
619
348
63
-227
-516
-794
-1052
-1284
-1482
-1642
-1761
-1835
-1866
-1854
-1803
-1714
-1595
-1448
-1282
-1100
-909
-715
-523
-338
-163
-2
140
264
369
452
515
557
580
584
571
542
499
443
375
298
212
119
21
-80
-182
-282
-377
-463
-537
-596
-636
-655
-650
-622
-570
-498
-409
-307
-199
-90
12
104
179
235
269
283
278
259
231
200
173
156
155
174
215
278
359
455
557
660
753
828
878
898
884
835
754
647
520
384
250
128
30
-33
-56
-32
39
158
317
510
723
944
1158
1349
1504
1610
1657
1640
1554
1403
1190
925
617
281
-71
-425
-769
-1090
-1380
-1631
-1838
-1998
-2111
-2178
-2200
-2180
-2123
-2031
-1910
-1764
-1597
-1413
-1217
-1014
-809
-607
-414
-235
-77
57
164
241
285
299
282
239
174
92
0
-97
-193
-282
-359
-418
-458
-475
-469
-440
-388
-316
-226
-122
-8
111
231
348
456
551
629
688
725
737
726
689
630
549
449
333
207
73
-60
-191
-314
-423
-515
-586
-634
-657
-652
-621
-563
-478
-367
-231
-72
108
307
522
747
978
1209
1431
1637
1818
1967
2077
2141
2156
2120
2035
1903
1730
1524
1293
1049
800
556
325
114
-71
-231
-362
-466
-546
-606
-650
-684
-711
-737
-764
-797
-837
-884
-939
-1001
-1068
-1137
-1207
-1274
-1337
-1392
-1439
-1475
-1501
-1515
-1519
-1511
-1493
-1465
-1426
-1377
-1317
-1247
-1166
-1074
-970
-853
-722
-578
-419
-245
-56
147
363
589
820
1052
1276
1486
1673
1829
1945
2016
2038
2008
1927
1797
1624
1416
1180
929
671
418
180
-35
-222
-374
-490
-570
-614
-627
-611
-573
-516
-445
-365
-279
-189
-98
-5
88
183
280
379
480
584
689
794
899
998
1091
1171
1236
1281
1302
1297
1262
1197
1103
980
832
663
478
281
79
-122
-320
-510
-687
-851
-999
-1130
-1245
-1343
-1424
-1488
-1535
-1565
-1576
-1568
-1541
-1495
-1429
-1345
-1244
-1129
-1002
-868
-729
-590
-455
-327
-208
-101
-6
75
145
203
252
294
329
361
390
418
443
465
484
497
503
499
484
456
413
356
286
202
108
6
-99
-206
-308
-402
-483
-546
-587
-603
-591
-548
-476
-373
-243
-90
80
262
447
626
792
935
1049
1127
1168
1169
1132
1063
966
850
724
597
476
370
282
217
176
156
155
168
188
211
228
235
226
199
152
85
1
-97
-206
-320
-434
-543
-641
-726
-795
-847
-881
-900
-906
-901
-889
-874
-858
-845
-835
-831
-830
-833
-838
-840
-838
-826
-803
-763
-706
-628
-529
-408
-268
-111
59
240
425
610
788
953
1099
1221
1315
1376
1402
1392
1346
1266
1156
1020
864
695
518
340
167
6
-139
-266
-370
-449
-501
-526
-524
-497
-448
-379
-295
-201
-104
-8
79
155
213
250
264
253
218
161
83
-9
-114
-225
-338
-446
-545
-630
-695
-737
-753
-740
-698
-627
-528
-404
-259
-97
73
247
418
578
721
840
932
994
1022
1018
983
919
830
721
596
460
319
177
37
-96
-223
-341
-448
-545
-630
-703
-763
-809
-839
-853
-849
-826
-783
-720
-638
-540
-429
-308
-183
-57
62
172
267
346
405
444
463
465
452
428
398
364
333
307
291
284
290
308
335
370
408
445
475
492
490
465
410
323
202
47
-137
-349
-580
-822
-1064
-1295
-1504
-1680
-1814
-1898
-1928
-1899
-1813
-1672
-1480
-1246
-979
-687
-382
-76
222
502
756
978
1162
1307
1413
1481
1516
1521
1504
1469
1422
1369
1312
1255
1198
1143
1089
1034
977
917
853
783
707
626
540
449
357
265
174
87
6
-67
-132
-190
-239
-281
-318
-352
-385
-419
-458
-502
-552
-608
-669
-735
-801
-867
-930
-986
-1033
-1071
-1095
-1107
-1104
-1085
-1051
-1002
-936
-855
-759
-648
-525
-390
-247
-97
53
204
349
485
607
712
795
855
888
893
869
817
738
634
508
364
208
44
-121
-284
-439
-580
-704
-810
-894
-956
-997
-1017
-1019
-1004
-975
-934
-882
-822
-753
-676
-591
-497
-393
-278
-150
-9
146
317
502
700
909
1126
1346
1564
1775
1974
2154
2309
2436
2531
2590
2613
2601
2553
2475
2368
2238
2089
1925
1752
1573
1389
1203
1014
824
630
431
227
17
-199
-421
-648
-878
-1108
-1333
-1552
-1758
-1948
-2117
-2261
-2375
-2457
-2504
-2515
-2489
-2428
-2333
-2209
-2061
-1893
-1713
-1526
-1338
-1156
-984
-827
-687
-565
-461
-374
-301
-239
-184
-133
-82
-29
28
92
162
238
318
400
482
561
635
701
758
804
838
861
873
874
865
848
824
794
759
721
680
637
591
543
491
436
376
311
241
165
83
-3
-93
-187
-281
-375
-466
-552
-630
-699
-756
-800
-829
-843
-840
-821
-787
-738
-675
-598
-510
-411
-302
-184
-56
79
221
369
519
670
818
958
1085
1193
1279
1336
1360
1350
1303
1220
1103
956
785
596
396
194
-3
-188
-355
-497
-611
-693
-742
-757
-740
-695
-624
-533
-426
-311
-191
-74
36
137
225
296
350
385
401
399
378
339
283
213
131
39
-58
-158
-256
-349
-431
-500
-553
-587
-603
-602
-585
-555
-519
-479
-443
-415
-401
-405
-432
-483
-561
-664
-792
-939
-1102
-1274
-1447
-1612
-1762
-1889
-1983
-2039
-2051
-2015
-1930
-1795
-1611
-1380
-1108
