-799
-458
-93
290
684
1081
1475
1856
2217
2549
2845
3095
3293
3433
3509
3517
3457
3331
3140
2892
2595
2259
1894
1514
1128
750
387
49
-257
-530
-767
-967
-1131
-1261
-1361
-1432
-1477
-1498
-1495
-1470
-1423
-1354
-1263
-1151
-1019
-869
-704
-529
-348
-167
8
174
324
454
562
645
705
740
754
747
722
681
626
558
478
387
286
176
59
-61
-183
-304
-419
-524
-616
-692
-750
-787
-804
-802
-782
-745
-696
-638
-573
-506
-440
-378
-323
-277
-242
-219
-210
-213
-229
-255
-290
-332
-376
-420
-459
-490
-509
-514
-503
-473
-423
-353
-263
-156
-32
104
251
405
561
717
868
1011
1144
1265
1371
1462
1539
1600
1648
1683
1705
1715
1713
1700
1674
1634
1578
1504
1410
1293
1153
988
798
586
353
102
-160
-431
-704
-973
-1232
-1476
-1701
-1900
-2072
-2212
-2319
-2390
-2427
-2427
-2392
-2324
-2224
-2095
-1939
-1760
-1563
-1351
-1129
-901
-672
-446
-227
-20
172
347
504
641
757
854
931
991
1036
1068
1091
1106
1116
1123
1127
1128
1126
1121
1110
1092
1065
1028
980
920
848
765
671
569
459
344
226
106
-12
-128
-241
-350
-452
-548
-636
-716
-788
-850
-902
-942
-970
-984
-985
-971
-944
-904
-852
-791
-724
-652
-580
-508
-440
-375
-316
-261
-210
-160
-112
-64
-14
37
91
146
202
256
309
358
401
439
470
494
512
523
528
529
525
519
511
502
493
483
473
463
452
441
429
416
403
390
379
369
360
353
345
335
319
294
257
205
135
46
-61
-186
-323
-470
-618
-762
-893
-1006
-1094
-1153
-1179
-1171
-1129
-1056
-955
-830
-687
-532
-369
-203
-39
119
271
414
548
671
783
883
969
1040
1093
1127
1140
1128
1092
1031
946
838
710
566
410
248
84
-77
-233
-381
-517
-642
-754
-854
-943
-1020
-1087
-1142
-1188
-1221
-1242
-1248
-1239
-1211
-1165
-1097
-1009
-898
-767
-616
-448
-266
-76
119
314
502
680
841
982
1099
1190
1252
1286
1291
1269
1221
1150
1058
948
824
688
544
395
244
94
-50
-187
-314
-427
-523
-599
-653
-683
-689
-668
-624
-556
-467
-360
-240
-110
26
164
300
430
551
661
757
838
903
949
978
987
977
948
899
830
742
634
508
366
211
45
-125
-296
-461
-614
-748
-857
-937
-984
-997
-974
-918
-832
-722
-594
-454
-309
-168
-35
82
181
259
314
345
353
340
308
261
202
134
61
-13
-87
-158
-224
-282
-333
-376
-410
-435
-451
-460
-460
-453
-439
-418
-391
-357
-317
-273
-224
-172
-119
-67
-16
28
67
97
116
122
114
92
55
4
-59
-133
-217
-304
-393
-477
-552
-613
-655
-675
-671
-639
-582
-499
-394
-271
-134
12
162
312
457
594
721
834
934
1018
1087
1139
1173
1188
1181
1152
1097
1016
908
772
611
427
225
10
-210
-431
-644
-841
-1016
-1163
-1276
-1351
-1385
-1376
-1322
-1223
-1081
-897
-677
-425
-147
148
452
757
1051
1326
1573
1785
1954
2076
2149
2171
2144
2069
1951
1794
1605
1388
1151
901
644
387
135
-104
-326
-527
-703
-852
-971
-1061
-1124
-1160
-1174
-1168
-1148
-1115
-1076
-1032
-988
-945
-904
-868
-835
-806
-780
-756
-734
-711
-687
-662
-634
-605
-573
-541
-509
-478
-449
-424
-403
-387
-375
-367
-363
-361
-360
-359
-355
-347
-335
-316
-290
-256
-212
-159
-95
-20
66
163
270
385
505
629
752
870
980
1078
1161
1225
1271
1296
1302
1288
1258
1212
1155
1087
1012
931
845
756
663
566
466
361
253
140
25
-91
-209
-326
-439
-547
-648
-738
-817
-883
-932
-964
-978
-973
-950
-908
-849
-774
-687
-589
-483
-374
-263
-155
-51
44
131
206
269
317
351
370
374
364
342
309
268
221
172
124
79
40
10
-10
-20
-21
-13
0
17
36
52
62
64
57
39
11
-26
-72
-122
-176
-229
-278
-322
-357
-383
-398
-403
-397
-382
-358
-328
-294
-258
-221
-186
-153
-124
-100
-80
-63
-50
-39
-29
-19
-8
4
18
33
50
66
81
93
101
105
103
96
83
65
43
19
-6
-32
-57
-79
-97
-111
-119
-121
-118
-109
-94
-75
-50
-22
8
42
78
115
153
192
230
268
306
343
378
411
442
469
492
509
520
523
517
501
474
436
388
330
262
188
108
27
-52
-127
-194
-250
-292
-320
-332
-329
-312
-283
-244
-199
-150
-101
-53
-8
31
64
92
114
130
141
148
150
149
145
138
128
116
101
83
63
40
15
-11
-40
-70
-101
-133
-166
-199
-233
-268
-304
-341
-379
-416
-452
-486
-517
-543
-561
-572
-572
-560
-536
-498
-446
-380
-299
-203
-94
26
158
297
441
584
723
852
964
1053
1115
1144
1137
1091
1006
883
727
543
337
117
-107
-327
-535
-723
-883
-1010
-1100
-1149
-1159
-1128
-1060
-959
-829
-675
-505
-325
-142
37
208
364
502
617
706
768
803
809
788
743
674
585
480
363
237
106
-23
-150
-270
-379
-475
-556
-621
-667
-694
-700
-687
-653
-598
-523
-430
-318
-192
-52
96
250
405
555
695
819
922
999
1045
1058
1034
974
878
750
592
410
211
2
-207
-411
-600
-767
-905
-1009
-1075
-1101
-1087
-1034
-946
-827
-684
-523
-352
-179
-11
143
280
394
480
536
563
559
528
470
391
295
184
65
-56
-176
-290
-392
-476
-538
-575
-583
-560
-507
-423
-311
-177
-24
139
307
470
621
751
854
923
954
946
898
813
697
556
400
238
80
-63
-185
-277
-337
-361
-352
-313
-248
-164
-70
25
117
196
257
295
307
293
252
186
99
-4
-120
-243
-367
-487
-598
-695
-773
-831
-865
-873
-855
-811
-740
-645
-527
-389
-235
-69
106
286
467
645
817
978
1126
1257
1369
1457
1520
1553
1555
1523
1455
1353
1217
1051
858
645
418
185
-45
-267
-472
-654
-807
-928
-1016
-1070
-1092
-1086
-1056
-1009
-949
-883
-817
-754
-700
-656
-622
-599
-586
-580
-578
-578
-577
-572
-561
-543
-517
-481
-437
-385
-325
-259
-188
-112
-33
47
130
212
294
374
452
526
595
659
717
767
808
841
865
878
881
872
853
821
777
721
653
574
485
388
283
173
61
-51
-161
-267
-365
-453
-531
-596
-648
-687
-714
-731
-740
-743
-745
-747
-754
-767
-789
-821
-862
-912
-969
-1028
-1087
-1141
-1184
-1213
-1221
-1207
-1165
-1095
-996
-866
-708
-523
-315
-87
154
406
661
914
1159
1390
1601
1786
1942
2064
2150
2199
2209
2181
2117
2021
1895
1746
1578
1400
1216
1035
862
704
565
447
352
279
226
188
161
140
117
87
46
-9
-84
-178
-291
-421
-563
-715
-870
-1023
-1167
-1298
-1410
-1499
-1562
-1598
-1606
-1588
-1544
-1480
-1398
-1304
-1203
-1100
-1001
-910
-830
-765
-715
-680
-659
-650
-649
-651
-651
-647
-632
-603
-557
-492
-407
-303
-181
-43
106
265
427
589
745
892
1027
1146
1247
1330
1394
1439
1467
1480
1478
1464
1439
1405
1361
1310
1251
1185
1110
1028
938
841
736
626
512
395
277
161
49
-55
-152
-238
-312
-373
-420
-455
-476
-486
-487
-480
-468
-453
-437
-423
-412
-404
-401
-403
-408
-416
-426
-437
-446
-453
-457
-458
-454
-447
-436
-423
-408
-392
-378
-364
-354
-345
-340
-338
-338
-339
-340
-341
-339
-334
-323
-307
-284
-254
-217
-173
-124
-72
-17
36
87
134
175
208
232
247
252
250
239
223
203
181
159
138
119
105
95
90
88
89
92
94
93
89
78
60
34
0
-42
-90
-144
-199
-254
-306
-351
-386
-410
-420
-415
-395
-359
-309
-246
-171
-87
1
94
188
278
362
438
501
549
580
593
585
557
508
441
355
256
145
28
-90
-206
-315
-410
-489
-549
-587
-603
-598
-573
-532
-478
-416
-349
-284
-222
-168
-124
-92
-71
-62
-62
-69
-79
-89
-95
-92
-78
-49
-3
60
141
238
348
466
588
707
817
912
986
1035
1054
1041
996
919
813
683
532
368
197
25
-140
-294
-432
-550
-645
-714
-758
-778
-774
-748
-705
-645
-574
-494
-409
-322
-237
-156
-81
-15
41
87
123
149
166
175
178
175
170
163
156
150
147
148
152
161
175
195
219
249
284
323
367
413
461
510
558
603
644
678
703
719
724
717
698
665
621
565
497
420
335
242
144
42
-62
-167
-271
-374
-472
-566
-653
-733
-803
-862
-911
-946
-969
-979
-975
-957
-928
-886
-834
-772
-703
-627
-547
-464
-380
-296
-214
-134
-58
13
79
141
197
246
290
326
355
377
391
396
395
386
371
352
330
306
284
264
249
240
237
241
252
268
288
308
327
342
349
347
332
304
261
204
133
50
-42
-142
-245
-348
-446
-537
-615
-680
-726
-752
-756
-737
-691
-620
-523
-402
-258
-95
83
270
460
646
820
975
1104
1201
1262
1284
1265
1207
1114
990
841
675
500
323
152
-6
-148
-270
-369
-445
-499
-533
-549
-550
-539
-518
-490
-456
-418
-375
-328
-277
-222
-162
-98
-31
38
108
175
237
290
330
356
364
352
320
268
196
107
4
-109
-229
-351
-471
-584
-685
-773
-843
-894
-924
-933
-921
-888
-838
-772
-693
-604
-509
-411
-314
-220
-133
-54
13
71
117
152
176
190
195
193
185
173
158
143
127
114
105
101
103
112
130
156
192
237
290
351
418
490
564
639
711
777
834
878
906
916
906
875
823
751
662
559
448
332
217
107
7
-78
-150
-205
-243
-265
-274
-271
-260
-244
-226
-209
-194
-184
-180
-181
-189
-201
-218
-237
-258
-279
-299
-317
-334
-347
-358
-366
-371
-374
-374
-372
-368
-361
-352
-340
-325
-307
-286
-262
-236
-208
-178
-149
-122
-97
-77
-62
-54
-54
-62
-77
-100
-128
-161
-197
-233
-268
-299
-326
-345
-356
-357
-347
-327
-296
-256
-207
-151
-91
-29
32
91
144
189
225
251
266
270
265
252
233
209
184
158
135
116
101
92
88
89
94
102
111
121
130
137
142
143
141
136
128
119
107
95
81
66
50
31
8
-18
-50
-88
-132
-181
-234
-289
-343
-392
-433
-462
-474
-468
-439
-388
-314
-219
-105
21
157
297
433
561
675
769
840
886
905
898
865
809
734
645
546
443
341
244
155
79
16
-31
-65
-86
-95
-96
-89
-78
-65
-53
-42
-34
-31
-34
-41
-55
-74
-98
-128
-162
-200
-242
-287
-334
-383
-433
-484
-533
-579
-622
-657
-684
-701
-704
-693
-665
-619
-554
-469
-365
-243
-104
48
211
379
547
708
856
983
1085
1156
1192
1192
1155
1084
982
853
704
542
372
202
39
-112
-248
-362
-453
-519
-558
-573
-563
-532
-483
-420
-346
-265
-182
-100
-22
50
114
169
215
250
275
290
296
292
281
262
237
205
169
128
84
38
-9
-58
-106
-152
-195
-234
-268
-294
-313
-323
-324
-317
-300
-276
-244
-208
-168
-125
-83
-42
-4
29
57
80
96
105
107
103
93
76
55
29
0
-31
-62
-93
-120
-144
-161
-171
-174
-168
-153
-131
-102
-67
-28
11
52
91
125
155
178
194
203
206
202
192
178
161
141
