109
172
233
290
346
401
456
512
570
628
689
749
808
864
915
958
991
1010
1015
1002
971
923
857
776
681
575
460
338
213
87
-39
-162
-282
-395
-501
-599
-686
-761
-824
-875
-912
-938
-953
-959
-960
-956
-951
-948
-948
-952
-961
-974
-992
-1012
-1032
-1051
-1066
-1076
-1076
-1067
-1045
-1009
-956
-887
-800
-693
-568
-424
-262
-84
109
314
528
748
969
1186
1395
1591
1768
1923
2050
2147
2211
2240
2233
2192
2116
2010
1875
1715
1534
1337
1128
913
694
476
264
59
-135
-317
-486
-640
-780
-905
-1014
-1109
-1187
-1249
-1294
-1323
-1335
-1332
-1314
-1284
-1245
-1200
-1156
-1117
-1088
-1076
-1085
-1121
-1187
-1284
-1412
-1570
-1752
-1953
-2163
-2372
-2568
-2738
-2870
-2951
-2970
-2919
-2792
-2584
-2294
-1926
-1484
-975
-409
203
849
1516
2187
2847
3481
4073
4607
5070
5450
5738
5927
6017
6008
5908
5727
5476
5172
4830
4464
4087
3710
3340
2981
2633
2293
1958
1620
1273
912
532
131
-291
-734
-1190
-1654
-2116
-2565
-2991
-3382
-3729
-4023
-4256
-4425
-4527
-4562
-4534
-4446
-4306
-4120
-3898
-3647
-3376
-3093
-2804
-2516
-2233
-1960
-1699
-1453
-1222
-1007
-809
-626
-459
-306
-165
-36
84
198
307
411
514
615
715
814
910
1003
1091
1171
1243
1304
1352
1386
1406
1412
1403
1382
1349
1307
1258
1205
1149
1095
1044
997
955
920
892
869
850
834
819
803
783
760
730
693
650
599
543
483
419
355
290
228
170
117
69
26
-10
-43
-74
-102
-130
-160
-194
-231
-275
-324
-380
-442
-509
-579
-651
-722
-789
-851
-904
-946
-975
-989
-988
-971
-939
-893
-834
-766
-691
-612
-532
-455
-384
-320
-267
-224
-194
-175
-168
-172
-186
-207
-235
-267
-302
-337
-371
-402
-429
-451
-467
-476
-477
-470
-452
-423
-383
-329
-262
-181
-87
19
137
262
393
524
650
769
873
960
1026
1068
1084
1072
1033
969
880
769
640
496
341
179
14
-150
-310
-462
-602
-727
-836
-924
-993
-1040
-1066
-1072
-1061
-1034
-994
-945
-889
-830
-769
-708
-648
-588
-528
-466
-399
-326
-243
-149
-43
75
205
346
493
644
794
938
1071
1189
1288
1365
1418
1445
1447
1424
1380
1316
1237
1145
1046
941
836
733
635
544
461
388
324
269
223
185
154
129
107
88
69
50
30
6
-20
-52
-89
-130
-177
-227
-282
-340
-399
-459
-518
-575
-627
-673
-711
-739
-754
-756
-743
-714
-669
-607
-530
-440
-338
-228
-114
0
111
214
305
380
436
472
487
480
454
410
353
285
213
138
68
4
-50
-91
-120
-135
-137
-128
-109
-84
-55
-24
5
32
54
69
78
79
72
59
40
15
-12
-43
-74
-106
-135
-162
-185
-203
-217
-226
-230
-229
-224
-216
-204
-190
-173
-154
-133
-108
-81
-50
-16
22
65
112
161
214
267
320
371
419
462
498
525
543
549
542
521
486
436
371
293
203
104
0
-108
-214
-314
-403
-477
-534
-570
-584
-575
-543
-491
-421
-337
-242
-143
-43
50
133
201
251
278
282
262
219
156
77
-15
-114
-216
-315
-406
-484
-548
-594
-622
-633
-627
-607
-576
-537
-493
-447
-403
-361
-323
-290
-261
-234
-208
-181
-151
-114
-70
-17
44
114
192
275
360
445
527
601
664
714
747
763
759
735
692
630
550
454
346
227
100
-32
-167
-303
-437
-568
-694
-814
-926
-1030
-1125
-1210
-1285
-1347
-1397
-1432
-1451
-1452
-1431
-1387
-1316
-1216
-1084
-919
-720
-486
-220
77
400
742
1098
1456
1808
2141
2446
2711
2925
3079
3166
3182
3123
2991
2791
2531
2224
1882
1522
1161
814
498
223
0
-167
-279
-338
-352
-331
-288
-236
-190
-161
-160
-195
-269
-384
-537
-724
-937
-1166
-1400
-1627
-1836
-2018
-2161
-2260
-2308
-2302
-2243
-2131
-1970
-1766
-1526
-1256
-966
-664
-358
-56
233
505
751
967
1148
1292
1395
1458
1482
1467
1419
1339
1235
1111
971
823
669
516
365
220
84
-41
-155
-256
-344
-418
-478
-523
-554
-571
-574
-564
-542
-509
-466
-414
-356
-293
-226
-158
-90
-23
39
97
148
191
224
248
260
263
255
239
215
185
150
113
76
41
9
-17
-38
-52
-57
-55
-43
-23
4
39
82
129
181
235
289
341
391
435
472
501
521
531
531
521
501
472
433
387
334
274
209
139
64
-13
-94
-178
-263
-350
-437
-523
-608
-689
-766
-836
-898
-949
-989
-1014
-1023
-1015
-991
-949
-892
-821
-739
-648
-552
-455
-360
-270
-189
-117
-56
-6
31
60
81
97
109
120
132
146
164
186
211
238
265
288
305
312
307
286
248
192
119
31
-70
-181
-296
-411
-519
-617
-699
-761
-800
-813
-798
-757
-690
-600
-491
-368
-234
-97
37
165
281
381
464
527
572
599
612
614
610
603
598
597
602
616
637
664
696
730
762
788
806
814
807
786
749
697
630
550
458
358
250
139
27
-83
-189
-289
-379
-459
-525
-576
-612
-631
-632
-616
-584
-535
-472
-397
-313
-223
-130
-39
45
121
183
228
256
265
254
227
184
130
70
7
-51
-103
-142
-166
-171
-157
-124
-73
-6
73
161
254
348
438
522
595
655
702
733
748
749
734
706
666
617
559
495
427
355
282
207
130
54
-23
-101
-180
-258
-336
-413
-486
-555
-618
-674
-720
-756
-780
-792
-791
-779
-756
-724
-683
-637
-588
-536
-486
-437
-391
-350
-313
-280
-250
-222
-195
-167
-137
-103
-64
-21
25
77
130
184
237
287
331
367
393
409
414
406
385
353
311
259
201
138
74
10
-48
-100
-143
-174
-193
-197
-188
-165
-129
-83
-29
29
92
156
217
274
326
371
407
435
453
462
461
450
431
403
368
327
283
237
193
152
118
93
77
73
79
95
120
150
182
213
238
253
256
242
211
161
92
6
-94
-205
-324
-444
-562
-673
-772
-857
-925
-974
-1003
-1014
-1006
-982
-943
-893
-833
-767
-697
-627
-559
-495
-440
-394
-362
-344
-341
-355
-385
-430
-487
-553
-626
-701
-775
-843
-901
-948
-980
-995
-992
-969
-925
-860
-774
-667
-539
-391
-223
-37
165
383
614
854
1099
1346
1589
1823
2043
2243
2419
2565
2679
2759
2801
2808
2781
2722
2636
2527
2401
2261
2111
1954
1792
1624
1452
1273
1088
895
695
489
277
60
-157
-376
-591
-800
-1001
-1189
-1362
-1517
-1651
-1762
-1847
-1907
-1939
-1946
-1929
-1891
-1834
-1763
-1681
-1594
-1505
-1417
-1335
-1260
-1193
-1135
-1087
-1045
-1010
-978
-947
-915
-877
-833
-779
-713
-635
-545
-441
-326
-201
-69
67
205
340
469
588
695
787
862
920
962
987
997
996
984
965
942
916
890
864
840
818
799
781
766
752
739
728
718
709
703
698
696
697
699
702
705
705
702
691
672
642
599
544
477
397
308
212
110
6
-97
-198
-295
-386
-471
-550
-622
-689
-751
-810
-865
-917
-966
-1013
-1055
-1092
-1121
-1142
-1153
-1150
-1134
-1102
-1055
-991
-911
-817
-709
-591
-465
-333
-199
-65
62
184
294
392
473
537
581
605
608
590
551
494
420
332
235
131
27
-72
-163
-240
-300
-340
-358
-353
-326
-278
-213
-134
-46
46
139
226
303
367
414
442
451
438
405
354
286
204
112
13
-88
-188
-284
-371
-446
-507
-553
-583
-597
-595
-581
-555
-520
-479
-435
-389
-344
-301
-261
-225
-192
-163
-136
-111
-86
-62
-37
-10
18
48
79
111
144
175
206
234
260
283
302
317
328
335
337
334
325
310
290
263
231
194
153
111
68
28
-5
-32
-48
-52
-41
-15
25
80
148
226
310
397
481
558
624
675
706
716
703
667
608
529
433
323
204
81
-40
-158
-266
-362
-443
-507
-553
-583
-595
-591
-573
-543
-503
-454
-398
-337
-273
-207
-140
-73
-8
53
112
167
216
259
295
323
344
357
362
360
352
338
320
299
276
251
226
200
174
146
118
86
51
11
-33
-84
-141
-203
-269
-337
-405
-470
-530
-581
-620
-645
-655
-647
-621
-578
-519
-446
-362
-269
-173
-75
18
106
184
250
301
337
357
362
353
331
298
258
213
166
121
80
46
21
6
1
7
22
46
74
106
138
166
189
204
209
203
187
160
125
85
40
-3
-44
-80
-106
-121
-123
-111
-84
-43
11
78
154
236
322
407
486
556
612
650
668
663
633
580
503
405
291
163
29
-107
-240
-365
-476
-570
-644
-697
-729
-741
-735
-714
-680
-637
-589
-539
-489
-441
-399
-362
-332
-308
-291
-280
-275
-273
-275
-280
-285
-290
-293
-294
-290
-282
-268
-246
-218
-181
-138
-87
-31
30
94
158
222
281
334
379
414
437
448
447
436
415
386
353
319
285
255
232
218
213
219
237
264
301
346
397
451
504
555
600
636
660
672
669
651
618
570
510
438
356
265
168
66
-38
-144
-251
-357
-461
-561
-656
-745
-828
-903
-969
-1026
-1074
-1111
-1139
-1158
-1167
-1168
-1161
-1147
-1128
-1102
-1072
-1037
-996
-949
-896
-833
-760
-676
-579
-467
-342
-201
-47
118
295
478
665
852
1033
1205
1363
1503
1623
1720
1793
1844
1872
1880
1870
1845
1808
1760
1705
1645
1580
1511
1438
1362
1281
1194
1101
1000
890
771
640
500
350
192
27
-141
-311
-477
-638
-789
-927
-1049
-1155
-1244
-1314
-1366
-1403
-1426
-1436
-1435
-1427
-1412
-1392
-1368
-1340
-1309
-1274
-1235
-1193
-1146
-1093
-1036
-973
-906
-834
-759
-681
-602
-521
-439
-357
-275
-193
-110
-27
58
144
233
323
414
505
595
680
761
834
898
950
990
1016
1028
1026
1009
980
938
886
826
760
691
621
552
486
426
371
322
280
244
213
187
163
141
119
95
69
40
6
-31
-75
-123
-175
-231
-290
-351
-413
-475
-536
-595
-650
-700
-745
-784
-815
-839
-854
-861
-859
-849
-830
-803
-767
-724
-674
-616
-552
-482
-406
-325
-238
-147
-52
46
147
248
349
446
537
620
692
750
794
823
838
840
833
819
802
785
772
764
762
765
773
781
787
788
779
757
719
665
594
505
400
280
149
9
-136
-285
-433
-577
-714
-841
-956
-1056
-1139
-1205
-1251
-1277
-1285
-1274
-1245
-1201
-1143
-1073
-993
-906
-814
-719
-624
-531
-442
-358
-283
-215
-158
-110
-72
-43
-23
-10
-2
0
2
3
7
14
27
47
75
111
155
206
263
323
385
445
501
551
591
621
639
643
635
616
586
548
505
461
417
377
344
319
306
304
314
335
366
404
448
494
538
578
611
633
643
640
622
591
549
497
437
374
309
246
187
134
88
50
18
-6
-28
-47
-66
-89
-116
-150
-193
-244
-304
-371
-444
-519
-594
-665
-728
-781
-821
-846
-855
-846
-822
-782
-728
-663
-589
-508
-424
-339
-256
-178
-105
-41
13
58
93
117
133
140
140
135
126
116
106
99
95
97
104
118
139
167
201
239
281
325
369
410
447
477
498
509
509
496
470
430
378
315
240
155
61
-37
-142
-248
-355
-458
-556
-645
-723
-786
-834
-864
-875
-866
-839
-794
-733
-658
-572
-478
