-1510
-1159
-737
-254
278
843
1425
2003
2557
3067
3516
3886
4166
4346
4423
4398
4276
4069
3790
3454
3080
2685
2283
1891
1518
1174
864
589
348
138
-46
-211
-364
-511
-658
-808
-963
-1124
-1290
-1455
-1618
-1771
-1909
-2028
-2122
-2188
-2224
-2230
-2205
-2154
-2080
-1988
-1885
-1776
-1668
-1566
-1474
-1396
-1333
-1285
-1251
-1227
-1211
-1198
-1183
-1161
-1128
-1081
-1017
-934
-832
-712
-576
-426
-267
-102
63
227
384
531
665
784
886
971
1039
1090
1126
1148
1158
1157
1148
1131
1108
1081
1050
1016
980
942
902
861
819
775
731
686
641
598
555
515
479
447
419
396
377
363
352
343
335
326
315
299
279
251
217
174
124
66
2
-67
-140
-217
-294
-369
-441
-507
-566
-615
-654
-680
-694
-696
-686
-666
-637
-601
-562
-522
-485
-451
-424
-405
-394
-391
-395
-404
-416
-427
-435
-436
-428
-407
-372
-321
-254
-171
-74
35
154
279
404
526
639
738
820
880
916
926
908
864
796
705
597
477
350
221
98
-13
-109
-184
-235
-262
-262
-240
-196
-137
-67
6
76
136
181
202
198
163
97
0
-127
-281
-456
-646
-845
-1045
-1239
-1419
-1578
-1709
-1808
-1869
-1892
-1874
-1816
-1721
-1591
-1433
-1250
-1051
-841
-627
-414
-208
-14
166
332
481
615
734
842
939
1029
1112
1190
1261
1325
1380
1422
1446
1450
1426
1372
1284
1159
995
796
563
302
22
-268
-558
-836
-1089
-1307
-1478
-1595
-1650
-1638
-1559
-1412
-1201
-931
-610
-249
141
551
965
1372
1761
2121
2442
2719
2945
3119
3241
3311
3335
3316
3261
3176
3067
2940
2799
2646
2484
2311
2126
1928
1712
1477
1220
940
637
313
-30
-389
-758
-1132
-1504
-1868
-2217
-2546
-2847
-3117
-3349
-3540
-3687
-3788
-3840
-3842
-3795
-3699
-3556
-3368
-3138
-2871
-2570
-2242
-1893
-1531
-1163
-796
-440
-102
211
493
740
946
1111
1234
1315
1356
1363
1338
1288
1218
1133
1040
943
848
757
676
605
548
503
473
456
450
455
468
486
507
529
549
564
572
572
562
542
511
469
419
361
298
231
163
96
34
-20
-68
-105
-131
-145
-148
-141
-125
-102
-76
-48
-23
-3
8
9
-1
-25
-65
-118
-186
-266
-357
-455
-558
-661
-760
-850
-926
-984
-1020
-1029
-1010
-960
-879
-768
-630
-468
-286
-89
113
317
514
697
857
989
1085
1141
1154
1123
1047
931
780
599
398
184
-32
-244
-443
-623
-779
-908
-1008
-1080
-1123
-1140
-1134
-1108
-1065
-1009
-943
-870
-792
-711
-630
-549
-469
-390
-314
-240
-168
-100
-36
23
78
127
171
210
243
271
295
315
334
352
369
389
410
433
460
490
523
558
594
631
666
698
725
743
751
746
726
691
638
569
485
387
279
165
48
-66
-175
-274
-361
-433
-487
-525
-545
-550
-541
-520
-490
-454
-414
-373
-334
-297
-264
-237
-215
-200
-191
-188
-190
-196
-205
-215
-225
-233
-235
-231
-217
-192
-154
-103
-39
38
128
227
331
437
541
636
717
781
824
843
838
809
760
693
615
530
445
366
298
246
211
197
204
229
271
326
388
453
514
565
602
620
615
586
533
456
358
243
115
-20
-158
-295
-425
-545
-650
-737
-803
-848
-870
-869
-846
-802
-740
-662
-571
-471
-366
-256
-145
-34
76
188
300
414
531
651
773
897
1021
1140
1252
1349
1428
1480
1501
1485
1429
1329
1186
1002
781
529
253
-35
-329
-618
-892
-1143
-1363
-1548
-1692
-1794
-1854
-1874
-1856
-1805
-1726
-1626
-1510
-1383
-1252
-1121
-993
-873
-761
-659
-568
-487
-416
-352
-296
-244
-195
-147
-99
-47
7
68
134
207
285
367
453
540
625
706
781
845
897
934
954
954
935
895
834
754
656
541
412
271
120
-36
-198
-362
-526
-688
-846
-999
-1144
-1279
-1403
-1512
-1603
-1672
-1717
-1732
-1716
-1663
-1573
-1442
-1270
-1057
-805
-515
-193
158
531
920
1314
1704
2080
2431
2746
3015
3231
3386
3476
3500
3460
3358
3202
3000
2762
2499
2223
1943
1668
1404
1157
927
713
512
318
127
-69
-275
-496
-734
-987
-1253
-1525
-1795
-2052
-2287
-2490
-2651
-2763
-2822
-2826
-2774
-2672
-2523
-2337
-2122
-1887
-1644
-1402
-1171
-958
-770
-611
-485
-391
-327
-292
-280
-284
-300
-320
-338
-350
-349
-334
-302
-253
-187
-106
-13
89
199
311
423
531
633
727
810
883
944
993
1030
1057
1074
1083
1084
1080
1070
1055
1037
1014
988
956
918
874
822
762
693
613
523
422
311
191
62
-71
-208
-345
-477
-601
-713
-808
-884
-937
-967
-971
-949
-903
-833
-743
-633
-509
-372
-227
-77
73
221
364
497
619
726
815
886
937
965
971
955
917
859
781
688
580
462
336
206
76
-52
-177
-295
-406
-507
-599
-681
-753
-814
-866
-908
-941
-963
-976
-978
-970
-951
-920
-878
-825
-761
-687
-604
-514
-418
-318
-217
-117
-20
72
158
238
309
373
429
477
518
551
578
596
604
603
588
559
512
447
362
255
127
-20
-186
-366
-558
-755
-952
-1140
-1315
-1467
-1591
-1679
-1727
-1730
-1687
-1596
-1460
-1282
-1066
-820
-553
-271
14
295
564
814
1039
1237
1405
1545
1659
1749
1819
1873
1911
1937
1948
1943
1920
1876
1805
1708
1580
1423
1238
1029
801
561
316
75
-154
-364
-550
-705
-828
-917
-972
-996
-992
-966
-922
-866
-802
-736
-671
-608
-550
-496
-445
-396
-346
-294
-238
-176
-109
-37
38
117
195
272
343
406
460
503
533
549
552
541
516
478
427
364
289
203
107
2
-109
-227
-348
-471
-592
-707
-815
-910
-989
-1049
-1087
-1101
-1088
-1050
-986
-898
-789
-664
-526
-381
-234
-90
45
168
276
366
437
487
518
531
529
515
491
462
431
402
377
359
350
351
363
386
420
462
512
567
624
681
735
782
819
844
853
845
818
773
710
630
535
430
318
204
92
-13
-108
-188
-253
-299
-329
-341
-341
-331
-316
-302
-293
-296
-314
-349
-402
-474
-561
-659
-764
-869
-969
-1056
-1126
-1175
-1199
-1196
-1168
-1115
-1038
-942
-830
-704
-568
-424
-276
-124
28
182
334
482
625
758
879
984
1067
1127
1158
1159
1128
1066
972
852
707
545
371
191
12
-158
-317
-457
-576
-670
-739
-781
-798
-790
-761
-711
-646
-566
-476
-378
-274
-168
-60
45
149
249
343
430
509
578
635
679
707
719
713
689
645
582
500
402
291
170
44
-79
-197
-301
-387
-450
-485
-492
-470
-421
-349
-259
-156
-49
55
152
237
305
354
384
397
394
380
359
333
308
285
266
252
243
238
233
226
214
194
166
129
83
30
-24
-79
-127
-165
-190
-198
-189
-164
-124
-74
-20
32
78
110
123
111
72
4
-91
-212
-355
-512
-677
-841
-995
-1130
-1239
-1315
-1354
-1354
-1313
-1233
-1119
-974
-807
-623
-430
-236
-48
127
285
422
536
623
685
723
738
735
716
687
651
614
579
549
528
516
514
520
533
549
567
582
591
591
580
556
517
464
398
320
234
143
51
-35
-114
-179
-226
-254
-259
-244
-208
-156
-92
-23
44
106
153
181
186
165
117
44
-52
-168
-300
-440
-585
-730
-869
-1000
-1119
-1226
-1318
-1397
-1462
-1513
-1550
-1573
-1581
-1572
-1545
-1497
-1427
-1332
-1211
-1062
-884
-678
-444
-184
96
396
709
1029
1350
1664
1966
2247
2501
2721
2900
3032
3112
3135
3097
2997
2836
2617
2344
2024
1668
1285
889
491
104
-261
-594
-888
-1137
-1336
-1485
-1585
-1637
-1647
-1620
-1563
-1483
-1388
-1284
-1178
-1077
-986
-909
-849
-808
-784
-779
-789
-810
-839
-870
-898
-917
-921
-905
-866
-799
-706
-584
-437
-268
-83
111
308
501
681
841
976
1080
1151
1187
1190
1162
1107
1030
936
831
721
612
506
409
322
249
191
148
121
109
111
127
154
191
236
289
347
409
473
537
600
658
709
749
774
783
770
733
670
581
465
323
159
-23
-220
-424
-629
-828
-1012
-1175
-1312
-1416
-1485
-1517
-1512
-1471
-1397
-1296
-1172
-1033
-884
-732
-582
-438
-306
-186
-81
9
86
150
204
251
292
331
368
405
444
484
524
564
601
634
660
677
683
677
657
622
574
512
438
356
266
174
83
-2
-80
-145
-196
-229
-245
-242
-221
-184
-135
-77
-14
48
107
156
193
214
218
203
171
121
58
-14
-95
-177
-257
-331
-395
-446
-482
-503
-508
-500
-479
-449
-414
-378
-344
-315
-296
-289
-295
-316
-351
-399
-459
-528
-601
-675
-745
-807
-856
-889
-902
-894
-862
-808
-731
-635
-522
-397
-263
-124
13
146
272
387
489
578
652
711
756
787
805
812
808
793
770
738
699
654
603
549
492
433
375
317
260
204
149
96
42
-12
-69
-129
-193
-262
-335
-413
-494
-576
-657
-734
-802
-859
-897
-914
-904
-863
-790
-683
-543
-372
-173
45
279
520
758
987
1197
1381
1531
1643
1711
1734
1710
1639
1526
1374
1191
983
761
532
308
95
-96
-261
-394
-492
-552
-575
-563
-517
-443
-347
-234
-113
9
126
231
316
378
413
417
391
334
248
137
4
-144
-303
-466
-627
-779
-915
-1033
-1126
-1192
-1229
-1238
-1219
-1174
-1106
-1018
-913
-796
-670
-538
-404
-270
-140
-14
105
216
319
412
495
568
629
681
721
751
770
780
781
773
758
737
711
680
644
604
560
512
458
399
335
266
193
118
44
-27
-92
-149
-192
-220
-229
-219
-189
-139
-71
12
109
213
320
425
523
611
684
739
775
791
786
762
720
660
586
499
402
296
183
66
-52
-172
-290
-404
-512
-613
-705
-785
-854
-910
-954
-985
-1003
-1011
-1008
-996
-978
-953
-924
-893
-860
-827
-795
-764
-735
-709
-685
-663
-645
-629
-614
-601
-587
-572
-553
-529
-498
-458
-408
-347
-274
-189
-94
9
118
230
339
443
535
613
673
712
731
728
707
671
622
566
508
452
402
361
332
315
310
316
332
354
381
409
435
458
474
484
485
477
460
435
401
360
313
260
202
142
78
14
-49
-112
-173
-230
-283
-329
-369
-400
-424
-438
-444
-441
-430
-413
-390
-364
-335
-306
-278
-251
-228
-208
-192
-180
-172
-167
-165
-165
-165
-164
-161
-156
-146
-132
-114
-93
-69
-45
-21
0
17
29
33
30
18
0
-25
-56
-90
-125
-159
-187
-209
-220
-219
-205
-175
-131
-74
-4
73
157
242
324
398
461
508
537
547
538
511
468
413
350
282
216
153
99
54
22
3
-3
2
18
44
77
117
160
206
253
300
347
391
433
469
499
521
530
524
500
456
391
304
197
74
-58
-197
-333
-459
-568
-655
-714
-742
-738
-700
-631
-534
-412
-272
-119
40
198
350
489
609
708
783
832
855
855
832
789
729
656
573
482
386
289
193
99
12
-66
-135
-191
-233
-259
-269
-264
-244
-213
-174
-132
-92
-58
-37
-33
-47
-81
-135
-205
-289
-381
-475
-563
-640
-700
-739
-753
-741
-703
-642
-561
-464
-359
-249
-143
-46
35
100
143
164
162
138
96
39
-28
-103
-180
-254
-323
-384
-433
-469
-492
-500
-495
-477
-447
-406
-356
-299
-238
-173
-109
-46
11
65
111
