-2006
-2129
-2219
-2273
-2288
-2264
-2200
-2101
-1970
-1813
-1638
-1453
-1264
-1080
-908
-752
-617
-505
-416
-350
-302
-269
-245
-223
-197
-161
-110
-40
49
159
288
431
583
738
888
1025
1145
1239
1304
1338
1338
1305
1243
1154
1045
921
790
658
533
420
325
252
202
177
175
195
232
283
341
402
460
510
548
571
576
564
534
489
430
362
289
215
145
85
38
8
-1
9
41
93
161
241
327
413
490
553
594
609
594
547
469
362
230
78
-86
-258
-431
-596
-750
-885
-998
-1086
-1146
-1178
-1182
-1160
-1114
-1048
-965
-870
-769
-664
-561
-462
-372
-291
-222
-164
-116
-79
-51
-30
-14
-2
6
13
19
23
25
24
19
9
-7
-30
-61
-99
-142
-191
-241
-292
-339
-380
-412
-433
-439
-429
-402
-359
-299
-224
-136
-37
70
184
300
416
527
631
725
804
866
908
928
925
898
848
775
684
576
457
331
204
81
-33
-134
-217
-281
-322
-340
-336
-309
-262
-197
-116
-24
76
182
287
388
479
555
611
640
638
602
529
417
268
84
-127
-362
-611
-863
-1109
-1338
-1540
-1705
-1826
-1897
-1914
-1876
-1783
-1639
-1448
-1217
-954
-669
-370
-69
226
507
768
1002
1204
1373
1507
1606
1670
1703
1706
1683
1638
1575
1498
1410
1314
1213
1108
1000
890
779
666
552
437
321
205
89
-25
-139
-251
-360
-466
-568
-663
-749
-824
-886
-929
-952
-950
-920
-861
-772
-653
-505
-333
-140
65
276
485
682
857
1004
1113
1180
1201
1174
1102
989
840
664
470
270
74
-108
-270
-402
-502
-566
-595
-591
-557
-499
-424
-338
-248
-161
-84
-23
17
33
20
-22
-98
-206
-346
-515
-711
-928
-1161
-1404
-1648
-1885
-2107
-2305
-2472
-2599
-2681
-2712
-2690
-2613
-2481
-2296
-2061
-1782
-1464
-1114
-740
-349
50
451
845
1226
1587
1923
2227
2496
2726
2915
3061
3163
3222
3238
3212
3149
3049
2917
2756
2570
2363
2139
1903
1658
1409
1158
911
668
433
209
0
-195
-370
-523
-650
-747
-813
-845
-841
-802
-729
-626
-497
-349
-189
-26
129
271
389
476
525
532
492
404
268
86
-137
-397
-685
-993
-1308
-1621
-1918
-2188
-2420
-2605
-2734
-2802
-2807
-2747
-2626
-2449
-2221
-1954
-1658
-1344
-1024
-710
-413
-141
97
299
460
579
659
703
715
700
665
615
556
493
431
373
324
284
255
238
231
235
246
264
285
308
331
352
368
379
384
382
374
359
337
311
280
245
209
171
134
98
65
34
6
-18
-41
-61
-81
-100
-120
-142
-164
-188
-213
-236
-257
-273
-282
-280
-265
-234
-186
-118
-28
82
215
367
537
721
914
1112
1308
1495
1668
1820
1945
2040
2099
2120
2100
2040
1939
1797
1617
1403
1158
887
596
293
-15
-323
-622
-904
-1165
-1398
-1599
-1765
-1894
-1985
-2039
-2057
-2042
-1997
-1927
-1836
-1729
-1612
-1490
-1368
-1251
-1141
-1042
-955
-881
-821
-773
-737
-709
-689
-672
-657
-640
-619
-591
-553
-505
-444
-370
-282
-181
-67
58
196
345
503
669
841
1017
1194
1368
1535
1690
1828
1945
2034
2091
2111
2092
2031
1927
1782
1596
1376
1125
851
563
270
-17
-290
-538
-751
-923
-1048
-1121
-1142
-1112
-1034
-913
-758
-576
-377
-170
35
231
410
566
694
792
860
898
908
893
857
804
736
657
570
475
374
268
157
42
-76
-197
-320
-443
-564
-680
-790
-892
-984
-1063
-1128
-1179
-1215
-1236
-1241
-1233
-1210
-1175
-1127
-1067
-997
-916
-825
-725
-616
-498
-374
-245
-112
20
152
278
397
505
600
679
740
783
808
813
801
773
731
676
611
540
464
387
310
235
165
99
40
-14
-62
-107
-148
-186
-222
-257
-291
-324
-356
-385
-410
-429
-440
-442
-432
-407
-367
-309
-234
-142
-35
83
210
340
467
585
687
768
822
846
837
792
713
600
455
282
86
-127
-354
-587
-819
-1042
-1252
-1440
-1601
-1730
-1823
-1877
-1890
-1861
-1790
-1679
-1529
-1344
-1126
-878
-605
-310
0
320
646
970
1284
1581
1854
2094
2294
2448
2550
2597
2587
2518
2394
2217
1994
1733
1442
1131
812
494
187
-101
-364
-597
-797
-962
-1094
-1194
-1264
-1308
-1328
-1329
-1313
-1283
-1241
-1190
-1130
-1061
-984
-899
-805
-701
-587
-464
-331
-192
-48
97
240
379
506
620
715
789
839
862
859
829
774
697
600
489
367
240
114
-7
-118
-215
-294
-354
-394
-413
-413
-397
-366
-324
-275
-222
-169
-118
-72
-32
-1
22
38
46
49
46
41
33
26
20
16
15
17
22
29
38
47
56
63
68
69
67
60
49
33
13
-10
-37
-67
-99
-131
-163
-193
-222
-246
-267
-282
-291
-293
-288
-275
-253
-222
-183
-134
-75
-8
66
150
240
336
438
542
649
756
862
965
1064
1156
1239
1312
1373
1420
1450
1462
1454
1424
1371
1293
1189
1057
898
710
494
252
-13
-300
-603
-916
-1231
-1540
-1834
-2104
-2341
-2538
-2687
-2785
-2828
-2815
-2748
-2630
-2465
-2260
-2020
-1754
-1469
-1171
-868
-566
-271
11
277
524
747
945
1115
1257
1371
1457
1515
1547
1555
1538
1498
1437
1355
1255
1139
1007
865
714
558
403
252
110
-18
-130
-222
-291
-335
-354
-347
-316
-264
-192
-106
-9
92
195
295
385
463
525
569
592
595
578
542
488
420
342
256
166
78
-6
-81
-146
-197
-234
-256
-264
-261
-248
-229
-209
-190
-176
-170
-174
-190
-218
-258
-308
-366
-428
-493
-555
-611
-658
-692
-709
-708
-687
-646
-584
-504
-407
-298
-181
-61
56
166
264
346
407
446
462
456
429
383
324
254
178
100
24
-44
-106
-157
-196
-223
-238
-241
-235
-220
-198
-171
-139
-106
-71
-38
-6
20
41
55
59
53
33
0
-49
-113
-193
-285
-389
-500
-613
-725
-828
-917
-987
-1032
-1049
-1036
-993
-918
-816
-689
-543
-381
-210
-35
137
304
459
600
724
829
914
981
1032
1068
1093
1111
1126
1142
1162
1191
1230
1279
1340
1410
1487
1568
1647
1719
1778
1819
1835
1820
1771
1682
1553
1382
1170
922
641
335
11
-320
-650
-970
-1269
-1541
-1780
-1981
-2142
-2265
-2350
-2402
-2426
-2425
-2405
-2370
-2322
-2264
-2196
-2116
-2024
-1916
-1789
-1640
-1469
-1273
-1052
-809
-547
-270
13
298
576
839
1080
1293
1472
1614
1718
1784
1815
1813
1783
1729
1658
1573
1479
1380
1279
1179
1079
982
886
792
699
606
511
415
316
215
112
6
-100
-207
-315
-421
-525
-624
-719
-805
-882
-946
-993
-1020
-1024
-1000
-946
-860
-740
-586
-400
-184
56
316
587
862
1131
1387
1621
1826
1995
2124
2210
2249
2240
2184
2081
1933
1743
1514
1252
962
651
327
0
-322
-630
-916
-1170
-1389
-1566
-1701
-1793
-1843
-1857
-1838
-1794
-1730
-1654
-1573
-1490
-1412
-1341
-1279
-1226
-1183
-1148
-1120
-1096
-1074
-1053
-1031
-1005
-976
-942
-902
-855
-801
-738
-666
-583
-489
-382
-261
-128
17
174
338
507
677
841
995
1134
1253
1348
1416
1457
1468
1453
1413
1350
1269
1172
1063
945
819
688
553
415
275
134
-7
-149
-291
-432
-574
-716
-861
-1010
-1165
-1329
-1501
-1684
-1876
-2076
-2279
-2482
-2678
-2860
-3019
-3145
-3230
-3265
-3241
-3150
-2989
-2753
-2442
-2057
-1602
-1083
-508
113
769
1447
2135
2819
3485
4118
4707
5239
5703
6090
6393
6604
6722
6742
6665
6492
6227
5874
5440
4936
4372
3760
3116
2454
1788
1133
502
-93
-645
-1148
-1598
-1994
-2335
-2626
-2869
-3069
-3231
-3359
-3460
-3536
-3594
-3636
-3666
-3686
-3699
-3704
-3701
-3690
-3669
-3636
-3587
-3521
-3433
-3323
-3189
-3030
-2846
-2638
-2407
-2157
-1889
-1606
-1313
-1012
-708
-403
-101
192
476
746
999
1231
1439
1622
1776
1902
1997
2064
2104
2117
2108
2080
2035
1979
1914
1845
1773
1702
1633
1567
1506
1450
1398
1351
1306
1265
1225
1186
1146
1104
1059
1010
956
895
829
755
675
589
497
401
302
202
103
7
-83
-168
-246
-314
-373
-423
-463
-495
-520
-538
-552
-563
-572
-580
-587
-595
-603
-613
-623
-634
-647
-663
-681
-703
-730
-763
-802
-846
-895
-947
-999
-1047
-1088
-1118
-1132
-1128
-1103
-1057
-989
-901
-796
-679
-554
-427
-303
-187
-83
4
74
126
160
177
179
169
149
123
92
61
31
4
-18
-35
-46
-48
-43
-29
-6
25
68
120
183
256
339
430
527
630
734
837
933
1018
1087
1136
1159
1152
1113
1038
928
782
604
396
164
-86
-348
-613
-876
-1129
-1365
-1581
-1770
-1931
-2061
-2159
-2224
-2258
-2260
-2233
-2178
-2096
-1991
-1863
-1716
-1550
-1370
-1176
-973
-762
-547
-331
-117
91
293
485
666
835
991
1136
1270
1394
1511
1622
1729
1831
1928
2020
2103
2177
2237
2281
2307
2312
2297
2261
2208
2138
2057
1967
1873
1777
1682
1589
1499
1410
1321
1228
1129
1022
904
774
633
482
322
158
-5
-167
-322
-466
-597
-712
-811
-894
-962
-1016
-1059
-1093
-1122
-1148
-1174
-1202
-1231
-1263
-1297
-1330
-1362
-1389
-1410
-1422
-1423
-1413
-1390
-1356
-1311
-1256
-1192
-1122
-1046
-966
-883
-797
-708
-618
-525
-430
-333
-234
-135
-34
65
163
259
351
438
518
589
652
705
748
780
802
814
818
815
805
791
773
752
728
703
675
644
610
570
525
475
419
358
293
226
159
95
36
-14
-55
-84
-101
-104
-94
-72
-40
0
44
92
138
180
215
242
257
261
253
233
202
160
111
55
-4
-67
-131
-196
-260
-325
-389
-456
-524
-597
-675
-759
-850
-947
-1049
-1155
-1260
-1361
-1454
-1533
-1594
-1630
-1638
-1615
-1556
-1462
-1332
-1166
-966
-735
-476
-193
108
425
752
1084
1415
1741
2056
2354
2628
2871
3076
3235
3339
3381
3354
3254
3078
2829
2510
2131
1703
1243
766
292
-162
-582
-954
-1268
-1518
-1704
-1827
-1893
-1911
-1891
-1844
-1780
-1710
-1644
-1586
-1543
-1515
-1503
-1505
-1517
-1535
-1553
-1567
-1572
-1563
-1537
-1494
-1430
-1347
-1244
-1124
-986
-835
-672
-500
-322
-141
37
212
380
536
677
802
907
992
1056
1100
1124
1131
1123
1102
1073
1039
1002
964
929
897
870
847
828
812
798
782
764
740
709
669
617
555
481
396
302
201
95
-11
-116
-215
-305
-382
-442
-485
-508
-512
-496
-463
-415
-356
-289
-220
-151
-87
-31
13
45
62
66
57
36
5
-32
-74
-118
-161
-200
-234
-261
-280
-291
-293
-287
-273
-254
-230
-201
-170
-137
-104
-71
-38
-7
21
46
69
87
100
107
109
105
94
78
56
31
2
-27
-58
-89
-118
-146
-171
-194
-216
-238
-260
-283
-310
-340
-376
-416
-461
-510
-562
-614
-663
-706
-741
-763
-769
-758
-726
-674
-602
-510
-402
-281
-152
-18
114
241
357
460
547
617
668
704
724
734
737
737
738
746
763
792
835
892
962
1042
1130
1221
1310
1393
1463
1515
1544
1546
1517
1454
1354
1219
1048
844
611
355
82
-199
-480
-753
-1008
-1237
-1435
-1593
-1709
-1780
-1805
-1786
-1723
-1623
-1489
-1328
-1147
-953
-753
-555
-365
-189
-33
99
206
285
336
359
356
331
289
232
168
100
32
-29
-84
-130
-165
-190
-207
-216
-220
-222
-223
-227
-234
-246
-264
-287
-314
-345
-376
-405
-430
-449
-459
-458
-445
-418
-377
-321
-251
-167
-69
40
161
290
426
564
701
834
959
1073
1170
1250
1308
1343
1354
1340
