-97
-98
-100
-102
-102
-101
-97
-90
-79
-64
-45
-22
4
34
67
103
140
177
213
248
280
309
333
352
366
374
376
373
365
352
334
313
289
263
236
207
178
148
119
90
62
35
9
-15
-38
-59
-78
-94
-107
-115
-120
-120
-117
-109
-98
-85
-70
-55
-40
-29
-20
-16
-18
-25
-39
-59
-85
-115
-148
-184
-220
-254
-285
-312
-333
-346
-352
-349
-337
-318
-291
-258
-219
-177
-132
-86
-41
1
42
77
108
132
150
160
162
158
146
127
103
73
39
2
-36
-75
-112
-147
-176
-200
-217
-226
-227
-219
-202
-177
-145
-108
-65
-19
27
74
119
161
198
230
256
276
288
294
294
289
279
266
251
236
220
207
195
185
178
173
169
167
166
164
161
157
150
141
129
115
98
80
61
42
23
6
-8
-20
-30
-37
-41
-44
-45
-45
-45
-44
-43
-42
-41
-40
-37
-34
-28
-21
-12
-2
10
23
36
49
60
68
73
73
69
60
46
27
6
-18
-43
-68
-92
-113
-129
-141
-146
-145
-137
-122
-101
-73
-40
-4
34
74
113
148
179
204
220
228
226
214
193
162
123
77
26
-27
-83
-137
-189
-236
-277
-310
-335
-351
-357
-354
-343
-325
-302
-274
-244
-214
-184
-157
-134
-114
-99
-88
-82
-80
-81
-85
-91
-99
-108
-118
-129
-140
-152
-164
-176
-187
-197
-206
-211
-212
-207
-195
-174
-144
-104
-53
6
76
154
237
324
411
496
576
648
708
756
789
805
806
790
758
712
653
585
509
427
344
261
180
104
35
-26
-78
-122
-155
-179
-195
-202
-202
-197
-187
-175
-161
-148
-137
-128
-123
-122
-126
-133
-144
-159
-178
-199
-223
-249
-276
-304
-334
-363
-392
-420
-446
-471
-492
-509
-523
-530
-531
-526
-513
-491
-462
-425
-381
-330
-273
-213
-151
-89
-28
30
83
130
171
204
228
244
252
252
244
230
211
187
159
129
98
66
35
5
-22
-48
-71
-90
-107
-119
-129
-135
-138
-137
-134
-127
-118
-106
-92
-76
-59
-41
-22
-2
17
36
56
76
94
113
131
148
164
181
197
213
229
246
263
280
298
316
333
350
366
381
393
402
407
409
405
396
381
360
333
300
261
217
169
119
67
17
-30
-74
-112
-143
-165
-179
-185
-182
-171
-154
-131
-105
-78
-51
-26
-4
11
21
24
20
8
-11
-37
-70
-108
-150
-196
-243
-290
-336
-379
-417
-447
-470
-483
-484
-474
-451
-416
-368
-310
-241
-165
-83
2
88
172
253
326
390
444
486
515
531
534
524
503
471
431
383
331
275
219
162
108
57
10
-31
-68
-99
-126
-146
-162
-173
-178
-178
-172
-160
-142
-117
-86
-49
-6
39
88
138
187
233
275
310
337
354
361
357
342
317
283
240
192
139
84
30
-21
-68
-108
-140
-165
-180
-187
-187
-180
-168
-152
-134
-114
-94
-74
-56
-40
-26
-14
-6
0
2
1
-1
-8
-17
-30
-45
-63
-83
-105
-128
-151
-174
-195
-214
-229
-240
-245
-245
-238
-226
-208
-185
-158
-127
-96
-65
-35
-8
14
32
44
50
51
46
37
25
10
-5
-21
-35
-48
-59
-66
-71
-73
-73
-72
-70
-69
-69
-70
-75
-83
-95
-111
-131
-155
-182
-211
-241
-270
-297
-321
-339
-350
-353
-347
-332
-306
-270
-226
-174
-115
-52
13
79
143
202
255
300
336
361
376
380
375
361
341
315
287
257
228
201
178
158
143
131
124
120
118
119
120
122
123
125
125
125
125
125
125
125
125
126
126
125
123
120
113
104
90
72
48
19
-15
-56
-102
-153
-207
-263
-320
-375
-426
-472
-510
-539
-559
-567
-563
-549
-523
-488
-443
-392
-334
-272
-209
-144
-81
-21
35
87
134
174
208
235
255
268
273
273
265
251
231
206
176
141
103
61
18
-24
-68
-109
-147
-179
-206
-224
-233
-232
-220
-197
-163
-118
-65
-2
66
140
218
296
374
448
516
576
627
666
694
708
711
701
680
649
611
566
518
469
420
373
330
292
259
233
211
195
182
173
166
159
152
143
130
114
94
69
40
6
-30
-71
-114
-158
-203
-247
-290
-331
-369
-405
-436
-463
-485
-502
-512
-515
-511
-498
-476
-446
-407
-360
-306
-246
-181
-115
-48
15
74
125
167
197
214
217
206
183
147
101
48
-8
-67
-125
-177
-221
-254
-276
-284
-279
-260
-228
-186
-133
-74
-11
53
118
179
234
280
318
344
359
363
356
339
314
284
251
216
182
151
124
103
89
81
79
82
90
102
114
128
140
150
157
160
160
156
148
137
124
109
93
76
59
41
23
5
-14
-35
-57
-80
-106
-133
-161
-190
-218
-247
-275
-301
-326
-348
-369
-387
-403
-417
-429
-438
-445
-448
-447
-442
-433
-419
-401
-379
-354
-326
-297
-268
-241
-217
-196
-180
-169
-162
-160
-161
-164
-167
-169
-167
-161
-148
-129
-102
-69
-30
11
57
102
144
181
212
233
244
245
235
215
187
154
118
80
44
11
-15
-36
-50
-58
-58
-54
-44
-31
-14
3
22
42
61
79
95
108
117
121
119
110
93
67
31
-13
-66
-128
-195
-267
-341
-413
-480
-541
-591
-629
-653
-662
-655
-632
-594
-542
-478
-404
-322
-236
-147
-58
28
110
186
254
313
360
396
420
432
431
418
393
358
314
264
209
152
97
48
7
-21
-35
-33
-13
24
79
150
235
329
430
532
631
724
805
870
918
945
951
936
901
848
780
701
613
521
427
335
247
163
86
14
-52
-114
-173
-230
-284
-337
-389
-439
-487
-530
-568
-598
-619
-628
-625
-607
-575
-527
-464
-386
-296
-194
-84
31
149
266
378
482
574
651
711
752
774
775
757
721
671
607
534
455
374
293
215
144
81
27
-15
-47
-68
-79
-82
-76
-64
-48
-29
-9
9
26
40
50
55
55
50
40
27
10
-8
-29
-50
-71
-91
-109
-124
-138
-148
-158
-165
-173
-180
-189
-199
-212
-227
-244
-264
-284
-304
-323
-338
-350
-357
-359
-355
-346
-332
-315
-297
-280
-265
-255
-250
-252
-261
-277
-300
-327
-357
-388
-417
-442
-460
-470
-470
-460
-439
-408
-367
-318
-263
-203
-141
-77
-15
45
103
158
208
255
297
335
369
400
427
451
471
488
502
512
518
519
516
508
493
472
445
410
369
321
268
209
146
81
14
-52
-117
-180
-239
-293
-341
-383
-419
-449
-472
-489
-500
-506
-507
-503
-495
-483
-468
-449
-427
-402
-375
-346
-316
-284
-250
-215
-180
-144
-108
-72
-37
-5
23
48
67
79
83
79
67
47
20
-12
-50
-90
-130
-170
-206
-238
-265
-286
-300
-307
-306
-299
-285
-263
-235
-200
-158
-110
-56
3
67
135
206
277
346
411
467
514
546
563
562
543
504
446
372
284
186
80
-26
-131
-230
-320
-396
-457
-500
-525
-531
-519
-490
-445
-388
-321
-246
-169
-91
-16
52
111
160
196
219
230
228
215
194
167
137
107
79
56
40
32
35
47
69
99
136
179
226
274
323
370
415
457
495
530
561
589
613
634
652
665
674
679
677
670
657
638
613
582
548
510
471
432
396
363
337
316
304
299
301
309
321
336
350
360
365
360
345
318
278
225
160
86
3
-82
-170
-254
-332
-399
-452
-489
-507
-504
-482
-441
-382
-309
-225
-134
-41
51
139
220
290
349
396
430
453
465
468
465
456
444
431
418
406
396
389
383
380
376
372
365
354
338
314
282
241
190
129
59
-18
-103
-194
-288
-383
-476
-566
-649
-723
-784
-832
-864
-879
-876
-855
-818
-766
-700
-624
-541
-453
-365
-278
-197
-122
-57
-1
44
81
109
130
146
159
170
182
196
211
229
249
269
288
302
310
308
293
263
216
149
65
-37
-156
-288
-429
-574
-717
-853
-976
-1080
-1161
-1215
-1239
-1231
-1192
-1122
-1024
-902
-760
-604
-440
-274
-112
41
181
303
404
483
539
570
579
567
535
488
427
357
281
201
122
45
-27
-93
-154
-207
-254
-294
-329
-360
-387
-412
-435
-457
-478
-498
-517
-535
-552
-565
-576
-583
-585
-584
-577
-567
-553
-536
-518
-498
-479
-460
-442
-425
-408
-391
-373
-352
-328
-300
-268
-230
-187
-140
-89
-35
19
72
122
165
200
223
233
228
208
171
120
57
-16
-95
-176
-254
-325
-385
-429
-455
-461
-446
-411
-355
-283
-198
-102
0
102
202
295
377
447
502
541
564
571
565
548
521
489
455
421
392
370
357
354
364
385
417
458
505
556
607
657
703
742
773
797
813
823
827
828
828
828
830
835
843
856
871
889
908
924
936
941
935
914
877
819
740
640
517
374
216
45
-131
-308
-479
-636
-774
-889
-975
-1032
-1058
-1053
-1021
-963
-884
-789
-684
-573
-462
-356
-260
-176
-108
-56
-21
-1
4
0
-11
-27
-43
-55
-61
-58
-44
-18
20
70
131
199
272
346
418
484
541
586
617
632
631
613
578
528
464
388
303
210
113
14
-83
-178
-268
-350
-423
-487
-539
-581
-612
-632
-640
-638
-626
-604
-572
-531
-482
-426
-363
-295
-222
-146
-67
12
92
172
249
324
394
458
514
561
598
623
635
633
618
589
546
490
422
343
253
156
53
-52
-159
-263
-362
-451
-528
-591
-636
-663
-671
-660
-631
-586
-529
-460
-384
-304
-222
-141
-62
12
83
149
209
265
315
359
398
430
455
473
483
485
478
462
437
403
359
305
241
166
81
-14
-120
-235
-357
-485
-616
-747
-875
-996
-1107
-1205
-1286
-1350
-1393
-1414
-1413
-1389
-1345
-1280
-1196
-1097
-985
-862
-731
-595
-456
-316
-177
-40
92
221
345
462
571
673
764
845
914
969
1010
1036
1046
1040
1019
982
932
871
802
727
649
574
502
439
385
343
312
294
287
290
299
311
325
335
340
337
324
299
264
217
162
101
36
-28
-89
-142
-185
-215
-231
-231
-215
-186
-146
-96
-41
14
68
115
154
180
193
190
174
143
100
47
-12
-75
-139
-201
-259
-310
-353
-388
-415
-434
-446
-452
-453
-450
-444
-435
-423
-409
-391
-369
-344
-314
-280
-241
-199
-152
-103
-52
0
53
106
157
206
253
295
332
364
389
406
414
413
401
380
349
310
263
213
159
107
57
13
-21
-46
-58
-57
-41
-11
33
91
161
240
325
412
499
580
653
712
755
779
781
759
714
646
555
444
316
175
24
-129
-282
-429
-564
-681
-778
-850
-895
-911
-898
-857
-790
-700
-592
-470
-341
-209
-80
40
148
240
315
369
404
421
421
408
386
358
328
300
277
261
253
254
263
277
295
313
328
337
337
327
304
269
221
162
94
19
-60
-140
-218
-292
-358
-416
-465
-504
-534
-556
-570
-579
-584
-586
-587
-586
-584
-581
-576
-569
-558
-544
-524
-500
