243
302
358
410
456
497
530
556
573
582
583
576
562
542
517
488
455
421
385
349
311
274
235
195
154
111
67
20
-27
-76
-126
-177
-227
-275
-321
-364
-401
-433
-458
-475
-484
-486
-479
-465
-444
-418
-388
-356
-323
-291
-260
-232
-208
-187
-170
-156
-145
-137
-130
-123
-115
-107
-96
-82
-66
-47
-24
0
27
55
85
115
145
173
200
225
246
264
277
287
292
292
289
283
273
262
248
235
221
208
196
186
179
176
176
180
189
202
219
240
263
288
314
338
360
378
391
398
398
391
376
353
324
288
246
200
150
98
45
-8
-60
-109
-156
-199
-239
-274
-306
-334
-358
-378
-396
-412
-424
-435
-444
-451
-456
-460
-463
-464
-465
-465
-463
-460
-456
-450
-440
-428
-412
-391
-366
-337
-304
-267
-228
-187
-145
-105
-66
-30
2
31
55
76
93
108
121
133
145
159
175
195
217
243
273
304
337
369
400
427
449
465
473
471
461
441
412
376
332
284
233
181
131
83
39
0
-32
-60
-82
-100
-113
-122
-129
-134
-137
-140
-140
-140
-139
-136
-131
-124
-116
-106
-94
-80
-66
-51
-37
-24
-13
-6
-2
-4
-10
-23
-41
-65
-94
-128
-167
-208
-251
-295
-338
-378
-415
-447
-472
-489
-497
-496
-483
-460
-427
-384
-332
-272
-206
-136
-63
11
84
155
222
284
340
388
430
463
490
509
522
530
533
533
529
524
517
509
500
489
477
462
445
425
401
373
341
304
265
222
178
132
85
40
-4
-47
-88
-127
-163
-197
-229
-259
-288
-315
-341
-364
-386
-406
-422
-435
-443
-446
-444
-435
-421
-401
-375
-346
-313
-279
-244
-210
-178
-149
-124
-102
-85
-71
-60
-51
-43
-35
-28
-19
-8
3
17
34
52
71
92
114
135
156
176
194
209
220
226
227
222
210
191
166
134
97
56
12
-32
-77
-119
-157
-189
-212
-226
-229
-222
-202
-171
-130
-80
-22
41
107
175
240
302
357
405
444
473
492
502
503
496
482
464
443
421
399
377
357
339
323
307
292
276
257
235
207
173
132
83
27
-35
-102
-173
-244
-315
-381
-442
-495
-539
-573
-595
-607
-608
-600
-584
-561
-533
-502
-469
-436
-402
-370
-340
-311
-283
-257
-232
-206
-179
-151
-120
-87
-51
-11
29
72
116
160
202
241
276
306
330
348
359
365
366
363
356
349
341
335
331
330
333
340
351
364
377
390
400
405
403
392
372
340
297
242
178
103
22
-65
-155
-247
-338
-424
-505
-577
-639
-690
-729
-754
-766
-765
-751
-726
-690
-644
-591
-532
-468
-400
-330
-258
-186
-114
-43
25
91
155
214
270
320
365
404
436
461
478
486
487
480
465
443
416
384
348
310
272
233
196
161
129
101
75
52
32
15
0
-13
-26
-39
-53
-67
-82
-99
-116
-135
-155
-176
-197
-217
-236
-254
-269
-281
-290
-294
-294
-288
-278
-264
-246
-224
-199
-174
-147
-121
-97
-74
-54
-37
-22
-9
1
12
23
35
50
67
87
111
137
166
195
225
253
278
298
312
320
319
309
290
263
229
188
145
99
55
14
-21
-49
-68
-78
-79
-70
-53
-29
0
34
69
103
134
160
179
190
191
182
163
134
98
55
9
-39
-87
-132
-173
-207
-234
-253
-263
-265
-260
-247
-229
-206
-180
-153
-125
-97
-70
-45
-20
2
24
45
65
84
101
117
130
140
146
147
143
133
117
94
67
34
-1
-40
-79
-118
-154
-187
-215
-236
-251
-258
-257
-249
-233
-210
-182
-150
-115
-79
-43
-9
21
47
70
87
99
107
110
109
104
97
88
78
67
56
46
38
32
29
29
32
39
50
63
80
98
118
137
156
172
185
194
198
196
188
175
157
134
107
79
50
21
-4
-28
-46
-60
-68
-70
-68
-61
-50
-38
-25
-13
-3
2
3
0
-9
-24
-43
-65
-89
-114
-137
-158
-176
-189
-196
-197
-193
-183
-169
-151
-131
-111
-93
-77
-65
-58
-56
-59
-67
-79
-94
-110
-126
-140
-151
-159
-162
-161
-155
-145
-132
-116
-99
-80
-61
-42
-24
-6
10
25
41
57
72
89
107
125
145
166
187
208
228
247
264
278
288
295
298
296
291
282
269
253
234
214
191
167
141
115
87
58
28
-2
-34
-65
-97
-127
-156
-181
-203
-221
-233
-240
-242
-239
-230
-217
-199
-178
-153
-125
-94
-62
-27
7
43
79
115
149
183
214
244
272
297
321
344
365
385
405
424
443
462
480
498
515
529
541
549
552
549
538
519
491
454
407
351
285
212
132
46
-44
-137
-231
-325
-416
-504
-586
-662
-729
-787
-834
-870
-895
-907
-908
-896
-874
-841
-799
-749
-691
-628
-561
-491
-420
-348
-277
-208
-141
-76
-14
44
100
154
206
256
305
352
398
442
483
522
557
588
613
632
643
645
638
621
592
554
504
445
377
302
222
137
51
-33
-116
-194
-266
-330
-385
-430
-465
-491
-507
-514
-515
-509
-498
-485
-469
-452
-434
-416
-397
-378
-357
-334
-308
-278
-244
-205
-161
-113
-61
-6
50
107
162
214
261
300
331
352
363
363
352
330
299
259
211
158
101
41
-18
-77
-134
-187
-234
-274
-307
-331
-345
-349
-343
-327
-301
-265
-222
-171
-116
-56
4
65
123
177
224
263
293
313
323
323
315
298
276
248
217
184
150
117
86
56
28
3
-20
-42
-62
-80
-98
-114
-130
-144
-157
-167
-175
-179
-178
-173
-160
-141
-113
-77
-33
20
81
149
222
299
378
455
528
595
651
695
724
735
729
702
657
592
509
411
300
179
50
-81
-214
-344
-469
-585
-690
-781
-857
-917
-959
-983
-990
-979
-952
-911
-858
-795
-723
-646
-565
-483
-402
-322
-246
-173
-106
-43
13
66
115
160
202
243
281
317
351
382
411
435
454
466
471
469
457
436
406
367
321
269
213
155
98
45
-1
-39
-66
-80
-82
-70
-46
-11
32
82
138
195
251
305
355
398
435
464
484
496
500
496
486
471
450
426
399
370
339
306
272
237
201
163
125
85
46
7
-31
-68
-103
-136
-166
-192
-214
-232
-246
-254
-259
-258
-254
-245
-234
-219
-203
-187
-171
-156
-144
-135
-129
-129
-133
-143
-157
-176
-198
-224
-252
-282
-312
-340
-367
-392
-412
-430
-443
-452
-456
-458
-456
-451
-444
-435
-425
-414
-401
-387
-371
-353
-331
-306
-276
-240
-197
-147
-89
-24
48
128
213
301
392
482
570
654
731
800
860
909
947
974
990
998
996
988
974
955
932
904
871
833
787
732
667
589
498
394
275
145
3
-146
-300
-455
-606
-748
-878
-990
-1082
-1150
-1192
-1208
-1198
-1163
-1106
-1029
-936
-832
-720
-605
-491
-381
-277
-183
-98
-24
39
94
140
179
214
245
275
304
334
365
397
429
461
491
517
539
554
562
560
549
527
495
452
399
337
268
193
114
34
-46
-124
-198
-265
-326
-377
-419
-452
-476
-492
-501
-504
-503
-499
-494
-488
-482
-476
-470
-462
-453
-441
-424
-404
-378
-347
-310
-270
-225
-179
-131
-83
-37
5
45
80
110
135
156
172
184
194
202
209
217
226
236
249
265
283
303
325
347
369
390
407
421
429
430
425
411
388
358
319
273
221
163
102
39
-23
-84
-142
-195
-241
-279
-307
-325
-332
-329
-316
-293
-263
-226
-183
-138
-92
-46
-4
33
64
88
104
111
108
98
79
54
23
-11
-47
-85
-121
-155
-185
-210
-229
-243
-251
-254
-252
-245
-234
-219
-200
-178
-152
-123
-90
-53
-13
31
78
127
177
226
273
315
352
380
399
408
405
391
365
329
284
233
176
117
58
2
-48
-92
-128
-155
-172
-180
-180
-171
-157
-138
-115
-91
-66
-42
-20
-1
15
30
42
51
59
66
72
77
83
88
93
97
101
103
103
100
93
83
68
50
27
2
-24
-52
-79
-103
-124
-139
-148
-150
-145
-132
-112
-85
-53
-18
20
58
96
132
163
189
208
221
226
223
213
197
176
152
125
97
71
47
26
9
-3
-13
-20
-24
-28
-31
-36
-42
-49
-58
-68
-79
-88
-95
-98
-97
-90
-77
-58
-33
-4
29
64
99
131
160
182
197
204
201
190
171
144
112
76
38
0
-37
-72
-104
-131
-153
-169
-180
-186
-186
-183
-175
-163
-149
-132
-114
-95
-74
-54
-34
-16
1
17
30
42
50
56
59
59
57
52
45
37
28
18
9
0
-6
-11
-15
-17
-16
-14
-10
-3
3
12
22
31
41
50
59
66
72
76
79
80
79
78
75
71
67
63
60
57
55
54
54
55
57
58
58
57
53
47
37
24
7
-12
-37
-64
-94
-125
-157
-189
-221
-250
-276
-298
-316
-329
-336
-337
-332
-321
-305
-284
-260
-232
-201
-170
-138
-106
-77
-50
-26
-6
9
20
27
31
30
27
21
14
5
-3
-11
-20
-27
-34
-41
-47
-52
-57
-62
-67
-72
-77
-82
-86
-90
-94
-96
-98
-98
-96
-93
-86
-77
-64
-48
-27
-1
28
62
101
143
188
234
281
326
370
409
443
471
491
503
507
502
488
467
438
404
366
324
281
239
197
159
123
92
66
44
26
11
0
-10
-21
-31
-43
-57
-74
-93
-114
-138
-163
-189
-216
-242
-267
-292
-315
-336
-355
-372
-388
-401
-412
-421
-426
-427
-423
-415
-401
-381
-355
-324
-287
-245
-200
-153
-106
-60
-17
21
55
83
104
119
128
132
131
128
122
116
109
104
101
100
102
106
112
120
130
140
151
162
171
179
185
188
189
186
180
172
160
146
131
113
95
76
57
39
21
4
-11
-25
-38
-49
-58
-66
-72
-77
-80
-82
-82
-81
-79
-76
-72
-66
-60
-52
-43
-31
-18
-2
16
37
61
87
114
141
167
190
209
222
229
228
218
199
171
135
92
43
-9
-64
-118
-170
-216
-255
-285
-303
-309
-302
-282
-249
-206
-153
-91
-25
44
114
182
247
304
354
394
424
443
451
449
438
419
394
365
333
300
267
236
208
183
161
141
124
109
94
78
62
43
22
-2
-31
-63
-98
-137
-178
-221
-264
-307
-349
-389
-425
-457
-485
-508
-527
-542
-552
-560
-565
-568
-570
-571
-572
-572
-573
-574
-576
-577
-578
-579
-577
-574
-567
-555
-539
-517
-489
-454
-413
-364
-309
-248
-180
-106
-26
58
149
244
344
448
554
662
771
878
983
1081
1172
1252
1318
1368
1400
1411
1400
1366
1310
1232
1134
1021
893
757
615
472
331
197
71
-43
-144
-232
-305
-364
-409
-441
-462
-473
-477
-475
-469
-461
-453
-445
-440
-437
-436
-436
-437
-438
-437
-433
-425
-412
-392
-367
-337
-301
-261
-218
-175
-132
-92
-56
-26
-4
10
16
12
0
-21
-51
-89
-133
-184
-238
-296
