309
329
351
375
401
428
455
481
505
524
536
539
533
515
486
445
393
332
264
189
112
34
-41
-113
-179
-237
-287
-326
-356
-377
-388
-392
-389
-382
-371
-359
-347
-336
-327
-322
-321
-324
-332
-345
-362
-383
-407
-435
-464
-494
-523
-551
-576
-597
-611
-617
-614
-601
-575
-537
-487
-425
-352
-269
-178
-82
16
116
215
311
400
483
557
621
674
716
748
769
780
781
773
758
737
709
677
640
600
557
512
465
416
367
317
267
217
168
121
76
33
-4
-39
-70
-96
-117
-133
-145
-153
-157
-159
-158
-157
-154
-152
-151
-150
-150
-152
-156
-161
-167
-175
-184
-195
-207
-219
-232
-245
-258
-271
-282
-291
-299
-304
-307
-306
-302
-295
-285
-271
-253
-233
-209
-183
-155
-125
-93
-62
-31
-1
26
52
75
94
109
120
126
128
124
116
104
89
71
51
30
10
-7
-22
-33
-40
-43
-41
-34
-23
-9
6
23
41
58
75
89
102
111
118
122
124
123
120
116
111
107
103
101
100
102
105
111
118
126
134
142
149
153
156
155
151
144
134
120
103
84
63
41
18
-5
-29
-52
-75
-97
-117
-136
-154
-169
-182
-192
-199
-202
-203
-200
-193
-183
-170
-153
-134
-112
-88
-63
-37
-11
14
40
63
85
105
122
137
148
157
163
167
170
170
169
167
164
161
157
152
146
140
132
122
112
99
84
68
49
28
6
-18
-43
-69
-95
-120
-144
-166
-186
-202
-215
-224
-230
-231
-230
-225
-217
-206
-194
-179
-164
-148
-132
-115
-99
-84
-69
-55
-43
-32
-22
-15
-9
-5
-3
-2
-3
-4
-6
-8
-10
-11
-10
-9
-5
0
7
16
28
42
58
76
95
116
137
158
178
197
214
228
238
245
247
244
235
222
204
181
154
124
92
59
25
-6
-36
-63
-86
-106
-121
-132
-140
-143
-144
-142
-137
-130
-121
-110
-98
-85
-71
-56
-42
-28
-15
-3
7
16
24
31
36
40
43
46
49
51
54
57
60
65
70
76
82
90
97
105
112
119
124
129
131
132
131
129
124
119
112
104
95
85
75
64
52
40
26
11
-3
-20
-37
-55
-73
-91
-107
-121
-133
-143
-149
-152
-151
-148
-142
-135
-126
-118
-109
-102
-96
-93
-91
-92
-94
-98
-104
-110
-117
-124
-129
-134
-136
-137
-135
-131
-124
-114
-102
-87
-71
-52
-33
-13
6
25
43
57
69
76
80
80
76
69
60
48
37
25
15
7
2
0
1
7
15
27
40
55
70
85
98
108
116
120
120
116
108
97
83
67
49
30
10
-9
-29
-48
-67
-86
-104
-122
-139
-156
-172
-187
-201
-214
-225
-233
-239
-241
-239
-233
-222
-206
-184
-159
-129
-96
-62
-26
8
42
73
100
123
141
153
159
160
155
147
135
121
106
91
76
64
55
48
46
48
53
62
74
88
104
121
138
154
168
179
187
191
190
185
174
158
136
110
79
45
8
-30
-69
-107
-142
-174
-200
-221
-235
-242
-241
-233
-218
-197
-170
-140
-106
-71
-37
-3
27
54
78
98
112
123
129
132
131
128
122
115
107
98
88
79
69
60
51
43
36
30
25
23
22
23
26
31
37
44
52
60
67
73
77
78
77
72
65
55
43
30
16
1
-12
-25
-36
-46
-53
-58
-61
-62
-62
-60
-56
-52
-48
-43
-37
-31
-25
-18
-11
-4
3
12
21
30
40
50
59
69
79
88
98
107
116
125
134
143
152
159
165
169
170
169
163
153
138
118
93
64
30
-5
-44
-84
-123
-161
-196
-227
-252
-271
-282
-287
-285
-276
-261
-242
-218
-192
-165
-137
-109
-82
-57
-34
-12
6
23
38
51
63
74
83
90
97
101
104
105
103
100
95
88
79
70
60
50
40
30
22
16
11
8
8
9
13
18
24
30
36
41
44
45
43
37
29
17
3
-13
-32
-52
-72
-94
-114
-135
-154
-171
-186
-198
-207
-211
-211
-206
-196
-180
-158
-132
-101
-67
-31
6
44
81
114
143
167
183
191
190
181
162
136
102
63
20
-24
-68
-110
-148
-180
-206
-225
-236
-240
-237
-227
-212
-193
-169
-143
-116
-87
-59
-31
-3
22
47
70
91
111
129
144
157
167
174
176
175
170
160
146
129
107
83
57
28
0
-29
-57
-84
-107
-128
-144
-156
-162
-162
-157
-145
-129
-107
-82
-53
-22
9
40
70
99
124
146
164
177
186
190
191
186
179
168
154
138
120
102
83
64
46
29
13
0
-13
-23
-32
-39
-45
-49
-54
-57
-60
-63
-66
-69
-71
-72
-72
-71
-68
-64
-59
-53
-46
-39
-32
-27
-23
-22
-22
-26
-32
-40
-50
-63
-76
-89
-102
-115
-126
-135
-143
-148
-150
-150
-148
-143
-135
-124
-112
-96
-78
-59
-37
-13
10
35
59
83
104
124
141
154
164
170
172
171
167
161
152
143
133
125
117
113
111
113
118
127
139
154
171
189
208
225
242
256
267
274
276
274
267
256
239
219
194
166
135
102
67
32
-3
-39
-74
-107
-137
-164
-188
-207
-221
-230
-234
-233
-227
-217
-203
-187
-168
-150
-131
-114
-99
-87
-79
-75
-75
-80
-89
-101
-115
-131
-147
-161
-173
-182
-186
-186
-180
-168
-152
-131
-105
-77
-47
-16
13
43
70
94
115
132
144
152
157
157
154
149
141
132
122
112
103
94
87
82
78
76
75
75
76
78
79
79
78
75
71
65
56
46
34
21
7
-6
-20
-34
-46
-57
-66
-73
-78
-81
-81
-80
-77
-72
-66
-59
-51
-42
-33
-23
-13
-3
7
18
29
41
53
65
78
90
102
114
125
135
143
149
153
153
151
145
135
122
105
85
63
39
14
-10
-33
-54
-72
-86
-96
-101
-102
-98
-90
-79
-63
-45
-25
-3
19
42
65
86
106
124
138
148
154
155
150
139
122
98
69
34
-4
-47
-91
-136
-182
-225
-267
-305
-339
-369
-395
-416
-433
-446
-456
-461
-464
-464
-460
-454
-445
-434
-419
-401
-381
-356
-329
-298
-265
-228
-189
-147
-104
-59
-13
32
79
125
171
216
259
301
340
376
409
436
459
476
487
491
488
478
462
438
409
375
337
296
252
207
163
120
79
40
6
-24
-50
-72
-89
-102
-110
-115
-116
-114
-110
-105
-98
-92
-85
-80
-77
-75
-76
-79
-86
-94
-105
-118
-131
-144
-156
-166
-174
-179
-181
-180
-175
-168
-159
-148
-135
-122
-108
-95
-82
-70
-59
-49
-39
-30
-21
-11
-2
7
17
26
36
44
51
56
59
60
60
57
53
49
45
41
39
38
40
44
51
60
72
86
101
118
135
152
169
184
196
207
214
218
219
216
210
200
187
172
154
134
113
92
71
51
33
17
5
-2
-7
-8
-5
0
9
19
32
44
56
66
74
78
77
72
62
47
28
5
-20
-49
-77
-106
-133
-158
-180
-198
-212
-222
-227
-227
-223
-215
-202
-186
-166
-143
-117
-88
-58
-27
4
35
67
98
127
155
180
203
223
239
252
261
265
265
262
254
243
228
212
193
174
154
134
115
97
81
66
54
43
33
24
16
8
0
-9
-20
-32
-46
-61
-79
-97
-117
-137
-158
-178
-198
-216
-231
-244
-254
-260
-261
-258
-249
-236
-218
-196
-170
-140
-108
-73
-37
0
35
71
105
136
164
188
207
221
230
232
229
220
207
189
167
142
115
86
55
25
-5
-36
-65
-93
-120
-144
-166
-186
-202
-216
-227
-235
-240
-241
-239
-234
-225
-212
-197
-179
-159
-138
-116
-95
-76
-58
-43
-31
-21
-14
-9
-6
-4
-3
-3
-2
-1
0
2
5
8
10
13
15
16
16
14
10
5
0
-9
-19
-30
-42
-55
-68
-80
-92
-101
-109
-114
-116
-114
-109
-99
-86
-70
-51
-29
-6
18
43
68
92
115
136
155
170
183
193
199
202
202
198
191
182
169
155
139
121
103
84
65
47
30
14
0
-11
-22
-30
-36
-41
-44
-45
-46
-46
-46
-46
-45
-45
-44
-42
-40
-38
-34
-30
-25
-19
-13
-7
0
5
10
15
18
20
19
17
13
7
0
-10
-21
-32
-43
-55
-65
-74
-81
-86
-89
-89
-86
-81
-73
-62
-49
-34
-18
-1
15
32
47
61
73
82
89
93
95
96
95
92
89
86
82
79
76
74
72
71
70
69
68
66
63
59
54
47
39
31
21
12
3
-4
-12
-19
-24
-29
-32
-34
-34
-34
-31
-28
-22
-15
-6
4
16
30
44
59
74
90
104
117
129
139
146
151
153
152
148
140
130
118
103
86
69
50
31
13
-3
-20
-34
-47
-57
-64
-69
-72
-72
-70
-65
-60
-53
-45
-38
-32
-26
-22
-19
-18
-18
-19
-20
-22
-22
-21
-19
-16
-11
-5
1
8
15
21
25
27
26
21
12
0
-17
-38
-62
-88
-115
-143
-170
-194
-215
-233
-245
-252
-253
-248
-238
-222
-202
-177
-149
-119
-86
-53
-19
14
47
79
108
136
160
181
198
211
220
224
223
218
209
196
180
160
139
115
91
66
41
17
-5
-26
-46
-64
-79
-92
-102
-111
-116
-120
-122
-121
-119
-116
-111
-104
-97
-88
-79
-70
-60
-50
-40
-31
-21
-12
-2
6
14
22
29
34
37
38
35
29
20
7
-10
-31
-55
-82
-110
-139
-167
-194
-217
-236
-250
-258
-259
-254
-243
-225
-202
-174
-143
-108
-73
-36
0
35
69
100
130
157
181
202
221
238
252
264
274
281
287
291
294
295
294
292
288
282
274
264
253
239
223
205
186
164
140
115
89
62
33
4
-25
-56
-86
-116
-145
-173
-200
-225
-247
-266
-282
-294
-302
-306
-305
-300
-291
-278
-261
-242
-221
-198
-175
-152
-129
-108
-88
-70
-54
-39
-27
-16
-6
1
8
15
20
25
29
33
37
40
43
45
47
49
52
54
57
61
66
71
78
86
94
104
114
123
133
142
150
157
163
167
169
170
169
167
163
159
154
148
141
135
127
120
111
102
92
80
67
54
39
24
9
-5
-18
-31
-41
-49
-54
-57
-57
-54
-50
-43
-35
-26
-17
-8
-1
3
6
6
3
-2
-12
-25
-41
-59
-79
-100
-121
-142
-161
-178
-192
-202
-208
-209
-204
-194
-179
-160
-136
-110
-82
-53
-25
0
24
44
59
70
75
75
69
59
44
26
6
-14
-34
-53
-67
-77
-81
-78
-70
-55
-34
-9
19
51
83
115
146
173
197
217
233
243
249
250
248
242
233
221
207
192
175
157
137
116
93
68
41
12
-18
-50
-84
-119
-155
-189
-222
-252
-279
-303
-321
-335
-344
-348
-348
-343
-335
-322
-307
-288
-267
-244
-218
-190
-159
-126
-91
