-32
-74
-112
-146
-173
-195
-210
-219
-222
-220
-214
-203
-190
-174
-159
-143
-129
-118
-110
-105
-105
-109
-118
-131
-148
-168
-190
-213
-237
-259
-278
-294
-306
-312
-313
-309
-298
-282
-262
-237
-210
-181
-151
-123
-97
-74
-54
-40
-29
-24
-24
-28
-36
-47
-61
-76
-92
-108
-121
-132
-140
-143
-142
-135
-122
-104
-81
-53
-20
14
52
90
128
164
195
221
240
251
254
249
235
215
189
158
125
92
59
28
1
-20
-38
-51
-59
-64
-67
-68
-70
-73
-80
-90
-104
-123
-147
-174
-203
-232
-260
-285
-304
-315
-317
-310
-292
-264
-226
-180
-128
-72
-14
43
96
144
183
212
228
233
224
203
171
131
83
32
-19
-68
-111
-146
-171
-184
-183
-170
-145
-109
-64
-14
39
93
144
190
228
256
274
281
277
264
242
213
180
144
108
74
44
20
3
-5
-6
0
13
33
56
80
104
125
141
152
156
153
143
129
111
91
71
53
38
27
21
19
23
31
42
56
70
85
99
110
118
121
120
115
104
89
69
47
21
-5
-32
-60
-86
-110
-132
-149
-163
-171
-174
-171
-162
-148
-127
-102
-71
-37
-1
37
76
114
151
184
214
239
258
270
276
275
268
254
235
210
182
150
118
85
54
26
2
-15
-26
-29
-25
-14
4
29
59
92
127
161
193
220
241
255
261
257
244
222
191
153
109
62
12
-36
-82
-123
-157
-183
-198
-203
-196
-178
-149
-111
-66
-15
37
91
141
186
222
248
262
263
251
226
190
144
90
31
-30
-92
-152
-207
-255
-296
-328
-351
-367
-376
-382
-386
-390
-397
-408
-425
-446
-473
-503
-535
-567
-597
-622
-640
-651
-652
-642
-622
-592
-552
-505
-451
-393
-333
-273
-215
-162
-113
-71
-35
-6
18
37
54
70
86
103
123
147
174
206
243
282
324
368
412
455
495
532
565
591
611
624
629
626
616
598
572
540
502
459
412
362
310
258
205
153
102
53
6
-38
-80
-121
-161
-198
-235
-270
-304
-338
-370
-401
-430
-456
-480
-500
-514
-523
-526
-522
-510
-492
-466
-435
-398
-356
-311
-264
-215
-166
-118
-72
-29
10
46
78
107
132
154
173
191
206
221
235
248
260
270
280
287
292
295
296
295
292
286
280
272
262
251
239
225
210
192
172
151
126
100
72
43
12
-17
-48
-77
-105
-131
-153
-172
-185
-194
-197
-193
-183
-165
-141
-110
-72
-30
16
65
114
163
209
249
284
310
327
335
333
321
301
273
239
200
159
117
76
38
5
-21
-41
-53
-58
-54
-42
-24
0
27
57
87
115
140
159
171
176
173
162
143
119
89
56
22
-11
-42
-70
-92
-108
-117
-120
-116
-107
-95
-79
-62
-46
-31
-18
-9
-4
-2
-4
-9
-16
-25
-34
-44
-54
-62
-70
-76
-82
-87
-91
-95
-100
-105
-111
-117
-124
-130
-135
-138
-140
-137
-132
-122
-107
-89
-68
-43
-17
8
33
56
75
88
95
94
86
71
49
20
-11
-46
-81
-114
-142
-164
-178
-182
-176
-159
-133
-97
-54
-6
44
94
141
182
214
237
247
245
230
203
166
119
65
6
-54
-115
-173
-228
-277
-319
-354
-381
-401
-413
-418
-416
-407
-394
-375
-353
-327
-299
-268
-236
-202
-169
-135
-101
-67
-34
-1
30
61
91
119
146
172
195
216
235
251
265
276
284
289
292
290
286
278
266
250
231
208
182
152
120
85
49
13
-23
-58
-92
-123
-149
-172
-189
-201
-207
-207
-202
-192
-177
-159
-138
-115
-90
-65
-41
-17
4
23
41
55
65
72
74
71
64
54
40
25
9
-4
-16
-26
-33
-36
-36
-34
-29
-22
-13
-2
9
23
38
54
71
88
106
122
137
149
159
164
166
163
156
144
128
109
87
65
41
19
-1
-19
-34
-45
-52
-57
-57
-56
-52
-47
-42
-38
-34
-32
-32
-34
-38
-42
-48
-53
-57
-59
-59
-55
-48
-36
-21
-2
19
43
69
95
121
145
167
186
201
213
221
225
225
223
219
214
208
202
197
193
190
188
185
183
180
175
167
156
141
122
99
72
42
9
-26
-62
-97
-130
-159
-184
-202
-214
-219
-217
-208
-193
-172
-148
-122
-95
-69
-45
-24
-8
2
8
9
5
-3
-15
-31
-48
-67
-87
-107
-127
-147
-166
-185
-203
-220
-237
-253
-267
-279
-288
-295
-298
-297
-293
-284
-273
-258
-240
-219
-196
-172
-146
-119
-92
-63
-34
-4
25
55
85
115
144
172
199
224
247
268
286
301
313
322
327
328
325
320
311
299
284
266
246
224
199
173
145
115
84
53
22
-7
-37
-66
-92
-116
-138
-157
-172
-184
-192
-197
-200
-200
-198
-196
-193
-191
-190
-191
-194
-199
-206
-215
-225
-237
-249
-261
-274
-285
-296
-305
-313
-317
-319
-317
-310
-299
-281
-258
-228
-192
-150
-102
-49
7
66
126
185
241
292
337
374
402
420
428
427
416
398
374
344
313
280
248
219
193
171
154
142
134
130
129
129
130
130
129
126
119
110
97
80
61
38
13
-13
-41
-71
-100
-130
-158
-186
-212
-236
-257
-276
-290
-301
-307
-308
-304
-295
-281
-261
-237
-209
-176
-140
-100
-58
-15
28
72
114
154
190
223
251
275
293
306
314
318
318
314
308
300
290
280
269
258
247
235
224
212
199
186
172
157
141
126
110
96
82
69
58
49
43
39
39
41
47
56
69
84
102
122
144
165
185
203
217
226
230
227
216
197
169
133
89
38
-19
-83
-151
-221
-292
-360
-425
-483
-533
-573
-603
-621
-629
-626
-614
-594
-568
-538
-505
-471
-436
-401
-365
-330
-293
-255
-215
-172
-127
-79
-28
24
78
131
183
230
273
308
335
353
361
359
348
328
302
270
236
199
163
129
97
68
43
20
0
-17
-34
-51
-67
-83
-99
-114
-126
-136
-142
-143
-137
-125
-106
-79
-46
-8
33
76
118
157
189
213
227
228
218
195
161
118
67
12
-44
-100
-152
-199
-237
-268
-288
-300
-302
-296
-283
-264
-240
-213
-183
-153
-123
-94
-68
-45
-26
-11
-1
4
6
5
1
-3
-8
-11
-13
-10
-4
7
23
43
68
95
124
153
180
205
226
241
249
251
246
234
216
193
165
135
102
70
38
8
-19
-44
-66
-86
-102
-116
-128
-138
-145
-151
-154
-155
-154
-150
-144
-135
-123
-109
-93
-76
-58
-40
-22
-5
10
24
36
47
56
63
70
76
83
90
98
108
118
129
140
152
163
174
184
193
200
206
209
211
211
210
207
204
200
195
190
186
182
179
176
174
173
171
170
168
165
162
157
151
143
133
121
108
92
74
54
31
5
-22
-52
-85
-121
-158
-198
-238
-279
-320
-360
-397
-431
-458
-479
-491
-493
-484
-463
-430
-386
-330
-266
-194
-117
-37
43
121
194
261
320
369
408
438
457
468
470
466
456
442
426
408
390
371
353
334
315
294
271
245
214
178
137
89
36
-21
-82
-145
-207
-267
-322
-369
-408
-437
-454
-460
-454
-438
-414
-381
-342
-299
-254
-208
-163
-120
-82
-48
-20
1
17
25
27
23
13
-1
-21
-43
-68
-94
-121
-147
-171
-193
-212
-227
-239
-246
-250
-250
-246
-240
-233
-224
-215
-205
-196
-188
-179
-171
-161
-150
-137
-121
-102
-79
-53
-24
6
40
75
111
146
181
213
242
268
289
306
319
326
329
328
323
315
305
294
282
270
259
250
243
237
235
234
236
238
241
243
244
241
235
223
206
182
152
117
75
29
-19
-71
-124
-176
-225
-272
-313
-349
-378
-400
-414
-421
-421
-414
-402
-385
-365
-342
-317
-292
-268
-244
-222
-202
-183
-166
-150
-134
-120
-105
-89
-72
-53
-32
-8
17
46
78
111
146
182
219
254
288
319
347
370
387
399
403
401
391
374
350
321
287
249
208
165
122
80
38
-1
-38
-72
-103
-131
-154
-174
-189
-200
-207
-210
-209
-203
-194
-180
-163
-142
-118
-92
-64
-37
-10
14
35
51
63
68
67
60
48
31
11
-11
-34
-57
-77
-93
-105
-111
-112
-106
-95
-79
-60
-38
-14
8
31
51
69
83
95
102
107
109
109
107
104
100
95
89
83
77
70
62
53
44
35
25
14
4
-6
-17
-28
-39
-50
-61
-72
-82
-92
-101
-108
-114
-118
-119
-119
-117
-113
-108
-102
-97
-92
-89
-88
-90
-94
-101
-110
-121
-131
-142
-150
-155
-156
-152
-141
-125
-102
-73
-39
-1
39
81
124
164
202
236
264
287
303
313
316
314
307
296
281
264
246
226
206
186
167
148
130
113
96
81
65
50
35
20
5
-8
-23
-38
-52
-66
-79
-92
-103
-112
-120
-127
-131
-133
-134
-132
-129
-123
-116
-107
-97
-85
-72
-58
-45
-32
-21
-12
-5
-1
0
-4
-11
-21
-35
-52
-72
-93
-115
-137
-159
-178
-195
-208
-217
-220
-217
-210
-196
-178
-156
-130
-103
-75
-49
-24
-1
16
31
43
51
56
60
62
65
70
76
84
95
107
122
137
152
166
179
188
194
196
195
189
181
170
156
142
128
115
104
96
91
89
90
95
102
111
121
131
140
146
150
150
147
140
129
115
99
79
58
36
12
-11
-35
-60
-84
-108
-130
-152
-172
-191
-208
-224
-238
-250
-259
-267
-274
-278
-280
-281
-280
-277
-273
-267
-260
-252
-242
-232
-219
-206
-190
-173
-154
-132
-108
-81
-52
-21
12
47
83
120
157
193
228
260
289
314
335
349
358
361
356
345
326
302
271
236
197
155
112
69
28
-9
-43
-71
-94
-112
-123
-128
-129
-127
-121
-114
-107
-101
-97
-95
-95
-98
-103
-110
-117
-125
-132
-138
-141
-143
-142
-140
-136
-131
-126
-120
-115
-112
-109
-108
-107
-107
-107
-105
-101
-94
-83
-67
-45
-18
14
52
96
144
196
249
303
355
405
449
487
516
535
543
539
523
495
457
410
355
294
230
165
100
38
-19
-71
-116
-154
-184
-206
-221
-228
-229
-224
-213
-198
-180
-159
-136
-113
-90
-69
-51
-38
-30
-29
-35
-48
-69
-97
-132
-171
-213
-257
-300
-340
-377
-407
-430
-445
-452
-449
-438
-418
-391
-358
-320
-278
-233
-188
-142
-97
-54
-12
26
64
99
134
166
198
229
258
287
314
339
363
383
400
413
422
425
424
417
404
386
362
334
301
264
225
183
141
99
58
19
-16
-47
-74
-95
-111
-122
-127
-127
-122
-113
-102
-88
-73
-57
-42
-29
-17
-9
-3
0
-1
-5
-12
-22
-35
-50
-66
-84
-104
-123
-143
-162
-181
-199
-214
-228
-239
-246
-248
-246
-238
-225
-205
-180
-150
-114
-75
-34
7
49
90
128
161
190
214
232
243
250
251
247
240
229
216
202
