-82
-79
-76
-71
-65
-59
-51
-42
-32
-22
-13
-3
5
13
21
29
36
44
52
60
71
82
96
110
127
144
161
177
192
204
211
215
212
204
190
169
144
113
79
42
3
-35
-73
-110
-144
-174
-200
-222
-239
-251
-258
-261
-260
-255
-248
-239
-227
-215
-201
-188
-175
-162
-149
-138
-127
-116
-106
-96
-85
-74
-61
-47
-31
-13
6
29
54
82
112
144
177
210
245
279
312
343
373
400
423
442
457
467
471
469
461
448
428
403
373
338
299
258
213
167
120
73
27
-16
-59
-99
-135
-169
-199
-226
-249
-269
-286
-301
-312
-321
-327
-331
-333
-332
-331
-328
-324
-321
-317
-313
-310
-308
-307
-307
-308
-311
-315
-319
-325
-332
-340
-349
-359
-369
-381
-393
-406
-420
-433
-447
-461
-474
-486
-497
-505
-511
-513
-510
-501
-486
-464
-434
-397
-353
-302
-246
-186
-124
-60
2
64
123
178
230
278
322
364
404
443
482
521
561
602
644
686
728
768
804
836
861
880
890
891
881
862
833
794
747
691
629
561
490
417
342
268
196
127
61
0
-57
-109
-158
-202
-241
-277
-309
-336
-361
-381
-399
-413
-425
-433
-440
-443
-445
-445
-443
-439
-433
-426
-416
-404
-390
-374
-354
-332
-308
-281
-253
-223
-192
-162
-134
-107
-83
-62
-44
-31
-21
-14
-9
-6
-5
-4
-2
0
4
10
19
29
42
56
72
89
106
122
138
152
165
175
182
187
189
187
183
176
166
154
140
125
110
96
83
73
65
60
60
64
72
84
101
121
144
169
196
223
251
277
300
321
338
351
359
361
359
351
339
322
302
279
254
229
203
178
154
132
113
96
82
70
61
53
48
43
40
37
34
30
27
23
18
13
8
3
-2
-7
-12
-18
-23
-29
-35
-41
-47
-54
-61
-69
-77
-84
-92
-100
-107
-114
-120
-126
-132
-137
-142
-146
-150
-153
-157
-160
-164
-168
-173
-178
-184
-191
-198
-205
-212
-219
-225
-230
-233
-234
-233
-229
-223
-214
-203
-189
-174
-158
-141
-124
-108
-93
-79
-69
-61
-56
-54
-55
-58
-64
-71
-80
-89
-99
-108
-116
-124
-130
-135
-138
-140
-140
-139
-136
-131
-125
-116
-106
-94
-80
-63
-45
-25
-4
17
40
63
87
109
131
152
171
188
202
214
223
228
230
227
221
210
196
178
157
134
109
83
57
31
7
-14
-32
-47
-57
-63
-65
-62
-56
-47
-35
-22
-8
5
18
30
40
47
53
55
56
54
50
46
40
35
31
28
27
29
33
41
51
63
76
91
105
118
129
137
140
138
131
118
99
76
47
16
-17
-51
-84
-114
-141
-162
-178
-188
-191
-189
-182
-170
-155
-137
-117
-96
-74
-53
-32
-13
5
23
40
56
70
84
96
107
116
124
130
133
133
130
123
111
95
76
52
25
-3
-34
-64
-94
-121
-145
-165
-181
-191
-196
-196
-192
-183
-170
-155
-137
-117
-96
-75
-54
-33
-13
5
22
39
54
69
82
94
105
115
123
131
137
143
147
150
152
153
153
151
147
142
134
124
111
96
78
57
34
10
-14
-40
-65
-89
-111
-131
-149
-164
-176
-186
-194
-199
-203
-205
-206
-205
-203
-200
-195
-188
-179
-167
-154
-138
-119
-99
-77
-53
-29
-5
18
42
64
86
106
124
142
157
171
183
193
201
206
208
208
205
199
190
178
165
150
134
117
101
86
72
60
49
40
33
27
22
17
13
8
3
-2
-9
-16
-25
-34
-43
-52
-61
-69
-75
-80
-83
-84
-83
-80
-75
-69
-63
-57
-52
-47
-45
-44
-45
-49
-55
-62
-70
-79
-88
-96
-103
-107
-109
-107
-103
-94
-83
-68
-52
-33
-15
3
19
34
46
54
58
59
56
51
44
35
25
16
8
2
0
0
3
10
21
35
53
73
94
117
139
160
180
197
210
220
225
224
219
208
193
172
148
120
91
59
28
-1
-29
-54
-76
-92
-103
-109
-110
-105
-96
-83
-66
-46
-25
-3
17
38
56
73
86
95
101
103
102
96
87
75
60
43
24
3
-17
-38
-59
-80
-101
-121
-141
-160
-179
-198
-216
-233
-250
-265
-278
-288
-296
-300
-301
-297
-288
-275
-258
-236
-210
-180
-147
-112
-76
-38
-1
34
69
102
132
159
183
204
224
242
259
277
295
314
333
354
374
392
407
418
421
416
401
376
339
292
235
170
98
23
-53
-128
-198
-263
-319
-364
-400
-424
-437
-440
-435
-422
-402
-379
-352
-323
-294
-265
-237
-210
-184
-159
-135
-112
-91
-70
-50
-32
-14
1
16
29
41
51
60
67
74
80
86
92
99
105
113
121
130
139
149
158
166
174
180
184
186
186
183
177
168
156
142
126
109
90
71
51
32
15
-1
-16
-29
-39
-47
-52
-54
-53
-50
-44
-36
-26
-15
-4
7
17
25
32
36
37
36
32
25
16
5
-6
-20
-35
-50
-65
-79
-92
-104
-113
-119
-122
-122
-118
-110
-99
-86
-70
-53
-34
-16
1
18
33
46
57
65
71
74
76
76
75
73
70
67
64
62
60
59
57
57
56
55
53
51
48
44
38
31
23
14
4
-7
-19
-32
-45
-57
-68
-78
-87
-93
-97
-99
-99
-98
-94
-90
-84
-78
-72
-66
-60
-55
-49
-43
-38
-32
-26
-19
-11
-2
6
16
27
38
49
60
70
79
85
88
88
85
77
65
49
30
8
-15
-39
-64
-87
-107
-123
-135
-141
-141
-135
-123
-105
-83
-57
-27
3
35
68
100
130
159
185
208
228
244
257
267
273
275
273
266
256
242
223
201
175
146
115
83
49
17
-14
-43
-70
-94
-113
-129
-140
-147
-151
-151
-149
-145
-139
-133
-127
-122
-117
-114
-112
-111
-112
-113
-115
-117
-118
-119
-118
-116
-111
-103
-93
-80
-64
-45
-23
0
25
53
81
109
136
161
184
203
219
230
237
239
237
230
218
202
182
158
131
102
70
38
5
-27
-58
-88
-115
-138
-158
-173
-183
-189
-191
-188
-180
-169
-153
-135
-114
-91
-67
-42
-18
6
28
49
67
83
94
101
104
102
95
83
64
41
12
-21
-59
-101
-145
-190
-236
-281
-324
-365
-402
-434
-460
-480
-493
-499
-497
-487
-469
-443
-410
-370
-324
-271
-214
-152
-88
-20
47
116
184
249
311
367
417
460
493
517
532
535
529
513
489
456
416
371
321
268
213
158
103
50
0
-48
-92
-132
-167
-197
-223
-243
-258
-266
-269
-266
-258
-243
-223
-199
-171
-139
-106
-71
-37
-5
25
52
75
94
107
115
117
114
106
94
77
58
36
14
-7
-29
-48
-65
-79
-89
-94
-96
-94
-88
-78
-65
-49
-32
-14
4
22
40
55
69
80
88
94
96
96
92
87
80
72
63
54
46
40
35
33
33
36
42
50
59
68
78
86
91
95
94
90
82
71
56
39
20
0
-20
-40
-58
-74
-87
-96
-101
-101
-97
-89
-77
-61
-42
-21
1
24
49
73
96
117
137
154
168
180
188
194
196
196
193
188
181
173
163
153
143
132
122
112
103
94
86
79
73
68
63
58
53
49
44
39
33
28
23
18
13
9
7
6
7
10
14
21
30
41
53
66
80
93
104
114
122
126
127
124
117
107
93
76
57
37
16
-5
-26
-47
-67
-86
-105
-123
-140
-156
-172
-187
-201
-213
-224
-233
-239
-243
-244
-243
-238
-231
-221
-209
-194
-178
-161
-143
-126
-109
-93
-78
-66
-56
-49
-44
-42
-43
-46
-51
-57
-65
-73
-80
-87
-92
-94
-94
-92
-86
-78
-67
-54
-39
-24
-8
7
21
35
46
54
60
63
63
59
53
43
32
18
2
-13
-30
-47
-64
-79
-94
-107
-117
-126
-132
-136
-137
-136
-132
-124
-114
-100
-82
-62
-39
-13
13
42
70
98
123
146
165
180
191
196
197
194
187
178
166
153
140
128
116
106
98
92
87
83
80
76
72
66
57
46
32
15
-4
-25
-48
-71
-93
-114
-133
-148
-160
-168
-171
-170
-166
-158
-147
-135
-121
-107
-94
-83
-74
-67
-65
-65
-69
-75
-83
-93
-102
-111
-119
-124
-126
-125
-121
-114
-105
-93
-79
-65
-51
-37
-24
-13
-4
3
8
12
15
18
20
22
25
29
33
39
46
54
63
72
82
92
102
112
122
132
142
151
160
168
176
183
189
195
199
202
203
202
200
195
188
179
167
154
140
125
109
93
77
63
49
37
26
16
7
0
-8
-15
-23
-31
-38
-46
-54
-62
-69
-75
-80
-84
-85
-83
-79
-73
-63
-52
-39
-24
-9
5
19
32
44
53
60
65
67
67
65
61
55
47
38
28
16
4
-8
-22
-36
-49
-62
-74
-84
-92
-97
-100
-101
-98
-92
-84
-74
-62
-49
-35
-21
-8
3
15
25
33
40
46
49
51
51
51
49
46
43
40
38
35
34
33
32
32
31
30
28
24
19
12
2
-8
-22
-37
-53
-69
-85
-100
-113
-124
-132
-137
-137
-134
-127
-117
-103
-86
-68
-48
-29
-10
6
21
33
42
47
49
48
44
38
33
28
25
26
32
42
59
81
109
141
177
215
253
291
325
354
377
391
395
389
372
343
304
255
199
136
70
2
-63
-127
-185
-237
-280
-315
-341
-359
-367
-368
-362
-350
-333
-311
-287
-261
-233
-206
-178
-152
-127
-104
-82
-62
-45
-29
-15
-3
5
14
20
25
28
30
31
31
30
29
29
28
28
29
30
33
36
40
44
48
53
56
58
59
58
55
49
42
32
21
8
-5
-20
-35
-49
-63
-75
-85
-93
-99
-103
-105
-105
-104
-103
-101
-99
-98
-98
-99
-100
-103
-106
-109
-111
-112
-111
-107
-101
-93
-81
-66
-48
-28
-5
19
45
72
100
129
157
183
208
231
251
268
280
288
291
289
282
269
251
228
201
169
133
95
56
16
-22
-59
-93
-122
-146
-164
-176
-182
-183
-178
-168
-154
-138
-119
-99
-80
-62
-46
-32
-22
-16
-14
-16
-22
-31
-44
-58
-74
-91
-107
-122
-134
-144
-151
-154
-154
-149
-141
-128
-113
-94
-73
-50
-27
-3
19
41
61
78
92
103
111
114
114
110
103
93
80
65
49
32
15
0
-14
-25
-34
-39
-41
-39
-34
-25
-13
1
17
34
52
70
87
102
116
128
138
146
151
154
155
154
151
147
141
133
124
115
104
94
83
72
61
52
43
35
28
22
19
17
17
18
22
27
34
42
51
59
67
74
79
81
81
77
70
60
46
30
10
-11
-35
-61
-88
-115
-141
-166
-188
-208
-223
-234
-239
-239
-233
-221
-205
-184
-160
-133
-104
-75
-46
-18
7
32
54
73
90
