-119
-115
-103
-86
-63
-37
-8
21
49
74
94
108
115
115
108
95
76
53
28
1
-24
-48
-70
-88
-101
-110
-114
-115
-112
-106
-99
-91
-84
-78
-75
-73
-74
-77
-82
-89
-97
-105
-113
-120
-126
-131
-136
-139
-142
-145
-149
-153
-158
-165
-174
-184
-196
-209
-222
-234
-244
-252
-256
-256
-250
-237
-219
-195
-165
-129
-89
-46
0
46
93
140
186
229
269
307
341
372
399
424
445
465
482
497
510
520
528
533
535
532
525
513
494
469
438
400
356
306
250
189
124
55
-14
-86
-157
-226
-292
-353
-407
-453
-491
-518
-536
-542
-539
-526
-505
-476
-441
-402
-360
-316
-272
-229
-188
-150
-115
-83
-55
-31
-10
7
23
36
47
57
66
74
80
86
89
91
90
87
81
71
59
43
25
4
-17
-40
-63
-84
-104
-120
-133
-141
-145
-142
-134
-121
-103
-80
-54
-25
5
36
67
96
123
147
167
183
194
202
206
207
205
202
196
190
183
176
170
164
158
153
149
145
142
138
135
130
125
119
111
102
91
79
67
53
39
25
12
0
-10
-20
-29
-36
-41
-44
-45
-45
-42
-39
-33
-27
-20
-12
-5
0
5
9
10
10
7
2
-4
-14
-25
-39
-54
-71
-89
-106
-124
-141
-157
-170
-180
-188
-192
-193
-189
-183
-173
-161
-145
-128
-110
-90
-70
-50
-29
-9
10
30
50
70
90
112
135
158
182
207
231
255
276
294
308
316
318
313
300
280
252
217
176
131
81
30
-22
-73
-122
-167
-207
-240
-267
-287
-300
-306
-306
-302
-293
-281
-267
-252
-237
-222
-208
-194
-181
-169
-155
-142
-126
-109
-90
-69
-47
-23
0
24
46
67
84
98
108
114
116
115
111
105
97
89
80
72
65
59
55
52
51
52
54
57
61
66
70
74
77
79
79
77
73
68
62
55
48
41
35
31
28
28
29
33
39
47
56
66
75
84
92
97
100
100
97
91
81
68
52
33
12
-10
-33
-56
-78
-99
-117
-132
-142
-149
-151
-149
-142
-131
-116
-98
-77
-55
-31
-6
17
40
62
82
98
111
120
124
124
119
110
97
81
61
39
16
-9
-35
-61
-86
-111
-135
-156
-175
-191
-203
-212
-218
-219
-217
-211
-202
-190
-175
-159
-141
-121
-101
-81
-60
-40
-21
-2
15
31
46
60
71
81
89
95
99
102
104
105
106
107
109
111
113
117
121
125
130
134
136
137
134
128
118
104
85
61
33
2
-31
-65
-98
-129
-156
-178
-192
-200
-199
-191
-176
-155
-129
-101
-71
-43
-16
5
23
36
43
46
44
40
35
29
24
21
22
27
36
50
67
88
111
134
157
177
191
199
200
191
173
148
115
78
38
-1
-39
-73
-103
-126
-144
-155
-161
-161
-156
-146
-133
-117
-99
-79
-58
-37
-17
1
19
35
49
62
73
82
90
96
102
106
109
111
112
112
111
107
103
96
88
78
66
52
37
21
5
-11
-28
-44
-59
-73
-84
-94
-102
-106
-108
-106
-101
-93
-83
-69
-54
-38
-21
-5
10
25
37
47
55
60
62
61
58
53
45
36
26
16
5
-4
-13
-21
-27
-31
-32
-32
-30
-25
-20
-12
-4
4
13
22
30
37
43
47
50
50
48
45
40
34
26
19
11
3
-4
-11
-17
-22
-26
-29
-31
-32
-33
-32
-31
-28
-26
-23
-19
-15
-11
-6
-1
3
8
13
17
21
25
27
28
27
25
21
16
9
1
-7
-17
-27
-38
-49
-59
-68
-76
-82
-85
-86
-85
-80
-73
-64
-53
-41
-28
-15
-3
7
16
22
26
26
24
20
13
3
-7
-19
-32
-45
-57
-69
-78
-86
-92
-96
-99
-100
-99
-99
-99
-100
-102
-105
-110
-116
-124
-132
-141
-148
-154
-157
-156
-151
-141
-126
-106
-81
-51
-17
19
57
96
133
168
199
225
245
258
264
262
252
236
214
188
157
125
92
60
30
3
-18
-36
-50
-58
-63
-63
-61
-55
-48
-40
-30
-20
-10
0
9
18
27
34
40
45
48
50
49
47
43
37
29
20
9
-2
-14
-28
-41
-55
-68
-80
-90
-100
-107
-113
-116
-118
-118
-116
-112
-107
-100
-93
-85
-75
-65
-54
-43
-32
-21
-11
-1
7
15
23
30
36
43
51
60
70
81
95
110
126
144
162
180
197
214
229
242
253
262
269
275
278
280
281
280
277
273
267
258
247
232
214
191
163
131
93
51
6
-40
-89
-136
-181
-222
-257
-284
-304
-315
-317
-311
-298
-278
-252
-221
-186
-149
-112
-73
-36
-1
30
59
84
104
120
131
138
141
141
138
133
128
121
116
111
107
106
107
110
116
124
135
147
160
174
187
199
207
212
211
204
190
168
138
101
58
8
-45
-101
-159
-216
-269
-319
-361
-396
-422
-437
-443
-438
-424
-402
-373
-339
-301
-263
-226
-191
-162
-138
-121
-111
-109
-113
-124
-138
-156
-174
-193
-209
-222
-231
-236
-236
-232
-224
-213
-201
-188
-175
-164
-155
-149
-145
-144
-144
-145
-145
-144
-140
-133
-120
-103
-79
-51
-17
20
62
107
153
200
248
294
339
381
420
456
488
515
537
555
568
576
579
577
571
561
546
528
507
482
453
421
386
347
304
259
210
158
105
50
-3
-58
-111
-161
-209
-252
-291
-326
-356
-382
-403
-419
-432
-442
-448
-452
-453
-452
-450
-446
-440
-434
-428
-420
-413
-405
-397
-389
-382
-374
-367
-359
-351
-342
-331
-318
-303
-285
-262
-236
-205
-170
-130
-86
-38
11
64
118
171
223
271
314
353
384
409
426
437
441
439
432
420
405
388
369
349
329
308
288
268
249
231
213
196
180
164
150
136
124
114
105
98
93
90
88
88
90
92
96
100
104
108
112
115
118
119
119
117
112
106
96
84
69
52
32
10
-12
-35
-59
-81
-102
-122
-138
-152
-163
-171
-176
-178
-178
-175
-171
-166
-160
-152
-145
-136
-128
-118
-108
-97
-85
-73
-60
-47
-34
-21
-9
0
10
18
24
29
32
34
35
36
37
39
40
43
46
50
54
59
64
69
74
77
79
79
78
74
68
60
50
38
25
12
-2
-16
-30
-44
-56
-67
-76
-83
-88
-92
-93
-93
-92
-89
-85
-81
-76
-72
-68
-65
-63
-62
-61
-62
-63
-65
-68
-70
-72
-73
-73
-72
-70
-66
-60
-52
-41
-29
-13
3
22
44
66
90
113
135
156
174
188
198
203
202
196
185
170
150
127
102
75
49
23
-1
-23
-43
-60
-75
-86
-95
-102
-108
-112
-116
-119
-122
-126
-130
-135
-139
-143
-146
-149
-150
-150
-149
-145
-140
-132
-122
-111
-98
-83
-67
-51
-34
-17
-1
14
27
40
50
59
66
71
76
80
83
87
90
94
97
101
104
107
109
110
110
109
107
103
99
93
85
77
68
57
46
34
21
8
-4
-16
-29
-40
-51
-60
-68
-74
-79
-82
-83
-84
-84
-84
-83
-83
-83
-84
-85
-88
-91
-95
-99
-105
-110
-116
-122
-128
-133
-138
-142
-144
-145
-144
-142
-137
-130
-122
-111
-98
-84
-68
-50
-31
-12
7
28
48
68
86
103
119
133
145
154
162
167
171
172
173
171
169
166
162
157
153
149
145
141
137
134
130
127
122
117
112
105
97
88
79
69
58
48
37
27
18
9
0
-6
-13
-20
-26
-31
-37
-42
-47
-52
-56
-60
-65
-69
-73
-77
-80
-84
-88
-92
-96
-100
-103
-106
-107
-107
-106
-102
-96
-88
-78
-65
-49
-32
-12
8
30
52
75
97
118
136
153
165
174
179
180
177
170
159
145
129
111
92
73
53
34
16
0
-14
-28
-39
-48
-55
-60
-62
-61
-58
-53
-46
-37
-26
-15
-2
10
23
35
47
58
67
73
78
80
78
74
67
57
44
28
11
-7
-26
-46
-64
-81
-96
-109
-118
-123
-124
-121
-114
-104
-91
-75
-58
-40
-21
-3
13
28
41
53
63
71
78
83
88
93
98
103
108
114
120
126
131
135
135
133
126
114
97
73
44
8
-33
-79
-129
-182
-237
-290
-342
-389
-431
-465
-489
-504
-508
-500
-482
-453
-415
-370
-317
-261
-201
-140
-80
-21
34
86
134
178
217
252
282
307
327
343
354
359
359
353
341
323
298
267
229
186
137
84
29
-27
-84
-139
-189
-234
-272
-301
-320
-328
-326
-313
-291
-259
-221
-176
-129
-81
-33
10
49
81
105
121
129
129
121
108
89
68
46
24
4
-13
-27
-37
-43
-45
-43
-39
-32
-24
-16
-9
-3
0
1
0
-2
-8
-14
-22
-30
-37
-44
-49
-52
-52
-50
-47
-41
-33
-25
-16
-7
0
8
15
21
26
30
34
38
43
49
57
66
77
91
106
124
142
161
180
198
214
227
237
243
243
239
229
215
196
173
148
122
95
70
46
26
9
-3
-11
-16
-17
-16
-12
-8
-4
-1
0
-2
-6
-12
-22
-33
-46
-60
-74
-87
-98
-108
-116
-121
-124
-125
-125
-123
-121
-117
-114
-110
-107
-104
-101
-99
-98
-97
-96
-96
-96
-97
-96
-95
-93
-89
-82
-71
-57
-39
-17
10
42
79
120
165
214
264
316
368
418
466
509
547
579
603
618
624
622
609
588
557
517
469
413
350
281
207
128
47
-35
-118
-198
-274
-344
-407
-460
-504
-536
-558
-567
-567
-556
-536
-508
-475
-436
-395
-351
-307
-263
-220
-180
-143
-110
-81
-57
-38
-24
-16
-12
-15
-22
-34
-51
-71
-93
-117
-141
-164
-185
-201
-212
-218
-217
-210
-196
-177
-152
-124
-92
-58
-24
9
42
72
101
127
149
169
186
199
209
217
221
222
221
218
214
208
202
196
191
188
187
188
192
199
210
223
239
256
274
291
307
318
325
326
321
308
287
259
225
185
140
93
43
-5
-55
-102
-147
-190
-229
-265
-299
-329
-357
-383
-407
-428
-447
-463
-477
-488
-495
-498
-497
-492
-483
-470
-454
-434
-411
-386
-359
-331
-301
-271
-241
-212
-184
-159
-136
-117
-103
-95
-92
-96
-107
-124
-148
-178
-212
-249
-288
-325
-360
-389
-410
-421
-421
-408
-381
-340
-284
-214
-131
-36
67
179
296
416
537
656
772
882
985
1078
1161
1232
1289
1331
1358
1367
1360
1335
1292
1232
1155
1063
957
839
710
574
434
291
149
11
-121
-245
-359
-461
-550
-626
-688
-736
-770
-792
-802
-800
-789
-770
-744
-712
-676
-638
-599
-560
-521
-484
-450
-417
-387
-360
-336
-314
-294
-277
-262
-249
-239
-230
-224
-220
-219
-220
-224
-230
-236
-244
-250
-254
-254
-249
-237
-217
-188
-149
-100
-41
25
100
180
262
346
427
504
575
636
687
726
753
767
767
756
733
700
658
610
557
502
446
390
338
