-22
-29
-35
-38
-39
-36
-29
-16
1
23
49
79
110
140
169
193
212
223
225
218
200
172
135
90
39
-16
-75
-133
-189
-240
-284
-320
-346
-360
-364
-357
-339
-312
-277
-236
-190
-142
-93
-46
0
40
76
107
131
148
160
165
166
162
155
144
132
118
104
89
74
59
45
31
19
7
-4
-15
-27
-38
-49
-60
-71
-81
-90
-97
-103
-105
-103
-98
-90
-77
-60
-41
-19
5
30
55
81
105
127
146
163
176
186
192
194
193
188
181
171
159
146
132
117
102
86
71
56
43
31
21
15
13
15
23
37
57
83
115
151
191
233
275
317
355
388
415
434
443
443
432
412
382
343
296
244
188
129
69
9
-48
-104
-158
-208
-255
-299
-339
-376
-410
-440
-465
-487
-503
-514
-519
-518
-510
-494
-472
-442
-407
-366
-321
-273
-225
-177
-132
-91
-54
-24
0
17
30
37
39
39
37
34
31
28
27
26
26
25
24
22
18
11
2
-9
-24
-40
-58
-77
-96
-116
-135
-154
-173
-194
-216
-242
-271
-307
-349
-397
-452
-514
-580
-650
-719
-786
-846
-895
-929
-945
-940
-910
-855
-772
-664
-531
-376
-203
-16
178
376
570
756
927
1079
1209
1312
1388
1434
1452
1442
1408
1351
1275
1184
1083
976
866
757
653
556
467
388
318
259
209
166
130
98
69
41
12
-18
-52
-90
-131
-177
-225
-276
-328
-381
-433
-483
-531
-574
-613
-646
-675
-697
-714
-726
-732
-733
-729
-720
-707
-689
-667
-640
-609
-574
-534
-491
-444
-393
-340
-285
-229
-173
-118
-63
-11
37
84
126
165
200
231
258
282
303
321
337
350
362
373
382
389
394
398
400
399
396
391
384
375
364
353
340
327
315
304
293
284
277
271
265
261
256
252
246
240
232
223
212
200
186
171
156
140
125
109
95
80
67
53
40
27
14
1
-11
-24
-36
-47
-57
-64
-69
-71
-70
-66
-58
-48
-36
-22
-8
4
16
25
31
34
33
28
19
8
-3
-16
-29
-40
-48
-53
-54
-51
-44
-34
-21
-6
9
24
39
51
61
68
73
74
74
71
66
61
55
49
44
39
35
32
29
25
21
16
8
-1
-14
-32
-53
-77
-105
-136
-169
-204
-238
-272
-303
-332
-356
-376
-390
-398
-400
-395
-385
-369
-349
-324
-298
-270
-243
-217
-194
-174
-160
-150
-147
-149
-155
-167
-182
-199
-217
-235
-251
-264
-272
-276
-273
-265
-250
-230
-205
-176
-144
-109
-73
-35
1
39
76
112
147
182
215
247
277
306
333
357
379
396
409
418
422
420
413
401
385
365
342
318
293
269
246
225
207
191
178
168
160
153
147
140
133
125
114
101
85
66
45
22
-2
-27
-53
-78
-102
-125
-146
-165
-183
-198
-212
-224
-234
-242
-248
-252
-253
-251
-247
-239
-229
-215
-199
-179
-157
-134
-109
-83
-56
-31
-6
16
36
54
68
79
86
90
89
85
76
64
48
29
6
-19
-46
-75
-105
-135
-163
-190
-214
-235
-251
-262
-267
-266
-258
-243
-222
-194
-160
-120
-77
-31
16
63
109
152
191
224
252
273
288
296
297
294
285
273
258
241
223
205
187
170
155
142
131
122
115
111
108
108
109
112
117
123
129
136
143
148
152
153
152
146
137
123
105
83
56
27
-5
-39
-74
-109
-143
-174
-201
-224
-241
-253
-258
-256
-249
-235
-217
-194
-168
-139
-109
-79
-50
-23
0
22
39
53
63
69
72
71
68
62
55
45
35
24
13
1
-8
-18
-26
-34
-40
-44
-47
-48
-49
-48
-47
-45
-44
-42
-41
-40
-38
-37
-36
-34
-31
-28
-24
-18
-12
-4
4
13
23
34
45
56
67
77
87
96
104
111
118
124
130
135
140
145
149
152
156
158
160
161
161
159
156
151
144
135
123
107
89
67
42
15
-12
-42
-71
-100
-126
-150
-170
-186
-198
-205
-209
-209
-207
-203
-197
-191
-184
-177
-171
-164
-156
-148
-137
-124
-108
-88
-64
-37
-6
27
63
99
134
166
195
218
234
242
242
233
216
191
159
120
77
32
-15
-61
-106
-148
-185
-216
-241
-260
-273
-280
-282
-278
-272
-262
-251
-238
-225
-212
-199
-187
-175
-164
-152
-141
-129
-116
-101
-85
-67
-46
-23
1
29
58
87
117
146
173
198
221
239
255
266
274
279
280
279
275
269
261
251
239
226
211
195
176
156
133
109
82
52
20
-13
-49
-86
-124
-160
-195
-227
-256
-279
-296
-307
-311
-308
-298
-281
-258
-230
-199
-165
-130
-94
-60
-27
2
28
51
71
86
98
107
111
113
112
108
101
92
82
70
57
42
28
12
-2
-17
-31
-44
-56
-66
-74
-79
-81
-81
-77
-71
-61
-50
-36
-21
-5
9
24
37
48
57
64
68
69
69
66
63
59
54
50
45
41
35
30
23
14
3
-9
-25
-42
-62
-82
-102
-120
-135
-145
-150
-147
-137
-120
-96
-68
-37
-6
22
46
65
77
84
84
80
72
62
53
44
38
35
37
42
52
65
81
98
117
136
153
169
182
192
201
207
211
215
219
225
232
242
255
270
287
304
320
333
341
341
333
314
285
244
193
132
64
-9
-85
-161
-234
-302
-360
-409
-445
-468
-478
-474
-458
-430
-393
-348
-297
-244
-190
-138
-89
-46
-8
21
43
59
68
72
72
70
66
63
61
61
64
70
78
87
97
106
113
116
115
109
97
79
56
29
-1
-34
-67
-99
-128
-154
-176
-192
-203
-210
-211
-209
-204
-197
-190
-183
-178
-174
-172
-173
-176
-179
-184
-188
-190
-189
-185
-176
-162
-141
-115
-82
-44
-1
45
95
147
198
248
295
338
376
409
436
458
473
483
488
488
483
474
460
442
420
394
364
330
292
251
206
158
107
53
-1
-57
-114
-170
-224
-274
-321
-361
-396
-423
-443
-455
-459
-456
-446
-429
-406
-380
-349
-316
-282
-247
-211
-177
-143
-111
-82
-55
-30
-9
8
24
36
46
53
59
63
66
69
72
76
82
89
97
108
120
133
146
160
173
184
193
199
201
199
192
180
165
144
121
94
65
34
3
-28
-59
-89
-117
-144
-169
-191
-210
-226
-238
-245
-247
-244
-234
-218
-195
-166
-129
-87
-40
10
62
115
166
212
252
284
307
318
318
306
284
253
213
168
119
68
17
-31
-76
-117
-152
-180
-201
-216
-223
-223
-218
-206
-190
-170
-147
-122
-97
-73
-50
-30
-12
2
15
25
34
41
47
54
60
67
75
83
92
100
109
117
123
129
133
136
137
136
133
129
123
115
106
96
84
73
61
48
36
23
11
-1
-13
-25
-37
-49
-61
-72
-82
-92
-102
-111
-119
-126
-133
-138
-142
-145
-146
-146
-144
-142
-138
-133
-127
-121
-114
-107
-100
-92
-84
-75
-66
-56
-45
-34
-22
-10
2
15
28
41
53
64
74
84
92
99
105
109
113
116
118
119
120
120
119
117
115
111
106
100
93
85
76
67
58
48
39
30
22
15
7
1
-5
-12
-19
-27
-36
-46
-57
-69
-81
-93
-105
-116
-125
-132
-137
-140
-141
-140
-138
-134
-130
-127
-125
-123
-124
-126
-130
-135
-141
-146
-151
-153
-152
-148
-140
-128
-111
-91
-67
-39
-10
19
50
79
106
129
149
163
172
176
174
167
156
142
126
110
95
82
74
70
73
82
98
120
147
179
214
250
287
321
353
378
398
409
412
405
388
362
327
284
235
180
122
63
4
-52
-104
-152
-194
-229
-257
-278
-292
-300
-303
-301
-295
-285
-273
-259
-244
-227
-209
-192
-174
-156
-139
-124
-110
-98
-88
-81
-77
-76
-78
-82
-89
-96
-103
-110
-115
-117
-115
-109
-99
-84
-65
-42
-17
10
38
65
90
113
132
146
155
158
157
150
140
127
111
96
80
67
57
52
51
55
63
77
94
114
136
158
178
197
211
220
224
221
211
195
172
144
111
75
38
0
-36
-70
-102
-129
-151
-169
-181
-187
-188
-185
-176
-164
-149
-131
-111
-91
-72
-53
-37
-24
-14
-8
-6
-8
-13
-22
-34
-47
-62
-76
-90
-103
-113
-120
-124
-124
-122
-118
-112
-104
-96
-89
-83
-78
-74
-73
-72
-73
-75
-77
-79
-80
-79
-78
-74
-68
-59
-48
-35
-21
-4
13
32
52
71
90
109
126
141
155
166
175
182
186
187
186
184
179
173
166
159
152
145
138
133
128
123
118
113
107
99
88
75
58
37
12
-16
-49
-85
-123
-161
-199
-235
-267
-294
-315
-328
-333
-330
-319
-301
-276
-246
-212
-175
-137
-99
-62
-28
2
30
54
74
91
106
117
126
134
140
144
148
151
152
153
151
148
142
134
123
111
95
78
59
38
16
-6
-31
-55
-81
-106
-130
-154
-177
-197
-215
-229
-239
-245
-245
-239
-226
-207
-180
-147
-108
-62
-11
42
100
160
220
279
334
385
431
469
498
517
527
526
514
492
461
422
376
324
268
210
151
91
34
-21
-73
-120
-163
-201
-233
-259
-280
-294
-304
-308
-309
-305
-299
-290
-280
-270
-260
-252
-245
-240
-239
-240
-244
-251
-259
-269
-280
-289
-296
-301
-300
-295
-284
-267
-244
-215
-182
-144
-104
-63
-20
20
60
98
133
164
192
216
236
253
266
276
284
288
291
292
291
288
285
280
274
266
258
248
236
224
210
194
178
161
142
124
105
85
66
46
27
8
-10
-28
-45
-61
-76
-90
-102
-113
-121
-127
-131
-134
-134
-134
-132
-129
-125
-122
-118
-114
-109
-105
-99
-93
-85
-75
-62
-46
-28
-6
17
44
71
100
127
154
177
198
214
227
234
236
233
226
215
200
183
162
141
118
94
71
48
26
4
-16
-36
-55
-73
-91
-107
-123
-137
-150
-162
-172
-180
-186
-189
-191
-191
-188
-183
-177
-169
-159
-148
-136
-123
-110
-96
-82
-69
-55
-42
-29
-17
-5
4
13
21
26
29
29
27
23
16
7
-2
-13
-24
-35
-44
-51
-57
-59
-59
-55
-49
-41
-30
-18
-6
6
19
31
44
56
69
83
99
116
136
158
181
206
232
258
282
304
323
338
347
350
346
337
321
299
273
242
209
174
140
106
74
44
18
-5
-25
-43
-58
-71
-84
-95
-106
-117
-128
-139
-149
-159
-168
-176
-183
-188
-192
-195
-196
-195
-193
-189
-185
-179
-173
-166
-159
-153
-146
-140
-135
-129
-123
-117
-111
-103
-95
-87
-77
-67
-57
-47
-37
-28
-20
-13
-7
-3
0
0
0
-3
-8
-15
-24
-35
-48
-64
-81
-101
-122
-145
-169
-192
-215
-235
-251
-262
-266
-263
-252
-232
-202
-164
-117
-64
-6
54
117
178
236
288
333
368
393
407
408
398
376
343
300
248
189
123
54
