-146
-148
-149
-146
-142
-136
-129
-120
-111
-101
-92
-82
-71
-60
-48
-33
-17
2
26
54
85
121
160
202
246
288
329
366
397
420
433
435
426
404
372
328
276
216
152
85
18
-45
-105
-157
-201
-234
-256
-266
-264
-251
-228
-195
-155
-110
-61
-11
38
85
128
167
199
226
246
260
269
272
271
265
257
245
232
217
201
184
165
145
124
100
75
49
20
-9
-41
-73
-105
-137
-168
-197
-223
-247
-266
-281
-291
-297
-297
-293
-283
-269
-250
-228
-203
-175
-146
-116
-86
-57
-30
-6
14
31
44
52
55
54
48
39
27
12
-4
-22
-42
-61
-80
-98
-116
-132
-146
-157
-166
-172
-174
-173
-168
-159
-147
-131
-114
-96
-77
-59
-42
-26
-13
-2
6
13
18
23
28
33
39
46
54
62
71
80
88
94
97
96
91
80
64
42
15
-17
-53
-92
-132
-171
-207
-238
-262
-278
-284
-280
-264
-239
-203
-157
-104
-44
19
86
153
217
278
332
379
417
445
461
467
462
446
419
383
339
287
230
168
102
35
-31
-96
-158
-215
-266
-308
-341
-363
-375
-375
-364
-342
-312
-274
-230
-184
-137
-92
-50
-13
16
39
56
65
69
69
65
59
53
48
44
42
42
46
51
58
65
73
79
84
86
85
80
71
59
45
28
9
-8
-26
-42
-55
-66
-72
-74
-73
-67
-58
-46
-33
-17
-2
11
24
34
42
46
46
44
40
35
29
25
22
22
26
34
45
60
78
98
119
139
158
173
186
194
197
196
190
181
167
151
132
112
90
67
43
20
-2
-23
-42
-58
-71
-80
-84
-83
-77
-67
-52
-33
-10
15
43
72
102
131
160
186
209
229
244
253
257
255
246
232
212
187
157
125
90
54
18
-16
-48
-76
-100
-117
-128
-132
-129
-120
-106
-88
-70
-52
-37
-29
-28
-37
-56
-87
-130
-181
-241
-306
-374
-439
-500
-551
-590
-614
-621
-609
-578
-530
-464
-385
-294
-196
-94
7
104
195
275
341
394
430
450
455
445
422
389
348
302
255
208
164
127
96
75
63
60
66
79
97
118
140
159
174
181
179
166
140
103
53
-6
-74
-149
-226
-303
-376
-442
-498
-543
-575
-592
-595
-585
-563
-530
-488
-441
-391
-340
-289
-242
-199
-161
-129
-101
-78
-58
-40
-22
-2
21
50
84
125
173
228
288
353
422
491
560
627
689
743
789
824
847
856
852
833
800
755
699
633
561
483
402
319
237
156
76
0
-75
-149
-222
-294
-366
-437
-508
-577
-644
-706
-761
-809
-847
-872
-885
-883
-867
-837
-794
-739
-674
-602
-524
-444
-364
-285
-210
-139
-74
-16
34
78
115
145
168
184
194
197
193
183
168
147
121
91
58
24
-9
-41
-70
-94
-112
-124
-128
-124
-112
-92
-66
-33
3
44
87
131
174
216
255
290
321
348
370
388
401
409
414
414
412
406
398
387
375
361
347
332
318
305
294
285
278
273
270
268
267
264
258
248
232
209
177
137
87
28
-36
-108
-182
-258
-331
-400
-461
-513
-554
-582
-597
-599
-587
-563
-528
-483
-431
-372
-309
-244
-179
-115
-55
0
50
94
130
160
183
200
212
218
221
222
220
217
214
211
207
203
199
193
185
174
160
141
117
87
53
16
-23
-63
-102
-137
-166
-189
-202
-207
-203
-191
-171
-147
-118
-86
-54
-22
7
34
57
77
91
101
105
104
97
84
66
43
14
-17
-53
-93
-135
-179
-225
-272
-318
-364
-408
-450
-487
-519
-545
-563
-572
-571
-560
-538
-507
-465
-415
-358
-294
-226
-155
-82
-10
60
127
190
248
300
346
385
419
447
470
489
503
514
522
528
531
533
532
528
520
509
494
474
449
419
384
346
304
261
217
174
133
95
61
31
6
-14
-30
-43
-53
-61
-67
-74
-82
-92
-103
-117
-134
-153
-173
-193
-212
-229
-243
-252
-256
-254
-247
-235
-219
-200
-180
-160
-142
-127
-116
-111
-111
-116
-126
-139
-154
-169
-182
-191
-195
-194
-188
-176
-160
-142
-125
-109
-98
-93
-95
-105
-122
-145
-172
-200
-226
-248
-262
-265
-255
-231
-191
-135
-65
16
107
204
303
399
487
563
623
663
683
679
651
601
531
443
342
233
122
14
-84
-168
-231
-269
-279
-259
-209
-129
-22
105
249
402
556
703
837
951
1040
1102
1135
1141
1120
1075
1011
932
842
746
649
554
466
386
316
257
208
168
135
106
79
52
22
-12
-52
-98
-149
-205
-265
-326
-388
-448
-504
-555
-600
-639
-669
-692
-706
-712
-710
-700
-684
-661
-633
-600
-564
-526
-488
-450
-413
-380
-352
-328
-309
-296
-288
-283
-282
-281
-280
-277
-270
-257
-238
-213
-180
-141
-97
-49
0
48
94
136
170
195
211
214
206
185
152
108
54
-7
-74
-144
-215
-283
-346
-401
-447
-481
-503
-512
-508
-491
-463
-423
-374
-317
-254
-188
-119
-52
13
76
134
187
235
278
316
350
379
406
429
449
466
478
487
489
484
471
449
416
371
315
246
167
77
-19
-122
-228
-334
-438
-537
-627
-708
-778
-835
-879
-908
-923
-924
-910
-882
-839
-783
-713
-632
-539
-437
-328
-213
-97
17
127
229
320
395
453
492
509
505
479
435
373
298
212
121
27
-64
-152
-232
-302
-361
-409
-444
-468
-481
-485
-480
-469
-453
-434
-412
-390
-368
-347
-328
-310
-292
-276
-259
-240
-218
-192
-161
-123
-77
-24
36
104
176
252
328
402
470
529
576
609
626
626
609
576
528
469
402
330
258
190
128
77
38
12
1
4
19
46
81
123
168
214
260
304
343
379
411
438
463
485
505
524
543
561
579
595
610
622
630
635
636
633
626
617
606
595
584
574
568
564
564
568
574
583
594
604
613
619
620
614
600
577
543
499
445
382
311
234
154
72
-7
-83
-153
-214
-264
-303
-328
-340
-338
-323
-296
-258
-212
-159
-104
-47
7
56
98
131
151
159
153
133
100
54
-1
-67
-140
-218
-298
-379
-458
-534
-603
-664
-714
-753
-779
-788
-782
-758
-716
-656
-579
-486
-380
-264
-140
-13
114
237
353
457
548
623
679
716
734
732
712
674
620
553
476
390
298
205
111
21
-62
-139
-206
-262
-307
-339
-359
-368
-367
-357
-340
-319
-296
-272
-251
-234
-223
-220
-224
-238
-259
-289
-325
-366
-411
-457
-501
-542
-576
-603
-620
-626
-622
-608
-585
-554
-518
-479
-439
-401
-365
-335
-309
-290
-275
-265
-258
-253
-247
-239
-228
-212
-190
-162
-127
-86
-41
7
56
105
150
190
222
245
259
262
256
241
218
189
155
117
76
33
-10
-56
-103
-153
-205
-259
-317
-379
-443
-509
-575
-641
-704
-761
-809
-847
-870
-876
-864
-832
-780
-707
-613
-502
-375
-235
-84
71
230
388
541
685
817
934
1033
1112
1169
1202
1211
1195
1155
1092
1007
904
784
652
511
365
220
79
-53
-174
-280
-370
-440
-492
-526
-543
-544
-533
-513
-487
-459
-432
-409
-393
-386
-389
-403
-426
-457
-494
-534
-573
-607
-632
-644
-638
-612
-564
-491
-394
-274
-133
24
196
376
559
739
912
1072
1215
1338
1438
1514
1566
1593
1598
1583
1551
1505
1448
1384
1316
1245
1175
1105
1038
973
909
845
782
717
650
580
506
429
349
266
181
96
11
-72
-153
-231
-305
-375
-441
-503
-560
-614
-665
-713
-757
-799
-839
-875
-909
-939
-966
-989
-1007
-1020
-1026
-1024
-1013
-990
-954
-905
-840
-759
-664
-554
-432
-301
-163
-22
116
250
374
486
581
659
716
753
770
769
751
719
676
626
571
516
462
411
365
325
291
262
237
216
196
176
156
132
106
75
39
-1
-48
-101
-159
-222
-288
-358
-429
-499
-567
-632
-691
-742
-783
-814
-832
-838
-830
-807
-772
-724
-664
-595
-518
-436
-351
-266
-183
-104
-31
34
92
141
181
213
236
252
262
266
265
259
250
237
221
201
179
153
124
92
59
26
-7
-39
-69
-94
-114
-128
-135
-136
-131
-120
-105
-88
-69
-51
-35
-23
-16
-14
-18
-28
-44
-66
-92
-123
-155
-189
-220
-248
-270
-284
-287
-279
-258
-225
-179
-124
-60
8
79
149
215
274
324
362
388
401
401
389
366
333
291
242
187
128
65
0
-67
-135
-204
-272
-339
-406
-470
-533
-594
-652
-706
-757
-804
-845
-881
-911
-933
-947
-954
-951
-938
-914
-878
-831
-769
-695
-606
-505
-391
-266
-133
5
146
286
421
548
663
764
849
916
965
997
1013
1014
1005
988
966
944
922
906
895
891
894
903
916
932
947
959
965
962
950
925
889
842
785
718
644
564
479
391
299
204
105
2
-104
-217
-335
-457
-581
-706
-828
-943
-1047
-1136
-1205
-1250
-1268
-1257
-1215
-1141
-1039
-910
-758
-588
-406
-218
-31
147
313
459
580
675
739
771
774
747
694
619
526
420
306
189
75
-32
-131
-218
-290
-348
-389
-415
-427
-426
-415
-394
-367
-335
-300
-264
-228
-193
-161
-132
-105
-81
-59
-37
-14
11
41
77
120
172
234
304
383
469
561
657
754
850
941
1026
1102
1166
1217
1254
1274
1279
1267
1239
1195
1137
1067
985
894
797
695
591
487
384
285
190
100
15
-63
-139
-209
-276
-340
-399
-455
-505
-550
-588
-619
-641
-656
-662
-661
-653
-640
-623
-606
-588
-573
-562
-557
-560
-570
-589
-617
-655
-701
-755
-817
-884
-956
-1030
-1103
-1174
-1240
-1297
-1342
-1372
-1384
-1374
-1341
-1282
-1197
-1086
-949
-789
-608
-410
-201
15
235
451
660
857
1038
1200
1342
1461
1556
1628
1678
1705
1712
1701
1673
1630
1575
1509
1434
1349
1257
1157
1048
931
806
671
529
380
226
69
-88
-243
-392
-532
-661
-775
-873
-953
-1015
-1057
-1080
-1086
-1075
-1049
-1010
-961
-903
-839
-771
-700
-629
-559
-491
-427
-368
-317
-274
-241
-219
-210
-212
-228
-255
-293
-340
-393
-448
-504
-555
-599
-632
-650
-652
-635
-599
-544
-469
-378
-273
-156
-32
95
223
347
464
569
662
740
802
846
874
884
878
856
820
771
711
642
566
486
404
324
246
173
108
50
2
-37
-68
-92
-110
-125
-138
-151
-168
-190
-219
-256
-304
-361
-428
-503
-586
-674
-765
-856
-943
-1023
-1094
-1151
-1192
-1214
-1213
-1188
-1137
-1057
-948
-810
-646
-457
-247
-21
213
452
686
911
1120
1308
1472
1609
1717
1795
1842
1858
1843
1798
1725
1623
1496
1345
1174
988
790
585
379
178
-12
-186
-339
-465
-562
-625
-654
-648
-608
-534
-431
-301
-149
19
200
387
576
762
940
1106
1256
1387
1497
1583
1643
1674
1677
1648
1588
1497
1374
1219
1035
823
587
329
55
-230
-519
-806
-1084
-1345
-1582
-1790
-1963
-2098
-2193
-2247
-2261
-2238
-2182
-2096
-1987
-1860
-1721
-1576
-1429
-1286
-1149
-1022
-907
-806
-717
-642
-579
-527
-484
-448
-416
-388
-359
-329
-296
-257
-212
