227
259
285
304
316
321
318
308
291
267
237
202
163
120
74
27
-19
-66
-111
-154
-192
-225
-252
-273
-289
-297
-301
-299
-293
-285
-274
-263
-251
-239
-227
-215
-202
-188
-171
-151
-127
-98
-65
-28
11
53
95
135
172
205
230
248
258
259
251
236
213
185
153
118
82
46
13
-15
-40
-58
-70
-76
-74
-65
-49
-27
0
31
67
104
143
182
220
255
287
316
339
357
369
375
375
370
360
345
327
306
283
259
236
212
190
169
150
132
114
97
81
63
45
24
2
-23
-51
-81
-113
-147
-181
-214
-245
-273
-296
-314
-326
-332
-332
-326
-315
-298
-279
-256
-233
-209
-185
-162
-141
-122
-106
-91
-78
-66
-56
-46
-37
-27
-18
-8
0
10
20
29
37
45
51
55
56
56
53
48
41
34
26
20
16
15
17
23
33
47
64
84
105
127
148
166
181
192
198
199
194
184
169
150
128
104
78
53
28
5
-15
-34
-51
-65
-76
-85
-92
-98
-102
-104
-106
-107
-108
-108
-108
-109
-109
-111
-114
-118
-125
-133
-143
-156
-171
-188
-206
-224
-241
-257
-269
-277
-279
-275
-262
-242
-213
-177
-133
-83
-28
28
87
146
202
254
300
340
372
396
410
416
413
401
382
355
321
283
240
194
148
101
55
13
-25
-59
-87
-109
-124
-134
-138
-136
-132
-124
-115
-107
-99
-94
-92
-93
-100
-111
-126
-145
-167
-192
-217
-243
-267
-289
-306
-318
-322
-319
-307
-286
-256
-218
-171
-118
-59
2
67
131
193
250
300
341
371
389
393
384
362
328
284
234
180
126
75
31
-1
-23
-32
-27
-8
21
61
109
161
213
262
304
337
357
363
354
329
289
235
171
98
21
-58
-136
-210
-277
-336
-384
-422
-448
-463
-467
-462
-450
-430
-405
-376
-346
-314
-282
-251
-221
-192
-165
-138
-112
-87
-61
-36
-11
12
35
57
75
91
102
110
114
113
109
101
92
80
69
59
51
46
46
49
58
71
90
112
138
166
196
227
257
286
312
336
356
372
384
391
393
390
382
369
351
327
298
263
225
182
135
85
33
-20
-74
-127
-180
-229
-276
-319
-357
-391
-419
-443
-462
-477
-488
-495
-498
-497
-493
-483
-469
-449
-421
-387
-344
-292
-232
-164
-88
-8
75
161
244
324
397
460
513
554
581
596
597
586
564
532
492
445
393
338
280
220
159
98
37
-24
-85
-144
-202
-258
-310
-357
-399
-433
-459
-476
-482
-477
-460
-433
-396
-349
-294
-233
-168
-102
-36
25
81
129
167
193
208
209
198
175
141
98
49
-4
-60
-115
-167
-213
-253
-284
-307
-321
-327
-326
-318
-307
-292
-276
-261
-246
-233
-222
-214
-207
-200
-194
-186
-175
-159
-137
-109
-73
-29
22
81
147
217
291
367
442
516
585
648
705
752
790
817
832
834
824
801
766
718
658
589
511
425
334
241
146
52
-37
-122
-199
-267
-325
-371
-406
-429
-441
-442
-435
-421
-401
-379
-355
-333
-314
-300
-291
-289
-293
-303
-318
-337
-358
-380
-401
-419
-433
-440
-440
-433
-418
-395
-366
-330
-290
-246
-202
-157
-114
-74
-38
-6
21
44
62
77
90
101
111
123
136
152
171
194
221
251
285
323
363
406
451
498
545
593
640
685
727
764
793
814
824
821
804
771
723
658
577
482
373
252
122
-13
-152
-290
-424
-550
-664
-765
-849
-914
-960
-985
-992
-980
-951
-908
-853
-789
-720
-647
-572
-498
-427
-357
-291
-228
-167
-108
-50
6
63
119
175
231
284
335
381
421
455
479
493
497
489
471
442
404
360
310
259
209
163
123
93
73
64
68
83
109
143
185
230
277
324
366
403
432
451
459
455
438
408
366
312
246
169
83
-11
-114
-223
-337
-454
-572
-689
-802
-909
-1007
-1094
-1166
-1221
-1258
-1275
-1270
-1244
-1196
-1128
-1041
-937
-819
-690
-552
-410
-267
-125
12
143
264
375
474
561
636
697
747
784
811
827
833
831
820
802
777
746
711
672
631
589
548
508
471
438
409
387
369
358
352
352
356
363
372
382
391
398
400
397
387
369
344
309
267
217
161
101
37
-26
-90
-151
-208
-260
-305
-344
-375
-401
-421
-436
-449
-459
-468
-478
-489
-502
-517
-534
-552
-570
-588
-604
-615
-622
-622
-613
-596
-571
-536
-492
-442
-385
-325
-263
-201
-142
-88
-41
-2
28
48
60
63
60
51
40
28
18
12
12
20
35
59
90
126
167
209
251
291
326
355
378
393
400
401
395
384
369
351
331
310
289
268
248
228
209
191
172
152
130
106
79
49
15
-19
-57
-96
-135
-172
-207
-237
-263
-283
-297
-305
-308
-305
-298
-288
-276
-263
-250
-237
-225
-213
-202
-190
-178
-165
-150
-132
-111
-87
-60
-29
4
42
83
126
173
222
275
330
389
450
513
578
644
708
770
827
877
917
944
956
950
925
878
810
721
610
481
334
173
3
-172
-349
-523
-688
-840
-976
-1091
-1184
-1252
-1293
-1309
-1299
-1265
-1208
-1132
-1040
-935
-820
-701
-579
-459
-344
-236
-137
-49
27
91
143
183
212
230
240
242
238
229
216
201
185
170
156
145
138
134
136
143
156
174
198
225
256
290
323
356
387
413
433
448
454
453
443
425
401
369
333
293
251
210
171
136
106
84
71
67
74
89
114
147
186
229
275
320
364
403
435
460
475
480
474
457
429
391
344
289
228
163
95
26
-42
-109
-175
-239
-301
-362
-420
-475
-528
-575
-617
-651
-677
-693
-699
-695
-681
-657
-625
-585
-538
-485
-427
-365
-300
-233
-167
-102
-39
18
70
116
155
186
208
222
229
228
220
207
190
169
147
123
101
79
60
44
31
22
17
14
16
19
25
33
43
53
63
73
82
90
95
98
98
95
88
77
63
46
26
3
-20
-45
-70
-95
-118
-140
-161
-179
-195
-209
-222
-232
-241
-248
-255
-261
-265
-269
-272
-273
-273
-271
-265
-257
-245
-229
-209
-184
-156
-125
-90
-54
-17
20
58
93
127
157
183
206
224
237
247
253
255
255
253
249
245
241
237
234
231
228
225
222
217
210
200
187
170
150
126
98
68
36
3
-30
-62
-92
-118
-140
-157
-169
-175
-175
-169
-158
-142
-122
-98
-72
-46
-19
6
30
50
68
81
90
96
98
97
93
88
82
76
69
63
57
53
48
44
40
35
29
21
10
-4
-22
-43
-68
-95
-125
-155
-185
-213
-238
-257
-271
-277
-274
-264
-244
-217
-182
-141
-94
-44
8
61
113
161
205
243
272
292
301
300
288
266
235
197
153
106
59
13
-27
-61
-87
-103
-107
-100
-82
-55
-19
23
70
118
164
207
244
273
292
301
299
287
266
236
200
159
116
72
30
-9
-44
-75
-100
-121
-136
-149
-158
-166
-174
-183
-193
-204
-218
-232
-248
-263
-277
-288
-297
-302
-302
-298
-288
-274
-256
-233
-207
-178
-147
-116
-84
-52
-22
6
33
58
82
102
121
137
151
161
168
172
172
167
158
145
129
109
87
64
41
18
-1
-18
-31
-39
-42
-38
-28
-12
8
36
67
103
140
177
214
248
277
300
317
325
326
318
302
280
251
218
180
141
100
59
18
-21
-59
-95
-129
-162
-193
-222
-249
-275
-300
-322
-344
-363
-380
-395
-407
-418
-426
-432
-437
-439
-441
-440
-439
-436
-431
-424
-415
-403
-388
-370
-349
-324
-296
-264
-229
-192
-152
-111
-69
-27
13
54
93
131
167
202
236
270
302
333
363
392
419
444
466
485
502
515
524
529
530
527
519
505
486
462
431
394
352
306
256
204
153
105
63
28
4
-6
-4
11
41
82
133
189
246
299
343
373
384
372
336
273
185
72
-60
-209
-368
-530
-687
-834
-963
-1068
-1144
-1189
-1200
-1177
-1121
-1036
-925
-794
-648
-493
-335
-180
-34
99
217
315
393
448
482
494
488
465
428
380
324
264
202
140
81
26
-22
-66
-102
-132
-156
-172
-182
-186
-183
-174
-159
-138
-111
-77
-37
8
60
117
179
246
317
390
466
543
619
692
762
825
881
926
960
981
987
979
954
914
859
789
707
614
512
403
291
177
65
-43
-145
-239
-323
-395
-455
-502
-536
-557
-566
-564
-553
-534
-510
-482
-452
-422
-393
-367
-343
-321
-302
-284
-266
-249
-231
-212
-191
-170
-149
-129
-112
-98
-89
-86
-91
-103
-123
-151
-184
-224
-266
-311
-355
-397
-434
-466
-490
-505
-511
-508
-495
-474
-445
-408
-365
-316
-263
-205
-144
-80
-13
56
128
202
278
355
432
508
580
648
709
761
802
829
841
837
815
776
720
648
561
463
355
243
130
20
-80
-168
-239
-291
-322
-332
-321
-294
-253
-206
-157
-114
-81
-66
-72
-100
-153
-229
-324
-434
-553
-674
-789
-893
-976
-1036
-1066
-1066
-1034
-971
-882
-771
-642
-504
-362
-223
-93
22
122
202
261
299
318
319
305
278
243
201
156
111
67
29
-1
-24
-36
-37
-24
0
38
88
149
218
293
370
447
520
587
646
694
730
753
765
764
753
731
701
662
617
566
509
448
383
314
242
166
88
8
-73
-156
-237
-317
-393
-463
-525
-578
-618
-646
-658
-654
-633
-596
-544
-478
-400
-313
-222
-128
-36
48
125
189
237
269
282
277
254
214
159
92
16
-63
-145
-223
-294
-355
-402
-434
-448
-444
-422
-382
-327
-259
-181
-94
-3
89
181
270
353
430
499
559
611
655
691
720
742
759
770
777
779
777
771
761
746
727
702
673
639
601
558
511
461
408
353
297
240
183
127
70
13
-42
-99
-156
-214
-272
-331
-391
-449
-506
-561
-611
-655
-692
-721
-739
-745
-740
-722
-691
-648
-594
-530
-458
-380
-299
-217
-137
-63
3
60
106
140
162
173
174
169
159
148
139
134
137
149
170
201
241
288
339
391
440
483
517
537
542
531
502
458
399
329
250
167
83
2
-72
-138
-194
-240
-274
-297
-312
-318
-319
-316
-310
-303
-297
-292
-288
-286
-286
-287
-289
-290
-291
-290
-288
-283
-277
-268
-257
-244
-230
-214
-198
-181
-165
-150
-136
-123
-113
-106
-101
-99
-99
-102
-106
-112
-119
-125
-131
-136
-140
-142
-141
-139
-134
-126
-117
-106
-93
-79
-64
-48
-31
-14
3
20
38
55
71
85
99
111
121
130
137
142
146
150
152
153
154
155
156
156
157
157
156
154
152
148
142
135
125
114
101
86
70
53
36
18
1
-15
-30
-44
-57
-68
-78
-86
-93
-100
-106
-111
-116
-121
-126
-130
-133
-134
-134
-131
-125
-116
-104
-88
-69
-48
-24
1
27
52
76
96
114
126
134
137
134
127
115
99
80
60
38
16
-4
-25
-43
-59
