656
650
639
624
604
582
556
526
494
459
422
382
340
297
253
208
164
120
78
38
0
-35
-68
-99
-127
-152
-176
-199
-221
-242
-262
-283
-303
-322
-341
-358
-374
-388
-400
-410
-417
-421
-422
-421
-416
-409
-399
-386
-371
-355
-336
-316
-296
-275
-253
-231
-209
-187
-163
-139
-114
-89
-62
-35
-7
19
46
72
96
118
138
154
166
175
180
181
179
174
167
157
145
132
119
105
91
78
65
52
41
31
23
17
14
13
15
20
29
41
56
73
94
116
139
163
186
207
226
241
252
259
260
257
250
238
223
206
187
167
147
127
108
90
74
59
46
35
25
16
9
3
0
-3
-4
-2
0
6
15
27
41
57
75
94
112
129
145
156
164
167
165
157
144
125
102
75
43
9
-26
-63
-101
-138
-173
-206
-235
-260
-279
-293
-300
-301
-295
-283
-265
-242
-214
-184
-152
-119
-87
-57
-30
-7
10
23
31
33
30
23
12
0
-14
-29
-44
-57
-69
-80
-89
-97
-103
-110
-116
-123
-131
-140
-150
-160
-171
-181
-190
-197
-201
-201
-197
-188
-175
-157
-135
-110
-83
-55
-26
0
24
46
63
76
85
89
89
86
80
73
64
56
49
44
41
41
43
49
57
67
80
94
109
124
139
153
165
176
185
191
194
193
190
183
173
160
145
127
107
86
64
42
19
-1
-22
-42
-59
-75
-88
-99
-107
-114
-119
-122
-123
-124
-125
-125
-125
-125
-124
-124
-124
-122
-120
-118
-113
-107
-100
-91
-80
-68
-54
-41
-27
-14
-2
7
15
21
24
25
25
23
20
16
14
11
10
10
12
15
19
24
30
37
44
51
58
64
70
74
78
80
82
84
85
87
88
91
94
97
101
104
107
109
110
108
105
99
90
79
66
50
32
13
-5
-25
-44
-61
-77
-89
-99
-105
-107
-106
-101
-94
-84
-72
-59
-45
-31
-16
-2
11
24
37
50
63
77
92
107
123
139
156
173
188
202
213
220
224
222
215
202
183
158
127
91
50
6
-41
-89
-138
-186
-231
-272
-307
-334
-353
-363
-363
-353
-333
-305
-268
-225
-178
-128
-77
-28
18
59
95
125
146
161
168
168
162
150
136
118
100
81
64
49
36
27
21
18
17
18
20
23
25
26
26
22
16
7
-4
-19
-36
-55
-75
-96
-115
-133
-149
-161
-169
-173
-171
-165
-153
-137
-117
-94
-69
-43
-18
5
26
44
58
68
73
74
71
66
59
52
46
41
39
41
46
56
70
88
108
130
153
175
195
213
226
234
237
236
229
219
205
190
173
156
139
123
107
93
80
67
54
40
26
10
-7
-26
-48
-71
-97
-124
-152
-180
-209
-237
-264
-289
-311
-330
-345
-357
-364
-367
-366
-361
-354
-344
-332
-318
-304
-289
-273
-258
-241
-224
-206
-185
-163
-138
-110
-79
-45
-9
28
67
105
141
175
204
228
245
255
257
253
241
223
200
173
143
111
79
48
18
-8
-34
-56
-77
-96
-112
-128
-142
-154
-164
-173
-178
-180
-178
-170
-158
-139
-114
-83
-47
-5
40
89
140
191
241
289
332
370
401
424
438
444
441
429
409
383
350
312
270
225
178
131
83
36
-9
-53
-94
-133
-168
-199
-227
-250
-269
-283
-293
-298
-298
-295
-287
-276
-261
-244
-224
-202
-179
-154
-129
-103
-77
-51
-25
0
24
48
71
92
112
130
146
159
170
179
185
188
189
186
181
173
161
147
130
111
90
69
46
24
3
-15
-31
-45
-55
-62
-66
-66
-64
-58
-51
-43
-34
-24
-15
-7
0
6
12
17
21
25
28
30
32
34
35
35
35
33
32
29
26
23
20
18
16
15
15
17
20
24
31
39
48
58
70
82
95
108
120
132
143
153
161
167
171
173
172
169
162
153
142
128
111
94
75
55
36
18
1
-13
-26
-37
-46
-52
-57
-61
-64
-66
-69
-71
-74
-77
-81
-85
-89
-94
-97
-101
-103
-104
-105
-103
-100
-96
-91
-85
-79
-72
-66
-60
-55
-52
-50
-50
-51
-53
-56
-61
-65
-70
-75
-80
-85
-89
-93
-96
-100
-105
-109
-115
-121
-129
-136
-143
-150
-156
-159
-159
-156
-148
-136
-119
-99
-75
-48
-20
7
35
60
83
103
118
129
136
140
141
139
136
133
129
127
126
127
129
132
137
143
148
154
158
161
161
160
155
147
135
120
101
78
51
21
-10
-44
-78
-113
-145
-176
-202
-224
-241
-251
-255
-253
-244
-229
-208
-184
-156
-126
-96
-67
-40
-17
1
15
24
28
26
19
9
-4
-20
-36
-53
-69
-83
-95
-103
-107
-108
-104
-97
-86
-72
-56
-39
-20
0
18
37
55
72
87
100
111
120
126
128
127
124
117
108
97
86
73
61
50
40
32
26
22
20
20
21
23
26
28
29
28
25
19
11
1
-10
-23
-35
-47
-57
-65
-69
-68
-64
-55
-43
-27
-9
10
30
50
68
84
97
106
111
111
107
99
88
73
57
39
21
4
-11
-25
-37
-45
-51
-53
-52
-48
-41
-32
-21
-8
5
20
34
48
62
73
84
92
98
103
105
106
105
102
98
92
84
76
66
54
41
28
13
-2
-17
-33
-48
-63
-76
-87
-96
-103
-107
-107
-106
-101
-94
-85
-74
-61
-48
-35
-21
-8
4
15
26
36
45
52
58
63
67
70
71
72
72
70
67
64
58
52
43
33
22
9
-5
-20
-36
-52
-67
-80
-91
-98
-101
-98
-91
-77
-58
-35
-7
23
55
88
119
147
172
191
206
214
216
213
206
194
180
165
149
133
119
107
96
89
83
79
77
75
73
71
67
61
54
44
32
17
1
-17
-37
-58
-80
-102
-124
-146
-166
-183
-199
-212
-222
-229
-233
-233
-231
-227
-221
-213
-205
-197
-190
-184
-181
-180
-183
-190
-201
-215
-233
-254
-277
-301
-324
-345
-363
-377
-385
-386
-380
-366
-345
-317
-282
-243
-200
-154
-108
-63
-19
20
57
90
119
144
165
184
201
218
234
250
267
286
305
324
344
363
380
395
406
413
415
413
405
392
374
352
326
297
267
235
203
172
141
113
87
64
43
25
10
-2
-14
-24
-34
-43
-51
-60
-68
-77
-85
-94
-102
-110
-118
-124
-130
-134
-137
-138
-138
-136
-132
-128
-122
-116
-110
-104
-99
-95
-91
-89
-89
-90
-93
-98
-104
-112
-121
-130
-139
-147
-154
-160
-163
-163
-161
-155
-147
-135
-120
-103
-82
-60
-36
-10
15
42
68
93
116
137
156
172
185
195
201
205
205
203
199
192
183
173
162
150
138
126
114
102
91
81
70
60
50
39
28
17
5
-5
-16
-27
-36
-44
-50
-53
-53
-50
-43
-34
-21
-6
10
29
48
66
84
99
110
119
123
123
119
110
99
85
69
52
35
19
6
-4
-12
-16
-16
-12
-4
5
18
31
46
59
72
82
89
93
93
89
82
71
57
39
19
-2
-26
-51
-77
-102
-127
-151
-173
-192
-208
-221
-229
-232
-231
-224
-212
-194
-172
-145
-115
-83
-49
-16
14
42
66
84
96
101
99
90
75
55
30
3
-25
-54
-81
-105
-126
-142
-153
-159
-160
-157
-150
-140
-128
-116
-103
-90
-78
-68
-58
-49
-42
-34
-26
-18
-8
2
15
29
45
62
79
96
112
126
137
143
144
141
131
116
96
71
43
11
-22
-57
-91
-124
-154
-180
-201
-216
-225
-226
-220
-206
-185
-158
-126
-89
-50
-9
31
70
106
138
165
186
201
209
212
208
200
186
170
151
130
109
88
69
52
37
25
16
9
5
2
0
0
-1
-4
-8
-13
-21
-29
-40
-51
-63
-74
-85
-93
-99
-101
-100
-95
-86
-73
-56
-38
-17
3
24
44
62
78
91
101
108
112
113
112
110
107
103
100
97
94
93
93
94
95
98
101
104
107
110
112
112
111
109
104
96
87
74
59
42
23
1
-21
-45
-71
-97
-123
-148
-173
-196
-217
-235
-250
-262
-270
-272
-270
-263
-251
-233
-211
-184
-153
-118
-81
-42
-2
37
75
111
143
171
192
208
217
220
216
207
192
173
150
125
98
70
42
15
-9
-32
-51
-67
-80
-88
-93
-94
-93
-88
-82
-73
-63
-53
-42
-30
-20
-9
0
7
14
20
23
26
26
26
24
22
19
16
14
13
14
15
19
25
32
41
52
64
77
91
106
120
134
147
160
171
182
191
199
207
212
216
218
217
213
206
195
180
161
138
112
82
51
18
-15
-49
-81
-111
-138
-161
-179
-192
-200
-203
-201
-195
-184
-171
-155
-137
-118
-100
-82
-66
-51
-40
-30
-24
-20
-19
-20
-22
-26
-30
-34
-38
-42
-46
-50
-54
-59
-65
-72
-81
-92
-106
-122
-140
-160
-182
-205
-227
-249
-268
-283
-295
-301
-301
-294
-281
-261
-235
-204
-169
-131
-92
-52
-13
22
55
85
109
130
145
157
165
169
171
171
170
168
166
164
163
162
161
160
160
159
158
156
153
149
144
137
129
120
109
97
84
70
56
41
27
14
2
-7
-15
-21
-25
-26
-26
-24
-20
-17
-13
-9
-7
-6
-6
-8
-12
-17
-23
-31
-38
-46
-53
-59
-64
-67
-68
-68
-66
-62
-56
-50
-42
-34
-25
-17
-9
-2
4
9
14
17
18
18
16
13
9
4
-1
-6
-12
-18
-23
-27
-30
-32
-33
-33
-31
-28
-24
-18
-11
-3
6
16
29
42
56
70
84
98
111
122
130
136
139
138
134
127
117
105
92
78
64
51
39
30
22
18
15
15
17
20
24
28
32
35
37
38
36
33
29
23
17
10
4
-1
-7
-11
-14
-17
-18
-19
-19
-20
-21
-22
-24
-28
-33
-39
-45
-53
-61
-69
-75
-81
-84
-84
-82
-77
-68
-57
-43
-27
-10
8
27
46
64
81
98
112
125
136
145
151
154
154
151
145
134
119
101
78
52
22
-9
-43
-78
-113
-146
-177
-203
-225
-240
-249
-251
-246
-234
-216
-193
-167
-137
-107
-78
-50
-26
-5
11
23
30
33
33
30
25
19
14
10
8
8
12
20
32
47
66
88
113
140
168
196
223
248
269
287
300
307
308
304
293
275
253
225
192
156
116
75
32
-11
-54
-96
-136
-173
-207
-236
-261
-282
-297
-308
-314
-315
-311
-304
-293
-278
-261
-242
-221
-199
-177
-155
-135
-117
-101
-88
-77
-69
-64
-60
-57
-55
-52
-49
-45
-39
-31
-21
-10
1
14
27
39
50
57
60
58
50
34
12
-16
-49
-85
-120
-153
-179
-198
-207
-207
-197
-178
-152
-122
-88
-54
-21
8
33
54
69
80
85
87
85
82
79
76
74
74
76
