-47
-65
-85
-107
-130
-154
-178
-202
-225
-245
-262
-274
-281
-282
-277
-265
-247
-224
-196
-165
-131
-96
-61
-26
5
35
61
84
103
118
128
135
137
135
128
118
103
83
60
33
2
-31
-69
-107
-147
-187
-226
-262
-294
-320
-339
-349
-350
-340
-320
-289
-247
-196
-137
-71
-1
72
147
221
293
361
424
481
531
572
606
630
645
652
650
640
623
599
570
536
498
456
412
365
317
267
217
165
113
61
8
-44
-97
-149
-201
-252
-302
-349
-394
-435
-472
-505
-533
-555
-571
-583
-589
-590
-588
-582
-574
-564
-553
-541
-529
-516
-503
-488
-472
-454
-433
-409
-381
-348
-311
-268
-222
-171
-116
-58
1
63
126
189
253
316
377
437
494
547
595
639
675
704
725
736
739
731
712
684
645
596
538
471
397
317
233
146
58
-28
-112
-192
-267
-334
-394
-446
-489
-524
-551
-568
-577
-578
-571
-557
-536
-509
-478
-443
-407
-371
-335
-301
-270
-241
-215
-191
-167
-144
-118
-90
-58
-20
21
70
123
181
241
303
365
424
479
528
568
600
621
631
628
614
588
552
506
452
391
326
258
189
121
56
-5
-62
-114
-160
-200
-234
-263
-287
-307
-322
-334
-341
-346
-346
-343
-336
-324
-309
-289
-264
-236
-203
-167
-128
-87
-46
-5
34
72
106
135
160
178
191
198
199
194
185
171
154
134
113
91
69
48
30
14
2
-4
-7
-6
0
8
20
35
52
69
86
102
116
128
137
143
146
146
144
140
135
128
121
114
107
100
92
85
77
69
59
47
34
19
2
-16
-36
-56
-76
-96
-114
-131
-146
-158
-168
-175
-180
-182
-183
-183
-181
-179
-177
-175
-173
-172
-171
-171
-170
-168
-166
-162
-156
-148
-138
-127
-115
-103
-91
-80
-72
-66
-63
-64
-68
-76
-87
-100
-115
-130
-145
-159
-170
-178
-182
-181
-174
-162
-145
-123
-96
-66
-34
0
35
71
108
144
179
213
246
276
305
330
352
369
382
389
392
388
379
365
346
323
297
268
239
208
178
149
121
94
69
46
25
5
-13
-31
-47
-63
-78
-91
-103
-113
-121
-126
-129
-129
-127
-122
-114
-105
-94
-83
-73
-63
-54
-48
-45
-44
-48
-55
-67
-83
-103
-127
-154
-184
-215
-246
-276
-303
-326
-343
-353
-355
-348
-334
-311
-280
-243
-201
-155
-108
-60
-14
29
68
102
130
151
166
175
177
174
167
157
144
130
115
101
88
76
67
61
58
59
64
73
87
105
128
154
184
215
247
279
308
333
354
367
374
373
365
350
329
303
273
241
208
175
142
111
82
55
29
5
-17
-40
-64
-89
-115
-143
-174
-206
-240
-275
-310
-344
-376
-403
-425
-441
-449
-450
-441
-425
-400
-368
-328
-284
-234
-182
-129
-75
-23
25
70
109
142
169
188
199
202
199
188
172
151
126
100
72
45
20
-1
-20
-34
-44
-50
-51
-49
-43
-34
-22
-8
7
24
42
62
82
103
124
144
165
184
202
217
229
237
239
237
227
212
190
163
131
96
58
21
-14
-48
-77
-102
-121
-135
-144
-148
-149
-146
-141
-134
-128
-121
-115
-110
-106
-103
-102
-102
-102
-102
-103
-102
-100
-95
-88
-78
-65
-47
-26
-1
26
57
90
124
158
190
220
246
266
282
290
293
289
279
264
245
223
198
172
144
117
89
62
34
6
-21
-50
-80
-110
-141
-173
-204
-234
-262
-288
-310
-328
-340
-347
-346
-337
-321
-298
-267
-231
-189
-144
-97
-49
-2
41
81
114
140
158
166
163
150
126
94
53
5
-45
-97
-148
-194
-233
-263
-281
-286
-278
-256
-222
-177
-124
-64
-1
62
122
177
224
261
288
303
308
303
290
272
250
227
205
187
173
164
160
161
165
171
179
185
188
188
183
173
158
139
115
89
62
34
8
-14
-34
-51
-64
-73
-80
-84
-87
-89
-92
-96
-103
-111
-123
-137
-154
-172
-193
-215
-237
-259
-279
-298
-314
-326
-334
-338
-337
-331
-320
-305
-286
-264
-240
-214
-187
-161
-136
-112
-91
-72
-55
-41
-28
-16
-4
7
21
36
54
74
96
120
145
170
194
215
233
246
254
257
253
243
228
208
184
158
131
104
78
56
37
22
11
4
0
0
0
1
2
2
0
-5
-13
-24
-39
-57
-77
-100
-124
-148
-171
-192
-209
-221
-226
-225
-215
-197
-171
-138
-97
-50
1
57
113
171
226
278
326
369
405
433
454
467
473
471
463
448
428
402
372
337
299
257
211
162
111
58
4
-49
-103
-154
-202
-245
-283
-314
-337
-353
-362
-362
-356
-344
-327
-307
-285
-262
-241
-222
-206
-196
-191
-191
-197
-208
-224
-243
-265
-287
-309
-328
-343
-353
-356
-351
-338
-316
-285
-246
-198
-143
-81
-15
55
128
203
278
352
424
493
559
621
680
735
787
837
884
931
977
1021
1065
1106
1144
1176
1201
1217
1220
1207
1178
1129
1061
972
865
740
601
450
292
131
-28
-183
-328
-462
-580
-682
-766
-832
-881
-913
-930
-935
-929
-915
-895
-871
-846
-819
-792
-765
-738
-710
-681
-650
-617
-582
-544
-505
-463
-421
-378
-336
-296
-259
-226
-198
-176
-160
-152
-150
-155
-166
-182
-202
-223
-245
-265
-283
-295
-303
-304
-299
-289
-272
-251
-226
-199
-170
-141
-114
-88
-66
-48
-34
-24
-20
-20
-24
-32
-42
-56
-70
-86
-101
-116
-129
-140
-147
-152
-152
-147
-137
-122
-101
-74
-41
-2
40
87
138
190
244
297
349
398
445
490
531
569
604
635
664
690
712
730
743
750
751
745
730
708
676
636
587
530
466
395
318
236
151
63
-26
-117
-208
-297
-384
-467
-544
-616
-679
-733
-777
-809
-830
-838
-832
-815
-785
-744
-693
-634
-568
-497
-424
-350
-276
-206
-140
-80
-27
17
53
79
97
105
106
99
87
70
51
30
10
-8
-25
-38
-48
-53
-56
-55
-51
-46
-39
-32
-26
-20
-16
-14
-13
-14
-17
-19
-22
-23
-23
-19
-13
-3
10
29
51
78
109
142
179
217
256
295
333
370
403
434
460
483
502
518
531
543
554
566
579
594
612
632
653
675
697
717
733
744
749
746
734
713
681
640
590
531
464
392
316
238
159
81
6
-63
-128
-186
-237
-280
-317
-346
-369
-387
-400
-408
-413
-415
-415
-412
-406
-398
-388
-375
-360
-341
-320
-296
-269
-242
-213
-184
-156
-130
-107
-89
-75
-67
-65
-69
-78
-93
-112
-134
-159
-186
-212
-238
-263
-285
-304
-320
-333
-343
-349
-352
-352
-350
-344
-337
-327
-315
-301
-285
-267
-247
-225
-202
-177
-150
-122
-92
-62
-31
-1
27
55
81
104
124
141
154
165
172
178
182
186
190
196
204
215
230
248
270
294
319
345
368
388
401
407
402
386
358
318
267
207
139
66
-7
-81
-150
-213
-268
-312
-345
-365
-374
-371
-358
-335
-306
-271
-233
-193
-152
-111
-73
-37
-4
25
51
73
91
105
115
120
122
120
113
103
89
73
54
34
14
-6
-25
-43
-59
-74
-87
-98
-109
-119
-130
-140
-152
-164
-177
-191
-204
-216
-226
-233
-237
-237
-232
-223
-210
-192
-171
-148
-123
-97
-71
-47
-24
-3
14
30
43
54
62
69
75
81
86
91
96
102
108
113
119
124
129
132
133
133
131
128
123
118
113
107
103
100
99
100
103
107
112
119
125
131
136
139
141
139
134
127
116
103
87
69
51
32
14
-1
-16
-28
-38
-44
-48
-48
-46
-41
-35
-28
-19
-11
-2
6
14
22
29
36
41
46
50
53
55
56
55
52
47
40
32
22
10
-2
-17
-33
-50
-69
-89
-110
-132
-154
-177
-199
-221
-241
-258
-273
-284
-290
-292
-288
-278
-262
-241
-214
-182
-146
-108
-67
-26
12
50
84
113
137
154
166
170
169
162
151
136
118
100
82
65
50
38
30
25
24
26
31
38
46
56
65
75
84
92
100
107
113
120
126
132
138
144
149
154
158
161
161
160
156
150
141
129
116
100
85
68
53
38
26
15
7
1
-3
-6
-8
-10
-13
-16
-20
-25
-31
-38
-45
-51
-57
-62
-64
-65
-63
-59
-52
-44
-35
-25
-15
-6
2
9
14
16
16
13
8
0
-10
-23
-37
-52
-69
-85
-102
-119
-136
-151
-165
-177
-187
-194
-198
-197
-193
-184
-170
-153
-132
-109
-85
-60
-35
-13
7
24
37
46
50
50
46
39
28
14
-1
-19
-38
-56
-75
-93
-109
-125
-138
-149
-157
-164
-167
-168
-167
-163
-157
-149
-139
-129
-117
-105
-92
-79
-66
-52
-38
-23
-8
6
22
38
55
72
89
105
121
136
150
162
171
179
184
187
187
185
180
174
166
156
144
132
118
103
89
74
61
48
38
31
27
27
31
40
53
70
90
112
136
159
182
202
218
229
234
234
227
214
194
170
141
109
74
38
1
-34
-70
-105
-137
-168
-197
-224
-249
-271
-290
-306
-319
-328
-333
-332
-327
-315
-298
-275
-247
-213
-175
-134
-91
-48
-5
35
72
105
132
154
170
180
185
184
178
169
156
140
123
104
84
64
44
24
3
-15
-35
-54
-73
-91
-108
-123
-136
-146
-152
-155
-152
-144
-129
-108
-80
-45
-4
42
94
149
207
265
323
379
430
476
515
545
566
577
576
565
544
513
474
428
377
323
268
213
161
111
64
21
-17
-53
-86
-117
-148
-177
-207
-236
-265
-293
-320
-345
-367
-384
-395
-400
-397
-385
-366
-337
-300
-256
-206
-150
-91
-31
27
84
136
181
219
246
264
270
265
248
222
186
143
94
42
-10
-62
-110
-153
-189
-217
-235
-244
-244
-235
-218
-194
-164
-130
-94
-56
-17
20
56
91
123
153
179
204
225
244
260
273
284
292
297
300
301
300
296
290
281
269
253
233
207
174
134
86
30
-35
-108
-189
-275
-365
-457
-548
-634
-713
-782
-837
-878
-902
-908
-895
-865
-819
-758
-684
-600
-509
-413
-314
-216
-120
-28
59
140
213
277
332
376
408
428
434
425
402
364
313
248
172
87
-5
-101
-199
-295
-387
-471
-544
-606
-654
-687
-705
-707
-693
-665
-624
-570
-506
-434
-354
-270
-181
-91
-1
89
178
265
349
431
508
582
650
714
772
824
869
906
934
954
963
960
946
918
878
823
756
677
587
488
383
273
163
54
-49
-147
-235
-313
-378
-430
-468
-493
-506
-507
-497
-480
-456
-429
-398
-368
-338
-311
-288
-268
-252
-241
-232
-227
-223
-221
-218
-215
-210
-202
-192
-180
-164
-146
-127
-106
-85
-64
-44
-26
-11
0
8
14
16
16
14
11
10
10
13
21
34
53
78
109
147
189
235
283
333
380
425
464
496
520
534
539
535
522
501
474
443
410
376
343
313
