-161
-111
-61
-14
30
71
108
140
167
188
204
214
220
222
220
217
213
208
204
202
201
201
203
207
212
218
224
231
238
244
250
255
260
264
266
268
269
269
269
267
265
261
257
252
245
237
227
215
202
187
170
152
133
113
93
73
53
34
15
-1
-18
-35
-51
-67
-83
-100
-119
-139
-160
-184
-208
-234
-260
-285
-309
-331
-348
-360
-367
-367
-360
-347
-327
-301
-271
-237
-201
-164
-127
-92
-59
-30
-6
13
27
37
43
44
42
38
32
26
20
15
12
11
12
15
21
28
37
46
55
63
70
75
77
77
75
70
64
56
48
41
35
32
33
37
45
58
74
93
114
135
156
175
190
200
205
203
195
181
162
138
111
82
54
27
2
-18
-34
-47
-55
-59
-61
-60
-59
-57
-56
-56
-58
-62
-67
-75
-83
-92
-100
-107
-112
-113
-111
-105
-96
-82
-66
-46
-25
-3
18
39
57
73
84
90
92
88
79
65
47
27
5
-17
-39
-59
-75
-88
-96
-99
-98
-93
-83
-71
-57
-41
-25
-9
4
16
25
31
32
30
24
14
2
-12
-29
-46
-62
-78
-93
-105
-115
-122
-127
-130
-130
-129
-126
-123
-119
-115
-111
-109
-108
-109
-111
-115
-120
-126
-133
-139
-145
-150
-153
-154
-152
-147
-138
-126
-109
-89
-65
-37
-6
27
64
102
140
179
217
253
287
319
347
373
395
414
430
443
452
459
462
461
456
446
430
409
381
348
308
262
211
156
97
37
-24
-85
-145
-202
-256
-304
-348
-386
-417
-441
-459
-470
-473
-471
-462
-448
-429
-406
-379
-350
-318
-286
-252
-219
-185
-152
-120
-88
-57
-28
0
28
55
81
105
128
149
168
184
197
207
213
216
215
211
203
193
181
167
153
138
124
111
99
89
81
74
69
66
64
63
64
65
68
72
77
83
89
97
105
114
122
130
136
141
142
140
135
125
110
91
68
41
12
-18
-50
-81
-109
-134
-154
-168
-175
-176
-170
-157
-138
-114
-85
-54
-22
10
41
70
96
119
137
150
159
164
165
163
157
148
137
123
108
91
74
55
36
17
-2
-22
-41
-62
-82
-103
-125
-147
-169
-192
-214
-235
-254
-271
-285
-294
-299
-298
-290
-276
-256
-229
-197
-159
-118
-73
-28
16
58
97
131
158
177
188
190
183
167
142
110
71
28
-18
-68
-117
-165
-209
-250
-284
-313
-334
-348
-356
-357
-353
-343
-330
-314
-295
-275
-253
-231
-208
-185
-161
-137
-112
-86
-60
-33
-5
22
50
77
102
126
148
167
182
194
202
206
206
204
199
193
185
178
170
164
160
159
160
165
172
183
196
212
228
246
263
280
294
306
315
319
320
316
307
294
275
253
226
195
161
124
84
42
-1
-45
-90
-135
-179
-222
-262
-300
-334
-364
-389
-409
-423
-432
-434
-431
-422
-409
-391
-370
-345
-319
-290
-261
-231
-200
-170
-139
-108
-77
-46
-15
15
47
80
113
147
182
217
254
290
326
361
394
424
451
472
486
493
492
482
463
435
398
355
306
253
199
145
93
45
4
-31
-59
-79
-93
-100
-102
-100
-96
-90
-85
-80
-77
-77
-79
-85
-93
-102
-113
-125
-135
-144
-150
-153
-151
-145
-134
-120
-101
-79
-55
-29
-2
23
48
71
92
109
122
131
135
135
129
120
108
93
76
59
44
30
20
14
14
19
30
48
72
102
136
174
214
255
295
331
362
385
399
403
395
375
343
301
250
191
127
60
-7
-73
-136
-194
-246
-291
-329
-359
-382
-397
-406
-409
-407
-400
-390
-377
-361
-344
-324
-302
-279
-253
-225
-194
-160
-124
-86
-46
-6
34
72
108
141
168
189
203
210
210
202
188
168
144
117
88
57
28
0
-25
-48
-68
-84
-97
-106
-113
-116
-118
-118
-116
-114
-111
-108
-105
-102
-100
-98
-96
-96
-96
-97
-99
-102
-106
-111
-117
-124
-131
-137
-142
-147
-149
-149
-147
-142
-135
-126
-115
-102
-89
-75
-60
-47
-35
-24
-16
-10
-6
-5
-7
-10
-15
-21
-28
-35
-41
-48
-53
-58
-61
-63
-63
-61
-56
-49
-37
-22
-3
20
47
77
110
145
181
216
250
281
309
332
350
362
367
367
359
346
326
301
271
238
201
163
123
82
42
3
-34
-68
-100
-128
-153
-173
-189
-200
-208
-211
-211
-208
-202
-193
-182
-170
-156
-141
-125
-110
-95
-80
-67
-56
-46
-40
-36
-35
-37
-42
-49
-59
-72
-86
-101
-118
-135
-152
-169
-184
-198
-209
-218
-223
-225
-223
-218
-209
-197
-182
-165
-146
-126
-106
-85
-65
-45
-27
-9
8
25
42
59
76
95
115
136
159
184
209
235
260
285
307
328
345
358
367
372
371
365
353
336
313
286
254
218
179
138
96
54
13
-25
-62
-94
-122
-146
-164
-177
-184
-187
-185
-178
-168
-154
-137
-118
-98
-77
-57
-36
-16
2
20
36
51
65
77
89
100
110
120
130
139
149
158
166
173
178
181
181
177
170
158
142
122
99
73
45
15
-14
-45
-74
-102
-127
-149
-168
-183
-194
-201
-205
-207
-205
-201
-196
-189
-180
-171
-160
-147
-132
-114
-94
-69
-41
-10
24
62
102
143
184
224
260
292
318
337
347
349
342
326
301
269
232
191
148
105
64
26
-6
-34
-55
-71
-80
-84
-85
-83
-80
-77
-76
-77
-81
-89
-99
-112
-126
-141
-155
-167
-176
-182
-185
-184
-179
-171
-161
-148
-135
-121
-107
-94
-81
-68
-56
-45
-33
-21
-8
5
21
37
54
72
90
108
126
142
157
169
180
189
195
199
202
204
204
203
201
199
195
191
185
178
170
160
148
135
120
104
87
69
49
28
6
-15
-38
-62
-86
-110
-133
-156
-178
-198
-217
-234
-249
-261
-270
-275
-277
-275
-270
-261
-248
-232
-214
-193
-171
-148
-125
-102
-81
-62
-45
-30
-19
-10
-4
-1
-1
-2
-5
-10
-15
-22
-28
-35
-43
-50
-57
-65
-72
-78
-83
-87
-90
-91
-90
-87
-82
-75
-65
-53
-39
-23
-5
13
33
52
71
88
104
117
126
133
136
136
132
125
116
104
91
77
63
49
36
26
18
13
12
13
18
25
34
44
53
60
65
65
61
51
35
13
-13
-45
-80
-118
-155
-191
-224
-252
-273
-287
-291
-287
-274
-252
-222
-186
-145
-101
-56
-11
30
69
102
130
150
163
169
168
161
149
133
114
95
76
58
44
33
27
25
27
33
42
54
68
83
98
113
127
139
149
157
163
165
165
162
156
148
137
124
110
94
76
58
40
22
5
-10
-23
-34
-42
-46
-48
-46
-42
-36
-28
-20
-11
-3
4
10
15
20
24
27
31
36
41
48
57
67
79
93
107
122
137
150
162
170
175
175
170
160
144
125
100
73
43
12
-19
-49
-79
-105
-129
-149
-165
-177
-184
-188
-188
-185
-178
-170
-160
-148
-136
-124
-112
-100
-90
-81
-74
-70
-68
-68
-71
-77
-85
-95
-106
-118
-131
-143
-155
-164
-172
-178
-181
-181
-178
-172
-163
-152
-139
-124
-108
-92
-75
-60
-45
-32
-20
-10
-2
3
8
13
18
23
30
37
47
58
71
86
102
118
135
151
167
180
192
202
209
213
215
216
214
212
211
210
210
214
220
230
243
260
280
302
325
347
367
382
391
391
381
359
325
279
220
150
71
-13
-103
-193
-281
-364
-439
-505
-560
-602
-632
-649
-655
-651
-637
-615
-587
-554
-517
-477
-436
-394
-351
-308
-265
-223
-181
-139
-99
-59
-21
14
47
78
106
131
153
171
187
200
210
218
224
228
231
232
233
232
230
227
223
219
213
205
197
188
178
167
157
147
138
130
124
120
118
119
120
124
128
132
137
140
142
141
138
132
122
110
94
76
56
35
13
-8
-28
-48
-65
-80
-92
-101
-108
-113
-115
-117
-117
-118
-118
-120
-122
-127
-133
-142
-152
-163
-175
-187
-198
-208
-214
-218
-217
-212
-202
-188
-170
-147
-121
-92
-61
-30
1
31
59
85
106
124
138
147
153
156
156
155
154
153
153
154
157
161
166
172
178
183
187
189
187
181
172
158
140
117
91
62
30
-1
-34
-65
-94
-120
-141
-157
-168
-174
-174
-169
-160
-148
-134
-117
-101
-85
-70
-58
-48
-42
-38
-38
-41
-46
-53
-61
-70
-79
-88
-95
-101
-104
-106
-107
-105
-102
-97
-90
-82
-73
-63
-52
-39
-26
-12
0
14
26
37
47
55
60
64
65
66
66
66
67
70
76
86
98
115
136
160
186
215
244
273
300
324
344
358
365
364
355
337
310
276
236
190
140
88
35
-16
-65
-111
-152
-187
-216
-239
-255
-264
-268
-266
-260
-250
-238
-224
-209
-195
-182
-170
-160
-152
-146
-142
-139
-137
-136
-136
-137
-138
-138
-139
-140
-141
-141
-142
-143
-143
-144
-143
-143
-141
-138
-133
-126
-117
-105
-89
-71
-49
-24
3
33
65
97
130
162
193
223
251
277
301
321
339
352
362
367
368
364
354
339
319
293
263
229
192
152
110
68
26
-14
-53
-91
-126
-159
-188
-214
-237
-256
-272
-284
-293
-298
-299
-297
-292
-284
-273
-260
-246
-229
-212
-194
-176
-157
-138
-120
-101
-82
-62
-42
-20
1
25
50
76
103
129
155
179
200
217
231
238
241
237
228
213
194
170
143
115
85
56
28
2
-20
-39
-53
-64
-70
-72
-71
-68
-62
-56
-50
-46
-43
-44
-47
-54
-64
-77
-93
-110
-128
-146
-162
-175
-185
-191
-192
-188
-178
-163
-144
-121
-94
-64
-33
-1
29
59
87
111
132
149
162
171
176
177
176
173
168
162
156
150
146
141
138
136
134
132
130
127
124
120
116
110
104
97
90
84
78
73
69
66
65
65
66
69
73
77
82
87
92
96
99
101
100
97
90
80
67
49
28
4
-22
-52
-83
-114
-144
-172
-197
-217
-232
-241
-244
-240
-232
-219
-201
-182
-160
-139
-118
-99
-83
-69
-58
-50
-45
-41
-38
-37
-35
-32
-29
-24
-17
-9
1
13
27
43
60
77
94
111
127
142
155
165
172
177
178
176
172
164
155
144
131
118
104
90
77
64
52
41
31
22
14
8
2
-1
-6
-10
-14
-18
-23
-28
-34
-41
-48
-56
-64
-72
-81
-89
-97
-105
-113
-120
-126
-133
-139
-145
-151
-157
-164
-170
-178
-185
-194
-203
-212
-221
-231
-240
-250
-258
-265
-271
-276
-279
-280
-279
-276
-272
-267
-260
-252
-243
-232
-221
-207
-192
-175
-155
-132
-106
-76
-42
-4
36
80
127
176
225
272
317
358
394
423
446
462
470
471
465
454
438
418
396
371
345
318
291
264
238
212
185
159
133
108
82
