-73
-20
30
76
116
150
176
193
203
206
202
192
179
163
146
129
113
99
88
80
74
72
72
75
79
85
91
98
106
114
122
131
141
153
166
182
199
217
235
253
268
279
286
286
278
261
236
201
157
106
48
-13
-79
-146
-212
-275
-332
-382
-424
-455
-475
-483
-481
-468
-445
-415
-379
-339
-297
-255
-214
-175
-140
-109
-81
-57
-35
-16
1
19
37
55
75
95
118
141
165
189
212
234
254
271
284
293
297
296
290
278
262
242
218
191
161
130
97
64
31
-1
-33
-64
-93
-120
-145
-168
-189
-207
-222
-234
-244
-251
-256
-259
-259
-257
-253
-246
-238
-226
-212
-195
-175
-151
-124
-93
-59
-22
16
56
97
137
175
210
240
263
280
289
289
280
264
240
210
174
135
95
54
15
-20
-52
-79
-101
-118
-130
-138
-143
-146
-149
-152
-155
-160
-167
-175
-183
-190
-196
-197
-193
-183
-164
-136
-99
-53
2
64
132
202
272
338
397
445
481
502
506
494
465
420
363
295
219
139
57
-21
-96
-165
-225
-275
-315
-345
-365
-376
-379
-375
-365
-352
-336
-320
-303
-288
-274
-262
-252
-242
-232
-221
-208
-192
-172
-148
-118
-84
-47
-6
36
79
121
161
197
227
252
269
280
283
278
267
250
227
201
171
139
105
72
39
7
-21
-49
-74
-95
-113
-128
-138
-145
-146
-143
-135
-123
-105
-83
-56
-26
6
41
77
114
151
187
220
252
280
306
327
344
356
363
365
361
351
337
317
294
266
236
204
170
136
102
70
39
11
-13
-35
-53
-68
-80
-89
-96
-102
-106
-110
-114
-119
-126
-133
-143
-154
-166
-179
-192
-204
-216
-225
-233
-238
-240
-238
-234
-226
-215
-202
-186
-168
-149
-129
-109
-88
-69
-50
-32
-15
0
13
27
41
54
67
80
93
105
117
127
136
143
147
149
148
144
137
129
119
108
97
87
77
69
63
60
58
60
64
71
79
89
101
112
123
132
138
139
136
126
108
84
52
13
-31
-81
-133
-185
-235
-281
-320
-351
-372
-382
-381
-368
-345
-312
-272
-225
-175
-123
-72
-23
21
60
92
117
134
144
147
144
136
124
109
93
77
62
48
36
27
20
16
14
14
14
16
17
19
20
21
21
22
24
28
34
43
56
72
93
117
144
174
204
234
262
286
305
318
324
323
315
300
277
249
216
179
140
99
57
16
-22
-59
-92
-122
-147
-167
-183
-195
-202
-207
-210
-211
-213
-215
-218
-223
-231
-241
-253
-268
-285
-304
-324
-344
-364
-383
-399
-412
-420
-422
-418
-407
-389
-363
-332
-294
-251
-205
-157
-109
-61
-15
27
65
99
128
152
171
185
196
204
209
212
214
214
213
211
207
200
190
178
161
141
116
88
57
23
-11
-46
-80
-111
-138
-159
-173
-181
-180
-173
-157
-136
-109
-77
-42
-4
33
73
111
148
183
215
244
270
291
309
322
331
335
335
330
321
307
290
269
244
216
186
154
119
83
46
8
-29
-66
-104
-139
-173
-204
-231
-254
-271
-282
-286
-283
-273
-257
-235
-208
-178
-147
-117
-88
-63
-44
-30
-23
-24
-30
-43
-61
-82
-106
-129
-151
-170
-185
-193
-195
-189
-176
-156
-129
-96
-58
-16
29
77
125
172
218
261
300
334
363
384
399
406
405
397
381
358
330
296
260
221
181
142
106
73
45
22
5
-5
-9
-6
2
17
38
63
93
126
161
198
235
271
305
335
360
379
390
391
384
365
336
297
246
187
118
43
-37
-122
-208
-294
-376
-454
-524
-586
-638
-679
-710
-728
-736
-733
-720
-699
-669
-633
-591
-544
-493
-440
-384
-328
-271
-215
-160
-107
-56
-8
37
80
119
156
188
218
244
266
284
298
308
314
316
314
307
297
284
268
249
229
209
188
169
152
137
125
117
113
112
114
118
124
131
137
141
143
141
135
123
105
82
53
18
-20
-63
-109
-156
-203
-249
-293
-333
-368
-398
-421
-438
-448
-451
-448
-437
-420
-397
-369
-336
-298
-257
-213
-166
-118
-70
-21
26
73
117
159
196
230
257
279
294
302
302
295
280
259
231
200
164
128
91
56
24
-2
-23
-37
-44
-45
-39
-28
-14
3
21
38
53
64
71
73
69
61
48
32
12
-8
-30
-52
-72
-91
-106
-119
-128
-134
-137
-136
-132
-126
-117
-106
-93
-78
-62
-45
-27
-9
7
23
38
50
60
67
70
69
66
58
48
36
22
8
-6
-20
-32
-41
-48
-50
-48
-42
-31
-15
4
29
57
89
122
156
190
223
253
280
302
318
329
333
331
323
309
291
269
245
221
197
175
157
144
136
133
137
146
160
178
199
220
242
261
278
291
300
304
304
299
290
278
264
248
231
214
196
177
158
137
115
89
60
28
-8
-50
-95
-144
-196
-250
-305
-361
-415
-467
-516
-560
-600
-633
-660
-680
-691
-694
-688
-675
-654
-625
-591
-552
-510
-466
-420
-375
-332
-290
-251
-215
-182
-151
-123
-96
-70
-45
-20
4
29
54
79
103
126
147
166
182
196
207
215
220
223
225
226
227
228
230
233
238
243
249
256
262
267
271
273
273
270
264
255
244
230
213
195
175
155
133
112
91
70
49
29
9
-9
-28
-46
-64
-82
-98
-114
-129
-141
-152
-160
-166
-168
-168
-166
-161
-154
-145
-136
-127
-118
-111
-104
-99
-96
-94
-94
-95
-98
-101
-105
-108
-111
-113
-113
-112
-109
-104
-96
-86
-74
-60
-46
-31
-15
0
12
25
36
45
52
58
62
66
68
70
72
73
74
75
75
74
72
69
64
58
50
40
28
16
3
-8
-20
-31
-40
-46
-49
-49
-45
-39
-30
-20
-8
2
13
21
27
30
29
25
17
7
-4
-16
-28
-38
-46
-51
-52
-49
-42
-32
-18
-2
14
31
49
65
79
91
101
109
115
119
122
125
127
130
134
139
144
151
157
163
168
171
172
170
163
152
137
117
93
65
34
1
-31
-65
-96
-124
-148
-166
-177
-181
-178
-167
-149
-125
-96
-64
-31
0
31
59
83
102
118
130
138
145
151
156
162
168
175
181
187
191
191
187
177
160
136
104
65
20
-30
-84
-140
-194
-244
-288
-324
-349
-362
-362
-350
-325
-288
-243
-191
-135
-78
-23
27
70
105
131
146
152
149
137
120
99
76
52
29
9
-6
-18
-25
-28
-25
-19
-10
1
14
26
38
48
56
60
61
59
54
45
35
22
8
-6
-21
-36
-49
-61
-71
-78
-83
-86
-86
-84
-81
-77
-73
-69
-67
-66
-68
-72
-78
-87
-98
-110
-123
-136
-149
-161
-171
-179
-184
-187
-186
-184
-178
-171
-161
-151
-139
-127
-114
-102
-89
-76
-63
-50
-36
-21
-6
10
28
47
66
86
105
124
142
158
172
184
193
200
204
206
206
203
199
193
185
177
167
157
147
136
126
116
105
95
86
77
69
61
55
49
45
42
40
39
40
42
45
49
53
59
65
71
78
84
89
93
95
95
92
85
75
62
45
25
2
-22
-49
-77
-107
-136
-166
-196
-225
-252
-278
-303
-325
-346
-364
-379
-391
-400
-406
-409
-407
-402
-393
-379
-362
-340
-315
-287
-255
-220
-183
-143
-102
-59
-14
31
78
126
175
224
272
319
365
408
448
484
516
543
564
580
588
590
585
572
553
527
495
458
417
373
327
281
234
189
144
102
62
23
-12
-47
-80
-112
-142
-171
-198
-224
-248
-270
-290
-307
-322
-334
-343
-349
-352
-351
-347
-340
-329
-315
-298
-279
-256
-233
-208
-184
-160
-139
-122
-109
-101
-98
-102
-111
-126
-145
-167
-192
-216
-239
-259
-274
-282
-283
-276
-261
-237
-206
-169
-127
-82
-35
10
56
98
137
172
203
230
254
274
293
309
324
337
349
360
369
376
381
382
379
373
363
347
328
304
276
244
208
170
130
88
45
3
-39
-80
-121
-160
-198
-234
-269
-302
-332
-359
-382
-401
-413
-419
-418
-409
-392
-367
-335
-296
-252
-203
-153
-102
-51
-3
41
82
117
147
172
192
208
220
230
239
247
256
266
276
288
300
312
323
332
337
338
333
323
307
286
260
232
201
169
138
108
82
58
39
23
10
0
-8
-16
-26
-37
-52
-70
-92
-119
-150
-184
-221
-258
-295
-329
-359
-382
-397
-403
-399
-385
-361
-327
-284
-235
-181
-123
-65
-7
46
97
141
180
212
237
255
268
276
280
281
280
278
276
274
273
274
275
278
281
285
288
290
291
289
284
276
265
250
231
209
185
158
130
102
73
46
21
-2
-24
-43
-60
-75
-88
-99
-109
-117
-124
-130
-134
-137
-138
-137
-134
-129
-123
-114
-103
-91
-77
-63
-49
-36
-25
-17
-11
-10
-12
-19
-30
-45
-63
-85
-108
-132
-157
-180
-202
-222
-238
-251
-259
-262
-260
-253
-240
-223
-202
-177
-149
-121
-91
-63
-37
-13
6
22
34
42
46
46
43
36
27
16
3
-10
-25
-39
-53
-67
-79
-89
-97
-104
-108
-110
-111
-111
-110
-110
-111
-114
-120
-131
-147
-168
-197
-232
-275
-324
-380
-439
-502
-564
-623
-676
-719
-750
-765
-761
-737
-692
-624
-536
-428
-303
-164
-15
140
298
454
605
745
873
986
1080
1154
1207
1238
1246
1233
1199
1146
1076
991
894
788
675
559
442
327
216
112
17
-68
-143
-206
-258
-298
-327
-346
-357
-361
-359
-355
-348
-342
-337
-335
-335
-338
-344
-352
-363
-375
-387
-398
-407
-414
-416
-414
-407
-395
-378
-355
-328
-296
-262
-227
-190
-154
-118
-85
-55
-27
-2
19
38
56
72
87
101
114
127
140
152
164
176
187
198
208
217
226
233
240
246
251
255
257
259
259
257
254
249
242
233
222
210
196
180
164
147
131
114
99
85
73
64
57
54
53
55
61
68
77
88
100
112
125
137
149
159
168
175
180
182
180
175
166
152
133
110
82
50
16
-20
-57
-94
-130
-162
-191
-214
-231
-242
-247
-245
-237
-224
-206
-185
-163
-139
-115
-93
-73
-55
-39
-27
-16
-8
-1
3
7
10
11
11
8
2
-5
-15
-28
-43
-59
-75
-89
-100
-107
-107
-100
-85
-60
-27
14
64
120
180
240
299
353
400
436
460
469
464
443
407
357
296
225
148
66
-16
-98
-176
-247
-311
-366
-410
-443
-465
-475
-473
-460
-436
-404
-363
-315
-262
-206
-149
-92
-37
13
58
97
128
152
167
174
173
164
149
129
104
76
46
14
-16
-47
-75
-101
-124
-143
-157
-168
-174
-176
-174
-168
-159
-147
-133
-117
-100
-82
-65
-48
-32
-18
-6
3
10
14
16
15
12
7
0
-7
-16
-25
-34
-42
-49
-54
-56
