-112
-133
-148
-159
-165
-166
-163
-156
-146
-134
-121
-109
-97
-88
-82
-79
-80
-84
-92
-104
-117
-132
-148
-162
-176
-187
-196
-201
-203
-202
-198
-191
-181
-169
-155
-140
-124
-107
-91
-76
-61
-47
-35
-25
-15
-7
-1
4
9
13
18
22
26
31
37
43
49
56
64
72
80
88
96
103
110
115
119
121
120
116
109
98
83
64
42
18
-8
-35
-62
-87
-110
-129
-144
-154
-159
-159
-153
-143
-130
-113
-94
-75
-55
-37
-20
-6
5
14
22
28
34
40
47
56
69
85
104
126
152
179
207
234
260
283
302
316
324
326
322
310
292
268
238
204
167
127
87
47
9
-25
-56
-83
-104
-121
-132
-137
-138
-135
-128
-118
-106
-94
-82
-70
-60
-52
-46
-41
-38
-35
-33
-31
-28
-23
-18
-11
-3
5
14
22
29
33
35
34
28
18
2
-17
-43
-73
-107
-144
-183
-222
-261
-297
-328
-355
-375
-389
-394
-391
-380
-361
-334
-302
-263
-221
-175
-127
-79
-30
16
62
105
147
186
222
256
288
316
342
364
382
395
403
405
400
389
371
347
317
282
243
202
160
118
77
40
7
-20
-42
-59
-69
-73
-72
-66
-56
-44
-29
-14
1
16
29
41
50
57
61
63
63
60
56
50
43
35
26
16
5
-6
-19
-34
-50
-66
-84
-102
-120
-137
-154
-169
-181
-191
-197
-199
-197
-190
-179
-162
-141
-116
-86
-53
-18
17
54
90
123
152
176
195
206
211
208
198
181
157
129
96
60
24
-12
-47
-78
-104
-125
-138
-145
-144
-135
-120
-99
-73
-44
-13
17
47
74
96
113
123
127
122
110
90
65
34
0
-38
-76
-113
-148
-180
-208
-230
-248
-260
-266
-269
-267
-262
-255
-245
-234
-222
-210
-197
-183
-168
-152
-134
-115
-92
-67
-39
-8
24
61
98
137
176
213
248
279
305
325
339
344
342
332
314
290
260
224
185
143
99
55
13
-27
-65
-98
-126
-149
-165
-175
-178
-174
-163
-147
-125
-100
-71
-42
-12
16
43
66
86
102
113
120
122
120
114
104
90
72
52
30
5
-19
-46
-72
-98
-124
-148
-171
-191
-209
-225
-237
-246
-251
-253
-251
-245
-236
-224
-210
-194
-176
-157
-138
-120
-102
-84
-67
-52
-37
-23
-10
1
12
23
33
42
51
59
66
74
81
87
93
99
104
108
111
113
114
114
114
113
111
110
109
107
106
105
104
103
103
101
100
98
95
91
87
82
76
71
65
60
56
52
51
50
51
54
58
65
72
81
92
103
115
127
138
148
157
165
170
173
174
172
169
164
156
147
137
124
110
94
77
57
37
16
-4
-24
-44
-61
-76
-87
-96
-101
-104
-104
-102
-98
-95
-91
-89
-90
-93
-99
-110
-124
-142
-164
-188
-214
-240
-265
-287
-305
-316
-320
-315
-301
-277
-242
-199
-146
-87
-22
45
115
182
246
303
351
388
414
426
426
412
387
351
306
254
198
139
81
24
-26
-73
-111
-142
-164
-177
-182
-180
-170
-156
-138
-118
-97
-77
-58
-42
-29
-19
-12
-7
-5
-5
-5
-7
-8
-9
-9
-8
-6
-3
0
3
7
11
13
14
13
10
6
0
-8
-17
-28
-38
-49
-60
-69
-77
-84
-88
-90
-90
-88
-83
-77
-68
-58
-46
-34
-20
-7
6
20
33
45
55
63
68
70
70
65
57
45
29
10
-11
-36
-62
-90
-117
-142
-165
-183
-197
-204
-204
-197
-183
-162
-136
-104
-69
-31
5
42
76
108
135
157
175
188
197
202
205
204
202
198
192
186
178
168
155
139
120
96
68
35
0
-39
-81
-123
-164
-202
-237
-267
-290
-307
-317
-321
-318
-309
-296
-278
-257
-234
-210
-185
-161
-137
-114
-93
-73
-55
-39
-24
-11
0
11
21
31
40
49
57
65
73
81
88
96
103
111
119
127
135
143
152
159
167
173
179
183
185
185
183
178
171
161
149
135
120
105
89
74
60
49
40
35
32
33
36
42
49
57
65
73
79
83
84
83
78
71
61
49
35
20
6
-8
-21
-33
-44
-53
-61
-68
-74
-79
-84
-90
-96
-103
-110
-119
-127
-136
-145
-153
-159
-163
-163
-160
-153
-142
-126
-106
-83
-56
-28
2
33
63
93
121
146
168
186
200
210
214
213
207
196
179
157
131
101
68
32
-3
-40
-76
-111
-143
-171
-195
-214
-228
-236
-238
-235
-226
-213
-195
-174
-149
-122
-93
-63
-32
-2
27
54
80
102
120
134
143
146
144
137
125
110
92
74
57
42
31
24
23
28
38
52
70
90
110
128
144
154
160
159
153
142
127
110
91
74
58
46
38
35
37
43
52
64
77
90
102
111
116
116
112
102
87
67
43
15
-15
-47
-80
-113
-146
-177
-205
-230
-251
-268
-280
-287
-290
-288
-281
-270
-255
-237
-216
-192
-167
-141
-115
-88
-61
-35
-10
13
35
56
75
92
107
120
131
139
145
149
149
147
141
131
118
101
79
54
25
-6
-40
-75
-109
-142
-171
-195
-213
-223
-223
-214
-195
-166
-127
-79
-23
37
103
170
237
300
359
409
451
482
501
507
502
486
459
423
381
333
282
230
179
130
86
45
10
-19
-44
-67
-86
-104
-121
-139
-157
-178
-199
-223
-246
-269
-290
-308
-322
-330
-330
-323
-308
-284
-252
-213
-167
-117
-64
-10
42
93
140
182
217
244
262
272
272
264
248
224
194
158
119
78
36
-5
-45
-82
-115
-144
-168
-187
-201
-210
-214
-213
-209
-201
-191
-178
-164
-149
-132
-116
-99
-83
-67
-51
-36
-21
-7
5
17
27
36
43
48
50
51
49
46
40
34
27
20
14
9
6
5
5
9
14
21
29
38
47
55
62
67
70
69
66
60
51
39
24
8
-9
-28
-47
-66
-84
-100
-114
-124
-131
-133
-131
-123
-111
-93
-71
-45
-16
14
47
80
112
141
166
187
201
209
210
203
188
167
138
104
65
22
-23
-70
-116
-161
-202
-240
-272
-299
-320
-334
-342
-343
-339
-329
-313
-294
-270
-244
-215
-186
-156
-127
-100
-75
-53
-35
-19
-8
0
3
4
1
-4
-13
-24
-37
-51
-65
-78
-89
-98
-102
-103
-98
-88
-72
-51
-26
3
36
71
107
143
178
210
239
264
285
301
313
319
321
318
310
298
281
261
238
212
183
151
118
83
46
8
-29
-69
-108
-147
-185
-222
-255
-284
-309
-328
-340
-346
-343
-334
-317
-294
-265
-231
-194
-155
-116
-79
-44
-13
11
30
43
49
49
44
34
21
7
-8
-22
-35
-44
-49
-49
-44
-33
-17
4
32
63
99
137
176
216
254
291
323
351
372
387
394
394
387
372
351
325
295
262
227
192
159
128
100
76
55
38
25
13
3
-6
-17
-29
-43
-60
-80
-102
-127
-154
-180
-206
-229
-249
-262
-269
-267
-257
-237
-208
-170
-124
-72
-17
40
97
150
198
237
267
284
288
278
256
221
175
120
60
-4
-69
-132
-190
-242
-285
-319
-343
-356
-359
-353
-339
-317
-289
-256
-219
-178
-134
-88
-40
9
61
113
167
221
276
330
384
436
486
531
573
608
636
657
668
669
660
641
610
569
519
461
395
325
251
175
100
26
-43
-108
-167
-221
-267
-307
-342
-371
-395
-415
-433
-448
-462
-475
-488
-500
-512
-524
-535
-545
-553
-559
-561
-559
-553
-541
-523
-498
-467
-429
-384
-334
-277
-216
-150
-82
-12
58
128
197
261
322
377
424
464
496
518
531
534
527
510
485
451
410
363
311
257
202
147
95
47
5
-30
-58
-79
-92
-98
-96
-89
-76
-59
-39
-18
2
22
39
53
61
64
61
51
34
10
-20
-56
-97
-142
-189
-238
-287
-334
-378
-417
-451
-477
-495
-503
-501
-489
-466
-432
-388
-336
-276
-210
-140
-69
2
71
136
195
248
292
327
353
369
376
375
365
349
328
301
272
240
207
174
142
111
82
55
30
8
-12
-31
-48
-63
-78
-91
-104
-115
-125
-134
-141
-146
-148
-149
-146
-142
-136
-129
-120
-111
-101
-92
-82
-71
-60
-48
-33
-17
2
26
54
85
121
160
202
246
288
329
366
397
420
433
435
426
404
372
328
276
216
152
85
18
-45
-105
-157
-201
-234
-256
-266
-264
-251
-228
-195
-155
-110
-61
-11
38
85
128
167
199
226
246
260
269
272
271
265
257
245
232
217
201
184
165
145
124
100
75
49
20
-9
-41
-73
-105
-137
-168
-197
-223
-247
-266
-281
-291
-297
-297
-293
-283
-269
-250
-228
-203
-175
-146
-116
-86
-57
-30
-6
14
31
44
52
55
54
48
39
27
12
-4
-22
-42
-61
-80
-98
-116
-132
-146
-157
-166
-172
-174
-173
-168
-159
-147
-131
-114
-96
-77
-59
-42
-26
-13
-2
6
13
18
23
28
33
39
46
54
62
71
80
88
94
97
96
91
80
64
42
15
-17
-53
-92
-132
-171
-207
-238
-262
-278
-284
-280
-264
-239
-203
-157
-104
-44
19
86
153
217
278
332
379
417
445
461
467
462
446
419
383
339
287
230
168
102
35
-31
-96
-158
-215
-266
-308
-341
-363
-375
-375
-364
-342
-312
-274
-230
-184
-137
-92
-50
-13
16
39
56
65
69
69
65
59
53
48
44
42
42
46
51
58
65
73
79
84
86
85
80
71
59
45
28
9
-8
-26
-42
-55
-66
-72
-74
-73
-67
-58
-46
-33
-17
-2
11
24
34
42
46
46
44
40
35
29
25
22
22
26
34
45
60
78
98
119
139
158
173
186
194
197
196
190
181
167
151
132
112
90
67
43
20
-2
-23
-42
-58
-71
-80
-84
-83
-77
-67
-52
-33
-10
15
43
72
102
131
160
186
209
229
244
253
257
255
246
232
212
187
157
125
90
54
18
-16
-48
-76
-100
-117
-128
-132
-129
-120
-106
-88
-70
-52
-37
-29
-28
-37
-56
-87
-130
-181
-241
-306
-374
-439
-500
-551
-590
-614
-621
-609
-578
-530
-464
-385
-294
-196
-94
7
104
195
275
341
394
430
450
455
445
422
389
348
302
255
208
164
127
96
75
63
60
66
79
97
118
140
159
174
181
179
166
140
103
53
-6
-74
-149
-226
-303
-376
-442
-498
-543
-575
-592
-595
-585
-563
-530
-488
-441
-391
-340
-289
-242
-199
-161
-129
-101
-78
-58
-40
-22
-2
21
50
84
125
173
228
288
353
422
491
560
627
689
743
789
824
847
856
852
833
800
755
699
633
561
483
402
319
237
156
76
0
-75
-149
-222
-294
-366
-437
-508
-577
-644
-706
-761
-809
-847
-872
-885
-883
-867
-837
-794
-739
-674
-602
-524
-444
-364
-285
-210
-139
