-568
-601
-629
-649
-660
-661
-651
-630
-598
-554
-501
-438
-367
-291
-210
-128
-47
31
104
170
228
274
310
333
344
344
333
312
282
246
205
161
116
71
29
-9
-44
-72
-94
-109
-117
-117
-109
-95
-74
-47
-15
20
59
100
141
182
220
256
287
313
333
347
355
355
349
337
319
295
267
234
199
162
124
85
47
10
-24
-57
-87
-115
-141
-165
-188
-208
-227
-245
-262
-277
-289
-299
-305
-307
-305
-298
-286
-269
-248
-223
-195
-164
-132
-101
-70
-43
-19
0
14
23
25
23
16
5
-7
-21
-35
-47
-55
-61
-62
-58
-50
-39
-26
-11
3
16
25
31
30
24
12
-6
-30
-58
-89
-121
-152
-181
-206
-225
-237
-241
-237
-225
-204
-177
-143
-105
-63
-19
25
69
112
152
189
221
249
273
292
305
314
319
318
313
303
288
269
245
217
187
153
117
79
40
1
-36
-74
-110
-144
-176
-204
-227
-246
-258
-263
-260
-249
-229
-200
-163
-117
-65
-9
49
108
166
218
264
301
328
345
351
347
334
314
289
261
231
202
174
149
127
108
91
78
65
54
43
30
16
0
-19
-40
-64
-90
-117
-145
-173
-199
-223
-244
-261
-273
-279
-279
-273
-259
-239
-212
-179
-141
-99
-54
-9
34
75
112
142
166
182
189
188
180
164
142
116
88
58
30
3
-18
-36
-48
-54
-55
-50
-41
-28
-13
2
19
35
49
62
73
82
89
96
102
109
116
125
134
143
152
159
165
167
166
159
148
131
109
82
52
18
-16
-52
-87
-120
-149
-174
-195
-209
-218
-222
-220
-213
-201
-186
-169
-149
-129
-108
-88
-70
-54
-42
-33
-28
-28
-31
-38
-49
-62
-77
-92
-107
-121
-131
-137
-138
-133
-120
-100
-73
-38
1
46
94
143
191
236
277
311
339
357
368
369
363
348
326
299
267
231
192
153
113
74
36
1
-30
-58
-83
-104
-120
-132
-139
-142
-140
-134
-124
-110
-92
-71
-48
-24
1
27
53
78
102
125
146
165
183
199
213
225
234
241
244
245
242
235
226
215
201
185
168
151
132
113
93
72
51
27
3
-22
-50
-80
-110
-141
-172
-202
-230
-255
-276
-293
-305
-311
-312
-308
-299
-285
-268
-247
-224
-200
-174
-147
-121
-95
-71
-48
-26
-8
8
21
31
37
39
38
33
23
10
-7
-29
-56
-86
-121
-161
-204
-252
-302
-355
-410
-465
-518
-569
-614
-652
-681
-700
-705
-697
-675
-639
-589
-526
-454
-373
-288
-201
-116
-35
37
100
152
193
223
243
255
261
266
271
280
296
319
352
395
446
504
568
633
698
759
813
857
889
908
913
903
879
841
792
734
667
594
518
441
364
288
215
146
80
18
-39
-93
-145
-193
-239
-281
-321
-358
-391
-422
-450
-475
-497
-518
-536
-553
-569
-583
-597
-608
-617
-624
-628
-627
-621
-610
-592
-567
-535
-495
-450
-398
-341
-281
-219
-157
-96
-39
13
59
98
130
154
169
178
179
174
164
150
133
114
94
74
55
38
24
13
7
4
7
14
24
39
55
74
93
112
129
144
156
166
171
174
174
172
168
163
157
152
147
142
139
136
134
133
132
132
132
133
133
135
137
139
142
146
151
157
164
171
179
188
197
206
215
223
231
237
242
244
245
243
238
232
223
212
199
185
170
154
138
120
103
85
66
47
29
10
-8
-26
-43
-59
-73
-87
-98
-109
-117
-124
-129
-133
-136
-137
-137
-137
-137
-138
-139
-141
-145
-149
-155
-161
-167
-173
-176
-177
-175
-170
-160
-147
-130
-110
-88
-64
-39
-16
4
21
34
40
41
35
22
2
-21
-50
-81
-113
-146
-175
-202
-223
-238
-245
-244
-235
-217
-191
-158
-118
-72
-23
27
79
129
175
217
252
278
296
305
304
293
274
248
215
178
139
100
63
29
1
-19
-33
-39
-37
-29
-14
3
25
48
70
90
107
118
123
122
115
101
82
59
33
5
-22
-49
-72
-92
-107
-117
-120
-119
-112
-100
-85
-67
-47
-28
-8
8
23
34
42
45
43
38
29
17
2
-12
-28
-43
-56
-67
-74
-77
-76
-71
-63
-52
-39
-24
-10
2
13
22
27
30
29
27
23
18
13
10
10
12
18
28
41
58
77
98
119
140
159
175
188
196
199
197
189
177
161
141
119
97
74
52
32
13
-3
-19
-34
-50
-67
-86
-108
-133
-162
-194
-228
-263
-298
-331
-362
-388
-408
-421
-427
-425
-415
-396
-371
-340
-304
-264
-222
-179
-138
-98
-62
-30
-3
17
31
39
40
35
24
7
-14
-41
-70
-102
-134
-166
-196
-222
-244
-260
-269
-270
-263
-248
-224
-194
-158
-116
-72
-26
19
63
104
141
172
198
218
232
242
249
253
255
256
257
258
260
262
264
265
264
260
253
242
227
208
186
161
135
111
88
69
54
45
41
43
49
58
68
79
87
92
93
88
77
62
41
17
-8
-34
-59
-81
-97
-106
-108
-101
-86
-64
-36
-3
30
64
95
120
139
149
149
140
121
95
61
21
-20
-65
-109
-153
-193
-230
-262
-289
-312
-329
-342
-349
-351
-349
-343
-332
-317
-298
-276
-251
-222
-191
-158
-124
-89
-55
-21
9
38
63
85
104
118
129
138
143
146
148
148
147
146
146
145
146
147
150
155
161
168
177
187
197
208
219
230
240
248
255
259
261
259
255
247
236
222
205
186
165
144
122
100
79
60
44
29
18
9
4
0
0
-1
0
-1
-2
-5
-10
-19
-31
-45
-63
-82
-103
-124
-143
-160
-172
-180
-181
-174
-161
-139
-111
-76
-36
7
53
100
145
187
225
256
281
298
307
308
302
288
269
244
215
183
150
115
82
49
19
-7
-31
-52
-68
-81
-91
-98
-103
-107
-110
-113
-117
-122
-129
-139
-151
-165
-182
-201
-220
-240
-259
-276
-291
-301
-307
-309
-305
-297
-284
-268
-248
-226
-202
-177
-151
-125
-99
-74
-49
-25
0
22
46
69
93
115
137
157
175
190
201
207
208
203
191
174
151
124
94
61
29
-1
-29
-53
-71
-83
-89
-89
-82
-70
-53
-33
-11
10
32
51
68
82
92
98
101
101
99
95
90
84
78
72
66
59
52
44
34
22
7
-9
-29
-52
-78
-106
-135
-166
-196
-226
-254
-279
-301
-319
-331
-339
-341
-337
-328
-315
-297
-275
-251
-224
-196
-167
-137
-107
-78
-49
-21
5
32
57
82
106
130
152
173
193
211
227
241
253
264
272
279
285
290
294
297
300
302
303
302
299
294
287
276
263
248
230
211
192
173
156
141
130
122
117
116
118
122
126
129
129
125
114
97
72
38
-2
-50
-105
-163
-224
-285
-343
-398
-446
-486
-516
-535
-543
-539
-523
-496
-459
-414
-362
-305
-246
-185
-127
-71
-20
23
61
91
113
128
135
136
132
123
110
95
79
63
47
33
22
13
8
7
9
16
26
39
54
72
90
109
126
142
156
166
173
176
175
171
163
152
139
124
109
93
77
63
50
39
31
25
22
22
24
28
34
41
48
55
61
65
68
69
67
62
56
47
36
24
10
-2
-17
-30
-43
-54
-64
-73
-79
-84
-87
-88
-88
-87
-85
-82
-78
-73
-68
-63
-57
-52
-47
-43
-40
-38
-38
-39
-43
-48
-56
-65
-76
-88
-102
-117
-132
-147
-162
-176
-189
-200
-209
-215
-218
-217
-213
-205
-194
-180
-164
-147
-127
-107
-87
-66
-46
-26
-7
10
27
42
57
69
81
91
99
106
111
114
116
115
113
108
102
93
83
72
60
48
37
26
17
9
4
0
-1
-1
-1
0
1
3
3
3
1
-1
-5
-10
-16
-22
-28
-32
-34
-33
-29
-21
-10
5
24
46
70
96
122
149
174
197
218
236
250
260
265
266
262
254
240
222
200
175
147
117
87
57
28
2
-21
-41
-57
-70
-78
-82
-83
-80
-74
-65
-53
-40
-26
-11
3
18
30
40
48
52
52
48
40
28
12
-6
-27
-50
-72
-94
-113
-128
-137
-141
-138
-127
-110
-87
-58
-26
8
43
76
107
132
152
165
171
169
160
145
124
99
71
41
11
-17
-45
-70
-92
-111
-127
-140
-151
-159
-166
-171
-176
-178
-180
-180
-177
-173
-165
-153
-138
-120
-98
-72
-44
-13
18
51
84
115
144
171
193
212
225
234
238
238
233
224
212
198
181
163
145
127
109
92
76
62
50
41
33
27
23
22
22
23
26
30
35
41
47
53
59
64
67
68
67
62
54
42
26
6
-18
-46
-77
-111
-147
-184
-222
-258
-292
-324
-353
-377
-397
-411
-419
-420
-416
-404
-387
-363
-333
-299
-259
-217
-171
-123
-74
-25
23
70
114
155
191
221
246
263
273
275
269
256
236
209
177
140
100
57
14
-27
-68
-106
-140
-169
-193
-210
-221
-226
-225
-219
-207
-190
-170
-147
-122
-95
-68
-41
-14
9
32
53
72
88
103
116
129
140
151
162
172
182
191
199
204
207
206
201
192
178
160
138
112
83
53
22
-8
-37
-64
-88
-109
-125
-138
-147
-153
-157
-159
-161
-162
-165
-168
-172
-176
-181
-186
-190
-192
-191
-188
-181
-170
-155
-137
-115
-91
-65
-37
-9
17
43
68
91
111
129
146
160
174
186
199
211
223
236
248
261
272
283
291
297
299
297
290
279
262
241
214
184
151
115
77
39
1
-34
-68
-99
-127
-150
-168
-181
-189
-191
-188
-179
-166
-148
-127
-104
-79
-54
-31
-9
8
21
30
34
32
24
12
-4
-24
-46
-71
-95
-118
-140
-158
-174
-185
-193
-197
-199
-197
-195
-191
-187
-183
-179
-175
-171
-166
-159
-151
-140
-125
-107
-86
-61
-32
-1
32
68
104
141
176
210
240
266
288
305
317
324
325
322
314
304
291
277
262
247
233
220
210
202
197
194
193
194
196
198
200
202
202
201
198
194
187
179
169
158
145
133
119
105
91
77
62
47
31
14
-4
-25
-49
-75
-104
-137
-172
-209
-249
-289
-329
-368
-404
-437
-466
-489
-506
-517
-520
-517
-507
-490
-467
-438
-404
-367
-326
-283
-238
-193
-149
-105
-63
-24
12
47
78
106
132
155
175
193
208
221
231
238
242
241
236
227
212
192
168
139
106
70
32
-5
-43
-78
-110
-137
-158
-173
-181
-182
-177
-165
-148
-127
-102
-77
-51
-27
-4
14
29
41
50
56
59
61
62
63
65
68
73
80
89
100
113
126
140
155
168
181
191
199
203
204
201
194
183
168
149
128
104
79
54
30
8
-9
-23
-31
-32
-28
-16
1
26
55
87
122
156
188
217
240
257
