-183
-214
-245
-276
-304
-328
-347
-358
-361
-355
-340
-316
-284
-245
-201
-153
-102
-50
0
48
93
133
168
196
219
235
246
252
253
251
246
238
230
220
211
201
192
184
176
168
161
155
149
143
138
133
128
123
119
114
110
105
99
94
87
80
71
61
50
37
22
6
-11
-30
-48
-67
-85
-101
-114
-125
-131
-134
-131
-125
-115
-101
-85
-67
-48
-31
-15
-2
7
13
14
11
4
-5
-19
-34
-50
-65
-80
-92
-103
-110
-114
-115
-113
-109
-101
-92
-80
-67
-53
-39
-24
-10
2
14
24
32
39
42
44
42
39
33
26
18
9
0
-8
-14
-18
-19
-16
-9
1
17
36
57
81
106
131
155
177
196
211
222
229
232
230
225
216
204
190
175
158
141
123
105
87
70
53
36
20
4
-10
-25
-39
-53
-65
-76
-85
-92
-97
-99
-99
-95
-88
-79
-67
-53
-38
-21
-4
12
28
42
55
65
73
78
80
78
73
64
52
37
19
-1
-23
-47
-71
-94
-115
-134
-149
-161
-170
-174
-174
-171
-165
-156
-146
-135
-123
-112
-101
-90
-80
-71
-63
-55
-47
-39
-30
-21
-12
-3
6
15
23
31
38
43
46
48
49
48
45
42
38
32
27
21
16
11
8
6
6
9
14
21
31
43
56
71
86
101
115
128
140
150
159
166
172
176
180
182
184
184
182
179
174
167
156
143
126
105
82
55
26
-4
-36
-67
-97
-123
-145
-163
-174
-180
-180
-175
-166
-152
-137
-121
-106
-92
-81
-74
-70
-71
-76
-85
-98
-114
-131
-150
-169
-187
-205
-222
-237
-250
-263
-274
-284
-293
-301
-309
-316
-322
-326
-330
-332
-332
-330
-326
-319
-311
-300
-287
-271
-253
-232
-209
-182
-153
-119
-82
-42
2
50
101
155
212
270
328
386
442
495
543
586
622
650
671
683
686
681
667
646
618
584
544
500
452
402
350
297
244
191
139
89
40
-6
-50
-91
-130
-165
-197
-226
-250
-271
-287
-300
-309
-314
-316
-316
-312
-307
-300
-291
-281
-270
-259
-246
-234
-220
-207
-193
-178
-164
-149
-134
-119
-104
-89
-75
-61
-48
-36
-24
-13
-3
5
13
19
23
26
27
26
25
22
19
16
13
11
10
11
14
18
24
33
42
54
66
79
93
106
120
132
144
154
161
167
169
169
165
157
147
133
117
99
79
59
38
18
0
-15
-29
-40
-48
-53
-56
-57
-56
-53
-50
-47
-43
-39
-36
-31
-26
-20
-13
-3
7
21
37
54
72
91
109
126
141
154
163
169
171
170
166
158
148
136
122
107
91
75
59
44
29
16
3
-7
-18
-27
-34
-40
-44
-46
-47
-46
-43
-39
-34
-28
-22
-16
-10
-5
-1
1
2
1
-1
-5
-11
-17
-24
-30
-34
-37
-38
-36
-32
-25
-17
-7
2
12
20
25
27
25
18
5
-11
-34
-61
-91
-124
-157
-190
-220
-247
-269
-284
-293
-294
-289
-278
-261
-241
-216
-190
-163
-135
-108
-81
-55
-30
-5
18
41
64
86
107
128
148
166
183
198
209
218
223
223
219
210
197
179
157
132
105
76
48
20
-6
-30
-52
-70
-85
-97
-105
-111
-115
-116
-117
-116
-114
-112
-109
-106
-103
-100
-95
-90
-84
-77
-68
-58
-47
-35
-21
-8
5
18
30
41
49
55
58
59
56
50
42
32
20
7
-5
-18
-29
-39
-47
-52
-56
-57
-56
-53
-49
-43
-35
-27
-19
-10
-2
5
12
18
23
27
31
35
40
44
50
55
62
68
74
78
81
82
81
76
69
59
47
33
18
3
-10
-22
-33
-40
-45
-46
-44
-40
-35
-28
-22
-16
-11
-8
-8
-10
-15
-22
-31
-41
-52
-63
-74
-83
-90
-95
-96
-95
-90
-82
-71
-58
-42
-25
-8
8
25
39
50
59
64
65
63
57
48
36
23
8
-5
-18
-30
-40
-46
-49
-49
-46
-40
-31
-20
-7
5
20
35
50
64
79
92
105
117
127
136
144
149
153
156
157
157
156
155
153
151
147
143
138
131
123
113
102
88
73
56
38
19
0
-21
-41
-61
-79
-97
-113
-126
-138
-146
-151
-153
-151
-146
-138
-127
-113
-98
-80
-61
-41
-21
0
18
37
55
72
87
100
112
122
130
136
139
141
141
138
133
126
116
105
92
77
61
44
27
9
-9
-27
-45
-62
-78
-92
-105
-116
-125
-132
-135
-136
-134
-129
-122
-111
-98
-83
-67
-49
-31
-13
3
20
35
48
60
69
75
79
80
79
75
69
60
49
36
21
5
-11
-29
-46
-63
-79
-92
-102
-108
-111
-109
-104
-94
-81
-64
-46
-26
-6
12
29
44
54
61
62
57
48
34
16
-3
-25
-46
-65
-80
-89
-91
-86
-73
-52
-24
9
48
90
133
175
213
245
270
287
293
288
272
246
210
166
115
61
4
-52
-106
-155
-197
-231
-256
-272
-278
-275
-265
-247
-225
-199
-172
-145
-121
-99
-82
-71
-65
-66
-72
-84
-100
-120
-141
-163
-185
-205
-221
-234
-242
-244
-241
-233
-221
-204
-183
-161
-136
-110
-84
-58
-33
-10
11
31
50
67
81
94
106
115
123
129
132
134
134
131
125
118
108
96
82
68
53
39
26
14
5
0
-2
-1
3
11
22
37
53
70
88
106
124
140
155
167
178
185
190
193
192
190
186
180
173
165
155
146
136
126
115
105
95
84
73
62
50
37
24
10
-4
-19
-34
-49
-63
-77
-90
-102
-112
-121
-129
-135
-139
-142
-142
-142
-140
-137
-132
-128
-122
-117
-112
-108
-104
-100
-97
-94
-91
-87
-83
-78
-72
-65
-56
-46
-35
-24
-12
0
11
22
32
40
47
53
57
59
60
59
58
56
53
51
49
49
49
51
55
61
68
77
87
98
110
122
133
144
154
162
167
171
171
168
162
153
141
128
112
96
80
64
49
37
27
20
17
17
21
27
37
49
63
77
92
106
119
130
139
145
148
148
144
138
127
114
97
77
55
32
7
-17
-42
-66
-88
-109
-126
-141
-152
-159
-163
-164
-161
-155
-147
-137
-126
-114
-102
-92
-83
-76
-71
-69
-70
-73
-79
-86
-94
-103
-112
-121
-128
-134
-137
-139
-138
-135
-130
-123
-114
-105
-95
-85
-76
-67
-60
-55
-51
-48
-47
-47
-47
-48
-49
-49
-49
-47
-44
-39
-33
-26
-17
-7
2
12
22
31
40
47
54
59
63
65
66
66
64
61
56
51
44
37
30
24
18
13
10
9
10
13
18
24
31
39
47
55
62
67
71
73
73
72
70
67
63
59
56
54
54
55
59
65
72
82
93
104
116
126
136
142
146
146
142
133
119
100
76
48
16
-18
-55
-92
-129
-164
-195
-223
-245
-262
-272
-275
-273
-263
-249
-229
-206
-180
-153
-125
-99
-75
-53
-36
-23
-14
-10
-10
-13
-18
-26
-35
-44
-52
-58
-62
-64
-63
-60
-54
-45
-35
-24
-13
-1
9
18
27
35
41
47
52
57
62
67
73
80
88
96
104
112
120
127
132
136
138
138
136
132
127
120
113
105
98
90
83
76
70
65
60
55
50
46
42
38
34
30
26
23
20
17
15
14
14
14
14
14
14
13
11
7
1
-6
-17
-29
-44
-60
-76
-92
-107
-120
-129
-136
-139
-137
-133
-125
-114
-101
-88
-74
-61
-50
-41
-35
-32
-33
-37
-44
-55
-68
-82
-97
-112
-126
-138
-147
-152
-154
-151
-143
-131
-115
-95
-73
-49
-24
0
23
45
65
81
94
104
111
114
114
112
107
101
93
84
74
64
53
43
34
25
17
10
4
-1
-6
-10
-14
-18
-22
-25
-29
-33
-37
-42
-46
-51
-56
-61
-65
-69
-73
-76
-78
-79
-78
-75
-70
-64
-55
-44
-31
-15
0
19
38
57
76
94
111
125
137
145
149
149
146
138
127
114
99
83
68
54
43
35
31
32
37
45
56
68
82
94
105
113
118
119
115
107
96
81
65
47
29
12
-2
-15
-24
-29
-31
-29
-23
-15
-4
7
19
31
43
52
59
64
65
63
58
50
39
26
10
-6
-25
-44
-62
-80
-96
-110
-122
-130
-135
-136
-133
-126
-116
-103
-87
-69
-50
-31
-13
3
17
28
36
40
40
35
27
16
1
-13
-30
-46
-62
-74
-84
-90
-92
-90
-83
-73
-59
-42
-23
-3
16
36
54
71
86
99
110
118
125
130
134
137
139
141
142
144
145
145
146
146
146
144
142
138
132
123
112
99
82
63
42
19
-5
-29
-53
-76
-96
-113
-128
-138
-146
-150
-152
-152
-152
-151
-150
-150
-151
-153
-155
-157
-158
-157
-154
-148
-139
-126
-110
-90
-68
-43
-17
7
32
54
74
89
100
107
110
109
104
97
89
80
71
62
56
50
47
45
45
45
47
48
50
51
51
50
49
46
42
38
33
27
22
17
13
10
8
8
8
10
11
13
14
15
14
12
9
5
0
-6
-13
-20
-27
-34
-40
-45
-49
-52
-53
-53
-51
-48
-44
-41
-37
-34
-33
-34
-37
-44
-54
-67
-83
-102
-123
-146
-169
-193
-214
-234
-250
-261
-269
-270
-267
-257
-241
-220
-193
-160
-123
-81
-37
10
58
105
151
193
230
260
283
298
303
299
285
262
231
194
151
104
56
8
-37
-78
-114
-144
-166
-181
-189
-189
-182
-170
-152
-131
-105
-77
-47
-16
14
45
75
103
129
151
169
183
192
196
195
189
178
162
143
120
95
67
39
11
-17
-44
-70
-93
-114
-132
-146
-157
-164
-168
-167
-162
-154
-143
-129
-112
-94
-74
-53
-32
-10
10
30
49
67
83
98
110
121
129
136
140
143
144
144
142
139
135
130
123
115
106
95
83
70
56
41
27
13
0
-10
-20
-27
-32
-35
-36
-36
-34
-32
-30
-29
-28
-29
-32
-37
-44
-53
-64
-76
-88
-101
-113
-124
-133
-139
-143
-143
-140
-134
-125
-114
-101
-88
-73
-59
-46
-34
-23
-13
-5
2
9
15
21
26
32
38
44
50
56
63
70
78
86
94
103
113
122
131
140
148
154
158
161
162
160
156
151
144
136
128
120
112
104
98
92
88
84
81
78
75
71
66
60
53
43
31
17
2
-14
-32
-51
-69
-87
-103
-118
-131
-141
-148
-152
-153
-151
-146
-138
-128
-115
-101
-86
-71
-57
-43
-32
-24
-18
-16
-17
-22
-30
-40
-52
-66
-81
-96
-112
-126
-140
-153
-164
-173
-180
-184
-187
-186
-183
-176
-167
-155
-141
-123
-104
-83
-61
-38
-14
8
31
52
73
91
109
125
140
154
167
179
190
201
212
221
230
237
243
247
249
249
246
240
232
220
204
