123
94
60
24
-13
-51
-86
-118
-145
-166
-182
-191
-195
-194
-188
-178
-166
-152
-137
-124
-112
-103
-97
-95
-96
-102
-111
-124
-138
-154
-170
-185
-197
-206
-211
-211
-205
-192
-173
-148
-117
-80
-40
4
50
97
143
187
228
263
292
313
327
331
327
314
293
265
231
194
154
114
76
42
12
-10
-27
-37
-39
-35
-25
-10
9
32
57
83
108
132
153
171
185
194
198
197
192
182
169
153
135
116
97
79
62
47
34
23
14
7
2
0
-2
-3
-3
-2
-1
1
4
7
9
11
12
10
5
-2
-14
-31
-52
-78
-106
-137
-169
-201
-230
-256
-276
-291
-297
-297
-288
-271
-248
-219
-185
-147
-107
-67
-27
11
46
77
103
124
139
148
151
148
140
127
110
89
66
41
16
-9
-34
-57
-78
-97
-112
-125
-134
-140
-142
-143
-140
-137
-132
-126
-121
-115
-109
-104
-99
-94
-88
-81
-73
-64
-53
-39
-25
-8
8
26
44
60
75
87
96
101
101
97
88
75
58
38
16
-7
-32
-58
-82
-105
-126
-144
-160
-172
-181
-186
-188
-186
-181
-174
-165
-154
-141
-128
-115
-100
-86
-71
-54
-37
-17
3
26
52
80
109
141
172
204
235
263
287
307
322
330
332
326
314
294
269
239
205
168
130
92
55
20
-11
-39
-62
-82
-96
-105
-110
-110
-107
-100
-91
-79
-66
-52
-38
-24
-11
0
7
14
17
18
16
10
2
-7
-19
-33
-48
-63
-78
-93
-107
-120
-131
-141
-149
-155
-158
-160
-158
-153
-145
-134
-119
-101
-80
-57
-33
-8
15
38
59
76
89
97
100
99
92
81
67
50
33
18
5
-1
-2
4
18
39
66
96
129
162
192
218
241
258
269
277
280
280
277
273
268
264
259
255
252
249
244
239
231
219
204
183
157
126
89
47
2
-44
-93
-141
-187
-228
-263
-292
-312
-323
-326
-320
-306
-285
-259
-229
-196
-163
-129
-98
-69
-43
-22
-5
7
15
18
18
15
9
2
-6
-15
-23
-30
-35
-39
-40
-39
-35
-30
-23
-14
-4
6
18
29
41
52
61
69
74
77
76
72
65
55
42
27
10
-7
-25
-43
-59
-72
-83
-91
-96
-97
-96
-92
-86
-79
-72
-65
-59
-55
-52
-50
-50
-51
-52
-53
-54
-53
-51
-46
-39
-30
-19
-6
7
22
36
49
59
67
72
73
70
64
54
41
27
12
-3
-18
-32
-43
-52
-58
-61
-60
-57
-52
-44
-34
-24
-13
-2
8
17
25
31
34
35
34
31
26
19
11
2
-6
-15
-25
-34
-43
-51
-59
-66
-73
-78
-82
-85
-86
-84
-81
-76
-69
-60
-49
-37
-24
-11
2
14
26
35
42
47
48
46
41
32
21
9
-4
-18
-31
-42
-49
-53
-51
-44
-32
-14
8
35
64
94
123
151
174
193
205
210
209
199
183
161
133
101
66
30
-5
-39
-71
-98
-119
-135
-145
-148
-145
-136
-123
-106
-86
-64
-42
-21
-2
13
26
35
40
41
38
32
23
13
1
-9
-20
-29
-36
-41
-43
-44
-42
-39
-34
-29
-25
-20
-16
-14
-13
-14
-16
-19
-24
-30
-36
-43
-49
-54
-57
-59
-59
-58
-54
-48
-40
-31
-20
-8
3
16
30
43
55
67
77
86
93
98
101
103
103
101
98
93
88
82
75
67
59
49
39
29
18
6
-4
-16
-27
-38
-49
-59
-68
-77
-84
-90
-95
-98
-98
-96
-91
-83
-72
-59
-43
-24
-5
15
37
58
79
98
116
130
142
150
154
155
152
146
138
127
113
99
83
67
51
35
20
7
-5
-15
-22
-27
-29
-27
-23
-15
-4
9
26
45
66
88
111
134
156
176
194
208
218
224
223
218
206
190
169
144
117
88
59
31
4
-20
-42
-60
-76
-88
-98
-105
-111
-114
-117
-119
-121
-123
-124
-126
-127
-129
-130
-131
-132
-132
-133
-133
-133
-133
-132
-131
-130
-127
-123
-117
-109
-99
-86
-71
-55
-37
-18
0
17
33
46
56
63
66
67
64
59
52
44
37
30
25
22
22
23
27
32
37
42
46
48
47
43
36
25
11
-4
-23
-43
-63
-83
-101
-118
-132
-142
-150
-153
-154
-152
-147
-141
-134
-127
-119
-112
-106
-100
-95
-89
-83
-76
-67
-57
-44
-28
-10
9
30
53
75
97
116
133
147
156
160
158
152
140
123
103
79
53
26
0
-27
-51
-73
-93
-109
-122
-131
-138
-142
-143
-142
-138
-134
-128
-121
-114
-107
-100
-94
-88
-82
-76
-69
-61
-52
-40
-26
-10
7
27
47
68
87
104
118
128
133
133
127
117
102
83
61
38
14
-9
-31
-49
-64
-74
-79
-79
-73
-63
-48
-29
-8
13
37
60
81
101
117
129
137
140
138
131
120
105
86
63
39
13
-12
-37
-61
-81
-98
-110
-116
-117
-111
-98
-80
-55
-24
10
51
95
142
189
235
278
315
343
360
366
359
338
306
263
210
151
87
21
-44
-108
-166
-219
-263
-298
-324
-339
-344
-339
-324
-301
-270
-232
-188
-140
-88
-35
19
72
123
171
213
247
273
289
293
286
267
237
198
151
99
44
-8
-58
-100
-134
-155
-165
-161
-144
-116
-78
-33
17
70
122
170
213
247
271
283
285
274
253
223
184
140
92
42
-6
-52
-95
-133
-164
-189
-207
-219
-225
-225
-222
-215
-206
-197
-188
-180
-174
-171
-171
-173
-178
-184
-192
-200
-208
-215
-219
-221
-220
-215
-207
-194
-178
-158
-134
-108
-79
-48
-16
15
48
79
109
137
163
185
204
219
231
240
244
246
244
240
234
226
217
206
195
182
169
154
138
121
103
84
64
43
21
0
-22
-44
-65
-85
-104
-121
-137
-150
-162
-171
-179
-183
-186
-187
-186
-182
-177
-169
-160
-148
-135
-120
-104
-86
-68
-49
-29
-10
8
26
44
61
76
91
104
116
127
136
143
150
155
159
162
164
165
165
163
160
155
149
139
127
113
96
76
54
31
8
-15
-38
-59
-78
-93
-105
-113
-118
-119
-117
-112
-105
-97
-89
-81
-73
-67
-62
-58
-56
-54
-53
-52
-51
-49
-47
-44
-40
-36
-30
-24
-17
-10
-2
5
13
21
30
38
47
56
66
75
84
93
101
108
114
117
118
116
112
105
97
86
75
64
53
44
37
32
30
32
36
43
53
64
77
90
103
115
124
129
131
127
119
105
85
60
30
-3
-40
-80
-119
-159
-196
-229
-258
-280
-296
-305
-306
-299
-286
-267
-242
-213
-182
-149
-116
-85
-56
-31
-10
5
16
22
23
20
12
2
-9
-22
-36
-48
-59
-67
-73
-75
-74
-71
-65
-58
-50
-42
-35
-31
-29
-31
-36
-44
-55
-68
-81
-95
-106
-114
-118
-115
-106
-91
-69
-41
-9
25
62
98
132
162
188
208
222
230
231
226
215
200
181
160
138
115
94
75
59
47
39
35
36
40
48
58
69
82
94
105
115
123
129
133
133
131
127
119
108
94
78
58
36
11
-14
-43
-73
-104
-135
-165
-194
-221
-244
-264
-278
-288
-291
-287
-277
-261
-238
-210
-177
-140
-100
-59
-17
24
65
104
139
171
199
222
239
252
258
259
254
243
227
205
179
149
116
82
46
12
-20
-50
-75
-96
-112
-122
-126
-126
-121
-112
-101
-89
-76
-63
-52
-43
-37
-34
-34
-38
-45
-54
-66
-79
-94
-110
-126
-141
-156
-169
-180
-189
-194
-196
-194
-187
-174
-156
-133
-105
-72
-35
3
44
85
126
164
200
232
259
283
301
315
325
330
331
329
325
318
309
300
289
279
269
259
250
241
232
224
216
207
198
187
176
162
147
130
111
89
65
38
9
-21
-54
-88
-122
-156
-189
-220
-248
-273
-293
-309
-319
-323
-322
-316
-306
-292
-275
-257
-239
-221
-206
-193
-184
-178
-175
-175
-177
-180
-183
-184
-183
-178
-170
-157
-140
-119
-94
-68
-39
-11
16
42
65
85
102
114
122
127
128
125
120
113
104
94
84
74
64
55
48
41
37
34
32
31
32
33
34
36
37
38
38
38
37
35
33
30
28
25
23
22
20
19
18
17
15
12
8
3
-3
-12
-23
-35
-49
-64
-80
-95
-111
-125
-137
-148
-157
-163
-167
-169
-168
-165
-159
-151
-141
-129
-115
-99
-82
-63
-43
-22
0
23
46
71
95
119
142
164
185
203
219
232
241
247
248
245
238
226
211
192
170
145
119
91
63
35
9
-15
-36
-55
-70
-83
-91
-97
-101
-103
-104
-104
-104
-104
-105
-106
-107
-109
-110
-111
-112
-112
-111
-109
-106
-102
-97
-91
-85
-79
-73
-66
-60
-54
-48
-42
-35
-28
-20
-12
-2
8
20
33
46
59
71
82
92
99
105
108
109
109
107
104
101
98
97
96
96
98
101
104
108
111
113
113
111
106
98
87
74
60
45
31
18
8
3
2
7
18
35
58
86
117
151
185
218
248
274
294
308
314
312
302
284
259
228
191
150
105
59
12
-34
-78
-119
-157
-189
-216
-236
-251
-260
-263
-261
-254
-244
-231
-216
-200
-183
-167
-151
-135
-121
-107
-94
-82
-69
-55
-41
-26
-9
8
28
48
69
89
108
124
138
148
153
153
149
139
125
107
86
62
37
11
-13
-36
-57
-75
-89
-99
-105
-106
-104
-99
-92
-82
-71
-59
-47
-35
-23
-13
-3
3
9
11
10
5
-3
-16
-33
-54
-78
-103
-129
-155
-178
-197
-212
-220
-221
-215
-201
-180
-152
-118
-80
-40
0
40
77
109
135
154
164
167
161
149
129
105
77
47
18
-8
-31
-49
-60
-64
-60
-48
-28
-2
28
64
101
139
176
209
237
260
276
284
284
277
262
241
213
181
144
106
66
26
-12
-49
-83
-114
-141
-164
-183
-198
-209
-217
-222
-224
-225
-225
-225
-226
-226
-228
-230
-233
-236
-239
-241
-242
-240
-236
-229
-218
-203
-185
-163
-137
-108
-76
-43
-9
24
57
88
116
139
158
172
180
183
180
174
164
151
137
123
110
98
89
82
80
80
84
91
100
111
121
132
141
147
150
150
145
136
123
106
86
64
40
15
-9
-33
-54
-73
-88
-99
-105
-106
-103
-96
-85
-70
-53
-35
-16
1
17
31
41
47
48
45
36
24
8
-10
-31
-54
-76
-97
-116
-133
-147
-158
-165
-169
-169
-166
-159
-150
-139
-125
-110
-94
-77
-60
-45
-31
-19
-10
-4
0
-1
-4
-10
-19
-31
-45
-60
-75
-91
-107
-120
-131
-140
-144
-145
-142
-134
-123
-108
-91
-72
-52
-32
-12
7
25
41
57
70
83
95
106
116
126
136
145
153
160
167
172
175
176
174
168
160
147
130
110
86
60
31
1
-29
-58
-87
-112
