92
79
66
54
41
28
13
-1
-17
-33
-49
-65
-80
-92
-102
-109
-112
-112
-107
-99
-88
-74
-58
-42
-24
-7
7
21
32
41
47
51
52
52
52
51
52
54
58
65
74
85
97
110
122
132
140
144
143
137
126
110
88
62
33
0
-34
-69
-105
-139
-171
-201
-227
-250
-269
-283
-293
-299
-301
-298
-291
-280
-265
-247
-225
-201
-174
-146
-115
-85
-54
-23
6
34
60
84
105
123
139
153
164
173
180
187
193
199
205
211
217
223
228
233
236
236
235
231
224
213
200
183
163
141
118
94
71
50
30
15
4
-2
-4
-1
5
15
28
42
56
69
80
88
93
95
93
89
82
74
65
56
47
39
33
28
24
22
21
21
22
23
23
24
23
21
18
13
8
1
-7
-16
-26
-37
-48
-59
-69
-79
-87
-94
-99
-102
-103
-102
-99
-94
-89
-82
-74
-65
-56
-46
-36
-27
-17
-8
0
7
15
23
31
39
47
55
63
71
78
84
88
91
92
90
86
80
72
61
50
37
23
9
-5
-18
-31
-43
-53
-62
-69
-75
-79
-83
-87
-90
-93
-96
-99
-102
-104
-106
-106
-104
-101
-95
-87
-77
-64
-49
-33
-17
0
15
30
42
52
58
60
58
51
39
23
3
-20
-46
-75
-104
-133
-161
-186
-207
-225
-236
-242
-242
-235
-221
-200
-173
-140
-101
-59
-13
34
84
133
180
225
266
302
332
353
367
370
365
349
323
287
244
193
137
78
17
-41
-97
-148
-191
-227
-253
-271
-281
-282
-278
-269
-256
-242
-228
-215
-204
-196
-190
-187
-185
-184
-182
-179
-173
-164
-149
-130
-105
-75
-40
-3
36
77
116
153
186
213
234
249
256
256
249
236
217
193
166
136
104
71
37
5
-26
-55
-82
-106
-126
-141
-151
-157
-158
-153
-145
-132
-115
-96
-75
-53
-30
-7
13
33
50
64
74
81
84
83
79
72
63
54
44
35
26
20
15
13
13
16
22
29
39
51
64
78
93
108
122
135
147
157
164
169
172
172
168
162
153
141
126
109
90
70
48
25
2
-19
-41
-61
-79
-96
-109
-120
-128
-132
-132
-129
-121
-110
-95
-77
-55
-31
-6
20
48
75
102
127
149
169
185
197
205
207
203
193
177
155
126
91
50
5
-43
-95
-148
-200
-251
-298
-340
-377
-406
-427
-439
-443
-437
-423
-401
-372
-336
-294
-249
-200
-149
-97
-45
5
53
99
142
179
212
240
263
280
292
300
304
305
303
299
295
289
284
278
273
268
262
256
248
239
227
213
196
175
151
125
96
65
32
0
-31
-61
-88
-112
-133
-148
-159
-165
-166
-163
-156
-146
-134
-121
-109
-97
-88
-82
-79
-80
-84
-92
-104
-117
-132
-148
-162
-176
-187
-196
-201
-203
-202
-198
-191
-181
-169
-155
-140
-124
-107
-91
-76
-61
-47
-35
-25
-15
-7
-1
4
9
13
18
22
26
31
37
43
49
56
64
72
80
88
96
103
110
115
119
121
120
116
109
98
83
64
42
18
-8
-35
-62
-87
-110
-129
-144
-154
-159
-159
-153
-143
-130
-113
-94
-75
-55
-37
-20
-6
5
14
22
28
34
40
47
56
69
85
104
126
152
179
207
234
260
283
302
316
324
326
322
310
292
268
238
204
167
127
87
47
9
-25
-56
-83
-104
-121
-132
-137
-138
-135
-128
-118
-106
-94
-82
-70
-60
-52
-46
-41
-38
-35
-33
-31
-28
-23
-18
-11
-3
5
14
22
29
33
35
34
28
18
2
-17
-43
-73
-107
-144
-183
-222
-261
-297
-328
-355
-375
-389
-394
-391
-380
-361
-334
-302
-263
-221
-175
-127
-79
-30
16
62
105
147
186
222
256
288
316
342
364
382
395
403
405
400
389
371
347
317
282
243
202
160
118
77
40
7
-20
-42
-59
-69
-73
-72
-66
-56
-44
-29
-14
1
16
29
41
50
57
61
63
63
60
56
50
43
35
26
16
5
-6
-19
-34
-50
-66
-84
-102
-120
-137
-154
-169
-181
-191
-197
-199
-197
-190
-179
-162
-141
-116
-86
-53
-18
17
54
90
123
152
176
195
206
211
208
198
181
157
129
96
60
24
-12
-47
-78
-104
-125
-138
-145
-144
-135
-120
-99
-73
-44
-13
17
47
74
96
113
123
127
122
110
90
65
34
0
-38
-76
-113
-148
-180
-208
-230
-248
-260
-266
-269
-267
-262
-255
-245
-234
-222
-210
-197
-183
-168
-152
-134
-115
-92
-67
-39
-8
24
61
98
137
176
213
248
279
305
325
339
344
342
332
314
290
260
224
185
143
99
55
13
-27
-65
-98
-126
-149
-165
-175
-178
-174
-163
-147
-125
-100
-71
-42
-12
16
43
66
86
102
113
120
122
120
114
104
90
72
52
30
5
-19
-46
-72
-98
-124
-148
-171
-191
-209
-225
-237
-246
-251
-253
-251
-245
-236
-224
-210
-194
-176
-157
-138
-120
-102
-84
-67
-52
-37
-23
-10
1
12
23
33
42
51
59
66
74
81
87
93
99
104
108
111
113
114
114
114
113
111
110
109
107
106
105
104
103
103
101
100
98
95
91
87
82
76
71
65
60
56
52
51
50
51
54
58
65
72
81
92
103
115
127
138
148
157
165
170
173
174
172
169
164
156
147
137
124
110
94
77
57
37
16
-4
-24
-44
-61
-76
-87
-96
-101
-104
-104
-102
-98
-95
-91
-89
-90
-93
-99
-110
-124
-142
-164
-188
-214
-240
-265
-287
-305
-316
-320
-315
-301
-277
-242
-199
-146
-87
-22
45
115
182
246
303
351
388
414
426
426
412
387
351
306
254
198
139
81
24
-26
-73
-111
-142
-164
-177
-182
-180
-170
-156
-138
-118
-97
-77
-58
-42
-29
-19
-12
-7
-5
-5
-5
-7
-8
-9
-9
-8
-6
-3
0
3
7
11
13
14
13
10
6
0
-8
-17
-28
-38
-49
-60
-69
-77
-84
-88
-90
-90
-88
-83
-77
-68
-58
-46
-34
-20
-7
6
20
33
45
55
63
68
70
70
65
57
45
29
10
-11
-36
-62
-90
-117
-142
-165
-183
-197
-204
-204
-197
-183
-162
-136
-104
-69
-31
5
42
76
108
135
157
175
188
197
202
205
204
202
198
192
186
178
168
155
139
120
96
68
35
0
-39
-81
-123
-164
-202
-237
-267
-290
-307
-317
-321
-318
-309
-296
-278
-257
-234
-210
-185
-161
-137
-114
-93
-73
-55
-39
-24
-11
0
11
21
31
40
49
57
65
73
81
88
96
103
111
119
127
135
143
152
159
167
173
179
183
185
185
183
178
171
161
149
135
120
105
89
74
60
49
40
35
32
33
36
42
49
57
65
73
79
83
84
83
78
71
61
49
35
20
6
-8
-21
-33
-44
-53
-61
-68
-74
-79
-84
-90
-96
-103
-110
-119
-127
-136
-145
-153
-159
-163
-163
-160
-153
-142
-126
-106
-83
-56
-28
2
33
63
93
121
146
168
186
200
210
214
213
207
196
179
157
131
101
68
32
-3
-40
-76
-111
-143
-171
-195
-214
-228
-236
-238
-235
-226
-213
-195
-174
-149
-122
-93
-63
-32
-2
27
54
80
102
120
134
143
146
144
137
125
110
92
74
57
42
31
24
23
28
38
52
70
90
110
128
144
154
160
159
153
142
127
110
91
74
58
46
38
35
37
43
52
64
77
90
102
111
116
116
112
102
87
67
43
15
-15
-47
-80
-113
-146
-177
-205
-230
-251
-268
-280
-287
-290
-288
-281
-270
-255
-237
-216
-192
-167
-141
-115
-88
-61
-35
-10
13
35
56
75
92
107
120
131
139
145
149
149
147
141
131
118
101
79
54
25
-6
-40
-75
-109
-142
-171
-195
-213
-223
-223
-214
-195
-166
-127
-79
-23
37
103
170
237
300
359
409
451
482
501
507
502
486
459
423
381
333
282
230
179
130
86
45
10
-19
-44
-67
-86
-104
-121
-139
-157
-178
-199
-223
-246
-269
-290
-308
-322
-330
-330
-323
-308
-284
-252
-213
-167
-117
-64
-10
42
93
140
182
217
244
262
272
272
264
248
224
194
158
119
78
36
-5
-45
-82
-115
-144
-168
-187
-201
-210
-214
-213
-209
-201
-191
-178
-164
-149
-132
-116
-99
-83
-67
-51
-36
-21
-7
5
17
27
36
43
48
50
51
49
46
40
34
27
20
14
9
6
5
5
9
14
21
29
38
47
55
62
67
70
69
66
60
51
39
24
8
-9
-28
-47
-66
-84
-100
-114
-124
-131
-133
-131
-123
-111
-93
-71
-45
-16
14
47
80
112
141
166
187
201
209
210
203
188
167
138
104
65
22
-23
-70
-116
-161
-202
-240
-272
-299
-320
-334
-342
-343
-339
-329
-313
-294
-270
-244
-215
-186
-156
-127
-100
-75
-53
-35
-19
-8
0
3
4
1
-4
-13
-24
-37
-51
-65
-78
-89
-98
-102
-103
-98
-88
-72
-51
-26
3
36
71
107
143
178
210
239
264
285
301
313
319
321
318
310
298
281
261
238
212
183
151
118
83
46
8
-29
-69
-108
-147
-185
-222
-255
-284
-309
-328
-340
-346
-343
-334
-317
-294
-265
-231
-194
-155
-116
-79
-44
-13
11
30
43
49
49
44
34
21
7
-8
-22
-35
-44
-49
-49
-44
-33
-17
4
32
63
99
137
176
216
254
291
323
351
372
387
394
394
387
372
351
325
295
262
227
192
159
128
100
76
55
38
25
13
3
-6
-17
-29
-43
-60
-80
-102
-127
-154
-180
-206
-229
-249
-262
-269
-267
-257
-237
-208
-170
-124
-72
-17
40
97
150
198
237
267
284
288
278
256
221
175
120
60
-4
-69
-132
-190
-242
-285
-319
-343
-356
-359
-353
-339
-317
-289
-256
-219
-178
-134
-88
-40
9
61
113
167
221
276
330
384
436
486
531
573
608
636
657
668
669
660
641
610
569
519
461
395
325
251
175
100
26
-43
-108
-167
-221
-267
-307
-342
-371
-395
-415
-433
-448
-462
-475
-488
-500
-512
-524
-535
-545
-553
-559
-561
-559
-553
-541
-523
-498
-467
-429
-384
-334
-277
-216
-150
-82
-12
58
128
197
261
322
377
424
464
496
518
531
534
527
510
485
451
410
363
311
257
202
147
95
47
5
-30
-58
-79
-92
-98
-96
-89
-76
-59
-39
-18
2
22
39
53
61
64
61
51
34
10
-20
-56
-97
-142
-189
-238
-287
-334
-378
-417
-451
-477
-495
-503
-501
-489
-466
-432
-388
-336
-276
-210
-140
-69
2
71
136
195
248
292
327
353
369
376
375
365
349
328
301
272
240
207
174
142
111
82
55
30
8
-12
-31
-48
-63
-78
-91
-104
-115
-125
-134
-141
