-348
-343
-335
-324
-312
-299
-285
-270
-255
-241
-229
-219
-211
-207
-206
-210
-219
-233
-251
-273
-298
-325
-352
-379
-402
-419
-430
-433
-425
-406
-376
-334
-282
-220
-151
-77
-2
71
139
200
250
287
312
322
319
305
281
250
215
179
144
114
90
74
67
70
82
102
128
159
192
225
255
282
302
315
320
317
305
286
261
230
195
157
118
79
40
3
-31
-64
-95
-124
-152
-177
-201
-224
-245
-266
-286
-305
-324
-341
-358
-373
-388
-401
-413
-423
-431
-437
-440
-440
-435
-425
-410
-389
-360
-324
-281
-231
-173
-110
-42
29
103
177
249
316
377
430
472
504
524
531
526
508
480
441
394
340
282
220
158
98
41
-11
-58
-97
-129
-153
-169
-176
-176
-169
-157
-139
-117
-92
-66
-40
-14
9
30
49
64
76
84
89
91
90
87
82
75
67
58
48
39
30
23
18
16
18
23
33
47
65
87
112
139
168
197
226
254
279
301
319
334
343
349
350
347
340
329
316
301
284
266
248
229
210
192
174
157
140
124
108
91
75
57
39
20
0
-21
-44
-66
-88
-109
-129
-145
-159
-168
-174
-176
-173
-167
-159
-149
-138
-128
-119
-114
-112
-115
-122
-135
-152
-173
-196
-220
-243
-265
-284
-298
-306
-309
-305
-295
-280
-260
-236
-210
-183
-156
-129
-104
-80
-59
-39
-21
-3
13
30
48
68
89
111
135
159
183
206
227
246
261
272
278
280
277
269
256
239
218
195
168
139
109
77
44
11
-21
-54
-85
-116
-143
-168
-189
-205
-217
-224
-226
-224
-218
-208
-197
-185
-173
-161
-152
-146
-142
-141
-143
-147
-152
-158
-164
-169
-171
-172
-169
-163
-154
-143
-130
-115
-101
-87
-75
-66
-60
-57
-59
-65
-75
-88
-105
-125
-148
-172
-198
-224
-251
-276
-300
-322
-341
-356
-366
-370
-367
-356
-337
-309
-273
-228
-174
-114
-49
20
91
162
230
295
352
402
443
473
493
502
501
490
470
443
411
373
333
292
251
210
173
138
108
81
59
42
28
18
11
6
2
0
-3
-6
-11
-17
-25
-35
-46
-58
-72
-88
-105
-123
-142
-162
-183
-204
-224
-244
-262
-279
-292
-302
-307
-307
-301
-290
-272
-248
-218
-183
-145
-105
-63
-23
13
46
74
96
111
120
124
124
121
117
114
113
116
123
135
153
175
202
231
263
296
327
356
382
402
416
423
422
413
395
370
338
300
256
208
159
109
60
14
-28
-64
-94
-117
-133
-140
-140
-133
-119
-102
-80
-57
-34
-13
5
20
30
35
35
30
21
9
-3
-17
-30
-40
-48
-51
-51
-46
-36
-22
-5
14
36
60
84
107
130
151
169
185
197
206
211
212
208
199
185
165
141
111
77
39
-1
-43
-86
-128
-168
-203
-234
-259
-276
-286
-288
-283
-271
-252
-228
-200
-170
-137
-104
-72
-42
-13
12
35
55
71
85
96
105
110
113
114
111
106
97
85
69
50
29
6
-18
-42
-64
-84
-99
-110
-115
-115
-109
-98
-83
-66
-47
-28
-10
5
16
23
24
20
9
-6
-26
-51
-79
-108
-138
-166
-192
-213
-229
-239
-242
-239
-228
-212
-189
-163
-132
-100
-67
-34
-3
25
49
70
86
98
105
108
107
103
96
87
76
63
49
34
18
3
-11
-25
-37
-46
-49
-48
-39
-22
1
34
75
123
175
230
285
338
387
428
460
482
491
489
474
448
411
365
311
251
187
119
51
-17
-84
-150
-212
-271
-326
-375
-420
-459
-491
-515
-532
-541
-541
-532
-515
-490
-457
-418
-375
-328
-279
-231
-184
-140
-101
-68
-40
-18
-3
6
12
14
14
14
14
16
21
29
42
58
77
99
123
147
170
192
210
225
235
241
241
237
229
216
201
183
164
144
124
106
89
74
62
53
46
44
44
47
53
62
72
84
97
109
121
131
140
145
147
146
141
133
121
107
91
73
55
38
22
7
-4
-12
-18
-20
-18
-14
-7
1
11
21
31
38
43
44
42
34
23
7
-13
-37
-65
-94
-125
-156
-187
-215
-241
-264
-282
-295
-303
-306
-303
-294
-280
-260
-235
-205
-171
-134
-96
-56
-17
20
55
86
113
134
149
158
161
159
151
140
125
108
91
74
58
45
34
26
21
19
18
19
20
22
23
25
25
26
26
27
30
33
39
46
54
64
75
86
96
104
110
113
111
106
95
80
62
40
17
-6
-29
-50
-67
-80
-89
-92
-91
-85
-76
-65
-53
-41
-29
-19
-11
-5
-1
0
0
0
0
-2
-3
-5
-7
-10
-14
-20
-29
-41
-57
-77
-102
-130
-161
-194
-228
-260
-289
-314
-334
-346
-350
-346
-333
-312
-283
-248
-207
-162
-114
-64
-15
32
79
122
161
197
228
255
278
297
312
323
330
334
335
331
325
315
302
286
268
247
226
203
180
158
137
118
101
86
73
62
53
46
39
33
27
21
15
9
3
-1
-5
-7
-9
-9
-7
-6
-4
-3
-3
-5
-10
-19
-32
-49
-70
-95
-123
-154
-185
-217
-248
-276
-301
-320
-332
-338
-335
-325
-307
-282
-251
-215
-176
-134
-92
-51
-11
26
61
93
122
150
175
199
222
244
266
288
309
329
348
364
377
386
390
388
379
364
341
311
275
232
183
129
70
8
-56
-122
-189
-255
-319
-379
-435
-484
-525
-557
-578
-586
-582
-564
-533
-488
-431
-364
-287
-205
-118
-30
55
136
211
277
333
378
411
432
441
439
426
404
374
336
292
242
188
130
70
8
-53
-115
-174
-230
-281
-327
-365
-396
-417
-428
-428
-417
-394
-359
-314
-257
-191
-115
-32
55
147
241
333
421
504
577
640
690
725
745
748
736
709
668
614
550
477
398
315
231
147
65
-12
-86
-154
-216
-272
-321
-363
-400
-430
-456
-476
-492
-503
-511
-515
-515
-512
-506
-497
-484
-469
-452
-432
-411
-388
-365
-341
-318
-297
-277
-260
-247
-237
-231
-229
-231
-237
-245
-254
-264
-272
-278
-281
-278
-270
-255
-232
-203
-166
-123
-74
-19
39
101
164
229
292
352
409
460
504
540
569
588
599
602
597
586
569
550
527
504
481
459
438
419
402
386
372
359
345
332
318
303
286
268
248
226
203
178
151
123
92
59
24
-13
-52
-93
-134
-177
-219
-259
-297
-332
-362
-388
-407
-419
-425
-424
-416
-401
-381
-355
-325
-292
-256
-220
-183
-147
-114
-83
-55
-32
-13
0
8
10
8
0
-13
-31
-52
-76
-103
-129
-156
-181
-203
-221
-235
-244
-247
-244
-236
-222
-203
-179
-150
-118
-83
-46
-8
30
67
104
138
168
195
216
233
244
251
253
250
244
236
226
215
205
194
185
177
170
164
158
152
145
136
126
113
98
82
64
46
27
10
-5
-18
-27
-33
-34
-30
-23
-12
2
18
36
54
72
89
103
115
124
130
132
132
130
125
118
109
99
89
78
67
56
45
34
23
11
0
-13
-27
-42
-57
-74
-90
-106
-121
-134
-145
-154
-158
-159
-156
-149
-138
-124
-106
-86
-65
-43
-23
-4
12
24
32
35
34
27
16
0
-18
-39
-61
-82
-102
-118
-130
-135
-132
-121
-101
-73
-37
5
52
102
151
198
239
273
297
310
310
298
274
238
192
139
80
18
-43
-104
-160
-210
-253
-288
-313
-329
-336
-335
-327
-313
-294
-271
-247
-221
-196
-171
-148
-128
-109
-93
-80
-68
-59
-51
-45
-40
-35
-31
-27
-23
-19
-15
-11
-6
0
5
12
20
29
39
52
66
81
99
117
137
157
177
195
211
224
232
235
232
223
208
187
159
127
91
52
11
-29
-68
-105
-137
-164
-184
-197
-201
-196
-183
-161
-131
-95
-54
-9
37
83
127
167
200
226
243
250
248
235
213
183
147
105
60
14
-31
-73
-112
-146
-173
-193
-206
-213
-214
-209
-200
-189
-175
-161
-147
-134
-123
-113
-106
-102
-100
-100
-102
-106
-110
-115
-119
-122
-123
-122
-118
-111
-100
-86
-69
-49
-28
-5
17
39
58
75
87
95
97
94
85
71
54
32
9
-15
-39
-61
-80
-95
-105
-109
-107
-97
-81
-58
-28
7
49
94
144
195
247
297
344
385
419
444
460
464
457
439
412
375
331
283
231
179
128
81
40
4
-23
-44
-57
-63
-64
-59
-51
-41
-31
-21
-14
-10
-10
-13
-20
-31
-45
-62
-81
-102
-123
-144
-165
-184
-201
-215
-226
-233
-236
-235
-230
-220
-208
-192
-175
-156
-137
-118
-101
-86
-73
-63
-55
-50
-47
-45
-44
-41
-35
-26
-12
7
34
68
108
153
204
258
314
368
421
468
509
540
561
570
565
548
517
473
418
353
282
206
128
51
-20
-87
-145
-195
-234
-263
-282
-291
-293
-289
-280
-269
-257
-246
-237
-232
-231
-234
-242
-253
-268
-285
-302
-319
-333
-344
-350
-351
-345
-332
-312
-285
-251
-211
-165
-115
-61
-5
52
109
164
216
262
303
335
358
372
376
370
354
329
297
259
217
173
130
90
56
27
7
-4
-8
-4
5
20
37
54
68
77
80
74
59
35
4
-33
-76
-119
-162
-201
-233
-256
-268
-269
-258
-235
-203
-163
-117
-69
-21
23
63
94
115
125
123
109
85
50
7
-41
-93
-147
-199
-246
-286
-318
-339
-348
-345
-331
-305
-269
-226
-177
-125
-73
-23
20
57
84
101
106
100
84
60
29
-4
-39
-71
-99
-120
-133
-137
-132
-118
-97
-70
-39
-7
25
55
81
103
120
130
135
133
127
117
103
86
68
48
29
10
-7
-21
-32
-38
-39
-33
-20
0
25
59
98
141
186
232
277
318
352
380
398
406
403
390
368
337
298
253
205
154
103
53
5
-37
-74
-105
-128
-144
-152
-153
-146
-134
-118
-98
-78
-59
-43
-32
-28
-32
-45
-67
-98
-138
-184
-236
-290
-346
-400
-450
-493
-529
-555
-570
-573
-564
-544
-512
-468
-415
-352
-282
-206
-126
-44
36
116
190
258
318
368
408
438
456
465
465
458
445
428
409
390
373
359
349
344
343
348
357
369
383
398
412
423
430
433
429
419
402
379
349
313
273
228
181
133
84
36
-9
-52
-93
-130
-164
-193
-220
-242
-261
-277
-291
-301
-309
-314
-316
-316
-313
-307
-298
-285
-270
-250
-228
-202
-174
-143
-111
-79
-47
-16
11
36
57
75
87
95
99
99
95
89
80
71
61
51
42
35
29
24
20
17
15
11
6
0
-10
-25
-43
-66
-93
-125
-160
-198
-238
-279
-319
-357
-393
-423
-448
-467
-478
-482
-478
-466
-446
-419
-386
-348
-304
-257
-206
-154
-101
-48
3
52
97
136
169
195
214
224
227
223
212
197
179
158
136
115
95
76
60
46
34
24
14
6
-2
-11
-21
