-1493
-1201
-883
-546
-198
150
492
818
1118
1387
1618
1807
1952
2053
2109
2125
2104
2052
1974
1876
1765
1647
1526
1408
1296
1193
1099
1017
946
885
833
789
752
722
697
678
663
654
650
651
657
668
683
704
727
754
784
815
847
879
912
946
980
1015
1051
1088
1127
1165
1203
1238
1269
1293
1309
1313
1303
1276
1232
1169
1085
981
857
714
554
377
188
-11
-218
-430
-644
-856
-1065
-1267
-1459
-1640
-1806
-1956
-2088
-2201
-2293
-2363
-2413
-2442
-2450
-2441
-2414
-2372
-2317
-2251
-2174
-2088
-1996
-1897
-1792
-1684
-1573
-1460
-1348
-1237
-1129
-1025
-927
-834
-748
-666
-587
-509
-430
-347
-256
-154
-41
87
230
388
560
743
933
1125
1314
1494
1657
1798
1911
1990
2033
2038
2006
1937
1837
1710
1562
1401
1232
1064
900
747
608
485
380
294
226
175
138
113
99
92
90
91
93
95
95
94
91
86
81
77
74
75
79
86
97
110
123
133
138
136
123
99
63
15
-41
-103
-167
-225
-272
-304
-314
-301
-262
-198
-113
-10
102
218
329
427
505
556
578
567
525
453
358
244
118
-10
-136
-252
-354
-437
-500
-541
-562
-565
-552
-527
-495
-459
-423
-392
-368
-354
-353
-366
-395
-438
-495
-564
-643
-728
-816
-903
-985
-1057
-1115
-1157
-1178
-1177
-1153
-1106
-1037
-949
-844
-726
-600
-472
-345
-226
-118
-25
50
107
145
163
166
153
130
99
64
29
-3
-31
-53
-69
-77
-79
-78
-75
-74
-76
-84
-100
-124
-158
-199
-245
-294
-340
-381
-411
-427
-426
-406
-368
-312
-240
-155
-63
34
133
229
322
410
492
570
644
716
787
860
934
1011
1089
1168
1246
1321
1390
1452
1503
1544
1572
1588
1593
1587
1571
1549
1520
1486
1448
1406
1359
1306
1245
1173
1088
988
872
737
585
417
234
41
-156
-354
-546
-725
-885
-1022
-1131
-1210
-1259
-1279
-1273
-1247
-1204
-1154
-1101
-1054
-1019
-1000
-1003
-1030
-1082
-1160
-1262
-1384
-1525
-1678
-1840
-2004
-2166
-2321
-2462
-2587
-2690
-2770
-2823
-2848
-2844
-2811
-2749
-2657
-2537
-2388
-2212
-2008
-1779
-1524
-1247
-950
-635
-309
25
362
695
1017
1324
1611
1873
2107
2312
2489
2639
2764
2869
2957
3033
3101
3163
3222
3279
3333
3384
3428
3464
3488
3498
3492
3469
3429
3371
3299
3213
3115
3008
2893
2772
2643
2508
2367
2217
2061
1898
1729
1557
1385
1215
1051
897
754
626
512
412
325
247
175
102
24
-66
-176
-308
-468
-658
-877
-1124
-1394
-1683
-1982
-2284
-2580
-2862
-3121
-3352
-3549
-3707
-3826
-3903
-3940
-3940
-3904
-3836
-3740
-3621
-3481
-3324
-3152
-2967
-2770
-2560
-2338
-2103
-1854
-1590
-1313
-1022
-720
-411
-98
212
515
801
1065
1300
1498
1656
1771
1841
1866
1849
1794
1708
1595
1464
1323
1179
1038
908
792
696
621
568
537
525
530
549
576
610
644
677
705
726
738
740
732
713
685
648
603
552
496
436
372
306
238
167
94
19
-58
-138
-222
-308
-396
-486
-577
-667
-755
-840
-921
-994
-1060
-1117
-1164
-1199
-1224
-1237
-1238
-1230
-1211
-1185
-1152
-1114
-1072
-1030
-987
-944
-903
-864
-825
-785
-745
-701
-654
-600
-541
-475
-402
-323
-239
-152
-63
25
113
197
275
346
407
459
497
523
533
528
507
469
415
347
265
172
70
-36
-146
-255
-362
-462
-556
-639
-711
-770
-815
-844
-857
-853
-831
-792
-738
-670
-591
-506
-419
-334
-257
-193
-144
-113
-103
-112
-139
-182
-235
-294
-353
-405
-445
-467
-467
-443
-393
-318
-221
-105
23
159
296
428
550
657
749
823
880
924
957
983
1007
1033
1064
1103
1153
1214
1285
1366
1455
1549
1644
1736
1821
1894
1951
1987
2001
1989
1951
1886
1796
1682
1547
1394
1227
1050
867
680
494
311
134
-36
-196
-346
-484
-609
-721
-817
-898
-964
-1012
-1044
-1057
-1053
-1030
-988
-929
-854
-764
-662
-552
-439
-327
-221
-126
-46
13
50
63
51
14
-44
-124
-220
-328
-444
-564
-682
-794
-895
-982
-1050
-1097
-1119
-1115
-1083
-1023
-935
-823
-687
-530
-357
-170
26
227
431
631
825
1007
1174
1320
1443
1539
1604
1637
1637
1605
1542
1452
1340
1211
1071
926
784
650
531
431
354
303
279
284
317
376
457
556
667
785
903
1014
1111
1191
1248
1279
1284
1263
1217
1150
1065
966
856
739
618
495
371
248
126
6
-111
-225
-335
-440
-537
-626
-704
-770
-823
-862
-888
-902
-905
-902
-897
-894
-897
-913
-944
-995
-1068
-1162
-1278
-1414
-1564
-1724
-1888
-2048
-2198
-2331
-2440
-2520
-2568
-2580
-2557
-2497
-2402
-2275
-2120
-1939
-1738
-1520
-1290
-1053
-812
-573
-340
-116
92
284
454
600
719
812
877
916
930
923
897
857
808
753
697
644
598
562
539
529
534
553
584
624
671
720
767
809
842
864
872
867
849
819
779
731
679
625
571
519
470
424
381
340
301
264
228
193
159
129
103
82
66
58
55
59
66
75
82
86
81
66
36
-8
-71
-152
-249
-362
-486
-617
-749
-877
-994
-1095
-1174
-1226
-1250
-1244
-1208
-1144
-1057
-953
-836
-715
-596
-487
-392
-316
-263
-235
-231
-250
-290
-347
-416
-493
-572
-650
-721
-783
-831
-864
-880
-877
-857
-820
-767
-701
-625
-540
-450
-356
-262
-167
-74
17
108
199
290
382
477
576
679
788
904
1027
1157
1293
1434
1579
1723
1865
1999
2121
2227
2312
2374
2408
2413
2388
2333
2248
2134
1994
1830
1645
1442
1223
993
754
512
270
30
-201
-424
-635
-833
-1015
-1181
-1330
-1463
-1580
-1678
-1759
-1820
-1861
-1879
-1873
-1842
-1784
-1699
-1588
-1451
-1291
-1112
-917
-713
-504
-297
-97
90
262
413
542
647
727
783
816
827
818
791
747
690
621
542
457
368
277
188
103
26
-39
-92
-127
-141
-131
-96
-33
58
176
321
486
668
860
1055
1243
1418
1571
1696
1786
1838
1848
1817
1744
1631
1483
1303
1096
867
623
368
108
-150
-405
-649
-879
-1091
-1281
-1447
-1586
-1697
-1779
-1831
-1857
-1858
-1839
-1802
-1754
-1698
-1641
-1585
-1535
-1491
-1456
-1426
-1399
-1371
-1335
-1283
-1208
-1102
-959
-773
-541
-263
57
415
801
1202
1603
1989
2344
2652
2900
3077
3176
3193
3129
2989
2782
2519
2214
1883
1542
1204
883
590
333
116
-57
-192
-290
-358
-404
-434
-457
-479
-506
-541
-585
-639
-701
-769
-838
-906
-968
-1023
-1068
-1102
-1124
-1137
-1140
-1136
-1128
-1118
-1108
-1100
-1096
-1096
-1101
-1111
-1124
-1139
-1155
-1169
-1182
-1189
-1192
-1187
-1175
-1155
-1126
-1089
-1043
-989
-927
-857
-780
-695
-603
-504
-399
-288
-172
-52
71
197
323
447
567
682
788
884
968
1040
1096
1138
1163
1173
1167
1147
1113
1067
1011
948
880
810
740
673
609
552
500
453
410
368
323
274
214
142
53
-53
-179
-324
-484
-657
-835
-1013
-1183
-1338
-1469
-1570
-1636
-1662
-1647
-1591
-1494
-1360
-1195
-1002
-790
-565
-334
-105
117
327
519
690
837
958
1051
1117
1156
1168
1155
1118
1059
979
882
770
646
515
380
246
120
7
-86
-154
-192
-195
-159
-85
26
174
351
551
766
984
1195
1389
1556
1684
1768
1801
1781
1706
1579
1404
1188
941
672
392
112
-156
-406
-629
-819
-973
-1090
-1170
-1215
-1231
-1221
-1192
-1149
-1098
-1044
-991
-942
-899
-861
-830
-802
-776
-750
-721
-687
-646
-598
-543
-479
-410
-335
-257
-177
-99
-22
50
117
179
235
284
325
359
385
402
409
406
392
368
334
291
241
188
135
86
45
16
4
12
41
93
168
265
381
512
653
799
942
1076
1195
1292
1363
1403
1411
1385
1328
1241
1129
997
851
699
546
400
265
148
50
-24
-77
-109
-122
-120
-107
-89
-68
-48
-33
-23
-18
-18
-21
-25
-27
-26
-18
-3
18
46
81
118
155
188
214
228
227
206
164
96
3
-116
-261
-431
-620
-825
-1039
-1255
-1464
-1658
-1827
-1962
-2056
-2101
-2092
-2027
-1906
-1730
-1505
-1237
-936
-614
-282
45
358
643
891
1093
1243
1336
1372
1351
1276
1150
979
770
530
266
-13
-303
-595
-882
-1157
-1413
-1645
-1846
-2011
-2135
-2215
-2246
-2229
-2163
-2050
-1896
-1705
-1485
-1246
-998
-750
-512
-294
-104
53
173
254
296
301
274
220
146
59
-31
-120
-198
-260
-300
-315
-302
-261
-192
-98
18
152
298
451
603
750
886
1005
1103
1177
1225
1245
1239
1207
1152
1077
987
887
783
682
589
511
454
422
420
449
511
604
726
871
1035
1209
1386
1557
1714
1849
1955
2026
2060
2053
2007
1924
1809
1665
1502
1325
1141
958
780
612
456
313
182
62
-50
-157
-261
-365
-470
-577
-684
-792
-896
-994
-1084
-1162
-1225
-1271
-1300
-1311
-1304
-1282
-1248
-1204
-1155
-1104
-1056
-1013
-977
-951
-935
-929
-931
-942
-958
-977
-999
-1021
-1041
-1059
-1074
-1085
-1092
-1094
-1092
-1085
-1072
-1053
-1028
-996
-956
-908
-853
-789
-717
-637
-548
-452
-347
-234
-114
12
146
285
428
575
722
869
1013
1151
1282
1403
1512
1606
1685
1747
1792
1818
1828
1822
1801
1767
1721
1665
1600
1527
1448
1361
1268
1169
1064
953
836
714
587
456
321
185
48
-86
-217
-341
-455
-555
-637
-699
-739
-754
-745
-713
-660
-591
-512
-429
-349
-281
-229
-202
-202
-233
-295
-387
-505
-642
-793
-948
-1100
-1238
-1355
-1444
-1500
-1520
-1503
-1450
-1364
-1248
-1109
-953
-785
-612
-439
-269
-107
45
189
323
448
567
680
789
894
995
1092
1183
1265
1335
1391
1428
1444
1437
1404
1345
1258
1146
1010
853
678
490
293
92
-105
-297
-477
-640
-782
-901
-994
-1059
-1096
-1105
-1088
-1046
-982
-901
-806
-701
-593
-484
-380
-285
-202
-134
-83
-51
-35
-37
-52
-79
-113
-151
-189
-223
-251
-270
-280
-281
-273
-259
-241
-223
-207
-196
-193
-198
-211
-232
-257
-283
-305
-317
-313
-288
-237
-156
-45
95
263
452
656
866
1072
1265
1434
1573
1675
1736
1756
1735
1678
1591
1483
1362
1236
1115
1005
913
840
789
759
746
746
753
763
770
768
754
725
678
615
534
437
326
203
70
-70
-216
-365
-514
-661
-803
-938
-1063
-1176
-1276
-1360
-1427
-1478
-1514
-1535
-1545
-1545
-1540
-1533
-1526
-1524
-1527
-1538
-1555
-1580
-1608
-1638
-1666
-1686
-1696
-1689
-1662
-1611
-1534
-1430
-1300
-1145
-968
-774
-567
-353
-136
79
287
486
672
842
996
1132
1250
1349
1429
1491
1536
1564
1577
1574
1558
1528
1487
1436
1375
1306
1231
1152
1069
985
900
817
736
658
583
513
448
388
336
291
255
230
216
214
226
252
293
347
413
490
574
663
754
840
919
986
1036
1065
1070
1048
996
914
802
660
491
296
80
-153
-399
-654
-912
-1169
-1421
-1663
-1892
-2105
-2299
-2472
-2621
-2745
-2841
-2906
-2940
-2939
-2901
-2826
-2712
-2561
-2374
-2154
-1904
-1632
-1343
-1045
-745
-452
-173
85
319
524
699
845
963
1057
1132
1193
1245
1292
1339
1387
1437
1488
1540
1588
1631
1663
1681
1683
1664
1625
1563
1481
1380
1262
1132
994
853
712
578
453
340
242
161
95
45
8
-17
-34
-46
-55
-64
-75
-89
-106
-127
-150
-174
-198
-221
-240
-256
-267
-275
-279
-280
-279
-279
-279
-280
-285
-292
-300
-310
-320
-328
-332
-330
-322
-306
-282
-251
-215
-175
-134
-94
-60
