71
92
109
123
133
138
137
132
120
103
80
52
19
-16
-55
-95
-134
-171
-205
-233
-256
-271
-278
-277
-268
-252
-229
-202
-171
-138
-106
-75
-48
-25
-8
1
5
4
-2
-13
-27
-41
-56
-69
-79
-86
-88
-85
-78
-66
-51
-34
-15
3
21
37
50
58
63
63
58
49
37
22
4
-15
-36
-58
-81
-103
-126
-148
-168
-187
-204
-218
-228
-235
-236
-233
-223
-209
-189
-163
-133
-99
-61
-20
21
64
107
149
189
227
262
295
324
351
376
398
420
440
459
478
496
512
527
538
546
548
544
533
513
485
447
402
348
288
223
156
88
22
-40
-97
-147
-188
-221
-244
-257
-262
-258
-248
-231
-210
-186
-159
-132
-106
-82
-61
-44
-32
-26
-27
-34
-47
-67
-92
-121
-154
-188
-222
-255
-284
-308
-326
-337
-341
-337
-327
-310
-288
-263
-235
-206
-178
-149
-123
-98
-74
-53
-32
-13
6
25
45
66
87
108
130
150
168
184
197
205
209
207
200
188
171
149
125
97
68
39
10
-17
-42
-65
-84
-100
-113
-122
-127
-129
-127
-120
-110
-95
-75
-51
-23
9
44
82
121
160
198
232
263
289
308
320
325
322
312
295
273
245
213
179
143
107
71
36
3
-27
-54
-79
-100
-118
-134
-147
-158
-167
-176
-183
-190
-196
-202
-207
-211
-215
-217
-217
-217
-215
-212
-209
-205
-200
-196
-192
-188
-183
-179
-174
-168
-162
-154
-146
-138
-129
-120
-111
-103
-96
-92
-90
-92
-98
-109
-126
-149
-179
-214
-255
-299
-347
-395
-443
-488
-528
-561
-586
-602
-606
-599
-579
-547
-501
-444
-375
-297
-210
-117
-21
76
174
269
360
444
521
588
646
694
730
755
769
773
766
749
724
691
652
609
562
514
466
419
374
332
293
257
224
194
165
137
109
80
49
17
-17
-53
-90
-127
-164
-198
-230
-257
-279
-297
-308
-314
-314
-309
-300
-287
-270
-252
-231
-209
-187
-165
-143
-121
-99
-77
-56
-35
-14
5
25
44
62
77
90
101
108
112
113
111
107
101
93
86
78
71
65
60
55
50
45
39
33
25
14
2
-11
-28
-46
-66
-87
-107
-126
-143
-156
-165
-168
-166
-158
-144
-124
-99
-70
-38
-4
31
67
103
138
172
204
234
261
287
310
331
349
365
378
389
396
400
401
396
387
373
353
329
299
265
227
187
147
106
67
31
-1
-29
-52
-69
-82
-89
-92
-92
-88
-83
-77
-71
-65
-60
-58
-56
-57
-60
-63
-68
-73
-78
-82
-85
-87
-87
-86
-84
-81
-77
-73
-69
-66
-63
-61
-59
-57
-55
-52
-48
-41
-32
-21
-7
8
26
45
64
82
96
107
111
108
98
78
50
13
-31
-82
-138
-197
-255
-311
-362
-405
-439
-462
-473
-473
-460
-437
-404
-364
-318
-268
-217
-167
-118
-74
-34
0
28
51
68
82
91
99
105
112
119
128
139
152
167
183
199
214
228
240
248
252
251
246
236
221
201
179
154
127
101
75
52
33
18
8
2
2
7
15
26
39
53
65
77
85
91
93
92
87
79
69
57
45
33
22
12
4
-1
-7
-11
-15
-19
-25
-32
-42
-55
-71
-91
-113
-137
-163
-189
-216
-241
-265
-287
-305
-321
-332
-340
-344
-343
-339
-332
-321
-307
-291
-273
-254
-233
-211
-188
-165
-141
-117
-94
-71
-48
-26
-5
15
36
56
76
97
117
137
156
176
194
211
227
240
251
260
265
267
266
261
252
240
225
207
187
165
143
121
100
82
66
54
45
41
42
46
55
67
82
98
115
132
147
160
169
174
174
169
159
145
126
105
83
59
36
15
-4
-21
-36
-48
-59
-68
-77
-86
-95
-106
-117
-131
-145
-161
-176
-191
-204
-214
-221
-224
-221
-212
-198
-178
-154
-125
-94
-63
-31
-2
23
45
62
73
78
78
74
66
55
43
29
15
1
-12
-25
-37
-49
-60
-72
-83
-94
-106
-117
-127
-137
-146
-152
-156
-156
-153
-146
-136
-122
-106
-86
-65
-42
-18
5
30
54
77
100
121
142
161
180
196
210
222
232
238
240
239
234
224
210
193
171
146
118
88
56
23
-10
-42
-74
-103
-128
-150
-168
-181
-189
-192
-190
-183
-172
-158
-141
-122
-102
-82
-62
-44
-27
-13
-2
6
12
15
16
16
14
10
7
3
0
-1
-1
0
1
5
11
18
26
34
43
51
57
62
64
64
60
54
44
31
16
0
-17
-35
-51
-65
-76
-84
-88
-87
-82
-72
-58
-40
-18
5
32
59
87
113
138
160
178
193
203
208
209
205
196
183
166
145
121
94
64
32
0
-34
-66
-97
-125
-149
-169
-182
-189
-188
-180
-164
-139
-107
-69
-24
24
75
129
181
232
279
322
359
389
411
426
433
432
423
407
383
353
316
273
225
173
117
59
0
-59
-118
-175
-227
-275
-317
-351
-376
-392
-397
-393
-378
-354
-321
-280
-235
-185
-134
-83
-34
10
50
83
110
129
141
146
146
140
129
116
100
83
65
46
29
12
-3
-18
-32
-46
-59
-71
-84
-98
-113
-131
-150
-173
-200
-230
-265
-304
-347
-393
-442
-492
-543
-591
-636
-676
-708
-732
-744
-745
-733
-708
-669
-617
-552
-478
-394
-303
-209
-112
-17
75
163
245
320
387
447
499
544
583
617
648
676
701
725
748
770
791
809
825
838
845
847
843
831
810
782
745
701
648
589
523
452
378
300
220
140
61
-14
-87
-155
-218
-273
-321
-361
-394
-419
-437
-448
-454
-456
-455
-451
-447
-444
-443
-445
-450
-460
-474
-491
-512
-536
-560
-584
-605
-623
-636
-643
-643
-635
-620
-597
-567
-530
-487
-440
-388
-333
-276
-218
-160
-103
-47
7
59
109
157
202
244
282
316
345
369
387
397
401
396
385
366
341
310
275
238
199
161
125
93
65
43
28
21
20
28
42
63
89
120
154
190
226
263
297
330
359
385
407
425
439
447
451
450
442
429
410
384
352
315
273
228
179
130
81
33
-11
-52
-88
-120
-146
-168
-186
-200
-213
-224
-236
-248
-261
-276
-291
-306
-320
-333
-343
-349
-351
-348
-340
-326
-307
-284
-256
-225
-192
-157
-121
-85
-50
-17
13
42
69
92
112
128
142
152
159
162
163
161
157
151
144
136
128
120
112
105
100
96
93
91
89
87
83
78
71
60
46
29
9
-14
-39
-66
-93
-120
-145
-167
-185
-198
-206
-207
-202
-191
-175
-154
-129
-101
-71
-41
-10
18
45
69
90
107
120
129
133
131
125
113
97
76
51
22
-7
-39
-72
-103
-132
-157
-178
-193
-203
-206
-204
-196
-183
-166
-146
-124
-102
-79
-57
-37
-18
0
15
29
43
55
68
80
92
105
119
132
147
161
174
188
200
210
220
227
234
239
243
247
252
257
263
272
282
295
310
326
344
362
379
396
410
420
427
428
424
413
396
371
340
301
255
202
143
79
10
-61
-136
-212
-287
-360
-430
-494
-553
-604
-646
-680
-705
-720
-726
-724
-713
-694
-669
-637
-601
-560
-517
-472
-427
-382
-338
-296
-256
-219
-185
-154
-125
-98
-73
-48
-24
0
24
50
77
104
133
162
192
221
248
274
296
315
328
337
340
337
328
315
297
277
254
230
207
185
166
150
138
130
127
129
135
144
156
170
185
199
213
224
233
239
241
240
234
223
208
188
164
135
102
64
22
-22
-71
-121
-173
-225
-277
-327
-373
-416
-452
-483
-506
-520
-527
-524
-513
-492
-464
-428
-385
-336
-283
-227
-169
-110
-53
2
53
100
142
178
208
231
248
260
266
268
266
260
252
243
231
218
204
188
171
153
134
114
93
71
49
27
5
-15
-35
-53
-69
-83
-95
-104
-110
-113
-112
-109
-102
-92
-80
-64
-47
-27
-4
18
44
70
97
125
152
179
204
227
248
265
278
286
289
286
277
261
238
210
175
136
92
45
-3
-54
-105
-156
-207
-255
-301
-345
-385
-421
-452
-479
-499
-512
-516
-513
-499
-477
-444
-402
-352
-293
-229
-159
-87
-13
58
127
191
249
300
342
376
400
414
420
417
405
386
361
330
294
256
215
174
133
94
58
25
-3
-27
-46
-61
-71
-77
-79
-79
-76
-72
-68
-63
-59
-55
-53
-53
-53
-55
-58
-61
-65
-68
-70
-72
-72
-71
-68
-64
-58
-50
-41
-31
-19
-7
4
17
29
40
50
58
64
67
67
64
57
47
35
20
3
-13
-30
-44
-55
-62
-63
-58
-47
-29
-5
23
56
90
125
158
188
213
231
240
242
234
218
194
163
126
86
44
2
-38
-76
-110
-138
-160
-175
-182
-182
-175
-161
-141
-114
-83
-48
-10
27
64
98
127
150
164
169
163
146
119
81
35
-17
-74
-133
-191
-246
-294
-334
-364
-382
-388
-381
-362
-333
-294
-247
-194
-138
-80
-22
33
86
134
176
213
243
268
286
299
307
311
311
307
302
294
284
273
261
248
235
222
208
195
182
168
153
137
120
101
79
54
26
-4
-36
-71
-106
-141
-174
-203
-229
-248
-261
-266
-263
-253
-235
-212
-183
-150
-116
-81
-48
-17
8
28
43
51
54
51
43
32
19
6
-5
-13
-16
-14
-5
10
32
61
94
131
170
208
245
279
306
327
339
342
335
317
288
248
198
139
73
2
-71
-146
-220
-289
-351
-405
-449
-481
-501
-510
-507
-493
-469
-438
-400
-358
-313
-268
-223
-180
-141
-106
-76
-51
-31
-16
-6
0
2
3
1
-2
-6
-11
-17
-22
-26
-30
-32
-34
-35
-36
-36
-35
-34
-33
-31
-28
-24
-18
-11
-1
10
24
41
59
78
97
114
129
140
146
145
137
123
100
71
35
-5
-51
-99
-148
-196
-243
-286
-326
-359
-387
-408
-422
-428
-427
-417
-398
-370
-332
-285
-227
-160
-83
2
96
195
299
404
509
610
704
789
862
921
964
989
997
987
960
918
862
796
721
640
556
471
388
307
232
161
97
38
-12
-58
-99
-135
-167
-197
-225
-254
-283
-314
-346
-382
-420
-461
-503
-546
-589
-631
-670
-705
-734
-756
-769
-773
-767
-749
-721
-683
-636
-580
-518
-451
-382
-312
-243
-178
-117
-62
-13
27
61
88
109
124
134
141
145
147
149
150
152
156
160
165
171
178
185
191
197
201
204
206
206
204
202
199
197
194
192
192
193
197
202
210
221
234
250
267
287
308
329
351
372
392
410
424
434
440
440
434
422
404
379
348
310
268
220
169
114
58
0
-57
-114
-168
-219
-266
-307
-342
-371
-392
-407
-414
-416
-413
-405
-394
-382
-368
-355
-342
-330
-319
-309
-299
-289
-278
-265
-250
-231
-208
-181
-150
-114
-74
-32
12
58
104
148
190
