68
67
62
55
46
36
24
13
1
-8
-18
-27
-34
-40
-46
-51
-56
-61
-67
-73
-80
-87
-95
-102
-109
-115
-119
-121
-121
-119
-114
-107
-99
-88
-76
-64
-51
-39
-27
-16
-8
0
4
7
7
6
3
-1
-7
-14
-21
-28
-35
-40
-43
-43
-42
-37
-29
-18
-5
10
27
45
63
80
95
107
116
121
122
118
109
96
79
59
36
12
-11
-36
-61
-84
-106
-127
-146
-164
-181
-196
-210
-222
-233
-240
-246
-247
-245
-239
-229
-215
-196
-174
-148
-120
-91
-61
-31
-1
25
50
73
93
111
126
140
151
162
171
181
190
199
208
217
226
234
240
245
248
248
244
238
229
216
201
184
166
146
127
109
92
78
68
60
56
56
59
65
73
82
91
99
106
110
111
109
102
91
75
56
34
9
-18
-47
-77
-107
-136
-165
-192
-217
-241
-262
-282
-299
-314
-326
-336
-343
-347
-347
-345
-339
-329
-318
-304
-288
-271
-255
-238
-222
-207
-193
-180
-168
-156
-145
-133
-121
-108
-95
-81
-67
-54
-42
-32
-25
-22
-23
-30
-41
-56
-76
-98
-122
-146
-167
-185
-196
-200
-196
-181
-156
-121
-76
-21
40
107
179
252
324
392
456
511
558
593
617
628
628
615
591
556
514
464
410
353
295
237
183
133
88
49
17
-7
-25
-36
-42
-43
-40
-35
-29
-24
-20
-19
-22
-28
-39
-53
-70
-90
-111
-131
-150
-167
-180
-189
-193
-193
-189
-181
-170
-158
-144
-130
-117
-105
-95
-87
-82
-79
-78
-79
-82
-87
-93
-100
-107
-116
-124
-131
-138
-143
-146
-147
-145
-138
-128
-113
-93
-68
-38
-4
32
72
112
152
190
223
252
274
289
298
299
294
284
269
251
232
212
193
176
161
150
142
138
136
136
137
139
141
141
138
133
125
113
98
80
60
37
14
-10
-34
-57
-79
-99
-116
-130
-141
-149
-153
-154
-152
-148
-141
-133
-125
-115
-105
-95
-85
-74
-64
-52
-40
-28
-16
-3
9
21
33
44
55
65
75
84
93
102
110
118
125
132
138
142
146
148
149
148
146
142
138
132
127
121
117
114
113
114
118
125
134
145
157
169
181
190
196
197
193
182
165
141
111
76
36
-7
-54
-101
-149
-196
-241
-282
-320
-352
-380
-401
-416
-425
-427
-424
-416
-403
-385
-364
-339
-312
-284
-254
-223
-193
-163
-134
-107
-83
-61
-42
-26
-14
-5
0
1
1
0
-3
-7
-10
-12
-13
-13
-10
-6
-1
6
14
24
34
46
58
70
83
96
109
122
134
145
154
159
162
160
153
141
123
101
73
40
4
-33
-72
-112
-149
-183
-212
-236
-252
-262
-265
-260
-249
-233
-211
-186
-159
-132
-104
-78
-55
-34
-17
-4
5
12
15
16
15
12
9
5
2
0
-2
-3
-2
0
3
8
15
23
31
39
48
55
61
66
69
70
69
67
64
60
56
54
53
55
59
67
79
93
111
130
151
172
191
209
222
230
233
229
218
200
175
144
108
69
27
-15
-57
-97
-135
-168
-197
-222
-241
-255
-265
-270
-272
-271
-268
-264
-258
-250
-241
-231
-219
-205
-189
-171
-151
-129
-105
-81
-57
-34
-13
5
19
31
38
41
42
40
36
32
29
27
28
32
40
51
65
82
101
121
142
161
179
194
207
216
222
225
226
225
224
223
223
225
230
239
251
266
286
308
332
357
381
404
422
435
440
436
422
398
364
319
266
205
140
71
1
-67
-133
-194
-250
-298
-339
-373
-399
-417
-429
-434
-433
-427
-416
-401
-381
-358
-332
-302
-269
-234
-196
-157
-117
-78
-39
-2
32
64
92
115
135
151
162
171
176
179
180
181
180
178
176
174
171
166
161
153
143
131
116
98
78
55
31
6
-19
-44
-67
-89
-107
-122
-132
-138
-139
-135
-127
-115
-101
-84
-66
-49
-33
-19
-8
-2
0
0
-5
-13
-23
-35
-46
-57
-66
-73
-77
-79
-77
-72
-65
-55
-45
-33
-21
-10
0
8
15
19
22
22
19
15
9
2
-5
-14
-22
-29
-35
-40
-42
-42
-40
-36
-29
-22
-13
-3
5
14
23
31
38
45
51
58
64
70
76
81
86
89
90
88
84
77
66
52
36
18
0
-18
-35
-50
-61
-69
-72
-72
-68
-61
-54
-45
-39
-34
-34
-38
-46
-60
-78
-100
-124
-150
-176
-200
-222
-240
-254
-262
-266
-265
-259
-249
-237
-223
-209
-196
-185
-176
-172
-172
-175
-183
-193
-206
-219
-232
-241
-247
-247
-240
-224
-201
-168
-128
-80
-25
33
96
160
224
287
347
403
453
498
535
565
588
602
609
609
601
585
563
535
501
463
420
375
328
280
233
187
145
106
73
45
23
8
0
-1
1
9
20
33
46
58
68
73
73
67
54
35
8
-23
-60
-102
-147
-192
-238
-282
-322
-357
-386
-409
-423
-430
-429
-422
-408
-389
-366
-340
-313
-284
-256
-228
-202
-178
-157
-138
-123
-110
-100
-93
-89
-87
-87
-88
-90
-93
-94
-95
-94
-90
-84
-75
-62
-46
-27
-6
15
39
61
83
102
118
130
140
146
149
151
152
153
155
158
165
173
184
197
211
226
240
253
264
271
275
274
267
256
239
218
192
163
131
97
61
26
-8
-41
-72
-101
-126
-147
-164
-178
-187
-192
-193
-191
-186
-178
-168
-156
-143
-128
-112
-94
-75
-54
-31
-6
20
50
81
114
148
182
215
247
276
302
323
337
345
345
337
321
297
265
226
182
133
81
29
-23
-73
-121
-164
-202
-236
-264
-287
-305
-319
-330
-337
-342
-345
-347
-348
-348
-347
-345
-343
-339
-333
-326
-316
-304
-288
-269
-247
-221
-191
-158
-121
-81
-39
3
46
88
128
164
195
221
239
251
256
254
245
231
213
191
167
142
118
94
73
55
40
28
20
15
14
15
18
24
31
40
49
59
70
80
91
101
111
120
129
136
142
146
149
150
149
147
144
140
135
129
123
116
109
101
94
86
78
71
63
56
49
42
36
31
27
24
23
23
25
29
35
42
49
55
61
65
65
62
54
42
24
2
-23
-53
-85
-117
-150
-180
-207
-230
-248
-260
-266
-266
-260
-250
-234
-215
-193
-169
-144
-119
-94
-70
-48
-29
-12
0
11
18
21
21
19
13
6
-1
-9
-17
-23
-26
-26
-23
-16
-5
7
23
41
59
76
93
106
117
123
125
122
114
101
85
65
43
20
-2
-24
-45
-63
-78
-90
-100
-106
-111
-113
-114
-113
-111
-108
-104
-99
-93
-85
-76
-65
-52
-38
-23
-6
12
30
49
68
86
103
119
132
144
153
160
165
169
170
170
169
167
164
160
156
150
144
136
126
114
101
85
67
46
23
-2
-29
-58
-88
-119
-149
-178
-205
-230
-251
-267
-280
-287
-289
-286
-278
-264
-247
-225
-200
-173
-144
-114
-85
-56
-28
-3
18
38
54
67
77
85
90
95
98
102
107
112
118
126
134
142
150
156
161
163
160
154
143
127
105
80
49
16
-19
-55
-91
-126
-156
-182
-202
-214
-218
-214
-201
-180
-151
-116
-75
-30
15
62
107
148
184
213
234
246
249
243
229
207
180
148
115
81
48
18
-6
-27
-43
-55
-61
-65
-66
-66
-65
-66
-68
-73
-81
-91
-104
-119
-135
-151
-165
-176
-183
-185
-180
-169
-151
-126
-95
-59
-20
20
61
100
136
168
195
216
230
238
241
237
230
219
206
191
177
164
152
143
138
135
135
136
139
141
142
140
135
125
109
88
62
31
-3
-41
-80
-119
-158
-193
-225
-252
-274
-289
-297
-300
-295
-285
-269
-248
-223
-194
-162
-128
-93
-57
-21
12
45
76
103
127
146
161
170
175
175
170
161
148
133
115
97
78
60
43
27
13
2
-6
-13
-18
-21
-22
-21
-19
-16
-12
-7
-1
4
12
20
28
37
45
53
60
65
68
69
67
62
54
44
32
17
2
-13
-29
-45
-59
-71
-81
-88
-92
-94
-94
-91
-87
-82
-76
-71
-66
-62
-60
-59
-60
-62
-65
-68
-72
-75
-77
-77
-76
-71
-64
-53
-41
-25
-9
8
25
41
55
65
71
72
67
57
41
20
-4
-32
-61
-91
-119
-144
-164
-178
-186
-187
-181
-167
-148
-123
-94
-62
-29
3
35
64
91
113
132
146
157
164
167
168
167
164
161
157
152
146
140
133
124
113
99
83
63
39
12
-17
-50
-85
-121
-158
-194
-229
-260
-287
-310
-326
-336
-340
-337
-327
-311
-290
-265
-237
-206
-174
-142
-111
-82
-55
-30
-9
9
25
38
49
60
69
78
88
99
110
123
136
149
163
176
188
199
207
213
216
215
211
203
191
176
156
133
106
76
44
11
-22
-55
-87
-115
-139
-158
-171
-178
-177
-169
-155
-135
-111
-84
-55
-25
2
28
50
68
82
91
96
96
94
89
82
75
67
59
53
47
43
39
37
35
33
31
28
25
21
17
12
8
4
0
0
-1
0
3
8
14
20
27
34
39
42
44
43
40
35
28
19
9
0
-10
-18
-25
-28
-27
-22
-11
4
26
53
84
119
155
191
224
254
277
293
300
297
285
263
232
195
151
105
56
9
-34
-74
-108
-135
-154
-166
-171
-170
-165
-156
-147
-138
-131
-127
-127
-131
-140
-152
-166
-182
-197
-212
-223
-229
-231
-226
-213
-194
-167
-133
-93
-47
2
54
107
158
205
247
282
308
324
330
325
311
287
257
221
182
142
103
67
36
11
-7
-19
-25
-26
-21
-13
-3
8
19
30
39
46
50
51
50
46
40
32
22
11
0
-11
-22
-32
-42
-50
-58
-65
-71
-76
-80
-84
-87
-90
-92
-94
-95
-95
-94
-93
-91
-88
-84
-79
-74
-67
-59
-50
-40
-29
-19
-8
0
9
16
20
22
20
16
9
0
-12
-27
-42
-58
-73
-88
-100
-110
-117
-120
-119
-114
-105
-93
-77
-59
-39
-19
1
21
39
55
68
77
82
83
80
74
64
51
35
18
0
-17
-35
-52
-68
-81
-93
-102
-108
-111
-112
-109
-104
-96
-85
-71
-56
-39
-20
0
21
43
66
89
112
134
155
173
190
203
212
217
217
211
201
185
165
142
115
87
58
29
2
-23
-46
-65
-82
-95
-106
-113
-119
-123
-126
-129
-131
-133
-135
-137
-138
-139
-138
-136
-132
-126
-117
-106
-92
-77
-59
-40
-20
0
18
35
49
60
65
66
61
50
33
9
-18
-51
-88
-126
-165
-202
-236
-264
-286
-300
-304
-298
-281
-254
-217
-172
-121
-65
-7
50
105
156
201
238
267
287
297
300
294
282
263
240
214
186
157
128
101
75
52
30
11
-5
-21
-35
-47
-58
-68
