69
83
99
118
138
159
180
199
216
229
239
243
243
239
229
216
198
178
155
131
105
79
53
28
3
-20
-43
-65
-85
-103
-120
-136
-149
-161
-171
-179
-186
-190
-193
-194
-193
-192
-189
-185
-181
-176
-170
-164
-157
-149
-139
-129
-117
-104
-89
-74
-59
-43
-29
-16
-5
2
6
7
4
-2
-13
-28
-45
-64
-84
-104
-123
-140
-154
-164
-169
-169
-164
-153
-138
-118
-94
-67
-38
-8
22
51
79
105
127
146
160
169
174
174
169
161
149
134
118
102
86
72
61
54
52
54
61
72
87
105
124
144
162
178
191
199
204
204
199
192
181
168
154
138
123
108
93
78
63
48
32
15
-3
-22
-42
-63
-84
-104
-123
-138
-150
-157
-159
-156
-146
-131
-112
-88
-61
-33
-5
21
46
67
84
96
104
106
103
97
86
74
59
43
26
10
-4
-17
-29
-38
-45
-49
-51
-51
-49
-46
-41
-36
-30
-24
-18
-13
-8
-4
0
3
6
10
15
20
25
32
39
46
52
58
63
66
66
64
58
49
37
23
7
-9
-26
-41
-55
-65
-72
-75
-73
-68
-59
-47
-34
-19
-5
8
19
28
33
36
34
30
22
12
0
-12
-26
-39
-52
-63
-74
-82
-89
-94
-97
-98
-97
-93
-87
-79
-69
-56
-42
-27
-12
3
18
32
44
55
63
70
75
77
78
78
77
75
73
70
68
66
64
62
61
60
59
58
56
53
49
44
37
29
19
8
-4
-17
-31
-45
-58
-70
-82
-92
-100
-106
-110
-112
-112
-110
-105
-99
-91
-82
-71
-60
-49
-38
-27
-19
-11
-6
-3
-2
-3
-7
-12
-19
-27
-36
-45
-54
-63
-71
-78
-84
-89
-93
-95
-95
-94
-91
-86
-80
-74
-66
-57
-48
-39
-30
-21
-13
-5
1
7
12
17
21
25
28
32
37
42
48
55
64
72
82
91
100
107
113
117
117
115
109
99
86
70
50
29
6
-17
-39
-60
-79
-93
-104
-110
-112
-110
-103
-93
-82
-68
-54
-41
-29
-19
-10
-4
0
1
1
0
0
-1
-2
-2
0
4
11
21
33
47
64
82
100
119
138
155
170
182
191
195
196
192
183
170
152
131
107
81
54
27
1
-22
-43
-61
-75
-84
-89
-90
-85
-77
-65
-50
-32
-13
7
27
46
63
79
91
100
106
108
106
102
95
85
74
62
50
38
28
20
15
13
14
18
26
35
47
59
71
81
90
94
95
92
83
69
50
27
0
-29
-60
-92
-124
-153
-179
-201
-218
-229
-234
-234
-227
-216
-201
-182
-160
-136
-111
-86
-60
-34
-10
13
35
56
74
89
100
108
111
110
103
91
73
51
23
-6
-40
-74
-109
-143
-175
-204
-228
-249
-265
-276
-284
-288
-289
-289
-287
-285
-284
-283
-284
-285
-286
-287
-286
-282
-273
-259
-238
-210
-174
-131
-81
-25
34
96
159
221
278
330
375
410
435
449
451
442
422
393
355
311
263
213
164
117
75
39
10
-9
-20
-22
-16
-1
19
45
76
109
143
176
207
235
257
275
286
292
291
284
271
253
230
204
175
143
110
75
40
5
-28
-61
-93
-122
-150
-174
-195
-213
-228
-239
-247
-251
-254
-254
-252
-248
-244
-239
-233
-226
-218
-210
-200
-189
-177
-164
-150
-136
-122
-109
-97
-88
-83
-81
-83
-90
-101
-115
-132
-151
-169
-185
-197
-205
-206
-200
-185
-163
-133
-97
-56
-12
32
77
120
158
190
216
234
245
249
247
240
228
213
197
182
168
157
150
147
150
157
169
185
204
224
244
264
281
296
306
312
313
309
300
286
269
248
224
199
172
145
118
91
65
40
17
-5
-26
-46
-65
-82
-98
-112
-124
-133
-139
-142
-140
-134
-124
-108
-88
-64
-37
-8
21
50
76
98
113
122
121
112
93
66
31
-9
-54
-99
-143
-184
-218
-243
-259
-265
-261
-248
-226
-199
-168
-135
-104
-76
-53
-37
-28
-27
-33
-45
-63
-85
-107
-130
-150
-166
-177
-182
-181
-173
-160
-141
-118
-93
-66
-39
-13
11
32
50
64
74
80
81
79
73
65
54
42
29
16
3
-8
-18
-27
-34
-38
-41
-41
-40
-36
-32
-26
-20
-15
-10
-7
-7
-8
-13
-21
-31
-44
-59
-76
-94
-111
-127
-142
-154
-162
-168
-169
-166
-160
-148
-133
-114
-92
-67
-39
-10
20
52
84
115
145
175
202
228
251
272
290
304
316
323
327
326
321
310
295
274
248
217
182
142
100
56
11
-32
-74
-113
-147
-176
-198
-215
-224
-228
-225
-217
-205
-189
-172
-153
-134
-117
-101
-88
-77
-68
-61
-55
-49
-41
-32
-21
-7
9
28
49
71
92
111
128
140
147
148
143
131
113
90
62
31
-1
-34
-66
-95
-121
-143
-159
-170
-175
-174
-169
-159
-146
-131
-116
-100
-85
-72
-61
-53
-47
-43
-41
-40
-39
-37
-33
-25
-13
3
24
51
82
115
151
188
223
256
284
307
323
332
335
330
319
303
282
257
230
202
172
143
114
86
59
32
6
-19
-45
-71
-97
-122
-146
-169
-191
-209
-224
-234
-240
-240
-234
-223
-207
-186
-160
-132
-101
-68
-36
-5
24
52
76
98
117
134
148
160
170
179
186
192
196
199
199
197
192
185
175
163
148
132
115
97
78
59
40
22
5
-9
-24
-36
-48
-58
-66
-73
-79
-84
-88
-91
-93
-94
-95
-94
-93
-91
-88
-86
-83
-81
-79
-79
-79
-81
-84
-88
-93
-98
-104
-108
-112
-115
-115
-112
-106
-97
-84
-67
-48
-25
-1
23
48
72
94
112
126
134
137
133
123
107
85
59
30
-1
-32
-63
-91
-115
-134
-147
-154
-155
-151
-142
-129
-114
-99
-84
-72
-64
-61
-63
-71
-85
-104
-126
-151
-176
-200
-222
-239
-249
-253
-249
-236
-216
-189
-155
-116
-73
-27
19
68
116
165
212
259
305
350
393
434
473
509
542
571
594
611
621
621
612
591
559
513
456
386
305
215
119
18
-82
-181
-275
-360
-435
-498
-546
-580
-599
-604
-597
-578
-551
-516
-477
-436
-394
-353
-315
-281
-250
-223
-200
-180
-162
-145
-129
-114
-98
-81
-64
-45
-26
-6
13
33
52
70
87
102
115
126
135
143
148
151
153
153
151
147
141
133
122
110
95
78
60
40
19
-1
-21
-39
-55
-67
-76
-80
-80
-74
-64
-49
-30
-8
15
41
67
92
115
136
154
168
178
185
188
189
186
182
176
169
161
152
143
133
122
110
97
82
67
50
33
15
-1
-19
-35
-50
-63
-75
-84
-92
-97
-102
-106
-109
-112
-115
-118
-121
-123
-126
-127
-127
-125
-121
-115
-106
-94
-80
-63
-45
-26
-6
12
31
47
62
73
82
88
91
90
88
82
75
66
56
45
34
22
10
-1
-12
-22
-32
-40
-47
-53
-57
-60
-62
-62
-62
-61
-59
-56
-52
-48
-43
-37
-30
-22
-14
-5
3
13
21
29
36
41
43
43
40
34
26
15
3
-10
-23
-36
-46
-54
-57
-55
-47
-34
-15
8
36
67
101
134
167
195
219
237
246
247
239
223
197
165
126
83
38
-6
-49
-89
-123
-150
-170
-181
-184
-179
-166
-147
-123
-95
-65
-35
-6
20
44
63
78
88
94
95
93
87
79
69
58
46
34
22
10
-1
-11
-22
-31
-40
-49
-57
-65
-72
-78
-82
-85
-85
-83
-79
-71
-60
-47
-31
-15
1
18
33
45
54
58
57
52
41
26
7
-14
-38
-63
-87
-110
-131
-149
-164
-176
-183
-188
-190
-188
-185
-180
-173
-164
-154
-143
-131
-117
-103
-88
-72
-56
-39
-22
-4
13
32
53
74
96
119
143
167
192
215
237
257
274
288
297
300
299
291
278
259
236
209
180
150
120
92
67
46
28
15
6
0
-2
-4
-5
-8
-12
-19
-28
-41
-57
-75
-94
-114
-134
-152
-167
-179
-187
-190
-188
-182
-170
-155
-136
-114
-90
-65
-40
-15
7
28
47
63
75
84
89
90
87
80
70
56
40
22
2
-18
-39
-60
-79
-98
-114
-129
-141
-152
-161
-167
-172
-175
-176
-175
-173
-168
-161
-152
-140
-126
-109
-90
-68
-44
-18
8
36
65
94
122
148
173
196
215
232
244
253
257
256
251
242
229
212
193
171
149
125
103
81
60
41
24
8
-4
-17
-29
-40
-51
-63
-77
-92
-108
-127
-146
-167
-188
-208
-226
-241
-252
-258
-257
-251
-238
-218
-194
-165
-132
-98
-64
-31
-1
25
46
63
75
83
87
88
88
88
88
90
94
101
109
119
129
139
148
153
155
153
146
134
118
99
77
54
31
9
-9
-26
-39
-47
-51
-51
-48
-40
-30
-18
-5
8
21
34
46
55
63
68
70
69
65
58
49
38
25
12
-1
-14
-26
-36
-44
-48
-49
-47
-42
-34
-23
-11
2
16
30
43
56
66
75
81
85
86
85
82
77
70
61
51
40
27
13
-1
-17
-34
-52
-71
-89
-107
-123
-138
-150
-159
-164
-166
-164
-158
-149
-136
-121
-103
-83
-62
-41
-20
0
18
36
51
64
74
82
87
89
89
86
81
73
64
52
39
25
11
-2
-15
-26
-35
-41
-44
-43
-38
-29
-17
-2
14
33
53
74
94
112
128
141
151
156
157
153
144
130
112
90
65
38
9
-20
-49
-76
-101
-123
-141
-154
-162
-165
-163
-157
-146
-131
-112
-91
-68
-43
-16
9
37
64
90
116
141
163
184
202
217
227
233
234
228
217
200
178
150
118
83
46
7
-30
-67
-101
-132
-159
-182
-200
-214
-225
-233
-237
-240
-240
-239
-237
-233
-228
-220
-210
-198
-182
-164
-143
-119
-94
-67
-40
-14
9
30
47
60
68
71
70
64
54
41
27
13
0
-12
-22
-28
-29
-27
-19
-7
8
28
51
76
102
128
152
173
192
205
214
218
215
208
195
176
154
127
97
65
31
-3
-37
-71
-102
-131
-156
-176
-191
-200
-202
-199
-188
-172
-150
-124
-94
-61
-26
9
44
78
109
138
163
184
201
215
224
231
235
237
237
235
232
229
225
220
214
207
200
192
183
173
162
150
138
124
108
92
73
52
29
3
-24
-55
-88
-124
-162
-201
-241
-281
-320
-358
-392
-423
-448
-468
-480
-484
-480
-467
-446
-418
-384
-344
-303
-260
-219
-181
-147
-120
-98
-83
-74
-70
-68
-68
-68
-65
-59
-49
-33
-12
13
42
75
110
144
177
206
231
250
262
267
264
253
235
210
179
144
106
66
26
-12
-47
-79
-106
-126
-141
-149
-150
-146
-135
-120
-101
-80
-56
-33
-9
12
32
50
65
78
89
97
103
108
112
114
116
116
117
116
115
112
110
106
102
97
91
85
79
72
