1034
1030
1028
1024
1014
992
957
904
832
743
636
517
387
253
118
-11
-133
-244
-343
-429
-503
-569
-628
-686
-745
-811
-884
-967
-1061
-1163
-1270
-1380
-1485
-1581
-1662
-1723
-1761
-1773
-1759
-1722
-1664
-1592
-1511
-1428
-1351
-1286
-1237
-1208
-1200
-1211
-1237
-1274
-1315
-1351
-1375
-1379
-1357
-1306
-1222
-1105
-958
-785
-592
-386
-176
31
228
408
566
698
803
882
935
967
982
984
979
972
967
968
979
1000
1032
1077
1132
1197
1271
1350
1434
1519
1604
1686
1762
1829
1883
1920
1938
1931
1898
1836
1744
1623
1474
1300
1105
894
673
447
221
2
-205
-397
-572
-728
-862
-975
-1068
-1142
-1201
-1245
-1278
-1304
-1324
-1341
-1357
-1374
-1393
-1414
-1437
-1461
-1484
-1504
-1519
-1525
-1520
-1500
-1464
-1410
-1336
-1242
-1128
-995
-846
-682
-507
-325
-138
49
233
412
580
736
877
1001
1104
1188
1249
1288
1305
1303
1282
1246
1198
1143
1084
1026
972
924
885
855
834
819
809
800
789
773
748
713
665
605
534
453
364
273
181
92
9
-65
-130
-186
-234
-277
-316
-357
-400
-451
-511
-581
-660
-747
-836
-923
-1002
-1064
-1103
-1113
-1089
-1028
-930
-799
-641
-464
-278
-96
70
209
312
371
382
344
259
135
-18
-192
-372
-545
-697
-816
-894
-922
-898
-821
-695
-527
-325
-99
136
373
599
806
986
1135
1251
1333
1386
1412
1416
1406
1386
1363
1341
1323
1309
1301
1296
1291
1282
1263
1231
1182
1112
1022
909
778
629
469
302
132
-32
-189
-333
-462
-572
-662
-731
-781
-812
-826
-823
-807
-779
-740
-694
-641
-585
-527
-469
-413
-362
-316
-278
-248
-227
-213
-206
-203
-202
-200
-194
-181
-158
-123
-76
-18
50
127
207
287
362
426
477
511
525
519
493
448
387
313
229
140
49
-39
-123
-199
-265
-318
-359
-388
-404
-409
-404
-393
-376
-357
-337
-319
-303
-292
-285
-281
-280
-280
-280
-277
-270
-256
-236
-207
-169
-123
-69
-7
60
134
210
287
363
434
498
552
594
621
632
625
600
557
497
423
335
238
134
27
-79
-182
-280
-369
-449
-517
-574
-621
-657
-686
-707
-724
-737
-748
-759
-771
-783
-796
-810
-823
-836
-847
-854
-857
-855
-847
-832
-810
-781
-748
-710
-669
-628
-589
-553
-523
-499
-482
-471
-467
-468
-470
-472
-472
-466
-451
-427
-390
-341
-279
-206
-122
-30
65
163
258
346
423
487
534
564
575
571
553
526
493
461
434
418
414
426
454
497
552
615
679
739
788
820
830
813
768
694
593
467
322
164
-1
-168
-330
-481
-618
-738
-837
-915
-971
-1007
-1023
-1022
-1005
-976
-937
-890
-839
-784
-728
-673
-618
-565
-515
-466
-419
-372
-325
-277
-227
-173
-114
-49
20
96
176
259
344
426
505
577
641
695
739
774
803
828
852
880
914
959
1015
1084
1164
1254
1349
1446
1538
1621
1689
1737
1762
1761
1733
1679
1600
1501
1384
1256
1122
988
859
741
638
552
486
439
412
402
405
417
432
445
450
443
418
373
304
212
96
-40
-196
-367
-549
-737
-925
-1109
-1285
-1448
-1595
-1723
-1829
-1911
-1970
-2004
-2015
-2002
-1967
-1912
-1840
-1754
-1656
-1551
-1440
-1329
-1220
-1116
-1019
-930
-849
-778
-713
-655
-600
-546
-489
-427
-357
-275
-180
-70
54
193
345
507
674
842
1003
1153
1284
1391
1468
1512
1521
1493
1430
1335
1211
1065
903
732
561
397
247
118
13
-61
-107
-122
-108
-71
-14
54
128
200
264
312
340
345
326
282
215
130
31
-75
-185
-292
-390
-475
-541
-586
-609
-609
-586
-542
-481
-406
-320
-227
-132
-37
54
140
219
293
360
424
484
545
608
674
746
824
908
996
1087
1176
1260
1334
1393
1431
1443
1426
1375
1288
1167
1012
826
615
385
144
-101
-344
-576
-792
-986
-1155
-1297
-1411
-1498
-1559
-1595
-1611
-1607
-1586
-1551
-1501
-1440
-1367
-1284
-1193
-1094
-990
-884
-780
-681
-591
-514
-452
-409
-384
-379
-392
-420
-460
-507
-555
-601
-638
-662
-671
-662
-634
-589
-528
-454
-370
-282
-191
-101
-14
68
146
222
296
370
446
527
612
703
798
897
995
1090
1178
1253
1312
1349
1362
1347
1303
1228
1125
997
846
680
506
329
159
2
-134
-247
-333
-389
-417
-419
-397
-358
-306
-248
-187
-131
-82
-43
-15
0
4
0
-12
-29
-47
-66
-84
-99
-113
-125
-139
-155
-176
-203
-239
-285
-339
-400
-466
-534
-599
-655
-698
-723
-723
-697
-640
-553
-436
-292
-124
59
254
451
643
820
976
1103
1197
1254
1272
1249
1189
1094
968
819
654
480
308
145
0
-119
-207
-259
-273
-247
-184
-88
34
178
332
488
636
768
874
949
989
991
955
886
787
667
533
394
258
133
24
-64
-134
-186
-224
-253
-281
-314
-359
-421
-504
-610
-737
-882
-1040
-1205
-1367
-1517
-1648
-1750
-1816
-1841
-1822
-1758
-1650
-1502
-1318
-1106
-875
-631
-382
-137
97
318
520
701
860
995
1108
1198
1265
1312
1339
1345
1333
1303
1254
1190
1111
1019
917
807
693
578
465
358
260
173
99
39
-5
-36
-54
-61
-59
-50
-37
-23
-9
1
9
12
10
4
-7
-22
-42
-65
-92
-122
-156
-194
-237
-285
-339
-398
-462
-530
-600
-671
-740
-804
-861
-907
-940
-958
-960
-946
-917
-873
-818
-754
-685
-614
-545
-482
-426
-379
-343
-318
-303
-296
-294
-295
-296
-293
-284
-267
-240
-202
-155
-100
-39
23
86
143
193
232
258
272
272
259
236
203
163
118
72
26
-16
-55
-87
-112
-128
-134
-131
-119
-98
-70
-36
2
45
88
133
176
219
260
299
338
377
416
457
499
544
592
643
697
752
809
864
917
964
1003
1030
1042
1034
1004
948
865
753
614
450
266
68
-136
-340
-532
-703
-847
-954
-1021
-1045
-1027
-968
-876
-758
-624
-486
-355
-240
-150
-92
-69
-80
-124
-194
-283
-382
-482
-573
-647
-699
-724
-722
-693
-641
-572
-491
-407
-326
-253
-193
-149
-122
-111
-114
-127
-146
-167
-186
-199
-203
-198
-183
-158
-125
-87
-45
-3
37
74
107
136
160
180
198
217
238
264
298
342
398
467
550
647
755
874
999
1128
1255
1377
1490
1590
1676
1746
1799
1837
1861
1873
1877
1874
1867
1859
1851
1844
1838
1831
1822
1808
1784
1746
1690
1611
1506
1372
1208
1014
793
549
288
16
-257
-526
-782
-1017
-1226
-1404
-1548
-1658
-1734
-1777
-1793
-1784
-1758
-1719
-1675
-1631
-1593
-1566
-1554
-1559
-1584
-1628
-1690
-1768
-1858
-1957
-2060
-2162
-2258
-2344
-2414
-2466
-2496
-2502
-2482
-2435
-2362
-2263
-2140
-1994
-1830
-1648
-1452
-1243
-1025
-799
-567
-331
-91
150
393
635
875
1110
1338
1556
1760
1948
2115
2259
2375
2463
2520
2546
2542
2510
2453
2374
2278
2168
2050
1927
1803
1681
1564
1453
1349
1252
1161
1076
997
920
847
775
706
638
572
509
449
393
341
292
245
196
144
83
10
-78
-188
-320
-475
-653
-851
-1066
-1290
-1517
-1737
-1943
-2125
-2275
-2388
-2457
-2482
-2461
-2395
-2289
-2148
-1978
-1785
-1577
-1359
-1139
-920
-707
-503
-310
-131
34
185
321
440
541
624
689
734
759
765
751
718
669
604
527
441
349
256
164
79
3
-60
-109
-142
-158
-156
-137
-103
-55
4
71
145
220
294
363
423
473
509
529
533
519
490
446
390
324
251
174
97
22
-49
-114
-174
-226
-270
-307
-337
-360
-377
-387
-392
-390
-384
-372
-357
-338
-316
-293
-269
-245
-222
-201
-183
-169
-159
-153
-153
-159
-169
-184
-203
-225
-247
-269
-287
-300
-304
-299
-282
-251
-206
-148
-77
5
97
195
296
395
490
577
652
713
759
787
799
795
776
746
707
661
613
566
522
484
454
434
425
427
441
466
502
546
597
652
710
766
819
866
904
931
945
946
931
902
858
801
732
653
566
473
377
279
181
84
-9
-99
-185
-266
-343
-414
-479
-540
-595
-645
-691
-733
-772
-808
-844
-878
-913
-948
-984
-1019
-1054
-1086
-1114
-1137
-1151
-1156
-1149
-1128
-1095
-1048
-988
-916
-836
-748
-656
-562
-470
-380
-296
-218
-147
-84
-27
22
66
105
141
174
206
237
268
300
333
366
400
433
466
496
523
546
564
576
581
580
572
558
538
513
483
449
412
373
333
293
254
216
180
147
115
86
58
30
2
-28
-61
-99
-143
-193
-249
-310
-377
-447
-518
-588
-654
-714
-766
-808
-838
-855
-860
-853
-834
-806
-770
-729
-684
-638
-593
-551
-513
-480
-452
-430
-411
-395
-379
-361
-339
-310
-272
-223
-161
-85
6
115
239
380
535
703
883
1070
1262
1456
1647
1831
2006
2165
2307
2428
2524
2592
2629
2633
2601
2531
2423
2276
2091
1871
1620
1344
1048
743
437
138
-142
-398
-621
-805
-947
-1045
-1099
-1112
-1088
-1032
-953
-857
-753
-650
-555
-475
-416
-382
-377
-402
-456
-538
-643
-766
-903
-1047
-1190
-1326
-1447
-1549
-1624
-1670
-1684
-1664
-1611
-1527
-1415
-1280
-1127
-963
-794
-626
-465
-315
-181
-64
32
111
172
218
251
275
294
310
327
346
371
401
436
474
515
555
592
623
645
657
657
645
623
593
557
519
484
456
437
432
443
470
513
572
643
722
805
887
962
1025
1070
1095
1096
1071
1020
944
845
726
591
445
294
142
-6
-146
-276
-392
-494
-581
-653
-712
-760
-797
-825
-845
-859
-868
-871
-868
-860
-847
-828
-803
-772
-737
-699
-660
-622
-588
-560
-542
-536
-543
-566
-603
-656
-720
-795
-875
-958
-1037
-1108
-1166
-1207
-1226
-1221
-1190
-1132
-1049
-941
-814
-670
-516
-358
-202
-56
74
184
268
323
345
336
296
228
137
29
-89
-212
-331
-440
-534
-607
-658
-684
-687
-668
-631
-579
-518
-452
-387
-327
-276
-236
-208
-191
-184
-183
-183
-178
-162
-129
-74
8
121
267
444
650
881
1129
1388
1649
1903
2141
2355
2540
2689
2801
2873
2907
2906
2873
2815
2738
2649
2554
2460
2372
2294
2229
2178
2141
2116
2101
2092
2084
2072
2051
2014
1956
1872
1758
1608
1421
1196
933
633
301
-57
-435
-826
-1220
-1609
-1983
-2334
-2654
-2937
-3179
-3377
-3528
-3634
-3697
-3719
-3706
-3663
-3594
-3505
-3401
-3286
-3162
-3030
-2893
-2749
-2597
-2435
-2262
-2076
-1876
-1662
-1434
-1194
-945
-689
-431
-177
69
304
520
715
885
1027
1141
1228
1289
1328
1349
1357
1358
1357
1359
1366
1383
1410
1446
1490
1538
1587
1631
1665
1683
1679
1651
1594
1507
1391
1248
1084
903
714
526
347
185
48
-59
-134
-175
-184
-167
-128
-77
-20
33
75
101
106
86
44
-19
-100
-193
-292
-389
-478
-553
-606
-635
-637
-609
-554
-472
-369
-248
-117
18
151
275
385
474
541
581
595
582
545
487
410
320
219
113
5
-100
-202
-297
-386
-467
-542
-611
-677
-741
-805
-871
-940
-1012
-1087
-1164
-1242
-1319
-1390
-1454
-1506
-1545
-1566
-1567
-1548
-1508
-1446
-1364
-1264
-1150
-1023
-888
-749
-608
-469
-334
-205
-83
32
140
244
344
442
539
638
739
842
946
1051
1154
1251
1340
1417
1477
1519
1538
1533
1503
1449
1370
1271
1154
1022
881
734
586
441
303
176
62
-35
-115
-175
-216
-238
-240
-224
-191
-144
-86
-19
