-1378
-1399
-1418
-1439
-1466
-1500
-1542
-1591
-1647
-1707
-1767
-1823
-1871
-1905
-1920
-1914
-1882
-1825
-1740
-1630
-1497
-1346
-1182
-1011
-841
-678
-530
-402
-301
-229
-189
-182
-207
-262
-342
-443
-558
-682
-809
-931
-1044
-1141
-1217
-1269
-1294
-1288
-1251
-1183
-1083
-954
-799
-621
-425
-217
-3
209
414
604
774
917
1029
1108
1152
1162
1140
1090
1018
930
833
736
645
566
506
467
452
460
490
537
598
664
730
789
833
856
855
825
765
675
556
411
244
61
-130
-326
-518
-700
-864
-1006
-1119
-1199
-1242
-1246
-1210
-1134
-1019
-867
-682
-468
-232
21
284
551
813
1064
1296
1502
1676
1812
1906
1954
1952
1901
1801
1654
1465
1239
983
707
420
130
-151
-417
-661
-877
-1061
-1211
-1328
-1414
-1470
-1502
-1515
-1512
-1500
-1482
-1462
-1443
-1425
-1411
-1398
-1387
-1375
-1361
-1342
-1317
-1284
-1243
-1193
-1136
-1072
-1003
-932
-859
-787
-718
-651
-587
-527
-467
-408
-347
-281
-210
-130
-42
55
162
277
399
526
654
781
903
1017
1120
1209
1283
1339
1378
1401
1408
1402
1386
1363
1338
1312
1289
1271
1259
1255
1257
1264
1275
1287
1297
1304
1305
1297
1278
1247
1203
1144
1069
978
870
746
606
449
277
92
-104
-311
-525
-744
-963
-1180
-1391
-1590
-1775
-1941
-2084
-2199
-2282
-2331
-2342
-2313
-2244
-2134
-1985
-1799
-1580
-1331
-1058
-767
-463
-154
155
458
748
1020
1268
1489
1679
1834
1955
2040
2090
2109
2100
2067
2014
1948
1872
1791
1709
1626
1545
1466
1388
1310
1230
1147
1061
971
876
779
680
581
485
393
307
229
161
104
59
27
7
0
6
22
49
83
124
169
216
263
306
343
370
384
383
362
320
253
162
45
-95
-259
-441
-639
-847
-1059
-1269
-1473
-1664
-1837
-1988
-2113
-2209
-2275
-2309
-2310
-2279
-2217
-2125
-2005
-1860
-1693
-1508
-1310
-1102
-889
-675
-465
-260
-65
119
293
456
609
751
884
1007
1122
1227
1321
1402
1467
1516
1544
1549
1531
1488
1420
1328
1216
1086
943
792
639
489
346
216
101
3
-75
-138
-187
-224
-253
-279
-305
-335
-372
-418
-474
-540
-615
-698
-785
-875
-962
-1044
-1118
-1179
-1225
-1255
-1267
-1261
-1239
-1202
-1155
-1101
-1043
-987
-935
-890
-853
-825
-804
-787
-773
-755
-731
-696
-647
-582
-497
-394
-274
-137
11
168
330
491
645
790
922
1037
1136
1219
1287
1344
1394
1440
1487
1539
1599
1667
1744
1827
1914
1998
2075
2139
2182
2199
2185
2134
2045
1916
1746
1536
1291
1013
708
383
45
-296
-636
-964
-1273
-1556
-1807
-2022
-2199
-2335
-2431
-2489
-2511
-2502
-2466
-2409
-2336
-2252
-2161
-2067
-1975
-1885
-1800
-1720
-1645
-1575
-1508
-1445
-1383
-1322
-1260
-1196
-1130
-1058
-980
-894
-799
-694
-577
-450
-311
-163
-6
156
323
493
662
829
991
1148
1299
1443
1579
1710
1833
1950
2060
2162
2255
2337
2405
2455
2485
2490
2468
2417
2333
2218
2073
1899
1701
1485
1255
1019
784
554
338
138
-39
-194
-322
-424
-499
-548
-574
-577
-562
-529
-484
-430
-369
-306
-244
-188
-139
-102
-79
-71
-81
-108
-151
-210
-281
-360
-445
-529
-609
-678
-734
-771
-788
-781
-750
-695
-616
-516
-397
-262
-116
34
186
332
466
582
675
740
773
770
732
658
551
414
252
71
-122
-321
-519
-709
-886
-1044
-1180
-1292
-1378
-1439
-1476
-1492
-1490
-1472
-1444
-1408
-1368
-1328
-1288
-1252
-1218
-1187
-1156
-1124
-1086
-1041
-984
-912
-824
-717
-591
-447
-288
-116
62
245
424
595
752
889
1002
1085
1137
1156
1141
1094
1016
913
789
650
502
353
209
76
-40
-136
-208
-254
-274
-269
-241
-191
-125
-45
44
139
235
330
418
498
567
622
663
688
698
692
673
640
598
548
493
436
381
331
287
254
232
225
231
252
286
333
388
449
512
570
619
655
670
663
628
564
470
348
198
26
-163
-366
-575
-784
-986
-1176
-1348
-1499
-1626
-1726
-1800
-1847
-1870
-1871
-1856
-1827
-1790
-1748
-1705
-1664
-1624
-1586
-1545
-1498
-1439
-1364
-1267
-1143
-989
-804
-589
-348
-85
191
475
758
1030
1285
1517
1720
1892
2031
2137
2212
2258
2279
2280
2264
2236
2199
2158
2116
2073
2033
1995
1960
1928
1900
1875
1854
1838
1828
1824
1827
1836
1851
1870
1890
1908
1919
1918
1900
1861
1796
1700
1570
1404
1201
960
684
376
40
-317
-689
-1068
-1444
-1808
-2152
-2466
-2743
-2977
-3164
-3301
-3387
-3423
-3413
-3360
-3269
-3148
-3004
-2842
-2670
-2493
-2316
-2144
-1977
-1818
-1667
-1522
-1382
-1245
-1108
-968
-824
-675
-518
-355
-185
-9
169
350
529
705
875
1036
1186
1324
1448
1558
1653
1733
1798
1849
1886
1910
1923
1925
1917
1901
1877
1847
1811
1770
1726
1677
1626
1571
1514
1453
1390
1324
1256
1186
1115
1046
980
919
867
826
799
785
786
801
828
865
905
946
980
1001
1004
981
928
837
706
532
311
44
-266
-618
-1006
-1423
-1860
-2309
-2757
-3193
-3607
-3985
-4318
-4597
-4813
-4960
-5035
-5036
-4965
-4824
-4618
-4356
-4045
-3695
-3316
-2920
-2515
-2113
-1723
-1352
-1007
-694
-418
-180
16
175
296
382
439
471
485
487
484
483
491
512
552
613
696
801
924
1061
1206
1354
1497
1629
1747
1845
1921
1975
2005
2014
2002
1972
1926
1865
1792
1708
1614
1511
1400
1282
1159
1031
901
770
641
517
399
289
189
102
27
-33
-81
-117
-142
-157
-166
-171
-175
-180
-190
-206
-230
-263
-305
-355
-413
-478
-545
-614
-681
-743
-797
-841
-870
-884
-881
-860
-820
-763
-691
-605
-508
-403
-295
-185
-78
22
116
201
274
336
386
425
455
477
493
504
513
521
529
538
548
559
570
580
588
591
589
579
560
530
488
433
364
280
183
73
-47
-176
-309
-444
-575
-698
-808
-901
-973
-1021
-1043
-1037
-1004
-943
-858
-750
-621
-476
-316
-146
30
212
396
579
760
934
1101
1259
1403
1532
1641
1728
1787
1816
1811
1768
1686
1563
1402
1204
975
721
452
177
-91
-344
-567
-752
-890
-974
-1001
-970
-884
-746
-566
-351
-113
137
389
631
854
1049
1209
1329
1408
1443
1436
1389
1306
1192
1054
898
728
552
375
201
34
-120
-261
-386
-492
-578
-642
-685
-707
-708
-690
-656
-609
-553
-491
-427
-366
-312
-267
-236
-220
-222
-242
-282
-341
-418
-512
-620
-738
-863
-990
-1114
-1231
-1336
-1424
-1493
-1538
-1559
-1554
-1524
-1470
-1394
-1299
-1189
-1069
-943
-817
-694
-579
-476
-388
-317
-263
-228
-209
-206
-215
-232
-255
-279
-302
-321
-333
-337
-333
-322
-303
-278
-247
-212
-174
-131
-85
-34
22
85
156
236
327
428
540
662
792
927
1065
1202
1334
1455
1563
1651
1718
1759
1774
1761
1722
1657
1570
1464
1344
1214
1079
945
817
698
592
502
429
373
333
306
291
282
277
272
263
247
223
191
149
100
45
-14
-75
-135
-191
-242
-286
-321
-346
-361
-365
-360
-345
-322
-293
-258
-220
-180
-142
-108
-79
-59
-50
-52
-70
-104
-155
-225
-314
-422
-548
-689
-844
-1006
-1172
-1335
-1488
-1626
-1741
-1827
-1880
-1895
-1871
-1807
-1705
-1567
-1399
-1207
-996
-775
-550
-328
-115
82
262
421
557
671
763
835
890
930
958
976
986
990
987
978
961
937
903
860
806
743
670
589
503
413
322
233
149
71
3
-53
-99
-132
-152
-158
-152
-133
-102
-60
-7
55
125
201
282
364
445
522
591
649
694
722
732
723
693
642
570
481
375
256
128
-5
-139
-269
-392
-503
-601
-683
-750
-803
-842
-871
-892
-908
-922
-935
-950
-967
-986
-1005
-1022
-1036
-1043
-1043
-1031
-1007
-968
-914
-845
-759
-659
-545
-419
-282
-137
13
166
319
467
609
740
859
963
1051
1123
1178
1219
1246
1262
1271
1275
1277
1280
1285
1294
1307
1322
1338
1351
1359
1356
1339
1305
1250
1172
1070
945
796
626
437
233
19
-201
-424
-645
-860
-1064
-1255
-1428
-1582
-1714
-1822
-1905
-1962
-1993
-1997
-1975
-1928
-1857
-1765
-1654
-1525
-1383
-1229
-1067
-900
-733
-568
-410
-263
-129
-13
81
154
202
225
223
198
152
89
11
-74
-164
-255
-340
-415
-479
-528
-560
-574
-572
-554
-522
-478
-424
-365
-302
-237
-172
-108
-45
16
78
142
208
277
351
430
513
599
687
776
863
947
1025
1096
1157
1208
1248
1275
1290
1292
1282
1261
1230
1190
1142
1088
1029
967
903
839
774
710
645
580
514
445
374
298
218
133
44
-47
-141
-236
-327
-414
-492
-561
-616
-659
-687
-703
-706
-701
-689
-673
-657
-643
-634
-630
-631
-636
-644
-651
-656
-655
-647
-628
-599
-559
-510
-454
-394
-333
-276
-225
-183
-154
-138
-135
-146
-168
-199
-236
-277
-317
-353
-384
-405
-416
-415
-402
-376
-339
-291
-235
-172
-105
-38
27
89
145
192
231
261
283
299
311
323
339
360
389
429
479
540
609
684
761
836
905
965
1011
1043
1058
1057
1042
1017
985
951
921
900
893
903
932
981
1050
1137
1239
1353
1473
1596
1716
1831
1934
2022
2092
2139
2160
2151
2110
2035
1923
1774
1589
1368
1114
830
521
194
-146
-492
-837
-1173
-1493
-1791
-2060
-2296
-2494
-2651
-2766
-2839
-2870
-2861
-2816
-2738
-2632
-2502
-2354
-2192
-2022
-1847
-1672
-1499
-1333
-1174
-1024
-885
-757
-640
-534
-438
-351
-273
-201
-136
-76
-22
26
70
106
135
155
164
162
147
121
83
34
-23
-88
-156
-225
-292
-354
-408
-452
-485
-506
-514
-509
-492
-463
-423
-373
-314
-247
-173
-93
-9
77
167
258
349
440
531
621
711
801
890
980
1068
1155
1239
1318
1389
1450
1497
1528
1540
1530
1498
1443
1364
1265
1147
1015
871
722
572
425
287
161
49
-46
-126
-190
-242
-283
-319
-352
-386
-425
-472
-528
-594
-669
-750
-835
-919
-997
-1063
-1114
-1144
-1149
-1128
-1079
-1003
-903
-784
-650
-508
-366
-231
-111
-13
57
95
99
67
0
-97
-222
-368
-528
-693
-857
-1014
-1155
-1278
-1378
-1454
-1505
-1531
-1533
-1512
-1472
-1412
-1336
-1244
-1139
-1020
-891
-751
-602
-445
-282
-114
56
230
403
576
746
911
1070
1221
1361
1489
1603
1701
1782
1845
1888
1911
1916
1902
1871
1826
1768
1699
1623
1541
1456
1369
1283
1198
1116
1038
963
892
825
762
703
648
595
545
497
451
407
364
322
280
237
192
145
95
41
-16
-79
-144
-211
-278
-342
-401
-453
-494
-522
-537
-536
-520
-489
-445
-389
-326
-258
-188
-122
-61
-11
25
47
53
40
10
-36
-98
-173
-257
-348
-441
-535
-624
-707
-781
-844
-894
-930
-953
-962
-958
-943
-918
-885
-845
-800
-751
-700
-648
-595
-543
-490
-438
-386
-333
-281
-230
-179
-131
-86
-46
-12
13
30
38
36
23
0
-29
-67
-108
-149
-189
-224
-250
-265
-268
-257
-233
-197
-150
-95
-36
23
80
131
172
203
221
226
218
199
171
137
99
60
25
-4
-26
-37
-37
-25
-3
28
68
113
160
207
250
289
321
345
361
369
370
366
357
347
335
324
315
309
305
304
306
308
311
312
310
304
292
273
246
212
170
122
67
8
-53
-115
-175
-232
-283
-325
-359
-381
-393
-394
-384
-366
-340
-309
-273
-236
-199
-163
-130
-101
-78
-60
-49
-46
-49
-60
-77
-101
-130
-163
-198
-234
-266
