268
240
206
168
125
79
30
-20
-71
-121
-169
-214
-255
-289
-317
-338
-350
-353
-347
-334
-312
-285
-252
-217
-179
-142
-108
-76
-49
-27
-10
0
7
11
12
13
13
13
15
19
24
31
37
44
50
55
59
61
63
64
66
70
75
84
96
111
130
151
175
199
222
244
261
274
280
278
266
244
213
171
120
61
-3
-71
-141
-210
-275
-334
-384
-425
-454
-472
-477
-472
-455
-429
-394
-354
-309
-262
-214
-167
-123
-83
-46
-15
9
30
45
55
60
62
60
55
48
39
30
20
11
3
-2
-5
-5
-2
4
15
30
47
67
89
111
133
154
172
187
198
206
209
208
204
195
184
170
153
135
116
96
76
57
39
22
6
-7
-19
-31
-41
-50
-60
-69
-79
-91
-103
-116
-131
-147
-164
-182
-201
-220
-239
-258
-276
-293
-309
-322
-333
-339
-342
-339
-332
-319
-302
-281
-256
-230
-202
-174
-148
-124
-104
-88
-77
-71
-69
-71
-77
-85
-93
-100
-104
-105
-99
-87
-66
-37
0
44
97
155
217
280
343
403
458
506
546
575
594
601
597
582
555
518
472
416
352
282
206
126
45
-36
-116
-192
-262
-323
-374
-414
-441
-456
-459
-450
-430
-402
-367
-328
-286
-244
-203
-165
-130
-99
-73
-50
-29
-9
9
31
55
83
114
149
187
227
266
304
337
365
386
398
401
395
380
358
329
296
260
222
185
149
115
85
59
36
16
0
-15
-29
-44
-60
-79
-100
-124
-152
-183
-216
-250
-284
-317
-346
-371
-391
-403
-407
-403
-391
-370
-340
-304
-261
-212
-160
-106
-51
1
53
101
144
181
211
235
251
260
261
256
245
229
209
187
162
138
115
94
76
63
54
51
53
60
72
89
110
133
158
183
207
229
248
263
273
277
275
268
255
237
216
190
163
134
104
74
45
18
-7
-31
-54
-74
-92
-107
-121
-132
-140
-146
-149
-149
-146
-140
-131
-120
-106
-91
-74
-57
-40
-23
-7
7
19
29
36
40
40
37
30
20
7
-8
-27
-48
-71
-95
-121
-148
-176
-203
-231
-257
-282
-305
-326
-344
-358
-368
-374
-374
-370
-359
-343
-322
-296
-266
-232
-195
-155
-114
-72
-30
11
52
91
128
162
194
222
247
267
284
297
306
311
312
311
307
301
294
285
276
267
258
250
242
235
228
220
211
200
186
168
145
118
85
47
4
-40
-88
-136
-182
-225
-263
-294
-318
-334
-342
-342
-333
-319
-298
-272
-242
-210
-175
-140
-104
-69
-35
-2
28
58
86
111
134
155
172
187
199
207
211
212
209
201
190
176
158
138
116
93
69
47
25
6
-9
-22
-33
-39
-43
-44
-43
-39
-34
-27
-19
-11
-4
2
6
9
9
6
0
-10
-24
-42
-62
-85
-111
-138
-165
-193
-221
-247
-270
-291
-309
-321
-329
-331
-326
-315
-296
-271
-239
-200
-156
-108
-56
-3
50
103
153
199
239
272
298
314
322
321
312
295
270
240
205
167
127
86
45
6
-29
-63
-92
-118
-140
-158
-171
-180
-184
-185
-181
-173
-161
-145
-125
-100
-73
-42
-9
26
62
97
131
162
189
210
225
232
231
222
205
180
150
114
76
35
-4
-43
-78
-109
-135
-155
-169
-177
-179
-176
-169
-158
-144
-127
-108
-88
-66
-42
-17
9
39
71
106
144
185
229
274
322
369
415
459
498
530
554
568
571
561
537
501
451
389
317
236
149
57
-35
-128
-217
-300
-376
-443
-500
-546
-581
-604
-617
-619
-613
-599
-577
-550
-519
-484
-446
-407
-366
-325
-285
-244
-205
-166
-129
-94
-61
-30
-1
25
48
70
89
106
121
135
148
160
173
186
199
213
227
242
256
270
283
294
303
310
314
315
313
308
300
290
277
262
245
227
208
188
168
147
127
107
87
67
47
28
8
-11
-30
-49
-67
-84
-101
-116
-129
-141
-152
-161
-168
-174
-178
-181
-181
-181
-179
-176
-172
-167
-161
-155
-148
-140
-132
-123
-114
-104
-94
-83
-73
-63
-54
-47
-40
-35
-32
-31
-31
-32
-33
-35
-36
-37
-36
-33
-29
-22
-13
-2
9
22
36
50
62
73
82
88
91
89
85
76
65
51
35
19
2
-12
-25
-35
-41
-42
-37
-28
-12
7
31
58
87
117
145
170
190
205
214
216
211
199
180
156
127
94
58
21
-14
-49
-80
-108
-132
-150
-162
-170
-174
-173
-171
-166
-162
-158
-156
-156
-159
-165
-173
-183
-194
-206
-218
-228
-235
-239
-238
-233
-223
-207
-187
-162
-134
-102
-68
-34
0
34
66
95
121
144
162
177
187
194
197
198
196
193
189
185
181
178
176
176
176
179
182
187
193
199
206
213
220
226
232
236
238
239
237
233
226
216
204
188
170
149
126
101
73
45
16
-13
-42
-71
-99
-126
-151
-174
-196
-215
-233
-248
-259
-268
-272
-272
-268
-259
-245
-226
-203
-175
-145
-112
-78
-43
-10
20
48
71
90
103
110
111
108
99
87
72
56
38
20
4
-11
-25
-38
-49
-60
-70
-80
-90
-100
-111
-123
-134
-144
-153
-159
-162
-161
-156
-145
-129
-108
-81
-49
-14
24
64
106
147
187
225
259
290
317
339
356
368
375
376
372
362
347
327
302
274
242
208
174
140
108
78
53
33
17
8
3
4
8
15
25
34
42
48
51
49
42
31
15
-4
-28
-53
-80
-108
-135
-161
-185
-208
-228
-247
-264
-279
-293
-307
-322
-336
-352
-370
-389
-410
-433
-457
-481
-505
-528
-549
-567
-581
-590
-594
-592
-584
-570
-549
-521
-488
-450
-406
-359
-309
-256
-203
-148
-94
-41
10
61
108
154
195
234
268
297
321
340
352
357
355
346
331
311
286
257
228
199
173
151
135
127
128
137
157
185
222
265
314
365
418
468
514
553
583
604
613
609
594
567
529
480
424
360
292
220
146
73
1
-66
-130
-188
-241
-286
-324
-355
-379
-395
-405
-409
-408
-404
-396
-385
-374
-361
-349
-336
-324
-312
-300
-287
-272
-257
-239
-219
-196
-171
-145
-116
-86
-55
-24
6
36
64
91
115
137
156
173
187
199
208
216
222
226
228
228
226
221
213
202
188
170
148
123
96
66
34
1
-31
-64
-96
-124
-150
-171
-187
-197
-201
-197
-186
-168
-143
-112
-77
-38
2
43
84
122
156
186
209
226
236
239
235
226
211
193
172
151
131
112
97
87
82
82
90
103
122
148
178
212
248
286
324
360
394
422
445
462
471
472
465
450
428
398
361
319
272
221
167
111
54
-1
-56
-110
-160
-207
-250
-287
-320
-348
-369
-385
-396
-401
-401
-397
-388
-377
-363
-347
-330
-313
-296
-280
-265
-252
-241
-231
-224
-219
-215
-214
-213
-214
-214
-214
-213
-211
-206
-199
-189
-176
-160
-143
-123
-103
-82
-62
-42
-24
-8
6
17
26
33
37
38
38
36
32
28
22
16
10
4
-1
-5
-9
-11
-12
-12
-11
-9
-6
-3
0
1
3
3
1
-2
-8
-16
-25
-34
-43
-51
-56
-58
-56
-49
-38
-22
-2
21
47
75
103
130
155
177
196
210
219
222
220
213
200
183
163
138
111
82
50
18
-14
-47
-79
-110
-139
-166
-189
-208
-222
-231
-235
-234
-227
-215
-197
-176
-150
-121
-91
-59
-28
0
27
50
68
81
89
91
88
82
72
62
53
47
45
50
62
83
113
151
198
250
306
363
419
470
514
547
568
573
563
537
494
436
365
283
192
95
-3
-101
-197
-286
-367
-437
-496
-543
-577
-598
-607
-605
-593
-573
-545
-512
-475
-436
-394
-351
-308
-265
-222
-179
-134
-89
-42
5
55
107
159
212
263
312
356
395
426
449
462
465
458
442
416
383
344
302
257
212
169
128
92
61
35
15
0
-9
-16
-19
-20
-19
-18
-17
-16
-16
-17
-18
-19
-21
-23
-25
-26
-28
-30
-33
-36
-41
-48
-57
-68
-81
-95
-110
-124
-138
-149
-157
-161
-161
-156
-147
-133
-117
-98
-77
-56
-37
-20
-5
4
10
11
8
0
-10
-25
-43
-64
-85
-107
-129
-149
-167
-182
-192
-198
-199
-195
-184
-168
-147
-122
-93
-60
-27
7
40
72
100
123
142
154
160
159
152
140
123
102
79
55
31
9
-11
-28
-42
-52
-58
-60
-59
-54
-46
-35
-21
-6
9
27
45
62
79
93
106
116
124
129
131
130
127
123
117
111
103
96
88
79
70
60
48
34
18
0
-22
-46
-74
-103
-134
-166
-197
-226
-252
-273
-289
-298
-299
-292
-278
-255
-225
-189
-148
-103
-57
-10
34
76
115
148
174
195
209
217
218
214
205
191
174
154
132
109
84
60
36
12
-9
-29
-47
-63
-76
-87
-94
-98
-99
-97
-92
-84
-73
-60
-44
-26
-6
13
35
57
79
101
121
140
155
168
178
184
187
187
185
181
177
174
173
175
181
192
207
228
252
279
307
334
358
376
385
384
372
346
308
256
193
119
38
-48
-138
-227
-314
-396
-471
-537
-592
-637
-670
-693
-704
-705
-697
-680
-656
-624
-587
-545
-499
-448
-395
-338
-279
-217
-153
-87
-20
46
113
179
242
301
355
402
443
475
498
512
518
514
503
485
460
430
397
362
325
290
256
225
197
174
154
138
125
116
108
102
95
88
80
71
59
46
31
15
-2
-20
-39
-57
-74
-90
-105
-119
-130
-140
-149
-156
-161
-166
-170
-173
-175
-177
-178
-178
-179
-178
-177
-176
-174
-172
-170
-168
-166
-165
-165
-165
-166
-167
-168
-169
-170
-170
-169
-167
-163
-159
-153
-147
-139
-130
-120
-109
-97
-84
-71
-57
-43
-28
-14
0
12
24
34
43
49
52
53
51
48
42
36
28
21
15
10
6
5
7
12
19
28
40
53
67
82
97
111
123
133
141
146
149
149
147
142
136
128
119
109
98
86
73
60
46
31
15
0
-16
-31
-45
-57
-67
-73
-77
-77
-73
-66
-55
-40
-23
-4
16
38
60
82
103
121
137
151
160
165
166
162
154
141
123
102
78
51
23
-5
-34
-63
-90
-115
-138
-159
-178
-194
-207
-219
-228
-235
-240
-244
-244
-243
-239
-232
-222
-210
-194
-174
-151
-125
-96
-65
-31
2
36
69
100
127
151
170
184
194
198
197
193
184
172
158
142
125
108
92
77
64
55
48
44
43
44
48
53
59
66
72
77
81
85
86
87
87
86
84
82
80
78
77
75
74
72
71
69
66
63
58
52
45
37
29
20
10
2
-6
-12
-18
-21
-23
-22
-19
-13
-6
2
12
24
37
50
63
77
89
101
111
119
125
128
127
123
114
102
86
67
45
22
-1
-24
-46
-65
