30
50
76
106
139
176
213
250
285
316
340
358
367
367
358
340
314
281
243
201
157
113
71
32
-2
-31
-56
-74
-87
-96
-101
-102
-102
-100
-98
-97
-96
-97
-100
-103
-107
-111
-114
-116
-116
-113
-109
-102
-93
-82
-70
-57
-45
-33
-22
-12
-3
3
10
17
24
32
41
53
66
82
101
121
143
165
187
208
226
240
249
252
248
238
220
195
164
127
86
42
-2
-48
-91
-131
-166
-195
-218
-233
-240
-241
-234
-221
-203
-180
-153
-124
-92
-58
-24
9
43
76
107
136
163
186
205
220
230
236
236
231
222
208
190
168
144
117
88
59
28
-2
-33
-64
-95
-126
-157
-186
-214
-239
-260
-277
-289
-296
-296
-290
-278
-260
-236
-209
-177
-143
-107
-70
-33
2
38
71
103
132
158
181
200
214
224
227
224
214
196
170
137
96
49
-3
-61
-122
-185
-246
-305
-360
-409
-451
-484
-507
-522
-527
-523
-510
-491
-464
-432
-396
-355
-313
-268
-221
-174
-127
-80
-33
12
56
99
140
179
214
246
275
299
318
333
343
348
349
345
338
327
313
297
279
259
238
216
193
169
144
118
91
63
35
6
-21
-48
-74
-97
-117
-133
-144
-151
-153
-151
-145
-136
-125
-113
-102
-91
-82
-75
-71
-68
-68
-70
-72
-75
-76
-76
-73
-68
-59
-47
-31
-13
7
29
52
75
97
118
136
153
167
178
187
194
198
201
203
205
206
207
208
210
211
212
213
212
209
202
192
176
156
130
98
62
21
-21
-67
-111
-154
-193
-226
-252
-269
-277
-276
-264
-244
-215
-180
-139
-95
-50
-5
36
75
108
136
157
172
181
183
181
173
162
147
130
113
94
77
61
47
36
27
21
18
16
15
15
15
14
11
6
-1
-11
-23
-37
-52
-67
-81
-93
-102
-106
-105
-98
-85
-65
-41
-12
18
51
84
115
143
166
185
197
204
206
202
194
182
168
151
133
115
96
78
61
44
27
11
-5
-21
-38
-55
-71
-88
-102
-116
-126
-133
-135
-132
-124
-111
-92
-69
-43
-15
13
40
65
84
98
104
103
93
76
51
19
-16
-55
-96
-135
-172
-205
-232
-252
-266
-272
-271
-263
-249
-230
-208
-184
-160
-136
-115
-98
-84
-76
-73
-74
-81
-90
-103
-117
-132
-146
-158
-167
-172
-172
-168
-158
-144
-125
-102
-77
-49
-21
5
32
56
78
97
112
125
135
142
148
152
156
158
160
161
162
162
161
160
159
156
151
146
138
128
115
100
82
61
39
14
-10
-35
-59
-80
-97
-111
-119
-121
-117
-107
-92
-73
-50
-25
0
25
47
65
78
85
85
78
63
42
14
-18
-55
-96
-140
-184
-227
-269
-307
-340
-368
-388
-401
-405
-400
-386
-365
-335
-298
-256
-209
-158
-105
-51
1
52
101
145
184
218
246
268
285
297
304
307
307
305
301
296
290
282
272
260
245
228
207
183
156
125
93
60
26
-6
-37
-64
-87
-104
-116
-120
-118
-110
-96
-77
-54
-29
-4
20
44
64
82
95
105
111
113
112
108
103
95
87
78
69
60
51
42
33
24
15
7
0
-9
-16
-24
-30
-35
-39
-41
-41
-38
-34
-28
-20
-11
-2
5
12
16
18
16
9
-1
-17
-37
-61
-87
-114
-141
-167
-189
-206
-219
-224
-223
-216
-201
-181
-155
-125
-92
-57
-22
11
43
72
97
117
133
144
151
154
156
156
156
157
160
165
172
182
194
207
220
233
245
254
260
263
261
255
245
231
213
192
168
143
116
88
59
31
3
-23
-49
-73
-95
-115
-133
-149
-163
-176
-188
-200
-211
-221
-231
-241
-249
-256
-259
-260
-256
-247
-233
-213
-189
-160
-129
-95
-60
-26
6
36
63
86
105
120
132
141
147
152
156
158
160
161
161
158
153
144
131
113
89
60
27
-10
-50
-92
-133
-173
-208
-238
-262
-278
-286
-286
-278
-262
-240
-211
-177
-139
-98
-56
-13
28
68
105
138
165
186
200
207
206
199
186
167
144
119
92
65
40
18
0
-11
-18
-18
-12
-1
14
33
56
80
104
127
147
165
179
189
195
196
193
186
176
162
146
128
107
84
58
31
1
-30
-64
-99
-136
-174
-212
-249
-284
-317
-347
-372
-393
-407
-416
-417
-412
-401
-384
-361
-334
-304
-270
-235
-199
-162
-124
-87
-49
-11
27
66
106
147
188
227
266
301
333
359
380
393
400
399
392
380
364
346
329
312
299
290
285
284
286
291
296
299
300
295
284
265
237
201
157
104
46
-17
-85
-155
-224
-293
-358
-418
-472
-519
-557
-585
-603
-611
-607
-594
-570
-538
-499
-453
-401
-347
-289
-231
-173
-115
-59
-5
44
92
136
174
208
236
257
271
277
274
263
244
216
180
137
88
36
-19
-75
-131
-183
-231
-273
-309
-337
-357
-370
-376
-375
-368
-355
-338
-318
-295
-269
-242
-215
-187
-159
-132
-104
-76
-46
-16
16
51
90
131
175
220
266
311
353
390
420
442
455
456
447
427
397
358
312
261
208
154
103
57
17
-14
-37
-53
-60
-62
-58
-51
-42
-34
-28
-24
-22
-24
-28
-33
-39
-44
-48
-48
-45
-37
-25
-8
12
37
65
95
126
157
187
214
238
257
270
277
278
272
258
238
211
178
138
94
44
-8
-64
-122
-181
-238
-292
-342
-386
-423
-450
-467
-472
-466
-447
-417
-376
-325
-267
-204
-139
-74
-12
43
91
130
158
176
184
183
175
163
148
134
122
115
115
121
136
157
185
218
255
292
329
363
393
417
434
444
448
446
440
430
418
406
394
383
374
367
361
356
350
343
332
317
295
267
231
187
134
75
9
-62
-137
-213
-289
-361
-429
-488
-538
-577
-604
-617
-617
-604
-578
-539
-491
-434
-370
-302
-232
-162
-95
-32
23
73
114
148
173
191
201
207
207
204
199
192
184
176
167
158
149
139
129
118
106
94
81
67
53
40
27
14
3
-6
-15
-23
-31
-38
-46
-54
-63
-73
-84
-96
-109
-122
-134
-146
-157
-166
-173
-178
-181
-183
-185
-186
-187
-189
-192
-196
-200
-204
-208
-209
-207
-201
-190
-174
-151
-122
-88
-50
-8
34
77
117
153
183
205
217
219
209
187
155
113
62
6
-54
-115
-174
-229
-277
-316
-345
-363
-369
-364
-347
-320
-284
-242
-194
-143
-91
-40
8
54
96
133
167
196
223
248
273
298
324
351
380
408
437
463
485
501
509
507
494
469
431
381
318
244
161
71
-23
-120
-217
-310
-399
-481
-554
-616
-668
-708
-736
-752
-756
-749
-732
-705
-669
-626
-576
-520
-460
-395
-328
-259
-188
-117
-47
21
87
150
208
261
307
346
377
399
414
420
419
412
398
379
357
331
302
271
238
205
170
136
101
66
33
1
-28
-56
-80
-101
-118
-130
-137
-140
-139
-135
-127
-118
-108
-98
-89
-83
-79
-79
-81
-87
-94
-103
-112
-120
-126
-129
-128
-123
-114
-101
-83
-62
-38
-11
16
45
74
102
129
153
175
194
209
221
229
232
231
226
216
203
185
163
137
108
77
43
8
-27
-62
-96
-128
-155
-177
-193
-201
-199
-188
-167
-135
-93
-43
14
78
144
211
276
335
387
431
463
484
492
489
474
448
414
371
322
268
211
153
93
35
-20
-74
-123
-168
-209
-244
-274
-298
-317
-332
-342
-349
-353
-355
-357
-358
-359
-360
-362
-363
-361
-356
-345
-327
-300
-262
-214
-155
-86
-9
72
157
240
317
385
439
478
498
499
482
446
395
332
260
183
106
33
-32
-87
-128
-156
-169
-168
-154
-129
-98
-61
-23
12
44
70
87
95
95
85
69
46
21
-5
-31
-53
-70
-81
-84
-79
-67
-48
-24
3
32
62
89
112
130
142
146
142
132
116
94
70
44
18
-5
-26
-42
-52
-57
-57
-50
-39
-23
-4
16
38
60
80
97
110
117
118
111
98
76
48
15
-21
-60
-99
-136
-168
-193
-209
-216
-213
-199
-176
-144
-104
-59
-10
40
90
137
179
214
242
260
269
267
256
235
206
169
126
79
28
-23
-76
-127
-176
-221
-260
-294
-321
-341
-354
-360
-359
-353
-341
-325
-305
-283
-259
-234
-209
-185
-160
-136
-112
-89
-65
-42
-19
3
26
48
70
92
112
131
149
165
179
191
201
209
215
217
218
215
210
202
192
180
167
154
142
131
123
118
118
121
129
140
154
171
190
208
226
243
257
267
273
274
270
260
243
221
192
158
119
77
32
-13
-59
-102
-141
-174
-201
-220
-231
-233
-227
-214
-194
-170
-143
-115
-88
-64
-45
-33
-28
-31
-42
-60
-83
-110
-139
-166
-190
-207
-216
-215
-202
-177
-140
-92
-35
29
97
166
232
292
342
379
401
405
393
362
314
251
174
88
-6
-104
-202
-298
-388
-470
-542
-603
-650
-685
-708
-718
-717
-706
-686
-659
-624
-584
-540
-491
-440
-386
-329
-272
-214
-156
-99
-43
9
60
107
149
187
219
245
264
277
283
284
280
273
263
252
242
234
229
229
234
243
257
275
295
316
336
354
367
374
374
365
347
320
284
241
192
139
84
31
-18
-63
-100
-130
-150
-162
-165
-160
-149
-133
-113
-92
-71
-50
-31
-14
0
11
21
29
36
42
47
52
56
58
60
59
56
50
40
27
9
-11
-35
-62
-90
-118
-146
-172
-195
-214
-228
-238
-243
-243
-239
-232
-221
-208
-193
-177
-160
-143
-125
-108
-91
-74
-58
-42
-26
-10
4
19
35
51
68
86
106
127
150
174
200
226
251
275
295
312
323
327
324
312
292
263
225
180
128
71
11
-50
-112
-170
-224
-270
-307
-334
-349
-352
-343
-322
-291
-251
-203
-149
-93
-35
20
72
118
157
187
206
216
214
203
183
156
123
87
49
12
-21
-51
-75
-93
-105
-110
-110
-104
-95
-82
-66
-48
-29
-8
13
38
65
94
126
160
195
231
265
298
327
350
367
376
376
368
351
325
292
253
210
165
121
80
44
15
-4
-13
-12
-1
20
50
86
126
167
205
239
265
280
283
273
248
210
159
96
24
-53
-133
-214
-292
-363
-425
-476
-515
-542
-557
-560
-555
-542
-525
-507
-490
-476
-467
-464
-466
-473
-483
-493
-502
-505
-499
-483
-453
-409
-348
-272
-181
-77
35
155
277
395
507
606
690
754
797
817
815
790
746
686
612
530
442
353
267
186
114
53
2
-35
-61
-77
-81
-78
-67
-51
-31
-11
9
27
42
53
59
59
54
44
30
11
-9
-34
-59
-87
-115
-144
-175
-207
-240
-276
-313
-353
-394
-435
-476
-513
-547
-573
-590
-595
-586
-561
-521
-463
-390
-304
-206
-101
6
114
216
308
388
453
