356
389
421
450
475
495
509
517
517
509
492
467
433
391
343
288
228
165
100
35
-27
-87
-143
-193
-236
-272
-301
-322
-336
-343
-343
-339
-330
-319
-307
-294
-282
-272
-265
-261
-260
-262
-268
-275
-284
-294
-303
-310
-314
-314
-308
-296
-277
-252
-219
-181
-137
-91
-43
4
50
91
127
156
178
192
199
200
195
186
175
161
148
135
124
115
109
106
106
108
113
120
128
137
148
158
169
179
189
198
207
214
220
225
228
230
230
229
225
221
214
207
197
186
172
156
137
113
86
55
21
-15
-55
-94
-134
-171
-205
-235
-260
-280
-294
-302
-304
-300
-292
-278
-259
-237
-211
-183
-153
-122
-91
-61
-33
-6
16
37
56
70
82
91
96
99
99
96
90
82
72
61
47
34
20
7
-4
-14
-21
-25
-25
-22
-15
-6
5
17
28
38
45
47
45
36
22
1
-24
-54
-88
-124
-161
-196
-229
-257
-281
-298
-308
-311
-305
-292
-272
-246
-214
-177
-137
-95
-52
-9
31
71
107
140
169
193
212
228
239
247
253
256
258
260
260
261
261
260
257
253
246
236
224
208
188
165
140
112
81
50
17
-14
-46
-76
-104
-130
-152
-170
-185
-195
-202
-204
-203
-198
-190
-179
-165
-150
-133
-115
-97
-80
-64
-51
-40
-33
-29
-29
-33
-39
-47
-57
-67
-77
-84
-90
-92
-90
-85
-75
-62
-46
-27
-6
14
36
57
77
95
110
123
133
141
146
149
150
149
145
140
132
121
108
92
74
53
30
6
-18
-43
-66
-88
-107
-122
-133
-140
-142
-139
-132
-120
-104
-85
-64
-40
-14
11
38
65
92
118
145
172
200
229
259
291
325
359
394
429
461
489
512
527
533
529
512
484
442
389
325
251
170
83
-6
-97
-187
-273
-354
-428
-494
-551
-598
-635
-661
-677
-683
-679
-666
-645
-616
-581
-540
-496
-447
-397
-344
-291
-238
-185
-133
-83
-35
10
52
92
127
159
187
210
228
243
253
259
262
261
258
253
246
238
230
222
214
207
200
194
188
182
176
168
158
147
133
117
98
77
55
30
5
-20
-47
-72
-97
-121
-142
-161
-177
-190
-199
-205
-206
-204
-198
-188
-176
-161
-145
-127
-109
-91
-74
-59
-47
-37
-30
-27
-26
-28
-33
-39
-46
-54
-62
-69
-75
-79
-82
-83
-82
-80
-76
-72
-66
-61
-56
-51
-47
-43
-40
-37
-33
-29
-23
-16
-7
3
16
31
46
62
78
92
105
116
123
127
128
125
118
108
96
82
66
50
34
20
7
-2
-9
-13
-12
-8
0
10
23
39
56
73
90
105
119
130
137
142
143
140
135
126
116
104
92
80
70
62
55
52
51
53
56
61
66
70
73
73
70
62
49
30
6
-23
-59
-99
-142
-187
-232
-275
-314
-347
-372
-388
-394
-390
-374
-348
-311
-267
-214
-157
-95
-32
29
89
144
195
238
274
302
323
336
343
343
339
331
321
308
294
279
264
249
234
220
205
190
175
159
142
126
109
92
77
63
51
42
36
32
31
32
36
40
45
51
55
59
61
62
62
60
56
52
47
41
34
26
17
7
-4
-18
-34
-52
-73
-95
-119
-143
-168
-192
-215
-237
-256
-272
-286
-296
-303
-307
-307
-304
-299
-290
-279
-264
-247
-226
-203
-177
-149
-119
-88
-57
-26
3
30
54
73
88
97
101
99
92
80
65
48
30
13
-1
-13
-20
-22
-19
-9
6
27
52
79
108
138
165
190
210
226
237
241
240
234
223
207
189
168
145
122
99
76
55
33
13
-6
-25
-44
-63
-81
-99
-117
-133
-148
-161
-172
-179
-183
-183
-179
-171
-158
-142
-121
-98
-73
-47
-22
0
19
32
38
36
25
4
-26
-65
-113
-168
-228
-292
-358
-424
-487
-546
-600
-645
-682
-708
-723
-725
-714
-689
-651
-601
-538
-464
-381
-290
-194
-95
4
102
196
283
363
433
494
545
585
617
640
656
666
671
673
673
670
667
663
657
650
641
628
611
588
560
526
485
437
385
327
267
205
143
83
26
-24
-70
-110
-144
-171
-192
-208
-220
-229
-235
-239
-242
-244
-246
-247
-248
-249
-249
-249
-249
-248
-247
-246
-244
-242
-240
-236
-232
-227
-220
-211
-201
-188
-172
-155
-135
-113
-89
-64
-38
-11
14
39
62
84
104
121
135
146
155
162
166
168
168
168
167
165
163
162
161
161
161
162
164
166
169
171
174
177
179
181
182
183
182
180
176
171
165
157
147
136
124
110
96
81
66
50
35
20
6
-6
-18
-29
-38
-46
-53
-58
-62
-66
-68
-70
-72
-74
-76
-79
-83
-88
-95
-102
-111
-122
-133
-144
-156
-168
-178
-187
-194
-198
-200
-199
-195
-188
-180
-169
-156
-142
-128
-113
-99
-86
-75
-65
-56
-50
-46
-43
-41
-40
-39
-38
-37
-35
-32
-28
-23
-16
-7
2
13
25
38
52
65
78
89
99
106
111
113
113
110
105
97
88
76
63
49
33
17
-1
-20
-41
-64
-88
-114
-141
-169
-198
-227
-254
-280
-302
-319
-332
-338
-337
-329
-313
-291
-262
-228
-189
-147
-102
-56
-10
34
78
120
159
196
231
263
293
321
348
372
394
413
429
441
448
448
442
428
406
376
338
293
243
189
132
74
17
-36
-86
-130
-169
-201
-227
-246
-260
-268
-272
-273
-272
-269
-266
-262
-259
-256
-253
-249
-245
-240
-232
-223
-211
-197
-181
-162
-143
-123
-102
-81
-61
-42
-24
-6
9
25
40
55
69
83
96
109
121
132
142
149
155
159
161
161
159
155
150
144
137
130
124
119
115
113
112
113
116
122
129
137
147
157
168
177
186
193
198
200
199
195
187
176
162
146
128
109
89
69
51
34
18
6
-4
-13
-19
-25
-31
-36
-44
-53
-66
-82
-102
-125
-153
-184
-217
-250
-283
-314
-341
-363
-378
-385
-384
-375
-357
-330
-297
-259
-217
-173
-129
-87
-48
-14
13
36
53
64
71
74
74
74
73
72
73
76
81
86
93
101
108
115
120
123
124
123
119
113
106
98
89
82
75
70
67
66
67
69
73
77
81
84
86
86
83
77
69
58
46
32
18
4
-8
-19
-27
-33
-35
-33
-29
-22
-13
-4
5
14
22
28
30
30
27
21
12
1
-11
-25
-40
-54
-67
-79
-89
-97
-102
-105
-106
-104
-101
-95
-89
-81
-72
-63
-54
-44
-35
-26
-18
-10
-3
3
10
17
23
30
37
44
51
58
65
71
76
80
83
84
84
82
78
73
67
61
54
49
44
40
39
40
42
47
54
61
69
77
83
87
88
85
79
67
52
33
11
-12
-38
-63
-88
-110
-129
-145
-156
-163
-164
-160
-151
-139
-123
-105
-85
-65
-46
-28
-13
-1
7
13
15
15
11
6
-1
-9
-18
-27
-36
-44
-51
-55
-57
-56
-53
-46
-36
-23
-7
9
27
46
65
82
98
110
119
125
126
123
116
105
90
73
55
35
14
-4
-22
-37
-50
-60
-67
-71
-73
-74
-73
-74
-75
-79
-85
-94
-106
-120
-136
-153
-169
-183
-195
-202
-204
-201
-191
-175
-153
-126
-94
-59
-23
11
45
74
98
115
123
123
113
95
68
35
-3
-45
-88
-131
-171
-206
-236
-258
-273
-279
-278
-270
-255
-234
-209
-181
-151
-121
-90
-59
-29
0
28
57
86
115
145
176
208
240
272
303
332
358
380
398
411
419
420
417
408
396
381
363
345
327
310
294
280
268
258
249
241
231
220
207
189
167
140
107
69
25
-22
-74
-128
-183
-236
-286
-332
-371
-402
-424
-438
-441
-436
-422
-401
-373
-341
-305
-267
-228
-189
-150
-113
-77
-41
-6
28
64
101
140
181
225
270
317
363
408
450
487
517
537
546
543
526
494
448
388
316
233
143
47
-50
-145
-237
-320
-393
-453
-499
-530
-544
-544
-529
-501
-462
-413
-358
-297
-234
-170
-107
-48
6
56
100
137
167
191
207
217
222
221
216
208
196
183
167
151
134
117
100
84
67
49
32
14
-3
-22
-41
-61
-80
-98
-115
-129
-139
-146
-148
-144
-135
-122
-104
-82
-58
-33
-9
13
32
47
57
61
58
50
35
15
-9
-38
-69
-102
-134
-166
-195
-220
-242
-258
-269
-275
-276
-272
-265
-254
-241
-226
-210
-195
-180
-166
-153
-142
-131
-121
-112
-104
-95
-87
-77
-67
-57
-46
-34
-23
-11
0
9
18
25
32
38
43
49
54
61
68
75
84
92
101
108
115
119
120
118
112
103
89
72
51
27
2
-23
-48
-71
-90
-104
-113
-114
-108
-93
-72
-44
-10
27
67
108
147
183
214
239
256
265
266
259
244
223
196
166
133
100
67
37
11
-9
-24
-34
-37
-34
-26
-14
1
20
39
58
75
89
100
106
108
106
98
87
72
55
36
16
-2
-20
-36
-50
-60
-66
-69
-68
-64
-57
-49
-39
-29
-20
-11
-4
0
2
2
0
-3
-9
-17
-26
-37
-48
-60
-71
-82
-93
-102
-109
-115
-118
-119
-117
-112
-105
-94
-80
-62
-42
-17
10
41
75
112
150
190
231
272
312
350
387
419
448
472
490
501
505
501
489
468
440
404
363
316
267
215
163
113
65
20
-19
-54
-84
-109
-130
-146
-159
-169
-177
-184
-189
-195
-201
-208
-215
-225
-235
-246
-258
-270
-281
-291
-300
-305
-307
-306
-301
-291
-278
-261
-241
-218
-194
-168
-143
-119
-97
-77
-61
-47
-38
-32
-29
-30
-34
-40
-50
-62
-76
-93
-111
-132
-153
-176
-199
-222
-244
-263
-278
-288
-292
-289
-277
-257
-227
-188
-139
-83
-20
48
120
193
265
335
399
456
504
543
570
586
590
583
565
538
502
460
412
361
309
255
203
152
103
58
16
-21
-56
-87
-114
-138
-160
-178
-194
-207
-219
-228
-237
-243
-249
-254
-259
-264
-269
-274
-279
-285
-291
-296
-301
-305
-307
-306
-302
-294
-281
-263
-239
-211
-178
-142
-101
-59
-16
26
67
107
143
175
202
225
243
257
267
273
277
278
277
275
272
268
263
258
251
243
234
223
209
194
177
158
139
119
100
81
65
51
39
30
24
19
16
15
14
13
11
9
5
0
-7
-16
-26
-37
-50
-62
-74
-86
-96
-104
-111
-116
-118
-119
-119
-118
-117
-116
-116
-117
-119
-122
-127
-133
-139
-145
-150
-154
-157
-157
-155
-150
-142
-132
-120
-107
-92
-76
-60
-45
-30
-17
-5
5
13
19
23
25
25
23
18
12
4
-5
-16
-27
-39
-50
-59
-67
-71
-73
-70
-63
-53
-39
-21
-1
19
41
63
83
100
115
127
134
138
139
136
130
122
112
101
90
78
67
56
47
39
31
25
20
