-1385
-1272
-1131
-966
-784
-592
-396
-204
-23
140
281
395
479
531
549
536
493
423
332
223
102
-25
-154
-280
-399
-508
-603
-684
-750
-801
-838
-860
-871
-870
-859
-839
-809
-771
-725
-670
-608
-538
-461
-378
-290
-199
-104
-8
88
184
281
376
471
565
659
754
849
944
1040
1136
1231
1324
1412
1493
1565
1625
1670
1698
1706
1694
1662
1610
1542
1459
1367
1270
1171
1076
987
907
836
776
726
682
643
605
566
522
471
412
344
267
181
89
-6
-104
-200
-293
-379
-456
-524
-581
-628
-664
-693
-715
-733
-750
-768
-788
-814
-846
-885
-931
-983
-1040
-1101
-1164
-1225
-1282
-1334
-1376
-1408
-1428
-1434
-1426
-1404
-1369
-1322
-1265
-1200
-1127
-1050
-970
-887
-804
-721
-640
-559
-481
-405
-332
-261
-192
-126
-61
0
62
122
183
243
303
363
424
485
546
605
663
719
771
820
864
903
936
962
981
992
994
988
972
946
910
863
807
741
666
584
497
407
316
228
144
66
-1
-61
-110
-149
-178
-199
-212
-219
-222
-221
-218
-214
-210
-206
-204
-204
-205
-208
-212
-217
-223
-227
-229
-229
-226
-219
-207
-192
-173
-150
-123
-94
-61
-27
7
43
79
114
147
177
204
225
242
253
257
254
245
228
206
177
142
102
57
7
-44
-99
-155
-210
-263
-311
-352
-384
-406
-416
-412
-395
-365
-323
-271
-212
-148
-83
-21
36
85
123
149
161
161
147
123
89
49
5
-40
-83
-124
-161
-192
-219
-243
-265
-288
-314
-346
-385
-433
-489
-552
-621
-692
-760
-822
-872
-906
-920
-911
-877
-819
-738
-635
-516
-385
-248
-110
21
145
255
348
425
484
527
555
571
577
577
573
567
560
551
542
531
516
498
474
445
411
372
331
289
251
218
196
187
192
216
256
314
387
472
565
663
760
851
932
999
1049
1079
1088
1077
1044
991
921
835
735
624
505
380
251
120
-10
-140
-267
-391
-512
-627
-738
-843
-941
-1033
-1117
-1192
-1256
-1307
-1344
-1365
-1368
-1352
-1316
-1258
-1181
-1085
-972
-845
-707
-563
-417
-272
-133
-2
116
222
314
392
454
503
538
561
572
571
560
538
504
459
403
335
256
169
74
-24
-122
-217
-303
-376
-432
-466
-477
-463
-422
-356
-268
-161
-40
88
220
348
466
569
653
714
751
763
753
723
678
621
560
500
447
407
385
382
402
442
500
574
656
740
818
882
925
940
921
865
769
635
463
260
32
-212
-465
-715
-953
-1168
-1354
-1502
-1608
-1668
-1683
-1653
-1580
-1472
-1332
-1169
-990
-802
-613
-428
-253
-91
54
182
291
383
457
516
560
591
609
616
611
595
568
530
479
415
338
248
145
29
-95
-229
-365
-502
-633
-753
-857
-941
-1001
-1033
-1037
-1012
-959
-880
-778
-657
-522
-376
-224
-71
80
227
367
498
618
725
820
900
966
1016
1050
1069
1071
1057
1028
983
923
851
766
672
569
460
349
236
126
20
-77
-166
-245
-312
-366
-410
-443
-469
-489
-507
-525
-547
-575
-611
-655
-705
-761
-820
-878
-931
-974
-1003
-1016
-1009
-980
-929
-857
-765
-656
-535
-404
-271
-139
-13
102
205
293
366
425
472
510
544
576
610
650
698
753
815
883
955
1029
1102
1173
1239
1301
1357
1408
1454
1496
1533
1565
1592
1610
1619
1616
1597
1560
1501
1419
1311
1176
1015
829
621
394
154
-93
-341
-583
-812
-1021
-1203
-1354
-1471
-1551
-1594
-1601
-1575
-1521
-1442
-1346
-1236
-1121
-1004
-890
-784
-687
-603
-531
-470
-420
-380
-345
-315
-287
-259
-229
-197
-162
-125
-88
-51
-18
8
27
36
34
19
-7
-46
-94
-151
-213
-278
-342
-404
-461
-510
-549
-578
-595
-600
-592
-572
-541
-499
-447
-386
-317
-241
-158
-70
22
120
220
324
429
537
646
756
869
985
1103
1225
1351
1482
1616
1754
1893
2031
2164
2289
2399
2490
2555
2587
2581
2531
2435
2288
2092
1848
1560
1234
877
500
111
-278
-659
-1021
-1355
-1655
-1914
-2128
-2295
-2415
-2488
-2517
-2505
-2458
-2381
-2279
-2160
-2027
-1889
-1748
-1610
-1479
-1357
-1247
-1151
-1068
-1000
-945
-901
-867
-840
-817
-794
-768
-735
-693
-639
-572
-491
-397
-292
-180
-64
51
161
263
350
422
475
509
525
524
510
486
456
424
394
369
351
339
333
332
332
330
322
304
276
234
178
110
32
-52
-141
-228
-310
-383
-443
-488
-517
-530
-526
-507
-476
-435
-385
-331
-275
-218
-163
-111
-63
-20
19
53
84
112
138
162
186
210
236
263
294
327
364
404
447
493
541
588
634
676
711
737
751
752
737
705
656
589
506
408
299
180
55
-70
-192
-307
-408
-493
-555
-593
-603
-585
-538
-464
-367
-251
-122
11
142
263
366
445
495
512
495
447
368
265
144
12
-123
-254
-374
-476
-555
-608
-635
-633
-607
-558
-491
-411
-322
-229
-136
-47
34
107
170
222
264
296
319
335
343
344
339
329
312
288
258
221
179
131
79
25
-27
-78
-122
-157
-181
-191
-185
-163
-123
-67
3
86
178
274
370
462
544
612
662
690
696
676
633
566
478
372
252
123
-8
-140
-264
-377
-472
-547
-596
-619
-613
-578
-515
-426
-314
-183
-38
116
274
430
578
713
831
929
1003
1053
1078
1080
1062
1025
976
917
852
785
719
655
592
530
468
401
327
242
145
32
-95
-238
-394
-558
-726
-892
-1050
-1192
-1312
-1405
-1468
-1498
-1494
-1458
-1394
-1306
-1201
-1085
-965
-848
-740
-646
-569
-513
-477
-459
-459
-470
-490
-512
-531
-541
-537
-514
-469
-400
-308
-192
-56
96
258
425
589
744
884
1003
1097
1163
1201
1211
1193
1151
1087
1007
913
812
708
606
510
423
350
293
254
234
232
247
278
322
375
433
491
545
589
619
632
624
593
539
462
364
249
119
-17
-159
-299
-432
-555
-665
-760
-842
-910
-967
-1016
-1060
-1103
-1147
-1195
-1246
-1301
-1358
-1415
-1467
-1512
-1545
-1563
-1563
-1542
-1499
-1435
-1350
-1246
-1126
-993
-850
-701
-547
-391
-234
-78
76
231
385
538
688
837
981
1120
1251
1372
1480
1573
1650
1707
1747
1767
1769
1756
1730
1693
1651
1607
1564
1528
1500
1484
1482
1493
1516
1551
1595
1643
1691
1736
1772
1796
1803
1791
1757
1698
1615
1507
1374
1217
1037
838
620
388
143
-109
-367
-627
-885
-1138
-1383
-1617
-1838
-2044
-2232
-2401
-2549
-2675
-2777
-2853
-2902
-2924
-2919
-2885
-2826
-2741
-2634
-2507
-2364
-2208
-2042
-1869
-1693
-1514
-1336
-1159
-985
-814
-648
-486
-328
-176
-28
112
248
376
496
607
707
794
867
926
970
998
1011
1012
1001
983
959
934
911
892
880
876
880
892
910
932
954
974
988
994
988
970
939
894
837
769
692
608
520
431
341
253
166
82
0
-82
-165
-249
-335
-423
-513
-603
-691
-774
-850
-915
-967
-1003
-1021
-1021
-1004
-970
-923
-866
-801
-732
-662
-595
-532
-476
-426
-384
-349
-321
-299
-283
-271
-263
-258
-254
-251
-247
-240
-228
-210
-183
-145
-95
-32
42
129
225
328
433
536
632
717
785
834
860
862
840
795
731
650
556
455
350
245
145
52
-31
-106
-169
-223
-269
-306
-338
-364
-387
-406
-422
-434
-443
-446
-444
-435
-420
-397
-368
-333
-294
-254
-214
-177
-146
-123
-109
-105
-112
-129
-155
-188
-226
-266
-305
-342
-375
-401
-419
-430
-433
-428
-416
-397
-371
-341
-305
-265
-221
-172
-120
-63
-1
64
135
210
291
376
466
561
658
758
859
959
1056
1148
1231
1304
1362
1404
1427
1430
1412
1375
1320
1249
1166
1076
984
895
813
743
686
645
618
606
604
609
617
624
625
617
598
567
523
470
409
345
281
223
175
140
122
120
135
164
205
252
300
343
374
389
383
354
301
224
125
9
-118
-254
-391
-523
-646
-756
-849
-925
-983
-1024
-1052
-1068
-1078
-1083
-1087
-1094
-1104
-1119
-1137
-1160
-1184
-1209
-1233
-1254
-1271
-1283
-1291
-1294
-1294
-1290
-1285
-1277
-1268
-1258
-1247
-1233
-1216
-1194
-1166
-1131
-1085
-1029
-959
-876
-777
-662
-530
-381
-217
-37
155
360
572
788
1004
1215
1414
1597
1758
1894
1999
2073
2113
2120
2097
2047
1973
1883
1781
1674
1568
1467
1376
1298
1233
1181
1142
1113
1089
1066
1040
1005
958
893
809
702
572
420
246
54
-151
-367
-587
-805
-1015
-1212
-1388
-1538
-1659
-1747
-1800
-1816
-1798
-1748
-1670
-1568
-1451
-1324
-1194
-1070
-956
-859
-784
-732
-705
-702
-722
-759
-810
-868
-926
-976
-1013
-1030
-1024
-991
-930
-843
-732
-604
-463
-316
-172
-38
79
174
243
280
286
260
205
125
24
-88
-207
-323
-427
-511
-567
-592
-579
-529
-442
-322
-172
-1
185
379
573
759
931
1084
1214
1317
1393
1441
1461
1456
1429
1382
1321
1248
1168
1085
1001
921
844
772
704
638
574
509
440
365
283
192
93
-13
-127
-245
-366
-486
-602
-711
-809
-895
-965
-1018
-1053
-1070
-1070
-1053
-1023
-982
-934
-880
-824
-768
-713
-658
-603
-546
-484
-413
-333
-239
-132
-12
121
263
412
562
707
844
967
1072
1155
1216
1251
1264
1254
1224
1180
1124
1061
996
934
876
827
786
754
729
709
690
670
645
613
571
520
460
392
319
245
175
112
62
29
16
25
60
118
199
301
418
545
676
803
921
1021
1098
1148
1166
1152
1104
1026
920
791
645
488
328
170
22
-111
-227
-322
-396
-448
-481
-499
-504
-504
-502
-503
-512
-533
-569
-622
-693
-782
-889
-1011
-1145
-1288
-1436
-1581
-1720
-1846
-1955
-2040
-2099
-2128
-2126
-2092
-2029
-1938
-1822
-1685
-1532
-1365
-1189
-1008
-824
-640
-459
-281
-110
54
209
354
487
607
711
800
872
928
967
990
998
993
975
946
907
860
804
741
672
595
514
427
338
247
159
75
0
-62
-109
-138
-146
-132
-95
-37
40
135
245
365
491
618
744
863
974
1072
1155
1223
1273
1306
1321
1318
1298
1262
1212
1148
1072
988
897
802
705
608
512
418
326
235
146
56
-35
-131
-231
-336
-447
-564
-685
-809
-934
-1057
-1175
-1285
-1384
-1468
-1536
-1585
-1613
-1621
-1608
-1576
-1527
-1463
-1387
-1303
-1212
-1118
-1023
-929
-836
-747
-661
-579
-502
-429
-361
-298
-241
-191
-147
-112
-84
-66
-55
-52
-56
-64
-75
-87
-97
-102
-102
-95
-79
-57
-28
4
39
73
103
126
140
142
133
111
77
33
-18
-75
-134
-191
-243
-286
-318
-336
-339
-327
-300
-259
-206
-144
-75
-4
65
132
192
242
282
312
330
339
339
332
320
305
289
273
257
244
235
230
233
243
265
297
343
402
473
556
647
744
842
936
1023
1097
1153
1188
1197
1179
1132
1055
951
822
671
503
325
143
-36
-208
-366
-505
-622
-715
-783
-825
-842
-836
-808
-762
-699
-622
-532
-432
-323
-207
-84
44
176
312
450
588
724
858
988
1112
1228
1334
1427
1507
1570
1613
1634
1629
1597
1534
1440
1313
1154
963
743
498
232
-49
-340
-635
-926
-1207
-1472
-1716
-1934
-2123
-2283
-2412
-2513
-2587
-2639
-2673
-2693
-2702
-2703
-2698
-2688
-2670
-2640
-2596
-2532
-2443
-2323
-2169
-1980
-1754
