108
98
78
50
13
-31
-82
-138
-197
-255
-311
-362
-405
-439
-462
-473
-473
-460
-437
-404
-364
-318
-268
-217
-167
-118
-74
-34
0
28
51
68
82
91
99
105
112
119
128
139
152
167
183
199
214
228
240
248
252
251
246
236
221
201
179
154
127
101
75
52
33
18
8
2
2
7
15
26
39
53
65
77
85
91
93
92
87
79
69
57
45
33
22
12
4
-1
-7
-11
-15
-19
-25
-32
-42
-55
-71
-91
-113
-137
-163
-189
-216
-241
-265
-287
-305
-321
-332
-340
-344
-343
-339
-332
-321
-307
-291
-273
-254
-233
-211
-188
-165
-141
-117
-94
-71
-48
-26
-5
15
36
56
76
97
117
137
156
176
194
211
227
240
251
260
265
267
266
261
252
240
225
207
187
165
143
121
100
82
66
54
45
41
42
46
55
67
82
98
115
132
147
160
169
174
174
169
159
145
126
105
83
59
36
15
-4
-21
-36
-48
-59
-68
-77
-86
-95
-106
-117
-131
-145
-161
-176
-191
-204
-214
-221
-224
-221
-212
-198
-178
-154
-125
-94
-63
-31
-2
23
45
62
73
78
78
74
66
55
43
29
15
1
-12
-25
-37
-49
-60
-72
-83
-94
-106
-117
-127
-137
-146
-152
-156
-156
-153
-146
-136
-122
-106
-86
-65
-42
-18
5
30
54
77
100
121
142
161
180
196
210
222
232
238
240
239
234
224
210
193
171
146
118
88
56
23
-10
-42
-74
-103
-128
-150
-168
-181
-189
-192
-190
-183
-172
-158
-141
-122
-102
-82
-62
-44
-27
-13
-2
6
12
15
16
16
14
10
7
3
0
-1
-1
0
1
5
11
18
26
34
43
51
57
62
64
64
60
54
44
31
16
0
-17
-35
-51
-65
-76
-84
-88
-87
-82
-72
-58
-40
-18
5
32
59
87
113
138
160
178
193
203
208
209
205
196
183
166
145
121
94
64
32
0
-34
-66
-97
-125
-149
-169
-182
-189
-188
-180
-164
-139
-107
-69
-24
24
75
129
181
232
279
322
359
389
411
426
433
432
423
407
383
353
316
273
225
173
117
59
0
-59
-118
-175
-227
-275
-317
-351
-376
-392
-397
-393
-378
-354
-321
-280
-235
-185
-134
-83
-34
10
50
83
110
129
141
146
146
140
129
116
100
83
65
46
29
12
-3
-18
-32
-46
-59
-71
-84
-98
-113
-131
-150
-173
-200
-230
-265
-304
-347
-393
-442
-492
-543
-591
-636
-676
-708
-732
-744
-745
-733
-708
-669
-617
-552
-478
-394
-303
-209
-112
-17
75
163
245
320
387
447
499
544
583
617
648
676
701
725
748
770
791
809
825
838
845
847
843
831
810
782
745
701
648
589
523
452
378
300
220
140
61
-14
-87
-155
-218
-273
-321
-361
-394
-419
-437
-448
-454
-456
-455
-451
-447
-444
-443
-445
-450
-460
-474
-491
-512
-536
-560
-584
-605
-623
-636
-643
-643
-635
-620
-597
-567
-530
-487
-440
-388
-333
-276
-218
-160
-103
-47
7
59
109
157
202
244
282
316
345
369
387
397
401
396
385
366
341
310
275
238
199
161
125
93
65
43
28
21
20
28
42
63
89
120
154
190
226
263
297
330
359
385
407
425
439
447
451
450
442
429
410
384
352
315
273
228
179
130
81
33
-11
-52
-88
-120
-146
-168
-186
-200
-213
-224
-236
-248
-261
-276
-291
-306
-320
-333
-343
-349
-351
-348
-340
-326
-307
-284
-256
-225
-192
-157
-121
-85
-50
-17
13
42
69
92
112
128
142
152
159
162
163
161
157
151
144
136
128
120
112
105
100
96
93
91
89
87
83
78
71
60
46
29
9
-14
-39
-66
-93
-120
-145
-167
-185
-198
-206
-207
-202
-191
-175
-154
-129
-101
-71
-41
-10
18
45
69
90
107
120
129
133
131
125
113
97
76
51
22
-7
-39
-72
-103
-132
-157
-178
-193
-203
-206
-204
-196
-183
-166
-146
-124
-102
-79
-57
-37
-18
0
15
29
43
55
68
80
92
105
119
132
147
161
174
188
200
210
220
227
234
239
243
247
252
257
263
272
282
295
310
326
344
362
379
396
410
420
427
428
424
413
396
371
340
301
255
202
143
79
10
-61
-136
-212
-287
-360
-430
-494
-553
-604
-646
-680
-705
-720
-726
-724
-713
-694
-669
-637
-601
-560
-517
-472
-427
-382
-338
-296
-256
-219
-185
-154
-125
-98
-73
-48
-24
0
24
50
77
104
133
162
192
221
248
274
296
315
328
337
340
337
328
315
297
277
254
230
207
185
166
150
138
130
127
129
135
144
156
170
185
199
213
224
233
239
241
240
234
223
208
188
164
135
102
64
22
-22
-71
-121
-173
-225
-277
-327
-373
-416
-452
-483
-506
-520
-527
-524
-513
-492
-464
-428
-385
-336
-283
-227
-169
-110
-53
2
53
100
142
178
208
231
248
260
266
268
266
260
252
243
231
218
204
188
171
153
134
114
93
71
49
27
5
-15
-35
-53
-69
-83
-95
-104
-110
-113
-112
-109
-102
-92
-80
-64
-47
-27
-4
18
44
70
97
125
152
179
204
227
248
265
278
286
289
286
277
261
238
210
175
136
92
45
-3
-54
-105
-156
-207
-255
-301
-345
-385
-421
-452
-479
-499
-512
-516
-513
-499
-477
-444
-402
-352
-293
-229
-159
-87
-13
58
127
191
249
300
342
376
400
414
420
417
405
386
361
330
294
256
215
174
133
94
58
25
-3
-27
-46
-61
-71
-77
-79
-79
-76
-72
-68
-63
-59
-55
-53
-53
-53
-55
-58
-61
-65
-68
-70
-72
-72
-71
-68
-64
-58
-50
-41
-31
-19
-7
4
17
29
40
50
58
64
67
67
64
57
47
35
20
3
-13
-30
-44
-55
-62
-63
-58
-47
-29
-5
23
56
90
125
158
188
213
231
240
242
234
218
194
163
126
86
44
2
-38
-76
-110
-138
-160
-175
-182
-182
-175
-161
-141
-114
-83
-48
-10
27
64
98
127
150
164
169
163
146
119
81
35
-17
-74
-133
-191
-246
-294
-334
-364
-382
-388
-381
-362
-333
-294
-247
-194
-138
-80
-22
33
86
134
176
213
243
268
286
299
307
311
311
307
302
294
284
273
261
248
235
222
208
195
182
168
153
137
120
101
79
54
26
-4
-36
-71
-106
-141
-174
-203
-229
-248
-261
-266
-263
-253
-235
-212
-183
-150
-116
-81
-48
-17
8
28
43
51
54
51
43
32
19
6
-5
-13
-16
-14
-5
10
32
61
94
131
170
208
245
279
306
327
339
342
335
317
288
248
198
139
73
2
-71
-146
-220
-289
-351
-405
-449
-481
-501
-510
-507
-493
-469
-438
-400
-358
-313
-268
-223
-180
-141
-106
-76
-51
-31
-16
-6
0
2
3
1
-2
-6
-11
-17
-22
-26
-30
-32
-34
-35
-36
-36
-35
-34
-33
-31
-28
-24
-18
-11
-1
10
24
41
59
78
97
114
129
140
146
145
137
123
100
71
35
-5
-51
-99
-148
-196
-243
-286
-326
-359
-387
-408
-422
-428
-427
-417
-398
-370
-332
-285
-227
-160
-83
2
96
195
299
404
509
610
704
789
862
921
964
989
997
987
960
918
862
796
721
640
556
471
388
307
232
161
97
38
-12
-58
-99
-135
-167
-197
-225
-254
-283
-314
-346
-382
-420
-461
-503
-546
-589
-631
-670
-705
-734
-756
-769
-773
-767
-749
-721
-683
-636
-580
-518
-451
-382
-312
-243
-178
-117
-62
-13
27
61
88
109
124
134
141
145
147
149
150
152
156
160
165
171
178
185
191
197
201
204
206
206
204
202
199
197
194
192
192
193
197
202
210
221
234
250
267
287
308
329
351
372
392
410
424
434
440
440
434
422
404
379
348
310
268
220
169
114
58
0
-57
-114
-168
-219
-266
-307
-342
-371
-392
-407
-414
-416
-413
-405
-394
-382
-368
-355
-342
-330
-319
-309
-299
-289
-278
-265
-250
-231
-208
-181
-150
-114
-74
-32
12
58
104
148
190
227
259
285
304
316
321
318
308
291
267
237
202
163
120
74
27
-19
-66
-111
-154
-192
-225
-252
-273
-289
-297
-301
-299
-293
-285
-274
-263
-251
-239
-227
-215
-202
-188
-171
-151
-127
-98
-65
-28
11
53
95
135
172
205
230
248
258
259
251
236
213
185
153
118
82
46
13
-15
-40
-58
-70
-76
-74
-65
-49
-27
0
31
67
104
143
182
220
255
287
316
339
357
369
375
375
370
360
345
327
306
283
259
236
212
190
169
150
132
114
97
81
63
45
24
2
-23
-51
-81
-113
-147
-181
-214
-245
-273
-296
-314
-326
-332
-332
-326
-315
-298
-279
-256
-233
-209
-185
-162
-141
-122
-106
-91
-78
-66
-56
-46
-37
-27
-18
-8
0
10
20
29
37
45
51
55
56
56
53
48
41
34
26
20
16
15
17
23
33
47
64
84
105
127
148
166
181
192
198
199
194
184
169
150
128
104
78
53
28
5
-15
-34
-51
-65
-76
-85
-92
-98
-102
-104
-106
-107
-108
-108
-108
-109
-109
-111
-114
-118
-125
-133
-143
-156
-171
-188
-206
-224
-241
-257
-269
-277
-279
-275
-262
-242
-213
-177
-133
-83
-28
28
87
146
202
254
300
340
372
396
410
416
413
401
382
355
321
283
240
194
148
101
55
13
-25
-59
-87
-109
-124
-134
-138
-136
-132
-124
-115
-107
-99
-94
-92
-93
-100
-111
-126
-145
-167
-192
-217
-243
-267
-289
-306
-318
-322
-319
-307
-286
-256
-218
-171
-118
-59
2
67
131
193
250
300
341
371
389
393
384
362
328
284
234
180
126
75
31
-1
-23
-32
-27
-8
21
61
109
161
213
262
304
337
357
363
354
329
289
235
171
98
21
-58
-136
-210
-277
-336
-384
-422
-448
-463
-467
-462
-450
-430
-405
-376
-346
-314
-282
-251
-221
-192
-165
-138
-112
-87
-61
-36
-11
12
35
57
75
91
102
110
114
113
109
101
92
80
69
59
51
46
46
49
58
71
90
112
138
166
196
227
257
286
312
336
356
372
384
391
393
390
382
369
351
327
298
263
225
182
135
85
33
-20
-74
-127
-180
-229
-276
-319
-357
-391
-419
-443
-462
-477
-488
-495
-498
-497
-493
-483
-469
-449
-421
-387
-344
-292
-232
-164
-88
-8
75
161
244
324
397
460
513
554
581
596
597
586
564
532
492
445
393
338
280
220
159
98
37
-24
-85
-144
-202
-258
-310
-357
-399
-433
-459
-476
-482
-477
-460
-433
-396
-349
-294
-233
-168
-102
-36
25
81
129
167
193
208
209
198
175
141
98
49
-4
-60
-115
-167
-213
-253
-284
-307
-321
-327
-326
-318
