-452
-470
-478
-477
-467
-450
-427
-399
-367
-334
-301
-270
-240
-215
-194
-179
-169
-165
-168
-177
-193
-214
-240
-271
-307
-345
-384
-424
-462
-498
-528
-551
-567
-572
-566
-548
-517
-473
-416
-347
-268
-180
-87
9
106
200
288
366
434
488
527
551
561
555
537
507
468
423
373
323
275
232
198
173
161
161
174
199
235
279
327
378
427
472
510
539
556
561
555
536
505
465
416
360
298
233
167
101
38
-19
-72
-117
-153
-179
-195
-202
-198
-185
-164
-136
-101
-63
-22
18
57
92
122
143
156
158
149
130
99
59
11
-44
-103
-165
-226
-285
-339
-386
-425
-455
-476
-486
-487
-479
-462
-438
-407
-371
-331
-286
-239
-189
-138
-86
-33
19
72
125
178
231
283
335
386
435
482
526
566
602
633
657
672
679
675
659
630
587
528
454
364
259
140
10
-130
-276
-424
-570
-710
-837
-949
-1040
-1108
-1149
-1163
-1147
-1104
-1035
-943
-832
-706
-570
-430
-290
-154
-27
87
188
274
344
397
434
455
462
457
442
419
390
359
328
299
276
261
255
259
274
299
333
374
421
470
518
562
601
631
651
658
654
637
609
571
526
474
419
363
308
256
209
167
131
101
74
49
25
-3
-37
-80
-133
-199
-276
-366
-465
-573
-685
-799
-910
-1015
-1109
-1189
-1252
-1295
-1316
-1315
-1291
-1244
-1177
-1091
-989
-875
-751
-622
-489
-357
-227
-101
16
127
229
321
403
473
532
579
614
638
650
652
643
627
603
574
543
511
480
451
427
407
392
381
372
365
356
345
327
303
271
231
184
132
77
23
-24
-64
-90
-99
-89
-57
-5
67
157
261
374
491
605
711
804
879
932
960
963
939
890
818
726
615
491
356
215
70
-73
-213
-346
-470
-582
-679
-760
-824
-869
-895
-903
-892
-864
-819
-760
-688
-606
-515
-419
-319
-219
-119
-23
69
155
237
312
381
445
503
556
604
646
681
707
723
726
713
683
635
567
481
376
257
126
-11
-150
-285
-410
-520
-610
-677
-719
-734
-724
-689
-633
-560
-474
-381
-286
-193
-107
-32
29
76
107
121
120
105
77
39
-7
-60
-116
-174
-231
-287
-339
-386
-427
-461
-486
-502
-509
-505
-492
-470
-438
-399
-353
-301
-246
-190
-133
-79
-29
14
51
78
95
101
96
81
55
21
-19
-63
-108
-151
-187
-215
-232
-236
-228
-206
-172
-129
-79
-26
27
77
121
155
179
191
191
178
155
123
83
38
-9
-59
-107
-153
-195
-233
-266
-293
-314
-328
-337
-339
-334
-323
-306
-282
-253
-219
-181
-139
-95
-50
-4
39
81
121
157
189
217
242
263
280
294
305
312
315
313
306
292
270
240
201
154
100
41
-21
-84
-144
-199
-244
-277
-297
-304
-296
-277
-248
-211
-171
-131
-93
-60
-33
-12
1
10
15
19
23
28
38
51
69
92
118
145
173
198
219
232
235
227
207
175
131
78
18
-44
-107
-165
-216
-257
-285
-300
-303
-292
-270
-238
-199
-153
-102
-47
10
71
135
201
270
342
416
490
563
632
693
743
777
792
785
753
696
615
512
392
262
126
-5
-125
-228
-305
-352
-366
-345
-290
-204
-92
40
186
337
485
624
747
847
922
970
990
983
953
903
837
761
679
595
514
438
369
308
256
212
174
141
111
81
50
15
-24
-70
-123
-182
-246
-315
-385
-456
-524
-588
-644
-691
-727
-751
-762
-759
-742
-713
-671
-619
-558
-489
-414
-336
-257
-178
-101
-30
35
92
140
177
203
216
217
206
183
151
111
65
16
-32
-79
-121
-155
-179
-193
-194
-182
-158
-123
-78
-24
34
97
161
224
283
336
381
418
445
462
469
468
459
443
423
399
373
347
322
297
275
255
236
219
202
184
165
144
120
91
57
18
-27
-79
-137
-201
-270
-342
-414
-485
-553
-614
-666
-708
-737
-754
-758
-749
-731
-703
-669
-630
-589
-547
-505
-465
-426
-388
-350
-312
-273
-233
-192
-150
-108
-68
-31
0
25
41
48
44
30
5
-28
-69
-115
-164
-212
-255
-290
-315
-328
-326
-309
-279
-236
-183
-123
-59
4
66
123
172
214
247
271
289
301
308
311
312
312
309
304
295
281
260
230
189
136
70
-9
-103
-209
-325
-449
-575
-700
-820
-927
-1019
-1088
-1133
-1150
-1137
-1094
-1022
-924
-803
-666
-518
-366
-215
-74
51
157
240
297
326
330
310
269
214
149
81
14
-45
-92
-125
-141
-138
-118
-82
-32
28
96
168
241
312
377
435
484
523
552
572
582
584
580
570
556
539
522
505
490
478
470
468
471
480
496
517
544
575
609
644
678
707
729
741
740
725
693
643
576
493
394
283
163
36
-92
-220
-341
-453
-551
-633
-695
-737
-756
-755
-734
-695
-642
-578
-507
-432
-356
-283
-213
-148
-89
-35
13
58
100
140
178
216
254
292
332
373
415
458
502
546
589
631
669
703
730
750
760
759
746
719
678
624
556
477
389
293
193
92
-7
-101
-189
-267
-333
-388
-430
-460
-478
-485
-482
-471
-454
-432
-407
-380
-353
-326
-301
-278
-258
-241
-226
-213
-203
-194
-187
-181
-176
-171
-167
-163
-158
-153
-147
-139
-129
-117
-101
-81
-57
-26
9
53
103
161
225
295
371
449
530
610
687
760
826
884
931
966
990
1000
998
984
957
920
871
812
743
665
579
483
379
267
148
24
-104
-235
-365
-491
-608
-715
-806
-879
-933
-965
-977
-969
-943
-903
-853
-797
-740
-685
-637
-599
-573
-560
-561
-575
-602
-637
-680
-727
-775
-821
-862
-897
-923
-941
-951
-955
-954
-951
-948
-946
-947
-951
-958
-967
-975
-980
-979
-969
-947
-910
-858
-788
-701
-599
-481
-352
-213
-67
82
234
384
530
672
807
934
1052
1161
1260
1346
1421
1482
1529
1559
1572
1567
1542
1497
1432
1347
1245
1128
999
862
722
584
453
333
230
146
85
48
34
41
67
108
157
209
257
295
316
316
291
238
158
50
-79
-229
-392
-561
-729
-886
-1027
-1143
-1228
-1279
-1292
-1266
-1203
-1105
-978
-827
-661
-486
-312
-145
5
136
242
319
366
384
375
340
285
214
131
41
-50
-140
-226
-305
-374
-434
-484
-524
-554
-577
-592
-602
-607
-609
-608
-606
-604
-601
-598
-595
-593
-590
-586
-580
-570
-555
-533
-502
-461
-408
-342
-263
-170
-64
52
179
312
448
585
719
847
967
1076
1173
1258
1331
1393
1445
1488
1524
1554
1579
1599
1615
1627
1634
1635
1629
1613
1585
1544
1485
1409
1312
1193
1053
891
711
515
308
95
-118
-325
-519
-695
-849
-976
-1074
-1141
-1177
-1183
-1161
-1112
-1040
-946
-835
-710
-574
-431
-285
-139
1
135
257
365
455
527
579
609
619
609
580
535
476
406
329
246
163
80
2
-70
-134
-191
-239
-278
-310
-336
-357
-375
-393
-412
-432
-456
-483
-514
-548
-585
-623
-661
-698
-733
-765
-791
-812
-825
-830
-825
-809
-782
-744
-693
-631
-559
-479
-392
-302
-212
-127
-48
18
71
107
124
121
100
61
6
-58
-130
-203
-272
-329
-369
-387
-379
-343
-277
-185
-68
67
214
365
511
645
758
845
902
927
919
882
819
737
641
541
442
352
277
220
186
175
186
219
268
330
398
467
532
587
628
653
660
649
623
583
535
482
428
379
336
304
283
276
280
296
322
355
394
436
478
519
556
586
608
619
618
604
574
528
465
386
291
182
59
-73
-215
-363
-513
-665
-813
-957
-1093
-1219
-1335
-1438
-1528
-1605
-1668
-1717
-1753
-1776
-1787
-1787
-1775
-1751
-1717
-1671
-1615
-1547
-1469
-1380
-1281
-1173
-1057
-934
-806
-674
-541
-408
-276
-147
-21
99
215
327
434
536
633
724
810
890
962
1026
1080
1124
1155
1171
1173
1159
1128
1081
1018
941
853
755
651
546
443
345
258
183
124
83
59
54
66
93
134
184
240
297
352
400
437
459
464
448
411
352
271
170
51
-80
-222
-369
-516
-657
-786
-900
-992
-1059
-1098
-1108
-1086
-1035
-954
-848
-720
-575
-418
-257
-96
57
200
327
434
521
586
631
656
664
659
643
621
595
567
540
514
489
465
440
412
378
338
288
229
158
77
-11
-107
-206
-303
-395
-477
-544
-592
-620
-626
-608
-569
-511
-437
-353
-262
-170
-83
-5
58
106
134
143
132
102
54
-7
-80
-162
-247
-333
-414
-489
-552
-601
-633
-646
-639
-611
-562
-493
-407
-308
-200
-87
23
127
218
292
345
375
381
362
323
267
200
126
54
-10
-62
-96
-109
-98
-65
-11
61
146
238
332
421
499
563
608
634
639
624
592
547
491
430
367
306
250
201
160
128
104
87
76
68
64
61
59
57
56
57
61
68
79
98
123
156
196
242
293
346
397
443
481
506
516
506
475
422
347
250
134
1
-142
-293
-446
-594
-732
-856
-959
-1039
-1093
-1120
-1120
-1093
-1042
-970
-881
-778
-666
-549
-432
-318
-210
-112
-26
47
107
155
191
218
240
261
284
314
355
410
481
569
672
790
917
1049
1179
1299
1403
1482
1530
1542
1514
1445
1335
1186
1003
794
567
329
93
-132
-339
-518
-663
-768
-831
-850
-828
-766
-670
-547
-403
-246
-86
70
215
343
449
528
577
597
588
550
486
400
295
176
48
-85
-220
-352
-478
-594
-697
-785
-858
-913
-951
-972
-977
-968
-946
-914
-875
-831
-785
-740
-699
-661
-629
-603
-582
-565
-551
-536
-520
-499
-472
-437
-392
-339
-278
-211
-140
-68
0
63
118
162
193
212
217
212
199
180
158
138
122
112
110
117
133
155
184
215
247
277
304
326
343
355
365
373
383
397
418
449
490
541
602
671
744
817
884
941
981
1000
993
958
894
799
677
531
366
188
3
-181
-358
-521
-665
-784
-876
-938
-971
-976
-957
-920
-871
-818
-769
-732
-714
-720
-756
-821
-916
-1035
-1173
-1321
-1470
-1608
-1726
-1815
-1865
-1872
-1833
-1746
-1614
-1440
-1231
-996
-741
-478
-215
37
274
486
669
819
935
1016
1064
1083
1075
1048
1006
956
903
854
814
786
775
781
805
847
904
975
1054
1139
1224
1306
1380
1442
1489
1521
1534
1530
1507
1468
1413
1344
1263
1172
1073
967
856
739
619
494
365
232
94
-48
-195
-347
-503
-662
-823
-984
-1143
-1298
-1445
-1581
-1704
-1809
-1895
-1957
-1994
-2004
-1987
-1942
-1870
-1771
-1646
-1499
-1332
-1147
-948
-739
-525
-309
-96
107
298
471
624
752
855
932
983
1011
1019
1011
992
967
940
916
898
889
892
905
931
968
1015
1072
1135
1205
1280
1358
1438
1519
1601
1680
1755
1823
1881
1926
1953
1959
1942
1899
1829
1733
1613
1470
1308
1132
946
754
562
371
184
2
-175
-351
-526
-706
-894
-1093
-1307
-1538
-1788
-2054
-2335
-2625
-2918
-3207
-3482
-3733
-3951
-4126
-4250
-4316
-4319
-4258
-4133
-3946
-3701
-3406
-3069
-2699
-2304
-1896
-1484
-1075
-678
-300
