-641
-722
-807
-891
-973
-1049
-1114
-1167
-1202
-1218
-1213
-1185
-1134
-1061
-967
-854
-725
-583
-430
-270
-107
55
217
373
521
659
785
895
990
1065
1121
1156
1169
1159
1128
1075
1003
915
812
700
582
464
349
243
150
72
14
-22
-38
-32
-6
38
98
171
255
344
438
531
622
709
788
857
915
960
991
1005
1004
985
948
893
821
732
626
505
370
224
69
-91
-253
-414
-567
-710
-837
-947
-1035
-1100
-1141
-1157
-1150
-1121
-1071
-1004
-923
-830
-729
-624
-517
-414
-316
-226
-148
-84
-35
-3
10
6
-15
-55
-111
-183
-268
-364
-467
-575
-683
-787
-884
-969
-1038
-1089
-1118
-1124
-1105
-1063
-997
-911
-807
-690
-564
-435
-307
-186
-76
18
96
154
193
214
217
205
181
149
111
73
37
5
-18
-32
-35
-27
-7
24
67
119
179
244
312
381
449
514
575
629
677
718
750
775
792
799
798
787
766
735
695
646
588
525
458
389
321
258
201
154
119
99
94
106
137
186
252
336
435
547
669
798
930
1061
1188
1307
1415
1509
1586
1643
1679
1690
1676
1636
1568
1474
1354
1210
1045
864
672
473
274
80
-102
-269
-416
-542
-644
-723
-779
-814
-832
-834
-825
-806
-781
-752
-720
-686
-650
-613
-573
-532
-489
-444
-398
-352
-308
-268
-233
-205
-185
-175
-174
-183
-201
-226
-255
-287
-319
-350
-377
-398
-414
-424
-428
-426
-418
-407
-392
-375
-354
-332
-306
-278
-245
-209
-168
-121
-70
-15
43
105
167
228
287
342
392
436
475
509
537
561
581
598
611
621
626
626
619
604
580
545
500
443
376
299
213
120
24
-74
-173
-270
-362
-447
-524
-592
-649
-695
-729
-751
-761
-760
-748
-726
-695
-658
-616
-571
-523
-475
-426
-378
-329
-279
-228
-172
-112
-47
23
99
178
259
339
414
480
534
571
588
584
558
511
443
358
259
153
42
-65
-168
-260
-339
-403
-453
-487
-508
-519
-522
-520
-515
-510
-504
-500
-494
-487
-475
-457
-430
-392
-344
-285
-217
-144
-69
3
69
123
160
176
171
141
88
13
-79
-187
-305
-429
-552
-670
-779
-876
-958
-1023
-1071
-1103
-1120
-1123
-1116
-1100
-1078
-1053
-1027
-1001
-976
-952
-928
-904
-879
-853
-823
-791
-756
-718
-678
-637
-595
-552
-509
-464
-417
-366
-309
-246
-174
-92
0
101
214
335
462
592
724
853
976
1089
1192
1280
1353
1411
1452
1480
1494
1498
1494
1483
1468
1449
1427
1403
1374
1339
1297
1247
1187
1117
1037
949
855
755
653
552
452
356
266
182
106
37
-22
-74
-117
-151
-176
-190
-194
-188
-173
-148
-116
-76
-32
15
64
112
157
196
229
253
268
274
270
258
239
214
186
156
128
104
85
74
72
81
101
134
179
235
302
377
458
543
626
703
771
824
858
868
853
810
740
642
520
376
215
41
-138
-321
-500
-672
-833
-979
-1109
-1221
-1315
-1391
-1448
-1490
-1517
-1530
-1531
-1521
-1500
-1470
-1430
-1381
-1322
-1254
-1178
-1093
-1002
-905
-804
-700
-595
-491
-387
-285
-184
-84
14
113
212
310
407
499
586
664
731
783
819
836
834
813
774
721
655
583
507
435
369
314
273
248
238
243
260
286
316
347
372
389
393
383
356
314
259
193
120
45
-25
-87
-137
-169
-181
-171
-139
-84
-10
80
184
296
411
524
631
726
807
871
917
943
950
940
913
871
817
754
682
604
522
438
353
268
185
104
26
-47
-116
-181
-240
-294
-341
-383
-417
-445
-465
-478
-483
-481
-470
-452
-427
-396
-360
-323
-286
-253
-226
-209
-204
-216
-244
-291
-355
-437
-532
-639
-752
-867
-979
-1083
-1175
-1252
-1311
-1352
-1374
-1378
-1367
-1342
-1306
-1262
-1213
-1162
-1111
-1061
-1014
-971
-931
-892
-854
-815
-772
-723
-664
-595
-513
-416
-304
-176
-33
123
292
472
659
850
1041
1228
1406
1571
1720
1847
1951
2029
2080
2104
2101
2075
2027
1961
1880
1790
1693
1594
1496
1401
1311
1227
1150
1079
1013
952
893
837
781
726
672
620
569
521
478
439
407
381
361
346
334
323
310
290
263
223
169
100
15
-85
-200
-327
-463
-605
-750
-893
-1033
-1165
-1288
-1399
-1497
-1580
-1649
-1702
-1739
-1760
-1765
-1757
-1734
-1699
-1653
-1598
-1536
-1468
-1397
-1325
-1252
-1180
-1111
-1045
-982
-922
-864
-807
-750
-691
-628
-561
-487
-406
-319
-225
-125
-23
79
180
274
358
429
482
515
526
515
482
429
359
277
186
94
5
-74
-141
-190
-220
-230
-220
-192
-149
-95
-35
25
84
135
176
205
219
220
208
186
156
123
92
66
49
46
58
86
130
189
258
333
409
480
540
583
606
604
576
522
443
343
228
103
-25
-149
-262
-358
-431
-478
-497
-487
-451
-392
-314
-223
-124
-23
73
163
241
306
358
396
421
435
440
439
434
427
419
412
407
403
402
402
403
404
404
403
400
394
385
372
356
336
313
287
258
229
200
171
146
125
109
100
100
108
126
154
189
231
278
328
376
419
455
480
491
484
459
414
348
263
160
42
-86
-222
-360
-494
-618
-729
-820
-890
-934
-952
-944
-911
-854
-777
-683
-577
-462
-344
-226
-113
-7
87
169
237
289
325
344
349
339
317
284
244
198
150
101
56
15
-18
-43
-61
-69
-68
-60
-46
-26
-3
20
43
63
78
86
84
73
52
20
-20
-68
-120
-173
-224
-268
-302
-324
-331
-322
-298
-257
-201
-131
-50
40
139
245
356
471
589
708
827
945
1057
1164
1260
1344
1413
1463
1493
1500
1485
1446
1385
1304
1206
1094
972
844
716
590
472
364
269
188
121
67
25
-9
-38
-66
-97
-133
-177
-232
-298
-376
-465
-563
-669
-780
-893
-1006
-1116
-1221
-1319
-1410
-1494
-1570
-1640
-1705
-1769
-1832
-1899
-1969
-2045
-2127
-2214
-2303
-2391
-2474
-2546
-2603
-2637
-2646
-2622
-2565
-2472
-2342
-2178
-1982
-1758
-1512
-1251
-979
-706
-435
-173
74
305
517
709
880
1033
1168
1288
1396
1495
1586
1673
1755
1835
1912
1985
2055
2118
2175
2223
2260
2285
2297
2295
2278
2245
2198
2137
2062
1975
1878
1773
1663
1550
1438
1329
1227
1134
1053
986
932
892
865
848
838
831
823
809
784
745
689
611
512
391
248
85
-93
-285
-485
-689
-891
-1086
-1270
-1438
-1588
-1717
-1825
-1910
-1975
-2020
-2047
-2059
-2059
-2048
-2028
-2001
-1967
-1928
-1883
-1831
-1772
-1705
-1630
-1545
-1450
-1344
-1228
-1102
-966
-821
-669
-511
-347
-180
-11
159
331
502
672
839
1002
1159
1308
1445
1568
1673
1757
1817
1851
1858
1836
1786
1711
1611
1490
1353
1203
1045
882
718
556
400
251
112
-14
-128
-228
-311
-376
-422
-448
-453
-437
-400
-344
-271
-183
-84
21
131
240
344
439
520
586
633
659
662
641
595
526
433
319
185
35
-128
-300
-478
-657
-833
-1000
-1157
-1298
-1420
-1521
-1598
-1649
-1672
-1666
-1630
-1564
-1470
-1349
-1204
-1039
-859
-668
-474
-280
-93
80
238
375
489
578
641
679
693
686
659
618
564
503
439
377
320
272
237
218
216
232
267
317
382
457
538
620
698
768
824
863
881
876
847
795
720
624
511
383
243
96
-55
-208
-359
-507
-648
-783
-909
-1025
-1132
-1229
-1315
-1391
-1455
-1507
-1546
-1570
-1578
-1568
-1539
-1489
-1418
-1326
-1213
-1082
-933
-771
-598
-421
-244
-71
89
235
359
458
530
573
586
572
534
477
408
332
258
194
146
120
123
156
222
320
449
603
779
968
1165
1361
1549
1720
1869
1990
2077
2130
2147
2128
2078
2000
1899
1781
1653
1520
1388
1261
1144
1038
944
862
791
729
674
623
574
526
475
421
362
297
226
148
63
-28
-126
-231
-341
-457
-577
-699
-823
-946
-1068
-1185
-1298
-1404
-1501
-1590
-1668
-1737
-1794
-1841
-1877
-1903
-1919
-1927
-1926
-1917
-1902
-1880
-1852
-1817
-1777
-1730
-1677
-1618
-1551
-1477
-1395
-1305
-1206
-1098
-982
-859
-729
-594
-456
-318
-184
-56
61
166
255
328
381
417
436
441
436
424
411
403
404
421
457
517
602
715
856
1022
1212
1422
1646
1877
2108
2332
2540
2725
2881
3000
3080
3116
3110
3061
2972
2848
2693
2513
2315
2104
1885
1664
1444
1228
1018
816
622
437
261
93
-65
-215
-356
-488
-611
-724
-827
-922
-1009
-1089
-1163
-1234
-1304
-1373
-1444
-1518
-1594
-1673
-1754
-1835
-1915
-1992
-2064
-2129
-2185
-2232
-2269
-2295
-2313
-2322
-2325
-2324
-2320
-2314
-2308
-2303
-2296
-2288
-2276
-2257
-2228
-2183
-2121
-2035
-1924
-1784
-1614
-1414
-1185
-930
-652
-356
-48
265
579
887
1181
1458
1712
1938
2135
2299
2430
2528
2593
2628
2634
2615
2575
2516
2442
2357
2263
2162
2058
1951
1843
1734
1626
1517
1410
1303
1196
1088
980
870
757
643
525
406
284
162
39
-81
-199
-312
-419
-519
-609
-689
-757
-815
-860
-895
-919
-934
-942
-945
-946
-945
-946
-950
-957
-970
-986
-1007
-1030
-1054
-1079
-1102
-1122
-1138
-1150
-1157
-1160
-1159
-1155
-1147
-1137
-1123
-1106
-1083
-1053
-1016
-967
-907
-833
-745
-641
-522
-390
-247
-94
65
229
393
555
714
866
1012
1150
1281
1403
1517
1622
1718
1803
1877
1935
1977
1999
1998
1970
1915
1829
1713
1567
1394
1198
983
757
528
304
93
-96
-258
-387
-478
-531
-546
-527
-479
-409
-325
-236
-151
-78
-26
0
-3
-40
-110
-213
-343
-496
-665
-843
-1022
-1194
-1350
-1484
-1591
-1666
-1706
-1712
-1684
-1625
-1539
-1431
-1306
-1171
-1031
-892
-757
-631
-517
-417
-331
-259
-200
-152
-112
-77
-42
-4
40
95
163
246
343
455
580
715
856
1000
1141
1277
1403
1515
1612
1690
1749
1789
1810
1815
1805
1783
1751
1713
1668
1620
1567
1509
1443
1366
1276
1169
1041
891
717
520
302
66
-181
-433
-683
-922
-1141
-1334
-1493
-1613
-1692
-1728
-1723
-1681
-1605
-1502
-1378
-1241
-1098
-954
-815
-686
-568
-465
-377
-304
-246
-200
-166
-140
-122
-109
-98
-90
-81
-72
-62
-50
-37
-22
-4
14
36
61
88
120
156
197
246
301
365
439
523
618
723
837
960
1089
1221
1353
1481
1600
1707
1796
1862
1902
1911
1887
1827
1730
1597
1430
1230
1003
753
487
211
-67
-342
-605
-852
-1078
-1277
-1448
-1590
-1701
-1784
-1839
-1870
-1881
-1874
-1854
-1823
-1786
-1743
-1696
-1646
-1590
-1529
-1460
-1379
-1285
-1175
-1048
-904
-743
-567
-381
-187
7
197
377
540
681
797
882
937
960
952
916
855
773
675
566
451
337
226
125
35
-38
-95
-134
-154
-156
-143
-114
-75
-27
24
78
129
175
214
242
259
265
260
244
221
191
159
127
98
75
59
52
55
68
90
120
156
194
233
270
301
324
338
340
331
310
279
237
188
134
76
16
-41
-97
-149
-197
-240
-278
-313
-344
-373
-402
-432
-466
-505
-549
-600
-658
-721
-789
-858
-925
-987
-1040
-1080
-1104
-1108
-1091
-1052
-990
-909
-809
-694
-568
-434
-299
-164
-36
82
188
278
351
405
439
452
445
417
369
303
220
122
13
-104
-226
-348
-467
-577
-674
-754
-814
-850
-863
-851
-814
-756
-677
-580
-470
-348
-217
-81
57
196
334
468
596
