1473
1396
1295
1173
1034
882
723
562
406
258
124
8
-87
-161
-215
-248
-263
-265
-257
-245
-232
-224
-225
-239
-267
-311
-372
-448
-538
-639
-747
-859
-969
-1074
-1170
-1251
-1316
-1361
-1385
-1388
-1369
-1332
-1278
-1211
-1135
-1055
-974
-898
-829
-770
-724
-690
-670
-660
-659
-663
-670
-674
-673
-664
-643
-610
-564
-506
-436
-358
-273
-185
-96
-7
78
161
240
318
396
475
557
645
740
842
952
1068
1188
1309
1428
1539
1638
1721
1783
1821
1833
1816
1772
1701
1606
1491
1360
1219
1072
927
786
655
537
433
343
267
203
148
98
50
2
-51
-111
-180
-258
-345
-440
-542
-648
-755
-861
-962
-1055
-1139
-1210
-1269
-1313
-1344
-1362
-1369
-1365
-1354
-1336
-1313
-1288
-1260
-1230
-1200
-1168
-1135
-1101
-1065
-1028
-990
-951
-914
-880
-851
-828
-813
-805
-806
-813
-825
-839
-852
-861
-862
-854
-834
-803
-759
-703
-638
-565
-485
-401
-315
-227
-138
-48
42
135
231
332
439
553
674
803
939
1080
1224
1366
1503
1630
1743
1836
1909
1957
1981
1982
1962
1925
1875
1819
1761
1704
1654
1613
1582
1560
1547
1538
1532
1522
1504
1473
1423
1351
1252
1125
968
782
571
336
85
-175
-439
-698
-943
-1166
-1360
-1520
-1639
-1716
-1748
-1737
-1684
-1594
-1470
-1318
-1146
-959
-764
-567
-375
-193
-25
124
254
361
446
509
552
577
587
585
573
555
532
504
471
433
388
335
273
201
119
29
-68
-168
-269
-364
-450
-521
-573
-602
-606
-584
-536
-464
-371
-262
-143
-21
96
203
292
356
391
394
362
296
199
73
-74
-239
-413
-589
-761
-921
-1063
-1184
-1280
-1348
-1389
-1402
-1389
-1353
-1297
-1224
-1139
-1043
-940
-831
-718
-601
-481
-356
-226
-90
52
202
359
520
684
848
1009
1162
1305
1435
1548
1644
1721
1780
1823
1850
1865
1871
1869
1863
1854
1843
1830
1815
1795
1768
1732
1685
1623
1546
1452
1342
1214
1072
916
749
573
391
206
20
-164
-347
-526
-698
-864
-1021
-1168
-1302
-1422
-1526
-1611
-1676
-1720
-1741
-1740
-1716
-1672
-1610
-1532
-1443
-1348
-1250
-1154
-1064
-984
-916
-862
-821
-793
-775
-764
-756
-749
-737
-719
-691
-654
-608
-553
-492
-428
-365
-306
-255
-215
-186
-171
-168
-177
-196
-221
-249
-278
-302
-320
-328
-325
-311
-283
-245
-197
-142
-82
-22
35
87
130
163
183
189
182
162
131
91
44
-6
-58
-110
-160
-205
-247
-284
-318
-350
-382
-416
-455
-500
-553
-614
-684
-760
-839
-919
-995
-1062
-1115
-1147
-1156
-1136
-1084
-1000
-882
-733
-556
-355
-135
96
332
568
795
1008
1203
1375
1524
1649
1750
1829
1888
1930
1957
1973
1979
1977
1968
1954
1935
1913
1887
1859
1830
1798
1765
1731
1694
1653
1606
1550
1483
1403
1306
1190
1055
900
727
537
333
121
-93
-306
-512
-704
-879
-1032
-1162
-1266
-1346
-1403
-1441
-1463
-1473
-1477
-1479
-1482
-1489
-1500
-1517
-1538
-1560
-1581
-1596
-1601
-1594
-1572
-1531
-1473
-1396
-1303
-1196
-1079
-955
-829
-705
-588
-481
-387
-309
-248
-205
-180
-170
-174
-188
-208
-230
-248
-257
-252
-230
-186
-117
-24
93
234
394
569
753
937
1113
1273
1409
1512
1578
1600
1578
1511
1402
1256
1079
882
671
458
251
58
-113
-260
-380
-471
-534
-573
-589
-587
-572
-548
-518
-488
-458
-432
-411
-394
-382
-373
-367
-361
-354
-343
-327
-305
-276
-239
-195
-145
-89
-30
31
94
156
217
277
334
390
444
499
554
612
674
742
817
899
991
1091
1198
1313
1431
1552
1671
1787
1895
1994
2080
2152
2208
2246
2266
2268
2251
2216
2163
2091
2000
1891
1763
1618
1456
1278
1087
884
673
458
241
27
-179
-375
-557
-723
-871
-1000
-1109
-1202
-1279
-1344
-1402
-1456
-1511
-1573
-1645
-1731
-1835
-1959
-2102
-2264
-2442
-2632
-2829
-3027
-3218
-3395
-3551
-3679
-3771
-3822
-3827
-3782
-3686
-3537
-3335
-3084
-2785
-2445
-2068
-1661
-1231
-788
-338
108
543
960
1350
1706
2024
2300
2529
2712
2847
2937
2984
2991
2963
2904
2821
2717
2600
2472
2340
2208
2079
1956
1842
1739
1648
1570
1504
1450
1408
1375
1350
1332
1317
1304
1291
1276
1256
1230
1195
1151
1093
1023
936
833
713
576
423
255
74
-115
-310
-507
-701
-888
-1064
-1224
-1367
-1489
-1588
-1663
-1714
-1740
-1743
-1724
-1686
-1632
-1567
-1494
-1420
-1349
-1287
-1237
-1202
-1183
-1181
-1194
-1219
-1253
-1291
-1329
-1362
-1387
-1399
-1396
-1376
-1339
-1286
-1217
-1136
-1044
-947
-847
-748
-653
-565
-487
-419
-361
-314
-276
-247
-225
-209
-198
-191
-187
-186
-186
-189
-192
-197
-203
-210
-218
-225
-233
-240
-247
-253
-258
-263
-267
-272
-276
-280
-283
-285
-286
-283
-276
-264
-245
-219
-186
-143
-93
-34
33
109
194
286
387
495
609
727
849
970
1086
1194
1288
1364
1416
1439
1431
1389
1313
1203
1062
894
707
506
302
104
-78
-237
-362
-448
-489
-482
-428
-327
-185
-7
198
423
658
895
1124
1340
1535
1706
1850
1964
2050
2107
2138
2145
2129
2094
2040
1970
1883
1782
1666
1536
1390
1230
1056
868
667
455
233
4
-227
-460
-690
-912
-1124
-1320
-1498
-1655
-1788
-1895
-1975
-2026
-2048
-2042
-2007
-1945
-1858
-1747
-1614
-1463
-1297
-1120
-936
-749
-566
-392
-233
-95
17
100
151
167
151
103
28
-68
-180
-299
-417
-526
-618
-686
-723
-726
-691
-619
-511
-369
-198
-5
202
418
633
838
1027
1192
1330
1436
1509
1551
1565
1556
1530
1494
1456
1423
1402
1398
1415
1454
1514
1594
1688
1790
1893
1988
2068
2123
2149
2138
2087
1995
1862
1690
1485
1252
999
734
465
199
-55
-293
-509
-700
-865
-1003
-1115
-1202
-1269
-1317
-1352
-1378
-1399
-1418
-1439
-1466
-1500
-1542
-1591
-1647
-1707
-1767
-1823
-1871
-1905
-1920
-1914
-1882
-1825
-1740
-1630
-1497
-1346
-1182
-1011
-841
-678
-530
-402
-301
-229
-189
-182
-207
-262
-342
-443
-558
-682
-809
-931
-1044
-1141
-1217
-1269
-1294
-1288
-1251
-1183
-1083
-954
-799
-621
-425
-217
-3
209
414
604
774
917
1029
1108
1152
1162
1140
1090
1018
930
833
736
645
566
506
467
452
460
490
537
598
664
730
789
833
856
855
825
765
675
556
411
244
61
-130
-326
-518
-700
-864
-1006
-1119
-1199
-1242
-1246
-1210
-1134
-1019
-867
-682
-468
-232
21
284
551
813
1064
1296
1502
1676
1812
1906
1954
1952
1901
1801
1654
1465
1239
983
707
420
130
-151
-417
-661
-877
-1061
-1211
-1328
-1414
-1470
-1502
-1515
-1512
-1500
-1482
-1462
-1443
-1425
-1411
-1398
-1387
-1375
-1361
-1342
-1317
-1284
-1243
-1193
-1136
-1072
-1003
-932
-859
-787
-718
-651
-587
-527
-467
-408
-347
-281
-210
-130
-42
55
162
277
399
526
654
781
903
1017
1120
1209
1283
1339
1378
1401
1408
1402
1386
1363
1338
1312
1289
1271
1259
1255
1257
1264
1275
1287
1297
1304
1305
1297
1278
1247
1203
1144
1069
978
870
746
606
449
277
92
-104
-311
-525
-744
-963
-1180
-1391
-1590
-1775
-1941
-2084
-2199
-2282
-2331
-2342
-2313
-2244
-2134
-1985
-1799
-1580
-1331
-1058
-767
-463
-154
155
458
748
1020
1268
1489
1679
1834
1955
2040
2090
2109
2100
2067
2014
1948
1872
1791
1709
1626
1545
1466
1388
1310
1230
1147
1061
971
876
779
680
581
485
393
307
229
161
104
59
27
7
0
6
22
49
83
124
169
216
263
306
343
370
384
383
362
320
253
162
45
-95
-259
-441
-639
-847
-1059
-1269
-1473
-1664
-1837
-1988
-2113
-2209
-2275
-2309
-2310
-2279
-2217
-2125
-2005
-1860
-1693
-1508
-1310
-1102
-889
-675
-465
-260
-65
119
293
456
609
751
884
1007
1122
1227
1321
1402
1467
1516
1544
1549
1531
1488
1420
1328
1216
1086
943
792
639
489
346
216
101
3
-75
-138
-187
-224
-253
-279
-305
-335
-372
-418
-474
-540
-615
-698
-785
-875
-962
-1044
-1118
-1179
-1225
-1255
-1267
-1261
-1239
-1202
-1155
-1101
-1043
-987
-935
-890
-853
-825
-804
-787
-773
-755
-731
-696
-647
-582
-497
-394
-274
-137
11
168
330
491
645
790
922
1037
1136
1219
1287
1344
1394
1440
1487
1539
1599
1667
1744
1827
1914
1998
2075
2139
2182
2199
2185
2134
2045
1916
1746
1536
1291
1013
708
383
45
-296
-636
-964
-1273
-1556
-1807
-2022
-2199
-2335
-2431
-2489
-2511
-2502
-2466
-2409
-2336
-2252
-2161
-2067
-1975
-1885
-1800
-1720
-1645
-1575
-1508
-1445
-1383
-1322
-1260
-1196
-1130
-1058
-980
-894
-799
-694
-577
-450
-311
-163
-6
156
323
493
662
829
991
1148
1299
1443
1579
1710
1833
1950
2060
2162
2255
2337
2405
2455
2485
2490
2468
2417
2333
2218
2073
1899
1701
1485
1255
1019
784
554
338
138
-39
-194
-322
-424
-499
-548
-574
-577
-562
-529
-484
-430
-369
-306
-244
-188
-139
-102
-79
-71
-81
-108
-151
-210
-281
-360
-445
-529
-609
-678
-734
-771
-788
-781
-750
-695
-616
-516
-397
-262
-116
34
186
332
466
582
675
740
773
770
732
658
551
414
252
71
-122
-321
-519
-709
-886
-1044
-1180
-1292
-1378
-1439
-1476
-1492
-1490
-1472
-1444
-1408
-1368
-1328
-1288
-1252
-1218
-1187
-1156
-1124
-1086
-1041
-984
-912
-824
-717
-591
-447
-288
-116
62
245
424
595
752
889
1002
1085
1137
1156
1141
1094
1016
913
789
650
502
353
209
76
-40
-136
-208
-254
-274
-269
-241
-191
-125
-45
44
139
235
330
418
498
567
622
663
688
698
692
673
640
598
548
493
436
381
331
287
254
232
225
231
252
286
333
388
449
512
570
619
655
670
663
628
564
470
348
198
26
-163
-366
-575
-784
-986
-1176
-1348
-1499
-1626
-1726
-1800
-1847
-1870
-1871
-1856
-1827
-1790
-1748
-1705
-1664
-1624
-1586
-1545
-1498
-1439
-1364
-1267
-1143
-989
-804
-589
-348
-85
191
475
758
1030
1285
1517
1720
1892
2031
2137
2212
2258
2279
2280
2264
2236
2199
2158
2116
2073
2033
1995
1960
1928
1900
1875
1854
1838
1828
1824
1827
1836
1851
1870
1890
1908
1919
1918
1900
1861
1796
1700
1570
1404
1201
960
684
376
40
-317
-689
-1068
-1444
-1808
-2152
-2466
-2743
-2977
-3164
-3301
-3387
-3423
-3413
-3360
-3269
-3148
-3004
-2842
-2670
-2493
-2316
-2144
-1977
-1818
-1667
-1522
-1382
-1245
-1108
-968
-824
-675
-518
-355
-185
-9
169
350
529
705
875
1036
1186
1324
1448
1558
1653
1733
1798
1849
1886
1910
1923
1925
1917
1901
1877
1847
1811
1770
1726
1677
1626
1571
1514
1453
1390
1324
1256
1186
1115
1046
980
919
867
826
799
785
786
801
828
865
905
946
980
1001
1004
981
928
837
706
532
311
44
-266
-618
-1006
-1423
-1860
-2309
-2757
-3193
-3607
-3985
-4318
-4597
-4813
-4960
-5035
-5036
-4965
-4824
-4618
-4356
-4045
-3695
-3316
-2920
-2515
-2113
-1723
-1352
-1007
-694
-418
-180
16
175
296
382
439
471
485
487
484
483
491
512
552
613
696
801
924
1061
1206
1354
1497
1629
1747
1845
1921
1975
2005
2014
2002
1972
1926
1865
1792
1708
1614
1511
1400
1282
1159
1031
901
770
641
517
399
289
189
102
27
-33
-81
-117
-142
-157
-166
-171
-175
-180
-190
-206
-230
-263
-305
-355
-413
-478
-545
-614
-681
-743
-797
-841
-870
-884
-881
-860
-820
-763
-691
-605
-508
-403
-295
-185
-78
22
116
201
274
336
386
425
455
477
493
504
513
521
529
538
548
559
570
580
588
