154
145
129
104
64
8
-67
-162
-279
-414
-567
-732
-906
-1083
-1255
-1416
-1558
-1674
-1757
-1803
-1807
-1768
-1686
-1563
-1403
-1213
-999
-771
-537
-305
-85
116
292
438
550
626
666
672
646
592
516
422
319
211
105
6
-78
-148
-199
-230
-241
-234
-210
-172
-123
-68
-9
48
104
155
199
235
263
283
296
301
301
297
289
279
267
255
242
229
216
203
189
175
158
139
116
89
58
22
-18
-62
-108
-154
-197
-235
-264
-281
-285
-273
-246
-204
-148
-83
-12
60
128
187
231
257
262
244
203
142
63
-28
-126
-225
-318
-397
-457
-492
-500
-478
-426
-346
-241
-115
24
173
325
472
610
733
838
922
985
1025
1045
1046
1030
1002
963
917
867
813
759
703
648
593
536
479
419
356
290
221
149
74
-2
-79
-155
-228
-299
-364
-423
-477
-523
-563
-596
-625
-649
-669
-687
-703
-719
-734
-748
-761
-772
-779
-781
-776
-761
-734
-694
-639
-569
-485
-389
-284
-173
-63
39
130
203
250
270
258
213
138
33
-94
-239
-393
-550
-699
-832
-942
-1022
-1067
-1072
-1037
-960
-844
-690
-505
-295
-66
173
415
650
871
1069
1238
1372
1469
1526
1545
1526
1476
1398
1302
1193
1080
970
871
787
724
682
664
669
695
738
795
860
930
999
1061
1113
1148
1164
1157
1125
1067
982
871
735
579
404
215
17
-186
-390
-591
-784
-967
-1136
-1289
-1426
-1544
-1643
-1723
-1786
-1832
-1864
-1882
-1890
-1888
-1880
-1866
-1847
-1823
-1794
-1759
-1717
-1667
-1607
-1538
-1457
-1367
-1266
-1156
-1040
-918
-793
-667
-542
-420
-302
-190
-82
19
117
212
307
403
502
607
718
838
966
1101
1243
1387
1532
1674
1809
1933
2042
2134
2204
2252
2275
2275
2251
2205
2139
2057
1962
1858
1749
1639
1532
1430
1336
1251
1175
1108
1047
992
937
882
821
752
672
580
473
351
214
63
-99
-272
-453
-638
-823
-1006
-1182
-1348
-1502
-1641
-1762
-1864
-1946
-2007
-2049
-2072
-2078
-2069
-2048
-2018
-1981
-1939
-1893
-1845
-1795
-1742
-1685
-1622
-1550
-1468
-1374
-1267
-1146
-1012
-865
-708
-543
-374
-203
-33
130
287
433
567
686
790
878
950
1005
1045
1069
1078
1074
1058
1030
992
944
887
824
754
678
598
513
425
335
242
149
56
-36
-126
-212
-293
-367
-433
-489
-534
-567
-587
-595
-589
-572
-543
-504
-457
-403
-345
-284
-223
-161
-102
-45
7
57
103
145
184
219
250
279
305
329
350
369
385
399
409
416
418
416
408
393
371
342
305
262
211
155
96
36
-21
-73
-117
-148
-162
-158
-132
-84
-14
75
183
305
435
568
697
817
921
1006
1067
1101
1106
1084
1035
961
866
754
629
496
360
225
96
-24
-133
-231
-315
-385
-442
-487
-522
-547
-566
-578
-588
-594
-600
-605
-611
-618
-625
-633
-641
-648
-654
-659
-660
-658
-653
-645
-632
-616
-596
-574
-550
-524
-497
-469
-442
-414
-386
-357
-328
-299
-269
-239
-210
-182
-156
-133
-113
-96
-83
-73
-66
-59
-53
-47
-39
-30
-19
-7
4
15
24
30
32
30
25
17
7
-1
-7
-9
-3
9
32
65
107
156
212
271
330
386
435
474
501
515
513
498
469
430
383
333
284
240
207
188
186
203
241
300
377
472
578
693
810
922
1024
1109
1171
1207
1213
1188
1131
1046
937
809
669
527
388
261
154
70
14
-10
-5
28
88
168
263
366
468
562
641
697
727
725
688
617
511
374
208
19
-188
-407
-632
-855
-1070
-1271
-1452
-1607
-1733
-1825
-1882
-1902
-1886
-1834
-1751
-1640
-1505
-1351
-1184
-1009
-831
-655
-484
-323
-174
-39
78
179
262
326
373
402
415
413
396
366
325
275
218
156
91
26
-35
-93
-144
-186
-218
-238
-246
-242
-226
-197
-156
-105
-44
25
100
181
263
345
425
499
567
626
675
713
741
758
764
761
750
733
709
681
650
618
584
550
516
484
453
424
396
368
341
313
284
253
219
182
141
95
45
-9
-68
-131
-198
-269
-341
-415
-489
-561
-630
-694
-751
-799
-838
-865
-880
-884
-877
-858
-831
-795
-752
-704
-652
-597
-539
-479
-418
-353
-285
-214
-137
-56
30
122
218
317
416
514
606
691
764
822
862
880
875
845
790
709
604
478
333
173
4
-169
-343
-513
-673
-820
-950
-1061
-1151
-1220
-1266
-1291
-1296
-1281
-1248
-1200
-1138
-1063
-977
-882
-780
-670
-556
-438
-318
-197
-77
38
148
250
342
420
484
531
560
570
561
535
492
436
369
294
216
138
63
-3
-61
-106
-138
-155
-157
-145
-120
-83
-37
15
72
130
187
241
289
329
362
387
405
416
421
424
424
425
428
435
446
462
485
512
544
580
618
657
693
726
752
770
777
771
752
719
670
606
528
436
334
222
105
-15
-136
-253
-362
-462
-548
-620
-676
-715
-740
-750
-748
-736
-717
-694
-670
-645
-621
-599
-580
-563
-547
-532
-516
-498
-478
-453
-425
-392
-355
-313
-267
-217
-164
-108
-51
8
69
131
194
257
320
382
442
499
551
596
632
658
671
669
652
619
570
508
434
352
268
186
112
53
14
1
17
65
146
260
406
578
772
981
1199
1416
1625
1817
1985
2122
2220
2274
2281
2237
2142
1995
1798
1554
1269
948
598
228
-154
-540
-920
-1284
-1624
-1931
-2200
-2422
-2595
-2715
-2782
-2795
-2757
-2672
-2546
-2384
-2193
-1981
-1754
-1519
-1282
-1048
-821
-604
-400
-211
-37
121
264
392
506
607
697
778
850
914
973
1025
1072
1113
1147
1174
1191
1199
1196
1181
1153
1113
1059
992
913
823
723
615
500
380
257
133
10
-110
-225
-335
-436
-529
-612
-684
-745
-793
-827
-846
-851
-840
-813
-771
-714
-644
-563
-474
-379
-282
-187
-96
-12
61
124
173
208
230
240
237
226
207
183
157
129
103
79
58
41
27
17
9
4
1
0
0
-1
-1
-1
-1
-2
-3
-5
-9
-15
-24
-37
-53
-75
-101
-133
-170
-212
-259
-310
-364
-421
-478
-536
-593
-647
-696
-740
-777
-806
-826
-836
-836
-827
-809
-783
-749
-710
-666
-618
-569
-518
-467
-418
-371
-327
-286
-248
-215
-185
-159
-136
-116
-98
-82
-65
-48
-29
-7
17
47
81
119
161
207
255
303
351
396
435
468
491
503
503
490
462
421
366
300
225
143
58
-26
-107
-181
-243
-292
-324
-339
-335
-312
-271
-213
-140
-55
37
136
235
333
424
505
575
631
671
696
706
701
685
658
624
586
546
506
469
435
407
384
366
353
346
343
343
347
352
359
366
374
382
390
397
404
411
416
420
422
420
415
404
388
364
333
295
249
196
137
72
5
-64
-133
-201
-264
-321
-370
-411
-442
-463
-475
-477
-472
-460
-443
-423
-401
-379
-358
-339
-322
-307
-294
-284
-274
-264
-253
-240
-224
-206
-183
-157
-126
-93
-56
-17
22
62
102
139
173
202
227
247
260
267
268
263
253
237
218
194
168
139
109
79
48
20
-6
-29
-49
-64
-74
-79
-78
-71
-59
-42
-21
4
32
64
98
132
167
200
230
257
279
294
302
302
293
274
246
209
164
113
57
-1
-61
-120
-176
-229
-277
-320
-357
-388
-414
-435
-450
-462
-469
-472
-471
-465
-455
-440
-419
-393
-360
-321
-276
-226
-171
-113
-54
3
57
105
145
172
187
187
173
144
101
48
-12
-78
-145
-210
-268
-316
-352
-374
-381
-371
-346
-307
-254
-192
-122
-47
29
104
174
238
294
338
371
392
401
398
383
358
324
283
237
187
135
85
37
-6
-43
-74
-96
-109
-114
-110
-97
-76
-49
-16
19
59
99
138
175
207
233
252
262
263
255
237
210
176
135
89
39
-10
-59
-105
-145
-178
-203
-218
-223
-218
-203
-180
-150
-115
-78
-42
-8
21
44
59
67
67
59
44
25
1
-25
-52
-78
-102
-124
-141
-153
-161
-164
-163
-156
-147
-133
-117
-99
-78
-57
-34
-11
12
34
56
77
96
112
127
139
150
159
166
173
180
186
194
202
211
222
233
246
259
273
288
303
319
334
348
362
374
385
393
399
402
401
396
386
371
351
325
294
258
217
172
123
72
18
-35
-89
-143
-197
-248
-299
-348
-395
-440
-484
-527
-569
-609
-648
-685
-721
-756
-787
-816
-840
-858
-870
-872
-864
-844
-811
-765
-705
-633
-550
-458
-358
-255
-151
-50
46
136
216
285
341
385
416
434
440
435
420
396
365
329
289
247
206
166
131
101
78
64
60
66
82
108
144
189
241
298
359
421
483
542
597
645
686
719
742
754
756
747
728
698
659
610
553
488
416
339
258
174
90
6
-75
-155
-230
-302
-370
-433
-493
-550
-605
-657
-707
-754
-799
-839
-874
-902
-922
-932
-931
-919
-894
-856
-806
-744
-671
-587
-496
-399
-298
-196
-95
0
89
169
238
295
339
370
388
396
393
383
368
349
329
309
292
278
269
265
267
273
284
299
317
336
355
373
388
399
405
405
399
387
369
346
320
291
261
231
202
175
151
131
114
101
91
84
80
78
76
75
73
69
62
53
39
21
0
-27
-57
-91
-128
-166
-205
-245
-282
-318
-349
-376
-398
-414
-424
-428
-426
-420
-410
-398
-383
-368
-352
-336
-321
-307
-293
-278
-264
-248
-230
-211
-188
-163
-134
-103
-69
-34
2
38
73
104
132
154
170
180
183
179
171
158
143
127
112
102
97
99
111
132
164
206
257
317
382
451
521
591
657
717
769
811
842
861
867
859
836
800
749
684
605
514
412
300
181
56
-69
-194
-316
-432
-538
-632
-714
-781
-832
-869
-890
-898
-894
-879
-856
-827
-794
-759
-724
-690
-657
-626
-598
-572
-547
-522
-497
-472
-445
-416
-385
-351
-316
-279
-240
-199
-157
-114
-70
-25
20
67
114
161
208
254
299
341
381
417
449
476
498
514
524
529
528
523
513
501
485
468
450
432
414
396
379
363
348
333
319
306
294
283
272
262
252
243
234
224
213
201
186
168
147
123
94
62
26
-12
-54
-97
-143
-189
-236
-283
-329
-375
-421
-466
-509
-551
-592
-630
-665
-697
-724
-747
-763
-774
-777
-773
-761
-742
-716
-684
-647
-605
-560
-513
-466
-418
-371
-326
-281
-237
-193
-149
-102
-53
0
57
120
188
260
336
413
489
564
633
694
746
785
812
825
824
808
780
741
693
639
582
525
471
423
382
351
329
318
317
324
338
356
376
395
411
420
421
412
391
357
309
248
175
92
0
-98
-200
-304
-407
-505
-598
-682
-756
-818
-868
-903
-925
-933
-926
-907
-875
-832
-779
-719
-652
-581
-508
-433
-359
-287
-217
-151
-89
-30
24
76
126
174
223
274
329
389
456
530
613
704
801
903
1007
1108
1203
1286
1353
1400
1423
1419
1387
1326
1239
1127
995
847
691
531
375
228
95
-19
-115
-189
-244
