-154
-136
-116
-96
-74
-53
-31
-10
9
27
42
55
64
70
73
72
69
63
55
47
39
31
26
22
20
21
23
28
33
39
44
49
51
52
50
45
37
26
13
-1
-18
-37
-56
-76
-96
-115
-132
-148
-162
-173
-182
-187
-188
-184
-177
-164
-147
-125
-98
-68
-34
1
39
77
114
148
180
208
230
247
258
263
262
255
242
226
206
183
158
133
109
85
64
45
29
15
5
-2
-6
-9
-9
-7
-2
4
13
24
37
52
69
87
105
124
142
159
173
185
193
198
199
196
188
177
161
143
121
97
71
44
16
-11
-39
-65
-91
-115
-137
-157
-176
-192
-207
-218
-227
-232
-234
-232
-226
-215
-200
-180
-156
-128
-96
-61
-24
14
53
91
127
160
189
212
228
238
241
237
226
208
186
160
131
100
70
42
16
-5
-23
-35
-42
-45
-43
-37
-29
-18
-7
3
13
21
27
31
32
30
26
19
11
2
-7
-17
-28
-38
-48
-57
-66
-74
-83
-92
-103
-115
-130
-147
-168
-192
-220
-251
-284
-320
-358
-395
-432
-467
-498
-525
-546
-561
-569
-569
-562
-547
-526
-497
-462
-422
-378
-330
-279
-225
-171
-115
-59
-4
50
104
157
209
258
306
352
395
436
474
507
537
561
581
595
603
605
601
591
575
554
527
496
459
419
375
327
278
226
174
122
70
20
-26
-70
-110
-146
-177
-202
-221
-234
-240
-240
-235
-223
-208
-189
-167
-144
-121
-98
-76
-56
-38
-21
-7
4
15
24
30
34
34
31
24
12
-4
-26
-53
-84
-119
-156
-194
-232
-268
-300
-327
-348
-362
-367
-364
-354
-337
-313
-285
-253
-219
-185
-151
-120
-91
-65
-42
-22
-5
10
23
36
50
63
78
94
112
130
149
169
188
205
221
235
246
255
261
264
265
264
262
259
256
253
250
248
247
246
245
246
246
246
246
245
244
241
237
232
225
218
209
200
192
183
175
169
163
160
157
156
156
156
156
156
154
150
144
134
122
107
88
66
42
16
-10
-37
-63
-88
-110
-129
-145
-157
-165
-169
-169
-167
-162
-156
-148
-140
-132
-124
-118
-113
-110
-109
-109
-112
-118
-125
-135
-146
-158
-172
-186
-200
-213
-225
-234
-241
-244
-243
-238
-229
-216
-199
-180
-160
-138
-117
-96
-77
-61
-47
-37
-29
-25
-24
-26
-29
-33
-38
-42
-45
-46
-43
-37
-28
-15
0
18
38
58
77
94
108
118
123
122
116
105
89
68
45
19
-5
-31
-53
-72
-86
-94
-96
-90
-78
-60
-37
-10
18
48
78
104
127
145
157
164
163
157
146
130
111
90
68
46
26
7
-8
-20
-30
-38
-43
-47
-50
-53
-58
-63
-70
-77
-86
-95
-103
-111
-117
-121
-122
-120
-116
-109
-100
-89
-76
-63
-50
-37
-25
-13
-3
5
13
20
26
32
37
41
45
49
53
56
60
64
68
72
76
81
85
89
92
94
95
94
92
88
83
76
67
58
48
37
26
16
5
-3
-11
-18
-23
-26
-29
-29
-29
-28
-26
-24
-22
-21
-20
-20
-22
-24
-28
-32
-38
-44
-50
-56
-62
-67
-71
-74
-75
-74
-71
-66
-58
-48
-36
-22
-7
9
27
44
61
77
89
99
103
103
98
87
70
47
20
-10
-44
-80
-116
-152
-186
-217
-245
-268
-287
-300
-308
-311
-308
-301
-288
-271
-250
-225
-196
-163
-127
-88
-46
-3
40
84
127
169
208
242
272
296
315
328
335
338
337
334
329
325
323
324
330
340
356
376
402
430
459
486
510
526
533
528
508
473
422
357
277
186
86
-18
-126
-233
-335
-431
-518
-593
-655
-704
-739
-760
-768
-763
-747
-721
-686
-645
-598
-549
-497
-444
-391
-340
-290
-241
-196
-152
-111
-72
-36
-2
29
60
89
117
143
170
195
220
245
268
291
312
331
347
361
371
377
380
378
373
364
352
338
322
307
292
279
268
259
254
250
249
250
250
250
247
240
229
212
189
159
123
81
34
-15
-67
-118
-167
-212
-251
-284
-310
-327
-338
-341
-338
-329
-316
-301
-283
-265
-247
-229
-213
-199
-186
-174
-164
-155
-145
-136
-126
-114
-100
-85
-68
-48
-28
-6
14
35
54
70
83
91
93
90
81
66
46
22
-4
-33
-62
-89
-113
-130
-141
-142
-134
-115
-84
-43
6
65
128
195
262
326
385
434
473
500
512
510
493
463
420
366
303
234
159
83
7
-65
-134
-197
-252
-298
-334
-361
-377
-383
-380
-369
-350
-326
-297
-265
-231
-196
-163
-132
-103
-77
-55
-37
-23
-13
-7
-4
-4
-7
-12
-18
-26
-33
-40
-47
-52
-55
-56
-54
-50
-43
-33
-20
-6
9
26
43
60
76
90
102
111
117
121
123
122
119
116
111
106
102
97
93
89
86
84
81
79
77
74
71
67
63
57
50
42
34
24
14
4
-5
-15
-24
-33
-40
-46
-51
-55
-58
-61
-63
-65
-68
-70
-72
-75
-79
-83
-87
-92
-97
-102
-107
-112
-117
-121
-125
-127
-129
-128
-126
-122
-116
-107
-95
-81
-65
-47
-28
-9
9
26
42
55
65
71
73
71
65
54
39
20
-1
-26
-52
-79
-106
-131
-153
-172
-186
-194
-196
-192
-182
-165
-142
-113
-80
-43
-3
38
80
121
160
196
228
254
276
293
304
312
316
318
318
317
316
314
312
309
305
298
287
272
250
223
188
146
98
44
-13
-74
-137
-198
-257
-310
-356
-393
-420
-436
-441
-435
-419
-393
-359
-319
-274
-227
-179
-131
-86
-44
-7
23
49
70
85
95
101
104
106
106
108
110
116
124
136
151
169
190
213
236
258
278
295
306
312
312
304
290
269
243
213
180
146
113
82
54
29
10
-5
-15
-22
-26
-27
-27
-26
-25
-25
-26
-28
-31
-35
-41
-47
-53
-59
-65
-71
-77
-84
-90
-97
-105
-115
-126
-138
-152
-166
-181
-196
-211
-223
-234
-241
-245
-246
-243
-236
-227
-216
-203
-189
-176
-163
-150
-139
-128
-118
-108
-97
-85
-71
-55
-36
-15
9
36
65
95
126
157
186
214
238
259
275
285
289
287
279
265
247
225
200
174
149
124
103
84
69
57
50
45
42
41
40
39
37
33
26
17
5
-9
-26
-45
-65
-86
-106
-126
-143
-159
-172
-181
-188
-193
-194
-195
-193
-191
-189
-186
-182
-178
-174
-169
-162
-154
-144
-132
-119
-104
-87
-70
-52
-34
-16
0
14
26
37
45
51
55
58
59
59
59
59
60
62
64
68
73
79
86
93
100
108
116
124
133
141
149
157
164
170
175
178
179
177
171
162
149
132
112
88
61
33
4
-25
-53
-80
-104
-124
-142
-156
-166
-174
-178
-181
-182
-182
-181
-181
-180
-180
-180
-181
-182
-182
-182
-181
-178
-174
-167
-157
-145
-129
-110
-88
-63
-36
-7
22
54
85
116
145
171
194
213
228
237
242
241
237
228
217
204
191
178
167
159
154
152
154
160
169
181
194
207
220
231
240
245
247
245
239
228
215
198
180
159
138
117
96
76
57
39
23
7
-8
-23
-40
-58
-79
-103
-130
-160
-195
-234
-276
-321
-369
-417
-465
-510
-552
-589
-618
-639
-650
-652
-642
-622
-592
-552
-505
-450
-390
-327
-261
-194
-127
-62
1
62
120
174
225
273
317
356
390
419
443
460
471
475
472
462
445
422
393
359
322
281
239
196
153
113
75
41
11
-13
-33
-48
-59
-67
-70
-72
-71
-69
-66
-63
-59
-56
-52
-48
-44
-39
-34
-29
-23
-16
-9
-1
6
14
21
28
34
39
42
43
43
40
34
27
18
8
-4
-17
-31
-45
-60
-74
-88
-101
-112
-123
-132
-139
-145
-150
-155
-158
-162
-165
-169
-174
-180
-187
-195
-203
-213
-222
-230
-237
-242
-243
-239
-231
-216
-194
-166
-131
-91
-45
3
54
106
156
203
245
281
309
329
340
342
336
323
303
279
251
222
194
167
144
125
112
105
105
110
122
138
158
181
206
230
252
272
288
298
302
299
289
272
248
219
184
145
103
60
17
-25
-66
-104
-139
-171
-198
-222
-243
-261
-276
-289
-301
-312
-321
-329
-336
-341
-344
-344
-340
-333
-321
-304
-282
-255
-224
-188
-148
-106
-62
-17
25
67
105
139
168
190
206
215
218
216
208
197
184
169
155
141
128
118
109
103
98
94
91
88
85
82
77
71
65
58
50
42
34
27
21
16
13
11
11
13
15
19
23
27
31
34
35
36
35
32
29
23
17
9
0
-9
-19
-29
-38
-47
-54
-60
-64
-65
-64
-61
-55
-47
-38
-27
-16
-4
7
18
28
37
44
49
52
53
51
47
41
34
26
18
10
3
-2
-6
-7
-7
-5
-1
3
8
13
17
20
20
17
11
1
-10
-26
-44
-63
-82
-100
-117
-130
-140
-147
-149
-148
-144
-137
-128
-118
-108
-98
-88
-79
-71
-64
-57
-50
-43
-35
-26
-17
-6
4
15
26
35
42
45
44
39
28
11
-10
-37
-68
-102
-137
-171
-204
-234
-259
-279
-292
-298
-297
-288
-273
-250
-222
-188
-150
-108
-64
-18
28
74
118
161
200
236
268
295
319
339
356
370
381
390
398
405
411
416
420
423
423
419
411
398
378
351
316
274
224
168
107
42
-24
-90
-155
-215
-269
-316
-354
-383
-401
-410
-409
-400
-384
-361
-335
-305
-274
-244
-215
-189
-167
-149
-135
-126
-121
-120
-122
-126
-130
-134
-137
-137
-135
-129
-120
-108
-92
-74
-54
-33
-11
10
31
51
69
85
99
110
118
124
128
129
129
127
125
122
120
117
116
116
117
119
123
127
132
137
141
145
146
145
142
137
129
119
107
93
78
63
49
36
24
15
8
3
1
0
0
-1
-2
-5
-11
-19
-31
-46
-64
-85
-106
-129
-150
-169
-184
-193
-197
-193
-182
-164
-138
-106
-69
-28
14
57
99
137
171
199
219
231
235
229
215
193
163
127
87
43
-1
-46
-90
-130
-166
-197
-221
-238
-248
-251
-247
-235
-217
-193
-164
-132
-96
-59
-22
14
49
81
109
133
150
162
167
167
161
150
134
116
96
75
54
34
15
0
-12
-22
-29
-33
-35
-35
-33
-30
-26
-22
-17
-13
-10
-7
-4
-2
-2
-1
-2
-4
-7
-11
-16
-21
-27
-33
-38
-43
-47
-51
-53
-53
-53
-51
-49
-45
-40
-35
-29
-22
-14
-6
2
12
22
32
42
51
60
67
73
77
79
78
74
69
61
52
41
30
19
8
0
-8
-15
-19
-21
-22
-20
-18
-15
-12
-9
-6
-5
-4
-4
-4
-5
-7
-8
-10
-11
-12
-12
-12
-11
-10
-8
-6
-4
-1
0
3
6
9
12
14
17
19
20
21
22
