178
140
98
56
17
-18
-47
-69
-82
-87
-85
-76
-62
-44
-25
-5
12
27
39
46
50
49
45
38
30
21
12
5
0
-2
-1
2
9
19
31
45
59
73
87
99
110
118
123
126
127
125
123
120
118
116
116
118
122
127
133
140
146
151
155
156
154
149
141
129
114
97
77
56
33
10
-12
-35
-56
-76
-94
-110
-125
-138
-150
-162
-173
-185
-196
-208
-221
-233
-246
-259
-271
-283
-294
-304
-313
-321
-328
-334
-339
-343
-344
-343
-340
-333
-321
-306
-285
-260
-231
-198
-162
-125
-88
-52
-19
11
37
60
78
93
106
118
130
145
162
184
210
242
277
316
356
396
433
465
489
502
503
490
462
419
362
293
215
130
42
-43
-123
-193
-249
-290
-313
-318
-306
-277
-234
-181
-119
-54
11
73
129
176
211
233
242
238
222
194
159
116
71
24
-20
-61
-96
-125
-147
-161
-167
-168
-163
-154
-143
-131
-119
-108
-100
-95
-93
-94
-99
-106
-116
-127
-139
-151
-163
-174
-184
-192
-198
-201
-202
-199
-193
-183
-169
-151
-128
-101
-69
-35
2
40
79
116
150
180
204
222
233
238
237
231
220
207
193
179
168
159
153
151
152
157
163
171
179
188
196
203
209
215
221
228
235
242
251
260
268
276
283
287
288
284
276
261
239
211
176
135
89
38
-15
-70
-125
-179
-228
-274
-313
-345
-371
-389
-400
-404
-402
-395
-382
-366
-346
-324
-300
-275
-250
-225
-200
-178
-157
-138
-122
-109
-99
-92
-87
-85
-84
-86
-89
-93
-98
-103
-108
-113
-117
-120
-122
-121
-117
-110
-99
-85
-66
-44
-18
9
38
68
98
124
147
165
177
182
179
169
151
126
94
58
19
-20
-59
-94
-123
-144
-155
-155
-142
-117
-79
-30
28
94
166
240
314
386
451
508
554
589
610
618
612
592
561
520
469
412
351
286
222
159
99
44
-5
-49
-85
-115
-137
-153
-163
-167
-167
-164
-158
-153
-148
-145
-145
-150
-158
-172
-191
-214
-241
-271
-303
-337
-371
-404
-436
-465
-489
-508
-521
-526
-523
-512
-492
-464
-427
-384
-334
-280
-223
-165
-107
-51
0
48
90
126
156
180
199
212
223
230
236
242
248
254
262
271
280
290
300
309
316
321
323
324
323
320
318
316
315
316
319
323
328
331
332
327
315
293
260
214
156
85
3
-87
-184
-283
-381
-474
-558
-630
-687
-727
-748
-750
-733
-698
-646
-581
-504
-419
-329
-239
-151
-69
2
64
113
147
167
173
166
148
120
85
45
2
-39
-79
-113
-141
-161
-171
-169
-157
-134
-101
-60
-13
36
88
139
188
234
276
314
348
379
406
429
448
464
474
480
480
473
460
439
411
376
334
287
234
179
121
64
8
-44
-93
-135
-172
-201
-222
-237
-245
-247
-244
-238
-230
-221
-212
-203
-197
-192
-190
-190
-192
-195
-199
-203
-207
-210
-212
-212
-212
-209
-205
-200
-194
-187
-180
-173
-166
-160
-154
-148
-142
-136
-130
-124
-116
-107
-97
-84
-68
-49
-26
0
32
67
108
152
200
250
301
352
402
449
492
529
559
583
598
606
607
602
591
577
559
540
520
501
483
467
451
437
421
404
382
355
321
279
226
164
92
12
-75
-167
-262
-356
-447
-530
-605
-667
-714
-745
-759
-754
-731
-691
-634
-564
-483
-395
-302
-208
-118
-34
41
104
155
192
215
223
220
205
182
151
116
79
42
7
-25
-52
-75
-93
-105
-113
-116
-117
-115
-111
-107
-102
-98
-94
-91
-87
-84
-81
-76
-71
-64
-55
-46
-35
-23
-10
1
14
26
37
48
56
63
68
69
68
63
54
41
24
3
-19
-44
-69
-93
-113
-127
-134
-132
-119
-97
-65
-24
22
73
125
175
219
255
279
291
290
275
247
210
164
114
62
14
-28
-62
-85
-96
-94
-79
-53
-18
23
68
114
156
193
222
240
247
242
224
193
151
98
36
-32
-107
-186
-267
-347
-426
-501
-571
-635
-691
-738
-775
-802
-818
-823
-816
-798
-768
-727
-676
-615
-546
-469
-386
-299
-210
-121
-33
50
128
199
261
314
358
391
416
431
438
439
433
424
411
397
383
369
358
349
343
341
342
346
352
360
368
375
380
382
380
372
359
339
313
281
245
204
161
119
78
41
11
-10
-22
-23
-12
11
47
93
149
211
278
345
411
471
523
563
590
601
596
573
533
476
404
317
219
112
-2
-119
-238
-354
-465
-567
-658
-737
-800
-847
-877
-889
-883
-861
-822
-769
-702
-625
-539
-446
-348
-250
-153
-59
27
105
173
227
269
295
308
306
292
267
233
194
151
107
66
28
-2
-26
-42
-50
-49
-42
-28
-9
11
34
56
77
95
110
120
126
127
123
114
101
83
60
32
0
-37
-79
-125
-176
-228
-281
-333
-381
-422
-453
-473
-479
-469
-443
-400
-342
-271
-189
-100
-7
84
172
252
320
374
413
435
440
430
406
370
326
275
220
165
112
62
18
-19
-50
-75
-92
-102
-106
-105
-99
-88
-74
-57
-37
-14
10
38
69
102
137
173
210
247
283
317
347
373
393
406
413
412
403
387
363
332
295
252
203
151
96
39
-18
-75
-131
-184
-233
-277
-316
-349
-374
-393
-403
-406
-402
-391
-373
-351
-324
-294
-262
-229
-196
-164
-135
-108
-84
-64
-48
-35
-25
-17
-11
-6
-1
4
12
21
33
47
63
81
100
119
138
155
171
185
195
202
204
201
194
180
160
135
103
66
23
-22
-72
-124
-177
-229
-279
-325
-365
-399
-425
-441
-448
-444
-431
-407
-375
-335
-290
-241
-191
-142
-96
-54
-19
9
31
46
56
61
64
64
65
66
68
71
76
81
87
92
97
101
104
107
109
113
119
128
141
159
183
212
247
288
333
383
435
489
543
594
640
680
711
732
741
738
721
692
651
599
537
467
391
311
227
140
52
-36
-125
-215
-304
-392
-479
-562
-640
-711
-774
-826
-864
-887
-893
-881
-849
-797
-726
-636
-529
-407
-274
-133
9
150
283
403
506
587
643
672
674
647
594
516
418
301
172
33
-109
-251
-388
-515
-630
-728
-807
-866
-903
-918
-912
-887
-844
-786
-716
-636
-550
-459
-367
-275
-184
-95
-9
73
153
231
306
380
452
522
590
655
715
770
818
857
884
898
897
880
846
795
727
644
548
441
328
212
99
-8
-105
-187
-252
-298
-323
-327
-312
-280
-234
-177
-114
-50
11
67
112
143
159
158
138
101
47
-21
-102
-193
-291
-390
-489
-583
-669
-743
-805
-851
-881
-895
-892
-873
-841
-797
-743
-682
-618
-551
-485
-421
-359
-302
-248
-196
-146
-95
-43
12
72
139
213
293
379
471
566
662
755
844
923
991
1043
1077
1090
1083
1054
1004
935
848
747
635
516
393
269
149
35
-70
-166
-249
-319
-377
-421
-452
-472
-482
-482
-476
-464
-448
-429
-409
-388
-368
-349
-330
-311
-294
-276
-258
-239
-218
-195
-170
-143
-113
-81
-47
-13
22
57
92
126
160
193
226
258
292
326
360
394
428
458
483
501
508
503
482
443
387
312
221
115
-1
-124
-249
-369
-479
-573
-647
-697
-719
-712
-676
-612
-523
-412
-285
-147
-3
138
271
392
492
570
620
641
632
594
526
433
319
187
44
-104
-252
-393
-522
-632
-719
-781
-814
-819
-796
-746
-673
-579
-471
-352
-227
-102
18
131
234
325
402
467
518
560
592
617
638
656
672
687
700
712
721
725
724
716
699
673
639
597
548
495
440
387
337
293
258
231
214
205
203
205
209
211
207
195
171
134
82
14
-68
-164
-271
-385
-502
-617
-726
-825
-907
-970
-1010
-1026
-1015
-977
-915
-829
-723
-602
-469
-331
-194
-63
55
157
237
291
317
315
283
224
142
40
-74
-197
-320
-437
-541
-627
-690
-726
-735
-715
-668
-596
-504
-396
-278
-156
-36
77
179
265
333
382
411
423
418
400
372
337
299
260
222
186
154
124
97
71
45
18
-11
-45
-84
-127
-175
-226
-279
-331
-381
-424
-457
-477
-481
-467
-434
-381
-309
-221
-121
-12
97
203
300
381
443
482
496
487
455
403
337
263
186
114
52
7
-16
-16
9
60
134
228
336
451
567
676
772
847
899
923
918
883
822
737
633
515
390
264
144
33
-60
-136
-189
-220
-226
-211
-176
-123
-58
14
90
165
233
290
331
355
357
338
296
231
147
45
-71
-198
-330
-463
-591
-711
-818
-908
-979
-1028
-1057
-1065
-1053
-1023
-980
-925
-863
-797
-729
-664
-603
-547
-499
-458
-424
-398
-378
-366
-359
-359
-363
-372
-384
-400
-418
-436
-454
-468
-476
-477
-467
-443
-405
-349
-275
-182
-71
56
198
353
515
682
848
1010
1162
1300
1421
1521
1597
1648
1671
1666
1634
1574
1488
1379
1248
1100
939
769
595
423
258
104
-33
-152
-249
-323
-373
-401
-409
-398
-373
-337
-293
-245
-196
-148
-103
-62
-26
5
33
59
85
110
138
168
200
235
270
304
336
363
383
393
392
378
351
311
259
194
120
38
-49
-140
-232
-321
-406
-483
-551
-608
-653
-685
-704
-712
-708
-694
-673
-647
-618
-587
-558
-531
-508
-490
-477
-468
-462
-459
-457
-455
-451
-444
-433
-417
-397
-372
-344
-311
-276
-240
-204
-168
-134
-103
-74
-50
-28
-9
6
22
38
55
74
95
119
144
170
195
217
235
246
249
244
229
205
173
135
94
52
11
-24
-53
-74
-85
-85
-74
-53
-23
14
58
107
158
212
265
317
366
413
455
494
527
554
575
589
594
590
577
554
521
478
425
364
296
223
146
69
-6
-78
-144
-203
-252
-291
-319
-335
-340
-335
-320
-296
-265
-230
-191
-150
-111
-74
-42
-17
0
7
5
-6
-28
-61
-102
-152
-208
-269
-332
-397
-461
-521
-577
-626
-667
-698
-719
-730
-729
-717
-694
-661
-618
-566
-507
-441
-370
-295
-218
-139
-60
17
92
165
233
296
354
405
449
487
517
539
555
564
567
565
557
545
529
510
486
459
428
393
355
313
268
220
171
121
70
21
-26
-72
-115
-154
-191
-223
-250
-272
-288
-296
-295
-283
-260
-224
-175
-111
-33
56
158
269
387
508
628
743
849
942
1018
1074
1108
1117
1101
1060
996
912
809
693
567
435
302
172
49
-65
-167
-257
-332
-392
-437
-469
-489
-498
-498
-491
-480
-466
-451
-438
-426
-416
-410
-407
-405
-405
-405
-403
-397
-386
-369
-344
-311
-269
-220
-164
-104
-43
17
73
121
159
183
191
184
159
118
62
-6
-83
-164
-246
-323
-392
-447
-487
-508
-512
-497
-466
-421
-366
-304
-239
-173
-110
-52
0
45
82
114
139
159
176
190
203
217
232
250
269
292
317
344
373
402
431
458
482
