-161
-105
-53
-7
31
65
92
114
131
144
154
162
170
177
184
192
201
209
217
223
227
228
224
216
202
182
157
127
93
57
19
-18
-53
-84
-109
-128
-139
-142
-137
-125
-105
-81
-52
-20
11
43
73
100
124
142
156
164
167
165
159
148
133
114
94
71
48
25
2
-18
-36
-52
-64
-73
-78
-80
-81
-80
-79
-79
-80
-85
-92
-103
-118
-136
-156
-179
-202
-225
-246
-264
-279
-289
-294
-293
-286
-274
-256
-233
-205
-173
-137
-98
-57
-15
27
70
113
153
191
225
255
279
298
310
316
314
306
291
269
242
209
173
134
93
53
13
-23
-57
-87
-113
-133
-148
-158
-163
-163
-159
-152
-141
-126
-109
-90
-69
-47
-24
-1
21
43
63
82
98
113
124
133
139
141
140
136
128
118
106
91
76
60
45
31
19
8
0
-6
-11
-16
-20
-25
-32
-40
-49
-60
-72
-84
-95
-105
-112
-115
-114
-107
-95
-78
-56
-31
-3
25
53
79
101
118
129
133
131
123
109
90
68
45
21
0
-19
-34
-44
-49
-49
-43
-33
-21
-7
6
18
27
31
31
25
15
1
-16
-35
-54
-72
-88
-99
-105
-106
-100
-89
-72
-52
-28
-3
21
44
63
78
88
93
93
88
81
71
62
54
48
47
51
60
73
92
113
138
163
187
209
228
242
250
252
247
235
217
193
164
131
95
57
19
-16
-50
-80
-104
-122
-132
-135
-129
-116
-95
-68
-36
-1
34
71
105
135
160
179
190
193
189
175
155
127
93
54
12
-32
-78
-123
-167
-209
-247
-282
-312
-337
-357
-373
-383
-389
-389
-385
-376
-363
-346
-326
-302
-275
-247
-217
-186
-154
-122
-91
-62
-33
-7
17
39
59
77
92
106
119
131
143
155
167
180
194
208
222
236
250
262
272
279
282
281
275
264
247
225
196
162
122
78
30
-20
-73
-126
-178
-227
-273
-313
-347
-372
-389
-397
-396
-385
-364
-335
-299
-255
-207
-154
-99
-44
9
59
105
144
176
200
215
221
219
210
194
174
151
126
102
80
61
47
37
31
30
31
34
37
40
40
37
29
17
0
-21
-47
-75
-105
-136
-166
-194
-217
-235
-247
-252
-250
-240
-222
-198
-167
-132
-92
-49
-4
40
86
130
172
211
246
277
304
324
339
348
351
348
339
325
305
280
250
216
178
137
93
48
1
-44
-89
-132
-172
-208
-238
-263
-280
-291
-295
-291
-280
-263
-240
-212
-179
-144
-106
-69
-32
2
34
61
84
100
111
117
118
116
111
104
99
95
95
99
108
124
144
171
202
237
274
311
348
382
412
436
454
465
467
462
448
427
398
363
321
275
225
173
118
63
9
-42
-92
-138
-180
-216
-248
-274
-294
-310
-321
-328
-332
-335
-336
-338
-341
-346
-353
-362
-375
-389
-406
-422
-439
-453
-465
-472
-473
-468
-456
-435
-408
-372
-330
-282
-230
-175
-119
-65
-12
35
77
112
139
158
169
172
167
157
140
120
98
74
51
29
9
-7
-21
-32
-40
-45
-48
-49
-48
-46
-43
-39
-35
-30
-25
-19
-12
-5
2
11
20
30
40
50
60
71
81
91
101
111
119
127
135
141
146
151
156
159
163
165
167
167
165
161
155
147
136
122
107
90
73
55
37
21
6
-7
-19
-30
-38
-46
-51
-55
-58
-60
-60
-60
-59
-58
-57
-57
-58
-61
-64
-70
-76
-84
-93
-103
-113
-124
-133
-141
-148
-153
-155
-155
-151
-145
-136
-125
-113
-98
-84
-68
-53
-38
-23
-8
7
25
44
67
94
124
159
198
240
286
332
379
424
466
503
533
555
568
571
563
543
513
471
420
360
293
220
144
66
-11
-88
-161
-229
-293
-349
-398
-439
-470
-492
-504
-506
-496
-476
-446
-406
-357
-303
-243
-180
-118
-56
0
52
96
134
163
185
201
212
219
224
228
233
238
245
252
259
265
268
268
262
250
230
203
167
125
75
20
-37
-97
-157
-213
-263
-305
-336
-356
-362
-354
-332
-298
-251
-194
-130
-62
8
79
146
208
262
308
344
370
384
389
383
367
343
310
271
227
179
129
77
25
-24
-72
-118
-160
-198
-233
-265
-294
-320
-344
-367
-387
-406
-423
-437
-450
-460
-466
-469
-468
-462
-451
-435
-413
-384
-350
-310
-265
-215
-161
-105
-48
8
64
116
163
205
239
266
285
296
300
295
285
269
249
227
203
179
155
134
115
99
85
74
63
54
45
35
25
13
1
-11
-24
-36
-47
-55
-61
-62
-60
-54
-43
-29
-11
10
34
60
87
114
140
163
182
195
203
202
193
175
148
112
68
17
-38
-97
-156
-214
-266
-312
-347
-370
-380
-375
-354
-317
-266
-202
-126
-43
43
132
218
298
368
426
469
496
508
504
486
457
418
372
323
274
226
182
142
108
77
51
28
7
-12
-31
-50
-68
-86
-102
-116
-125
-131
-130
-123
-110
-91
-65
-35
0
36
74
110
144
172
194
207
210
204
186
159
121
74
20
-40
-104
-170
-236
-299
-356
-407
-449
-480
-501
-509
-506
-491
-466
-433
-393
-347
-299
-249
-199
-152
-108
-69
-35
-7
14
30
42
51
56
60
63
68
74
82
92
106
122
139
158
176
194
210
222
231
235
235
230
220
207
190
170
149
126
102
78
53
29
4
-20
-45
-70
-94
-116
-136
-152
-163
-168
-165
-155
-136
-108
-72
-28
22
78
137
198
258
314
365
407
440
462
471
467
450
421
382
334
278
218
156
93
32
-25
-78
-127
-169
-206
-237
-263
-286
-305
-322
-337
-352
-367
-382
-397
-411
-426
-438
-449
-457
-461
-460
-453
-441
-422
-398
-367
-331
-291
-247
-200
-152
-103
-56
-11
30
66
97
121
138
146
146
136
116
88
50
3
-50
-111
-177
-246
-316
-385
-450
-510
-563
-606
-639
-661
-672
-673
-663
-644
-617
-585
-547
-506
-462
-417
-371
-323
-274
-223
-169
-111
-50
15
86
162
241
323
406
488
567
641
709
767
815
853
879
895
902
900
891
878
863
847
833
820
810
804
799
795
791
785
774
756
731
695
648
590
521
441
353
259
160
61
-37
-130
-217
-295
-363
-419
-463
-495
-515
-526
-528
-524
-514
-501
-486
-472
-457
-445
-434
-424
-416
-408
-399
-389
-376
-361
-341
-317
-289
-256
-220
-181
-139
-97
-55
-14
23
58
87
111
130
142
148
148
144
136
125
113
100
88
77
68
61
56
53
51
50
49
48
45
41
36
29
21
12
3
-5
-12
-18
-21
-20
-16
-7
6
24
48
78
112
152
195
243
292
342
391
437
477
509
533
546
547
537
515
483
441
391
337
279
220
164
110
62
21
-12
-38
-56
-66
-70
-68
-62
-52
-41
-30
-19
-10
-3
0
0
-3
-10
-20
-33
-48
-65
-83
-101
-119
-136
-151
-164
-174
-183
-188
-192
-194
-194
-193
-191
-188
-186
-184
-182
-180
-178
-176
-174
-171
-168
-166
-163
-161
-159
-160
-162
-168
-178
-193
-213
-239
-271
-309
-352
-399
-448
-498
-545
-587
-621
-645
-655
-651
-632
-596
-547
-483
-410
-329
-244
-159
-78
-4
59
112
151
178
192
195
189
177
161
145
132
122
118
121
131
146
166
189
213
235
252
263
265
258
240
213
177
134
86
38
-8
-50
-82
-103
-111
-104
-82
-46
2
61
125
193
259
319
369
408
432
439
429
403
361
305
238
162
80
-3
-87
-166
-240
-304
-358
-400
-430
-447
-453
-447
-432
-409
-381
-349
-315
-282
-250
-221
-195
-172
-152
-132
-113
-93
-69
-42
-10
27
71
122
178
239
304
371
437
499
556
603
638
660
666
654
626
582
524
454
377
295
212
133
62
0
-47
-82
-102
-109
-102
-86
-62
-35
-7
17
35
44
42
27
0
-40
-91
-152
-219
-289
-360
-426
-485
-533
-566
-584
-582
-560
-518
-456
-375
-278
-168
-49
74
198
316
424
517
590
642
670
673
653
611
550
475
389
297
206
118
39
-27
-80
-117
-137
-142
-131
-108
-74
-31
15
65
116
166
213
256
293
326
353
375
392
404
410
413
410
403
392
376
356
331
301
266
226
180
129
73
13
-50
-117
-186
-254
-321
-384
-442
-494
-536
-570
-593
-605
-606
-596
-576
-547
-511
-468
-420
-370
-319
-269
-220
-174
-132
-93
-59
-29
-2
20
41
58
73
86
96
103
107
107
103
94
81
62
38
9
-23
-61
-100
-142
-182
-221
-255
-284
-305
-318
-320
-313
-295
-268
-233
-191
-144
-96
-49
-4
33
63
84
95
96
88
72
51
27
3
-18
-35
-46
-49
-42
-27
-3
29
68
112
159
206
253
296
335
366
389
404
409
405
393
373
346
312
273
230
182
131
75
16
-45
-110
-177
-246
-314
-380
-443
-499
-546
-582
-604
-611
-602
-575
-531
-470
-394
-305
-205
-98
12
124
234
337
432
516
586
642
682
705
711
699
670
622
556
473
374
258
129
-12
-163
-320
-479
-636
-788
-929
-1055
-1162
-1246
-1305
-1337
-1340
-1315
-1261
-1182
-1080
-958
-821
-672
-516
-356
-197
-42
105
245
374
491
595
687
767
834
890
936
974
1003
1027
1045
1060
1070
1077
1079
1074
1062
1040
1005
956
890
805
700
576
432
271
95
-91
-284
-478
-666
-844
-1004
-1143
-1255
-1339
-1390
-1410
-1397
-1354
-1282
-1186
-1069
-935
-788
-634
-476
-317
-163
-15
124
252
369
473
566
647
718
779
832
879
918
951
977
997
1008
1010
1001
981
949
905
850
783
708
625
538
449
360
273
191
115
47
-13
-66
-112
-151
-185
-214
-239
-261
-281
-298
-312
-322
-327
-326
-319
-305
-283
-254
-220
-180
-138
-94
-53
-15
16
41
57
65
62
51
32
6
-25
-62
-102
-145
-189
-235
-281
-328
-375
-421
-467
-511
-553
-590
-623
-649
-668
-678
-677
-665
-640
-603
-554
-492
-421
-340
-254
-164
-76
8
86
154
208
249
274
285
281
265
240
208
173
138
106
80
63
55
59
74
100
135
177
225
275
325
372
415
451
479
499
511
514
511
502
490
475
460
446
434
425
418
415
414
414
415
414
410
402
387
363
328
282
222
150
64
-31
-138
-251
-367
-482
-592
-693
-783
-857
-914
-954
-975
-980
-968
-944
-909
-865
-816
-764
-710
-655
-601
-547
-492
-435
-376
-314
-247
-175
-97
-15
70
158
246
332
414
489
555
609
650
676
687
680
658
619
566
500
425
343
257
171
88
10
-60
-121
-174
-218
-255
-286
-314
-340
-367
-397
-431
-468
-510
-554
-598
-641
-678
-708
-726
-731
-721
-694
-650
-590
-515
-428
-332
-230
-126
-24
73
163
243
311
366
409
438
455
461
458
447
431
411
390
370
354
343
340
345
359
