23
39
55
69
81
92
101
108
114
118
121
123
126
130
136
145
159
178
201
231
265
304
345
388
430
469
501
523
534
531
512
476
421
349
261
159
45
-76
-201
-327
-447
-559
-659
-743
-809
-856
-883
-890
-877
-846
-799
-737
-664
-581
-493
-400
-306
-213
-122
-37
41
112
175
228
271
303
325
337
339
333
318
296
269
237
203
166
129
92
56
22
-11
-42
-72
-100
-127
-151
-174
-193
-209
-221
-228
-231
-227
-218
-203
-183
-158
-130
-98
-65
-31
1
32
61
86
109
127
143
157
169
181
192
203
213
224
233
241
245
245
240
228
210
185
153
115
72
25
-23
-73
-121
-166
-205
-238
-263
-278
-282
-275
-257
-229
-190
-142
-87
-26
36
101
164
223
276
320
355
378
388
387
373
348
313
270
221
167
113
58
5
-43
-87
-126
-160
-188
-211
-229
-243
-254
-262
-267
-270
-271
-269
-264
-255
-242
-223
-199
-169
-133
-90
-41
13
71
133
195
257
317
373
422
462
494
514
522
519
503
476
439
392
339
279
216
151
86
22
-38
-95
-148
-196
-239
-277
-311
-340
-365
-386
-404
-419
-432
-441
-446
-448
-446
-438
-425
-406
-380
-347
-308
-263
-213
-159
-104
-49
3
52
97
134
164
186
199
204
201
191
175
154
129
101
71
39
7
-25
-59
-93
-128
-162
-197
-232
-266
-299
-330
-359
-383
-402
-415
-420
-417
-405
-384
-353
-312
-262
-204
-138
-66
10
90
172
252
330
404
473
534
586
630
663
687
700
703
695
679
653
619
577
529
476
419
358
296
232
168
104
41
-21
-82
-141
-199
-255
-308
-358
-404
-446
-482
-512
-535
-550
-557
-555
-545
-527
-501
-468
-428
-382
-332
-278
-223
-166
-110
-56
-4
42
83
119
148
170
184
191
192
187
177
164
148
132
116
104
94
90
92
99
113
132
156
183
213
243
270
294
312
322
324
316
299
273
239
198
153
105
58
12
-29
-65
-95
-118
-133
-142
-144
-141
-134
-125
-115
-105
-97
-90
-86
-84
-84
-84
-83
-81
-75
-65
-50
-29
-3
26
60
97
133
168
199
224
242
252
252
243
224
197
163
123
80
35
-8
-50
-87
-118
-142
-159
-168
-169
-163
-150
-133
-111
-86
-60
-32
-5
21
46
70
92
112
130
146
160
173
184
193
201
207
210
211
211
208
203
197
190
183
177
172
169
168
170
174
181
189
199
209
219
228
234
237
235
229
215
195
167
130
85
32
-28
-96
-169
-245
-322
-398
-470
-536
-594
-642
-680
-706
-721
-724
-718
-702
-678
-647
-612
-574
-533
-492
-452
-412
-374
-338
-304
-271
-239
-206
-173
-138
-101
-62
-20
24
71
119
169
219
268
315
359
398
432
460
481
494
500
498
489
473
451
425
394
361
327
292
258
226
197
171
149
131
116
104
94
85
77
68
57
44
28
9
-13
-38
-67
-97
-130
-163
-197
-230
-263
-293
-321
-346
-369
-387
-402
-414
-422
-427
-429
-427
-422
-413
-401
-386
-366
-343
-316
-286
-251
-213
-172
-129
-82
-34
15
65
116
166
214
259
299
334
361
380
390
390
379
359
329
290
245
195
141
87
33
-15
-60
-97
-127
-148
-159
-161
-155
-141
-121
-95
-66
-34
-1
31
64
94
122
147
167
183
193
196
194
185
169
147
119
86
49
8
-34
-78
-121
-162
-199
-232
-259
-279
-291
-296
-293
-283
-265
-242
-215
-184
-152
-119
-86
-55
-26
0
23
45
64
81
97
112
127
141
155
168
182
195
208
220
230
239
246
249
250
247
240
229
214
194
171
144
114
81
47
11
-23
-58
-90
-121
-148
-171
-190
-205
-214
-219
-219
-216
-208
-198
-186
-172
-158
-142
-127
-111
-96
-81
-66
-51
-36
-19
-2
16
37
59
83
108
134
161
188
215
241
265
288
309
327
341
351
356
356
350
338
319
293
260
221
177
127
74
20
-35
-88
-139
-185
-224
-256
-279
-293
-297
-293
-279
-258
-231
-200
-165
-130
-95
-62
-31
-3
20
40
57
71
83
93
101
107
112
116
119
121
122
122
120
116
109
101
90
76
61
43
24
4
-15
-32
-48
-59
-67
-69
-65
-56
-42
-22
2
30
60
93
125
157
188
215
240
260
275
286
291
290
283
271
252
227
195
156
112
62
7
-50
-111
-173
-235
-295
-351
-403
-450
-491
-525
-554
-576
-592
-601
-604
-600
-589
-571
-547
-515
-476
-431
-380
-323
-260
-193
-123
-51
22
95
167
234
297
352
399
435
461
476
478
469
449
418
378
330
276
216
154
92
30
-27
-80
-127
-165
-194
-212
-219
-216
-202
-178
-145
-105
-59
-9
43
95
145
192
233
268
295
313
321
321
312
295
271
242
210
175
140
107
76
48
25
6
-7
-17
-23
-27
-30
-31
-33
-36
-40
-45
-51
-59
-66
-73
-80
-84
-87
-88
-86
-82
-76
-68
-59
-50
-41
-32
-25
-20
-17
-17
-19
-24
-31
-39
-49
-60
-72
-83
-96
-108
-121
-135
-150
-165
-181
-198
-216
-235
-253
-271
-289
-304
-318
-329
-338
-342
-343
-340
-333
-322
-307
-288
-266
-242
-217
-189
-161
-133
-105
-78
-52
-26
-3
19
40
59
77
93
107
120
130
139
145
149
152
153
152
151
149
148
147
147
150
154
161
170
182
196
212
230
249
268
288
307
326
343
358
371
381
388
390
387
377
361
336
303
260
209
150
84
14
-58
-131
-200
-262
-316
-358
-388
-403
-405
-394
-370
-337
-296
-250
-200
-151
-103
-58
-17
18
47
72
91
105
115
121
125
126
125
123
121
118
114
110
106
102
97
92
86
79
71
61
50
38
24
8
-8
-27
-47
-69
-93
-118
-144
-171
-197
-224
-249
-272
-293
-309
-320
-326
-326
-320
-307
-289
-264
-236
-203
-168
-131
-94
-58
-23
10
41
69
95
119
140
160
178
194
208
221
231
239
245
247
247
243
236
226
214
199
183
165
148
130
113
98
85
74
66
60
57
57
59
63
69
77
86
97
108
120
134
148
162
177
192
207
220
232
242
248
250
247
238
223
202
174
139
98
53
3
-48
-102
-154
-204
-250
-289
-322
-347
-363
-371
-371
-364
-349
-330
-305
-277
-247
-215
-182
-149
-117
-86
-56
-29
-4
17
36
53
66
76
83
89
92
93
92
89
84
76
66
53
38
20
0
-22
-45
-69
-92
-114
-134
-151
-165
-174
-179
-180
-175
-166
-152
-134
-112
-87
-59
-29
0
30
58
83
104
121
133
140
141
138
129
117
102
85
66
47
28
10
-7
-23
-38
-52
-64
-76
-88
-100
-112
-125
-139
-155
-171
-187
-205
-222
-238
-253
-265
-274
-278
-278
-271
-258
-238
-212
-179
-141
-98
-52
-3
47
98
148
195
239
278
312
340
361
375
382
382
376
364
348
329
307
284
261
240
221
204
191
180
171
164
159
153
146
137
125
110
91
67
40
10
-22
-57
-92
-126
-159
-188
-213
-234
-250
-260
-265
-265
-260
-251
-238
-222
-204
-185
-165
-146
-130
-116
-106
-101
-101
-105
-114
-128
-145
-163
-183
-202
-219
-233
-244
-250
-251
-248
-240
-228
-213
-194
-173
-149
-122
-92
-59
-23
15
58
105
154
207
262
319
376
434
490
544
593
638
676
706
727
738
737
724
699
661
612
552
483
405
320
230
138
45
-46
-135
-220
-298
-367
-428
-479
-518
-546
-563
-568
-562
-545
-518
-482
-437
-384
-325
-262
-195
-127
-61
2
61
113
156
189
211
221
219
205
180
145
101
52
-1
-57
-112
-163
-210
-249
-280
-301
-313
-316
-309
-294
-273
-246
-215
-182
-148
-115
-83
-54
-29
-8
7
18
24
27
25
21
16
11
8
7
10
19
33
54
81
114
152
193
235
276
313
345
368
380
382
371
349
316
274
225
172
118
66
18
-23
-56
-79
-91
-92
-82
-62
-33
2
44
89
133
175
211
239
258
264
258
239
208
167
116
59
-1
-64
-125
-183
-235
-281
-318
-346
-364
-373
-374
-365
-350
-329
-303
-274
-244
-214
-186
-160
-139
-122
-110
-104
-103
-106
-113
-122
-133
-144
-153
-159
-161
-158
-148
-133
-111
-84
-52
-16
20
59
96
132
165
193
216
234
246
253
254
250
241
229
215
199
181
163
146
129
113
97
83
68
54
40
26
11
-4
-21
-38
-55
-73
-90
-106
-120
-131
-140
-144
-145
-140
-132
-118
-100
-78
-53
-25
4
34
65
95
123
148
170
188
203
212
217
217
212
203
190
173
153
130
104
77
48
19
-10
-38
-64
-87
-105
-117
-123
-121
-111
-94
-68
-36
0
40
82
124
163
197
225
244
255
257
250
234
209
179
143
103
62
20
-19
-58
-93
-125
-152
-175
-194
-208
-219
-227
-232
-235
-236
-236
-236
-235
-235
-235
-236
-238
-240
-243
-244
-244
-242
-237
-229
-217
-203
-185
-166
-147
-128
-112
-100
-93
-92
-98
-112
-134
-162
-197
-236
-278
-320
-360
-397
-426
-447
-457
-455
-439
-408
-364
-304
-232
-148
-54
47
154
264
374
481
582
673
753
817
863
889
895
878
839
779
699
601
489
367
238
107
-21
-142
-253
-349
-427
-487
-526
-545
-545
-527
-493
-448
-392
-331
-266
-200
-137
-78
-25
20
58
88
111
126
133
135
131
122
110
95
79
62
45
30
16
6
0
-3
-2
3
14
30
50
74
102
132
163
195
225
252
275
292
302
305
298
283
260
228
190
148
101
54
7
-36
-76
-110
-136
-155
-165
-166
-159
-145
-125
-99
-70
-39
-8
21
49
73
92
107
116
120
120
115
108
97
85
71
57
41
26
10
-6
-22
-39
-56
-73
-89
-105
-118
-131
-140
-147
-151
-151
-147
-140
-130
-117
-101
-83
-64
-46
-27
-10
4
16
25
32
36
37
36
34
31
29
28
29
32
37
46
57
70
85
101
117
133
147
159
168
173
175
174
169
162
153
142
131
120
110
102
97
93
93
95
101
109
119
132
146
161
177
192
206
218
226
229
227
219
205
183
156
122
84
41
-3
-49
-96
-141
-183
-223
-258
-289
-315
-337
-354
-365
-373
-375
-372
-364
-352
-335
-314
-290
-263
-234
-205
-177
-151
-127
-107
-91
-79
-71
-66
-64
-63
-63
-64
-65
-66
-66
-67
-67
-68
-70
-73
-78
-84
-93
-103
-114
-127
-139
-151
-161
-169
-172
-170
-161
-146
-123
-94
-57
-15
30
79
127
173
215
249
275
290
293
283
260
225
178
122
59
-7
-74
-140
-200
-253
-295
-326
-345
-352
-348
-334
-312
-284
-251
-217
-183
-150
-119
-93
-70
-52
-37
-27
-20
-15
-12
-9
-7
-5
-2
0
5
11
19
