926
978
1013
1029
1025
999
953
889
809
719
622
524
430
347
277
226
194
183
192
219
261
311
366
417
459
487
495
479
438
372
282
173
50
-80
-212
-339
-453
-550
-624
-674
-698
-696
-670
-623
-559
-484
-401
-318
-239
-168
-109
-66
-39
-29
-33
-51
-79
-114
-150
-184
-211
-229
-233
-223
-198
-157
-102
-37
34
110
183
248
302
339
357
353
326
278
212
130
39
-56
-150
-238
-313
-373
-414
-435
-434
-412
-371
-312
-239
-153
-58
42
146
251
354
453
546
631
708
775
832
880
917
945
963
973
974
966
950
927
897
860
817
769
716
657
594
526
452
374
290
202
110
15
-79
-175
-267
-354
-434
-504
-564
-611
-644
-664
-670
-665
-649
-626
-599
-570
-543
-522
-509
-507
-516
-539
-574
-621
-676
-739
-804
-869
-928
-978
-1017
-1040
-1046
-1033
-1002
-953
-887
-806
-713
-610
-502
-391
-280
-172
-71
22
105
177
238
287
327
358
382
402
419
435
452
470
490
511
533
554
572
586
593
593
584
566
540
507
466
421
371
318
265
210
157
104
53
4
-41
-85
-127
-166
-203
-237
-269
-298
-326
-353
-378
-402
-424
-446
-465
-484
-499
-512
-520
-523
-519
-507
-486
-456
-415
-363
-303
-234
-161
-84
-9
61
124
177
216
241
251
246
226
195
153
104
51
-4
-58
-109
-156
-196
-229
-253
-269
-277
-276
-267
-251
-228
-198
-162
-121
-75
-25
27
84
143
205
267
329
391
452
510
565
615
661
700
731
756
772
781
782
776
765
748
727
703
677
649
620
590
559
528
496
463
429
394
357
318
275
228
175
116
50
-23
-104
-192
-284
-380
-475
-568
-654
-731
-797
-850
-889
-912
-922
-918
-902
-876
-843
-805
-763
-720
-677
-637
-600
-567
-538
-514
-494
-476
-460
-444
-426
-404
-376
-341
-297
-244
-181
-109
-27
63
159
261
364
468
569
666
755
836
906
964
1011
1047
1072
1087
1095
1098
1097
1094
1091
1090
1092
1096
1104
1113
1124
1134
1141
1143
1137
1121
1092
1049
990
915
825
719
600
470
332
187
39
-108
-256
-400
-539
-672
-797
-913
-1019
-1115
-1198
-1268
-1323
-1363
-1386
-1393
-1384
-1359
-1318
-1265
-1202
-1130
-1055
-979
-906
-841
-785
-743
-716
-703
-705
-719
-743
-773
-804
-833
-854
-866
-866
-851
-821
-777
-719
-650
-572
-486
-395
-301
-206
-110
-15
77
167
254
338
419
495
568
637
702
764
821
874
922
963
997
1023
1039
1043
1035
1014
979
930
866
790
701
603
496
384
269
154
43
-61
-156
-241
-312
-368
-409
-435
-446
-442
-426
-399
-362
-318
-268
-216
-161
-108
-56
-8
34
71
100
120
131
131
121
101
70
30
-18
-73
-133
-196
-260
-322
-379
-430
-473
-506
-528
-539
-537
-524
-500
-466
-424
-376
-322
-266
-208
-149
-92
-35
18
71
123
172
221
267
312
355
395
431
462
486
502
510
506
492
466
428
379
321
256
185
111
38
-31
-96
-152
-199
-235
-262
-278
-288
-292
-295
-299
-310
-329
-360
-405
-466
-543
-634
-738
-852
-971
-1090
-1204
-1308
-1396
-1464
-1509
-1526
-1514
-1472
-1398
-1294
-1161
-999
-813
-604
-375
-131
123
385
650
913
1171
1417
1650
1866
2062
2235
2384
2508
2606
2678
2723
2740
2731
2696
2634
2548
2439
2309
2161
2000
1829
1654
1480
1312
1156
1017
899
805
736
694
678
686
713
756
810
867
921
965
994
1000
979
926
840
719
563
374
153
-93
-364
-652
-953
-1260
-1568
-1870
-2160
-2433
-2683
-2906
-3097
-3254
-3374
-3456
-3501
-3507
-3478
-3413
-3315
-3186
-3028
-2843
-2633
-2401
-2149
-1882
-1602
-1314
-1021
-729
-442
-167
92
332
547
733
890
1013
1104
1163
1192
1194
1173
1133
1080
1020
957
898
848
809
785
778
789
817
860
915
979
1047
1116
1181
1238
1284
1316
1333
1335
1321
1293
1253
1204
1147
1085
1021
954
888
821
754
686
616
544
467
386
298
204
103
-3
-117
-235
-357
-480
-603
-725
-841
-952
-1053
-1142
-1219
-1279
-1323
-1348
-1354
-1341
-1309
-1258
-1192
-1111
-1020
-921
-817
-714
-614
-521
-437
-366
-308
-264
-236
-221
-220
-230
-250
-278
-312
-350
-391
-433
-475
-518
-559
-600
-639
-676
-711
-745
-775
-802
-824
-842
-853
-857
-854
-843
-823
-795
-760
-719
-672
-621
-568
-514
-460
-407
-358
-311
-268
-230
-195
-164
-136
-110
-87
-64
-40
-14
15
51
95
150
216
295
388
495
615
746
885
1029
1173
1312
1440
1551
1641
1704
1736
1736
1702
1635
1539
1416
1273
1117
953
789
633
489
363
259
179
124
95
89
105
139
189
251
320
393
467
540
608
669
724
771
810
842
866
883
895
901
903
899
891
879
861
837
807
769
724
670
607
535
454
365
270
168
64
-41
-146
-247
-341
-426
-500
-562
-611
-646
-668
-680
-683
-680
-674
-668
-664
-666
-674
-689
-712
-742
-778
-818
-860
-902
-940
-974
-1001
-1021
-1033
-1036
-1030
-1017
-996
-968
-935
-897
-854
-806
-755
-699
-639
-574
-504
-429
-349
-265
-177
-87
3
93
181
263
339
407
465
513
550
577
593
599
597
587
572
552
529
504
478
451
426
401
377
355
335
317
300
285
273
262
254
247
243
241
242
245
252
262
275
292
313
337
364
393
424
455
485
513
537
555
566
569
562
544
515
475
425
365
297
224
147
69
-7
-82
-152
-217
-276
-328
-373
-412
-446
-476
-503
-529
-555
-583
-614
-648
-686
-728
-774
-822
-872
-922
-972
-1019
-1064
-1106
-1142
-1174
-1199
-1219
-1231
-1235
-1231
-1219
-1197
-1166
-1125
-1075
-1017
-952
-881
-806
-729
-651
-573
-498
-426
-357
-291
-229
-168
-109
-49
11
74
141
212
288
367
451
537
624
711
796
876
950
1015
1070
1113
1142
1157
1157
1141
1110
1065
1006
936
856
770
679
588
499
416
341
279
230
197
182
185
205
240
288
346
410
476
537
591
632
657
662
647
611
555
481
392
291
185
77
-27
-124
-209
-279
-331
-364
-377
-370
-345
-302
-244
-175
-96
-12
74
159
240
313
375
425
460
479
483
470
441
397
339
269
190
103
12
-80
-172
-258
-336
-403
-456
-493
-513
-516
-503
-476
-438
-394
-348
-304
-268
-242
-230
-234
-254
-289
-339
-401
-470
-542
-614
-680
-736
-778
-802
-808
-792
-756
-700
-625
-536
-434
-324
-209
-94
18
125
225
316
397
468
530
583
627
666
699
729
757
783
809
835
862
888
913
936
955
969
974
969
952
921
875
812
731
635
522
395
257
111
-39
-190
-337
-475
-601
-711
-801
-869
-916
-940
-942
-926
-892
-845
-788
-724
-658
-592
-528
-469
-416
-370
-331
-300
-274
-255
-240
-228
-218
-209
-200
-191
-180
-168
-156
-143
-130
-119
-108
-99
-90
-82
-74
-64
-53
-38
-19
4
34
70
112
160
212
270
331
393
456
517
573
623
664
693
708
707
689
653
598
526
438
335
220
96
-32
-163
-293
-418
-536
-642
-735
-813
-874
-917
-942
-951
-943
-920
-885
-840
-789
-733
-675
-619
-565
-517
-474
-438
-408
-384
-364
-349
-334
-320
-304
-283
-258
-228
-192
-151
-106
-60
-15
25
60
84
97
94
76
43
-5
-66
-135
-209
-281
-345
-395
-426
-433
-411
-360
-280
-173
-45
99
252
406
552
683
793
875
928
948
938
899
835
752
656
552
448
350
262
189
132
95
76
75
89
116
153
197
245
295
345
393
439
484
528
571
614
659
707
758
812
868
925
982
1037
1086
1126
1156
1171
1169
1149
1107
1043
956
848
720
574
413
243
67
-108
-278
-437
-580
-703
-803
-876
-922
-942
-937
-909
-864
-806
-739
-669
-600
-537
-483
-441
-410
-392
-384
-387
-396
-409
-424
-437
-446
-449
-446
-435
-418
-396
-370
-341
-312
-285
-262
-243
-230
-224
-223
-229
-240
-255
-274
-293
-314
-333
-351
-365
-377
-384
-389
-390
-388
-384
-379
-372
-365
-358
-349
-339
-328
-314
-297
-277
-252
-223
-190
-152
-110
-64
-14
38
94
150
207
262
316
365
409
446
475
496
508
510
504
490
469
442
412
379
346
315
287
264
246
236
232
234
243
257
275
296
318
340
360
377
389
395
395
387
370
345
311
268
217
157
91
20
-53
-127
-198
-262
-316
-356
-381
-387
-374
-344
-297
-237
-168
-96
-25
38
89
125
141
138
115
74
18
-47
-118
-189
-255
-311
-353
-380
-389
-382
-360
-325
-282
-233
-184
-138
-98
-67
-47
-38
-39
-50
-68
-90
-113
-134
-151
-162
-164
-158
-143
-122
-95
-66
-37
-11
10
24
30
28
17
0
-22
-48
-74
-99
-120
-134
-142
-141
-133
-116
-93
-65
-33
0
31
60
85
102
112
113
106
92
71
47
22
-1
-19
-28
-27
-11
19
67
131
211
304
407
516
629
739
842
935
1012
1070
1107
1122
1114
1084
1034
966
885
795
698
601
505
415
333
261
200
149
108
76
51
31
14
-2
-19
-39
-63
-90
-121
-157
-197
-240
-286
-333
-382
-429
-475
-517
-555
-586
-610
-626
-633
-631
-619
-599
-572
-538
-500
-459
-417
-377
-339
-306
-279
-258
-244
-236
-236
-241
-251
-264
-279
-296
-311
-325
-337
-346
-351
-353
-352
-349
-343
-337
-330
-324
-318
-314
-313
-314
-318
-326
-338
-353
-371
-392
-415
-439
-461
-481
-496
-505
-506
-497
-477
-445
-403
-350
-288
-220
-148
-74
-2
63
123
172
212
239
255
260
255
242
223
201
176
152
131
114
103
100
104
116
136
164
200
242
290
342
398
455
512
567
619
665
705
735
755
764
759
741
709
664
607
539
463
380
295
210
127
50
-20
-82
-135
-180
-219
-252
-281
-309
-337
-368
-401
-436
-473
-511
-546
-576
-598
-607
-601
-577
-532
-464
-372
-255
-116
44
224
418
621
829
1034
1231
1413
1574
1709
1812
1879
1908
1897
1845
1754
1626
1464
1272
1055
820
572
319
68
-175
-404
-614
-800
-958
-1085
-1182
-1247
-1282
-1288
-1268
-1225
-1163
-1084
-993
-892
-784
-672
-558
-445
-333
-225
-122
-24
66
149
225
291
349
396
433
459
474
478
471
452
422
381
331
272
205
133
56
-21
-100
-177
-251
-320
-382
-436
-482
-519
-547
-567
-577
-580
-575
-564
-548
-526
-499
-469
-435
-398
-358
-314
-266
-215
-160
-101
-38
27
95
164
232
297
357
411
455
487
507
513
505
483
447
400
341
275
202
127
52
-19
-86
-145
-195
-233
-259
-273
-274
-264
-244
-215
-180
-140
-99
-59
-22
10
36
56
70
76
78
75
69
62
55
49
44
43
43
46
52
59
68
78
88
99
109
120
131
141
151
160
170
179
188
195
201
203
200
191
174
148
111
62
2
-68
-150
-239
-335
-433
-531
-627
-715
-795
-863
-917
-955
-977
-982
-970
-943
-901
-846
-781
-709
-632
-553
-475
-402
-335
-277
-230
-195
-171
-159
-159
-168
-184
-207
-233
-260
-285
-305
-320
-325
