-25
-58
-90
-122
-154
-184
-213
-240
-265
-286
-304
-318
-328
-333
-334
-330
-322
-310
-295
-276
-256
-234
-211
-188
-166
-145
-125
-106
-89
-74
-59
-46
-34
-22
-11
0
12
24
36
49
63
77
91
105
120
133
147
159
171
181
190
197
202
204
205
202
197
189
179
166
151
135
117
99
81
63
46
31
18
6
-2
-10
-16
-21
-24
-26
-27
-28
-28
-28
-28
-28
-28
-27
-27
-27
-26
-26
-26
-26
-27
-28
-31
-35
-40
-47
-56
-67
-78
-91
-103
-115
-126
-134
-141
-144
-144
-141
-135
-127
-115
-102
-88
-73
-57
-42
-27
-14
-1
9
18
26
33
40
45
51
56
63
70
78
88
100
114
130
147
165
184
202
218
232
243
248
248
243
230
211
186
155
119
79
37
-6
-50
-92
-132
-169
-201
-228
-251
-269
-283
-292
-298
-300
-300
-297
-293
-286
-278
-268
-256
-242
-226
-208
-189
-169
-149
-130
-113
-100
-90
-86
-87
-93
-104
-120
-138
-159
-179
-198
-213
-223
-225
-220
-207
-184
-153
-115
-70
-20
32
85
138
188
234
275
309
337
357
371
378
379
375
365
352
334
315
293
270
247
225
203
183
166
151
139
130
123
119
117
116
115
114
111
106
98
88
74
57
38
16
-5
-28
-50
-71
-89
-104
-116
-124
-129
-131
-131
-128
-123
-117
-110
-103
-95
-88
-82
-76
-70
-65
-61
-57
-52
-48
-43
-37
-31
-24
-16
-8
0
10
20
30
40
50
59
68
76
84
90
95
99
101
102
102
100
96
91
85
79
72
65
58
51
45
39
34
29
24
20
17
14
12
11
11
12
15
19
24
31
39
47
57
66
75
83
89
94
97
97
95
90
83
73
60
46
29
11
-8
-28
-49
-69
-90
-109
-128
-145
-161
-176
-189
-201
-213
-224
-234
-244
-254
-264
-274
-285
-295
-304
-312
-319
-323
-323
-320
-311
-296
-275
-248
-214
-174
-128
-79
-26
27
81
134
183
227
265
296
319
334
341
341
334
321
305
285
264
242
220
198
178
158
138
118
97
75
52
27
1
-25
-52
-80
-106
-131
-154
-173
-190
-203
-212
-217
-219
-217
-213
-207
-200
-193
-185
-178
-172
-167
-163
-160
-157
-153
-150
-146
-141
-136
-130
-123
-116
-109
-102
-94
-87
-80
-73
-65
-57
-49
-40
-31
-22
-13
-3
5
13
21
28
35
41
47
52
56
61
66
71
77
84
92
103
115
129
146
164
184
205
226
247
267
284
298
309
315
316
312
304
290
272
250
224
195
163
130
96
62
29
-1
-29
-55
-76
-93
-107
-116
-122
-124
-124
-121
-116
-111
-104
-98
-91
-84
-78
-71
-65
-60
-56
-52
-51
-51
-53
-58
-65
-73
-84
-94
-105
-114
-120
-124
-123
-117
-107
-91
-69
-44
-14
17
50
84
117
148
175
198
216
229
236
239
237
231
221
208
193
177
159
140
122
103
84
66
49
32
17
2
-10
-21
-31
-39
-46
-50
-53
-53
-51
-48
-43
-36
-29
-21
-13
-6
0
5
9
11
12
11
9
6
3
1
0
-1
0
2
7
13
21
29
38
47
54
60
65
66
65
61
55
46
35
22
8
-6
-21
-35
-49
-61
-73
-82
-91
-98
-104
-109
-113
-116
-118
-120
-121
-122
-122
-122
-121
-119
-116
-112
-106
-99
-90
-79
-67
-53
-37
-21
-4
12
29
44
58
71
81
88
93
95
95
92
88
82
76
69
62
55
48
43
38
35
32
31
30
30
30
30
29
28
25
21
16
9
1
-8
-19
-31
-44
-57
-69
-82
-93
-103
-110
-115
-117
-115
-109
-100
-87
-71
-53
-33
-12
8
27
45
59
68
74
74
69
58
43
23
0
-27
-56
-86
-116
-145
-172
-196
-217
-234
-247
-255
-259
-260
-258
-252
-245
-237
-227
-217
-206
-195
-183
-171
-159
-146
-131
-115
-98
-78
-56
-32
-6
21
49
78
106
133
157
179
198
213
224
232
238
242
244
247
250
255
263
273
287
304
323
344
365
384
401
413
420
419
410
392
364
327
280
224
161
92
19
-56
-131
-203
-272
-334
-388
-434
-471
-499
-518
-528
-531
-527
-518
-503
-483
-460
-433
-403
-370
-335
-299
-260
-221
-181
-142
-102
-64
-28
5
35
63
85
104
117
126
131
131
128
123
117
111
105
102
100
102
106
113
123
135
148
162
176
189
202
213
223
231
237
241
243
244
244
242
239
235
229
222
213
203
191
176
160
141
120
98
74
50
25
1
-22
-44
-64
-81
-96
-107
-116
-121
-124
-125
-124
-123
-121
-119
-118
-118
-120
-123
-127
-133
-138
-144
-148
-151
-152
-150
-144
-135
-123
-108
-91
-71
-51
-30
-10
8
25
40
53
65
76
88
101
116
134
155
180
208
239
272
306
339
368
394
413
424
426
419
401
374
337
292
240
183
123
61
0
-57
-111
-160
-202
-236
-263
-281
-292
-296
-293
-284
-271
-255
-237
-217
-198
-179
-163
-148
-137
-128
-122
-120
-120
-122
-126
-132
-139
-147
-156
-165
-174
-183
-193
-202
-210
-218
-226
-233
-239
-243
-246
-247
-247
-243
-237
-229
-216
-200
-181
-158
-131
-101
-68
-33
2
40
78
115
150
184
214
241
264
282
296
304
307
304
297
285
269
249
227
204
180
157
135
115
99
85
75
68
64
63
65
68
72
75
79
80
79
75
68
57
42
24
2
-20
-46
-72
-98
-122
-145
-164
-181
-194
-203
-208
-210
-209
-204
-196
-186
-173
-158
-142
-123
-102
-79
-55
-29
-3
24
51
79
105
129
150
168
182
191
195
193
186
172
153
128
99
66
30
-6
-44
-79
-112
-141
-165
-182
-192
-194
-189
-177
-157
-131
-100
-64
-26
12
50
87
121
150
174
193
206
212
214
210
201
189
173
154
134
112
89
67
44
23
2
-15
-32
-47
-60
-71
-80
-86
-90
-91
-90
-86
-79
-69
-56
-40
-21
0
22
47
72
98
122
145
164
180
190
195
192
181
161
133
96
50
-1
-58
-119
-181
-243
-301
-353
-397
-431
-454
-465
-463
-448
-420
-382
-334
-278
-216
-151
-84
-18
45
105
160
209
251
286
315
336
352
361
365
364
360
353
343
332
321
309
298
287
277
267
259
250
242
233
224
214
202
188
173
155
135
113
89
63
35
6
-23
-54
-84
-114
-144
-172
-199
-224
-247
-267
-284
-297
-307
-313
-314
-311
-303
-292
-277
-260
-240
-219
-198
-177
-157
-140
-126
-114
-106
-101
-100
-102
-107
-115
-125
-137
-150
-164
-179
-193
-207
-221
-233
-245
-257
-268
-279
-290
-302
-312
-322
-330
-336
-339
-338
-332
-321
-302
-276
-242
-201
-152
-95
-32
35
108
182
257
331
401
467
525
576
619
651
673
685
686
679
662
637
606
569
528
484
437
388
338
287
236
184
133
81
30
-19
-68
-114
-158
-199
-236
-268
-294
-314
-328
-334
-334
-327
-314
-296
-274
-248
-221
-193
-165
-140
-117
-97
-82
-70
-62
-57
-55
-56
-58
-62
-65
-69
-72
-73
-74
-72
-68
-63
-54
-44
-31
-15
3
23
45
69
94
120
144
168
190
209
225
238
247
253
254
252
246
237
224
207
188
166
141
114
84
54
22
-8
-39
-68
-94
-116
-135
-148
-157
-160
-159
-153
-143
-130
-115
-100
-84
-69
-56
-45
-36
-31
-27
-26
-26
-26
-25
-23
-20
-14
-5
5
18
33
48
63
76
87
94
98
97
91
81
66
48
27
3
-21
-45
-69
-89
-106
-118
-124
-124
-117
-103
-84
-58
-28
5
42
80
117
153
185
214
238
256
267
272
271
263
249
230
206
179
149
118
85
53
21
-8
-36
-63
-88
-110
-130
-147
-162
-175
-185
-192
-197
-200
-200
-198
-194
-189
-182
-174
-167
-160
-154
-149
-146
-146
-147
-150
-154
-160
-166
-171
-174
-175
-174
-168
-159
-146
-128
-107
-82
-54
-25
4
35
65
94
121
146
168
188
204
217
226
231
231
226
216
200
179
153
123
89
52
13
-25
-62
-97
-129
-156
-177
-193
-202
-206
-205
-199
-190
-179
-166
-153
-141
-129
-119
-111
-104
-99
-94
-90
-85
-78
-70
-60
-47
-32
-14
5
26
48
70
91
110
127
140
149
154
154
149
140
128
113
95
77
58
41
26
14
5
0
-1
0
4
11
19
29
39
50
60
70
79
88
96
104
112
119
127
135
142
150
158
165
172
178
183
186
187
186
183
176
168
156
143
127
110
92
73
54
35
16
-1
-17
-33
-47
-60
-72
-84
-94
-103
-112
-120
-128
-135
-141
-147
-151
-155
-159
-161
-162
-163
-163
-162
-159
-156
-152
-146
-138
-129
-119
-107
-93
-78
-63
-47
-30
-14
1
16
30
43
56
68
79
89
100
110
120
130
140
150
160
169
177
183
187
190
190
187
181
173
163
149
134
116
96
74
52
28
4
-19
-43
-66
-87
-106
-123
-138
-149
-156
-161
-161
-159
-153
-143
-132
-118
-103
-87
-70
-55
-40
-28
-18
-10
-5
-3
-4
-7
-11
-17
-24
-30
-36
-41
-45
-46
-46
-44
-39
-32
-23
-12
0
15
31
48
67
85
103
121
137
152
164
173
180
182
181
175
165
151
132
109
83
55
25
-4
-33
-61
-85
-105
-120
-130
-135
-135
-131
-122
-109
-95
-79
-63
-47
-33
-21
-12
-5
-2
-2
-5
-10
-18
-28
-39
-51
-63
-76
-88
-100
-112
-124
-137
-150
-163
-178
-194
-211
-228
-246
-264
-280
-296
-310
-321
-331
-337
-341
-342
-340
-335
-327
-314
-298
-279
-255
-226
-194
-158
-117
-73
-26
23
76
130
186
242
297
349
399
444
483
515
539
553
559
555
542
520
490
453
412
366
319
271
224
179
138
102
70
44
23
8
0
-6
-7
-4
0
7
15
24
32
40
46
50
51
50
46
40
30
17
2
-15
-36
-60
-87
-116
-149
-184
-222
-262
-302
-343
-383
-420
-453
-480
-501
-514
-519
-514
-500
-478
-447
-410
-367
-321
-274
-226
-180
-138
-100
-67
-39
-16
1
16
29
41
55
71
90
113
140
170
202
236
269
300
328
351
368
377
379
373
359
338
311
279
243
204
165
126
90
56
26
1
-18
-32
-41
-44
-43
-37
-27
-13
3
23
45
69
93
119
143
167
189
208
224
237
245
250
250
246
238
227
212
195
176
155
134
111
89
66
45
24
4
-13
-29
-44
-57
-69
-78
-86
-93
-99
-104
-108
-112
-117
-121
-125
-128
-131
-133
-134
-132
-129
-123
-114
-103
-89
-74
-57
-38
-19
0
19
38
56
73
88
101
113
123
130
135
137
137
134
129
120
109
95
79
59
38
15
-9
-34
-59
-84
-107
-128
-147
-163
-175
-184
