914
973
1025
1072
1113
1147
1174
1191
1199
1196
1181
1153
1113
1059
992
913
823
723
615
500
380
257
133
10
-110
-225
-335
-436
-529
-612
-684
-745
-793
-827
-846
-851
-840
-813
-771
-714
-644
-563
-474
-379
-282
-187
-96
-12
61
124
173
208
230
240
237
226
207
183
157
129
103
79
58
41
27
17
9
4
1
0
0
-1
-1
-1
-1
-2
-3
-5
-9
-15
-24
-37
-53
-75
-101
-133
-170
-212
-259
-310
-364
-421
-478
-536
-593
-647
-696
-740
-777
-806
-826
-836
-836
-827
-809
-783
-749
-710
-666
-618
-569
-518
-467
-418
-371
-327
-286
-248
-215
-185
-159
-136
-116
-98
-82
-65
-48
-29
-7
17
47
81
119
161
207
255
303
351
396
435
468
491
503
503
490
462
421
366
300
225
143
58
-26
-107
-181
-243
-292
-324
-339
-335
-312
-271
-213
-140
-55
37
136
235
333
424
505
575
631
671
696
706
701
685
658
624
586
546
506
469
435
407
384
366
353
346
343
343
347
352
359
366
374
382
390
397
404
411
416
420
422
420
415
404
388
364
333
295
249
196
137
72
5
-64
-133
-201
-264
-321
-370
-411
-442
-463
-475
-477
-472
-460
-443
-423
-401
-379
-358
-339
-322
-307
-294
-284
-274
-264
-253
-240
-224
-206
-183
-157
-126
-93
-56
-17
22
62
102
139
173
202
227
247
260
267
268
263
253
237
218
194
168
139
109
79
48
20
-6
-29
-49
-64
-74
-79
-78
-71
-59
-42
-21
4
32
64
98
132
167
200
230
257
279
294
302
302
293
274
246
209
164
113
57
-1
-61
-120
-176
-229
-277
-320
-357
-388
-414
-435
-450
-462
-469
-472
-471
-465
-455
-440
-419
-393
-360
-321
-276
-226
-171
-113
-54
3
57
105
145
172
187
187
173
144
101
48
-12
-78
-145
-210
-268
-316
-352
-374
-381
-371
-346
-307
-254
-192
-122
-47
29
104
174
238
294
338
371
392
401
398
383
358
324
283
237
187
135
85
37
-6
-43
-74
-96
-109
-114
-110
-97
-76
-49
-16
19
59
99
138
175
207
233
252
262
263
255
237
210
176
135
89
39
-10
-59
-105
-145
-178
-203
-218
-223
-218
-203
-180
-150
-115
-78
-42
-8
21
44
59
67
67
59
44
25
1
-25
-52
-78
-102
-124
-141
-153
-161
-164
-163
-156
-147
-133
-117
-99
-78
-57
-34
-11
12
34
56
77
96
112
127
139
150
159
166
173
180
186
194
202
211
222
233
246
259
273
288
303
319
334
348
362
374
385
393
399
402
401
396
386
371
351
325
294
258
217
172
123
72
18
-35
-89
-143
-197
-248
-299
-348
-395
-440
-484
-527
-569
-609
-648
-685
-721
-756
-787
-816
-840
-858
-870
-872
-864
-844
-811
-765
-705
-633
-550
-458
-358
-255
-151
-50
46
136
216
285
341
385
416
434
440
435
420
396
365
329
289
247
206
166
131
101
78
64
60
66
82
108
144
189
241
298
359
421
483
542
597
645
686
719
742
754
756
747
728
698
659
610
553
488
416
339
258
174
90
6
-75
-155
-230
-302
-370
-433
-493
-550
-605
-657
-707
-754
-799
-839
-874
-902
-922
-932
-931
-919
-894
-856
-806
-744
-671
-587
-496
-399
-298
-196
-95
0
89
169
238
295
339
370
388
396
393
383
368
349
329
309
292
278
269
265
267
273
284
299
317
336
355
373
388
399
405
405
399
387
369
346
320
291
261
231
202
175
151
131
114
101
91
84
80
78
76
75
73
69
62
53
39
21
0
-27
-57
-91
-128
-166
-205
-245
-282
-318
-349
-376
-398
-414
-424
-428
-426
-420
-410
-398
-383
-368
-352
-336
-321
-307
-293
-278
-264
-248
-230
-211
-188
-163
-134
-103
-69
-34
2
38
73
104
132
154
170
180
183
179
171
158
143
127
112
102
97
99
111
132
164
206
257
317
382
451
521
591
657
717
769
811
842
861
867
859
836
800
749
684
605
514
412
300
181
56
-69
-194
-316
-432
-538
-632
-714
-781
-832
-869
-890
-898
-894
-879
-856
-827
-794
-759
-724
-690
-657
-626
-598
-572
-547
-522
-497
-472
-445
-416
-385
-351
-316
-279
-240
-199
-157
-114
-70
-25
20
67
114
161
208
254
299
341
381
417
449
476
498
514
524
529
528
523
513
501
485
468
450
432
414
396
379
363
348
333
319
306
294
283
272
262
252
243
234
224
213
201
186
168
147
123
94
62
26
-12
-54
-97
-143
-189
-236
-283
-329
-375
-421
-466
-509
-551
-592
-630
-665
-697
-724
-747
-763
-774
-777
-773
-761
-742
-716
-684
-647
-605
-560
-513
-466
-418
-371
-326
-281
-237
-193
-149
-102
-53
0
57
120
188
260
336
413
489
564
633
694
746
785
812
825
824
808
780
741
693
639
582
525
471
423
382
351
329
318
317
324
338
356
376
395
411
420
421
412
391
357
309
248
175
92
0
-98
-200
-304
-407
-505
-598
-682
-756
-818
-868
-903
-925
-933
-926
-907
-875
-832
-779
-719
-652
-581
-508
-433
-359
-287
-217
-151
-89
-30
24
76
126
174
223
274
329
389
456
530
613
704
801
903
1007
1108
1203
1286
1353
1400
1423
1419
1387
1326
1239
1127
995
847
691
531
375
228
95
-19
-115
-189
-244
-281
-303
-314
-319
-321
-325
-333
-348
-372
-405
-447
-497
-553
-612
-672
-730
-782
-826
-860
-881
-888
-881
-858
-821
-771
-709
-637
-558
-474
-387
-302
-220
-144
-76
-18
27
61
81
90
86
72
49
20
-14
-51
-89
-124
-156
-183
-203
-216
-219
-214
-199
-176
-145
-106
-61
-12
40
94
147
199
249
295
338
377
412
443
472
499
525
550
574
597
620
641
659
673
680
679
668
644
606
552
482
397
296
184
61
-68
-199
-330
-455
-571
-674
-761
-831
-881
-913
-925
-920
-900
-866
-822
-770
-714
-656
-598
-542
-489
-440
-395
-354
-316
-281
-248
-216
-186
-156
-126
-97
-68
-40
-13
11
34
54
71
85
96
103
107
108
106
102
97
91
85
79
73
67
61
56
49
43
35
27
19
10
2
-5
-12
-17
-21
-22
-21
-18
-12
-3
8
22
38
56
76
97
119
141
163
184
204
222
237
250
259
265
268
266
261
252
241
226
210
192
174
156
138
121
104
88
72
57
42
26
11
-4
-20
-35
-49
-60
-69
-74
-74
-69
-57
-39
-15
14
49
88
129
170
209
245
277
302
319
329
331
324
310
289
262
230
193
154
112
69
27
-14
-54
-91
-125
-154
-178
-196
-209
-215
-215
-210
-199
-183
-164
-141
-118
-94
-71
-50
-32
-18
-7
-1
0
-1
-6
-15
-25
-36
-48
-59
-68
-75
-80
-81
-78
-72
-62
-50
-36
-22
-8
4
14
21
23
22
15
6
-6
-20
-35
-48
-58
-64
-64
-59
-46
-27
-2
27
62
99
137
173
206
234
256
270
276
274
263
244
219
187
152
114
75
36
0
-33
-63
-87
-107
-121
-131
-136
-139
-138
-137
-134
-133
-132
-133
-135
-139
-144
-150
-156
-161
-165
-166
-165
-161
-154
-143
-128
-111
-90
-67
-42
-17
8
32
55
75
92
106
115
121
123
120
115
107
97
86
75
66
58
53
51
53
58
65
75
86
96
104
109
108
101
86
62
31
-8
-55
-107
-163
-220
-275
-326
-369
-402
-422
-428
-419
-394
-354
-301
-238
-166
-90
-13
60
128
186
232
264
283
288
280
260
230
193
150
104
57
12
-30
-69
-102
-130
-150
-164
-171
-172
-166
-155
-138
-118
-93
-65
-36
-5
25
56
86
113
138
159
175
186
192
192
187
177
161
142
119
94
68
42
17
-4
-23
-37
-46
-49
-48
-42
-33
-21
-9
2
11
17
18
15
6
-7
-26
-49
-74
-102
-130
-157
-184
-207
-226
-241
-250
-252
-248
-237
-220
-196
-166
-132
-93
-50
-5
41
88
135
181
225
265
302
333
358
377
391
398
400
397
392
385
377
371
366
365
368
375
386
400
416
433
449
463
473
478
475
463
443
412
372
322
264
199
128
53
-22
-98
-171
-240
-304
-360
-409
-452
-487
-517
-543
-565
-586
-606
-627
-648
-671
-694
-718
-741
-761
-779
-790
-795
-789
-773
-743
-700
-641
-568
-480
-379
-268
-150
-27
96
216
329
430
517
587
637
667
677
667
638
593
534
465
390
312
235
162
97
42
0
-29
-45
-48
-38
-17
11
47
87
128
169
207
240
266
286
298
302
298
286
267
240
207
168
125
79
31
-18
-67
-114
-159
-200
-236
-266
-290
-307
-317
-320
-317
-308
-294
-276
-255
-233
-210
-187
-165
-145
-126
-110
-96
-84
-75
-66
-59
-53
-48
-42
-36
-30
-23
-17
-10
-3
1
6
9
11
11
10
7
3
0
-4
-7
-9
-9
-7
-3
3
12
22
34
45
55
62
67
67
63
54
40
21
0
-23
-46
-69
-88
-103
-113
-116
-113
-103
-89
-70
-49
-26
-5
12
26
34
36
31
19
1
-22
-50
-82
-116
-151
-186
-218
-248
-272
-292
-304
-309
-307
-296
-276
-248
-213
-170
-121
-68
-12
44
102
157
209
257
298
334
362
384
398
407
410
409
404
397
388
379
369
361
352
345
338
332
326
321
315
310
306
303
301
300
302
305
310
315
321
325
327
325
318
304
282
252
212
162
104
37
-35
-113
-193
-273
-351
-422
-486
-538
-579
-606
-620
-619
-607
-583
-550
-510
-466
-420
-374
-329
-288
-251
-217
-189
-164
-143
-125
-108
-93
-78
-63
-47
-30
-13
3
20
36
51
63
72
78
79
77
71
63
52
39
27
15
5
-1
-7
-10
-12
-13
-14
-17
-21
-30
-42
-60
-82
-108
-139
-172
-206
-240
-271
-299
-321
-336
-343
-342
-331
-311
-283
-247
-206
-161
-114
-66
-19
24
65
101
133
161
184
203
219
232
243
251
258
263
266
269
270
269
269
268
267
268
271
277
286
298
314
334
356
380
404
427
447
462
471
473
466
450
426
395
359
318
276
234
196
163
138
121
113
115
126
144
168
197
227
257
284
307
323
331
330
319
298
267
227
178
120
56
-13
-86
-163
-241
-319
-395
-468
-537
-601
-658
-708
-752
-787
-816
-838
-855
-866
-873
-875
-874
-868
-858
-842
-821
-792
-756
-710
-655
-591
-519
-438
-351
-260
-166
-73
16
101
177
243
298
341
372
391
401
403
399
393
388
385
386
394
409
432
460
493
528
564
597
624
643
652
648
632
603
562
509
448
380
309
238
168
104
47
-2
-43
-77
-103
-122
-138
-150
-160
-170
-179
-190
-201
-212
-223
-233
-241
-247
-250
-250
-247
-240
-230
