-53
-13
28
71
114
158
199
238
272
300
323
337
344
343
333
317
293
265
232
197
161
126
92
61
34
11
-7
-21
-30
-35
-36
-34
-31
-26
-22
-18
-15
-14
-15
-18
-24
-32
-41
-52
-63
-74
-85
-95
-104
-112
-117
-121
-123
-124
-122
-119
-115
-109
-103
-96
-89
-82
-76
-70
-65
-61
-58
-55
-52
-48
-45
-40
-35
-29
-23
-16
-10
-4
0
3
5
6
5
3
-1
-7
-14
-22
-31
-40
-48
-54
-58
-58
-55
-46
-32
-13
11
41
74
111
150
189
226
261
292
317
336
348
352
347
335
316
290
259
223
184
143
101
60
20
-16
-51
-82
-108
-131
-149
-162
-171
-175
-175
-171
-163
-153
-140
-125
-109
-93
-77
-63
-50
-39
-31
-26
-23
-23
-25
-29
-32
-36
-38
-39
-38
-35
-29
-21
-12
-2
6
15
23
28
31
30
27
21
13
2
-8
-19
-30
-40
-47
-52
-52
-50
-43
-33
-19
-3
13
31
50
67
82
95
105
112
116
117
115
110
102
93
81
68
53
38
23
7
-7
-21
-33
-43
-51
-57
-59
-58
-55
-49
-41
-30
-19
-6
5
17
27
36
43
48
50
49
47
42
36
28
19
9
0
-10
-21
-31
-41
-51
-60
-69
-78
-87
-95
-103
-111
-118
-123
-128
-130
-131
-130
-127
-121
-113
-103
-91
-78
-65
-51
-37
-25
-14
-6
0
4
5
4
1
-4
-12
-21
-30
-40
-49
-57
-62
-64
-63
-58
-49
-36
-20
-1
19
41
64
86
107
125
141
154
164
169
171
169
163
154
142
126
109
90
71
51
32
14
-1
-15
-26
-35
-40
-43
-42
-39
-34
-27
-18
-9
1
12
22
33
43
52
60
67
73
77
79
79
77
73
67
60
51
42
33
25
17
11
7
5
6
10
16
24
33
43
52
59
65
66
64
56
44
27
5
-20
-49
-80
-113
-145
-177
-206
-231
-253
-270
-282
-289
-291
-287
-280
-268
-253
-236
-217
-196
-175
-155
-134
-115
-96
-79
-63
-49
-36
-24
-13
-4
3
10
17
23
29
36
42
50
58
67
77
89
101
114
127
140
153
165
175
184
192
197
200
201
199
196
191
185
177
169
161
152
144
135
126
117
108
100
91
83
74
66
57
48
39
30
21
11
1
-8
-18
-27
-36
-44
-50
-55
-58
-61
-62
-63
-63
-63
-64
-65
-67
-69
-73
-77
-81
-86
-91
-96
-101
-104
-106
-107
-107
-104
-100
-94
-86
-76
-65
-53
-40
-27
-13
1
14
27
39
50
58
63
67
67
64
59
52
44
34
24
14
5
-2
-8
-13
-17
-19
-19
-20
-20
-21
-23
-27
-32
-39
-48
-59
-72
-85
-98
-111
-123
-133
-140
-144
-145
-141
-134
-123
-108
-91
-71
-49
-26
-2
21
43
65
84
101
116
129
138
145
149
149
147
141
132
119
103
83
60
34
6
-22
-51
-80
-107
-131
-151
-167
-176
-180
-177
-168
-153
-132
-106
-77
-45
-10
24
58
92
123
152
178
200
220
236
249
259
266
270
272
272
270
266
261
255
248
239
230
221
211
200
189
178
167
155
143
132
120
109
97
84
69
53
35
14
-9
-35
-65
-97
-130
-165
-199
-232
-264
-292
-317
-338
-354
-365
-372
-374
-372
-367
-360
-350
-340
-329
-319
-309
-299
-290
-282
-273
-263
-251
-237
-221
-202
-179
-153
-124
-93
-60
-26
7
40
72
101
126
148
166
179
187
191
191
186
178
167
153
137
119
100
80
60
41
24
8
-3
-13
-19
-21
-19
-13
-3
10
27
46
67
89
111
134
156
177
196
214
230
243
253
260
264
263
259
251
238
220
198
171
140
105
67
26
-14
-56
-96
-133
-166
-194
-215
-230
-238
-239
-233
-222
-205
-183
-159
-134
-108
-82
-59
-38
-20
-6
4
11
14
14
12
7
2
-3
-10
-16
-22
-27
-31
-34
-35
-34
-32
-29
-23
-17
-10
-2
4
10
15
18
18
15
9
1
-9
-22
-37
-51
-66
-78
-89
-97
-101
-101
-98
-90
-79
-65
-48
-28
-7
14
37
59
81
101
120
137
151
163
173
179
183
183
181
175
166
154
139
122
102
81
58
34
11
-10
-31
-50
-66
-79
-89
-94
-95
-92
-85
-75
-62
-46
-29
-12
4
19
32
42
48
51
50
46
40
33
25
17
11
7
5
6
9
14
21
29
38
46
53
58
61
63
62
59
54
48
40
32
23
15
7
0
-5
-9
-11
-10
-8
-4
1
8
16
24
32
40
47
54
58
62
63
63
60
54
46
34
20
2
-17
-39
-63
-87
-111
-133
-154
-172
-186
-197
-203
-205
-204
-198
-190
-179
-165
-151
-135
-119
-102
-86
-69
-52
-35
-17
0
20
41
63
85
107
129
149
167
183
194
202
205
204
198
187
173
155
133
110
85
60
35
11
-11
-32
-51
-68
-82
-94
-103
-109
-113
-114
-113
-109
-103
-95
-86
-76
-65
-55
-45
-36
-29
-24
-20
-18
-17
-18
-18
-18
-18
-16
-11
-5
4
16
31
48
66
84
101
116
127
135
138
136
130
118
103
86
66
46
27
8
-7
-22
-33
-42
-48
-52
-54
-55
-55
-55
-56
-59
-62
-67
-74
-81
-89
-97
-105
-112
-117
-120
-120
-118
-113
-106
-96
-86
-74
-62
-50
-40
-30
-22
-15
-10
-6
-3
-2
0
0
0
1
1
1
1
0
-1
-3
-6
-9
-12
-14
-14
-13
-10
-3
5
17
32
50
71
92
115
136
157
174
188
197
201
199
190
176
156
131
102
70
37
4
-27
-57
-84
-107
-127
-141
-152
-158
-161
-161
-158
-153
-147
-139
-131
-121
-110
-99
-86
-71
-56
-40
-23
-6
9
24
37
48
55
60
61
60
56
50
43
35
28
20
14
8
4
2
0
0
-1
-3
-5
-9
-14
-22
-31
-43
-56
-70
-84
-98
-110
-120
-127
-130
-129
-123
-113
-98
-79
-56
-30
-2
27
57
87
115
140
162
180
194
203
208
208
205
199
190
178
164
149
132
114
95
77
59
41
26
11
0
-9
-17
-23
-28
-31
-34
-36
-39
-42
-46
-51
-57
-63
-71
-79
-87
-95
-102
-109
-113
-116
-117
-115
-111
-105
-96
-85
-73
-60
-47
-34
-21
-8
3
15
26
36
46
56
66
75
85
94
103
112
120
127
133
137
139
139
135
129
119
105
88
68
45
20
-5
-33
-60
-86
-110
-131
-149
-164
-174
-180
-181
-177
-169
-156
-139
-119
-95
-69
-42
-14
13
40
64
87
106
122
133
141
145
145
142
134
124
112
97
80
63
44
26
7
-10
-27
-43
-57
-70
-81
-90
-97
-102
-104
-105
-104
-101
-96
-90
-83
-74
-63
-52
-39
-26
-13
0
13
25
36
45
52
57
60
61
60
56
51
43
35
25
15
4
-6
-16
-25
-33
-39
-43
-46
-46
-44
-41
-36
-30
-23
-16
-9
-2
3
10
16
22
28
34
39
45
51
57
63
69
76
82
89
95
101
106
111
115
118
120
120
118
115
111
104
96
87
77
66
54
43
32
22
13
6
0
-2
-3
-3
0
3
9
15
23
30
36
41
44
45
44
40
33
23
12
-1
-15
-31
-47
-63
-79
-94
-108
-120
-131
-140
-147
-152
-156
-157
-157
-156
-154
-150
-147
-142
-138
-134
-129
-126
-122
-120
-118
-117
-116
-117
-118
-119
-121
-123
-124
-124
-123
-120
-116
-109
-99
-87
-72
-54
-34
-11
13
40
70
101
133
167
200
233
264
293
317
337
351
359
359
352
337
314
285
250
211
167
121
74
27
-17
-59
-97
-130
-158
-181
-197
-208
-213
-212
-206
-196
-182
-164
-144
-121
-97
-73
-49
-27
-7
9
22
31
34
33
26
16
1
-16
-36
-57
-78
-98
-117
-132
-145
-154
-160
-162
-161
-157
-152
-145
-138
-131
-124
-118
-113
-110
-108
-107
-107
-108
-109
-111
-112
-113
-112
-109
-104
-97
-86
-72
-55
-35
-12
11
38
65
93
121
147
172
193
211
225
233
235
232
222
205
182
154
122
86
48
9
-28
-64
-96
-124
-145
-160
-167
-166
-158
-142
-119
-91
-58
-22
15
54
92
127
158
185
206
222
232
235
233
226
215
201
184
166
147
130
113
98
84
72
62
53
43
34
23
11
-1
-17
-33
-51
-69
-87
-103
-116
-127
-133
-134
-129
-119
-104
-84
-60
-33
-4
24
52
79
102
123
139
152
161
167
169
169
166
161
155
148
140
131
122
112
102
92
82
71
59
46
32
17
1
-16
-35
-53
-72
-89
-104
-115
-123
-125
-122
-114
-100
-81
-56
-28
3
36
70
103
134
161
183
198
206
207
199
184
161
132
97
58
17
-23
-63
-101
-134
-163
-185
-201
-210
-214
-211
-203
-191
-176
-159
-140
-120
-101
-81
-63
-45
-29
-14
0
14
27
39
51
63
73
83
91
98
102
103
101
95
85
72
55
35
12
-11
-36
-62
-87
-111
-133
-152
-169
-182
-191
-198
-201
-201
-199
-195
-190
-183
-177
-171
-164
-158
-152
-146
-139
-131
-120
-107
-91
-72
-50
-24
3
33
63
94
123
150
174
193
206
213
214
207
193
171
143
109
70
26
-18
-64
-109
-152
-189
-221
-245
-261
-267
-265
-254
-235
-209
-178
-143
-106
-70
-36
-5
20
41
56
67
73
77
79
82
87
96
110
130
157
190
229
271
314
357
397
430
454
468
469
456
428
387
333
268
196
117
36
-42
-118
-188
-248
-299
-338
-365
-381
-385
-381
-368
-348
-324
-298
-272
-246
-223
-204
-189
-177
-170
-166
-164
-162
-161
-158
-153
-145
-134
-120
-103
-84
-64
-44
-25
-8
5
16
23
26
26
23
18
13
8
5
4
8
17
32
52
77
108
143
181
220
259
296
330
358
380
394
400
398
387
368
343
312
276
238
200
161
125
92
63
38
19
4
-4
-9
-11
-10
-7
-2
1
5
7
8
6
2
-4
-14
-27
-41
-58
-76
-95
-113
-132
-148
-163
-175
-184
-190
-193
-192
-189
-182
-174
-163
-152
-141
-130
-120
-111
-104
-98
-94
-91
-89
-88
-87
-86
-86
-84
-83
-80
-77
-74
-70
-65
-60
-55
-49
-44
-39
-33
-28
-23
-17
-12
-6
0
6
13
20
28
36
44
52
59
66
72
76
79
80
80
77
72
66
58
49
39
28
19
10
2
-3
-7
-8
-7
-3
2
10
19
28
37
46
53
57
60
59
56
49
41
30
19
8
-2
-10
-16
-18
-16
-9
1
16
35
56
78
100
120
138
151
159
160
155
144
127
104
77
48
18
-12
-41
-67
-89
-106
-118
-124
-124
-118
-108
-93
-75
-55
-34
-12
7
27
45
60
74
85
