-308
-273
-234
-192
-146
-97
-47
3
55
105
152
196
235
268
294
313
324
327
322
309
290
264
234
200
165
130
96
64
36
12
-6
-21
-31
-37
-37
-33
-24
-8
13
42
79
125
178
238
303
372
442
510
572
624
664
687
692
678
643
589
516
428
328
219
107
-3
-110
-208
-294
-366
-421
-459
-479
-482
-469
-442
-403
-355
-299
-238
-176
-114
-54
1
51
95
132
162
186
203
214
221
223
222
218
210
199
184
165
141
111
75
31
-20
-80
-148
-225
-308
-396
-488
-580
-670
-753
-828
-891
-938
-968
-979
-968
-935
-880
-803
-706
-590
-458
-313
-158
2
165
326
481
626
758
874
973
1051
1110
1148
1167
1168
1153
1123
1081
1029
970
905
835
762
685
606
523
436
346
252
155
54
-48
-151
-254
-353
-448
-535
-613
-679
-733
-773
-799
-810
-808
-793
-767
-730
-685
-633
-575
-514
-452
-388
-326
-265
-207
-154
-107
-67
-35
-11
1
4
-3
-21
-48
-83
-124
-168
-211
-252
-287
-312
-326
-326
-311
-282
-238
-181
-112
-34
48
134
220
302
378
444
499
541
569
583
584
573
552
523
489
451
413
375
340
308
281
259
240
226
215
206
199
194
189
185
183
181
182
185
192
203
217
235
255
276
295
311
319
318
302
271
220
150
59
-51
-181
-327
-486
-654
-826
-997
-1163
-1318
-1458
-1579
-1677
-1750
-1794
-1808
-1792
-1745
-1669
-1565
-1435
-1284
-1114
-930
-737
-538
-339
-142
47
228
398
554
695
822
934
1032
1116
1187
1245
1293
1331
1359
1379
1389
1391
1385
1370
1346
1314
1274
1225
1169
1107
1040
969
895
821
747
676
609
546
489
436
389
345
303
262
219
171
118
57
-12
-91
-179
-275
-378
-484
-591
-696
-795
-886
-966
-1032
-1082
-1116
-1133
-1133
-1118
-1087
-1044
-991
-929
-860
-788
-713
-637
-561
-487
-415
-344
-277
-211
-148
-88
-30
25
78
130
181
229
277
322
366
407
444
477
504
524
536
538
529
509
478
436
383
322
253
179
102
23
-54
-129
-200
-265
-325
-377
-423
-462
-496
-524
-547
-567
-584
-597
-608
-616
-621
-622
-619
-610
-595
-573
-543
-504
-458
-402
-338
-266
-187
-101
-11
82
179
277
376
475
571
665
754
839
917
987
1049
1100
1140
1167
1180
1179
1162
1131
1085
1024
950
865
771
671
567
464
364
271
188
118
63
26
7
8
29
70
130
209
303
410
528
652
777
899
1013
1113
1194
1249
1276
1269
1227
1147
1029
875
686
468
225
-36
-310
-589
-865
-1131
-1381
-1607
-1806
-1973
-2106
-2205
-2269
-2302
-2307
-2287
-2250
-2199
-2142
-2082
-2025
-1974
-1929
-1893
-1863
-1837
-1811
-1781
-1740
-1684
-1606
-1504
-1374
-1215
-1025
-808
-567
-307
-34
244
520
787
1036
1261
1457
1619
1745
1834
1886
1904
1891
1850
1788
1709
1618
1520
1420
1322
1227
1140
1059
986
920
861
807
756
707
659
612
563
514
464
413
362
312
264
219
176
137
103
72
45
22
4
-10
-22
-29
-33
-33
-30
-23
-14
-3
9
22
34
45
54
60
61
57
47
31
6
-25
-66
-116
-174
-241
-316
-397
-483
-571
-660
-746
-827
-901
-964
-1015
-1052
-1074
-1080
-1070
-1044
-1005
-952
-887
-813
-732
-645
-554
-462
-369
-279
-192
-110
-34
35
97
151
197
234
263
282
293
294
288
273
251
223
188
150
108
65
22
-17
-52
-79
-96
-101
-93
-69
-29
24
92
170
256
345
432
513
582
637
673
688
682
654
606
539
457
361
256
145
33
-78
-186
-288
-380
-462
-531
-587
-629
-656
-668
-665
-647
-613
-565
-503
-427
-338
-239
-130
-15
104
225
345
461
570
671
762
841
908
963
1005
1036
1055
1065
1065
1059
1046
1030
1012
994
975
957
940
923
903
880
850
811
760
695
614
515
400
268
121
-37
-205
-379
-554
-727
-893
-1048
-1188
-1311
-1413
-1492
-1547
-1577
-1581
-1561
-1517
-1450
-1363
-1259
-1140
-1009
-870
-726
-581
-439
-302
-174
-58
41
123
185
225
242
237
209
160
93
12
-79
-176
-273
-365
-448
-518
-570
-603
-617
-610
-585
-544
-490
-426
-356
-283
-211
-142
-78
-18
36
87
136
184
234
288
348
414
488
569
658
753
853
955
1056
1155
1249
1335
1410
1474
1524
1559
1579
1583
1572
1545
1503
1447
1377
1294
1199
1092
974
845
707
561
409
251
91
-69
-228
-383
-530
-669
-795
-907
-1004
-1084
-1146
-1190
-1215
-1222
-1212
-1186
-1145
-1093
-1030
-960
-886
-810
-735
-665
-601
-544
-498
-461
-435
-420
-414
-416
-425
-439
-457
-476
-495
-513
-527
-537
-540
-537
-527
-510
-485
-454
-416
-373
-325
-272
-216
-158
-97
-35
26
89
149
208
262
311
352
384
406
415
411
393
361
314
255
184
103
16
-74
-164
-251
-330
-398
-451
-486
-500
-492
-459
-402
-322
-220
-100
35
181
333
485
631
767
889
992
1073
1133
1169
1182
1175
1150
1109
1057
997
933
867
802
740
682
627
575
526
476
426
373
315
252
183
106
23
-65
-160
-258
-360
-462
-562
-659
-749
-830
-899
-953
-991
-1011
-1011
-991
-951
-893
-816
-723
-616
-498
-370
-235
-95
46
188
327
461
588
706
812
906
984
1047
1092
1119
1128
1118
1089
1043
981
902
810
705
589
464
331
193
50
-95
-242
-389
-535
-676
-812
-938
-1053
-1153
-1235
-1297
-1336
-1350
-1339
-1304
-1246
-1166
-1068
-955
-832
-703
-572
-443
-320
-205
-101
-9
69
135
190
233
267
293
313
329
342
353
363
372
381
387
392
393
389
380
365
343
314
278
235
188
137
86
35
-10
-48
-77
-93
-95
-80
-49
-2
61
138
226
323
426
529
631
728
816
892
955
1002
1033
1047
1044
1026
992
945
887
818
742
659
572
481
388
294
198
102
6
-89
-183
-277
-367
-455
-538
-617
-688
-752
-809
-856
-896
-927
-952
-971
-986
-999
-1011
-1023
-1037
-1053
-1071
-1090
-1111
-1130
-1148
-1161
-1168
-1169
-1160
-1141
-1113
-1075
-1028
-973
-913
-849
-785
-722
-661
-606
-556
-511
-472
-438
-407
-377
-347
-315
-279
-238
-192
-140
-82
-19
45
113
180
245
306
362
411
452
484
506
518
521
513
497
473
443
407
369
329
291
255
225
201
185
178
179
189
207
231
259
290
320
349
373
393
406
414
416
413
407
400
393
387
383
381
381
384
388
394
400
407
414
424
438
456
481
515
559
613
679
754
837
925
1014
1100
1177
1241
1287
1312
1313
1287
1234
1154
1050
925
780
622
454
282
111
-54
-210
-352
-477
-583
-668
-731
-774
-798
-804
-794
-772
-740
-701
-659
-614
-570
-528
-490
-454
-422
-393
-366
-339
-311
-282
-250
-215
-178
-139
-100
-61
-26
4
29
47
56
57
49
34
13
-12
-41
-72
-102
-130
-156
-178
-198
-216
-232
-248
-265
-285
-308
-334
-364
-396
-428
-460
-487
-507
-518
-515
-496
-461
-407
-335
-246
-142
-26
98
227
358
485
605
716
815
899
969
1024
1063
1088
1099
1097
1082
1055
1017
968
907
836
754
662
560
450
333
211
88
-34
-154
-268
-374
-471
-558
-633
-697
-750
-792
-824
-846
-860
-866
-864
-854
-837
-812
-780
-739
-689
-631
-564
-490
-408
-322
-231
-139
-48
39
122
197
262
317
359
387
401
400
384
354
310
253
184
107
22
-65
-155
-243
-326
-402
-467
-520
-560
-584
-593
-587
-568
-537
-497
-450
-399
-348
-300
-258
-224
-200
-189
-191
-206
-233
-272
-320
-375
-434
-495
-553
-605
-648
-677
-690
-684
-656
-605
-531
-433
-314
-177
-25
135
300
462
616
755
875
972
1043
1086
1102
1092
1060
1009
943
867
786
703
624
550
483
426
378
339
309
285
268
255
245
238
234
230
229
228
228
229
230
230
230
228
224
217
207
193
175
152
125
92
54
11
-36
-89
-145
-205
-266
-329
-392
-454
-514
-569
-618
-658
-689
-708
-712
-700
-670
-622
-555
-469
-366
-249
-120
16
156
294
426
546
652
738
803
847
868
868
850
815
768
712
651
586
522
460
400
344
292
242
194
146
97
47
-6
-64
-126
-192
-261
-333
-407
-482
-557
-630
-702
-770
-836
-897
-954
-1005
-1050
-1087
-1116
-1134
-1141
-1136
-1117
-1084
-1037
-977
-904
-819
-725
-623
-515
-405
-295
-189
-89
1
80
145
195
228
245
247
234
209
177
141
106
77
59
55
70
106
164
243
341
456
582
713
843
965
1070
1154
1208
1229
1213
1158
1064
935
772
583
373
151
-73
-295
-503
-692
-855
-986
-1083
-1144
-1167
-1152
-1103
-1021
-909
-772
-614
-441
-257
-68
119
301
469
621
749
850
921
960
965
937
878
792
683
558
423
285
151
29
-76
-159
-218
-250
-256
-239
-201
-148
-85
-16
50
111
163
202
226
234
228
208
176
136
89
39
-11
-61
-108
-150
-188
-219
-245
-263
-275
-280
-279
-270
-255
-234
-207
-175
-139
-98
-55
-9
36
83
129
174
218
259
298
335
369
399
428
454
478
500
520
537
552
564
570
571
563
546
518
476
422
354
274
183
85
-16
-117
-213
-299
-372
-427
-462
-477
-472
-449
-410
-359
-300
-237
-174
-115
-62
-17
18
45
64
77
84
88
91
95
101
109
120
134
149
164
178
189
195
197
194
185
171
155
136
117
99
83
69
58
49
41
33
23
9
-7
-30
-57
-88
-121
-154
-185
-211
-229
-238
-236
-222
-197
-161
-117
-66
-12
39
86
125
150
160
152
126
82
23
-49
-131
-216
-301
-378
-445
-496
-529
-542
-535
-507
-462
-403
-333
-257
-179
-104
-35
23
70
103
122
127
119
99
69
31
-13
-63
-118
-176
-239
-306
-379
-456
-540
-629
-724
-821
-920
-1016
-1107
-1187
-1252
-1298
-1321
-1319
-1288
-1229
-1142
-1030
-896
-745
-582
-413
-245
-83
66
201
316
409
481
531
561
574
575
567
555
544
540
546
566
604
660
736
831
942
1067
1199
1333
1460
1574
1665
1726
1750
1733
1670
1561
1406
1211
980
722
446
161
-120
-390
-639
-859
-1044
-1189
-1294
-1358
-1384
-1376
-1340
-1282
-1210
-1129
-1047
-968
-896
-833
-779
-734
-695
-657
-617
-571
-513
-440
-350
-241
-116
24
174
329
481
623
748
848
920
958
963
934
875
790
686
569
447
325
210
106
15
-59
-119
-163
-193
-210
-216
-210
-192
-162
-119
-60
15
110
225
360
513
682
862
1048
1232
1406
1562
1692
1789
1846
1861
1830
1754
1635
1479
1290
1075
843
601
356
114
-118
-338
-542
-728
-894
-1040
-1166
-1273
-1361
-1432
-1487
-1526
-1551
-1563
-1562
-1549
-1525
-1489
-1442
-1386
-1320
-1246
-1165
-1078
-986
-892
-795
-699
-604
-511
-419
-330
-242
-156
-70
14
100
187
275
364
453
542
631
718
802
883
960
1030
1094
1148
1192
1224
1243
1248
1237
1211
1169
1111
1038
950
849
736
614
486
354
224
98
-20
-126
-219
-295
-353
-392
-412
-415
-400
-371
-328
-274
-210
-140
-64
14
94
