305
298
287
272
250
223
188
146
98
44
-13
-74
-137
-198
-257
-310
-356
-393
-420
-436
-441
-435
-419
-393
-359
-319
-274
-227
-179
-131
-86
-44
-7
23
49
70
85
95
101
104
106
106
108
110
116
124
136
151
169
190
213
236
258
278
295
306
312
312
304
290
269
243
213
180
146
113
82
54
29
10
-5
-15
-22
-26
-27
-27
-26
-25
-25
-26
-28
-31
-35
-41
-47
-53
-59
-65
-71
-77
-84
-90
-97
-105
-115
-126
-138
-152
-166
-181
-196
-211
-223
-234
-241
-245
-246
-243
-236
-227
-216
-203
-189
-176
-163
-150
-139
-128
-118
-108
-97
-85
-71
-55
-36
-15
9
36
65
95
126
157
186
214
238
259
275
285
289
287
279
265
247
225
200
174
149
124
103
84
69
57
50
45
42
41
40
39
37
33
26
17
5
-9
-26
-45
-65
-86
-106
-126
-143
-159
-172
-181
-188
-193
-194
-195
-193
-191
-189
-186
-182
-178
-174
-169
-162
-154
-144
-132
-119
-104
-87
-70
-52
-34
-16
0
14
26
37
45
51
55
58
59
59
59
59
60
62
64
68
73
79
86
93
100
108
116
124
133
141
149
157
164
170
175
178
179
177
171
162
149
132
112
88
61
33
4
-25
-53
-80
-104
-124
-142
-156
-166
-174
-178
-181
-182
-182
-181
-181
-180
-180
-180
-181
-182
-182
-182
-181
-178
-174
-167
-157
-145
-129
-110
-88
-63
-36
-7
22
54
85
116
145
171
194
213
228
237
242
241
237
228
217
204
191
178
167
159
154
152
154
160
169
181
194
207
220
231
240
245
247
245
239
228
215
198
180
159
138
117
96
76
57
39
23
7
-8
-23
-40
-58
-79
-103
-130
-160
-195
-234
-276
-321
-369
-417
-465
-510
-552
-589
-618
-639
-650
-652
-642
-622
-592
-552
-505
-450
-390
-327
-261
-194
-127
-62
1
62
120
174
225
273
317
356
390
419
443
460
471
475
472
462
445
422
393
359
322
281
239
196
153
113
75
41
11
-13
-33
-48
-59
-67
-70
-72
-71
-69
-66
-63
-59
-56
-52
-48
-44
-39
-34
-29
-23
-16
-9
-1
6
14
21
28
34
39
42
43
43
40
34
27
18
8
-4
-17
-31
-45
-60
-74
-88
-101
-112
-123
-132
-139
-145
-150
-155
-158
-162
-165
-169
-174
-180
-187
-195
-203
-213
-222
-230
-237
-242
-243
-239
-231
-216
-194
-166
-131
-91
-45
3
54
106
156
203
245
281
309
329
340
342
336
323
303
279
251
222
194
167
144
125
112
105
105
110
122
138
158
181
206
230
252
272
288
298
302
299
289
272
248
219
184
145
103
60
17
-25
-66
-104
-139
-171
-198
-222
-243
-261
-276
-289
-301
-312
-321
-329
-336
-341
-344
-344
-340
-333
-321
-304
-282
-255
-224
-188
-148
-106
-62
-17
25
67
105
139
168
190
206
215
218
216
208
197
184
169
155
141
128
118
109
103
98
94
91
88
85
82
77
71
65
58
50
42
34
27
21
16
13
11
11
13
15
19
23
27
31
34
35
36
35
32
29
23
17
9
0
-9
-19
-29
-38
-47
-54
-60
-64
-65
-64
-61
-55
-47
-38
-27
-16
-4
7
18
28
37
44
49
52
53
51
47
41
34
26
18
10
3
-2
-6
-7
-7
-5
-1
3
8
13
17
20
20
17
11
1
-10
-26
-44
-63
-82
-100
-117
-130
-140
-147
-149
-148
-144
-137
-128
-118
-108
-98
-88
-79
-71
-64
-57
-50
-43
-35
-26
-17
-6
4
15
26
35
42
45
44
39
28
11
-10
-37
-68
-102
-137
-171
-204
-234
-259
-279
-292
-298
-297
-288
-273
-250
-222
-188
-150
-108
-64
-18
28
74
118
161
200
236
268
295
319
339
356
370
381
390
398
405
411
416
420
423
423
419
411
398
378
351
316
274
224
168
107
42
-24
-90
-155
-215
-269
-316
-354
-383
-401
-410
-409
-400
-384
-361
-335
-305
-274
-244
-215
-189
-167
-149
-135
-126
-121
-120
-122
-126
-130
-134
-137
-137
-135
-129
-120
-108
-92
-74
-54
-33
-11
10
31
51
69
85
99
110
118
124
128
129
129
127
125
122
120
117
116
116
117
119
123
127
132
137
141
145
146
145
142
137
129
119
107
93
78
63
49
36
24
15
8
3
1
0
0
-1
-2
-5
-11
-19
-31
-46
-64
-85
-106
-129
-150
-169
-184
-193
-197
-193
-182
-164
-138
-106
-69
-28
14
57
99
137
171
199
219
231
235
229
215
193
163
127
87
43
-1
-46
-90
-130
-166
-197
-221
-238
-248
-251
-247
-235
-217
-193
-164
-132
-96
-59
-22
14
49
81
109
133
150
162
167
167
161
150
134
116
96
75
54
34
15
0
-12
-22
-29
-33
-35
-35
-33
-30
-26
-22
-17
-13
-10
-7
-4
-2
-2
-1
-2
-4
-7
-11
-16
-21
-27
-33
-38
-43
-47
-51
-53
-53
-53
-51
-49
-45
-40
-35
-29
-22
-14
-6
2
12
22
32
42
51
60
67
73
77
79
78
74
69
61
52
41
30
19
8
0
-8
-15
-19
-21
-22
-20
-18
-15
-12
-9
-6
-5
-4
-4
-4
-5
-7
-8
-10
-11
-12
-12
-12
-11
-10
-8
-6
-4
-1
0
3
6
9
12
14
17
19
20
21
22
23
23
22
21
19
17
14
11
6
2
-2
-7
-11
-14
-16
-16
-13
-8
0
10
25
42
61
83
106
130
154
177
198
216
231
240
244
241
232
216
193
163
128
88
45
0
-47
-93
-137
-179
-217
-251
-279
-303
-322
-336
-344
-348
-347
-341
-330
-315
-295
-271
-243
-212
-178
-141
-103
-63
-24
13
49
82
111
136
155
168
175
175
171
161
147
130
111
91
71
53
36
20
7
-3
-12
-20
-26
-31
-36
-39
-42
-44
-44
-43
-41
-36
-29
-20
-10
1
14
27
38
48
55
58
57
52
42
27
8
-14
-39
-65
-92
-117
-139
-157
-169
-175
-174
-165
-148
-124
-94
-57
-16
27
74
121
167
212
252
288
318
341
356
363
361
349
329
299
263
219
171
119
66
14
-35
-80
-120
-154
-180
-199
-210
-215
-213
-206
-196
-183
-168
-152
-137
-122
-109
-97
-87
-78
-71
-65
-61
-57
-54
-51
-50
-49
-49
-49
-50
-52
-55
-58
-61
-65
-68
-70
-73
-74
-74
-74
-73
-71
-68
-66
-63
-60
-56
-53
-49
-44
-39
-33
-26
-18
-10
-2
6
16
25
35
45
56
68
81
95
111
129
148
169
191
214
237
260
283
303
322
337
348
355
358
355
347
335
317
296
272
244
215
185
156
127
99
74
52
32
15
1
-9
-19
-27
-36
-44
-55
-67
-82
-100
-122
-147
-175
-207
-240
-274
-308
-340
-370
-395
-416
-431
-440
-442
-439
-430
-416
-398
-379
-357
-335
-314
-293
-274
-255
-238
-221
-203
-184
-163
-139
-111
-80
-45
-7
33
75
117
158
196
230
259
282
299
310
315
315
311
305
296
287
277
269
262
257
253
250
247
245
241
237
230
221
209
195
177
157
135
111
85
59
31
4
-22
-49
-76
-102
-128
-153
-176
-199
-219
-237
-253
-265
-273
-277
-277
-271
-261
-246
-227
-205
-178
-150
-119
-88
-57
-26
3
31
56
79
99
114
127
135
138
138
133
124
112
96
78
59
38
17
-1
-20
-36
-50
-62
-71
-79
-85
-91
-97
-103
-109
-117
-126
-136
-146
-157
-167
-176
-183
-187
-189
-186
-179
-168
-152
-131
-106
-78
-46
-11
24
61
98
135
169
202
231
257
278
295
306
311
310
303
290
272
249
222
192
162
131
101
74
50
31
16
6
1
0
4
11
21
32
44
55
65
72
77
77
75
69
59
48
34
20
6
-7
-19
-29
-37
-42
-46
-47
-47
-47
-47
-49
-52
-57
-65
-76
-89
-103
-117
-131
-143
-151
-155
-154
-146
-132
-111
-85
-53
-18
19
58
96
130
160
184
201
209
210
201
186
163
136
104
71
38
6
-23
-48
-70
-86
-97
-103
-105
-104
-99
-93
-85
-78
-70
-64
-60
-57
-56
-56
-58
-60
-63
-65
-67
-68
-67
-64
-59
-53
-45
-36
-26
-15
-3
7
18
28
38
46
53
60
65
71
75
79
83
86
88
89
89
88
83
76
66
53
36
16
-6
-32
-58
-85
-112
-136
-158
-175
-187
-193
-193
-186
-173
-153
-128
-98
-63
-27
10
48
85
119
149
174
194
208
216
218
214
206
192
176
156
133
109
84
59
33
9
-14
-36
-56
-74
-88
-99
-106
-110
-110
-106
-100
-91
-80
-68
-55
-42
-30
-20
-11
-5
-1
0
-2
-6
-12
-21
-31
-42
-54
-66
-77
-87
-96
-104
-109
-112
-112
-109
-103
-95
-83
-69
-53
-35
-16
3
23
42
60
76
90
102
111
118
122
125
125
124
121
116
110
102
93
83
71
58
45
31
18
5
-6
-17
-26
-33
-39
-42
-44
-45
-45
-44
-43
-42
-41
-40
-40
-40
-39
-38
-35
-31
-25
-16
-5
6
20
35
50
64
76
85
90
91
87
76
61
39
13
-17
-52
-89
-127
-164
-200
-234
-263
-287
-306
-318
-324
-323
-316
-304
-286
-265
-240
-213
-186
-158
-131
-105
-81
-59
-40
-22
-6
7
21
35
49
64
80
98
117
136
157
177
197
215
231
244
253
259
259
255
247
235
219
201
182
162
142
124
106
91
77
65
54
44
35
26
16
6
-4
-16
-29
-43
-57
-72
-87
-102
-116
-129
-140
-148
-152
-153
-149
-140
-126
-107
-84
-56
-25
8
42
76
110
140
166
188
203
211
212
205
191
169
141
107
69
28
-13
-56
-97
-135
-169
-198
-221
-240
-252
-260
-262
-261
-257
-249
-240
-228
-215
-201
-184
-167
-147
-125
-101
-74
-45
-14
18
52
86
119
151
181
207
229
246
258
264
265
261
253
241
226
210
194
178
163
150
139
130
124
119
115
113
110
107
103
98
91
84
75
66
55
45
34
24
15
6
0
-7
-12
-16
-19
-23
-26
-30
-34
-40
-46
-54
-63
-72
-82
-92
-100
-108
-114
-118
-119
-117
-113
-106
-95
-82
-66
-47
-27
-6
15
36
55
73
87
97
103
105
102
94
82
66
47
26
4
-18
-39
-59
-77
-92
-103
-110
-113
-112
-107
-98
-87
-74
-59
-44
-29
-15
-3
7
15
21
25
28
29
29
29
28
28
28
29
30
31
32
32
32
31
30
28
25
22
19
16
14
13
12
13
14
15
17
18
19
19
17
14
10
4
-2
-10
-18
-27
-35
-42
-47
-51
-53
-54
-53
-50
-47
-43
-39
-35
-32
-30
-29
-29
-30
-33
-36
-39
-42
-46
-49
