-161
-84
-4
77
158
234
303
361
408
440
458
460
448
422
385
339
287
230
173
118
65
18
-23
-58
-86
-108
-124
-135
-141
-144
-143
-142
-139
-137
-136
-136
-138
-141
-148
-156
-166
-177
-190
-203
-216
-229
-241
-251
-259
-263
-265
-261
-253
-240
-221
-197
-167
-131
-91
-48
-1
48
99
151
202
253
302
348
389
425
454
474
485
485
474
451
415
369
312
247
175
99
22
-53
-126
-192
-250
-299
-336
-363
-378
-383
-380
-368
-352
-331
-309
-287
-267
-249
-235
-225
-218
-215
-214
-213
-213
-210
-204
-194
-179
-159
-132
-100
-62
-21
23
69
116
162
205
246
282
312
337
355
366
370
367
358
342
321
295
266
233
198
162
125
90
55
22
-8
-36
-60
-80
-96
-107
-114
-116
-114
-108
-101
-94
-87
-84
-85
-91
-103
-122
-147
-178
-212
-249
-286
-322
-356
-385
-408
-425
-435
-438
-434
-424
-408
-386
-359
-328
-294
-256
-215
-173
-128
-83
-36
9
55
100
143
184
222
257
287
313
335
354
369
380
390
398
405
412
419
427
436
447
459
472
486
500
514
526
537
545
550
551
549
542
531
516
496
472
445
413
379
343
304
265
224
183
143
102
62
23
-16
-56
-97
-140
-184
-230
-277
-326
-375
-424
-471
-515
-554
-588
-615
-634
-644
-646
-639
-622
-598
-567
-529
-486
-440
-392
-344
-300
-259
-225
-199
-181
-174
-178
-190
-212
-241
-275
-312
-349
-384
-415
-439
-455
-462
-459
-446
-423
-390
-349
-300
-244
-184
-120
-53
13
81
147
212
274
332
388
439
487
530
570
607
640
671
701
729
756
783
810
838
864
891
915
936
953
964
967
959
939
906
857
793
713
618
510
389
259
123
-14
-151
-284
-408
-523
-624
-710
-780
-833
-870
-890
-896
-887
-867
-837
-799
-756
-710
-662
-615
-570
-529
-493
-462
-436
-415
-399
-386
-376
-367
-359
-351
-343
-332
-321
-308
-294
-279
-263
-248
-233
-218
-204
-190
-176
-161
-145
-126
-105
-80
-50
-17
20
63
109
159
212
267
324
381
437
492
543
590
631
664
688
701
702
690
664
624
569
501
420
329
231
128
24
-76
-170
-255
-326
-382
-422
-444
-450
-440
-417
-382
-339
-291
-241
-192
-146
-107
-75
-53
-40
-36
-41
-53
-70
-90
-109
-126
-137
-141
-135
-117
-88
-47
5
68
139
216
295
374
449
518
576
622
654
670
670
653
621
574
515
446
369
286
201
115
32
-46
-119
-184
-241
-289
-327
-356
-378
-392
-400
-404
-404
-402
-398
-393
-388
-380
-372
-360
-346
-328
-306
-280
-248
-213
-173
-129
-83
-34
14
64
112
157
199
236
267
292
310
321
326
324
316
303
286
265
240
213
183
151
118
84
49
16
-16
-47
-76
-101
-123
-141
-154
-164
-169
-170
-167
-161
-151
-139
-125
-109
-91
-73
-55
-37
-19
-1
15
30
45
59
72
83
93
102
109
115
120
124
127
129
131
133
135
138
141
145
150
155
161
167
173
179
184
187
188
187
183
176
166
151
133
111
85
55
21
-15
-56
-100
-148
-198
-252
-309
-367
-427
-487
-547
-604
-658
-707
-748
-781
-803
-813
-810
-791
-756
-704
-635
-551
-452
-341
-219
-91
41
173
302
424
535
633
715
780
827
855
863
854
828
788
735
671
600
524
446
368
293
222
156
98
47
4
-30
-58
-78
-92
-101
-105
-105
-104
-100
-97
-93
-90
-89
-89
-90
-93
-98
-104
-112
-120
-128
-138
-147
-156
-166
-175
-183
-191
-198
-205
-212
-218
-225
-231
-238
-245
-252
-260
-266
-272
-277
-279
-279
-276
-269
-259
-244
-226
-204
-180
-154
-127
-100
-73
-48
-25
-5
11
24
35
43
49
54
57
60
64
68
73
79
85
93
100
106
112
116
119
119
117
113
107
99
90
82
74
69
67
70
79
95
119
151
191
237
288
341
395
446
491
528
554
567
565
549
517
472
413
344
266
183
97
11
-70
-147
-216
-276
-326
-365
-392
-408
-414
-410
-397
-378
-353
-323
-290
-256
-220
-185
-150
-116
-84
-52
-23
4
31
56
79
101
120
138
154
167
177
184
188
188
185
179
169
157
143
128
112
96
81
68
57
48
42
40
40
44
49
57
66
75
85
93
100
104
104
100
91
77
57
31
1
-32
-70
-109
-150
-190
-228
-265
-298
-327
-352
-372
-387
-397
-401
-399
-391
-377
-357
-332
-303
-271
-235
-198
-161
-124
-88
-55
-25
2
27
50
72
92
113
135
159
185
214
247
282
319
358
397
435
470
500
524
540
546
543
529
504
469
424
372
313
250
185
121
60
4
-44
-86
-118
-142
-158
-165
-166
-161
-153
-142
-131
-121
-113
-108
-108
-111
-118
-128
-140
-152
-164
-174
-182
-187
-188
-186
-181
-174
-165
-157
-150
-145
-143
-144
-149
-156
-166
-178
-191
-203
-213
-221
-225
-224
-220
-211
-198
-182
-164
-145
-125
-107
-91
-78
-68
-61
-57
-55
-54
-52
-48
-40
-28
-10
14
44
80
121
164
208
252
292
327
356
376
388
391
384
368
345
314
278
238
196
154
113
75
42
15
-5
-18
-24
-22
-15
-2
13
31
50
68
82
92
96
94
85
70
49
23
-5
-35
-65
-93
-117
-134
-144
-147
-140
-126
-103
-75
-43
-8
26
58
84
104
115
116
107
87
57
18
-28
-82
-140
-202
-266
-331
-394
-456
-515
-569
-618
-660
-693
-718
-733
-736
-728
-708
-675
-632
-578
-514
-444
-368
-289
-210
-133
-60
5
62
109
146
171
185
188
180
164
139
108
71
31
-10
-53
-95
-134
-170
-201
-224
-239
-243
-236
-217
-184
-136
-74
0
89
189
298
414
534
655
773
884
985
1073
1144
1196
1226
1232
1213
1169
1100
1008
893
760
612
452
286
118
-47
-205
-351
-483
-598
-694
-771
-828
-867
-887
-892
-881
-857
-822
-775
-718
-651
-575
-490
-397
-296
-189
-78
36
151
264
373
473
563
638
698
738
758
756
732
687
622
541
444
337
224
107
-8
-119
-223
-317
-399
-468
-522
-562
-588
-600
-600
-588
-565
-533
-494
-448
-397
-343
-287
-229
-171
-112
-54
3
59
115
170
223
274
322
367
408
442
469
488
497
495
480
454
414
363
300
227
147
63
-22
-105
-181
-249
-303
-343
-366
-371
-359
-332
-290
-238
-177
-113
-48
14
71
121
161
190
210
219
218
210
195
175
152
127
102
78
57
38
23
13
7
7
11
20
33
50
71
95
120
147
175
202
228
251
270
284
293
294
289
276
256
229
196
159
118
75
32
-9
-48
-84
-115
-141
-162
-178
-190
-198
-204
-208
-212
-216
-221
-227
-235
-245
-256
-267
-279
-291
-301
-310
-315
-318
-317
-312
-303
-290
-274
-255
-235
-214
-194
-175
-158
-144
-134
-127
-124
-123
-123
-124
-123
-120
-113
-101
-83
-59
-30
4
42
82
123
162
197
227
251
267
276
277
271
259
242
220
195
168
139
109
78
45
11
-23
-58
-94
-129
-162
-193
-219
-239
-252
-256
-252
-238
-216
-186
-148
-105
-57
-7
43
93
142
188
231
270
305
336
364
389
411
431
447
461
472
480
484
484
480
471
458
440
418
393
365
336
305
273
240
206
171
136
99
61
22
-15
-54
-91
-126
-158
-185
-207
-222
-229
-230
-223
-209
-189
-165
-138
-110
-84
-60
-42
-31
-27
-32
-45
-66
-93
-127
-164
-203
-241
-279
-312
-342
-365
-383
-395
-400
-399
-393
-382
-367
-348
-326
-301
-274
-245
-214
-181
-148
-113
-79
-44
-10
21
52
79
104
125
141
153
161
163
161
154
144
129
112
92
70
48
25
4
-16
-34
-50
-62
-72
-78
-81
-80
-76
-68
-57
-41
-23
-1
23
51
81
112
144
174
203
228
248
262
269
268
257
237
208
169
122
68
9
-51
-113
-172
-225
-270
-303
-324
-329
-319
-292
-251
-196
-130
-56
21
100
176
244
302
346
376
389
386
368
336
293
242
186
127
68
11
-40
-88
-129
-165
-194
-218
-236
-250
-259
-265
-267
-266
-262
-256
-247
-237
-225
-213
-200
-187
-174
-162
-150
-141
-132
-125
-119
-115
-111
-107
-103
-99
-93
-85
-75
-63
-48
-30
-10
10
33
55
77
98
118
135
149
160
169
174
177
177
175
171
166
160
154
148
143
139
136
134
133
132
130
128
123
116
106
92
74
53
29
2
-25
-53
-79
-103
-123
-137
-145
-145
-138
-123
-101
-72
-37
1
42
85
126
165
199
228
250
265
271
270
261
244
222
194
161
125
87
47
7
-32
-71
-108
-144
-176
-205
-230
-251
-267
-279
-286
-289
-288
-283
-274
-264
-251
-237
-222
-207
-192
-177
-164
-151
-140
-131
-123
-116
-110
-105
-100
-94
-86
-77
-65
-50
-33
-13
9
34
60
87
115
142
168
194
217
239
258
275
289
300
307
312
314
312
308
301
290
277
261
241
218
192
161
126
88
45
0
-49
-100
-151
-202
-250
-295
-333
-364
-387
-399
-401
-391
-371
-339
-298
-249
-193
-133
-71
-8
50
106
155
196
229
252
267
272
268
257
239
217
190
160
128
96
64
33
3
-24
-49
-71
-90
-105
-115
-121
-121
-117
-107
-92
-73
-49
-23
6
36
67
97
125
150
171
187
197
200
198
189
175
156
134
110
85
61
38
18
0
-13
-25
-36
-45
-55
-65
-77
-92
-109
-129
-150
-172
-193
-213
-229
-241
-246
-243
-232
-211
-182
-144
-98
-46
9
68
126
183
236
282
321
350
370
380
380
370
351
324
291
252
209
163
115
68
21
-23
-64
-101
-133
-159
-179
-193
-202
-205
-205
-202
-197
-192
-188
-186
-188
-193
-203
-216
-234
-255
-278
-302
-326
-348
-366
-379
-386
-384
-373
-351
-318
-274
-219
-154
-80
1
88
178
268
356
438
511
573
622
655
672
672
655
622
574
513
442
364
281
197
114
36
-35
-98
-152
-196
-229
-252
-266
-272
-272
-268
-262
-256
-253
-253
-258
-269
-285
-307
-332
-361
-389
-417
-441
-460
-472
-476
-470
-455
-430
-396
-354
-305
-250
-190
-126
-61
4
70
134
196
254
308
357
400
437
468
492
510
521
526
525
519
508
492
472
448
422
392
361
327
291
254
215
176
137
97
58
21
-14
-47
-76
-103
-125
-144
-158
-169
-177
-183
-186
-188
-189
-190
-190
-190
-191
-190
-190
-189
-187
-185
-181
-176
-171
-164
-156
-147
-137
-126
-114
-101
-87
-71
-54
-35
-14
7
31
56
81
105
127
146
162
172
176
174
165
149
127
99
66
30
-8
-47
-86
-123
-157
-188
-214
-235
-251
-262
-267
-269
-266
-259
-249
-236
-220
-203
-183
-162
-140
-117
-92
-68
-42
-17
7
32
58
83
109
136
164
193
223
255
289
322
