812
754
694
633
569
505
441
377
314
252
193
138
87
40
0
-37
-68
-94
-115
-134
-149
-162
-173
-184
-195
-206
-217
-229
-242
-254
-265
-276
-285
-292
-297
-299
-299
-298
-294
-290
-285
-281
-278
-276
-276
-278
-282
-288
-295
-303
-311
-319
-325
-329
-331
-330
-325
-317
-304
-287
-266
-241
-212
-181
-148
-114
-80
-47
-15
12
38
60
78
92
103
109
112
113
111
108
104
99
95
92
90
90
92
96
101
109
117
127
137
147
157
167
176
184
191
197
203
208
212
217
221
226
232
239
246
254
262
271
280
288
295
301
305
307
305
301
293
281
265
246
223
198
170
141
111
81
52
25
0
-22
-41
-58
-71
-82
-90
-95
-97
-98
-97
-96
-94
-92
-91
-92
-94
-98
-103
-110
-117
-125
-131
-136
-139
-138
-134
-127
-116
-101
-84
-65
-46
-27
-9
4
14
19
18
10
-3
-23
-49
-79
-112
-146
-180
-213
-242
-266
-284
-296
-302
-301
-295
-282
-265
-244
-221
-195
-169
-143
-117
-93
-70
-49
-31
-14
0
13
25
35
44
51
57
62
65
68
69
70
70
69
67
65
63
60
56
53
49
44
39
34
29
22
16
9
1
-7
-16
-25
-35
-46
-56
-67
-76
-85
-92
-97
-100
-101
-98
-92
-83
-70
-56
-38
-19
0
20
41
60
78
94
108
121
131
140
148
155
161
168
175
181
188
195
202
207
211
213
214
211
206
197
186
172
156
137
116
95
73
51
30
10
-8
-25
-40
-53
-64
-73
-81
-88
-95
-101
-108
-115
-124
-134
-145
-157
-171
-184
-198
-211
-222
-231
-236
-237
-234
-226
-215
-199
-180
-159
-137
-115
-93
-73
-55
-41
-31
-24
-22
-23
-27
-35
-43
-53
-63
-71
-77
-81
-81
-77
-68
-56
-40
-21
0
24
49
75
100
124
146
165
180
192
199
202
201
196
188
177
164
150
136
121
108
96
87
79
75
73
74
78
84
93
104
116
130
144
157
170
181
189
195
198
197
193
186
175
161
144
124
102
77
50
22
-6
-36
-65
-94
-122
-148
-173
-194
-212
-228
-239
-248
-252
-253
-250
-245
-236
-224
-209
-192
-172
-151
-128
-103
-78
-52
-25
0
25
49
71
90
107
120
129
134
135
133
127
118
106
94
80
67
55
45
38
33
30
31
33
37
42
48
53
57
60
62
62
62
60
58
55
51
47
42
35
27
16
3
-11
-30
-52
-77
-104
-134
-167
-200
-234
-267
-299
-327
-350
-368
-380
-383
-378
-365
-343
-313
-277
-235
-188
-139
-89
-40
6
49
89
123
151
174
192
204
212
217
219
219
218
216
215
214
214
214
215
216
216
215
213
209
202
193
180
162
141
116
86
52
15
-25
-67
-112
-156
-200
-241
-280
-313
-341
-362
-375
-379
-375
-363
-343
-315
-283
-246
-206
-166
-126
-88
-53
-23
3
24
41
54
63
70
75
79
84
91
99
109
123
139
158
179
201
223
244
263
279
291
298
299
294
284
268
247
221
192
160
127
93
60
28
-2
-30
-55
-78
-97
-112
-125
-135
-142
-147
-151
-153
-154
-154
-153
-151
-148
-143
-137
-130
-120
-109
-95
-80
-63
-45
-26
-7
10
28
43
56
65
71
74
72
67
59
48
35
22
9
-2
-11
-18
-21
-19
-13
-3
9
25
42
58
73
85
93
95
92
83
69
50
28
5
-17
-38
-56
-68
-73
-71
-61
-42
-16
16
54
95
139
181
220
255
283
303
314
315
307
291
266
235
199
159
116
73
30
-11
-49
-85
-117
-145
-169
-190
-207
-221
-232
-242
-249
-254
-258
-260
-259
-256
-250
-240
-226
-209
-187
-162
-134
-103
-70
-36
-1
32
64
94
119
140
156
166
169
166
158
143
124
101
75
47
17
-11
-39
-65
-88
-108
-122
-132
-136
-136
-131
-122
-110
-97
-82
-68
-55
-45
-38
-35
-36
-42
-50
-62
-75
-89
-102
-113
-120
-123
-120
-111
-96
-74
-46
-13
23
63
106
148
190
230
267
300
327
350
367
377
382
381
373
360
341
318
289
255
218
177
132
85
36
-14
-67
-119
-172
-224
-274
-321
-363
-401
-431
-455
-470
-477
-474
-462
-442
-414
-379
-340
-299
-256
-215
-178
-145
-119
-100
-89
-84
-85
-92
-101
-111
-121
-127
-127
-121
-107
-84
-53
-12
34
87
144
201
257
309
355
392
420
436
442
437
423
401
373
342
310
280
254
233
220
216
220
232
252
277
306
335
362
385
399
403
394
373
337
289
229
160
83
3
-78
-158
-233
-301
-359
-408
-445
-470
-483
-485
-477
-459
-433
-401
-365
-326
-286
-246
-208
-173
-142
-114
-90
-71
-56
-44
-36
-31
-29
-30
-33
-37
-43
-49
-57
-64
-71
-79
-85
-91
-96
-100
-102
-103
-101
-98
-92
-83
-72
-57
-39
-18
4
30
58
86
115
142
168
191
210
224
233
237
234
226
211
191
167
139
108
77
46
16
-9
-31
-48
-60
-65
-64
-58
-46
-30
-11
10
33
56
78
98
116
130
142
149
153
154
151
146
138
128
116
102
87
72
55
38
21
3
-13
-30
-46
-61
-76
-88
-99
-108
-115
-119
-120
-119
-114
-106
-95
-81
-65
-48
-28
-9
9
28
44
57
67
72
73
69
61
47
30
10
-11
-35
-57
-78
-96
-110
-118
-119
-115
-103
-86
-63
-37
-8
21
49
74
94
108
115
115
108
95
76
53
28
1
-24
-48
-70
-88
-101
-110
-114
-115
-112
-106
-99
-91
-84
-78
-75
-73
-74
-77
-82
-89
-97
-105
-113
-120
-126
-131
-136
-139
-142
-145
-149
-153
-158
-165
-174
-184
-196
-209
-222
-234
-244
-252
-256
-256
-250
-237
-219
-195
-165
-129
-89
-46
0
46
93
140
186
229
269
307
341
372
399
424
445
465
482
497
510
520
528
533
535
532
525
513
494
469
438
400
356
306
250
189
124
55
-14
-86
-157
-226
-292
-353
-407
-453
-491
-518
-536
-542
-539
-526
-505
-476
-441
-402
-360
-316
-272
-229
-188
-150
-115
-83
-55
-31
-10
7
23
36
47
57
66
74
80
86
89
91
90
87
81
71
59
43
25
4
-17
-40
-63
-84
-104
-120
-133
-141
-145
-142
-134
-121
-103
-80
-54
-25
5
36
67
96
123
147
167
183
194
202
206
207
205
202
196
190
183
176
170
164
158
153
149
145
142
138
135
130
125
119
111
102
91
79
67
53
39
25
12
0
-10
-20
-29
-36
-41
-44
-45
-45
-42
-39
-33
-27
-20
-12
-5
0
5
9
10
10
7
2
-4
-14
-25
-39
-54
-71
-89
-106
-124
-141
-157
-170
-180
-188
-192
-193
-189
-183
-173
-161
-145
-128
-110
-90
-70
-50
-29
-9
10
30
50
70
90
112
135
158
182
207
231
255
276
294
308
316
318
313
300
280
252
217
176
131
81
30
-22
-73
-122
-167
-207
-240
-267
-287
-300
-306
-306
-302
-293
-281
-267
-252
-237
-222
-208
-194
-181
-169
-155
-142
-126
-109
-90
-69
-47
-23
0
24
46
67
84
98
108
114
116
115
111
105
97
89
80
72
65
59
55
52
51
52
54
57
61
66
70
74
77
79
79
77
73
68
62
55
48
41
35
31
28
28
29
33
39
47
56
66
75
84
92
97
100
100
97
91
81
68
52
33
12
-10
-33
-56
-78
-99
-117
-132
-142
-149
-151
-149
-142
-131
-116
-98
-77
-55
-31
-6
17
40
62
82
98
111
120
124
124
119
110
97
81
61
39
16
-9
-35
-61
-86
-111
-135
-156
-175
-191
-203
-212
-218
-219
-217
-211
-202
-190
-175
-159
-141
-121
-101
-81
-60
-40
-21
-2
15
31
46
60
71
81
89
95
99
102
104
105
106
107
109
111
113
117
121
125
130
134
136
137
134
128
118
104
85
61
33
2
-31
-65
-98
-129
-156
-178
-192
-200
-199
-191
-176
-155
-129
-101
-71
-43
-16
5
23
36
43
46
44
40
35
29
24
21
22
27
36
50
67
88
111
134
157
177
191
199
200
191
173
148
115
78
38
-1
-39
-73
-103
-126
-144
-155
-161
-161
-156
-146
-133
-117
-99
-79
-58
-37
-17
1
19
35
49
62
73
82
90
96
102
106
109
111
112
112
111
107
103
96
88
78
66
52
37
21
5
-11
-28
-44
-59
-73
-84
-94
-102
-106
-108
-106
-101
-93
-83
-69
-54
-38
-21
-5
10
25
37
47
55
60
62
61
58
53
45
36
26
16
5
-4
-13
-21
-27
-31
-32
-32
-30
-25
-20
-12
-4
4
13
22
30
37
43
47
50
50
48
45
40
34
26
19
11
3
-4
-11
-17
-22
-26
-29
-31
-32
-33
-32
-31
-28
-26
-23
-19
-15
-11
-6
-1
3
8
13
17
21
25
27
28
27
25
21
16
9
1
-7
-17
-27
-38
-49
-59
-68
-76
-82
-85
-86
-85
-80
-73
-64
-53
-41
-28
-15
-3
7
16
22
26
26
24
20
13
3
-7
-19
-32
-45
-57
-69
-78
-86
-92
-96
-99
-100
-99
-99
-99
-100
-102
-105
-110
-116
-124
-132
-141
-148
-154
-157
-156
-151
-141
-126
-106
-81
-51
-17
19
57
96
133
168
199
225
245
258
264
262
252
236
214
188
157
125
92
60
30
3
-18
-36
-50
-58
-63
-63
-61
-55
-48
-40
-30
-20
-10
0
9
18
27
34
40
45
48
50
49
47
43
37
29
20
9
-2
-14
-28
-41
-55
-68
-80
-90
-100
-107
-113
-116
-118
-118
-116
-112
-107
-100
-93
-85
-75
-65
-54
-43
-32
-21
-11
-1
7
15
23
30
36
43
51
60
70
81
95
110
126
144
162
180
197
214
229
242
253
262
269
275
278
280
281
280
277
273
267
258
247
232
214
191
163
131
93
51
6
-40
-89
-136
-181
-222
-257
-284
-304
-315
-317
-311
-298
-278
-252
-221
-186
-149
-112
-73
-36
-1
30
59
84
104
120
131
138
141
141
138
133
128
121
116
111
107
106
107
110
116
124
135
147
160
174
187
199
207
212
211
204
190
168
138
101
58
8
-45
-101
-159
-216
-269
-319
-361
-396
-422
-437
-443
-438
-424
-402
-373
-339
-301
-263
-226
-191
-162
-138
-121
-111
-109
-113
-124
-138
-156
-174
-193
-209
-222
-231
-236
-236
-232
-224
-213
-201
-188
-175
-164
-155
-149
-145
-144
-144
-145
-145
-144
-140
-133
-120
-103
-79
-51
-17
20
62
107
153
200
248
294
339
381
420
456
488
515
537
555
568
576
579
577
571
561
546
528
507
482
453
421
386
347
304
259
210
158
105
50
-3
-58
-111
-161
-209
-252
-291
-326
-356
