27
75
118
156
189
216
237
254
266
274
279
282
284
284
284
283
283
283
284
285
286
286
287
287
285
283
280
276
270
263
254
245
234
221
208
192
176
157
138
117
94
71
47
23
-1
-24
-47
-67
-86
-103
-117
-128
-137
-143
-147
-149
-150
-150
-149
-149
-149
-150
-152
-155
-160
-166
-173
-181
-190
-198
-207
-215
-221
-225
-227
-225
-220
-210
-197
-179
-158
-133
-107
-78
-50
-23
1
22
39
50
56
56
50
39
24
5
-16
-38
-61
-81
-99
-113
-121
-124
-121
-112
-97
-76
-50
-21
10
45
80
115
148
180
209
234
255
271
283
290
293
291
285
277
266
254
240
226
212
199
185
173
161
149
137
124
111
96
79
60
39
15
-11
-41
-73
-107
-142
-179
-215
-251
-285
-315
-341
-362
-375
-382
-380
-369
-350
-322
-287
-245
-197
-146
-92
-38
14
64
111
152
187
216
239
256
268
275
278
278
276
273
269
264
259
252
243
231
217
198
176
148
116
80
41
0
-42
-83
-123
-159
-190
-216
-235
-248
-253
-253
-246
-235
-220
-203
-185
-167
-150
-136
-125
-117
-112
-111
-113
-117
-124
-131
-139
-146
-153
-159
-164
-167
-167
-165
-160
-152
-140
-125
-106
-83
-56
-27
4
38
72
107
141
173
202
228
250
268
281
289
292
291
286
277
264
249
232
212
192
171
149
128
107
87
69
52
37
24
13
3
-5
-12
-19
-26
-34
-43
-52
-63
-74
-85
-97
-107
-115
-121
-122
-120
-112
-99
-80
-56
-27
5
40
76
112
147
177
203
222
235
240
237
227
211
189
162
131
97
61
25
-11
-47
-82
-116
-148
-178
-206
-230
-252
-269
-283
-292
-296
-295
-288
-276
-258
-235
-207
-175
-140
-102
-63
-23
15
52
87
119
147
172
193
211
226
237
246
252
256
257
256
252
246
238
226
211
192
170
144
114
81
44
4
-38
-83
-131
-179
-227
-273
-317
-356
-389
-415
-432
-441
-440
-430
-412
-387
-355
-319
-279
-238
-198
-158
-120
-85
-53
-25
0
24
46
66
87
107
129
150
172
194
215
233
249
260
265
265
258
244
224
198
166
131
93
53
13
-25
-62
-95
-124
-148
-165
-177
-182
-180
-172
-158
-138
-114
-86
-55
-22
10
42
73
101
125
145
160
170
174
175
171
164
154
143
130
117
103
89
75
61
46
30
12
-5
-24
-43
-63
-82
-101
-118
-134
-147
-157
-165
-169
-169
-166
-160
-150
-137
-121
-102
-81
-57
-31
-5
22
50
78
105
130
153
172
188
199
206
206
202
192
177
157
133
107
78
48
18
-11
-40
-67
-93
-117
-138
-157
-173
-186
-197
-206
-211
-214
-213
-209
-202
-192
-178
-161
-142
-119
-94
-68
-40
-12
15
42
66
89
108
124
136
145
151
154
155
154
152
148
145
141
138
135
133
132
132
132
132
133
134
135
135
134
132
129
124
117
109
99
88
76
63
49
37
25
15
7
1
-2
-3
-2
0
3
7
11
14
16
16
13
8
1
-8
-20
-33
-48
-62
-76
-89
-99
-107
-112
-115
-114
-112
-107
-100
-92
-84
-76
-68
-61
-54
-49
-44
-40
-37
-34
-32
-30
-28
-27
-25
-24
-23
-22
-22
-22
-22
-23
-24
-26
-28
-31
-33
-36
-38
-41
-42
-44
-46
-47
-49
-50
-52
-54
-57
-60
-63
-66
-68
-71
-72
-74
-74
-74
-74
-73
-73
-72
-72
-72
-72
-72
-71
-70
-67
-63
-56
-48
-38
-25
-11
3
18
34
49
63
75
85
93
97
99
97
93
86
77
66
54
42
30
18
9
1
-3
-6
-6
-3
1
9
19
30
42
55
69
81
94
105
115
123
130
136
141
145
148
150
151
151
151
150
148
145
140
134
127
118
107
94
81
66
51
35
20
4
-10
-25
-40
-54
-68
-82
-95
-109
-123
-138
-152
-167
-182
-196
-211
-224
-237
-249
-259
-266
-272
-274
-273
-269
-261
-249
-234
-215
-194
-169
-142
-113
-84
-53
-22
8
38
67
95
121
146
169
191
210
228
244
257
269
279
286
290
292
291
287
280
270
258
243
226
208
187
166
143
119
94
68
42
16
-8
-33
-57
-80
-102
-122
-140
-156
-169
-181
-190
-195
-198
-197
-193
-184
-172
-156
-136
-113
-87
-59
-30
0
28
56
82
104
122
136
144
146
141
131
114
92
66
37
5
-26
-58
-88
-114
-138
-156
-171
-181
-187
-190
-190
-187
-184
-180
-176
-172
-168
-164
-160
-155
-148
-139
-127
-111
-91
-66
-38
-6
28
65
102
140
175
209
238
263
282
296
304
306
302
293
280
264
245
224
202
180
159
138
118
99
82
66
51
38
26
15
6
-2
-10
-18
-26
-34
-43
-52
-62
-73
-85
-96
-108
-119
-129
-137
-144
-148
-150
-149
-146
-141
-133
-124
-114
-104
-94
-85
-77
-71
-67
-66
-66
-68
-71
-75
-79
-81
-82
-80
-75
-68
-57
-44
-28
-10
9
29
49
69
88
105
119
131
139
143
143
139
132
120
106
89
70
51
31
11
-6
-22
-37
-49
-59
-67
-72
-77
-80
-83
-85
-88
-92
-96
-102
-109
-116
-125
-135
-144
-154
-163
-172
-178
-182
-182
-179
-172
-160
-144
-123
-98
-70
-40
-8
23
54
83
109
132
150
164
173
177
177
173
166
156
144
131
118
105
92
79
66
54
41
28
13
-1
-17
-33
-49
-65
-80
-92
-102
-109
-112
-112
-107
-99
-88
-74
-58
-42
-24
-7
7
21
32
41
47
51
52
52
52
51
52
54
58
65
74
85
97
110
122
132
140
144
143
137
126
110
88
62
33
0
-34
-69
-105
-139
-171
-201
-227
-250
-269
-283
-293
-299
-301
-298
-291
-280
-265
-247
-225
-201
-174
-146
-115
-85
-54
-23
6
34
60
84
105
123
139
153
164
173
180
187
193
199
205
211
217
223
228
233
236
236
235
231
224
213
200
183
163
141
118
94
71
50
30
15
4
-2
-4
-1
5
15
28
42
56
69
80
88
93
95
93
89
82
74
65
56
47
39
33
28
24
22
21
21
22
23
23
24
23
21
18
13
8
1
-7
-16
-26
-37
-48
-59
-69
-79
-87
-94
-99
-102
-103
-102
-99
-94
-89
-82
-74
-65
-56
-46
-36
-27
-17
-8
0
7
15
23
31
39
47
55
63
71
78
84
88
91
92
90
86
80
72
61
50
37
23
9
-5
-18
-31
-43
-53
-62
-69
-75
-79
-83
-87
-90
-93
-96
-99
-102
-104
-106
-106
-104
-101
-95
-87
-77
-64
-49
-33
-17
0
15
30
42
52
58
60
58
51
39
23
3
-20
-46
-75
-104
-133
-161
-186
-207
-225
-236
-242
-242
-235
-221
-200
-173
-140
-101
-59
-13
34
84
133
180
225
266
302
332
353
367
370
365
349
323
287
244
193
137
78
17
-41
-97
-148
-191
-227
-253
-271
-281
-282
-278
-269
-256
-242
-228
-215
-204
-196
-190
-187
-185
-184
-182
-179
-173
-164
-149
-130
-105
-75
-40
-3
36
77
116
153
186
213
234
249
256
256
249
236
217
193
166
136
104
71
37
5
-26
-55
-82
-106
-126
-141
-151
-157
-158
-153
-145
-132
-115
-96
-75
-53
-30
-7
13
33
50
64
74
81
84
83
79
72
63
54
44
35
26
20
15
13
13
16
22
29
39
51
64
78
93
108
122
135
147
157
164
169
172
172
168
162
153
141
126
109
90
70
48
25
2
-19
-41
-61
-79
-96
-109
-120
-128
-132
-132
-129
-121
-110
-95
-77
-55
-31
-6
20
48
75
102
127
149
169
185
197
205
207
203
193
177
155
126
91
50
5
-43
-95
-148
-200
-251
-298
-340
-377
-406
-427
-439
-443
-437
-423
-401
-372
-336
-294
-249
-200
-149
-97
-45
5
53
99
142
179
212
240
263
280
292
300
304
305
303
299
295
289
284
278
273
268
262
256
248
239
227
213
196
175
151
125
96
65
32
0
-31
-61
-88
-112
-133
-148
-159
-165
-166
-163
-156
-146
-134
-121
-109
-97
-88
-82
-79
-80
-84
-92
-104
-117
-132
-148
-162
-176
-187
-196
-201
-203
-202
-198
-191
-181
-169
-155
-140
-124
-107
-91
-76
-61
-47
-35
-25
-15
-7
-1
4
9
13
18
22
26
31
37
43
49
56
64
72
80
88
96
103
110
115
119
121
120
116
109
98
83
64
42
18
-8
-35
-62
-87
-110
-129
-144
-154
-159
-159
-153
-143
-130
-113
-94
-75
-55
-37
-20
-6
5
14
22
28
34
40
47
56
69
85
104
126
152
179
207
234
260
283
302
316
324
326
322
310
292
268
238
204
167
127
87
47
9
-25
-56
-83
-104
-121
-132
-137
-138
-135
-128
-118
-106
-94
-82
-70
-60
-52
-46
-41
-38
-35
-33
-31
-28
-23
-18
-11
-3
5
14
22
29
33
35
34
28
18
2
-17
-43
-73
-107
-144
-183
-222
-261
-297
-328
-355
-375
-389
-394
-391
-380
-361
-334
-302
-263
-221
-175
-127
-79
-30
16
62
105
147
186
222
256
288
316
342
364
382
395
403
405
400
389
371
347
317
282
243
202
160
118
77
40
7
-20
-42
-59
-69
-73
-72
-66
-56
-44
-29
-14
1
16
29
41
50
57
61
63
63
60
56
50
43
35
26
16
5
-6
-19
-34
-50
-66
-84
-102
-120
-137
-154
-169
-181
-191
-197
-199
-197
-190
-179
-162
-141
-116
-86
-53
-18
17
54
90
123
152
176
195
206
211
208
198
181
157
129
96
60
24
-12
-47
-78
-104
-125
-138
-145
-144
-135
-120
-99
-73
-44
-13
17
47
74
96
113
123
127
122
110
90
65
34
0
-38
-76
-113
-148
-180
-208
-230
-248
-260
-266
-269
-267
-262
-255
-245
-234
-222
-210
-197
-183
-168
-152
-134
-115
-92
-67
-39
-8
24
61
98
137
176
213
248
279
305
325
339
344
342
332
314
290
260
224
185
143
99
55
13
-27
-65
-98
-126
-149
-165
-175
-178
-174
-163
-147
-125
-100
-71
-42
-12
16
43
66
86
102
113
120
122
120
114
104
90
72
52
30
5
-19
-46
-72
-98
-124
-148
-171
-191
-209
-225
-237
-246
-251
-253
-251
-245
-236
-224
-210
-194
-176
-157
-138
-120
-102
-84
-67
-52
-37
-23
-10
1
12
23
33
42
51
59
66
74
81
87
93
99
104
108
111
113
114
114
114
113
111
110
109
107
106
105
104
103
103
101
100
98
95
91
87
82
76
71
65
60
56
52
51
50
51
54
58
65
72
81
92
103
115
127
138
148
157
165
170
173
174
172
169
164
156
147
137
124
110
