-134
-115
-96
-75
-54
-32
-10
12
36
60
85
109
133
156
177
198
218
236
255
275
295
318
344
373
406
442
482
524
566
608
648
682
710
727
733
726
703
664
610
540
458
364
261
154
46
-60
-161
-254
-337
-408
-466
-512
-546
-568
-581
-585
-583
-575
-564
-550
-535
-519
-501
-484
-466
-449
-430
-412
-392
-372
-352
-331
-310
-288
-267
-245
-224
-204
-184
-164
-144
-125
-105
-85
-64
-42
-20
2
26
50
73
95
116
134
150
162
171
176
177
176
172
166
160
154
149
146
146
149
155
165
178
194
211
230
249
266
282
294
302
305
303
297
285
270
251
230
207
184
161
139
119
101
86
73
62
53
45
38
31
23
13
2
-9
-24
-40
-57
-76
-95
-114
-133
-151
-168
-183
-195
-206
-214
-220
-224
-224
-223
-219
-213
-204
-194
-182
-169
-155
-140
-126
-111
-98
-85
-73
-63
-55
-49
-46
-44
-44
-46
-50
-55
-61
-67
-73
-79
-85
-90
-96
-100
-105
-109
-112
-115
-118
-120
-121
-120
-119
-116
-112
-106
-98
-89
-79
-68
-55
-42
-29
-15
0
13
27
40
52
62
71
78
82
85
85
82
77
71
62
52
42
30
19
8
0
-9
-15
-20
-21
-20
-16
-9
0
13
28
44
62
79
96
111
123
132
136
136
130
121
106
88
67
43
19
-4
-27
-47
-64
-76
-83
-83
-77
-64
-45
-19
11
47
87
130
173
215
254
289
318
338
350
351
342
322
291
250
200
143
79
12
-56
-124
-190
-251
-304
-350
-386
-412
-427
-433
-429
-416
-396
-370
-340
-306
-270
-233
-197
-161
-127
-95
-65
-36
-10
13
36
58
79
100
121
142
163
184
205
226
246
264
281
295
306
313
316
314
307
296
280
259
234
206
174
139
101
62
21
-21
-64
-107
-150
-192
-230
-265
-295
-318
-333
-339
-335
-320
-294
-257
-210
-153
-89
-19
53
126
196
260
316
362
394
412
416
404
379
342
294
239
178
116
56
-1
-51
-94
-127
-150
-162
-164
-157
-143
-122
-97
-70
-43
-17
5
24
37
45
46
41
31
15
-4
-28
-54
-82
-110
-138
-165
-190
-212
-230
-245
-255
-260
-260
-254
-242
-225
-202
-175
-143
-110
-74
-38
-3
29
59
86
110
129
146
159
169
178
185
191
198
204
210
216
223
229
235
239
243
245
245
242
238
230
221
208
194
178
160
142
122
103
84
65
47
30
14
0
-14
-25
-36
-44
-50
-55
-57
-58
-57
-56
-53
-49
-46
-42
-38
-34
-31
-27
-23
-19
-16
-13
-10
-9
-9
-11
-17
-25
-38
-53
-72
-93
-115
-139
-162
-183
-201
-215
-225
-230
-230
-224
-215
-202
-187
-171
-155
-142
-131
-125
-124
-129
-140
-157
-179
-205
-234
-265
-296
-324
-349
-368
-380
-385
-380
-367
-343
-311
-269
-220
-163
-99
-30
41
117
193
270
345
417
485
547
602
648
685
711
726
729
719
696
660
611
549
475
391
298
198
92
-16
-125
-231
-333
-427
-512
-586
-647
-693
-726
-743
-746
-735
-711
-675
-628
-573
-510
-441
-369
-294
-219
-144
-71
-1
65
126
183
232
276
312
340
361
375
381
381
376
365
351
333
314
294
274
255
237
221
208
198
189
182
177
172
166
157
146
131
110
84
53
16
-24
-69
-116
-162
-207
-248
-284
-313
-334
-346
-348
-341
-326
-302
-272
-238
-202
-165
-129
-97
-69
-46
-29
-17
-10
-6
-3
-1
1
7
17
31
50
74
103
135
169
205
240
272
301
324
340
348
348
338
321
295
262
223
180
134
87
39
-6
-50
-90
-128
-162
-193
-222
-248
-273
-295
-317
-336
-353
-366
-375
-379
-376
-365
-346
-317
-280
-233
-179
-117
-51
19
90
160
227
289
345
392
430
459
478
488
490
484
472
456
437
417
397
378
362
349
339
333
330
330
330
331
331
329
324
315
301
282
257
226
190
148
101
51
-2
-58
-116
-174
-230
-285
-337
-384
-427
-464
-495
-519
-537
-547
-550
-546
-534
-516
-492
-461
-425
-385
-340
-292
-243
-193
-142
-94
-47
-4
35
70
100
124
143
157
164
165
159
148
131
108
81
49
14
-22
-60
-97
-133
-165
-194
-217
-234
-244
-248
-245
-236
-221
-201
-178
-153
-127
-102
-78
-58
-41
-28
-20
-17
-17
-21
-26
-31
-34
-35
-31
-22
-6
16
45
80
121
165
212
260
307
350
388
419
440
451
450
437
412
374
325
268
203
134
63
-7
-74
-135
-190
-236
-274
-302
-322
-335
-341
-342
-340
-335
-329
-322
-314
-307
-298
-288
-275
-259
-239
-213
-183
-147
-106
-61
-13
35
83
128
169
204
232
250
261
262
257
245
229
211
192
176
163
156
155
161
175
195
221
252
285
319
351
379
402
416
420
414
395
365
323
270
208
138
64
-13
-91
-167
-238
-304
-361
-410
-448
-476
-494
-501
-499
-489
-471
-447
-419
-387
-353
-318
-283
-250
-219
-190
-165
-142
-123
-107
-94
-83
-74
-67
-61
-55
-49
-43
-35
-26
-16
-3
10
26
43
61
80
99
118
136
153
168
182
194
205
214
221
228
233
239
244
248
253
257
261
263
265
264
261
255
246
233
217
196
173
147
118
88
58
28
0
-24
-47
-66
-80
-91
-98
-102
-103
-102
-99
-96
-93
-89
-87
-85
-85
-84
-85
-85
-86
-86
-85
-84
-82
-79
-75
-71
-66
-61
-55
-48
-41
-33
-25
-17
-8
0
10
19
28
37
46
53
61
67
73
77
81
85
87
89
89
90
89
87
83
79
72
64
55
44
32
19
6
-6
-17
-27
-35
-40
-43
-44
-44
-42
-41
-40
-41
-44
-50
-58
-70
-84
-100
-118
-135
-152
-166
-178
-186
-189
-188
-183
-173
-160
-144
-127
-109
-92
-77
-64
-55
-48
-46
-47
-51
-58
-66
-76
-86
-95
-103
-110
-114
-115
-113
-108
-100
-89
-75
-58
-40
-20
0
20
41
61
80
98
114
128
140
150
157
164
168
170
172
172
171
169
166
164
161
159
157
155
155
155
155
156
157
156
155
152
147
139
130
120
108
95
84
73
64
59
57
59
65
76
90
109
131
156
181
207
232
254
272
284
289
286
274
252
220
178
127
68
2
-67
-140
-214
-286
-353
-414
-467
-509
-540
-560
-567
-564
-552
-531
-504
-472
-439
-405
-373
-343
-315
-292
-272
-256
-242
-231
-221
-212
-203
-192
-180
-165
-147
-127
-104
-80
-53
-26
0
24
48
68
84
96
104
107
107
103
95
85
73
61
47
35
23
13
5
0
-3
-3
0
4
13
25
40
58
80
104
131
161
193
227
261
295
328
360
388
412
431
444
451
451
444
430
410
383
350
313
272
228
183
137
91
46
3
-36
-73
-107
-138
-165
-188
-207
-222
-232
-237
-237
-232
-221
-204
-182
-153
-119
-79
-35
12
62
112
162
208
250
285
311
328
334
329
312
285
249
204
153
98
39
-19
-77
-132
-183
-228
-267
-300
-326
-345
-357
-364
-364
-360
-352
-339
-324
-305
-284
-261
-236
-209
-182
-154
-126
-99
-74
-51
-32
-16
-4
3
7
6
3
-3
-11
-19
-28
-34
-39
-40
-39
-35
-29
-20
-11
-2
4
9
10
6
-3
-18
-41
-70
-106
-147
-191
-237
-283
-325
-361
-387
-402
-402
-387
-354
-304
-238
-156
-61
43
155
270
383
491
590
676
747
800
834
849
846
825
788
739
680
613
542
470
398
328
261
198
140
86
37
-8
-49
-88
-123
-155
-183
-208
-229
-246
-259
-268
-273
-273
-271
-266
-259
-252
-244
-238
-234
-233
-236
-242
-252
-267
-284
-304
-325
-347
-368
-386
-401
-412
-418
-418
-413
-403
-388
-369
-348
-325
-302
-279
-258
-239
-223
-209
-199
-190
-183
-177
-170
-162
-151
-138
-121
-100
-74
-44
-11
25
65
106
147
188
226
262
293
321
344
362
375
385
391
395
397
398
399
399
400
400
401
400
399
395
390
381
370
355
337
316
293
267
241
213
185
158
132
108
85
64
45
27
11
-4
-19
-35
-52
-70
-89
-109
-130
-150
-170
-188
-203
-214
-222
-225
-223
-216
-205
-189
-169
-145
-117
-86
-53
-19
16
52
87
121
152
181
205
226
241
251
255
254
247
235
217
195
169
140
108
75
41
8
-22
-50
-74
-94
-108
-116
-119
-115
-106
-92
-73
-51
-27
-1
23
47
68
86
101
111
116
117
113
105
94
81
65
50
34
20
8
0
-6
-9
-9
-6
-1
5
13
21
29
36
42
46
48
48
46
41
33
22
8
-8
-28
-52
-78
-106
-137
-170
-203
-237
-270
-302
-332
-359
-381
-398
-409
-413
-409
-397
-377
-350
-316
-277
-235
-191
-148
-107
-69
-38
-12
5
15
19
16
8
-3
-17
-31
-43
-53
-58
-57
-51
-39
-22
0
27
57
88
120
150
177
201
219
230
235
232
222
204
179
148
111
70
25
-21
-69
-117
-164
-208
-249
-286
-317
-343
-361
-373
-377
-373
-362
-345
-322
-295
-265
-233
-199
-166
-134
-103
-73
-46
-20
4
28
51
75
99
123
149
176
205
235
265
297
328
358
386
412
435
454
468
478
482
480
473
460
441
416
386
349
307
259
205
146
83
17
-51
-119
-187
-251
-311
-365
-412
-451
-480
-500
-510
-510
-500
-482
-454
-420
-379
-332
-282
-230
-177
-124
-73
-25
18
57
91
118
139
155
164
168
168
162
154
142
128
113
97
82
67
54
42
33
25
19
14
11
9
8
7
7
8
9
12
16
21
29
38
50
64
81
99
119
141
164
188
213
238
265
291
318
344
369
394
417
439
458
476
490
502
509
513
511
504
489
467
437
397
348
290
222
146
61
-28
-123
-220
-317
-412
-503
-586
-660
-723
-772
-806
-824
-825
-810
-778
-732
-672
-600
-520
-433
-343
-253
-165
-83
-9
54
106
145
171
183
183
172
151
124
91
57
24
-5
-29
-46
-54
-53
-43
-23
4
39
79
123
169
215
259
299
335
364
386
399
403
398
383
359
326
286
239
188
133
77
21
-32
-83
-130
-172
-208
-238
-263
-282
-297
-308
-316
-321
-323
-325
-324
-322
-317
-311
-302
-290
-274
-255
-232
-204
-172
-135
-95
-52
-6
40
87
134
178
218
255
286
311
330
344
353
357
357
354
348
341
333
324
314
304
293
281
268
254
236
215
189
159
123
82
36
-14
-68
-124
-182
-239
-294
-346
-394
-436
-473
-502
-524
-539
-545
-542
-531
-512
-483
-445
-400
-346
-284
-217
-144
-68
8
86
162
233
298
356
404
442
467
481
481
469
444
407
358
299
231
155
73
-12
-99
-187
-272
-352
-425
-490
-544
-587
-618
-636
