-500
-438
-372
-304
-235
-169
-105
-45
8
57
99
134
163
185
201
210
213
212
205
195
181
165
147
129
111
93
78
64
53
45
41
40
42
47
56
66
79
92
106
119
131
139
145
146
142
133
120
102
81
56
31
5
-19
-41
-59
-73
-81
-85
-84
-78
-70
-59
-47
-36
-26
-18
-12
-10
-11
-15
-22
-30
-40
-50
-59
-68
-74
-79
-82
-83
-82
-79
-77
-74
-71
-70
-69
-71
-74
-79
-85
-91
-98
-105
-111
-115
-118
-119
-117
-112
-105
-95
-83
-69
-53
-37
-20
-5
8
21
30
36
39
39
35
28
19
6
-7
-22
-38
-53
-68
-82
-93
-102
-108
-111
-111
-107
-101
-91
-78
-64
-47
-28
-9
11
32
53
73
94
113
130
147
162
174
185
194
200
203
204
201
195
185
173
156
137
115
91
65
39
12
-14
-40
-65
-88
-110
-130
-148
-165
-179
-191
-201
-209
-214
-216
-215
-210
-201
-189
-173
-154
-131
-107
-80
-53
-27
-1
21
41
58
71
80
85
86
84
80
73
64
55
44
33
23
12
2
-6
-13
-19
-23
-24
-22
-18
-10
0
14
31
50
70
91
112
132
149
163
173
178
179
175
167
155
141
125
109
94
81
71
64
60
60
64
70
78
86
95
103
109
113
113
109
100
87
69
47
21
-7
-39
-72
-106
-139
-170
-197
-221
-240
-253
-259
-260
-255
-244
-228
-207
-183
-157
-129
-101
-74
-47
-23
-2
17
33
47
59
69
78
87
95
103
111
120
128
136
143
149
152
152
149
142
132
118
102
84
64
45
26
9
-4
-15
-22
-26
-26
-22
-16
-8
1
11
22
32
41
49
54
57
57
54
49
40
29
16
0
-17
-36
-57
-78
-101
-123
-145
-166
-186
-204
-220
-234
-246
-256
-264
-272
-278
-284
-290
-295
-299
-301
-302
-299
-293
-282
-266
-245
-219
-187
-150
-109
-64
-16
32
81
130
177
221
262
298
330
357
379
395
407
414
416
414
407
398
384
369
351
332
313
294
276
260
247
236
229
223
219
217
214
211
206
198
186
169
147
119
85
45
0
-48
-102
-157
-213
-269
-323
-374
-421
-462
-498
-527
-549
-564
-572
-573
-567
-554
-535
-509
-478
-441
-399
-353
-304
-252
-199
-145
-92
-40
8
54
96
134
166
194
216
233
245
253
255
254
249
241
230
217
202
187
171
155
140
125
112
100
90
81
74
69
64
60
57
53
50
46
40
35
28
20
12
4
-3
-10
-16
-22
-25
-27
-27
-24
-19
-12
-2
10
24
40
58
76
95
115
133
151
168
182
194
203
209
211
209
204
195
182
165
145
123
98
71
43
15
-13
-41
-67
-92
-114
-133
-149
-162
-172
-179
-183
-183
-182
-177
-171
-162
-151
-139
-125
-110
-94
-77
-60
-43
-27
-12
1
13
23
31
37
42
45
47
49
51
52
54
57
60
64
68
72
75
77
77
75
69
61
49
34
16
-3
-25
-47
-69
-89
-108
-124
-137
-146
-152
-153
-152
-147
-139
-128
-116
-101
-86
-70
-55
-40
-26
-14
-4
3
8
11
12
10
8
4
1
-1
-2
-1
2
8
17
29
43
59
75
93
109
125
138
149
157
162
164
163
158
151
141
129
115
100
84
68
53
39
26
15
5
-2
-9
-14
-19
-23
-26
-30
-35
-40
-47
-55
-65
-78
-92
-108
-126
-145
-165
-185
-203
-218
-230
-237
-238
-234
-223
-207
-185
-158
-129
-97
-64
-31
-1
26
49
68
81
89
92
90
84
75
63
51
39
29
21
17
15
17
21
28
35
42
48
50
48
40
26
6
-21
-54
-94
-138
-185
-233
-279
-323
-362
-393
-417
-430
-434
-426
-408
-380
-343
-298
-247
-191
-131
-70
-8
51
108
162
210
253
290
320
344
362
373
379
379
375
367
356
342
325
308
289
270
251
232
214
197
181
166
151
138
126
115
106
98
91
86
82
79
77
75
73
71
69
66
61
56
49
41
33
23
12
1
-10
-23
-37
-52
-68
-85
-102
-120
-139
-158
-177
-196
-213
-229
-243
-254
-262
-266
-266
-261
-251
-237
-219
-198
-174
-148
-122
-96
-71
-49
-29
-13
0
8
13
15
15
13
10
7
5
4
5
8
14
23
35
49
65
82
100
119
138
156
173
189
203
216
228
238
246
253
258
261
261
259
254
245
233
218
200
178
153
126
97
67
37
8
-19
-43
-64
-81
-93
-100
-102
-98
-90
-78
-63
-46
-28
-11
3
15
25
30
31
28
21
12
0
-13
-28
-42
-55
-67
-78
-87
-93
-98
-102
-104
-105
-107
-109
-111
-115
-121
-128
-137
-147
-157
-167
-176
-182
-186
-186
-182
-173
-159
-140
-117
-91
-62
-32
-1
27
55
79
98
113
122
126
123
116
104
89
71
52
32
14
-1
-15
-25
-30
-32
-29
-22
-11
1
18
35
54
72
88
102
113
121
124
122
115
103
87
67
44
18
-8
-35
-63
-89
-114
-136
-156
-172
-184
-193
-197
-196
-190
-180
-166
-147
-124
-98
-69
-39
-7
23
53
81
106
127
143
154
159
159
154
144
129
110
88
64
39
13
-12
-36
-59
-80
-98
-112
-122
-128
-130
-128
-122
-111
-98
-81
-61
-40
-18
3
25
45
63
78
90
98
103
105
103
98
90
80
69
57
45
34
24
16
10
6
5
6
10
14
20
26
31
35
37
37
34
29
22
13
3
-6
-16
-24
-30
-33
-33
-29
-22
-12
1
16
32
49
66
81
94
104
111
115
116
113
107
98
88
76
63
50
39
28
20
13
9
8
8
11
14
19
23
26
28
27
25
19
10
0
-13
-29
-46
-64
-81
-99
-115
-129
-142
-151
-158
-162
-164
-163
-160
-155
-149
-143
-136
-130
-124
-118
-113
-108
-104
-99
-95
-90
-84
-78
-70
-62
-52
-41
-29
-15
-1
13
28
43
56
68
78
86
91
94
94
92
89
84
78
72
66
60
56
52
50
50
51
54
59
66
75
84
95
105
116
126
136
145
151
157
160
160
158
153
145
134
121
104
85
65
43
20
-3
-26
-49
-71
-93
-113
-132
-150
-166
-180
-193
-204
-213
-220
-223
-224
-222
-216
-207
-195
-179
-161
-142
-120
-99
-77
-56
-37
-21
-7
2
9
13
14
13
10
6
2
-1
-5
-7
-7
-6
-4
0
4
10
16
22
27
32
36
39
41
42
43
44
46
49
53
60
69
79
92
106
120
134
148
159
168
173
174
169
160
145
126
102
74
44
12
-20
-51
-81
-107
-129
-146
-158
-165
-166
-163
-155
-143
-128
-111
-93
-74
-56
-39
-24
-12
-2
3
6
7
5
1
-3
-8
-12
-14
-14
-11
-6
2
14
29
45
63
81
98
114
128
138
145
147
145
139
129
115
98
80
60
41
22
6
-7
-18
-26
-30
-31
-29
-26
-21
-16
-12
-9
-8
-11
-16
-24
-35
-47
-59
-70
-79
-84
-85
-81
-71
-56
-36
-12
15
44
74
103
130
153
172
185
193
195
191
182
168
150
130
108
84
60
36
13
-8
-28
-47
-63
-78
-89
-98
-104
-106
-106
-102
-95
-86
-74
-60
-45
-29
-13
1
14
26
34
40
42
42
38
31
23
13
1
-10
-23
-35
-48
-60
-73
-86
-100
-114
-130
-145
-161
-177
-192
-206
-217
-225
-229
-229
-225
-215
-200
-180
-156
-127
-95
-61
-25
10
46
81
113
143
170
193
212
228
238
245
246
242
232
216
195
167
133
94
51
3
-46
-98
-149
-199
-245
-286
-320
-347
-364
-371
-369
-355
-332
-300
-259
-212
-159
-103
-46
11
66
118
166
207
242
268
288
299
302
297
286
269
247
221
193
164
135
107
82
59
39
23
11
2
-3
-6
-8
-10
-13
-17
-24
-35
-49
-67
-88
-112
-137
-163
-188
-211
-230
-244
-252
-254
-249
-237
-219
-194
-164
-129
-90
-49
-8
33
73
111
146
177
205
229
251
271
290
309
329
351
375
401
428
455
481
505
524
536
539
533
515
486
445
393
332
264
189
112
34
-41
-113
-179
-237
-287
-326
-356
-377
-388
-392
-389
-382
-371
-359
-347
-336
-327
-322
-321
-324
-332
-345
-362
-383
-407
-435
-464
-494
-523
-551
-576
-597
-611
-617
-614
-601
-575
-537
-487
-425
-352
-269
-178
-82
16
116
215
311
400
483
557
621
674
716
748
769
780
781
773
758
737
709
677
640
600
557
512
465
416
367
317
267
217
168
121
76
33
-4
-39
-70
-96
-117
-133
-145
-153
-157
-159
-158
-157
-154
-152
-151
-150
-150
-152
-156
-161
-167
-175
-184
-195
-207
-219
-232
-245
-258
-271
-282
-291
-299
-304
-307
-306
-302
-295
-285
-271
-253
-233
-209
-183
-155
-125
-93
-62
-31
-1
26
52
75
94
109
120
126
128
124
116
104
89
71
51
30
10
-7
-22
-33
-40
-43
-41
-34
-23
-9
6
23
41
58
75
89
102
111
118
122
124
123
120
116
111
107
103
101
100
102
105
111
118
126
134
142
149
153
156
155
151
144
134
120
103
84
63
41
18
-5
-29
-52
-75
-97
-117
-136
-154
-169
-182
-192
-199
-202
-203
-200
-193
-183
-170
-153
-134
-112
-88
-63
-37
-11
14
40
63
85
105
122
137
148
157
163
167
170
170
169
167
164
161
157
152
146
140
132
122
112
99
84
68
49
28
6
-18
-43
-69
-95
-120
-144
-166
-186
-202
-215
-224
-230
-231
-230
-225
-217
-206
-194
-179
-164
-148
-132
-115
-99
-84
-69
-55
-43
-32
-22
-15
-9
-5
-3
-2
-3
-4
-6
-8
-10
-11
-10
-9
-5
0
7
16
28
42
58
76
95
116
137
158
178
197
214
228
238
245
247
244
235
222
204
181
154
124
92
59
25
-6
-36
-63
-86
-106
-121
-132
-140
-143
-144
-142
-137
-130
-121
-110
-98
-85
-71
-56
-42
-28
-15
-3
7
16
24
31
36
40
43
46
49
51
54
57
60
65
70
76
82
90
97
105
112
119
124
129
131
132
131
129
124
119
112
104
95
85
75
64
52
40
26
11
-3
-20
-37
-55
-73
-91
-107
-121
-133
-143
-149
-152
-151
-148
-142
-135
-126
-118
-109
-102
-96
-93
-91
-92
-94
-98
-104
-110
-117
-124
-129
-134
-136
-137
-135
-131
-124
-114
-102
-87
-71
-52
-33
-13
6
25
43
57
69
76
80
80
76
69
60
48
37
25
15
7
2
0
1
7
15
27
40
55
70
85
98
108
116
120
120
116
108
97
83
67
49
30
10
-9
-29
-48
-67
-86
-104
-122
-139
-156
-172
-187
-201
-214
-225
