502
516
523
522
511
490
458
414
360
295
221
140
52
-38
-130
-221
-307
-385
-453
-509
-552
-578
-590
-586
-569
-540
-501
-456
-407
-359
-314
-275
-243
-221
-208
-205
-210
-222
-238
-255
-272
-286
-294
-295
-288
-272
-247
-214
-175
-129
-81
-30
18
64
104
136
157
165
160
140
105
56
-6
-80
-163
-252
-345
-436
-522
-600
-664
-712
-739
-744
-724
-678
-606
-510
-392
-256
-106
52
214
374
526
665
787
887
963
1013
1037
1034
1006
957
889
805
712
613
513
417
328
249
184
133
98
78
72
78
95
119
147
177
206
232
252
266
273
273
265
252
232
208
179
147
111
70
25
-24
-81
-144
-213
-290
-371
-457
-544
-630
-712
-787
-851
-902
-938
-959
-964
-953
-928
-892
-845
-791
-731
-666
-598
-526
-451
-372
-286
-193
-91
19
140
270
408
551
696
840
978
1104
1215
1304
1369
1407
1414
1391
1338
1257
1150
1022
878
723
563
403
248
102
-31
-150
-253
-339
-408
-460
-496
-516
-521
-513
-491
-458
-413
-360
-298
-229
-155
-77
1
82
163
242
320
395
467
536
602
664
720
771
815
851
877
892
894
882
855
812
754
681
595
496
388
273
154
35
-81
-192
-296
-391
-477
-552
-618
-677
-728
-775
-819
-862
-903
-945
-986
-1026
-1065
-1101
-1133
-1160
-1181
-1195
-1201
-1198
-1187
-1167
-1138
-1100
-1054
-999
-936
-864
-783
-694
-597
-492
-381
-264
-142
-16
110
237
362
484
598
704
799
881
947
996
1028
1041
1038
1018
985
941
889
831
771
711
654
601
553
510
472
439
410
384
360
336
311
285
255
221
183
139
89
34
-26
-91
-160
-230
-300
-368
-432
-491
-544
-589
-628
-660
-686
-708
-727
-743
-758
-771
-783
-792
-798
-798
-792
-778
-755
-721
-678
-625
-564
-497
-426
-355
-285
-219
-159
-106
-62
-25
4
27
46
62
76
91
107
125
147
172
200
232
266
301
336
370
401
428
449
465
474
476
472
462
446
426
402
374
344
311
276
238
199
159
118
77
36
-2
-39
-73
-103
-128
-150
-167
-180
-192
-203
-216
-234
-260
-297
-347
-413
-496
-597
-714
-846
-987
-1135
-1281
-1420
-1545
-1648
-1724
-1767
-1773
-1741
-1668
-1557
-1409
-1229
-1020
-789
-541
-283
-20
241
496
741
971
1184
1376
1547
1696
1823
1929
2016
2086
2141
2184
2215
2235
2245
2243
2229
2199
2155
2093
2013
1916
1802
1673
1530
1376
1214
1048
880
714
554
404
266
143
39
-45
-108
-149
-167
-165
-145
-108
-60
-5
52
108
156
193
214
217
199
159
98
16
-82
-196
-320
-449
-580
-706
-823
-927
-1015
-1084
-1134
-1163
-1173
-1166
-1143
-1110
-1068
-1021
-974
-930
-891
-860
-837
-825
-823
-830
-845
-865
-889
-914
-937
-956
-968
-972
-964
-945
-913
-869
-812
-745
-667
-580
-486
-387
-284
-180
-76
26
125
220
308
389
462
526
581
626
663
691
712
728
739
749
758
767
778
792
808
827
848
871
893
915
934
948
957
957
947
926
893
846
786
712
626
528
422
307
189
67
-52
-169
-280
-382
-474
-552
-616
-665
-696
-710
-707
-688
-652
-601
-539
-465
-385
-299
-212
-126
-45
27
90
140
176
197
203
196
177
149
115
78
42
10
-16
-36
-48
-52
-51
-46
-41
-38
-40
-51
-73
-107
-155
-214
-285
-364
-448
-533
-615
-691
-756
-809
-848
-873
-884
-884
-875
-861
-845
-831
-822
-819
-824
-835
-850
-866
-880
-887
-883
-863
-825
-766
-685
-583
-460
-320
-168
-6
157
320
474
617
743
849
933
994
1032
1047
1040
1013
967
905
828
740
641
536
425
313
201
93
-7
-99
-180
-249
-304
-346
-375
-394
-405
-410
-413
-418
-426
-441
-463
-494
-532
-578
-628
-680
-732
-780
-820
-850
-868
-871
-858
-828
-780
-715
-635
-540
-434
-318
-195
-68
60
188
313
436
555
669
781
889
994
1097
1199
1299
1397
1494
1588
1679
1767
1850
1926
1994
2052
2098
2131
2148
2149
2133
2099
2047
1978
1894
1797
1688
1572
1451
1328
1208
1094
987
892
808
739
683
641
612
594
583
578
575
569
556
533
495
439
362
261
136
-13
-187
-383
-596
-825
-1062
-1304
-1544
-1776
-1996
-2198
-2377
-2531
-2656
-2749
-2811
-2839
-2836
-2802
-2738
-2647
-2533
-2398
-2247
-2082
-1909
-1730
-1550
-1371
-1197
-1029
-869
-718
-576
-443
-318
-201
-89
18
123
226
329
432
536
641
745
848
949
1046
1138
1222
1297
1362
1417
1460
1491
1510
1518
1516
1504
1484
1457
1424
1387
1347
1306
1264
1223
1182
1142
1102
1060
1014
963
904
836
756
664
560
444
317
182
42
-98
-237
-369
-491
-599
-690
-762
-815
-848
-862
-859
-842
-814
-779
-741
-704
-671
-646
-632
-629
-640
-665
-702
-750
-808
-872
-940
-1010
-1079
-1144
-1205
-1259
-1306
-1345
-1375
-1398
-1412
-1418
-1416
-1406
-1387
-1360
-1323
-1276
-1217
-1146
-1059
-957
-837
-700
-545
-373
-186
11
217
425
629
824
1002
1158
1285
1378
1434
1450
1425
1360
1257
1120
953
764
558
344
130
-77
-271
-445
-594
-715
-804
-863
-890
-887
-859
-808
-738
-655
-562
-466
-369
-275
-189
-112
-48
3
39
60
66
56
32
-5
-55
-116
-185
-261
-341
-422
-502
-579
-649
-710
-759
-793
-811
-811
-790
-749
-687
-605
-504
-386
-256
-116
29
176
319
456
582
695
792
873
936
982
1014
1032
1039
1038
1033
1027
1023
1023
1029
1044
1068
1100
1140
1186
1236
1287
1335
1376
1408
1426
1428
1411
1375
1319
1244
1153
1048
934
814
694
578
470
374
291
222
167
125
92
65
41
15
-16
-57
-108
-171
-246
-330
-421
-514
-606
-693
-768
-830
-874
-899
-905
-891
-862
-818
-765
-706
-646
-588
-537
-495
-464
-443
-434
-434
-442
-456
-473
-491
-509
-525
-539
-550
-560
-569
-578
-587
-597
-608
-619
-630
-639
-645
-646
-639
-624
-599
-565
-520
-467
-408
-343
-276
-209
-142
-78
-16
44
104
165
229
297
372
454
542
635
732
829
922
1008
1083
1144
1186
1209
1210
1190
1149
1091
1019
937
852
767
691
626
580
554
551
571
615
678
759
852
952
1053
1150
1236
1306
1356
1382
1383
1356
1301
1221
1118
995
857
710
559
409
266
135
18
-81
-164
-230
-281
-318
-345
-366
-385
-405
-431
-466
-512
-574
-651
-744
-853
-977
-1111
-1253
-1399
-1541
-1677
-1799
-1904
-1987
-2045
-2074
-2073
-2041
-1978
-1885
-1763
-1615
-1442
-1248
-1036
-809
-572
-330
-87
151
381
595
788
955
1091
1191
1252
1272
1250
1184
1079
935
759
555
332
96
-141
-375
-594
-790
-956
-1086
-1175
-1220
-1221
-1178
-1095
-978
-833
-668
-491
-311
-136
25
170
293
393
469
524
562
586
603
618
636
663
700
750
814
889
973
1062
1150
1232
1301
1351
1377
1376
1344
1281
1187
1065
920
757
583
404
229
62
-88
-222
-334
-424
-493
-543
-576
-597
-610
-617
-623
-630
-639
-652
-667
-684
-701
-715
-724
-724
-713
-690
-653
-604
-541
-468
-387
-300
-211
-124
-42
29
91
137
167
179
172
146
102
43
-27
-107
-191
-273
-350
-415
-465
-497
-509
-501
-473
-429
-371
-306
-237
-171
-112
-66
-35
-22
-28
-50
-88
-136
-191
-247
-299
-342
-373
-387
-386
-367
-333
-287
-232
-174
-116
-63
-20
11
28
30
16
-11
-52
-104
-163
-226
-291
-352
-409
-456
-492
-514
-522
-514
-490
-450
-396
-328
-248
-158
-60
45
156
271
388
507
625
742
856
966
1069
1165
1252
1328
1391
1439
1470
1482
1474
1443
1387
1305
1197
1062
902
719
514
293
59
-180
-422
-657
-882
-1088
-1270
-1424
-1543
-1626
-1669
-1672
-1633
-1555
-1441
-1293
-1118
-919
-705
-481
-253
-29
184
385
566
725
859
967
1048
1102
1131
1137
1122
1088
1038
975
901
818
727
630
528
420
308
191
70
-54
-181
-310
-439
-566
-688
-804
-911
-1008
-1092
-1162
-1216
-1253
-1273
-1272
-1252
-1211
-1149
-1066
-963
-841
-701
-547
-381
-207
-29
148
322
490
647
790
919
1031
1126
1203
1263
1307
1335
1350
1352
1342
1321
1291
1251
1201
1141
1071
989
897
794
682
563
440
318
200
93
2
-65
-107
-118
-96
-39
49
168
311
472
641
808
964
1097
1198
1258
1270
1230
1136
988
793
555
285
-5
-308
-608
-896
-1161
-1395
-1591
-1744
-1853
-1918
-1941
-1925
-1876
-1800
-1702
-1589
-1469
-1346
-1226
-1112
-1008
-915
-833
-761
-697
-639
-583
-526
-464
-396
-318
-230
-130
-20
98
226
360
497
633
765
890
1002
1100
1179
1238
1277
1296
1297
1285
1265
1243
1223
1214
1218
1239
1279
1337
1410
1494
1581
1665
1739
1795
1827
1829
1798
1731
1628
1490
1319
1120
897
656
402
142
-118
-375
-624
-860
-1079
-1279
-1458
-1613
-1744
-1850
-1929
-1982
-2010
-2013
-1993
-1951
-1889
-1811
-1718
-1615
-1505
-1391
-1278
-1170
-1068
-976
-896
-830
-778
-740
-715
-702
-700
-706
-718
-734
-752
-770
-785
-796
-802
-803
-797
-785
-767
-744
-717
-685
-649
-609
-565
-516
-459
-395
-321
-237
-141
-34
83
209
341
476
610
738
856
961
1049
1117
1164
1188
1191
1174
1139
1090
1031
966
900
836
779
732
696
674
667
673
692
721
757
797
836
870
895
906
901
877
831
764
676
568
443
306
159
9
-139
-282
-414
-530
-629
-707
-763
-797
-809
-802
-777
-736
-683
-619
-548
-472
-394
-316
-241
-169
-105
-48
-1
35
59
71
70
54
24
-18
-75
-144
-224
-313
-408
-505
-602
-693
-774
-841
-889
-913
-910
-879
-819
-730
-614
-477
-323
-161
1
156
294
407
488
531
533
493
412
295
148
-21
-202
-385
-558
-712
-837
-927
-978
-987
-955
-888
-791
-672
-542
-409
-285
-177
-91
-32
-2
1
-16
-51
-95
-140
-176
-197
-195
-166
-105
-12
111
266
447
650
869
1099
1334
1568
1794
2007
2200
2369
2508
2614
2681
2708
2692
2631
2526
2377
2187
1959
1698
1409
1099
776
449
125
-186
-477
-739
-968
-1156
-1302
-1404
-1461
-1476
-1452
-1393
-1304
-1192
-1061
-918
-769
-618
-469
-326
-192
-69
40
137
219
284
333
365
377
369
340
290
217
123
9
-123
-271
-430
-595
-760
-920
-1066
-1193
-1296
-1368
-1407
-1411
-1378
-1311
-1213
-1088
-941
-781
-614
-448
-291
-150
-30
61
122
150
144
107
40
-49
-158
-277
-399
-515
-618
-700
-754
-776
-763
-711
-623
-500
-345
-164
34
246
463
676
878
1063
1225
1359
1464
1537
1577
1587
1567
1521
1451
1362
1256
1139
1014
885
757
633
519
418
333
270
230
216
228
265
327
410
509
619
735
849
955
1047
1118
1165
1181
1165
1115
1029
909
756
573
365
138
-101
-346
-590
-823
-1041
-1235
-1400
-1534
-1633
-1697
-1727
-1727
-1701
-1652
-1586
-1510
-1428
-1346
-1266
-1193
-1129
-1075
-1032
-997
-971
-951
-934
-917
-898
-876
-847
-810
-767
-717
-661
-600
-537
-472
-406
-341
-277
-214
-151
-88
-24
40
106
173
240
305
369
428
483
532
574
609
637
657
672
680
685
685
683
679
675
671
668
666
665
665
664
662
656
646
629
605
571
527
475
413
345
273
200
