54
382
680
948
1184
1390
1569
1722
1853
1965
2062
2147
2223
2294
2359
2421
2480
2535
2585
2628
2663
2686
2696
2690
2666
2623
2559
2475
2371
2247
2107
1951
1782
1603
1418
1230
1040
854
673
501
340
192
60
-55
-153
-235
-299
-349
-387
-416
-441
-464
-492
-526
-572
-631
-706
-796
-901
-1020
-1149
-1287
-1428
-1570
-1708
-1837
-1955
-2056
-2136
-2194
-2226
-2229
-2203
-2147
-2062
-1950
-1813
-1655
-1482
-1299
-1110
-924
-745
-579
-431
-304
-203
-127
-79
-57
-60
-83
-124
-177
-236
-295
-346
-384
-403
-398
-364
-298
-200
-69
91
279
490
718
955
1195
1429
1650
1850
2023
2164
2269
2334
2359
2345
2293
2206
2088
1944
1778
1595
1400
1197
990
783
578
380
192
15
-145
-288
-411
-512
-590
-643
-672
-679
-666
-635
-591
-537
-479
-420
-364
-313
-270
-235
-207
-187
-173
-162
-154
-147
-140
-135
-132
-132
-137
-150
-171
-202
-244
-295
-354
-419
-486
-551
-610
-660
-696
-718
-723
-713
-688
-651
-607
-560
-516
-480
-458
-453
-468
-504
-560
-636
-726
-827
-931
-1033
-1127
-1207
-1268
-1307
-1321
-1310
-1276
-1220
-1147
-1063
-972
-880
-794
-717
-655
-609
-580
-567
-567
-576
-588
-596
-594
-574
-531
-462
-363
-236
-81
94
286
485
684
872
1043
1189
1306
1390
1441
1460
1451
1419
1370
1310
1247
1186
1132
1090
1060
1043
1038
1043
1054
1068
1080
1086
1084
1070
1044
1004
950
885
810
727
640
551
463
379
301
232
172
123
86
59
44
38
40
48
59
70
79
83
81
69
49
18
-20
-66
-117
-169
-219
-264
-300
-325
-338
-337
-323
-297
-261
-219
-173
-128
-87
-54
-34
-28
-39
-68
-116
-182
-264
-359
-465
-577
-691
-801
-904
-996
-1071
-1129
-1165
-1178
-1169
-1137
-1084
-1013
-926
-826
-717
-602
-484
-365
-248
-134
-23
83
187
288
386
480
570
655
733
802
860
906
938
956
959
948
925
894
857
818
781
751
730
721
725
744
777
821
875
935
997
1059
1115
1162
1198
1218
1221
1206
1170
1115
1040
945
832
703
560
406
242
72
-101
-275
-448
-618
-782
-940
-1089
-1230
-1360
-1479
-1585
-1676
-1750
-1806
-1843
-1857
-1850
-1821
-1771
-1701
-1614
-1512
-1399
-1279
-1155
-1030
-907
-787
-673
-563
-457
-354
-251
-148
-41
69
185
305
428
552
673
786
888
974
1042
1088
1112
1115
1098
1066
1022
973
923
879
845
823
816
824
844
873
905
935
958
966
955
922
864
780
674
548
406
255
100
-51
-195
-325
-437
-530
-602
-654
-686
-702
-705
-699
-687
-675
-664
-658
-659
-667
-681
-701
-725
-749
-771
-787
-795
-792
-777
-748
-705
-650
-584
-510
-430
-349
-268
-192
-124
-66
-20
14
36
47
49
44
37
29
24
24
32
49
76
112
155
204
256
309
358
402
438
463
476
476
464
439
402
357
305
249
193
140
92
52
23
6
1
8
25
50
80
112
141
164
177
177
162
129
78
7
-81
-186
-307
-441
-584
-733
-885
-1037
-1184
-1323
-1450
-1562
-1656
-1728
-1775
-1797
-1791
-1757
-1695
-1606
-1492
-1355
-1200
-1029
-846
-655
-459
-262
-67
122
307
484
653
813
964
1108
1244
1376
1504
1629
1755
1884
2016
2154
2299
2452
2612
2779
2950
3120
3286
3441
3575
3683
3754
3781
3757
3678
3542
3348
3100
2805
2470
2104
1720
1327
935
555
192
-147
-460
-747
-1008
-1246
-1465
-1671
-1868
-2061
-2254
-2450
-2648
-2847
-3045
-3236
-3414
-3573
-3706
-3808
-3875
-3905
-3896
-3851
-3771
-3662
-3528
-3374
-3205
-3025
-2837
-2643
-2446
-2244
-2039
-1830
-1615
-1396
-1172
-944
-712
-479
-248
-19
202
416
619
810
986
1148
1296
1431
1554
1668
1773
1872
1967
2058
2146
2229
2306
2375
2433
2475
2500
2504
2483
2437
2365
2267
2145
2001
1839
1663
1479
1291
1106
928
762
613
484
377
294
234
198
182
183
198
220
244
266
280
282
269
239
192
129
52
-36
-132
-231
-330
-425
-512
-591
-660
-719
-769
-811
-847
-880
-913
-949
-989
-1037
-1092
-1156
-1228
-1307
-1389
-1472
-1551
-1621
-1676
-1712
-1722
-1703
-1651
-1563
-1439
-1279
-1086
-862
-614
-348
-73
203
471
720
940
1123
1260
1345
1372
1340
1248
1099
899
655
376
74
-240
-554
-857
-1136
-1381
-1584
-1738
-1838
-1882
-1868
-1798
-1677
-1508
-1299
-1057
-791
-509
-219
69
351
617
863
1084
1276
1436
1565
1660
1724
1758
1765
1748
1714
1665
1607
1544
1482
1422
1367
1318
1276
1240
1208
1179
1150
1120
1086
1047
1003
953
897
836
771
702
632
562
492
424
357
290
223
153
79
-1
-90
-189
-299
-418
-546
-680
-818
-954
-1085
-1207
-1315
-1406
-1477
-1526
-1552
-1554
-1533
-1490
-1425
-1341
-1239
-1121
-991
-851
-703
-552
-399
-250
-105
29
152
261
354
427
480
511
521
510
478
427
360
278
184
82
-24
-135
-247
-357
-463
-563
-657
-741
-816
-878
-926
-960
-977
-977
-959
-922
-866
-792
-701
-595
-475
-344
-206
-62
82
227
368
502
629
745
851
944
1025
1093
1147
1187
1212
1221
1214
1189
1145
1082
999
898
779
644
496
340
179
19
-134
-279
-409
-522
-615
-687
-739
-772
-787
-789
-781
-766
-748
-732
-719
-713
-715
-726
-746
-775
-809
-846
-883
-916
-940
-952
-946
-921
-873
-801
-704
-584
-442
-282
-109
73
259
444
621
786
934
1062
1167
1247
1301
1329
1332
1311
1269
1207
1130
1039
937
828
714
597
478
361
246
135
29
-71
-165
-253
-333
-406
-472
-530
-580
-624
-662
-694
-721
-744
-762
-776
-785
-788
-783
-768
-743
-705
-653
-588
-510
-421
-324
-222
-120
-23
64
137
192
226
236
224
190
138
73
1
-69
-132
-179
-201
-194
-152
-72
45
199
386
599
830
1071
1312
1544
1755
1940
2091
2204
2275
2304
2293
2244
2161
2051
1917
1767
1606
1439
1271
1105
945
793
651
520
399
288
185
90
0
-85
-168
-251
-332
-413
-493
-571
-644
-711
-769
-816
-850
-869
-871
-856
-824
-776
-714
-639
-556
-467
-375
-286
-202
-128
-65
-17
14
28
25
4
-34
-88
-157
-240
-334
-438
-549
-667
-787
-909
-1028
-1142
-1248
-1343
-1423
-1485
-1527
-1546
-1540
-1510
-1455
-1378
-1279
-1162
-1031
-889
-741
-591
-441
-295
-154
-19
108
231
349
465
580
696
814
935
1058
1182
1305
1423
1533
1630
1710
1767
1798
1798
1765
1698
1595
1459
1291
1095
877
641
396
148
-96
-328
-543
-733
-894
-1021
-1112
-1166
-1183
-1165
-1116
-1040
-943
-831
-709
-583
-457
-334
-217
-106
-1
98
196
293
393
495
603
715
833
954
1076
1195
1307
1408
1492
1554
1589
1592
1560
1490
1381
1233
1046
825
572
293
-5
-317
-635
-950
-1256
-1545
-1811
-2048
-2250
-2414
-2537
-2617
-2654
-2650
-2606
-2527
-2417
-2282
-2127
-1959
-1783
-1605
-1429
-1258
-1097
-945
-806
-678
-561
-455
-358
-268
-184
-103
-22
59
145
237
337
447
566
694
830
970
1112
1249
1376
1488
1578
1639
1668
1660
1613
1528
1404
1247
1061
851
627
396
166
-53
-257
-438
-590
-711
-797
-850
-870
-859
-822
-762
-685
-596
-498
-397
-297
-199
-106
-19
60
133
198
255
305
346
379
402
416
419
411
393
363
322
271
212
144
70
-7
-88
-170
-251
-330
-407
-479
-547
-612
-672
-728
-780
-828
-872
-911
-945
-974
-996
-1011
-1018
-1018
-1009
-992
-966
-932
-889
-837
-777
-708
-629
-541
-443
-335
-217
-89
47
193
345
502
662
820
974
1118
1249
1361
1450
1512
1543
1541
1504
1432
1328
1195
1038
864
681
497
320
158
19
-92
-173
-222
-238
-225
-187
-130
-60
14
87
151
200
229
236
219
178
114
31
-66
-174
-288
-403
-513
-614
-703
-777
-833
-871
-888
-886
-863
-821
-760
-682
-588
-479
-356
-221
-75
79
241
409
579
750
918
1080
1233
1373
1496
1601
1685
1747
1786
1804
1801
1780
1744
1695
1637
1573
1507
1440
1376
1316
1263
1216
1178
1147
1122
1103
1087
1072
1055
1034
1006
971
926
871
805
729
642
544
435
316
186
44
-107
-270
-442
-623
-808
-996
-1183
-1364
-1536
-1694
-1836
-1958
-2056
-2131
-2179
-2201
-2197
-2168
-2115
-2041
-1948
-1839
-1718
-1587
-1450
-1311
-1171
-1034
-902
-777
-661
-554
-458
-373
-300
-239
-188
-147
-113
-83
-56
-25
10
55
111
181
265
362
471
587
707
827
941
1045
1134
1206
1257
1288
1298
1290
1268
1235
1196
1155
1116
1084
1059
1043
1034
1030
1028
1024
1014
992
957
904
832
743
636
517
387
253
118
-11
-133
-244
-343
-429
-503
-569
-628
-686
-745
-811
-884
-967
-1061
-1163
-1270
-1380
-1485
-1581
-1662
-1723
-1761
-1773
-1759
-1722
-1664
-1592
-1511
-1428
-1351
-1286
-1237
-1208
-1200
-1211
-1237
-1274
-1315
-1351
-1375
-1379
-1357
-1306
-1222
-1105
-958
-785
-592
-386
-176
31
228
408
566
698
803
882
935
967
982
984
979
972
967
968
979
1000
1032
1077
1132
1197
1271
1350
1434
1519
1604
1686
1762
1829
1883
1920
1938
1931
1898
1836
1744
1623
1474
1300
1105
894
673
447
221
2
-205
-397
-572
-728
-862
-975
-1068
-1142
-1201
-1245
-1278
-1304
-1324
-1341
-1357
-1374
-1393
-1414
-1437
-1461
-1484
-1504
-1519
-1525
-1520
-1500
-1464
-1410
-1336
-1242
-1128
-995
-846
-682
-507
-325
-138
49
233
412
580
736
877
1001
1104
1188
1249
1288
1305
1303
1282
1246
1198
1143
1084
1026
972
924
885
855
834
819
809
800
789
773
748
713
665
605
534
453
364
273
181
92
9
-65
-130
-186
-234
-277
-316
-357
-400
-451
-511
-581
-660
-747
-836
-923
-1002
-1064
-1103
-1113
-1089
-1028
-930
-799
-641
-464
-278
-96
70
209
312
371
382
344
259
135
-18
-192
-372
-545
-697
-816
-894
-922
-898
-821
-695
-527
-325
-99
136
373
599
806
986
1135
1251
1333
1386
1412
1416
1406
1386
1363
1341
1323
1309
1301
1296
1291
1282
1263
1231
1182
1112
1022
909
778
629
469
302
132
-32
-189
-333
-462
-572
-662
-731
-781
-812
-826
-823
-807
-779
-740
-694
-641
-585
-527
-469
-413
-362
-316
-278
-248
-227
-213
-206
-203
-202
-200
-194
-181
-158
-123
-76
-18
50
127
207
287
362
426
477
511
525
519
493
448
387
313
229
140
49
-39
-123
-199
-265
-318
-359
-388
-404
-409
-404
-393
-376
-357
-337
-319
-303
-292
-285
-281
-280
-280
-280
-277
-270
-256
-236
-207
-169
-123
-69
-7
60
134
210
287
363
434
498
552
594
621
632
625
600
557
497
423
335
238
134
27
-79
-182
-280
-369
-449
-517
-574
-621
-657
-686
-707
-724
-737
-748
-759
-771
-783
-796
-810
-823
-836
-847
-854
-857
-855
-847
-832
-810
-781
-748
-710
-669
-628
-589
-553
-523
-499
-482
-471
-467
-468
-470
-472
-472
-466
-451
-427
-390
-341
-279
-206
-122
-30
65
163
258
346
423
487
534
564
575
571
553
526
493
461
434
418
414
426
454
497
552
615
679
739
788
820
830
813
768
694
593
467
322
164
-1
-168
-330
-481
-618
-738
-837
-915
-971
-1007
-1023
-1022
-1005
-976
-937
-890
-839
-784
-728
-673
-618
-565
-515
-466
-419
-372
-325
-277
-227
-173
-114
-49
20
96
176
259
344
426
505
577
641
