-61
-51
-40
-26
-10
5
23
39
55
68
79
86
88
87
80
70
56
38
19
-1
-21
-40
-57
-70
-78
-83
-82
-77
-68
-56
-42
-26
-10
4
17
28
37
43
46
46
45
43
40
38
37
38
42
48
58
70
86
103
122
141
160
177
192
202
208
208
202
190
172
149
121
91
59
26
-4
-34
-60
-82
-100
-114
-125
-132
-136
-138
-140
-141
-142
-145
-149
-155
-163
-173
-183
-195
-206
-217
-226
-233
-238
-240
-238
-233
-225
-214
-199
-182
-163
-142
-119
-95
-70
-45
-21
2
24
45
62
77
89
97
101
102
100
95
89
80
70
59
48
37
27
16
7
0
-8
-13
-18
-21
-22
-22
-20
-16
-11
-5
2
11
20
30
39
48
56
63
68
72
75
76
77
77
77
77
79
82
87
95
105
117
132
148
165
182
198
212
223
231
234
232
225
213
197
177
153
127
101
74
47
23
0
-18
-34
-46
-55
-59
-61
-59
-54
-48
-39
-29
-18
-6
4
14
23
30
34
36
34
28
18
5
-12
-32
-55
-79
-105
-131
-155
-177
-196
-211
-222
-227
-227
-222
-212
-198
-181
-162
-141
-121
-101
-83
-68
-55
-44
-35
-28
-22
-15
-7
2
16
33
53
78
105
133
163
191
217
239
255
264
265
257
241
215
183
143
100
53
5
-40
-84
-123
-157
-184
-205
-220
-229
-234
-236
-236
-236
-238
-241
-248
-257
-269
-283
-297
-311
-322
-328
-328
-320
-302
-275
-237
-189
-133
-69
0
72
146
217
284
344
396
438
470
490
499
497
485
465
438
406
370
333
295
258
223
191
160
133
107
83
59
36
12
-13
-40
-68
-98
-129
-160
-191
-221
-249
-273
-293
-309
-318
-321
-317
-306
-288
-264
-235
-202
-166
-128
-91
-56
-25
1
20
33
37
34
24
7
-14
-40
-67
-94
-118
-138
-152
-160
-161
-153
-139
-118
-91
-60
-27
5
36
64
86
103
112
114
109
97
81
61
39
17
-2
-19
-30
-36
-35
-26
-11
11
39
72
109
148
187
225
259
289
313
329
337
337
328
311
287
256
221
182
141
99
59
20
-15
-47
-73
-95
-110
-119
-122
-119
-110
-95
-76
-53
-28
-1
25
52
77
100
120
137
150
160
167
171
172
169
165
157
148
136
121
105
87
67
45
21
-2
-27
-51
-74
-96
-116
-134
-149
-162
-174
-183
-191
-198
-205
-212
-219
-225
-231
-235
-239
-240
-238
-233
-225
-212
-195
-174
-148
-118
-84
-48
-9
30
71
110
149
184
217
245
268
285
296
301
299
290
274
252
225
193
157
120
81
42
5
-30
-64
-95
-124
-150
-174
-197
-218
-238
-256
-274
-289
-303
-314
-321
-324
-323
-317
-306
-289
-267
-240
-208
-173
-136
-98
-59
-22
11
41
65
83
94
97
93
82
65
44
19
-7
-34
-60
-82
-100
-113
-120
-119
-110
-94
-71
-40
-4
35
79
123
167
208
245
275
299
314
320
318
308
290
266
237
205
172
139
108
80
56
37
24
17
16
19
26
36
48
61
73
82
88
90
87
77
62
41
14
-16
-51
-88
-126
-163
-198
-230
-258
-280
-296
-305
-307
-303
-293
-277
-257
-233
-208
-181
-156
-131
-110
-92
-78
-69
-63
-61
-62
-64
-67
-70
-71
-70
-65
-57
-45
-29
-10
12
37
64
92
120
148
175
201
225
247
267
284
300
314
327
338
347
356
362
366
367
363
355
340
319
291
256
216
173
127
80
35
-6
-45
-80
-110
-135
-154
-168
-177
-181
-179
-172
-161
-145
-125
-103
-78
-52
-25
0
22
43
60
74
83
88
89
87
82
74
63
52
39
25
11
-2
-16
-28
-40
-50
-59
-66
-72
-77
-82
-86
-89
-92
-95
-98
-100
-101
-102
-101
-100
-98
-95
-92
-88
-84
-80
-77
-74
-71
-69
-67
-65
-62
-60
-57
-53
-49
-46
-42
-38
-36
-34
-33
-34
-37
-42
-48
-57
-67
-79
-91
-104
-117
-128
-138
-146
-152
-154
-154
-150
-145
-136
-126
-115
-104
-92
-82
-72
-64
-58
-52
-48
-44
-40
-34
-28
-19
-8
4
19
36
53
71
89
104
117
127
134
136
134
128
119
107
94
80
66
53
43
35
31
29
31
35
40
47
54
60
66
69
72
72
71
68
65
62
59
57
55
55
55
55
56
56
55
51
45
36
24
7
-12
-37
-64
-95
-127
-159
-190
-219
-244
-263
-277
-284
-283
-276
-261
-240
-214
-183
-150
-115
-79
-43
-8
25
57
87
116
143
168
193
217
240
263
284
304
323
339
353
365
374
380
384
383
380
372
361
345
324
298
266
229
186
139
88
34
-21
-76
-131
-183
-231
-274
-310
-340
-362
-377
-384
-383
-375
-359
-338
-312
-281
-246
-209
-171
-131
-92
-54
-17
17
49
78
105
127
147
164
177
187
195
200
202
203
202
199
195
190
184
177
170
163
154
146
136
126
116
104
90
76
60
43
25
7
-11
-29
-45
-60
-72
-80
-85
-87
-85
-80
-72
-62
-51
-40
-30
-21
-14
-9
-7
-7
-10
-14
-20
-27
-35
-43
-51
-59
-68
-77
-86
-97
-108
-121
-134
-148
-162
-176
-187
-196
-201
-202
-197
-186
-169
-146
-118
-84
-45
-4
38
82
124
164
200
231
256
276
289
295
296
292
283
269
252
232
209
183
155
125
93
58
22
-14
-53
-93
-132
-172
-210
-247
-282
-313
-340
-363
-381
-393
-400
-401
-396
-386
-370
-350
-324
-296
-264
-230
-195
-160
-126
-94
-65
-41
-21
-7
0
1
-3
-12
-27
-44
-64
-84
-103
-121
-136
-147
-154
-156
-154
-148
-137
-122
-103
-82
-58
-33
-7
19
45
71
96
120
142
163
182
199
214
227
238
247
254
259
262
264
264
263
260
256
251
245
238
231
223
215
206
196
185
172
158
143
126
107
87
67
46
25
5
-12
-28
-41
-51
-57
-59
-57
-52
-43
-31
-17
-2
12
26
39
50
58
62
63
61
56
47
37
25
13
1
-10
-20
-28
-33
-36
-37
-34
-29
-22
-14
-5
4
13
21
27
30
30
27
21
13
1
-10
-24
-38
-51
-62
-71
-77
-80
-79
-76
-69
-60
-48
-36
-22
-9
2
14
23
30
35
37
36
32
26
17
5
-7
-22
-38
-55
-73
-91
-109
-126
-142
-157
-169
-180
-187
-192
-193
-190
-183
-173
-159
-141
-120
-96
-69
-40
-10
19
51
82
112
142
172
200
227
253
277
299
319
335
348
358
363
365
361
354
342
325
304
279
250
217
180
141
99
56
11
-33
-77
-119
-159
-195
-227
-253
-273
-287
-295
-297
-294
-286
-275
-261
-246
-230
-215
-201
-187
-175
-163
-151
-139
-125
-110
-92
-71
-47
-21
6
35
64
92
118
141
159
174
183
188
187
183
175
164
150
134
117
98
77
55
30
4
-24
-55
-89
-125
-162
-199
-236
-272
-304
-333
-356
-374
-386
-391
-390
-382
-369
-351
-329
-304
-276
-246
-216
-184
-152
-120
-89
-57
-25
5
37
67
97
126
154
179
202
221
237
248
255
257
255
249
239
227
212
195
178
160
142
125
108
92
77
63
50
39
29
21
15
12
12
14
20
28
38
50
63
75
87
97
105
109
110
108
102
94
83
71
57
44
30
18
6
-2
-11
-17
-22
-25
-27
-28
-28
-28
-28
-29
-29
-31
-33
-36
-39
-42
-45
-48
-49
-50
-49
-46
-42
-36
-29
-21
-12
-3
5
13
21
28
34
38
40
41
39
36
30
23
14
3
-7
-19
-31
-43
-53
-63
-70
-74
-77
-76
-72
-66
-56
-44
-30
-13
3
22
41
59
77
93
106
117
124
127
126
120
111
98
81
62
43
23
4
-10
-23
-30
-32
-29
-20
-7
10
30
52
73
92
108
119
125
125
118
107
90
69
46
21
-3
-27
-50
-71
-90
-107
-123
-137
-150
-162
-174
-185
-195
-203
-210
-215
-217
-215
-210
-202
-190
-175
-157
-137
-116
-95
-73
-52
-33
-14
1
15
27
37
45
51
54
56
55
53
49
44
38
31
23
16
9
3
-1
-4
-5
-3
0
6
14
25
38
51
66
81
95
109
121
132
141
148
153
156
156
155
151
146
140
132
123
114
104
94
84
75
66
59
53
49
45
43
40
38
34
29
22
13
1
-12
-28
-47
-66
-86
-105
-123
-138
-151
-159
-164
-164
-159
-150
-138
-122
-103
-83
-63
-43
-25
-8
5
17
25
31
33
34
32
28
23
16
8
0
-8
-17
-26
-35
-44
-52
-60
-68
-75
-80
-85
-88
-90
-91
-89
-86
-81
-74
-65
-55
-44
-33
-20
-8
3
14
25
34
43
50
56
60
63
63
62
58
52
43
31
18
3
-13
-30
-46
-62
-74
-84
-89
-89
-85
-75
-61
-42
-21
3
28
54
78
101
121
137
149
157
160
158
152
142
128
112
94
75
56
37
19
4
-9
-20
-28
-33
-36
-35
-32
-27
-19
-9
1
14
27
41
54
67
77
86
92
95
96
93
89
81
72
62
50
38
26
15
4
-4
-13
-19
-24
-28
-30
-31
-31
-30
-29
-28
-29
-30
-32
-36
-41
-48
-57
-66
-76
-87
-99
-110
-121
-131
-140
-148
-155
-159
-162
-163
-161
-158
-153
-146
-137
-128
-118
-107
-96
-85
-75
-66
-59
-52
-47
-44
-42
-42
-42
-43
-44
-44
-43
-41
-36
-29
-18
-5
11
31
54
79
106
133
160
185
207
224
237
245
247
243
234
220
203
183
160
137
115
93
72
53
36
22
9
-2
-12
-21
-31
-40
-50
-61
-73
-85
-97
-108
-118
-125
-130
-131
-129
-123
-113
-100
-83
-64
-44
-22
0
20
41
60
77
92
105
115
124
131
136
140
142
142
142
140
137
133
126
118
108
97
83
69
53
37
20
4
-10
-25
-37
-49
-59
-68
-75
-82
-89
-95
-101
-107
-113
-119
-126
-132
-138
-143
-147
-149
-151
-150
-148
-144
-139
-134
-127
-120
-112
-104
-97
-89
-81
-73
-64
-54
-44
-33
-21
-9
3
16
28
40
51
60
68
73
76
76
74
70
64
56
47
38
29
21
15
11
9
10
13
19
27
37
48
59
70
81
90
96
101
102
101
96
90
81
71
60
48
37
27
17
7
0
-9
-17
-26
-35
-45
-56
-67
-79
-91
-103
-115
-126
-135
-142
-147
-149
-147
-142
-134
-121
-105
-85
-61
-35
-7
22
52
82
112
140
165
188
206
221
231
236
237
233
225
213
198
181
162
142
121
100
79
58
38
19
2
-13
-27
-38
-48
-55
-60
-63
-65
-65
-64
-63
-61
-59
-57
-54
-53
-51
-50
-49
-48
-48
-48
-49
-50
-51
-52
-53
-54
-55
