66
60
54
48
44
39
36
32
29
26
22
18
13
8
1
-5
-14
-23
-34
-45
-57
-69
-81
-92
-103
-112
-119
-125
-127
-128
-125
-120
-113
-103
-92
-80
-66
-52
-37
-21
-5
11
28
44
61
77
93
108
122
135
148
159
168
176
182
186
187
187
184
179
173
166
158
152
146
143
142
144
149
157
166
177
187
196
201
203
199
189
173
150
120
84
43
0
-48
-96
-143
-189
-230
-267
-297
-320
-335
-342
-342
-334
-318
-296
-268
-235
-196
-154
-108
-58
-6
48
104
160
215
268
317
361
397
424
442
449
443
426
398
360
312
257
197
135
72
12
-44
-94
-137
-172
-199
-217
-229
-235
-237
-236
-234
-233
-233
-236
-241
-248
-258
-267
-276
-283
-286
-284
-275
-260
-237
-207
-171
-130
-84
-37
10
56
99
137
168
190
204
209
204
191
172
146
116
83
50
17
-12
-38
-61
-78
-91
-99
-102
-101
-96
-88
-79
-67
-55
-43
-31
-21
-12
-5
0
0
0
-4
-11
-20
-32
-45
-60
-76
-91
-107
-120
-132
-142
-149
-153
-154
-151
-146
-138
-128
-116
-103
-90
-78
-67
-57
-51
-47
-47
-52
-60
-73
-89
-108
-130
-152
-175
-198
-217
-234
-246
-253
-253
-248
-236
-218
-193
-164
-131
-94
-56
-17
20
57
91
121
147
169
187
201
211
218
223
226
228
228
227
226
223
220
216
211
205
198
189
179
169
157
146
135
125
117
111
107
107
109
115
124
135
147
161
174
186
195
201
203
201
193
179
161
137
109
77
42
6
-29
-65
-98
-127
-153
-174
-190
-201
-207
-209
-208
-204
-198
-191
-184
-177
-170
-163
-156
-148
-138
-127
-113
-95
-75
-51
-24
4
34
64
93
119
141
158
169
173
172
165
152
137
118
99
80
62
46
33
22
14
7
2
-2
-6
-11
-17
-22
-29
-35
-40
-44
-46
-46
-44
-38
-31
-21
-10
0
11
21
29
34
36
35
31
23
14
3
-8
-20
-31
-40
-46
-50
-50
-47
-41
-32
-22
-10
0
10
19
26
30
32
31
28
24
19
14
9
5
2
0
0
0
0
1
3
5
7
9
11
13
15
17
19
21
22
23
24
25
25
25
24
24
24
24
24
24
25
25
25
24
23
21
17
12
5
-3
-14
-25
-38
-50
-62
-73
-82
-88
-92
-92
-90
-86
-81
-75
-69
-65
-62
-62
-65
-71
-80
-91
-102
-115
-126
-135
-141
-144
-141
-133
-120
-101
-78
-51
-21
10
43
74
103
130
152
169
180
186
187
182
173
159
143
125
105
86
67
50
34
20
9
0
-9
-17
-25
-33
-44
-56
-70
-87
-105
-125
-145
-164
-181
-195
-204
-206
-202
-190
-170
-144
-111
-73
-31
10
52
91
126
155
178
194
203
205
202
195
184
173
160
149
138
129
122
116
111
106
99
91
81
68
51
31
9
-16
-42
-70
-98
-124
-148
-168
-184
-195
-201
-202
-196
-186
-170
-150
-126
-99
-71
-41
-11
17
44
68
88
103
113
117
114
104
87
64
34
0
-39
-81
-125
-167
-208
-244
-273
-295
-308
-312
-305
-289
-263
-230
-189
-143
-94
-42
8
59
107
151
192
228
259
286
310
330
348
364
379
393
406
417
428
436
441
443
441
435
424
407
386
359
327
291
252
210
167
123
80
39
2
-30
-58
-80
-97
-110
-117
-121
-123
-123
-123
-123
-123
-125
-128
-133
-138
-145
-152
-161
-169
-177
-185
-192
-198
-203
-205
-205
-204
-200
-195
-188
-180
-172
-163
-155
-149
-143
-140
-138
-139
-141
-146
-151
-158
-165
-171
-176
-179
-180
-179
-174
-167
-156
-142
-125
-106
-85
-63
-39
-14
11
37
64
91
118
146
175
203
230
256
280
302
319
332
339
339
332
317
294
264
226
183
136
86
36
-10
-52
-87
-112
-127
-129
-119
-97
-64
-21
29
85
144
202
257
307
348
379
399
406
401
383
354
314
266
211
150
87
22
-40
-102
-160
-212
-260
-300
-335
-362
-384
-400
-410
-416
-419
-418
-415
-411
-404
-397
-388
-378
-366
-354
-339
-323
-304
-284
-260
-234
-205
-174
-140
-105
-68
-30
6
42
75
106
132
153
169
179
183
181
173
160
143
122
98
73
48
23
0
-21
-40
-57
-70
-81
-88
-94
-98
-101
-103
-105
-108
-111
-114
-118
-121
-124
-125
-124
-121
-114
-103
-89
-72
-51
-27
-2
23
49
74
96
116
132
144
152
156
155
151
143
133
120
106
91
76
60
46
32
20
9
0
-6
-10
-13
-13
-11
-7
-1
5
14
24
35
45
56
65
74
82
89
94
99
102
106
109
112
114
117
120
122
124
125
124
121
115
107
97
83
66
47
25
2
-22
-48
-74
-99
-124
-146
-167
-185
-201
-215
-226
-236
-242
-246
-247
-245
-239
-228
-212
-190
-163
-130
-92
-48
0
50
104
158
211
260
305
344
375
398
410
412
405
387
361
326
285
238
188
135
82
30
-19
-65
-106
-141
-168
-189
-201
-205
-202
-192
-175
-153
-127
-99
-69
-39
-11
14
36
55
67
74
75
70
59
41
19
-7
-38
-71
-106
-140
-174
-207
-236
-262
-284
-302
-314
-320
-321
-316
-305
-287
-265
-237
-204
-166
-126
-82
-37
8
53
97
138
176
210
240
264
283
296
304
307
304
298
287
273
255
236
214
191
167
143
119
97
76
58
44
32
25
22
24
30
39
52
67
85
104
123
141
159
174
187
197
204
207
205
200
190
175
156
132
103
70
33
-7
-51
-97
-145
-191
-237
-279
-317
-349
-374
-391
-401
-402
-395
-380
-358
-330
-297
-261
-223
-185
-149
-115
-85
-60
-40
-25
-15
-10
-8
-9
-12
-16
-19
-21
-21
-19
-14
-7
2
14
29
44
60
76
90
104
114
122
126
126
123
116
107
95
83
70
59
50
44
43
46
54
67
83
103
125
148
171
191
207
219
225
226
219
207
188
164
135
103
68
32
-4
-41
-77
-113
-146
-177
-206
-231
-252
-269
-280
-286
-286
-280
-268
-250
-226
-197
-163
-125
-83
-39
7
54
100
145
186
222
253
276
291
297
294
283
263
235
200
160
116
70
24
-18
-59
-94
-122
-143
-156
-161
-158
-149
-135
-117
-96
-75
-54
-36
-20
-8
-1
1
0
-2
-9
-16
-23
-28
-31
-30
-25
-16
-4
11
29
47
65
81
94
102
104
100
90
74
52
25
-5
-39
-74
-109
-143
-175
-204
-230
-250
-266
-278
-284
-286
-284
-278
-268
-255
-240
-223
-204
-184
-162
-139
-116
-92
-67
-41
-15
11
40
69
98
129
160
191
222
252
281
308
331
352
369
381
390
394
393
389
381
370
357
341
325
308
290
274
258
243
229
217
204
192
180
167
151
134
115
93
68
41
11
-18
-50
-82
-114
-144
-173
-200
-225
-246
-265
-281
-294
-303
-308
-311
-309
-304
-296
-284
-268
-250
-230
-208
-186
-164
-143
-124
-108
-96
-87
-83
-84
-91
-102
-117
-137
-161
-188
-217
-247
-276
-305
-331
-354
-372
-385
-391
-391
-383
-368
-344
-314
-276
-232
-183
-129
-73
-16
40
95
145
191
230
262
287
303
312
313
306
294
276
253
226
197
167
138
110
86
68
56
52
55
67
86
112
142
175
208
240
267
289
303
310
307
296
277
252
222
188
152
117
84
54
28
6
-9
-22
-31
-38
-43
-49
-55
-63
-73
-86
-100
-116
-133
-148
-162
-171
-176
-174
-165
-149
-124
-91
-52
-7
41
93
144
194
239
277
308
330
341
343
334
315
289
255
216
173
128
81
36
-8
-51
-93
-132
-169
-204
-237
-269
-299
-328
-354
-378
-399
-417
-430
-439
-442
-440
-432
-419
-399
-375
-346
-312
-276
-237
-196
-155
-114
-74
-35
0
34
65
92
115
134
148
158
162
161
155
144
129
109
85
57
28
-2
-33
-63
-92
-118
-139
-155
-165
-168
-164
-151
-129
-99
-60
-14
38
96
158
220
283
342
396
444
483
513
533
542
541
531
512
485
453
417
380
341
305
272
243
220
203
192
188
189
195
205
216
228
240
249
254
254
248
235
215
186
150
107
57
2
-57
-119
-183
-245
-306
-362
-413
-457
-494
-523
-544
-557
-563
-563
-556
-544
-527
-507
-485
-460
-435
-408
-381
-352
-323
-293
-260
-225
-187
-146
-101
-52
0
56
115
175
235
292
346
394
434
465
483
489
481
459
424
377
318
252
179
103
26
-47
-117
-180
-235
-280
-314
-338
-352
-356
-351
-340
-322
-300
-275
-247
-220
-192
-165
-139
-114
-90
-68
-45
-23
0
24
48
74
101
127
152
175
196
212
224
230
230
225
213
196
175
151
126
100
76
56
39
28
23
24
32
44
62
83
106
130
154
176
195
211
221
227
228
224
215
202
186
167
146
122
97
70
41
11
-20
-53
-88
-123
-157
-190
-221
-248
-270
-288
-298
-303
-300
-291
-275
-254
-229
-200
-170
-140
-111
-85
-63
-44
-31
-22
-19
-21
-26
-36
-48
-63
-80
-98
-117
-136
-154
-171
-187
-201
-212
-221
-226
-227
-225
-218
-206
-190
-170
-145
-116
-84
-50
-15
19
53
85
113
137
155
167
174
175
170
161
149
134
117
100
83
68
55
45
37
33
32
34
37
41
46
49
51
51
48
42
34
25
15
6
-2
-10
-15
-18
-19
-19
-18
-18
-19
-22
-29
-40
-54
-74
-98
-125
-156
-189
-222
-255
-286
-314
-336
-353
-362
-363
-355
-338
-311
-276
-232
-181
-123
-60
6
75
145
213
278
339
394
441
481
512
535
548
554
551
542
526
505
480
451
420
387
353
318
282
246
211
176
141
107
74
42
13
-12
-35
-54
-68
-77
-79
-76
-66
-51
-30
-5
22
51
80
108
131
150
162
165
160
146
124
94
57
15
-30
-76
-123
-167
-208
-244
-276
-303
-324
-341
-353
-362
-367
-370
-370
-368
-365
-359
-351
-340
-327
-310
-291
-267
-241
-211
-177
-141
-103
-63
-22
17
57
95
131
164
193
218
239
255
265
271
270
263
249
229
203
171
134
93
49
5
-37
-77
-110
-136
-152
-157
-149
-129
-96
-52
0
61
127
195
261
323
377
420
450
465
464
446
413
366
306
237
160
80
0
-78
-150
-215
-270
-314
-347
-370
-382
-385
-382
-373
-361
-348
-335
-323
-312
-304
-298
-293
-288
-284
-278
-270
-259
-245
-229
-210
-189
-167
-144
-123
-104
-89
-77
-70
-69
-72
-79
-90
-104
-119
-135
-149
-161
-169
-171
-168
-157
-139
-114
-82
-44
-2
43
90
136
179
217
249
274
290
298
297
290
276
258
238
217
198
182
169
163
161
166
175
187
203
219
235
249
259
265
