65
68
72
75
79
80
79
75
68
57
42
24
2
-20
-46
-72
-98
-122
-145
-164
-181
-194
-203
-208
-210
-209
-204
-196
-186
-173
-158
-142
-123
-102
-79
-55
-29
-3
24
51
79
105
129
150
168
182
191
195
193
186
172
153
128
99
66
30
-6
-44
-79
-112
-141
-165
-182
-192
-194
-189
-177
-157
-131
-100
-64
-26
12
50
87
121
150
174
193
206
212
214
210
201
189
173
154
134
112
89
67
44
23
2
-15
-32
-47
-60
-71
-80
-86
-90
-91
-90
-86
-79
-69
-56
-40
-21
0
22
47
72
98
122
145
164
180
190
195
192
181
161
133
96
50
-1
-58
-119
-181
-243
-301
-353
-397
-431
-454
-465
-463
-448
-420
-382
-334
-278
-216
-151
-84
-18
45
105
160
209
251
286
315
336
352
361
365
364
360
353
343
332
321
309
298
287
277
267
259
250
242
233
224
214
202
188
173
155
135
113
89
63
35
6
-23
-54
-84
-114
-144
-172
-199
-224
-247
-267
-284
-297
-307
-313
-314
-311
-303
-292
-277
-260
-240
-219
-198
-177
-157
-140
-126
-114
-106
-101
-100
-102
-107
-115
-125
-137
-150
-164
-179
-193
-207
-221
-233
-245
-257
-268
-279
-290
-302
-312
-322
-330
-336
-339
-338
-332
-321
-302
-276
-242
-201
-152
-95
-32
35
108
182
257
331
401
467
525
576
619
651
673
685
686
679
662
637
606
569
528
484
437
388
338
287
236
184
133
81
30
-19
-68
-114
-158
-199
-236
-268
-294
-314
-328
-334
-334
-327
-314
-296
-274
-248
-221
-193
-165
-140
-117
-97
-82
-70
-62
-57
-55
-56
-58
-62
-65
-69
-72
-73
-74
-72
-68
-63
-54
-44
-31
-15
3
23
45
69
94
120
144
168
190
209
225
238
247
253
254
252
246
237
224
207
188
166
141
114
84
54
22
-8
-39
-68
-94
-116
-135
-148
-157
-160
-159
-153
-143
-130
-115
-100
-84
-69
-56
-45
-36
-31
-27
-26
-26
-26
-25
-23
-20
-14
-5
5
18
33
48
63
76
87
94
98
97
91
81
66
48
27
3
-21
-45
-69
-89
-106
-118
-124
-124
-117
-103
-84
-58
-28
5
42
80
117
153
185
214
238
256
267
272
271
263
249
230
206
179
149
118
85
53
21
-8
-36
-63
-88
-110
-130
-147
-162
-175
-185
-192
-197
-200
-200
-198
-194
-189
-182
-174
-167
-160
-154
-149
-146
-146
-147
-150
-154
-160
-166
-171
-174
-175
-174
-168
-159
-146
-128
-107
-82
-54
-25
4
35
65
94
121
146
168
188
204
217
226
231
231
226
216
200
179
153
123
89
52
13
-25
-62
-97
-129
-156
-177
-193
-202
-206
-205
-199
-190
-179
-166
-153
-141
-129
-119
-111
-104
-99
-94
-90
-85
-78
-70
-60
-47
-32
-14
5
26
48
70
91
110
127
140
149
154
154
149
140
128
113
95
77
58
41
26
14
5
0
-1
0
4
11
19
29
39
50
60
70
79
88
96
104
112
119
127
135
142
150
158
165
172
178
183
186
187
186
183
176
168
156
143
127
110
92
73
54
35
16
-1
-17
-33
-47
-60
-72
-84
-94
-103
-112
-120
-128
-135
-141
-147
-151
-155
-159
-161
-162
-163
-163
-162
-159
-156
-152
-146
-138
-129
-119
-107
-93
-78
-63
-47
-30
-14
1
16
30
43
56
68
79
89
100
110
120
130
140
150
160
169
177
183
187
190
190
187
181
173
163
149
134
116
96
74
52
28
4
-19
-43
-66
-87
-106
-123
-138
-149
-156
-161
-161
-159
-153
-143
-132
-118
-103
-87
-70
-55
-40
-28
-18
-10
-5
-3
-4
-7
-11
-17
-24
-30
-36
-41
-45
-46
-46
-44
-39
-32
-23
-12
0
15
31
48
67
85
103
121
137
152
164
173
180
182
181
175
165
151
132
109
83
55
25
-4
-33
-61
-85
-105
-120
-130
-135
-135
-131
-122
-109
-95
-79
-63
-47
-33
-21
-12
-5
-2
-2
-5
-10
-18
-28
-39
-51
-63
-76
-88
-100
-112
-124
-137
-150
-163
-178
-194
-211
-228
-246
-264
-280
-296
-310
-321
-331
-337
-341
-342
-340
-335
-327
-314
-298
-279
-255
-226
-194
-158
-117
-73
-26
23
76
130
186
242
297
349
399
444
483
515
539
553
559
555
542
520
490
453
412
366
319
271
224
179
138
102
70
44
23
8
0
-6
-7
-4
0
7
15
24
32
40
46
50
51
50
46
40
30
17
2
-15
-36
-60
-87
-116
-149
-184
-222
-262
-302
-343
-383
-420
-453
-480
-501
-514
-519
-514
-500
-478
-447
-410
-367
-321
-274
-226
-180
-138
-100
-67
-39
-16
1
16
29
41
55
71
90
113
140
170
202
236
269
300
328
351
368
377
379
373
359
338
311
279
243
204
165
126
90
56
26
1
-18
-32
-41
-44
-43
-37
-27
-13
3
23
45
69
93
119
143
167
189
208
224
237
245
250
250
246
238
227
212
195
176
155
134
111
89
66
45
24
4
-13
-29
-44
-57
-69
-78
-86
-93
-99
-104
-108
-112
-117
-121
-125
-128
-131
-133
-134
-132
-129
-123
-114
-103
-89
-74
-57
-38
-19
0
19
38
56
73
88
101
113
123
130
135
137
137
134
129
120
109
95
79
59
38
15
-9
-34
-59
-84
-107
-128
-147
-163
-175
-184
-190
-192
-190
-186
-179
-171
-160
-149
-136
-124
-111
-99
-87
-77
-67
-59
-52
-48
-45
-44
-45
-48
-54
-61
-71
-81
-92
-104
-116
-126
-135
-142
-145
-146
-143
-136
-126
-112
-96
-76
-55
-32
-8
16
42
66
90
112
132
149
163
174
181
185
186
184
181
176
171
167
164
163
164
167
172
178
184
190
195
197
195
189
177
159
136
106
70
30
-13
-60
-108
-155
-200
-240
-274
-300
-318
-326
-324
-313
-293
-266
-232
-193
-152
-108
-66
-24
13
48
78
104
125
141
154
163
168
171
172
171
168
163
156
147
135
120
101
78
51
20
-15
-55
-98
-143
-190
-236
-281
-322
-359
-389
-412
-426
-431
-426
-411
-387
-354
-313
-266
-214
-159
-102
-46
9
61
110
154
193
226
252
271
283
289
289
282
270
253
233
209
184
157
131
106
83
62
45
31
21
14
11
10
10
12
13
14
14
13
9
4
-2
-9
-16
-23
-29
-32
-33
-31
-27
-20
-10
0
10
21
30
38
42
44
42
38
30
20
10
0
-10
-18
-22
-23
-18
-9
4
23
46
71
98
126
152
177
199
217
231
239
242
239
231
218
201
180
156
129
102
73
45
18
-7
-32
-55
-76
-95
-111
-124
-135
-143
-148
-150
-148
-144
-136
-124
-110
-92
-72
-50
-26
-2
21
42
60
71
75
71
56
31
-2
-44
-92
-145
-199
-252
-302
-348
-389
-424
-451
-472
-485
-490
-488
-477
-459
-433
-400
-359
-312
-259
-201
-139
-74
-7
60
128
194
257
317
372
421
464
500
529
551
565
573
573
566
553
533
507
474
436
392
343
290
234
176
118
62
8
-40
-84
-121
-150
-171
-185
-190
-188
-179
-166
-149
-131
-112
-95
-81
-71
-67
-68
-75
-88
-106
-129
-155
-182
-211
-239
-266
-289
-309
-323
-331
-331
-324
-309
-286
-254
-215
-169
-116
-59
1
64
126
186
242
292
333
364
383
391
385
368
340
302
256
204
149
93
38
-12
-58
-97
-129
-153
-168
-176
-176
-170
-160
-145
-129
-111
-93
-76
-61
-47
-35
-26
-17
-10
-5
0
5
10
15
20
25
31
35
39
42
44
45
43
41
37
31
24
16
8
0
-9
-18
-26
-33
-39
-43
-46
-48
-48
-48
-46
-44
-41
-38
-35
-32
-28
-25
-21
-17
-13
-7
-1
5
13
22
31
39
46
52
55
55
52
45
36
23
9
-5
-20
-34
-45
-53
-56
-55
-49
-38
-22
-2
20
45
73
101
128
155
180
203
222
238
249
256
257
254
244
229
209
182
151
116
77
36
-4
-46
-86
-123
-156
-184
-207
-224
-235
-239
-238
-231
-218
-200
-178
-152
-124
-93
-61
-29
0
29
53
73
88
97
100
96
87
73
54
32
8
-15
-39
-62
-82
-99
-111
-120
-124
-125
-121
-115
-107
-97
-87
-77
-68
-61
-56
-53
-51
-52
-54
-56
-57
-58
-56
-52
-45
-35
-22
-7
10
28
47
66
83
98
111
121
127
131
132
129
125
118
111
102
94
86
79
73
69
67
66
67
69
73
77
82
86
89
92
93
93
90
86
79
70
60
47
33
18
1
-14
-31
-46
-61
-74
-86
-96
-103
-109
-114
-117
-120
-122
-124
-125
-127
-129
-132
-134
-137
-138
-140
-140
-139
-137
-134
-129
-123
-115
-105
-94
-82
-68
-54
-38
-22
-4
13
31
51
70
90
109
128
145
161
175
186
194
198
200
198
192
184
173
159
144
127
110
94
78
64
52
43
36
33
33
36
41
48
56
63
70
76
79
79
77
71
63
52
40
27
13
0
-11
-22
-30
-37
-42
-45
-48
-51
-56
-62
-71
-83
-100
-121
-146
-176
-211
-249
-291
-336
-383
-430
-478
-524
-567
-607
-642
-670
-691
-703
-705
-696
-677
-646
-603
-549
-486
-413
-333
-247
-158
-67
22
109
192
268
337
397
448
490
523
549
566
577
583
584
581
575
568
558
547
535
522
507
491
473
454
432
408
382
353
321
287
250
210
169
127
83
40
-2
-44
-82
-118
-148
-173
-191
-203
-208
-207
-199
-186
-170
-151
-132
-114
-100
-89
-85
-87
-96
-113
-136
-165
-199
-237
-277
-317
-354
-388
-415
-435
-445
-445
-434
-411
-377
-333
-279
-217
-148
-74
2
80
156
229
297
358
411
453
485
504
512
508
493
468
433
390
342
289
234
178
123
71
23
-19
-55
-84
-105
-119
-126
-125
-119
-107
-90
-71
-49
-26
-2
20
41
61
79
94
106
116
124
129
132
132
131
128
123
116
108
98
86
73
59
44
30
16
3
-8
-18
-27
-33
-37
-40
-40
-38
-35
-30
-25
-19
-12
-6
0
4
8
10
12
12
11
9
6
3
0
-3
-6
-9
-11
-12
-13
-13
-13
-11
-9
-6
-2
1
5
10
16
21
27
32
36
40
43
45
46
46
45
43
39
34
28
20
12
2
-7
-18
-29
-41
-53
-66
-79
-92
-105
-118
-130
-143
-154
-164
-172
-179
-183
-185
-184
-180
-174
-164
-153
-140
-127
-114
-103
-93
-87
-84
-84
-88
-95
-103
-113
-124
-133
-142
-148
-152
-154
-152
-149
-143
-136
-127
-118
-110
-102
-95
-89
-83
-79
-74
-69
-63
-55
-44
-30
-11
10
35
65
97
132
168
204
239
272
302
328
350
366
376
380
377
369
354
333
306
274
237
196
