-121
-111
-99
-83
-61
-32
4
47
98
153
212
271
329
382
428
464
488
499
497
481
453
414
369
319
267
218
174
137
108
90
81
81
88
100
115
130
143
151
152
145
130
107
76
40
0
-39
-78
-114
-142
-163
-174
-174
-164
-145
-116
-81
-41
1
44
86
123
156
182
201
213
219
219
215
207
196
183
169
154
137
119
98
75
48
18
-15
-52
-91
-133
-175
-216
-254
-289
-317
-339
-352
-356
-351
-337
-315
-287
-253
-217
-180
-145
-112
-85
-63
-48
-38
-34
-35
-39
-45
-51
-56
-57
-55
-48
-37
-20
0
23
49
74
96
114
124
126
118
98
66
22
-32
-96
-168
-244
-323
-401
-474
-541
-598
-643
-673
-688
-684
-663
-622
-563
-486
-391
-282
-162
-33
100
232
360
477
579
662
722
758
767
751
710
647
566
471
368
261
155
55
-34
-110
-171
-214
-240
-247
-236
-210
-170
-117
-55
12
84
156
226
289
344
387
417
432
430
410
373
320
252
172
81
-14
-113
-210
-301
-382
-450
-503
-538
-554
-552
-531
-494
-443
-380
-308
-230
-149
-67
14
94
171
244
314
379
438
492
538
576
603
618
618
603
571
523
457
377
283
181
73
-36
-141
-239
-324
-393
-443
-473
-481
-470
-440
-396
-341
-279
-217
-159
-110
-73
-53
-50
-66
-98
-146
-206
-272
-341
-407
-465
-510
-538
-546
-531
-492
-430
-347
-244
-126
2
138
274
406
529
639
733
809
866
906
928
935
928
911
885
852
813
770
723
673
620
565
508
450
391
332
275
219
165
114
65
18
-25
-67
-108
-147
-185
-222
-258
-293
-327
-358
-387
-413
-435
-453
-466
-475
-479
-478
-473
-464
-451
-435
-416
-394
-370
-344
-316
-286
-256
-225
-193
-162
-131
-101
-73
-46
-21
1
21
40
56
71
85
98
110
121
132
142
152
161
168
174
178
180
180
177
171
161
148
132
111
86
57
22
-16
-59
-107
-159
-214
-271
-330
-388
-444
-497
-544
-585
-617
-639
-650
-650
-638
-614
-579
-534
-480
-419
-352
-282
-212
-143
-79
-21
27
66
93
107
108
96
72
38
-5
-56
-111
-169
-226
-280
-329
-369
-400
-420
-427
-422
-405
-376
-338
-292
-241
-186
-131
-77
-26
19
58
92
119
140
156
168
176
182
187
191
195
199
202
205
207
208
208
207
206
204
204
206
210
220
234
256
284
320
363
412
466
522
577
629
674
710
734
743
735
709
666
605
528
437
335
224
109
-7
-121
-229
-329
-416
-489
-546
-587
-610
-617
-608
-586
-554
-513
-467
-420
-374
-334
-301
-278
-265
-265
-275
-295
-323
-356
-391
-424
-451
-469
-474
-464
-437
-393
-332
-256
-166
-67
37
143
247
344
431
506
567
613
645
663
670
666
655
639
618
596
572
548
525
504
485
468
454
445
439
438
440
447
456
468
479
490
497
500
497
485
465
434
394
344
285
217
143
64
-17
-101
-184
-264
-339
-409
-472
-525
-570
-605
-630
-645
-650
-646
-633
-612
-583
-547
-505
-457
-404
-347
-286
-223
-158
-93
-29
33
94
151
204
252
296
334
366
392
412
426
433
434
428
415
396
369
337
297
252
202
147
87
24
-41
-110
-182
-255
-330
-405
-480
-553
-624
-689
-748
-798
-837
-862
-872
-864
-837
-790
-724
-637
-533
-412
-279
-137
8
154
297
430
551
656
745
814
865
898
913
914
902
881
851
815
776
734
690
645
598
549
498
445
388
329
266
201
134
67
1
-62
-123
-179
-231
-277
-317
-352
-382
-407
-428
-446
-461
-473
-483
-491
-496
-499
-499
-496
-490
-480
-467
-450
-430
-406
-380
-350
-317
-280
-240
-195
-145
-91
-32
30
96
163
229
292
348
394
429
448
449
432
394
336
259
165
55
-65
-193
-325
-455
-579
-693
-794
-878
-942
-985
-1006
-1005
-980
-934
-867
-781
-678
-562
-436
-304
-169
-35
92
211
318
412
489
551
596
625
640
643
635
619
597
570
539
507
474
440
407
373
340
310
282
259
242
233
233
242
260
287
321
361
405
451
497
540
581
616
645
666
678
681
675
659
632
596
550
495
431
358
276
186
87
-18
-130
-248
-369
-490
-610
-724
-829
-923
-1002
-1063
-1106
-1128
-1130
-1113
-1078
-1025
-958
-878
-787
-688
-583
-473
-359
-244
-129
-16
93
198
296
384
460
522
569
597
608
600
574
532
476
409
335
258
181
108
43
-12
-56
-88
-108
-116
-113
-102
-85
-64
-40
-16
7
27
45
58
68
73
74
72
66
57
45
30
13
-7
-32
-60
-91
-126
-165
-206
-248
-291
-331
-369
-400
-424
-438
-441
-434
-414
-385
-347
-302
-254
-206
-162
-124
-94
-76
-69
-73
-88
-110
-137
-166
-192
-213
-225
-224
-211
-182
-140
-83
-15
62
146
234
323
410
491
565
629
682
723
751
766
767
756
731
695
646
588
519
443
360
272
181
90
0
-85
-165
-238
-303
-357
-399
-429
-445
-448
-437
-413
-378
-332
-278
-220
-161
-106
-57
-19
4
12
4
-21
-62
-117
-183
-255
-331
-406
-476
-538
-590
-629
-655
-668
-669
-658
-639
-613
-582
-548
-513
-477
-441
-406
-370
-334
-295
-255
-210
-162
-109
-52
8
72
138
204
270
334
395
453
507
557
602
644
681
713
742
766
785
800
809
814
813
808
798
783
765
745
721
697
671
644
618
591
565
538
511
483
454
423
389
353
315
275
233
189
146
103
60
19
-19
-56
-91
-124
-155
-184
-211
-235
-257
-277
-294
-307
-317
-323
-327
-328
-327
-325
-324
-323
-325
-330
-339
-352
-369
-390
-414
-441
-469
-497
-524
-548
-568
-582
-590
-588
-577
-556
-524
-481
-427
-363
-290
-210
-124
-36
53
140
223
301
370
430
479
518
547
566
576
578
574
565
553
537
518
497
472
443
410
372
327
276
218
155
85
11
-65
-144
-222
-298
-369
-434
-490
-535
-567
-587
-592
-582
-558
-521
-471
-412
-345
-272
-199
-127
-61
-3
42
75
91
91
74
40
-8
-70
-143
-224
-309
-395
-480
-558
-628
-688
-734
-765
-782
-782
-766
-735
-690
-631
-561
-480
-392
-296
-197
-94
8
110
211
308
401
489
571
647
715
776
829
874
908
933
946
948
938
915
880
833
775
706
629
545
456
363
271
179
92
10
-63
-129
-183
-227
-258
-277
-284
-279
-264
-239
-206
-166
-122
-73
-22
28
79
127
173
213
247
275
293
303
302
289
266
231
185
128
63
-10
-89
-172
-255
-338
-416
-487
-550
-602
-641
-666
-676
-671
-652
-618
-571
-513
-445
-370
-289
-204
-117
-30
55
138
218
293
362
425
481
528
565
592
607
610
599
573
535
482
418
343
260
170
78
-13
-103
-188
-264
-332
-387
-431
-461
-479
-484
-477
-460
-434
-400
-359
-313
-262
-207
-148
-85
-19
49
121
196
272
348
423
494
559
617
666
703
728
740
740
728
705
672
632
586
537
485
433
381
328
277
225
173
119
64
7
-51
-112
-174
-237
-298
-356
-409
-456
-495
-524
-542
-549
-544
-529
-505
-473
-435
-395
-355
-318
-285
-259
-242
-235
-237
-249
-271
-300
-335
-374
-414
-454
-491
-523
-548
-565
-572
-570
-558
-537
-509
-475
-438
-400
-362
-329
-301
-281
-268
-265
-271
-285
-305
-331
-360
-390
-418
-441
-458
-465
-463
-449
-423
-385
-336
-277
-209
-134
-54
28
111
194
273
348
418
482
540
591
636
675
708
736
759
778
792
802
808
810
807
800
786
767
741
708
668
622
569
512
450
387
323
260
200
145
95
51
14
-16
-41
-60
-75
-86
-94
-99
-102
-102
-100
-96
-88
-76
-61
-41
-18
9
40
74
107
140
169
191
206
210
202
181
147
100
43
-20
-90
-160
-226
-286
-335
-371
-393
-399
-391
-371
-339
-300
-257
-213
-171
-134
-106
-86
-78
-80
-92
-115
-145
-180
-220
-260
-299
-334
-364
-386
-399
-403
-398
-384
-362
-333
-299
-260
-218
-174
-129
-83
-37
8
53
98
141
183
223
261
297
330
361
389
415
439
461
482
503
522
539
554
566
573
575
570
559
539
512
478
439
396
350
305
262
224
193
171
157
153
157
168
184
203
221
236
244
243
232
209
174
128
72
10
-55
-123
-188
-247
-299
-342
-375
-397
-410
-415
-413
-407
-398
-389
-381
-376
-373
-375
-381
-390
-402
-415
-429
-443
-454
-462
-465
-462
-451
-433
-406
-370
-327
-276
-220
-160
-97
-33
28
86
139
186
225
255
276
287
288
279
261
233
198
156
109
58
4
-48
-101
-149
-193
-231
-261
-284
-297
-302
-298
-287
-268
-245
-217
-186
-153
-120
-88
-57
-27
0
24
47
68
88
105
121
134
145
151
154
150
139
120
92
54
7
-48
-112
-181
-253
-325
-394
-457
-511
-554
-583
-597
-596
-581
-552
-511
-461
-403
-338
-270
-199
-126
-51
24
102
183
267
354
444
537
631
726
817
904
982
1048
1100
1134
1148
1140
1109
1055
979
882
768
638
498
350
200
52
-88
-219
-336
-435
-514
-573
-610
-626
-622
-601
-566
-521
-468
-413
-359
-308
-263
-226
-196
-175
-160
-152
-147
-145
-143
-140
-137
-133
-128
-123
-122
-125
-134
-153
-181
-222
-273
-336
-407
-484
-565
-643
-716
-778
-824
-851
-856
-836
-791
-721
-628
-515
-386
-246
-102
41
179
305
416
508
580
631
661
673
668
651
626
595
564
535
510
491
479
474
476
482
493
507
522
537
553
568
582
596
610
624
637
650
661
670
676
677
672
660
640
611
572
523
465
398
324
245
161
77
-6
-87
-162
-231
-292
-344
-388
-423
-451
-472
-488
-499
-506
-511
-514
-517
-521
-525
-530
-536
-543
-550
-557
-563
-567
-568
-566
-560
-550
-536
-517
-494
-468
-438
-406
-371
-332
-291
-247
-199
-146
-90
-29
34
102
173
246
318
389
458
521
578
626
666
695
713
719
714
697
669
632
586
532
474
412
348
284
221
160
101
46
-4
-52
-97
-138
-175
-208
-238
-263
-283
-299
-309
-313
-312
-304
-290
-271
-245
-212
-174
-131
-83
-33
19
70
118
160
192
212
217
206
175
126
58
-26
-126
-238
-358
-481
-604
-721
-830
-925
-1005
-1067
-1112
-1138
-1146
-1137
-1112
-1073
-1020
-956
-880
-792
-694
-586
-467
-338
-200
-55
94
248
401
552
695
827
945
1046
1128
1188
1225
1241
1235
1209
1167
1112
1046
974
899
824
752
684
621
562
507
455
405
353
300
244
184
121
57
-6
-67
-121
-164
-194
-207
-200
-171
-121
-51
37
140
253
370
485
592
685
759
810
836
835
808
755
679
582
469
342
206
65
-78
-220
-357
-487
-607
-716
-812
-895
-964
-1020
-1063
-1095
-1117
-1130
-1137
-1140
-1140
-1138
-1136
-1135
-1133
-1131
-1128
-1122
-1112
-1096
-1072
-1039
-996
