335
396
437
455
447
413
351
265
156
29
-109
-255
-402
-543
-672
-786
-880
-953
-1004
-1034
-1044
-1038
-1020
-991
-957
-921
-885
-852
-824
-802
-787
-777
-772
-770
-769
-767
-761
-748
-726
-693
-649
-593
-525
-444
-353
-251
-142
-26
92
214
336
455
567
672
764
843
907
953
981
992
986
967
937
899
857
814
773
738
709
688
676
672
675
684
696
709
720
729
733
731
722
705
681
651
615
575
531
485
437
387
336
281
224
163
97
27
-45
-120
-195
-267
-332
-387
-428
-453
-460
-447
-415
-364
-298
-221
-137
-51
31
106
168
216
247
261
259
242
214
178
138
96
57
23
-5
-26
-41
-50
-57
-63
-73
-89
-117
-159
-218
-295
-392
-506
-637
-780
-930
-1082
-1230
-1367
-1486
-1584
-1655
-1696
-1706
-1686
-1637
-1562
-1465
-1352
-1228
-1099
-971
-849
-738
-641
-563
-504
-465
-447
-446
-462
-489
-525
-565
-605
-639
-664
-676
-673
-652
-611
-550
-469
-368
-249
-114
33
192
357
523
688
846
995
1130
1251
1355
1442
1513
1570
1615
1652
1684
1715
1747
1786
1831
1886
1950
2022
2100
2181
2260
2332
2392
2434
2454
2447
2412
2347
2254
2136
1999
1850
1696
1546
1408
1289
1194
1126
1086
1071
1075
1093
1114
1129
1129
1104
1047
951
813
632
409
149
-144
-463
-800
-1145
-1489
-1825
-2144
-2439
-2706
-2941
-3141
-3305
-3433
-3526
-3584
-3608
-3602
-3565
-3500
-3408
-3291
-3151
-2991
-2811
-2614
-2403
-2180
-1948
-1709
-1467
-1224
-984
-749
-523
-308
-107
78
246
398
532
650
752
840
916
981
1037
1085
1129
1168
1205
1241
1276
1311
1347
1383
1418
1451
1481
1506
1523
1532
1531
1518
1494
1458
1412
1356
1292
1222
1149
1076
1004
936
873
818
770
731
701
678
662
652
645
641
636
629
619
604
584
560
531
499
466
431
395
360
324
287
248
205
156
100
35
-39
-124
-220
-326
-441
-563
-689
-819
-950
-1078
-1202
-1320
-1428
-1525
-1610
-1679
-1732
-1768
-1785
-1783
-1763
-1724
-1668
-1598
-1514
-1420
-1320
-1217
-1116
-1020
-934
-861
-806
-769
-752
-756
-777
-813
-859
-909
-957
-997
-1021
-1024
-1001
-949
-865
-750
-605
-433
-239
-28
192
415
635
844
1035
1204
1345
1456
1534
1580
1594
1578
1537
1474
1394
1302
1204
1105
1009
919
836
763
699
641
587
533
476
411
334
242
131
1
-149
-318
-505
-705
-913
-1124
-1330
-1527
-1705
-1860
-1984
-2072
-2121
-2126
-2087
-2004
-1877
-1709
-1505
-1268
-1004
-719
-419
-111
198
505
801
1081
1340
1573
1776
1945
2079
2176
2237
2260
2250
2208
2139
2046
1934
1809
1677
1541
1409
1284
1171
1075
996
938
900
881
880
893
914
938
960
972
969
946
900
828
729
605
459
293
113
-74
-267
-457
-641
-816
-977
-1124
-1257
-1376
-1483
-1580
-1671
-1759
-1846
-1934
-2026
-2120
-2217
-2312
-2402
-2484
-2550
-2596
-2616
-2604
-2558
-2473
-2350
-2189
-1992
-1763
-1508
-1233
-947
-657
-371
-94
165
404
620
811
978
1122
1245
1352
1444
1527
1602
1671
1736
1797
1854
1905
1949
1984
2008
2022
2023
2013
1993
1964
1929
1890
1849
1808
1769
1732
1698
1665
1632
1598
1561
1519
1470
1412
1344
1265
1174
1071
956
831
695
551
399
241
78
-89
-259
-432
-605
-779
-952
-1122
-1287
-1445
-1591
-1725
-1840
-1936
-2007
-2052
-2069
-2058
-2018
-1951
-1860
-1748
-1620
-1479
-1331
-1180
-1029
-883
-744
-614
-493
-384
-284
-193
-111
-37
28
87
138
179
209
223
221
199
155
89
0
-108
-235
-376
-524
-674
-818
-950
-1061
-1147
-1203
-1225
-1213
-1165
-1085
-976
-843
-691
-526
-354
-181
-10
154
311
458
596
725
846
962
1072
1180
1284
1386
1484
1578
1666
1746
1814
1868
1904
1919
1910
1874
1810
1716
1594
1444
1269
1073
860
636
408
181
-36
-240
-424
-584
-717
-820
-893
-935
-950
-940
-909
-862
-805
-744
-684
-631
-589
-561
-549
-554
-575
-610
-656
-708
-762
-813
-856
-888
-905
-904
-886
-850
-797
-731
-655
-573
-491
-414
-347
-296
-264
-255
-270
-309
-372
-454
-552
-661
-773
-883
-982
-1063
-1122
-1152
-1150
-1112
-1039
-931
-791
-622
-428
-216
8
240
474
703
924
1132
1323
1495
1645
1771
1871
1946
1993
2014
2008
1975
1916
1832
1723
1592
1439
1268
1081
884
679
474
274
85
-85
-232
-351
-437
-490
-508
-493
-449
-380
-292
-192
-88
12
103
180
237
270
279
263
223
164
88
0
-93
-189
-281
-367
-442
-504
-551
-584
-601
-604
-595
-574
-543
-505
-462
-415
-367
-321
-279
-243
-216
-198
-190
-192
-205
-224
-249
-276
-302
-322
-333
-332
-317
-286
-239
-176
-100
-11
84
186
289
390
485
571
644
704
748
775
785
777
751
709
651
577
489
388
274
147
9
-138
-295
-461
-631
-804
-977
-1145
-1306
-1455
-1588
-1701
-1789
-1849
-1879
-1875
-1837
-1762
-1652
-1508
-1332
-1128
-900
-655
-398
-136
122
371
604
813
994
1142
1255
1331
1370
1375
1349
1297
1224
1138
1044
949
859
780
715
669
643
639
657
695
753
826
911
1005
1102
1198
1288
1368
1433
1481
1509
1515
1500
1464
1406
1330
1236
1126
1004
871
732
588
443
299
160
27
-97
-213
-320
-417
-505
-586
-660
-730
-796
-859
-921
-980
-1037
-1090
-1138
-1179
-1210
-1230
-1237
-1230
-1207
-1170
-1119
-1055
-982
-901
-817
-733
-652
-577
-512
-457
-415
-383
-362
-349
-341
-334
-326
-314
-295
-268
-232
-188
-138
-83
-26
30
86
137
185
228
266
300
329
354
373
387
394
391
378
351
308
248
170
73
-40
-170
-314
-468
-628
-789
-946
-1094
-1228
-1344
-1438
-1505
-1545
-1553
-1530
-1474
-1388
-1271
-1128
-962
-777
-579
-372
-161
47
251
445
627
796
952
1095
1227
1350
1469
1585
1704
1827
1957
2096
2242
2395
2552
2710
2862
3004
3129
3231
3303
3341
3339
3295
3206
3074
2897
2680
2426
2140
1828
1495
1149
795
440
88
-254
-586
-905
-1207
-1493
-1763
-2015
-2251
-2469
-2670
-2851
-3012
-3152
-3267
-3357
-3420
-3456
-3465
-3447
-3403
-3335
-3244
-3135
-3008
-2869
-2718
-2560
-2397
-2230
-2063
-1896
-1731
-1568
-1409
-1254
-1103
-958
-819
-688
-564
-449
-344
-249
-165
-91
-27
26
72
113
149
183
218
257
302
356
419
494
581
680
788
904
1026
1149
1270
1385
1490
1582
1658
1716
1755
1774
1774
1757
1726
1682
1630
1573
1515
1459
1409
1366
1332
1309
1295
1289
1290
1294
1298
1299
1293
1275
1243
1194
1126
1038
932
809
672
525
373
222
79
-51
-162
-249
-309
-339
-338
-308
-252
-174
-80
22
127
227
314
384
431
451
442
405
341
251
142
16
-117
-253
-385
-506
-610
-693
-752
-786
-794
-781
-750
-707
-660
-615
-578
-558
-558
-581
-630
-702
-797
-909
-1034
-1167
-1301
-1431
-1553
-1664
-1760
-1841
-1906
-1954
-1986
-2003
-2004
-1989
-1960
-1914
-1853
-1776
-1683
-1574
-1450
-1311
-1160
-997
-826
-648
-467
-285
-105
68
235
392
538
671
790
894
985
1063
1130
1186
1234
1275
1311
1343
1371
1396
1418
1435
1447
1453
1451
1441
1423
1397
1363
1322
1275
1222
1164
1101
1033
960
881
795
701
600
490
371
246
115
-20
-157
-293
-424
-547
-657
-751
-825
-876
-901
-898
-866
-805
-716
-601
-463
-307
-135
46
233
423
610
793
967
1132
1286
1426
1554
1667
1765
1847
1912
1959
1985
1990
1973
1931
1864
1772
1654
1512
1347
1160
956
737
506
269
29
-208
-441
-664
-875
-1070
-1247
-1403
-1539
-1652
-1744
-1815
-1869
-1906
-1930
-1945
-1954
-1961
-1969
-1979
-1995
-2016
-2043
-2075
-2108
-2139
-2163
-2176
-2172
-2146
-2093
-2010
-1893
-1743
-1561
-1350
-1115
-862
-599
-334
-75
170
395
595
767
908
1018
1100
1156
1189
1207
1213
1212
1211
1213
1221
1238
1263
1297
1336
1380
1422
1461
1491
1508
1510
1495
1461
1408
1339
1257
1164
1066
968
872
785
708
645
597
562
541
529
526
526
526
522
512
491
458
413
355
284
203
114
21
-74
-167
-256
-337
-409
-469
-519
-558
-589
-612
-632
-652
-675
-704
-742
-791
-853
-929
-1017
-1116
-1224
-1337
-1450
-1561
-1663
-1752
-1824
-1876
-1904
-1907
-1883
-1833
-1758
-1660
-1542
-1407
-1260
-1105
-947
-790
-637
-491
-355
-230
-117
-17
69
143
205
253
289
313
325
328
321
308
291
273
256
243
237
241
256
286
330
390
466
556
659
774
897
1024
1152
1277
1394
1500
1591
1664
1717
1748
1757
1743
1707
1650
1573
1480
1373
1254
1125
991
854
718
585
458
341
235
143
66
5
-40
-71
-89
-96
-95
-87
-77
-67
-60
-59
-66
-84
-113
-156
-213
-284
-368
-465
-570
-682
-796
-908
-1013
-1106
-1184
-1242
-1279
-1294
-1286
-1257
-1211
-1149
-1077
-997
-915
-833
-755
-684
-621
-566
-521
-483
-453
-427
-404
-380
-352
-317
-274
-220
-154
-75
13
113
218
328
436
541
636
719
786
835
864
873
863
834
789
731
664
593
521
453
393
344
309
288
282
290
311
342
379
419
459
495
523
540
546
538
515
480
431
373
307
236
163
92
24
-36
-89
-135
-172
-202
-225
-245
-263
-281
-301
-325
-353
-387
-426
-469
-515
-561
-606
-646
-680
-704
-717
-717
-703
-675
-634
-581
-519
-451
-379
-309
-244
-187
-143
-112
-97
-98
-114
-143
-182
-227
-275
-319
-356
-380
-389
-378
-345
-290
-211
-111
7
142
289
442
597
747
889
1016
1126
1215
1280
1320
1335
1325
1290
1233
1155
1060
951
830
702
569
435
301
172
48
-69
-179
-282
-378
-467
-551
-630
-706
-780
-851
-921
-988
-1052
-1111
-1164
-1207
-1239
-1258
-1261
-1248
-1217
-1169
-1103
-1023
-929
-825
-714
-598
-482
-367
-257
-151
-52
39
126
206
283
356
426
494
561
626
689
748
804
855
899
936
965
987
1003
1014
1021
1027
1035
1047
1065
1090
1125
1168
1220
1279
1343
1409
1473
1533
1585
1624
1648
1653
1638
1599
1537
1450
1339
1205
1051
878
691
492
285
76
-132
-334
-527
-708
-872
-1018
-1144
-1251
-1338
-1406
-1457
-1494
-1518
-1533
-1543
-1549
-1554
-1560
-1569
-1581
-1597
-1616
-1637
-1659
-1681
-1700
-1715
-1723
-1724
-1714
-1693
-1660
-1613
-1553
-1478
-1390
-1287
-1170
-1039
-895
-738
-567
-384
-189
15
228
447
668
889
1104
1310
1502
1676
1827
1954
2053
2123
2165
2178
2165
2128
2069
1991
1897
1787
1665
1531
1385
1229
1062
886
702
510
315
117
-78
-269
-451
-622
-777
-913
-1029
-1123
-1193
-1239
-1263
-1265
-1247
-1212
-1162
-1100
-1028
-951
-869
-785
-700
-617
-536
-459
-386
-320
-261
-211
-171
-144
-131
-133
-151
-185
-235
-301
-380
-471
-571
-677
-786
-894
-999
-1096
-1182
-1254
-1309
-1343
-1355
-1342
-1305
-1242
-1155
-1047
-921
-780
-629
-472
-316
-164
-20
109
225
322
401
461
502
528
542
546
547
549
558
577
610
660
729
817
922
1042
1174
1313
1454
1592
1723
1841
1942
2022
2076
2103
2100
2064
1996
1894
1759
1592
1395
1169
919
648
360
60
-245
-552
-854
-1146
-1423
-1678
-1909
-2112
-2283
-2421
-2525
-2594
-2630
-2634
-2610
-2559
-2486
-2394
-2287
-2168
-2041
-1907
-1767
-1624
-1476
-1322
-1162
-995
-818
-629
-429
-216
9
248
497
754
1016
1278
1536
1785
2018
2232
2422
2584
2716
2815
2883
2921
2930
2915
2879
2828
2766
2698
2630
2565
