-150
-176
-197
-212
-220
-222
-218
-207
-190
-167
-138
-105
-67
-26
17
62
108
153
196
235
270
298
319
332
336
330
315
291
259
219
174
125
74
23
-25
-70
-109
-142
-166
-182
-189
-187
-177
-161
-138
-111
-82
-51
-20
8
34
56
73
86
94
97
97
95
90
84
79
74
72
71
73
77
83
90
98
106
114
121
127
132
134
135
135
133
129
124
117
109
100
90
78
65
52
38
24
11
-1
-13
-23
-31
-37
-40
-40
-37
-31
-23
-13
-3
7
18
28
35
40
43
42
37
28
16
0
-18
-39
-63
-88
-113
-139
-165
-189
-212
-233
-252
-269
-283
-294
-302
-307
-309
-308
-304
-297
-287
-275
-261
-245
-227
-207
-185
-162
-138
-113
-88
-63
-38
-15
5
24
41
55
67
76
84
89
92
94
94
93
91
88
84
79
74
67
61
54
47
40
33
25
16
7
-2
-14
-27
-41
-56
-72
-88
-104
-119
-132
-143
-151
-155
-156
-153
-145
-134
-119
-101
-81
-60
-37
-15
5
24
42
57
69
79
86
91
93
93
91
88
82
75
67
57
47
36
24
12
0
-12
-24
-35
-45
-54
-60
-64
-66
-65
-61
-56
-48
-38
-28
-17
-7
2
10
17
22
25
26
25
23
19
15
12
9
8
10
15
24
37
53
72
94
117
140
163
182
199
211
218
221
218
210
198
183
166
146
126
106
87
69
52
37
23
11
0
-9
-18
-28
-38
-48
-59
-70
-81
-92
-103
-114
-123
-130
-136
-139
-140
-138
-135
-128
-120
-111
-100
-88
-75
-62
-49
-35
-23
-10
0
11
21
29
36
42
47
49
51
52
51
50
48
45
42
39
35
30
25
19
11
2
-6
-17
-28
-39
-51
-61
-71
-78
-84
-87
-87
-83
-75
-64
-49
-29
-7
17
44
72
100
125
148
166
179
187
189
185
176
161
143
121
98
73
48
23
0
-21
-41
-58
-73
-86
-96
-104
-110
-115
-119
-121
-123
-124
-124
-123
-121
-117
-112
-104
-93
-79
-62
-43
-20
4
31
58
86
113
137
158
174
185
189
187
178
162
141
114
83
49
14
-21
-57
-91
-122
-149
-173
-192
-208
-218
-225
-229
-228
-225
-220
-211
-201
-188
-172
-154
-132
-108
-81
-50
-17
17
53
90
127
163
197
227
254
277
294
305
310
310
304
293
278
259
239
219
200
183
170
161
158
161
170
184
202
223
244
265
283
295
300
296
281
254
215
165
103
32
-46
-132
-220
-310
-398
-481
-557
-625
-681
-725
-755
-771
-774
-763
-740
-705
-660
-607
-547
-483
-417
-350
-284
-222
-164
-112
-67
-30
-1
18
30
34
31
23
10
-4
-20
-36
-49
-58
-63
-63
-57
-46
-29
-8
16
43
72
101
131
159
186
211
235
258
279
300
320
340
360
380
400
419
436
451
463
470
472
467
456
437
412
380
342
301
257
213
169
129
93
63
39
22
11
6
6
8
12
15
16
13
6
-5
-23
-46
-72
-101
-131
-159
-184
-204
-218
-223
-219
-207
-186
-158
-124
-86
-45
-5
33
66
94
114
126
130
125
112
94
71
44
17
-9
-34
-56
-74
-88
-98
-104
-106
-106
-104
-101
-99
-98
-98
-101
-105
-111
-118
-126
-134
-141
-147
-151
-153
-153
-150
-146
-139
-132
-124
-116
-109
-103
-99
-98
-99
-103
-110
-119
-130
-143
-156
-168
-179
-188
-195
-199
-199
-197
-193
-186
-179
-171
-164
-158
-155
-155
-158
-165
-176
-190
-207
-224
-241
-256
-266
-269
-263
-246
-217
-175
-118
-48
35
131
237
349
467
585
701
811
912
1001
1075
1131
1169
1186
1183
1160
1117
1056
979
887
784
672
553
430
305
182
61
-54
-163
-264
-356
-438
-509
-569
-619
-658
-688
-710
-725
-734
-737
-737
-733
-727
-718
-706
-691
-673
-649
-621
-586
-546
-498
-445
-386
-323
-258
-192
-128
-68
-14
31
67
93
108
111
103
85
60
28
-8
-46
-85
-121
-152
-177
-194
-202
-200
-188
-167
-138
-101
-59
-14
33
80
124
165
201
232
256
274
287
294
297
298
296
295
294
294
298
303
312
323
336
349
363
375
384
390
391
386
377
361
340
315
285
253
219
184
150
117
85
56
29
3
-20
-44
-67
-91
-116
-141
-167
-192
-217
-239
-260
-276
-288
-296
-298
-295
-287
-275
-259
-241
-220
-198
-176
-155
-135
-116
-98
-82
-66
-50
-34
-17
1
21
43
67
93
120
147
175
203
230
256
280
302
321
338
351
360
365
365
360
350
334
312
285
253
216
175
132
86
40
-5
-50
-93
-133
-169
-201
-228
-251
-268
-280
-288
-290
-287
-280
-268
-251
-230
-203
-173
-137
-98
-54
-8
40
89
137
182
223
258
285
301
307
301
284
255
216
169
115
58
0
-59
-114
-164
-208
-245
-274
-296
-311
-321
-327
-330
-332
-334
-337
-341
-348
-357
-369
-382
-396
-411
-424
-436
-444
-447
-445
-435
-418
-392
-358
-315
-265
-208
-144
-75
-3
70
144
218
288
354
415
468
514
550
576
592
597
593
578
554
522
484
440
392
342
292
244
199
160
126
101
83
74
73
79
91
108
127
147
166
182
193
198
197
188
172
149
118
82
40
-4
-52
-101
-150
-198
-245
-288
-328
-365
-397
-424
-446
-462
-472
-474
-467
-452
-428
-393
-349
-295
-232
-161
-84
-4
77
158
234
303
361
408
440
458
460
448
422
385
339
287
230
173
118
65
18
-23
-58
-86
-108
-124
-135
-141
-144
-143
-142
-139
-137
-136
-136
-138
-141
-148
-156
-166
-177
-190
-203
-216
-229
-241
-251
-259
-263
-265
-261
-253
-240
-221
-197
-167
-131
-91
-48
-1
48
99
151
202
253
302
348
389
425
454
474
485
485
474
451
415
369
312
247
175
99
22
-53
-126
-192
-250
-299
-336
-363
-378
-383
-380
-368
-352
-331
-309
-287
-267
-249
-235
-225
-218
-215
-214
-213
-213
-210
-204
-194
-179
-159
-132
-100
-62
-21
23
69
116
162
205
246
282
312
337
355
366
370
367
358
342
321
295
266
233
198
162
125
90
55
22
-8
-36
-60
-80
-96
-107
-114
-116
-114
-108
-101
-94
-87
-84
-85
-91
-103
-122
-147
-178
-212
-249
-286
-322
-356
-385
-408
-425
-435
-438
-434
-424
-408
-386
-359
-328
-294
-256
-215
-173
-128
-83
-36
9
55
100
143
184
222
257
287
313
335
354
369
380
390
398
405
412
419
427
436
447
459
472
486
500
514
526
537
545
550
551
549
542
531
516
496
472
445
413
379
343
304
265
224
183
143
102
62
23
-16
-56
-97
-140
-184
-230
-277
-326
-375
-424
-471
-515
-554
-588
-615
-634
-644
-646
-639
-622
-598
-567
-529
-486
-440
-392
-344
-300
-259
-225
-199
-181
-174
-178
-190
-212
-241
-275
-312
-349
-384
-415
-439
-455
-462
-459
-446
-423
-390
-349
-300
-244
-184
-120
-53
13
81
147
212
274
332
388
439
487
530
570
607
640
671
701
729
756
783
810
838
864
891
915
936
953
964
967
959
939
906
857
793
713
618
510
389
259
123
-14
-151
-284
-408
-523
-624
-710
-780
-833
-870
-890
-896
-887
-867
-837
-799
-756
-710
-662
-615
-570
-529
-493
-462
-436
-415
-399
-386
-376
-367
-359
-351
-343
-332
-321
-308
-294
-279
-263
-248
-233
-218
-204
-190
-176
-161
-145
-126
-105
-80
-50
-17
20
63
109
159
212
267
324
381
437
492
543
590
631
664
688
701
702
690
664
624
569
501
420
329
231
128
24
-76
-170
-255
-326
-382
-422
-444
-450
-440
-417
-382
-339
-291
-241
-192
-146
-107
-75
-53
-40
-36
-41
-53
-70
-90
-109
-126
-137
-141
-135
-117
-88
-47
5
68
139
216
295
374
449
518
576
622
654
670
670
653
621
574
515
446
369
286
201
115
32
-46
-119
-184
-241
-289
-327
-356
-378
-392
-400
-404
-404
-402
-398
-393
-388
-380
-372
-360
-346
-328
-306
-280
-248
-213
-173
-129
-83
-34
14
64
112
157
199
236
267
292
310
321
326
324
316
303
286
265
240
213
183
151
118
84
49
16
-16
-47
-76
-101
-123
-141
-154
-164
-169
-170
-167
-161
-151
-139
-125
-109
-91
-73
-55
-37
-19
-1
15
30
45
59
72
83
93
102
109
115
120
124
127
129
131
133
135
138
141
145
150
155
161
167
173
179
184
187
188
187
183
176
166
151
133
111
85
55
21
-15
-56
-100
-148
-198
-252
-309
-367
-427
-487
-547
-604
-658
-707
-748
-781
-803
-813
-810
-791
-756
-704
-635
-551
-452
-341
-219
-91
41
173
302
424
535
633
715
780
827
855
863
854
828
788
735
671
600
524
446
368
293
222
156
98
47
4
-30
-58
-78
-92
-101
-105
-105
-104
-100
-97
-93
-90
-89
-89
-90
-93
-98
-104
-112
-120
-128
-138
-147
-156
-166
-175
-183
-191
-198
-205
-212
-218
-225
-231
-238
-245
-252
-260
-266
-272
-277
-279
-279
-276
-269
-259
-244
-226
-204
-180
-154
-127
-100
-73
-48
-25
-5
11
24
35
43
49
54
57
60
64
68
73
79
85
93
100
106
112
116
119
119
117
113
107
99
90
82
74
69
67
70
79
95
119
151
191
237
288
341
395
446
491
528
554
567
565
549
517
472
413
344
266
183
97
11
-70
-147
-216
-276
-326
-365
-392
-408
-414
-410
-397
-378
-353
-323
-290
-256
-220
-185
-150
-116
-84
-52
-23
4
31
56
79
101
120
138
154
167
177
184
188
188
185
179
169
157
143
128
112
96
81
68
57
48
42
40
40
44
49
57
66
75
85
93
100
104
104
100
91
77
57
31
1
-32
-70
-109
-150
-190
-228
-265
-298
-327
-352
-372
-387
-397
-401
-399
-391
-377
-357
-332
-303
-271
-235
-198
-161
-124
-88
-55
-25
2
27
50
72
92
113
135
159
185
214
247
282
319
358
397
435
470
500
524
540
546
543
529
504
469
424
372
313
250
185
121
60
4
-44
-86
-118
-142
-158
-165
-166
-161
-153
-142
-131
-121
-113
-108
-108
-111
-118
-128
-140
-152
-164
-174
-182
-187
-188
-186
-181
-174
-165
-157
-150
-145
-143
-144
-149
-156
-166
-178
-191
-203
-213
-221
-225
-224
-220
-211
-198
-182
-164
-145
-125
-107
-91
-78
-68
-61
-57
-55
-54
-52
-48
-40
-28
-10
14
44
80
121
164
208
252
292
327
356
376
388
391
384
368
345
314
278
238
196
154
113
75
42
15
-5
-18
-24
-22
-15
-2
13
31
50
68
82
92
96
94
85
70
49
23
-5
-35
-65
-93
-117
-134
-144
-147
-140
-126
-103
-75
-43
-8
26
58
84
104
115
116
107
87
57
18
-28
