384
417
459
506
558
611
662
709
747
776
792
795
784
760
723
676
621
559
494
429
365
304
248
198
154
118
90
68
53
44
41
41
45
50
56
60
61
58
50
37
16
-10
-44
-84
-129
-180
-233
-288
-342
-394
-442
-483
-518
-545
-563
-573
-575
-571
-562
-550
-536
-521
-507
-493
-480
-467
-453
-437
-417
-392
-362
-325
-281
-230
-172
-107
-37
37
114
192
269
344
414
477
532
578
614
639
655
661
658
647
630
608
583
554
524
491
457
420
379
333
283
226
163
94
21
-54
-131
-205
-274
-335
-387
-427
-454
-468
-470
-460
-439
-411
-376
-339
-300
-262
-228
-198
-173
-153
-140
-131
-128
-128
-131
-137
-143
-151
-158
-166
-174
-183
-194
-206
-221
-239
-261
-286
-314
-344
-376
-407
-437
-464
-485
-497
-499
-489
-465
-425
-369
-298
-214
-117
-13
93
199
299
388
461
515
546
554
538
500
441
365
276
179
80
-15
-102
-175
-228
-257
-259
-232
-175
-88
25
163
321
492
670
847
1017
1171
1304
1408
1480
1516
1515
1475
1398
1288
1148
983
798
601
397
192
-8
-200
-381
-547
-696
-827
-940
-1035
-1112
-1171
-1214
-1240
-1251
-1249
-1232
-1204
-1165
-1115
-1058
-992
-921
-846
-769
-691
-614
-539
-469
-404
-344
-291
-242
-199
-159
-122
-85
-49
-11
27
67
109
152
195
236
274
309
338
362
380
392
398
399
395
389
381
373
364
357
350
344
337
329
319
305
287
263
234
199
158
114
67
19
-27
-73
-114
-151
-182
-206
-224
-237
-244
-246
-245
-242
-238
-233
-228
-224
-221
-219
-218
-217
-217
-215
-212
-207
-200
-191
-180
-167
-154
-143
-134
-130
-133
-142
-159
-184
-215
-252
-291
-330
-365
-393
-410
-413
-399
-365
-311
-235
-138
-20
115
267
431
604
782
959
1131
1294
1444
1576
1687
1775
1836
1868
1870
1841
1782
1691
1571
1423
1249
1053
837
605
363
114
-134
-379
-615
-836
-1038
-1217
-1368
-1491
-1583
-1644
-1675
-1676
-1650
-1600
-1529
-1440
-1338
-1227
-1109
-990
-872
-759
-654
-559
-477
-407
-351
-309
-279
-261
-252
-252
-256
-263
-271
-278
-280
-278
-270
-254
-231
-199
-160
-114
-62
-5
56
121
189
258
328
398
468
536
602
665
724
776
822
859
886
902
906
898
879
848
806
755
697
633
565
495
424
355
289
229
176
132
98
78
71
81
107
150
210
286
376
477
587
700
812
917
1011
1088
1144
1175
1178
1151
1095
1010
896
758
599
423
235
40
-156
-349
-533
-704
-859
-994
-1109
-1202
-1273
-1325
-1358
-1376
-1383
-1380
-1371
-1359
-1346
-1333
-1320
-1309
-1298
-1285
-1270
-1249
-1220
-1182
-1132
-1068
-989
-894
-782
-655
-511
-354
-184
-5
181
371
561
747
925
1090
1239
1367
1472
1552
1604
1628
1627
1600
1551
1483
1400
1305
1203
1097
988
881
775
672
572
473
374
275
173
69
-39
-151
-268
-387
-508
-627
-744
-854
-955
-1044
-1118
-1176
-1215
-1235
-1235
-1215
-1176
-1118
-1045
-958
-858
-750
-636
-519
-402
-289
-181
-83
3
78
138
185
218
239
249
251
246
238
227
217
209
205
204
209
220
235
256
281
311
342
374
406
434
457
473
478
471
450
413
361
293
209
112
3
-113
-235
-359
-480
-595
-698
-788
-860
-912
-944
-955
-945
-916
-871
-812
-743
-668
-590
-513
-438
-369
-306
-251
-203
-163
-129
-100
-75
-53
-31
-10
12
36
64
94
127
163
200
239
277
313
347
377
402
421
433
438
434
423
403
377
344
306
266
225
186
152
126
109
104
112
134
169
215
271
332
396
459
515
561
594
610
609
589
551
497
430
355
275
196
124
61
14
-16
-27
-19
6
47
99
159
220
279
329
368
393
400
389
360
315
255
182
100
13
-76
-165
-251
-331
-403
-466
-520
-562
-595
-619
-633
-640
-640
-633
-620
-602
-579
-550
-518
-482
-442
-400
-356
-313
-270
-229
-192
-157
-127
-100
-76
-53
-32
-9
16
46
80
121
168
221
279
341
405
469
529
582
625
654
668
664
642
601
544
472
390
301
212
125
47
-17
-67
-99
-111
-106
-82
-44
5
62
123
183
237
284
318
340
348
341
321
289
247
198
142
84
24
-36
-95
-153
-208
-261
-311
-358
-400
-439
-472
-499
-519
-531
-533
-526
-509
-481
-443
-397
-342
-280
-215
-147
-79
-14
46
100
146
182
208
225
231
228
216
197
170
137
98
55
6
-47
-105
-167
-232
-300
-368
-435
-499
-557
-608
-648
-674
-687
-683
-662
-624
-571
-503
-424
-336
-241
-143
-46
48
139
222
299
367
427
479
523
559
587
608
620
624
617
601
574
537
489
431
364
291
212
129
45
-38
-120
-198
-270
-335
-394
-445
-488
-525
-554
-578
-597
-611
-619
-623
-620
-609
-589
-559
-516
-460
-390
-305
-207
-97
21
148
278
408
533
651
757
849
924
980
1017
1033
1030
1007
968
913
846
769
684
595
504
413
324
239
159
85
19
-38
-88
-128
-158
-178
-189
-190
-183
-170
-152
-134
-118
-107
-106
-117
-143
-185
-243
-316
-402
-498
-598
-697
-790
-871
-935
-978
-995
-986
-950
-889
-804
-700
-581
-452
-319
-187
-59
58
165
257
335
398
446
481
503
515
518
512
500
481
456
425
388
343
292
235
171
103
32
-37
-104
-164
-213
-246
-261
-254
-224
-168
-88
13
134
269
412
558
697
824
932
1016
1072
1098
1092
1056
993
907
804
688
565
443
325
215
118
36
-31
-84
-123
-151
-168
-179
-184
-185
-185
-185
-185
-185
-186
-188
-190
-194
-198
-204
-212
-221
-234
-249
-268
-291
-317
-348
-383
-422
-465
-511
-560
-612
-664
-717
-769
-818
-863
-902
-934
-957
-969
-969
-956
-928
-885
-827
-753
-663
-559
-442
-314
-178
-38
102
240
372
493
601
693
768
824
860
879
880
865
838
801
756
708
658
610
566
527
493
466
443
425
410
395
379
361
338
310
276
236
192
144
93
43
-4
-47
-83
-110
-127
-132
-126
-109
-83
-48
-7
36
81
125
165
200
230
253
270
283
292
297
302
306
311
316
323
332
340
349
357
363
365
361
350
330
299
255
198
126
40
-59
-170
-291
-419
-549
-678
-802
-916
-1016
-1099
-1162
-1202
-1219
-1212
-1181
-1129
-1059
-972
-874
-769
-660
-553
-451
-358
-277
-210
-158
-123
-104
-101
-113
-136
-171
-213
-261
-310
-359
-406
-447
-483
-512
-535
-553
-568
-581
-595
-611
-630
-654
-680
-708
-735
-757
-772
-775
-763
-734
-685
-615
-524
-413
-285
-140
16
182
354
527
699
865
1024
1172
1308
1430
1535
1625
1698
1753
1792
1815
1822
1813
1790
1752
1701
1636
1557
1466
1361
1244
1114
972
820
660
493
323
152
-15
-176
-327
-465
-587
-691
-778
-846
-898
-935
-959
-974
-983
-988
-992
-996
-1002
-1009
-1017
-1024
-1026
-1023
-1011
-986
-947
-892
-819
-730
-624
-506
-377
-242
-105
27
152
265
362
441
500
539
559
562
549
525
493
456
416
378
343
312
286
266
249
237
225
214
201
185
163
135
100
58
10
-41
-97
-153
-208
-258
-302
-336
-358
-366
-359
-334
-290
-228
-147
-49
64
192
330
473
618
759
891
1009
1107
1183
1232
1253
1245
1208
1143
1054
944
819
683
544
405
273
152
46
-40
-107
-154
-180
-188
-181
-161
-132
-99
-67
-38
-16
-4
-5
-18
-45
-84
-136
-198
-268
-343
-421
-499
-575
-644
-705
-756
-795
-820
-831
-827
-809
-778
-735
-681
-619
-552
-482
-411
-342
-278
-220
-170
-128
-96
-71
-55
-46
-42
-42
-45
-49
-53
-56
-58
-58
-55
-50
-43
-33
-21
-8
4
15
24
30
29
22
7
-15
-47
-86
-132
-183
-236
-290
-340
-386
-425
-455
-474
-482
-480
-467
-443
-411
-370
-322
-268
-209
-144
-74
0
78
160
246
332
419
502
579
648
704
746
771
777
765
733
683
619
542
457
367
277
190
109
38
-21
-67
-100
-119
-125
-120
-106
-84
-56
-25
7
40
73
105
138
171
206
244
286
332
382
435
488
539
585
620
642
645
628
586
521
431
319
188
43
-108
-263
-411
-547
-664
-756
-819
-849
-845
-807
-738
-639
-517
-377
-224
-66
91
242
381
502
602
677
724
741
726
680
604
499
368
217
51
-122
-297
-463
-614
-739
-833
-889
-902
-870
-794
-676
-520
-336
-131
82
294
493
670
814
921
985
1006
986
928
838
724
593
455
318
187
68
-34
-118
-185
-234
-270
-295
-313
-328
-345
-366
-394
-429
-472
-521
-575
-632
-688
-741
-786
-823
-847
-858
-854
-835
-802
-753
-693
-621
-541
-456
-368
-280
-195
-117
-46
15
67
109
141
164
178
184
185
179
169
153
132
105
71
30
-19
-78
-145
-222
-306
-397
-491
-585
-676
-759
-830
-883
-915
-922
-901
-851
-770
-662
-528
-373
-202
-22
160
340
509
662
793
898
973
1017
1028
1007
954
873
766
640
499
351
202
59
-69
-179
-264
-320
-346
-340
-302
-236
-145
-33
93
229
369
507
636
753
851
929
983
1011
1014
992
948
884
803
709
607
500
393
288
189
98
16
-54
-113
-161
-197
-224
-241
-251
-254
-254
-251
-247
-245
-245
-249
-259
-275
-297
-326
-361
-402
-446
-493
-540
-586
-629
-667
-698
-721
-737
-744
-742
-733
-715
-690
-657
-616
-566
-508
-439
-360
-270
-169
-56
64
192
322
451
573
681
768
828
856
846
796
705
574
408
214
1
-219
-437
-639
-813
-949
-1038
-1076
-1058
-985
-860
-691
-483
-247
6
269
532
785
1024
1242
1437
1606
1751
1871
1969
2046
2104
2145
2171
2183
2183
2172
2148
2113
2067
2008
1938
1855
1761
1654
1536
1409
1272
1128
980
829
677
527
381
239
104
-23
-143
-254
-356
-450
-536
-615
-687
-756
-823
-890
-959
-1034
-1114
-1201
-1295
-1395
-1498
-1602
-1704
-1799
-1884
-1956
-2010
-2047
-2065
-2065
-2048
-2020
-1982
-1940
-1899
-1860
-1829
-1806
-1792
-1785
-1783
-1782
-1778
-1767
-1743
-1704
-1646
-1567
-1466
-1345
-1206
-1050
-883
-709
-533
-358
-189
-30
115
247
362
461
544
612
665
706
737
761
778
792
804
816
829
844
862
882
905
930
956
983
1011
1037
1062
1086
1108
1127
1144
1158
1169
1175
1177
1175
1166
1152
1131
1105
1073
1035
994
950
904
859
815
774
736
702
673
647
624
602
579
554
523
485
436
375
300
210
104
-16
-151
-298
-454
-615
-777
-937
-1088
-1229
-1354
-1461
-1549
-1615
-1661
-1685
-1690
-1677
-1646
-1600
-1540
-1467
-1381
-1284
-1176
-1058
-931
-797
-658
-516
-373
-233
-99
26
141
244
333
409
471
521
560
590
611
627
637
644
647
648
646
641
632
618
597
571
536
494
445
390
330
267
204
144
89
41
3
-23
-38
-42
-34
-17
7
37
70
103
132
154
166
164
146
111
57
-13
-101
-201
-312
-427
-542
-651
-749
-832
-894
-933
-946
-933
-892
-824
-732
-617
-483
-333
-171
-1
