67
60
48
31
11
-11
-34
-57
-77
-93
-105
-111
-112
-106
-95
-79
-60
-38
-14
8
31
51
69
83
95
102
107
109
109
107
104
100
95
89
83
77
70
62
53
44
35
25
14
4
-6
-17
-28
-39
-50
-61
-72
-82
-92
-101
-108
-114
-118
-119
-119
-117
-113
-108
-102
-97
-92
-89
-88
-90
-94
-101
-110
-121
-131
-142
-150
-155
-156
-152
-141
-125
-102
-73
-39
-1
39
81
124
164
202
236
264
287
303
313
316
314
307
296
281
264
246
226
206
186
167
148
130
113
96
81
65
50
35
20
5
-8
-23
-38
-52
-66
-79
-92
-103
-112
-120
-127
-131
-133
-134
-132
-129
-123
-116
-107
-97
-85
-72
-58
-45
-32
-21
-12
-5
-1
0
-4
-11
-21
-35
-52
-72
-93
-115
-137
-159
-178
-195
-208
-217
-220
-217
-210
-196
-178
-156
-130
-103
-75
-49
-24
-1
16
31
43
51
56
60
62
65
70
76
84
95
107
122
137
152
166
179
188
194
196
195
189
181
170
156
142
128
115
104
96
91
89
90
95
102
111
121
131
140
146
150
150
147
140
129
115
99
79
58
36
12
-11
-35
-60
-84
-108
-130
-152
-172
-191
-208
-224
-238
-250
-259
-267
-274
-278
-280
-281
-280
-277
-273
-267
-260
-252
-242
-232
-219
-206
-190
-173
-154
-132
-108
-81
-52
-21
12
47
83
120
157
193
228
260
289
314
335
349
358
361
356
345
326
302
271
236
197
155
112
69
28
-9
-43
-71
-94
-112
-123
-128
-129
-127
-121
-114
-107
-101
-97
-95
-95
-98
-103
-110
-117
-125
-132
-138
-141
-143
-142
-140
-136
-131
-126
-120
-115
-112
-109
-108
-107
-107
-107
-105
-101
-94
-83
-67
-45
-18
14
52
96
144
196
249
303
355
405
449
487
516
535
543
539
523
495
457
410
355
294
230
165
100
38
-19
-71
-116
-154
-184
-206
-221
-228
-229
-224
-213
-198
-180
-159
-136
-113
-90
-69
-51
-38
-30
-29
-35
-48
-69
-97
-132
-171
-213
-257
-300
-340
-377
-407
-430
-445
-452
-449
-438
-418
-391
-358
-320
-278
-233
-188
-142
-97
-54
-12
26
64
99
134
166
198
229
258
287
314
339
363
383
400
413
422
425
424
417
404
386
362
334
301
264
225
183
141
99
58
19
-16
-47
-74
-95
-111
-122
-127
-127
-122
-113
-102
-88
-73
-57
-42
-29
-17
-9
-3
0
-1
-5
-12
-22
-35
-50
-66
-84
-104
-123
-143
-162
-181
-199
-214
-228
-239
-246
-248
-246
-238
-225
-205
-180
-150
-114
-75
-34
7
49
90
128
161
190
214
232
243
250
251
247
240
229
216
202
186
170
154
137
121
105
89
73
57
41
26
11
-2
-15
-28
-39
-50
-60
-70
-79
-89
-99
-109
-121
-133
-147
-162
-178
-195
-212
-230
-247
-264
-279
-293
-305
-314
-320
-321
-319
-312
-300
-282
-259
-231
-198
-161
-119
-75
-28
20
70
120
171
220
269
316
362
406
446
484
517
545
566
581
587
583
570
547
514
471
419
359
292
220
145
69
-6
-79
-148
-210
-265
-311
-348
-374
-391
-398
-395
-385
-367
-343
-314
-281
-246
-209
-172
-134
-97
-61
-27
4
34
61
86
107
125
140
151
159
163
163
160
153
142
128
111
92
71
48
25
1
-20
-42
-62
-79
-94
-106
-115
-121
-124
-123
-120
-114
-106
-96
-84
-72
-60
-49
-38
-29
-22
-16
-11
-7
-4
-1
2
7
13
21
30
41
53
65
77
88
99
107
112
115
115
110
102
90
75
56
33
8
-19
-48
-78
-107
-136
-163
-186
-205
-220
-230
-234
-233
-227
-217
-204
-188
-170
-152
-135
-119
-105
-93
-83
-74
-67
-60
-52
-44
-34
-22
-8
8
28
49
72
96
120
142
163
181
195
206
213
216
216
213
207
199
190
179
167
153
139
122
104
84
62
36
9
-20
-53
-87
-122
-158
-194
-228
-259
-288
-312
-332
-345
-353
-353
-346
-332
-311
-283
-249
-210
-165
-118
-67
-16
34
83
128
169
202
228
244
251
249
236
216
187
153
116
77
39
4
-24
-46
-60
-65
-61
-49
-29
-4
25
56
86
115
140
160
174
181
183
179
170
158
143
127
113
99
89
82
79
80
85
92
101
111
121
130
138
143
145
144
140
133
123
111
98
83
67
51
35
19
2
-13
-29
-46
-63
-80
-99
-118
-139
-160
-181
-202
-221
-239
-253
-263
-268
-266
-258
-243
-220
-189
-152
-109
-61
-9
43
96
147
194
236
270
295
310
315
310
294
269
235
194
147
97
44
-7
-56
-102
-141
-173
-197
-211
-216
-211
-198
-176
-149
-116
-81
-45
-10
21
49
72
88
99
104
104
100
93
85
76
67
60
54
50
48
47
47
48
48
47
44
41
35
28
19
9
0
-11
-21
-30
-39
-46
-52
-57
-62
-65
-69
-72
-74
-77
-78
-79
-79
-78
-74
-68
-59
-47
-31
-12
9
34
62
91
121
149
175
198
216
229
235
233
224
208
185
156
122
83
41
-2
-46
-89
-131
-169
-205
-236
-263
-286
-304
-317
-326
-330
-330
-326
-317
-304
-288
-268
-245
-220
-192
-164
-135
-106
-78
-52
-28
-6
11
26
37
43
46
45
39
31
20
6
-7
-21
-34
-46
-56
-63
-67
-69
-68
-64
-58
-51
-42
-31
-20
-8
3
16
29
42
55
68
81
93
104
114
123
130
135
138
137
133
126
116
103
87
70
51
31
12
-4
-20
-33
-43
-50
-53
-53
-49
-42
-33
-21
-8
5
21
36
51
66
80
92
103
112
120
126
130
133
136
137
137
137
136
133
130
125
119
112
104
94
84
73
62
50
38
26
14
2
-9
-22
-34
-47
-60
-73
-86
-98
-111
-124
-137
-150
-164
-179
-194
-211
-229
-247
-266
-285
-304
-321
-336
-349
-358
-363
-363
-359
-350
-335
-314
-289
-258
-223
-185
-143
-98
-52
-5
41
87
131
172
210
245
275
300
321
336
348
355
358
358
356
353
350
347
345
345
348
352
359
369
379
390
402
413
422
429
433
434
431
425
413
397
377
353
324
292
256
218
177
135
92
49
5
-36
-78
-118
-156
-193
-228
-260
-291
-320
-347
-371
-394
-414
-430
-443
-452
-455
-451
-441
-423
-396
-361
-319
-270
-215
-157
-97
-38
16
64
103
131
144
142
123
88
37
-27
-104
-190
-281
-373
-464
-549
-625
-691
-743
-781
-803
-810
-802
-779
-743
-695
-637
-570
-496
-417
-334
-248
-161
-73
14
101
188
273
357
440
521
599
675
747
815
876
930
975
1010
1033
1043
1039
1021
989
942
881
808
723
630
529
424
318
212
109
12
-77
-158
-229
-288
-337
-375
-403
-421
-431
-433
-428
-418
-404
-386
-365
-343
-319
-295
-270
-246
-224
-203
-185
-170
-160
-154
-153
-157
-167
-181
-199
-220
-243
-267
-290
-311
-330
-345
-355
-360
-360
-354
-344
-329
-309
-287
-261
-234
-205
-175
-145
-116
-87
-59
-32
-7
17
40
61
80
97
112
125
136
144
150
155
159
163
166
171
177
185
195
207
221
237
254
272
290
307
324
339
352
362
369
374
375
372
366
356
342
325
304
280
254
224
193
159
125
89
54
18
-15
-47
-76
-101
-122
-139
-149
-154
-154
-147
-135
-118
-96
-71
-43
-12
19
51
82
113
141
167
191
211
227
241
251
258
262
264
264
263
261
259
258
257
257
258
259
259
257
252
243
230
210
184
151
112
66
14
-41
-101
-164
-228
-291
-352
-408
-459
-503
-538
-563
-579
-583
-577
-561
-536
-503
-464
-421
-375
-328
-282
-239
-200
-166
-138
-116
-102
-94
-93
-97
-104
-114
-126
-136
-145
-151
-153
-151
-145
-135
-121
-105
-88
-70
-51
-33
-16
0
16
31
47
62
78
96
114
133
154
175
196
217
237
255
271
283
292
297
299
296
290
282
271
259
247
234
223
212
202
192
183
174
164
153
141
126
110
91
70
48
25
1
-22
-44
-66
-85
-103
-118
-132
-143
-154
-163
-172
-181
-191
-201
-211
-222
-233
-243
-253
-261
-267
-270
-271
-269
-264
-256
-245
-233
-220
-206
-193
-182
-172
-165
-161
-159
-160
-162
-166
-170
-174
-177
-178
-178
-175
-169
-161
-149
-135
-119
-100
-78
-55
-31
-5
21
48
75
100
125
147
168
185
199
210
218
222
222
219
213
205
195
183
171
158
146
134
123
112
103
94
86
78
70
62
53
44
34
23
11
0
-12
-24
-34
-41
-46
-46
-42
-33
-18
0
24
52
83
116
150
183
214
243
269
289
305
314
318
316
307
294
275
252
226
196
165
133
99
66
33
0
-30
-60
-89
-116
-141
-164
-185
-204
-221
-237
-250
-263
-274
-284
-292
-298
-303
-306
-306
-303
-298
-289
-276
-260
-241
-219
-195
-169
-141
-112
-83
-53
-24
3
31
58
85
110
135
160
184
207
229
251
272
290
307
322
333
341
345
346
342
333
320
302
280
253
223
189
153
115
77
40
4
-28
-58
-84
-106
-123
-136
-144
-149
-151
-149
-145
-140
-133
-126
-119
-112
-105
-98
-92
-86
-80
-73
-65
-57
-47
-36
-24
-11
1
14
27
38
48
55
60
61
59
54
45
32
17
-1
-22
-46
-71
-97
-123
-149
-174
-197
-217
-234
-247
-255
-258
-256
-247
-234
-215
-191
-163
-132
-99
-65
-32
-1
27
53
75
93
107
118
125
130
133
135
135
134
131
128
124
118
112
103
93
81
68
54
39
24
9
-4
-17
-29
-39
-47
-53
-59
-63
-67
-72
-77
-82
-88
-94
-100
-104
-107
-108
-106
-100
-91
-78
-62
-44
-23
-1
21
44
67
90
112
133
153
172
191
209
227
244
260
274
287
297
304
307
305
297
284
264
238
207
170
128
84
37
-10
-58
-103
-146
-185
-219
-249
-272
-290
-302
-309
-311
-308
-302
-293
-281
-267
-252
-236
-219
-202
-185
-168
-151
-135
-120
-105
-92
-81
-70
-62
-54
-48
-42
-36
-29
-21
-12
-1
11
27
46
66
89
114
139
165
192
217
242
266
289
310
329
347
364
379
391
401
407
409
406
397
381
358
329
292
250
203
152
99
46
-4
-52
-96
-135
-168
-196
-217
-234
-246
-254
-261
-265
-270
-274
-279
-285
-292
-299
-306
-312
-317
-320
-319
-315
-306
-293
-276
-255
-231
-204
-175
-146
-117
-90
-65
-43
-25
-12
-3
0
0
-4
-11
-21
-33
-45
-56
-66
-74
-78
-80
-78
-74
-66
-57
-45
-32
-17
-2
13
29
45
62
77
92
106
118
128
135
139
140
136
129
117
101
83
62
40
18
-2
-22
-38
-50
-58
-61
-59
-54
-44
-31
-15
1
20
40
59
77
94
109
123
