-1113
-1108
-1083
-1037
-972
-887
-785
-668
-538
-398
-250
-98
55
208
357
500
632
751
854
937
998
1035
1046
1031
989
922
830
717
585
438
280
117
-47
-209
-363
-504
-629
-735
-819
-880
-917
-931
-924
-898
-856
-802
-738
-668
-597
-526
-457
-394
-337
-286
-243
-207
-179
-157
-141
-132
-128
-128
-131
-137
-143
-148
-150
-147
-136
-116
-86
-43
11
78
155
241
332
425
516
601
676
739
786
815
828
822
800
763
713
652
581
504
422
337
252
170
91
17
-49
-108
-159
-202
-238
-267
-289
-304
-314
-318
-315
-306
-291
-271
-246
-218
-188
-161
-139
-126
-126
-143
-179
-237
-317
-417
-536
-669
-811
-953
-1089
-1210
-1309
-1378
-1413
-1408
-1360
-1269
-1136
-963
-753
-512
-246
38
334
633
931
1218
1490
1741
1966
2161
2322
2448
2537
2586
2596
2566
2497
2389
2246
2068
1859
1625
1369
1098
819
539
266
8
-226
-431
-602
-732
-820
-864
-864
-823
-744
-633
-495
-338
-172
-3
157
304
429
525
589
618
612
571
500
401
280
143
-3
-155
-306
-452
-590
-718
-834
-937
-1027
-1104
-1168
-1221
-1264
-1296
-1320
-1336
-1345
-1348
-1346
-1339
-1330
-1317
-1302
-1285
-1266
-1246
-1223
-1198
-1170
-1138
-1102
-1060
-1012
-955
-890
-814
-726
-625
-510
-383
-242
-90
71
239
411
583
750
910
1056
1188
1300
1391
1460
1507
1530
1532
1515
1480
1430
1369
1297
1218
1132
1041
945
844
738
628
514
396
274
151
28
-94
-212
-326
-432
-528
-613
-685
-743
-784
-807
-811
-797
-764
-713
-646
-565
-472
-370
-263
-155
-48
52
145
227
295
346
379
392
385
358
311
247
167
74
-26
-132
-237
-337
-426
-502
-559
-595
-608
-596
-560
-500
-419
-321
-210
-90
33
154
268
369
455
521
567
590
593
576
542
493
432
362
285
203
118
32
-55
-144
-233
-322
-411
-498
-581
-659
-730
-791
-839
-873
-890
-888
-866
-823
-758
-673
-568
-445
-305
-151
12
184
360
536
709
876
1032
1175
1302
1409
1495
1557
1593
1601
1581
1531
1454
1350
1220
1070
901
720
531
341
156
-18
-176
-313
-425
-509
-564
-589
-587
-559
-509
-441
-360
-271
-179
-89
-5
70
133
182
217
237
241
230
204
164
110
43
-36
-127
-229
-339
-454
-573
-689
-800
-901
-986
-1052
-1095
-1112
-1103
-1067
-1005
-918
-812
-688
-552
-409
-262
-116
24
157
279
390
488
573
644
703
751
787
814
832
842
846
842
833
818
798
773
744
711
676
639
602
565
530
498
468
442
419
398
379
361
342
320
294
264
227
183
131
71
2
-74
-158
-250
-347
-448
-551
-655
-757
-854
-946
-1030
-1104
-1167
-1218
-1256
-1281
-1292
-1290
-1276
-1250
-1212
-1165
-1108
-1043
-971
-893
-812
-729
-646
-565
-489
-420
-361
-313
-277
-254
-244
-245
-256
-275
-299
-327
-355
-381
-404
-422
-433
-437
-431
-417
-392
-358
-313
-257
-192
-115
-28
69
179
300
434
578
734
898
1068
1240
1411
1574
1725
1858
1968
2050
2101
2120
2105
2056
1977
1870
1738
1586
1418
1238
1050
858
663
469
277
87
-98
-280
-458
-630
-796
-954
-1103
-1241
-1365
-1473
-1565
-1638
-1691
-1724
-1737
-1732
-1709
-1670
-1617
-1552
-1477
-1394
-1305
-1209
-1109
-1005
-898
-788
-675
-560
-443
-324
-205
-85
33
150
264
373
476
572
659
736
803
859
904
941
970
992
1011
1027
1043
1059
1078
1098
1122
1148
1176
1206
1238
1269
1302
1334
1366
1399
1430
1462
1492
1520
1545
1565
1578
1580
1568
1540
1490
1418
1320
1195
1041
860
653
423
176
-84
-352
-619
-879
-1125
-1351
-1552
-1723
-1861
-1966
-2037
-2074
-2081
-2060
-2015
-1949
-1868
-1776
-1676
-1572
-1467
-1361
-1257
-1155
-1054
-953
-852
-749
-645
-539
-432
-328
-227
-135
-53
14
66
99
114
113
96
68
34
-1
-33
-57
-68
-63
-40
1
63
143
238
345
460
579
697
808
909
994
1059
1102
1120
1112
1076
1015
931
827
709
581
452
326
211
114
40
-5
-19
0
50
131
237
363
501
641
775
893
989
1054
1084
1076
1029
944
825
675
500
307
102
-107
-315
-517
-708
-885
-1046
-1188
-1313
-1420
-1510
-1583
-1641
-1683
-1710
-1722
-1717
-1696
-1657
-1598
-1521
-1424
-1308
-1175
-1027
-868
-701
-529
-359
-193
-35
109
239
352
447
523
580
619
641
649
643
627
603
573
538
501
461
421
379
336
292
247
199
150
100
49
-1
-50
-95
-136
-170
-195
-212
-219
-216
-204
-183
-154
-120
-81
-39
3
47
92
135
179
223
267
312
359
407
455
502
547
586
616
634
638
623
587
529
447
343
218
75
-81
-247
-415
-580
-733
-870
-983
-1068
-1119
-1135
-1113
-1055
-962
-839
-690
-523
-345
-162
17
186
341
475
586
672
734
772
788
786
768
738
698
652
602
548
493
435
376
315
252
188
124
60
0
-56
-105
-144
-172
-186
-186
-170
-139
-95
-39
25
96
169
242
310
370
419
454
473
474
455
417
359
282
189
81
-36
-159
-283
-402
-510
-603
-675
-724
-747
-744
-716
-664
-592
-507
-412
-314
-220
-134
-61
-5
32
53
56
46
26
2
-21
-40
-48
-42
-19
19
76
147
230
320
413
504
588
660
718
760
783
787
775
746
705
654
595
532
467
403
339
277
216
156
95
32
-32
-101
-176
-255
-339
-428
-519
-612
-704
-795
-881
-960
-1032
-1094
-1145
-1184
-1211
-1225
-1226
-1214
-1189
-1152
-1102
-1040
-966
-880
-781
-671
-550
-420
-282
-138
8
156
300
437
565
679
777
859
921
966
993
1004
1003
991
971
946
919
889
858
826
791
752
707
654
592
520
436
342
237
122
1
-126
-256
-386
-515
-638
-754
-861
-954
-1033
-1095
-1138
-1160
-1160
-1137
-1091
-1021
-928
-814
-681
-531
-367
-193
-13
169
348
522
686
837
971
1088
1185
1263
1321
1360
1382
1389
1384
1368
1345
1317
1285
1251
1215
1179
1141
1102
1059
1013
962
905
842
772
695
611
519
422
318
210
97
-18
-137
-257
-377
-496
-612
-724
-831
-931
-1022
-1103
-1171
-1225
-1262
-1280
-1280
-1259
-1218
-1158
-1079
-986
-881
-770
-658
-551
-456
-376
-319
-286
-280
-301
-348
-418
-504
-602
-703
-799
-882
-944
-977
-976
-937
-856
-734
-574
-380
-158
81
330
578
814
1029
1215
1366
1477
1547
1578
1570
1531
1464
1378
1279
1173
1066
962
864
774
691
614
543
475
409
343
276
208
141
76
14
-40
-86
-122
-146
-156
-155
-141
-118
-89
-55
-22
6
28
39
36
18
-16
-68
-137
-221
-319
-427
-542
-661
-778
-890
-993
-1082
-1155
-1208
-1240
-1249
-1236
-1200
-1142
-1066
-974
-868
-753
-631
-508
-387
-271
-162
-64
21
94
153
200
236
261
277
287
291
291
287
280
270
256
238
214
186
152
113
70
25
-21
-66
-108
-145
-175
-196
-207
-209
-202
-187
-165
-140
-113
-87
-66
-53
-50
-59
-82
-120
-175
-244
-327
-422
-525
-632
-741
-846
-944
-1031
-1104
-1160
-1197
-1214
-1211
-1187
-1142
-1078
-995
-895
-779
-649
-508
-357
-201
-43
113
265
408
539
654
750
827
884
921
938
940
927
904
874
841
809
779
756
740
733
735
746
765
792
824
860
899
941
984
1030
1077
1127
1181
1238
1300
1365
1435
1505
1576
1645
1707
1761
1804
1831
1840
1830
1798
1742
1663
1561
1436
1289
1123
940
742
533
316
96
-125
-342
-553
-753
-941
-1113
-1269
-1408
-1529
-1632
-1717
-1786
-1838
-1874
-1895
-1900
-1891
-1866
-1828
-1776
-1712
-1637
-1553
-1462
-1366
-1268
-1171
-1076
-986
-902
-825
-757
-697
-645
-600
-561
-526
-493
-461
-427
-391
-351
-305
-252
-192
-124
-48
36
129
229
336
448
564
680
796
907
1011
1106
1188
1255
1305
1338
1352
1348
1328
1294
1248
1192
1131
1067
1004
942
884
830
780
734
691
648
603
554
500
438
368
289
201
106
5
-98
-201
-300
-391
-469
-531
-575
-597
-598
-577
-536
-477
-403
-318
-226
-132
-40
44
120
181
227
254
261
248
213
158
84
-6
-111
-227
-350
-475
-599
-718
-827
-924
-1007
-1072
-1121
-1152
-1167
-1168
-1156
-1136
-1108
-1078
-1047
-1018
-993
-973
-956
-944
-934
-923
-909
-888
-858
-814
-756
-682
-592
-488
-372
-249
-123
0
114
216
300
362
400
414
403
372
322
260
191
119
52
-5
-49
-78
-88
-80
-56
-17
31
88
148
207
263
314
358
397
430
461
491
522
557
597
643
693
748
803
857
906
946
974
986
980
955
910
846
764
668
561
447
332
220
115
22
-56
-119
-165
-194
-208
-210
-201
-186
-167
-146
-127
-109
-93
-79
-66
-52
-37
-19
2
28
58
92
127
163
197
227
251
268
276
274
263
242
212
176
136
93
51
11
-23
-52
-73
-86
-90
-85
-74
-56
-33
-7
19
46
72
94
113
127
136
140
139
132
120
104
82
56
26
-7
-46
-88
-133
-180
-228
-276
-323
-368
-408
-442
-469
-488
-499
-501
-495
-481
-461
-437
-410
-383
-357
-334
-316
-302
-293
-289
-289
-290
-291
-292
-289
-282
-269
-251
-226
-197
-162
-124
-83
-40
2
45
87
128
167
205
239
271
299
322
340
352
357
356
349
338
322
303
284
265
248
234
223
217
214
214
217
221
224
227
227
224
218
209
197
183
168
152
138
126
118
115
116
123
135
151
171
194
216
238
256
268
273
268
252
225
185
134
72
1
-76
-157
-240
-322
-398
-469
-530
-582
-623
-653
-673
-685
-688
-685
-677
-666
-654
-640
-628
-616
-606
-596
-586
-575
-562
-545
-524
-497
-463
-423
-376
-323
-264
-202
-138
-72
-6
57
118
175
227
274
316
352
383
410
433
452
467
480
491
498
503
506
506
503
498
490
480
468
456
443
431
420
412
406
404
405
411
421
434
449
466
483
497
507
512
509
497
474
441
396
340
275
200
117
29
-61
-154
-246
-335
-418
-494
-561
-619
-664
-698
-719
-728
-724
-708
-680
-642
-594
-538
-475
-407
-335
-261
-187
-113
-41
27
91
151
206
254
297
333
362
384
398
403
399
386
363
330
288
238
182
120
55
-10
-75
-137
-194
-244
-286
-321
-346
-364
-374
-377
-374
-367
-356
-341
-324
-305
-284
-261
-237
-211
-184
-155
-126
-98
-70
-43
-20
0
14
25
31
33
30
24
16
7
0
-7
-12
-13
-10
-3
9
26
48
75
106
142
182
225
271
318
364
408
448
480
504
516
516
503
475
433
377
310
233
148
59
-31
-121
-207
-287
-357
-417
-465
-500
-520
-526
-517
-494
-458
-408
-346
-274
-192
-103
-9
88
186
281
372
455
528
587
632
662
675
672
654
622
579
527
469
408
346
286
229
177
129
87
49
14
-18
-50
-83
-118
-156
-198
-242
-289
-338
-387
-434
-479
-520
-555
-583
-605
-619
-627
-630
-629
-626
-622
-620
-621
-627
-639
-657
-681
-710
-742
-776
-808
-835
-854
-862
-855
-831
-789
-727
-646
-546
-430
-301
-161
-14
133
280
420
549
666
765
