113
95
75
54
31
6
-21
-50
-80
-111
-140
-167
-191
-210
-223
-230
-229
-221
-206
-185
-159
-128
-95
-61
-28
2
27
46
58
61
55
39
13
-21
-64
-115
-171
-232
-295
-360
-423
-484
-541
-593
-638
-676
-706
-728
-740
-743
-737
-721
-695
-660
-614
-559
-495
-422
-341
-252
-159
-61
37
136
232
322
405
478
539
587
622
642
648
640
620
589
549
503
453
400
349
300
257
220
192
174
166
167
178
197
222
251
280
307
330
345
351
346
330
303
266
219
167
110
51
-6
-60
-110
-153
-187
-213
-230
-239
-240
-234
-224
-210
-194
-178
-162
-149
-138
-130
-124
-122
-122
-123
-125
-127
-129
-129
-127
-122
-116
-107
-96
-83
-70
-56
-43
-31
-22
-14
-9
-7
-7
-8
-11
-15
-19
-22
-23
-23
-22
-18
-12
-4
4
14
25
37
49
61
73
83
93
101
107
112
115
116
115
113
110
105
99
94
88
83
78
75
73
72
72
74
77
81
85
89
91
92
90
85
78
67
54
38
21
2
-15
-31
-46
-58
-66
-70
-69
-64
-53
-39
-20
0
24
47
69
88
103
111
112
106
92
71
43
11
-23
-59
-94
-124
-149
-167
-175
-175
-166
-148
-122
-90
-54
-15
23
61
95
126
151
171
186
195
200
201
200
198
195
193
193
194
197
200
205
209
211
211
206
198
183
163
137
104
66
23
-24
-75
-127
-181
-234
-285
-332
-376
-413
-443
-467
-482
-489
-489
-481
-467
-447
-424
-399
-373
-348
-324
-304
-287
-273
-262
-253
-246
-238
-229
-217
-201
-179
-153
-121
-83
-42
2
49
97
143
187
227
263
292
315
331
341
346
345
340
332
321
309
297
283
270
257
245
232
219
206
193
180
166
152
138
124
110
96
83
71
60
50
42
35
29
25
21
18
16
12
8
3
-2
-11
-21
-33
-47
-62
-79
-96
-113
-130
-146
-160
-173
-182
-189
-192
-191
-187
-179
-168
-154
-137
-119
-99
-79
-59
-40
-23
-8
4
13
19
21
20
16
9
0
-10
-21
-33
-43
-53
-61
-67
-71
-73
-73
-70
-67
-62
-56
-49
-42
-34
-27
-20
-13
-7
0
5
12
19
27
36
46
58
71
85
101
117
133
149
163
175
184
189
190
186
177
164
148
128
106
83
59
38
18
1
-10
-19
-23
-24
-21
-16
-8
0
6
12
16
16
12
3
-10
-28
-50
-76
-104
-133
-163
-191
-216
-238
-254
-264
-268
-265
-254
-238
-215
-187
-155
-120
-82
-45
-8
26
57
84
105
121
130
134
132
126
115
103
89
75
63
53
47
45
47
53
62
73
86
98
108
116
119
117
109
95
75
50
20
-14
-51
-90
-128
-165
-200
-230
-254
-273
-284
-288
-284
-273
-254
-229
-197
-161
-120
-78
-34
7
48
85
118
145
166
180
188
189
185
176
163
147
129
111
94
78
64
52
43
35
30
25
22
18
14
9
3
-3
-12
-21
-31
-41
-51
-59
-67
-73
-76
-77
-75
-70
-62
-51
-37
-21
-3
17
38
60
82
103
122
140
154
165
172
175
173
168
158
145
129
112
93
74
56
41
28
20
16
17
23
35
50
69
91
113
135
155
171
182
188
188
182
170
154
134
111
87
62
37
13
-9
-31
-52
-71
-90
-108
-126
-143
-160
-176
-190
-203
-213
-221
-225
-225
-222
-215
-205
-192
-176
-159
-140
-121
-101
-82
-63
-45
-28
-12
3
18
33
47
61
73
85
95
102
107
109
108
103
94
82
68
51
32
12
-6
-24
-41
-56
-68
-77
-84
-88
-90
-90
-88
-86
-84
-81
-79
-77
-75
-74
-72
-69
-65
-59
-51
-38
-23
-3
18
44
72
102
131
160
186
208
225
237
241
238
227
209
183
150
111
67
20
-29
-80
-129
-176
-220
-258
-291
-317
-337
-350
-356
-356
-351
-340
-325
-307
-285
-260
-234
-206
-177
-148
-118
-88
-58
-29
0
27
53
79
103
126
149
171
193
216
239
264
291
319
349
380
410
439
465
486
501
508
506
493
471
438
395
343
281
212
137
56
-28
-114
-202
-287
-369
-446
-514
-573
-620
-655
-675
-681
-673
-651
-615
-567
-509
-442
-369
-293
-215
-138
-65
2
62
113
155
187
210
223
228
227
220
209
195
181
166
153
142
134
128
126
126
129
134
140
147
155
163
170
177
183
189
193
197
200
203
204
204
203
200
195
188
180
169
156
142
127
111
94
77
60
43
26
10
-6
-22
-38
-53
-69
-84
-98
-111
-123
-134
-142
-148
-151
-151
-148
-142
-133
-122
-110
-96
-82
-68
-54
-40
-28
-15
-3
8
20
32
44
57
70
83
97
109
121
132
140
146
147
145
138
127
110
89
64
36
5
-27
-61
-94
-125
-154
-180
-200
-216
-226
-229
-227
-219
-207
-190
-171
-150
-129
-109
-92
-78
-67
-61
-60
-62
-69
-79
-92
-106
-121
-136
-150
-162
-171
-177
-179
-176
-170
-159
-145
-128
-109
-87
-64
-40
-15
8
32
55
75
92
106
115
120
119
112
100
83
61
37
11
-14
-38
-59
-76
-86
-91
-88
-78
-62
-39
-11
20
54
88
122
154
182
205
222
234
240
240
234
224
210
192
172
150
127
104
81
58
36
14
-5
-24
-43
-59
-75
-88
-100
-108
-115
-118
-119
-117
-113
-107
-99
-91
-83
-77
-73
-71
-73
-78
-87
-98
-111
-126
-140
-153
-164
-170
-171
-167
-155
-137
-112
-81
-45
-5
34
74
112
144
170
188
198
198
190
174
152
125
96
66
39
17
0
-7
-6
3
23
52
89
131
177
223
268
308
341
366
380
383
376
358
330
294
252
206
157
108
59
12
-30
-70
-106
-138
-165
-188
-208
-223
-236
-245
-251
-254
-254
-252
-247
-241
-232
-222
-210
-198
-186
-175
-164
-155
-147
-141
-137
-134
-132
-131
-130
-129
-126
-121
-114
-104
-92
-75
-56
-33
-8
20
50
81
113
144
175
203
230
253
272
288
299
306
308
305
296
283
265
243
217
188
156
122
87
52
17
-17
-50
-81
-110
-137
-160
-180
-196
-209
-218
-222
-224
-221
-215
-206
-195
-181
-165
-148
-131
-114
-98
-83
-71
-61
-54
-51
-50
-51
-55
-59
-63
-67
-67
-65
-58
-46
-29
-6
21
53
89
127
166
205
242
276
305
330
347
358
362
359
349
331
307
277
241
199
154
104
51
-3
-60
-117
-173
-227
-278
-324
-364
-398
-424
-441
-451
-451
-444
-429
-406
-378
-345
-308
-269
-229
-188
-149
-112
-77
-45
-16
9
33
53
72
90
107
123
139
155
172
189
207
224
240
255
269
280
287
291
290
285
275
261
242
219
193
165
135
105
75
47
21
0
-18
-32
-41
-46
-46
-43
-36
-26
-14
-2
11
23
35
45
53
59
63
64
63
60
56
51
46
40
35
30
27
26
26
27
31
36
41
48
54
60
64
66
66
63
57
47
34
17
-1
-24
-48
-73
-98
-122
-145
-166
-183
-196
-205
-209
-208
-203
-193
-179
-163
-143
-122
-100
-77
-55
-32
-11
9
28
46
63
78
91
102
111
118
121
122
119
112
102
88
71
51
30
6
-17
-41
-65
-88
-108
-126
-140
-151
-159
-163
-163
-160
-154
-145
-134
-121
-106
-90
-73
-55
-37
-18
0
17
34
50
65
78
90
100
107
112
114
113
109
101
89
74
55
32
7
-21
-51
-82
-113
-143
-171
-196
-217
-232
-242
-244
-240
-228
-208
-181
-148
-108
-64
-17
31
81
129
173
213
246
271
287
293
288
273
248
213
170
120
65
8
-50
-108
-162
-212
-254
-288
-313
-327
-330
-323
-305
-277
-240
-197
-148
-96
-42
10
61
108
150
186
215
238
255
265
269
268
263
255
242
227
209
187
163
135
103
67
28
-15
-62
-113
-165
-219
-273
-325
-374
-418
-455
-484
-504
-512
-510
-496
-470
-435
-390
-338
-281
-221
-161
-103
-48
0
44
81
111
135
154
169
181
192
202
212
223
235
248
262
276
289
301
310
317
321
322
320
315
308
300
290
278
266
253
238
221
203
183
162
138
114
89
64
40
18
-1
-17
-30
-38
-42
-41
-35
-25
-12
4
23
44
65
85
103
119
131
138
140
137
127
111
88
60
25
-13
-56
-101
-147
-192
-234
-272
-306
-332
-352
-364
-368
-365
-355
-339
-318
-293
-266
-236
-206
-175
-145
-116
-88
-62
-37
-14
7
28
47
67
86
105
124
143
162
181
199
215
229
241
249
252
252
246
236
220
201
177
150
121
91
61
32
5
-19
-40
-57
-69
-77
-80
-79
-74
-65
-54
-41
-27
-12
0
11
21
27
30
29
25
18
8
-4
-18
-34
-50
-66
-80
-92
-101
-107
-108
-105
-99
-88
-74
-58
-39
-20
0
19
38
56
72
87
100
111
121
129
136
142
147
152
155
158
160
163
165
166
168
170
170
170
167
163
154
142
125
102
75
42
4
-36
-80
-125
-169
-211
-248
-279
-302
-317
-322
-317
-303
-281
-251
-214
-173
-128
-81
-34
11
55
97
135
168
196
218
234
242
242
234
217
193
163
127
87
45
2
-37
-73
-105
-130
-149
-161
-166
-165
-160
-152
-142
-132
-125
-120
-119
-122
-131
-144
-162
-183
-208
-233
-259
-285
-308
-329
-345
-357
-363
-362
-355
-342
-321
-294
-261
-223
-181
-135
-87
-38
10
57
102
143
181
214
243
268
289
306
320
331
339
345
349
351
351
349
344
338
329
319
307
293
279
265
251
237
225
214
204
195
188
182
177
172
166
160
152
142
129
113
93
70
43
13
-19
-54
-90
-126
-161
-195
-226
-253
-275
-293
-306
-315
-318
-317
-311
-302
-290
-276
-259
-240
-220
-199
-176
-152
-128
-102
-75
-48
-20
6
33
57
79
97
110
118
120
117
107
92
72
48
21
-7
-37
-66
-93
-118
-140
-157
-170
-177
-181
-179
-172
-162
-147
-130
-110
-87
-64
-40
-15
7
29
48
65
79
89
95
97
96
91
84
75
64
52
39
27
15
2
-9
-21
-34
-49
-64
-81
-99
-119
-141
-162
-184
-204
-222
-237
-247
-251
-249
-239
-222
-196
-163
-123
-77
-25
30
88
148
207
265
320
370
414
451
480
499
508
507
496
474
444
404
358
306
251
193
135
79
26
-23
-68
-108
-142
-171
-193
-211
-223
-231
-235
-236
-233
-228
-221
-211
-200
-186
-171
-154
-135
-114
-92
-70
-47
-24
-3
15
31
43
52
56
55
50
40
26
8
-11
-33
-57
-80
-101
-120
-135
-146
-152
-152
-147
-137
-122
-104
-82
-59
-34
-10
11
32
50
64
75
83
88
90
91
90
89
88
88
90
93
