2507
2459
2422
2397
2384
2381
2387
2397
2408
2416
2414
2399
2365
2308
2224
2108
1961
1780
1566
1321
1047
748
427
88
-261
-619
-979
-1336
-1686
-2022
-2339
-2634
-2902
-3139
-3341
-3508
-3636
-3726
-3778
-3794
-3775
-3724
-3644
-3537
-3406
-3253
-3081
-2893
-2689
-2472
-2243
-2004
-1757
-1503
-1245
-985
-726
-470
-219
21
251
466
664
842
999
1134
1246
1335
1404
1452
1483
1499
1502
1496
1482
1462
1440
1415
1389
1362
1335
1308
1280
1251
1221
1189
1154
1116
1074
1027
977
922
863
800
734
665
594
522
449
376
303
230
158
86
14
-56
-127
-197
-266
-332
-397
-457
-514
-566
-614
-657
-696
-731
-763
-795
-825
-856
-888
-921
-957
-993
-1031
-1069
-1106
-1142
-1175
-1205
-1230
-1250
-1264
-1270
-1269
-1259
-1241
-1213
-1175
-1128
-1072
-1008
-937
-862
-783
-703
-623
-546
-474
-406
-345
-289
-238
-190
-146
-101
-56
-8
42
99
160
225
292
361
429
492
547
592
622
634
627
599
549
480
393
291
180
64
-49
-158
-254
-334
-395
-434
-451
-445
-419
-373
-312
-237
-153
-63
30
122
212
295
370
435
489
529
555
567
565
549
519
477
423
360
288
211
131
51
-23
-92
-149
-192
-218
-226
-213
-180
-128
-60
21
113
209
306
399
484
558
618
662
692
708
711
704
690
672
652
634
619
609
606
609
618
632
649
667
682
691
692
681
657
618
563
493
410
314
210
101
-8
-115
-215
-303
-377
-435
-473
-492
-491
-471
-433
-380
-314
-239
-157
-74
8
85
155
214
262
296
318
326
323
310
289
262
231
198
163
129
95
63
33
5
-21
-46
-69
-91
-111
-129
-144
-158
-170
-180
-188
-196
-204
-212
-222
-234
-248
-265
-284
-304
-326
-348
-368
-387
-402
-413
-419
-420
-416
-408
-396
-382
-367
-352
-338
-326
-317
-310
-306
-305
-306
-307
-309
-311
-310
-308
-304
-297
-287
-273
-258
-239
-219
-197
-173
-148
-121
-94
-67
-40
-13
11
34
54
69
80
85
85
77
64
44
20
-8
-38
-68
-97
-122
-142
-156
-163
-162
-153
-136
-111
-78
-37
9
64
125
192
264
341
420
501
581
658
729
792
843
880
900
900
879
835
768
678
566
433
284
121
-49
-225
-398
-565
-719
-857
-973
-1064
-1128
-1162
-1166
-1140
-1085
-1004
-898
-771
-626
-467
-298
-122
56
235
411
582
743
894
1031
1153
1258
1345
1414
1463
1494
1507
1503
1483
1449
1402
1344
1275
1198
1112
1020
921
816
706
592
475
358
240
125
15
-88
-185
-272
-350
-417
-475
-523
-563
-596
-624
-649
-672
-694
-717
-741
-767
-793
-820
-846
-870
-890
-904
-911
-909
-898
-875
-843
-799
-744
-680
-607
-527
-440
-350
-258
-166
-76
7
84
151
205
246
271
280
273
251
215
169
114
55
-2
-57
-105
-142
-167
-177
-174
-156
-127
-87
-40
11
64
118
168
214
256
291
321
347
369
388
405
422
440
457
475
491
506
516
520
517
504
482
448
405
352
292
226
157
86
17
-48
-108
-163
-211
-253
-290
-321
-349
-374
-398
-421
-443
-464
-483
-499
-510
-514
-508
-492
-462
-419
-362
-291
-207
-112
-9
97
205
308
402
483
546
587
603
592
554
488
396
281
145
-5
-168
-337
-507
-673
-832
-978
-1110
-1224
-1320
-1397
-1454
-1493
-1515
-1521
-1513
-1493
-1461
-1421
-1373
-1319
-1260
-1199
-1136
-1072
-1009
-946
-886
-828
-772
-718
-665
-612
-559
-504
-446
-384
-317
-243
-161
-72
25
131
246
367
495
629
766
905
1044
1182
1317
1445
1565
1675
1772
1854
1920
1969
1999
2011
2005
1983
1946
1896
1835
1766
1691
1611
1530
1449
1369
1291
1216
1145
1078
1014
953
896
842
790
741
693
649
606
565
525
485
445
402
355
303
244
175
95
2
-104
-226
-362
-514
-679
-854
-1037
-1222
-1405
-1580
-1740
-1881
-1995
-2080
-2130
-2145
-2124
-2068
-1980
-1865
-1729
-1577
-1416
-1254
-1096
-949
-816
-701
-604
-528
-469
-428
-400
-382
-371
-363
-353
-339
-316
-281
-233
-168
-86
13
131
267
419
586
766
956
1152
1353
1554
1753
1945
2127
2294
2444
2572
2676
2752
2799
2814
2797
2748
2666
2551
2406
2232
2030
1803
1554
1288
1007
716
422
128
-159
-435
-697
-940
-1161
-1360
-1536
-1689
-1820
-1930
-2021
-2095
-2152
-2194
-2221
-2234
-2234
-2220
-2192
-2151
-2095
-2025
-1940
-1841
-1726
-1598
-1457
-1304
-1141
-971
-797
-621
-447
-277
-114
38
180
308
422
519
600
663
709
737
748
741
719
682
631
569
497
420
338
256
176
101
33
-25
-74
-112
-139
-157
-166
-168
-166
-161
-155
-150
-146
-145
-147
-152
-161
-171
-183
-195
-207
-217
-225
-231
-234
-234
-233
-229
-225
-220
-215
-211
-209
-208
-210
-215
-221
-230
-241
-253
-265
-277
-287
-295
-300
-302
-299
-292
-280
-263
-240
-213
-180
-143
-102
-59
-14
31
75
117
156
189
217
238
252
259
261
257
248
236
223
209
196
184
176
170
169
171
178
188
201
217
235
256
278
302
327
353
380
408
436
463
487
507
522
530
529
519
499
469
429
381
326
265
201
136
71
7
-53
-111
-165
-215
-260
-300
-335
-364
-386
-400
-406
-402
-387
-363
-328
-283
-230
-170
-105
-38
29
96
158
214
262
302
333
356
372
381
387
391
396
402
413
428
450
476
507
541
575
608
635
655
665
663
648
619
577
522
456
381
300
215
129
46
-32
-104
-168
-222
-268
-305
-335
-358
-377
-393
-408
-424
-441
-461
-483
-505
-527
-547
-562
-571
-571
-562
-541
-508
-464
-409
-345
-274
-197
-117
-37
38
110
174
228
272
305
326
336
336
329
317
301
286
274
268
271
283
306
340
383
433
488
544
598
646
685
712
726
724
708
677
632
576
509
435
356
273
188
102
16
-69
-155
-241
-328
-416
-507
-599
-692
-786
-879
-969
-1054
-1130
-1196
-1249
-1288
-1310
-1315
-1304
-1277
-1237
-1185
-1124
-1057
-985
-910
-835
-758
-682
-605
-527
-448
-366
-282
-196
-107
-17
73
162
248
329
404
471
527
573
608
631
643
644
637
624
606
587
570
557
550
551
561
578
603
632
665
697
727
751
766
772
767
749
720
680
631
573
510
443
375
308
243
183
127
77
32
-8
-46
-83
-120
-160
-203
-251
-304
-363
-426
-493
-561
-629
-694
-753
-804
-844
-871
-884
-882
-863
-829
-780
-717
-643
-561
-472
-380
-288
-198
-114
-37
30
89
139
178
209
232
247
257
261
261
258
253
246
237
228
219
209
200
191
183
175
170
166
164
164
167
171
177
185
192
199
205
209
210
207
200
189
174
155
133
109
82
55
27
0
-25
-48
-69
-87
-102
-113
-121
-126
-127
-126
-123
-118
-113
-107
-102
-98
-94
-93
-93
-94
-97
-101
-105
-110
-114
-116
-117
-115
-111
-103
-92
-77
-60
-41
-20
0
21
41
59
75
88
99
107
114
120
125
132
140
150
162
178
195
213
232
248
261
269
269
260
242
214
176
130
77
21
-37
-94
-147
-193
-231
-260
-277
-284
-280
-267
-247
-222
-194
-165
-137
-113
-93
-78
-68
-64
-66
-72
-82
-95
-112
-133
-156
-182
-212
-245
-280
-317
-356
-395
-432
-465
-493
-514
-525
-526
-513
-487
-447
-394
-327
-249
-163
-70
25
119
209
289
358
410
445
459
453
426
380
317
240
153
60
-34
-125
-208
-278
-332
-367
-381
-373
-341
-288
-215
-124
-20
93
211
330
444
549
641
716
771
806
820
814
789
748
695
634
570
507
450
402
366
343
336
342
360
389
425
464
503
538
565
581
585
574
548
507
452
386
310
228
142
56
-28
-108
-182
-247
-303
-350
-386
-413
-430
-439
-440
-435
-425
-411
-395
-377
-358
-339
-321
-303
-286
-271
-256
-242
-230
-219
-210
-202
-197
-195
-196
-200
-208
-219
-235
-255
-278
-305
-334
-365
-396
-427
-456
-481
-501
-515
-522
-522
-513
-495
-469
-435
-393
-345
-291
-232
-169
-103
-35
34
103
171
237
298
355
406
450
486
513
531
541
541
534
520
500
475
448
419
390
361
332
306
280
256
233
209
185
161
136
111
85
60
36
14
-4
-20
-32
-39
-43
-42
-39
-34
-28
-23
-18
-16
-17
-22
-30
-41
-56
-72
-89
-106
-121
-133
-141
-144
-143
-136
-125
-109
-90
-69
-46
-24
-4
12
25
33
34
28
15
-4
-29
-60
-94
-129
-163
-195
-221
-241
-253
-258
-254
-244
-229
-210
-190
-172
-158
-150
-150
-159
-177
-204
-238
-278
-322
-366
-407
-443
-470
-486
-488
-476
-450
-408
-354
-288
-214
-135
-56
20
91
152
201
236
257
262
252
230
197
156
108
58
8
-38
-80
-114
-140
-155
-159
-152
-134
-106
-68
-22
29
85
145
206
267
325
380
431
476
515
547
572
590
600
603
599
587
569
544
513
477
435
389
339
287
233
179
125
73
23
-22
-63
-99
-129
-152
-168
-176
-178
-172
-161
-145
-126
-105
-84
-64
-48
-36
-29
-28
-33
-44
-59
-79
-101
-124
-148
-170
-190
-207
-220
-229
-235
-237
-235
-231
-224
-216
-207
-197
-188
-179
-170
-162
-154
-146
-137
-127
-117
-106
-94
-81
-68
-55
-42
-31
-20
-10
-3
3
8
11
13
14
15
15
16
16
18
21
25
31
38
47
57
68
80
92
103
113
122
128
131
132
128
122
111
98
81
63
43
22
1
-18
-38
-57
-75
-92
-108
-123
-137
-150
-160
-169
-175
-178
-177
-171
-161
-145
-125
-100
-70
-37
-1
37
77
117
156
194
230
264
294
321
344
364
380
393
402
408
410
408
401
390
374
354
328
298
264
226
185
142
99
56
14
-24
-60
-91
-117
-138
-153
-163
-168
-167
-163
-155
-145
-134
-121
-109
-98
-89
-81
-76
-73
-73
-75
-79
-85
-93
-102
-112
-122
-131
-139
-146
-151
-153
-152
-149
-142
-133
-121
-107
-91
-74
-56
-38
-21
-5
7
17
24
28
27
23
16
6
-6
-20
-36
-52
-67
-81
-93
-103
-110
-113
-113
-109
-100
-87
-70
-48
-24
3
32
62
91
118
142
160
173
180
179
171
157
136
109
79
45
9
-26
-61
-93
-123
-148
-169
-185
-195
-200
-201
-196
-188
-176
-161
-144
-125
-105
-83
-61
-39
-16
6
30
53
76
97
116
133
147
157
162
163
158
148
133
113
90
63
34
3
-27
-58
-87
-114
-139
-161
-179
-194
-205
-212
-217
-218
-216
-212
-206
-197
-187
-175
-161
-146
-128
-109
-87
-63
-37
-8
22
55
90
127
164
200
236
268
296
319
333
339
335
320
293
256
208
152
90
25
-40
-103
-159
-207
-242
-263
-269
-259
-233
-193
-139
-75
-3
73
151
227
298
361
413
454
483
498
500
490
468
435
394
346
292
235
175
114
55
-1
-53
-101
-141
-175
-199
-216
-223
-221
-211
-192
-167
-137
-102
-65
-27
9
44
75
101
121
136
144
145
140
127
