-454
-617
-760
-886
-1001
-1108
-1212
-1318
-1430
-1548
-1675
-1811
-1953
-2097
-2240
-2376
-2500
-2606
-2689
-2745
-2770
-2762
-2723
-2652
-2551
-2426
-2278
-2114
-1938
-1755
-1568
-1381
-1197
-1019
-849
-688
-537
-398
-271
-157
-56
31
106
170
223
267
305
337
367
398
432
471
517
573
640
718
807
905
1013
1126
1242
1356
1466
1567
1655
1728
1782
1815
1827
1818
1788
1738
1671
1588
1493
1388
1276
1159
1041
924
811
704
604
513
431
359
295
240
190
146
104
62
20
-24
-74
-128
-188
-254
-325
-401
-480
-562
-645
-727
-809
-888
-965
-1039
-1110
-1176
-1239
-1297
-1349
-1394
-1430
-1456
-1470
-1471
-1457
-1429
-1385
-1328
-1259
-1180
-1094
-1004
-914
-826
-743
-668
-603
-550
-508
-479
-461
-453
-454
-460
-469
-479
-485
-485
-476
-455
-422
-375
-313
-238
-152
-55
47
152
257
358
450
532
599
651
686
704
707
695
670
635
593
546
497
447
399
354
312
275
241
210
182
155
130
104
77
50
21
-6
-33
-57
-78
-94
-103
-105
-99
-83
-60
-28
10
55
105
159
216
274
332
388
443
494
542
586
625
661
692
718
741
759
773
783
788
787
782
770
752
728
697
660
617
568
515
459
400
341
282
224
169
118
70
27
-10
-44
-74
-99
-121
-139
-154
-167
-177
-184
-189
-192
-191
-188
-183
-174
-164
-151
-137
-122
-107
-92
-79
-68
-60
-56
-57
-62
-73
-90
-111
-138
-169
-204
-242
-281
-321
-361
-399
-435
-468
-498
-524
-546
-564
-577
-585
-587
-585
-576
-561
-540
-512
-478
-437
-390
-336
-276
-209
-137
-59
22
107
194
280
363
441
510
570
617
650
669
673
663
640
605
560
507
447
381
312
240
167
92
18
-54
-126
-194
-258
-315
-364
-403
-430
-444
-444
-429
-399
-354
-295
-225
-147
-62
23
108
187
258
317
360
387
396
386
359
316
259
193
122
50
-17
-74
-118
-142
-145
-124
-79
-9
81
191
315
449
585
718
841
947
1030
1086
1110
1099
1054
974
861
718
550
361
158
-53
-268
-480
-685
-877
-1053
-1210
-1344
-1455
-1540
-1600
-1632
-1639
-1620
-1577
-1511
-1425
-1322
-1204
-1075
-938
-796
-652
-509
-370
-237
-111
6
115
215
306
389
463
529
587
638
682
719
748
769
782
787
783
770
748
718
679
634
582
526
467
407
346
287
231
178
130
88
50
19
-7
-27
-42
-52
-57
-57
-53
-46
-35
-22
-9
3
14
21
23
19
7
-12
-41
-78
-124
-176
-234
-296
-360
-425
-487
-546
-599
-646
-686
-718
-741
-757
-765
-765
-760
-748
-733
-714
-693
-670
-647
-624
-600
-578
-554
-530
-504
-475
-442
-403
-357
-304
-241
-170
-90
-3
90
187
286
383
475
558
631
692
738
770
787
793
788
777
763
750
742
742
753
777
816
868
933
1008
1091
1177
1262
1343
1415
1477
1526
1562
1582
1590
1584
1567
1539
1503
1459
1408
1349
1283
1209
1125
1031
925
807
675
530
372
201
21
-168
-362
-560
-757
-950
-1136
-1313
-1479
-1632
-1771
-1894
-2002
-2093
-2167
-2223
-2260
-2279
-2277
-2256
-2214
-2153
-2074
-1976
-1864
-1737
-1598
-1449
-1293
-1131
-965
-797
-630
-465
-303
-147
1
141
270
388
494
587
668
737
795
844
885
920
951
978
1003
1027
1051
1075
1098
1121
1144
1165
1184
1200
1213
1221
1225
1224
1216
1202
1181
1153
1117
1074
1023
964
898
825
745
659
567
472
374
274
175
76
-18
-109
-194
-272
-341
-402
-454
-497
-531
-557
-577
-590
-599
-603
-606
-606
-606
-606
-607
-611
-618
-629
-646
-668
-696
-730
-768
-811
-854
-898
-939
-975
-1004
-1024
-1034
-1032
-1017
-990
-951
-900
-838
-766
-687
-602
-514
-424
-334
-247
-164
-86
-14
51
110
164
210
251
286
314
334
345
347
337
314
278
230
168
97
17
-66
-151
-232
-305
-366
-410
-437
-443
-430
-398
-349
-287
-217
-141
-65
7
73
130
175
208
230
240
242
237
228
216
204
194
185
179
175
172
168
163
156
144
128
109
85
60
35
12
-6
-19
-23
-19
-4
19
52
92
136
183
229
273
311
343
367
384
392
394
389
380
367
352
336
320
304
290
276
263
251
240
228
217
205
193
180
168
156
146
136
129
123
121
121
125
131
139
150
161
173
183
191
197
198
195
188
177
162
144
126
108
93
81
73
72
76
85
99
116
135
152
168
178
182
179
168
149
123
90
52
11
-31
-73
-114
-152
-186
-215
-241
-263
-281
-297
-312
-326
-339
-354
-368
-383
-398
-413
-427
-440
-450
-457
-460
-459
-453
-442
-425
-401
-371
-334
-291
-241
-185
-125
-61
4
70
135
196
252
300
339
367
384
389
382
364
336
301
260
218
177
141
112
92
83
86
100
124
155
191
229
265
297
321
336
341
334
317
290
255
213
168
121
76
33
-4
-35
-60
-78
-89
-95
-96
-93
-89
-83
-76
-70
-63
-55
-47
-37
-25
-12
3
20
38
55
69
81
87
87
79
64
40
9
-28
-72
-121
-171
-222
-272
-318
-358
-393
-420
-440
-451
-455
-453
-444
-431
-415
-397
-378
-359
-342
-326
-312
-300
-291
-283
-276
-270
-263
-256
-246
-235
-221
-205
-187
-166
-144
-121
-98
-73
-49
-25
-2
21
44
67
90
113
136
158
180
202
223
242
261
279
295
311
324
337
348
358
367
375
382
387
390
392
391
387
379
368
352
331
305
274
237
196
152
104
55
5
-43
-90
-135
-176
-214
-247
-277
-302
-324
-342
-356
-367
-375
-380
-383
-382
-379
-372
-363
-351
-336
-318
-297
-274
-249
-221
-192
-161
-129
-96
-61
-25
11
50
90
131
172
213
254
294
331
365
395
420
439
452
458
457
450
437
419
398
376
355
336
323
316
317
326
343
366
393
423
453
480
501
516
522
520
508
488
462
431
397
362
329
299
272
249
230
212
196
178
156
129
94
49
-5
-71
-147
-234
-329
-430
-536
-643
-750
-853
-950
-1040
-1120
-1190
-1247
-1290
-1319
-1333
-1331
-1313
-1278
-1228
-1161
-1079
-982
-872
-751
-620
-482
-341
-199
-59
74
199
313
414
500
569
623
661
685
695
695
686
670
650
627
603
579
556
535
515
498
482
468
455
442
430
417
404
390
376
361
345
329
312
294
277
259
240
221
200
179
156
131
104
75
43
9
-25
-63
-101
-140
-178
-215
-250
-281
-308
-331
-350
-363
-372
-376
-376
-373
-367
-358
-348
-336
-325
-314
-303
-295
-288
-282
-279
-277
-276
-276
-276
-275
-272
-266
-257
-244
-226
-204
-177
-147
-114
-79
-44
-11
19
44
64
76
81
77
65
47
22
-7
-39
-71
-103
-131
-154
-171
-180
-182
-177
-164
-145
-119
-90
-56
-20
16
53
89
124
156
186
211
232
249
260
266
266
261
251
237
220
200
178
156
135
114
95
79
66
56
48
44
43
45
50
56
65
75
85
96
106
114
120
124
126
126
123
119
115
112
109
109
112
118
127
140
156
174
193
212
230
245
257
264
265
261
250
234
213
188
160
131
102
74
49
27
8
-5
-17
-25
-30
-33
-35
-35
-34
-32
-29
-25
-19
-12
-3
6
18
30
43
55
66
73
78
77
71
59
41
16
-14
-51
-93
-138
-185
-234
-282
-328
-370
-408
-440
-466
-485
-496
-500
-496
-485
-466
-441
-410
-374
-333
-290
-244
-198
-152
-107
-66
-28
5
34
58
76
88
95
96
92
83
70
53
33
11
-10
-31
-51
-68
-79
-85
-84
-75
-57
-30
5
49
100
157
217
278
337
392
440
478
504
516
515
498
467
423
367
301
227
149
70
-6
-79
-145
-201
-245
-277
-296
-302
-297
-282
-258
-229
-196
-162
-129
-99
-73
-51
-36
-25
-20
-20
-23
-30
-39
-50
-62
-75
-89
-102
-115
-127
-137
-145
-150
-151
-146
-136
-119
-96
-64
-26
18
68
121
177
232
285
333
375
407
430
442
442
432
411
381
342
298
249
196
142
86
31
-22
-76
-127
-176
-223
-266
-306
-343
-375
-403
-425
-442
-453
-457
-454
-444
-425
-399
-363
-318
-264
-201
-129
-50
35
126
220
314
406
494
573
643
699
740
765
770
756
722
668
596
507
403
288
164
37
-89
-212
-325
-427
-512
-579
-626
-651
-655
-638
-602
-549
-482
-404
-318
-227
-133
-40
49
136
216
290
356
414
463
504
537
560
575
582
579
568
547
517
477
429
372
307
236
159
78
-3
-85
-164
-239
-307
-367
-418
-458
-487
-504
-510
-504
-489
-464
-432
-395
-355
-313
-273
-236
-204
-179
-162
-153
-152
-160
-176
-198
-227
-259
-295
-332
-369
-405
-438
-468
-494
-515
-530
-540
-545
-545
-539
-528
-513
-494
-470
-442
-409
-372
-330
-282
-229
-170
-106
-36
36
113
192
272
350
426
497
562
620
670
711
742
764
775
778
770
754
730
697
657
610
558
500
438
373
305
237
168
99
33
-30
-89
-145
-195
-239
-277
-308
-332
-349
-359
-363
-360
-351
-336
-316
-291
-262
-230
-195
-158
-120
-82
-44
-8
24
55
82
105
124
140
152
160
167
170
172
172
170
166
161
155
147
138
127
116
103
90
76
62
49
36
25
15
8
4
4
7
14
24
38
54
73
93
112
131
148
162
172
177
177
172
160
143
120
91
56
17
-26
-73
-124
-176
-229
-282
-334
-383
-427
-465
-495
-516
-526
-525
-511
-485
-448
-400
-342
-277
-207
-134
-61
8
75
134
186
229
263
287
303
311
313
310
304
296
290
285
284
286
293
304
319
338
359
382
405
428
448
465
477
486
489
487
480
469
453
434
412
388
361
332
301
267
230
189
144
93
37
-23
-89
-159
-233
-308
-384
-457
-525
-585
-636
-673
-696
-702
-692
-665
-624
-569
-504
-433
-360
-289
-224
-168
-125
-96
-83
-86
-103
-133
-174
-223
-276
-330
-382
-428
-467
-496
-514
-519
-511
-491
-459
-416
-364
-304
-237
-166
-92
-18
55
126
193
254
308
355
392
421
440
450
452
446
433
415
392
366
338
310
283
257
233
213
197
185
177
175
177
185
197
214
235
260
288
317
345
373
396
414
424
424
414
393
359
315
260
197
128
55
-16
-87
-153
-213
-264
-307
-341
-367
-386
-398
-407
-412
-417
-422
-429
-438
-450
-463
-477
-491
-503
-511
-514
-509
-497
-475
-445
-405
-358
-303
-244
-182
-118
-55
5
62
116
164
208
247
281
311
337
360
380
396
408
417
422
422
418
408
394
375
352
324
293
260
226
191
157
124
95
68
46
27
12
2
-5
-9
-11
-11
-10
-9
-8
-8
-11
-15
-21
-30
-42
-56
-72
-89
-107
-126
-144
-162
-177
-191
-201
-208
-212
-212
-208
-201
-191
-178
-162
-145
-126
-107
-87
-68
-48
-30
-12
4
19
33
