188
286
387
488
588
682
767
839
895
932
948
940
908
853
777
682
571
447
314
175
33
-109
-251
-391
-528
-662
-792
-918
-1038
-1151
-1255
-1349
-1430
-1497
-1547
-1578
-1590
-1582
-1554
-1505
-1438
-1352
-1250
-1134
-1005
-866
-718
-564
-406
-246
-86
71
224
369
504
626
731
819
886
932
958
962
949
920
880
831
778
724
672
625
582
546
514
485
458
430
399
363
320
269
210
143
71
-5
-84
-161
-234
-301
-360
-407
-443
-467
-479
-479
-470
-452
-428
-400
-370
-340
-311
-285
-263
-243
-225
-210
-195
-181
-165
-148
-127
-103
-74
-41
-3
40
88
142
199
258
318
377
432
481
521
551
568
572
562
539
502
455
400
338
272
207
142
82
27
-20
-62
-97
-126
-149
-168
-184
-197
-208
-217
-226
-234
-242
-249
-256
-265
-274
-286
-302
-323
-350
-383
-425
-473
-527
-586
-648
-709
-767
-817
-856
-881
-889
-877
-845
-792
-721
-632
-529
-418
-302
-189
-82
10
85
139
167
168
142
89
13
-83
-195
-317
-444
-571
-691
-800
-894
-970
-1025
-1059
-1072
-1063
-1033
-985
-919
-837
-740
-631
-511
-382
-246
-106
35
176
313
442
560
665
754
827
883
922
946
959
963
963
964
970
984
1011
1052
1110
1182
1269
1367
1473
1581
1687
1783
1865
1926
1962
1967
1940
1878
1781
1652
1491
1305
1097
874
644
412
187
-23
-215
-382
-521
-628
-703
-747
-763
-754
-725
-683
-634
-584
-539
-506
-488
-491
-516
-566
-640
-738
-858
-997
-1151
-1315
-1483
-1649
-1805
-1945
-2062
-2151
-2206
-2224
-2203
-2143
-2044
-1910
-1744
-1549
-1333
-1099
-854
-603
-350
-100
142
377
600
811
1010
1195
1368
1527
1673
1803
1917
2012
2084
2130
2147
2131
2079
1990
1863
1701
1505
1283
1040
787
533
289
67
-121
-270
-370
-416
-409
-348
-239
-88
92
294
504
712
905
1076
1216
1321
1389
1419
1414
1376
1311
1225
1122
1009
891
770
650
532
416
300
185
66
-55
-184
-319
-461
-608
-758
-909
-1057
-1198
-1328
-1445
-1544
-1624
-1684
-1722
-1739
-1736
-1715
-1678
-1626
-1563
-1489
-1408
-1320
-1227
-1130
-1029
-925
-818
-710
-601
-492
-385
-281
-184
-95
-19
42
86
111
115
98
61
8
-58
-133
-212
-289
-359
-416
-458
-482
-486
-471
-438
-389
-328
-259
-187
-117
-53
0
39
63
70
59
31
-11
-66
-131
-203
-277
-350
-419
-480
-531
-569
-592
-599
-589
-564
-523
-469
-402
-325
-239
-146
-47
56
164
274
387
501
615
727
837
944
1045
1141
1230
1312
1386
1452
1511
1560
1601
1633
1655
1667
1669
1663
1648
1627
1601
1573
1544
1516
1489
1464
1439
1413
1382
1342
1289
1218
1124
1003
853
672
460
220
-43
-327
-622
-920
-1214
-1496
-1757
-1991
-2195
-2365
-2501
-2604
-2677
-2722
-2746
-2752
-2743
-2724
-2696
-2659
-2611
-2552
-2477
-2381
-2262
-2115
-1937
-1727
-1485
-1215
-920
-608
-286
34
343
631
887
1103
1271
1388
1451
1463
1428
1354
1250
1128
1000
878
776
701
663
665
709
793
912
1059
1225
1397
1566
1720
1850
1948
2009
2030
2010
1954
1865
1750
1617
1472
1324
1179
1043
919
811
718
640
575
520
471
424
377
326
270
209
142
71
0
-69
-132
-188
-232
-263
-281
-288
-286
-278
-269
-264
-267
-283
-313
-361
-425
-503
-592
-688
-786
-880
-966
-1041
-1101
-1147
-1178
-1198
-1210
-1217
-1223
-1234
-1250
-1275
-1307
-1346
-1388
-1429
-1463
-1484
-1486
-1462
-1409
-1322
-1198
-1038
-844
-618
-368
-101
175
450
713
955
1166
1337
1462
1537
1560
1530
1451
1326
1163
969
753
524
291
65
-148
-341
-507
-642
-743
-809
-842
-842
-815
-763
-694
-612
-525
-436
-352
-276
-212
-162
-127
-107
-101
-110
-131
-162
-200
-243
-288
-332
-373
-407
-434
-451
-457
-451
-434
-405
-363
-309
-244
-165
-74
28
144
271
407
550
696
842
982
1111
1224
1318
1389
1434
1454
1448
1421
1374
1313
1242
1167
1092
1020
954
894
841
792
746
698
644
582
507
417
310
186
47
-102
-260
-420
-574
-716
-837
-934
-1000
-1033
-1032
-999
-938
-854
-755
-646
-537
-433
-342
-268
-214
-181
-169
-176
-201
-239
-287
-343
-402
-463
-523
-582
-639
-692
-743
-790
-834
-872
-903
-924
-934
-930
-907
-864
-798
-708
-593
-455
-295
-119
69
263
456
639
804
945
1053
1125
1155
1143
1090
996
869
714
540
356
173
0
-152
-275
-363
-410
-414
-375
-294
-176
-29
140
323
509
691
859
1007
1129
1221
1283
1313
1313
1286
1237
1169
1088
997
903
808
716
629
548
474
406
342
282
222
161
98
31
-39
-114
-193
-273
-352
-430
-503
-571
-631
-684
-728
-765
-795
-820
-841
-860
-877
-895
-913
-930
-947
-962
-972
-977
-974
-961
-936
-900
-850
-788
-715
-630
-538
-440
-338
-238
-141
-51
26
90
137
165
174
162
131
83
22
-47
-122
-196
-263
-316
-352
-366
-354
-314
-247
-154
-37
99
251
411
574
732
880
1013
1124
1211
1271
1302
1303
1275
1220
1140
1037
915
778
630
476
320
166
20
-114
-233
-332
-409
-459
-481
-473
-434
-366
-269
-148
-7
147
309
469
618
748
850
917
942
924
859
750
601
418
209
-15
-247
-474
-688
-879
-1040
-1166
-1254
-1303
-1314
-1289
-1233
-1151
-1047
-929
-800
-667
-533
-400
-271
-147
-29
84
192
294
391
480
561
632
691
734
761
768
755
721
665
589
494
383
257
122
-18
-161
-302
-436
-559
-668
-758
-829
-877
-901
-902
-881
-840
-780
-705
-619
-526
-429
-333
-242
-157
-83
-20
31
70
98
116
126
130
131
130
132
136
145
160
180
206
236
268
301
333
360
382
396
401
395
378
350
309
257
193
119
34
-57
-155
-256
-355
-448
-531
-598
-643
-663
-653
-611
-535
-426
-287
-121
65
266
474
679
873
1050
1200
1319
1402
1445
1447
1406
1326
1206
1053
869
662
438
206
-27
-253
-464
-651
-808
-928
-1009
-1047
-1042
-995
-909
-790
-644
-478
-300
-119
57
220
363
480
565
616
630
608
550
460
340
195
31
-146
-331
-518
-700
-870
-1025
-1158
-1264
-1342
-1387
-1398
-1377
-1323
-1241
-1134
-1006
-866
-718
-570
-429
-301
-192
-104
-42
-5
5
-6
-37
-82
-136
-192
-242
-281
-301
-298
-268
-208
-117
3
150
319
505
699
894
1080
1249
1394
1506
1581
1614
1605
1553
1461
1333
1176
996
802
603
407
223
57
-83
-195
-274
-320
-334
-317
-273
-207
-124
-30
70
172
271
362
444
513
568
611
641
660
671
677
683
691
705
730
767
817
881
956
1038
1123
1203
1270
1317
1335
1317
1255
1146
988
781
528
234
-91
-440
-802
-1163
-1513
-1840
-2134
-2388
-2593
-2746
-2844
-2886
-2875
-2812
-2703
-2554
-2370
-2160
-1931
-1690
-1446
-1206
-976
-764
-574
-411
-278
-175
-103
-59
-41
-43
-59
-83
-109
-130
-140
-135
-112
-72
-15
56
137
223
308
386
452
500
528
533
516
477
420
349
269
187
109
41
-10
-40
-46
-25
22
95
192
307
436
574
716
855
988
1108
1214
1301
1368
1414
1437
1439
1418
1378
1318
1241
1147
1040
922
794
659
520
380
240
105
-21
-140
-245
-336
-411
-469
-509
-531
-538
-532
-513
-487
-455
-421
-388
-357
-333
-315
-304
-302
-308
-320
-339
-362
-388
-415
-441
-463
-480
-490
-491
-481
-460
-425
-378
-319
-248
-167
-78
13
107
199
283
357
417
461
485
488
471
434
379
309
226
136
42
-51
-141
-224
-299
-363
-417
-460
-494
-521
-542
-559
-575
-591
-610
-632
-659
-691
-729
-773
-822
-874
-929
-984
-1037
-1086
-1127
-1157
-1172
-1169
-1143
-1093
-1016
-911
-779
-622
-445
-251
-49
154
352
535
697
832
936
1006
1043
1049
1028
986
930
868
808
758
726
718
738
789
872
985
1127
1292
1472
1661
1849
2028
2188
2320
2417
2471
2480
2439
2348
2209
2027
1807
1559
1292
1017
744
483
245
35
-140
-281
-385
-456
-497
-517
-520
-516
-509
-508
-514
-531
-559
-596
-636
-675
-707
-723
-719
-690
-633
-547
-435
-302
-153
0
151
289
403
486
531
533
491
406
281
122
-62
-266
-480
-696
-907
-1106
-1289
-1453
-1597
-1720
-1825
-1912
-1983
-2040
-2083
-2113
-2129
-2129
-2112
-2074
-2013
-1926
-1812
-1669
-1499
-1302
-1081
-840
-584
-317
-47
219
479
725
952
1155
1333
1482
1600
1689
1748
1778
1783
1763
1724
1667
1597
1515
1427
1333
1238
1142
1048
956
867
781
697
615
533
451
368
283
197
109
22
-63
-145
-220
-288
-345
-390
-421
-438
-441
-431
-410
-379
-342
-302
-261
-223
-190
-164
-148
-141
-144
-158
-182
-214
-254
-300
-350
-402
-455
-507
-556
-601
-641
-674
-699
-716
-725
-724
-715
-699
-675
-647
-616
-584
-554
-529
-511
-503
-508
-527
-560
-609
-673
-749
-836
-929
-1023
-1113
-1194
-1260
-1305
-1325
-1316
-1274
-1199
-1091
-952
-786
-596
-389
-172
48
265
472
661
829
970
1083
1165
1218
1243
1242
1220
1181
1130
1070
1006
942
880
821
768
719
675
636
601
571
544
521
502
488
480
479
484
497
517
543
574
609
644
677
705
724
731
723
699
657
597
520
430
328
221
112
8
-88
-171
-237
-285
-312
-320
-311
-286
-250
-207
-162
-120
-83
-57
-44
-45
-61
-92
-135
-189
-250
-314
-379
-439
-492
-535
-566
-583
-588
-580
-562
-535
-501
-464
-423
-383
-342
-302
-262
-222
-181
-139
-94
-46
5
61
120
182
246
310
373
433
489
538
579
609
628
635
629
612
583
545
501
453
403
355
311
273
243
221
208
202
202
206
211
216
218
215
206
190
166
135
97
54
8
-39
-86
-131
-172
-206
-233
-251
-260
-260
-250
-232
-206
-174
-137
-99
-60
-23
8
34
53
62
61
49
26
-7
-52
-108
-172
-245
-323
-404
-487
-568
-646
-718
-783
-837
-881
-914
-934
-943
-939
-923
-897
-861
-815
-761
-700
-633
-560
-483
-402
-318
-230
-140
-47
47
143
241
338
434
526
613
693
762
819
861
885
891
878
844
791
720
633
532
422
307
190
77
-27
-121
-200
-260
-301
-322
-322
-302
-263
-208
-139
-59
28
121
217
312
404
490
568
637
695
742
776
797
806
801
784
754
711
657
590
513
424
327
221
108
-7
-126
-245
-362
-473
-578
-673
-757
-829
-888
-933
-965
-985
-993
-990
-978
-958
-931
-898
-860
-818
-771
-722
-670
-614
-557
-496
-433
-367
-298
-226
-150
-70
12
98
186
275
364
450
532
608
676
735
783
820
846
862
868
865
857
844
829
814
801
792
786
786
789
797
807
817
827
833
834
828
813
789
754
707
650
581
501
411
312
203
88
-33
-158
-286
-414
-539
-660
-774
-878
-970
-1048
-1110
-1156
-1185
-1198
-1196
-1180
-1152
-1114
-1070
-1021
-970
-917
-864
-812
-759
-705
-648
-588
-521
-448
-367
-278
-183
-82
21
126
228
325
415
493
559
610
645
664
667
654
626
584
532
470
400
327
250
174
101
32
-30
-86
-132
-169
-195
-212
-219
-217
-208
-191
-169
-143
-114
-85
-57
-30
-7
11
26
37
43
