120
82
44
5
-31
-65
-96
-122
-142
-156
-163
-163
-157
-145
-127
-105
-81
-54
-26
0
25
47
65
78
86
89
86
77
64
46
25
1
-23
-49
-73
-96
-116
-133
-146
-154
-158
-156
-150
-139
-124
-106
-86
-63
-40
-17
3
22
39
52
60
65
65
60
52
41
28
13
-1
-15
-28
-37
-44
-46
-45
-40
-31
-21
-8
4
17
29
39
46
50
51
48
42
33
21
6
-10
-28
-46
-65
-83
-100
-114
-126
-133
-136
-135
-128
-117
-100
-80
-55
-28
0
29
57
84
108
128
143
154
159
159
155
147
136
123
110
99
89
83
82
85
92
104
119
137
156
175
192
206
216
221
220
212
198
178
153
124
91
55
20
-15
-49
-80
-109
-133
-154
-170
-182
-190
-195
-196
-196
-195
-193
-190
-188
-187
-186
-187
-188
-190
-191
-193
-193
-193
-190
-186
-178
-168
-155
-138
-119
-96
-70
-42
-13
15
44
71
96
117
134
146
153
154
150
141
126
108
86
62
38
14
-7
-25
-39
-47
-50
-47
-38
-24
-6
14
36
56
74
87
95
96
89
74
53
25
-6
-41
-78
-114
-147
-175
-199
-216
-225
-228
-223
-212
-195
-173
-146
-117
-86
-54
-22
9
39
68
94
117
137
154
168
179
186
192
195
196
196
195
193
192
190
188
186
185
183
181
178
174
169
161
152
139
123
104
81
55
25
-6
-41
-78
-115
-153
-191
-227
-261
-291
-319
-342
-360
-372
-378
-378
-372
-358
-339
-313
-282
-247
-207
-166
-122
-79
-35
7
48
88
124
158
190
218
242
264
282
297
309
317
322
324
323
318
310
298
283
264
241
215
185
152
115
77
37
-4
-45
-85
-124
-160
-192
-219
-242
-259
-270
-275
-275
-270
-260
-247
-231
-213
-194
-174
-154
-135
-117
-100
-83
-68
-53
-39
-26
-13
-1
10
22
33
44
55
65
74
82
89
95
98
101
101
101
98
95
90
85
79
71
64
55
45
34
22
8
-6
-22
-39
-56
-74
-92
-109
-125
-139
-151
-159
-164
-164
-160
-152
-140
-125
-106
-85
-63
-40
-17
3
22
40
56
70
83
95
107
119
133
148
164
182
201
221
241
259
276
291
301
308
309
306
297
284
266
244
219
192
162
131
101
71
42
16
-7
-29
-47
-61
-73
-82
-89
-95
-99
-103
-107
-111
-117
-125
-135
-148
-162
-178
-195
-213
-231
-248
-262
-274
-282
-287
-287
-283
-274
-261
-245
-226
-203
-179
-153
-126
-99
-71
-44
-18
6
30
52
72
91
107
122
136
148
159
171
182
194
207
222
238
256
275
295
316
336
354
369
378
382
377
364
341
308
266
215
157
94
27
-40
-107
-171
-231
-284
-330
-367
-396
-416
-427
-429
-424
-411
-391
-365
-334
-298
-259
-216
-171
-124
-76
-28
18
63
106
144
178
206
228
244
253
254
250
239
223
203
179
152
123
94
65
37
12
-10
-30
-45
-56
-63
-65
-63
-58
-50
-39
-26
-13
0
13
26
36
45
51
54
55
54
50
44
37
29
21
14
7
2
-1
-4
-4
-3
-1
1
4
8
12
16
18
20
20
18
14
8
0
-9
-21
-35
-51
-67
-84
-102
-119
-136
-152
-167
-180
-191
-200
-208
-213
-216
-216
-214
-210
-203
-194
-182
-168
-152
-134
-115
-95
-73
-51
-29
-7
13
33
50
66
78
88
94
96
95
91
83
74
63
51
39
27
16
7
0
-3
-6
-6
-3
0
6
13
21
30
40
51
61
71
81
90
97
103
107
109
108
104
98
90
80
68
54
40
25
11
-2
-15
-26
-36
-45
-51
-57
-62
-67
-71
-77
-84
-93
-103
-114
-126
-138
-150
-161
-169
-174
-176
-173
-165
-152
-135
-113
-87
-58
-27
4
36
67
97
125
149
170
188
202
212
219
222
221
217
210
199
184
166
144
118
90
59
27
-5
-38
-69
-98
-123
-144
-159
-168
-171
-167
-156
-139
-116
-87
-54
-17
21
60
100
138
174
205
232
254
271
281
286
286
280
270
255
237
216
193
167
140
112
82
52
22
-8
-39
-70
-100
-129
-156
-182
-206
-226
-243
-257
-266
-272
-274
-271
-265
-255
-243
-227
-210
-191
-171
-150
-129
-109
-89
-69
-50
-31
-12
6
26
46
67
89
111
132
153
173
191
207
220
230
236
238
236
230
220
205
186
163
136
106
72
37
0
-37
-74
-110
-144
-174
-199
-219
-233
-240
-241
-234
-221
-202
-177
-147
-113
-77
-39
-1
36
73
108
139
167
191
211
226
235
239
238
232
221
206
186
163
136
107
76
44
12
-18
-46
-72
-94
-112
-124
-132
-134
-132
-124
-112
-97
-78
-57
-34
-10
13
36
57
76
92
104
112
115
113
105
92
74
51
25
-4
-36
-70
-104
-138
-170
-201
-229
-254
-275
-291
-304
-312
-315
-314
-308
-299
-285
-269
-249
-226
-200
-173
-143
-113
-81
-50
-19
10
38
64
87
106
120
131
137
138
135
128
117
102
85
66
46
25
5
-13
-30
-44
-57
-67
-74
-80
-84
-88
-91
-93
-96
-99
-102
-104
-106
-107
-106
-102
-95
-83
-66
-45
-18
13
49
88
130
172
215
256
294
328
357
381
399
411
416
414
406
392
373
348
320
288
254
219
185
151
120
93
69
49
34
23
17
14
15
18
22
26
29
29
27
20
8
-9
-31
-58
-89
-122
-157
-192
-225
-255
-281
-301
-316
-324
-326
-321
-311
-296
-277
-254
-229
-202
-175
-147
-120
-94
-69
-45
-21
0
21
42
62
81
101
119
137
153
168
180
190
197
200
200
196
188
176
160
140
117
93
66
39
13
-10
-33
-51
-66
-77
-82
-83
-80
-73
-63
-50
-37
-22
-9
3
14
22
28
31
31
29
23
16
6
-5
-17
-30
-43
-54
-63
-70
-73
-73
-68
-60
-47
-30
-10
11
35
59
84
106
126
144
158
168
175
178
178
176
171
165
158
149
140
131
120
109
97
84
71
56
40
24
7
-8
-25
-40
-54
-65
-74
-79
-81
-80
-76
-69
-60
-49
-38
-27
-16
-6
1
7
12
15
18
20
22
25
30
37
45
56
68
81
93
104
111
114
110
100
81
55
20
-22
-72
-129
-190
-254
-319
-384
-447
-506
-560
-606
-644
-673
-690
-697
-691
-674
-644
-604
-552
-491
-421
-345
-263
-178
-92
-8
71
144
210
265
308
339
357
363
359
345
323
296
266
235
206
179
156
137
123
114
109
106
105
106
106
106
104
101
95
88
79
68
56
44
31
18
4
-9
-24
-41
-59
-79
-102
-127
-155
-186
-220
-256
-295
-336
-378
-420
-461
-500
-534
-562
-582
-593
-593
-581
-555
-517
-466
-402
-327
-242
-149
-49
53
158
262
364
461
552
636
711
777
834
881
917
944
960
966
961
946
921
885
840
785
720
647
567
481
390
295
199
101
5
-88
-179
-265
-345
-418
-484
-540
-587
-623
-648
-661
-662
-651
-630
-598
-557
-508
-454
-397
-338
-279
-223
-171
-125
-85
-52
-27
-9
2
7
9
8
5
3
2
3
7
15
26
39
55
72
89
106
121
135
147
157
165
172
177
183
188
194
200
207
216
225
234
243
251
258
263
267
267
266
261
255
247
237
227
216
205
194
184
175
167
160
155
151
148
146
145
144
143
141
138
134
127
118
106
91
71
48
22
-7
-40
-75
-110
-146
-179
-210
-237
-258
-272
-279
-279
-271
-255
-232
-203
-170
-133
-94
-56
-19
13
41
63
79
89
92
91
85
76
65
53
41
31
22
16
11
7
4
1
-1
-5
-12
-22
-34
-49
-67
-88
-109
-131
-153
-172
-188
-200
-207
-208
-205
-196
-183
-166
-147
-127
-106
-87
-70
-56
-45
-37
-33
-33
-36
-42
-51
-60
-71
-83
-95
-106
-117
-127
-137
-146
-155
-164
-172
-180
-187
-193
-198
-200
-200
-196
-189
-177
-160
-138
-112
-81
-46
-9
30
71
111
149
185
217
243
264
278
285
286
280
268
250
227
199
169
136
101
66
32
-1
-32
-60
-85
-106
-123
-134
-141
-142
-138
-128
-115
-97
-75
-51
-26
0
25
50
73
93
110
123
132
136
136
132
124
113
100
84
67
50
32
15
0
-15
-28
-39
-48
-55
-60
-63
-64
-64
-63
-61
-59
-58
-57
-57
-58
-60
-63
-67
-70
-73
-76
-76
-76
-73
-68
-60
-51
-40
-28
-16
-4
7
17
26
32
37
40
41
41
39
37
34
30
27
23
20
17
14
11
8
5
2
-1
-5
-10
-16
-22
-28
-35
-42
-49
-55
-59
-62
-63
-62
-59
-54
-47
-39
-30
-20
-10
-1
7
15
22
27
32
35
37
39
41
43
46
50
55
61
69
77
87
96
106
114
122
127
131
132
130
125
117
106
93
77
59
40
20
0
-18
-36
-53
-68
-81
-93
-102
-110
-116
-120
-123
-125
-125
-124
-122
-119
-114
-107
-99
-88
-75
-59
-41
-20
2
26
51
76
99
120
137
149
155
155
148
136
117
94
66
36
4
-27
-57
-85
-109
-129
-144
-153
-157
-155
-148
-137
-122
-103
-82
-59
-36
-12
11
35
58
79
99
118
134
148
159
167
172
173
170
164
154
141
126
108
90
71
52
34
18
3
-7
-16
-23
-27
-28
-27
-24
-19
-13
-7
0
9
18
27
36
46
55
64
72
79
84
88
89
88
86
81
75
68
60
51
43
35
28
22
16
12
9
7
6
6
6
6
5
4
2
-1
-6
-13
-23
-34
-47
-62
-78
-96
-114
-132
-149
-166
-181
-195
-205
-213
-217
-218
-215
-209
-199
-186
-170
-152
-133
-112
-92
-72
-53
-35
-19
-5
5
13
19
23
25
25
23
21
18
16
13
12
13
15
19
25
33
43
55
67
80
92
103
112
118
122
123
121
117
111
103
95
86
79
73
68
66
66
68
73
79
86
94
103
110
116
120
120
118
111
99
83
61
35
3
-31
-71
-114
-160
-207
-255
-302
-346
-387
-422
-451
-472
-484
-486
-478
-461
-435
-400
-357
-309
-256
-201
-145
-89
-36
13
58
98
133
161
185
203
217
227
234
238
241
243
242
241
239
235
229
222
214
203
191
178
163
147
131
114
98
82
67
54
41
30
20
12
5
0
-5
-9
-12
-14
-16
-17
-17
-18
-18
-17
-17
-16
-16
-15
-15
-16
-17
-18
-20
-22
-24
-27
-29
-31
-32
-33
-32
-31
-29
-25
-20
-15
-8
-1
6
14
21
28
35
41
46
50
54
56
58
58
59
58
57
55
53
50
46
41
36
30
24
17
11
6
2
0
-2
-2
-1
1
5
10
16
