-1138
-1092
-1035
-971
-903
-832
-760
-688
-618
-548
-480
-414
-349
-286
-225
-165
-108
-53
-2
44
85
121
151
174
190
200
205
206
204
200
195
191
189
189
191
195
202
211
222
233
245
258
270
281
291
299
305
308
307
302
292
277
257
232
202
169
132
94
54
16
-20
-54
-85
-110
-129
-142
-149
-148
-141
-128
-109
-85
-57
-26
6
39
71
100
127
149
166
178
182
179
169
152
127
95
58
15
-30
-78
-125
-170
-211
-246
-272
-291
-300
-300
-292
-277
-258
-236
-214
-194
-180
-174
-177
-192
-220
-261
-315
-381
-457
-541
-631
-723
-813
-899
-977
-1044
-1096
-1132
-1149
-1146
-1123
-1079
-1015
-934
-836
-726
-607
-483
-358
-237
-124
-23
63
132
184
217
235
239
232
218
200
183
169
160
159
167
182
204
232
265
300
336
371
404
433
457
477
490
497
497
490
477
458
434
407
377
347
320
296
279
270
271
284
308
345
393
451
517
587
659
727
789
840
878
899
902
887
854
805
742
668
589
507
428
355
291
239
200
175
163
162
169
182
198
213
224
229
226
215
196
170
139
104
67
31
-1
-29
-51
-67
-77
-81
-82
-80
-80
-83
-92
-109
-136
-175
-225
-285
-354
-430
-510
-590
-668
-739
-802
-852
-889
-910
-913
-899
-867
-818
-753
-672
-579
-475
-362
-244
-123
-2
115
228
334
429
513
584
639
678
701
706
693
664
619
560
489
408
321
232
142
56
-21
-90
-146
-189
-217
-230
-230
-217
-195
-165
-132
-98
-67
-42
-26
-20
-28
-49
-83
-129
-186
-251
-321
-392
-460
-521
-569
-603
-617
-609
-578
-524
-445
-346
-227
-94
47
195
340
479
604
711
795
852
881
881
852
796
716
618
505
385
264
147
40
-50
-123
-175
-206
-217
-209
-187
-156
-121
-88
-61
-46
-46
-64
-100
-154
-224
-306
-396
-489
-580
-663
-734
-788
-822
-834
-824
-791
-737
-666
-579
-482
-378
-273
-169
-71
17
94
158
206
238
253
253
237
207
165
113
53
-11
-79
-146
-211
-270
-322
-364
-395
-414
-420
-413
-394
-364
-323
-274
-219
-159
-97
-35
24
80
131
175
210
237
256
266
268
264
253
238
220
200
180
161
144
131
121
117
119
128
142
163
189
219
252
286
318
348
372
390
401
404
400
389
375
358
340
325
315
310
312
321
337
360
386
416
446
476
502
524
540
548
549
541
524
499
468
430
388
343
296
251
207
167
131
99
71
46
24
3
-18
-42
-69
-103
-142
-188
-241
-300
-365
-433
-504
-575
-644
-710
-770
-822
-865
-898
-918
-925
-919
-899
-867
-823
-769
-706
-637
-562
-486
-409
-335
-264
-199
-141
-91
-49
-17
4
17
22
18
8
-6
-26
-47
-68
-88
-104
-115
-119
-116
-105
-86
-59
-25
15
60
109
159
208
256
299
338
372
399
421
437
449
457
462
467
471
475
482
489
498
508
519
528
535
539
538
532
519
499
473
439
400
356
309
259
209
160
112
68
29
-4
-33
-54
-69
-76
-77
-70
-56
-37
-13
14
43
73
102
129
152
171
185
193
196
194
184
168
145
113
72
21
-40
-114
-199
-294
-400
-513
-632
-754
-876
-993
-1101
-1197
-1276
-1335
-1369
-1378
-1358
-1310
-1234
-1132
-1006
-861
-702
-534
-365
-199
-44
95
214
309
379
422
441
438
417
382
340
294
251
215
189
175
175
188
215
252
299
351
407
464
519
570
616
657
690
716
736
748
754
753
747
736
720
699
673
643
609
569
525
476
422
364
301
235
166
95
25
-43
-110
-172
-228
-279
-322
-357
-385
-404
-416
-419
-415
-403
-384
-357
-325
-287
-244
-197
-148
-98
-48
0
43
83
117
143
161
168
164
148
119
75
18
-51
-134
-228
-329
-436
-544
-650
-749
-838
-911
-966
-999
-1008
-992
-951
-885
-797
-690
-568
-435
-298
-161
-31
87
189
272
333
372
389
385
364
330
287
240
193
151
117
94
83
86
102
130
168
214
266
321
376
429
477
519
553
579
597
606
607
600
587
567
542
511
475
435
389
340
286
229
169
108
47
-13
-71
-126
-177
-223
-264
-300
-332
-359
-382
-401
-417
-429
-436
-437
-432
-418
-395
-360
-312
-252
-178
-91
6
114
229
347
464
576
679
768
840
890
917
918
892
840
761
659
535
393
236
71
-99
-269
-435
-591
-734
-859
-965
-1047
-1106
-1140
-1150
-1137
-1102
-1050
-983
-906
-823
-737
-652
-572
-499
-434
-378
-331
-292
-260
-232
-209
-188
-167
-146
-125
-102
-80
-57
-35
-14
3
17
27
33
34
30
22
12
1
-9
-16
-18
-12
1
25
60
105
159
221
288
358
428
494
554
606
647
674
687
686
669
637
593
537
472
401
327
254
184
120
66
24
-4
-20
-22
-11
11
45
86
133
182
232
278
320
353
377
389
389
377
352
316
269
214
153
89
23
-39
-98
-150
-195
-230
-256
-271
-276
-271
-256
-234
-204
-170
-131
-90
-50
-11
23
52
75
91
98
98
91
77
57
34
9
-17
-44
-69
-93
-115
-135
-152
-166
-178
-186
-191
-192
-188
-178
-162
-137
-104
-63
-12
46
112
184
258
332
403
468
522
564
592
603
598
577
540
491
431
363
291
217
145
76
13
-43
-94
-139
-178
-215
-250
-285
-322
-361
-405
-451
-502
-556
-611
-667
-722
-774
-824
-868
-906
-937
-959
-972
-975
-966
-945
-911
-864
-804
-731
-646
-549
-442
-326
-204
-77
51
180
306
427
540
643
736
816
883
936
976
1003
1017
1018
1007
983
947
898
836
762
674
575
465
346
220
90
-38
-162
-278
-381
-467
-533
-576
-595
-591
-564
-519
-459
-389
-315
-243
-178
-125
-88
-69
-70
-89
-125
-174
-232
-295
-356
-410
-451
-477
-482
-464
-424
-360
-275
-173
-58
64
188
309
420
515
589
640
664
660
628
571
491
393
281
161
41
-74
-178
-265
-331
-373
-390
-381
-348
-294
-225
-145
-60
21
95
154
194
212
204
171
112
32
-66
-179
-298
-420
-536
-640
-728
-794
-835
-849
-837
-798
-735
-652
-553
-442
-326
-208
-93
14
113
201
278
345
402
451
494
534
572
611
652
694
738
783
827
870
908
939
963
976
979
971
952
923
885
839
787
731
672
610
546
481
415
347
276
204
129
52
-26
-104
-181
-256
-326
-390
-446
-494
-531
-558
-575
-583
-582
-573
-557
-537
-513
-486
-457
-427
-396
-365
-333
-300
-266
-231
-193
-153
-110
-65
-17
31
81
129
174
215
248
272
284
284
269
241
198
142
75
0
-83
-168
-252
-333
-406
-469
-520
-557
-579
-587
-581
-563
-537
-503
-466
-427
-389
-355
-324
-298
-276
-258
-242
-228
-215
-202
-188
-173
-158
-143
-128
-113
-100
-86
-73
-57
-38
-14
16
54
102
159
224
295
371
449
524
593
653
701
735
752
751
732
696
644
577
497
408
312
213
114
19
-68
-146
-209
-256
-284
-291
-278
-243
-187
-113
-22
83
199
322
449
575
697
810
912
998
1068
1117
1146
1153
1139
1104
1051
980
895
799
695
584
470
355
240
126
14
-96
-205
-314
-423
-533
-645
-759
-875
-993
-1111
-1228
-1342
-1450
-1550
-1638
-1713
-1771
-1811
-1831
-1831
-1810
-1768
-1708
-1629
-1535
-1427
-1309
-1183
-1052
-917
-784
-652
-526
-408
-299
-203
-120
-54
-5
25
39
37
21
-4
-36
-70
-99
-119
-125
-112
-77
-19
64
172
302
451
615
790
970
1150
1323
1484
1627
1748
1843
1909
1944
1947
1919
1862
1778
1673
1549
1412
1267
1119
972
831
698
575
464
366
280
205
140
82
31
-14
-59
-102
-144
-187
-228
-269
-306
-338
-364
-383
-393
-395
-389
-377
-362
-346
-332
-324
-324
-333
-353
-384
-425
-473
-525
-579
-630
-674
-708
-730
-738
-729
-706
-667
-616
-555
-486
-414
-342
-273
-209
-154
-108
-74
-51
-39
-38
-46
-61
-82
-106
-132
-155
-176
-190
-197
-195
-184
-163
-133
-94
-49
0
53
107
160
211
257
299
336
367
393
414
430
441
448
450
446
436
420
397
366
328
283
231
174
113
51
-10
-69
-124
-171
-210
-240
-258
-264
-259
-242
-214
-175
-128
-73
-13
50
115
179
239
293
339
375
399
411
411
399
376
346
309
270
232
197
170
152
145
152
172
204
248
300
357
414
465
507
532
537
518
473
401
303
182
41
-113
-276
-439
-596
-741
-866
-968
-1044
-1090
-1108
-1098
-1063
-1007
-935
-852
-764
-675
-589
-509
-437
-374
-320
-274
-235
-201
-172
-146
-123
-103
-87
-73
-63
-58
-57
-59
-65
-73
-81
-88
-92
-93
-89
-80
-67
-51
-34
-18
-6
-1
-5
-21
-51
-94
-151
-221
-301
-389
-480
-571
-658
-736
-803
-857
-895
-917
-921
-910
-883
-841
-787
-722
-646
-562
-468
-367
-258
-141
-17
115
254
399
549
701
853
1002
1144
1275
1390
1488
1563
1613
1637
1634
1606
1553
1480
1389
1286
1174
1057
941
827
719
618
524
438
358
284
213
145
77
9
-60
-131
-202
-274
-344
-411
-474
-529
-576
-614
-642
-659
-665
-661
-648
-627
-597
-561
-517
-467
-409
-342
-264
-175
-72
44
176
323
482
651
826
1003
1174
1336
1480
1601
1696
1758
1788
1782
1744
1674
1577
1457
1318
1168
1009
848
688
533
385
245
115
-3
-112
-210
-298
-377
-445
-504
-554
-596
-629
-656
-678
-696
-713
-731
-751
-777
-810
-851
-901
-959
-1023
-1090
-1156
-1217
-1266
-1298
-1307
-1288
-1239
-1155
-1039
-892
-718
-524
-317
-106
99
292
462
604
712
782
812
804
760
683
578
452
311
162
11
-135
-271
-394
-499
-584
-647
-688
-707
-704
-681
-639
-581
-509
-427
-337
-243
-148
-57
26
100
161
208
239
254
253
239
212
177
137
94
52
13
-20
-47
-67
-81
-90
-94
-96
-97
-98
-101
-106
-114
-123
-134
-145
-154
-161
-165
-163
-156
-143
-127
-107
-85
-65
-49
-39
-38
-49
-74
-113
-168
-236
-317
-406
-500
-594
-683
-762
-827
-873
-898
-901
-882
-843
-787
-716
-636
-551
-464
-379
-299
-226
-158
-96
-39
15
70
126
185
248
315
384
454
522
586
642
689
724
745
753
746
728
698
661
619
573
527
483
441
401
363
326
288
246
199
145
84
14
-61
-143
-227
-309
-387
-457
-514
-556
-582
-589
-580
-556
-519
-473
-423
-373
-326
-287
-258
-241
-236
-244
-261
-287
-319
-353
-387
-418
-445
-466
-480
-486
-483
-472
-450
-418
-374
-314
-239
-144
-28
109
269
452
654
872
1101
1333
1560
1774
1967
2128
2251
2330
2359
2336
2261
2135
1962
1749
1503
1234
950
662
380
112
-132
-349
-533
-680
-789
-859
-892
-889
-853
-789
-700
-592
-469
-338
-205
-74
47
156
247
319
369
398
404
392
365
325
279
231
186
148
121
108
109
124
152
191
235
281
323
