-805
-1015
-1212
-1388
-1538
-1659
-1747
-1800
-1816
-1798
-1748
-1670
-1568
-1451
-1324
-1194
-1070
-956
-859
-784
-732
-705
-702
-722
-759
-810
-868
-926
-976
-1013
-1030
-1024
-991
-930
-843
-732
-604
-463
-316
-172
-38
79
174
243
280
286
260
205
125
24
-88
-207
-323
-427
-511
-567
-592
-579
-529
-442
-322
-172
-1
185
379
573
759
931
1084
1214
1317
1393
1441
1461
1456
1429
1382
1321
1248
1168
1085
1001
921
844
772
704
638
574
509
440
365
283
192
93
-13
-127
-245
-366
-486
-602
-711
-809
-895
-965
-1018
-1053
-1070
-1070
-1053
-1023
-982
-934
-880
-824
-768
-713
-658
-603
-546
-484
-413
-333
-239
-132
-12
121
263
412
562
707
844
967
1072
1155
1216
1251
1264
1254
1224
1180
1124
1061
996
934
876
827
786
754
729
709
690
670
645
613
571
520
460
392
319
245
175
112
62
29
16
25
60
118
199
301
418
545
676
803
921
1021
1098
1148
1166
1152
1104
1026
920
791
645
488
328
170
22
-111
-227
-322
-396
-448
-481
-499
-504
-504
-502
-503
-512
-533
-569
-622
-693
-782
-889
-1011
-1145
-1288
-1436
-1581
-1720
-1846
-1955
-2040
-2099
-2128
-2126
-2092
-2029
-1938
-1822
-1685
-1532
-1365
-1189
-1008
-824
-640
-459
-281
-110
54
209
354
487
607
711
800
872
928
967
990
998
993
975
946
907
860
804
741
672
595
514
427
338
247
159
75
0
-62
-109
-138
-146
-132
-95
-37
40
135
245
365
491
618
744
863
974
1072
1155
1223
1273
1306
1321
1318
1298
1262
1212
1148
1072
988
897
802
705
608
512
418
326
235
146
56
-35
-131
-231
-336
-447
-564
-685
-809
-934
-1057
-1175
-1285
-1384
-1468
-1536
-1585
-1613
-1621
-1608
-1576
-1527
-1463
-1387
-1303
-1212
-1118
-1023
-929
-836
-747
-661
-579
-502
-429
-361
-298
-241
-191
-147
-112
-84
-66
-55
-52
-56
-64
-75
-87
-97
-102
-102
-95
-79
-57
-28
4
39
73
103
126
140
142
133
111
77
33
-18
-75
-134
-191
-243
-286
-318
-336
-339
-327
-300
-259
-206
-144
-75
-4
65
132
192
242
282
312
330
339
339
332
320
305
289
273
257
244
235
230
233
243
265
297
343
402
473
556
647
744
842
936
1023
1097
1153
1188
1197
1179
1132
1055
951
822
671
503
325
143
-36
-208
-366
-505
-622
-715
-783
-825
-842
-836
-808
-762
-699
-622
-532
-432
-323
-207
-84
44
176
312
450
588
724
858
988
1112
1228
1334
1427
1507
1570
1613
1634
1629
1597
1534
1440
1313
1154
963
743
498
232
-49
-340
-635
-926
-1207
-1472
-1716
-1934
-2123
-2283
-2412
-2513
-2587
-2639
-2673
-2693
-2702
-2703
-2698
-2688
-2670
-2640
-2596
-2532
-2443
-2323
-2169
-1980
-1754
-1493
-1201
-883
-546
-198
150
492
818
1118
1387
1618
1807
1952
2053
2109
2125
2104
2052
1974
1876
1765
1647
1526
1408
1296
1193
1099
1017
946
885
833
789
752
722
697
678
663
654
650
651
657
668
683
704
727
754
784
815
847
879
912
946
980
1015
1051
1088
1127
1165
1203
1238
1269
1293
1309
1313
1303
1276
1232
1169
1085
981
857
714
554
377
188
-11
-218
-430
-644
-856
-1065
-1267
-1459
-1640
-1806
-1956
-2088
-2201
-2293
-2363
-2413
-2442
-2450
-2441
-2414
-2372
-2317
-2251
-2174
-2088
-1996
-1897
-1792
-1684
-1573
-1460
-1348
-1237
-1129
-1025
-927
-834
-748
-666
-587
-509
-430
-347
-256
-154
-41
87
230
388
560
743
933
1125
1314
1494
1657
1798
1911
1990
2033
2038
2006
1937
1837
1710
1562
1401
1232
1064
900
747
608
485
380
294
226
175
138
113
99
92
90
91
93
95
95
94
91
86
81
77
74
75
79
86
97
110
123
133
138
136
123
99
63
15
-41
-103
-167
-225
-272
-304
-314
-301
-262
-198
-113
-10
102
218
329
427
505
556
578
567
525
453
358
244
118
-10
-136
-252
-354
-437
-500
-541
-562
-565
-552
-527
-495
-459
-423
-392
-368
-354
-353
-366
-395
-438
-495
-564
-643
-728
-816
-903
-985
-1057
-1115
-1157
-1178
-1177
-1153
-1106
-1037
-949
-844
-726
-600
-472
-345
-226
-118
-25
50
107
145
163
166
153
130
99
64
29
-3
-31
-53
-69
-77
-79
-78
-75
-74
-76
-84
-100
-124
-158
-199
-245
-294
-340
-381
-411
-427
-426
-406
-368
-312
-240
-155
-63
34
133
229
322
410
492
570
644
716
787
860
934
1011
1089
1168
1246
1321
1390
1452
1503
1544
1572
1588
1593
1587
1571
1549
1520
1486
1448
1406
1359
1306
1245
1173
1088
988
872
737
585
417
234
41
-156
-354
-546
-725
-885
-1022
-1131
-1210
-1259
-1279
-1273
-1247
-1204
-1154
-1101
-1054
-1019
-1000
-1003
-1030
-1082
-1160
-1262
-1384
-1525
-1678
-1840
-2004
-2166
-2321
-2462
-2587
-2690
-2770
-2823
-2848
-2844
-2811
-2749
-2657
-2537
-2388
-2212
-2008
-1779
-1524
-1247
-950
-635
-309
25
362
695
1017
1324
1611
1873
2107
2312
2489
2639
2764
2869
2957
3033
3101
3163
3222
3279
3333
3384
3428
3464
3488
3498
3492
3469
3429
3371
3299
3213
3115
3008
2893
2772
2643
2508
2367
2217
2061
1898
1729
1557
1385
1215
1051
897
754
626
512
412
325
247
175
102
24
-66
-176
-308
-468
-658
-877
-1124
-1394
-1683
-1982
-2284
-2580
-2862
-3121
-3352
-3549
-3707
-3826
-3903
-3940
-3940
-3904
-3836
-3740
-3621
-3481
-3324
-3152
-2967
-2770
-2560
-2338
-2103
-1854
-1590
-1313
-1022
-720
-411
-98
212
515
801
1065
1300
1498
1656
1771
1841
1866
1849
1794
1708
1595
1464
1323
1179
1038
908
792
696
621
568
537
525
530
549
576
610
644
677
705
726
738
740
732
713
685
648
603
552
496
436
372
306
238
167
94
19
-58
-138
-222
-308
-396
-486
-577
-667
-755
-840
-921
-994
-1060
-1117
-1164
-1199
-1224
-1237
-1238
-1230
-1211
-1185
-1152
-1114
-1072
-1030
-987
-944
-903
-864
-825
-785
-745
-701
-654
-600
-541
-475
-402
-323
-239
-152
-63
25
113
197
275
346
407
459
497
523
533
528
507
469
415
347
265
172
70
-36
-146
-255
-362
-462
-556
-639
-711
-770
-815
-844
-857
-853
-831
-792
-738
-670
-591
-506
-419
-334
-257
-193
-144
-113
-103
-112
-139
-182
-235
-294
-353
-405
-445
-467
-467
-443
-393
-318
-221
-105
23
159
296
428
550
657
749
823
880
924
957
983
1007
1033
1064
1103
1153
1214
1285
1366
1455
1549
1644
1736
1821
1894
1951
1987
2001
1989
1951
1886
1796
1682
1547
1394
1227
1050
867
680
494
311
134
-36
-196
-346
-484
-609
-721
-817
-898
-964
-1012
-1044
-1057
-1053
-1030
-988
-929
-854
-764
-662
-552
-439
-327
-221
-126
-46
13
50
63
51
14
-44
-124
-220
-328
-444
-564
-682
-794
-895
-982
-1050
-1097
-1119
-1115
-1083
-1023
-935
-823
-687
-530
-357
-170
26
227
431
631
825
1007
1174
1320
1443
1539
1604
1637
1637
1605
1542
1452
1340
1211
1071
926
784
650
531
431
354
303
279
284
317
376
457
556
667
785
903
1014
1111
1191
1248
1279
1284
1263
1217
1150
1065
966
856
739
618
495
371
248
126
6
-111
-225
-335
-440
-537
-626
-704
-770
-823
-862
-888
-902
-905
-902
-897
-894
-897
-913
-944
-995
-1068
-1162
-1278
-1414
-1564
-1724
-1888
-2048
-2198
-2331
-2440
-2520
-2568
-2580
-2557
-2497
-2402
-2275
-2120
-1939
-1738
-1520
-1290
-1053
-812
-573
-340
-116
92
284
454
600
719
812
877
916
930
923
897
857
808
753
697
644
598
562
539
529
534
553
584
624
671
720
767
809
842
864
872
867
849
819
779
731
679
625
571
519
470
424
381
340
301
264
228
193
159
129
103
82
66
58
55
59
66
75
82
86
81
66
36
-8
-71
-152
-249
-362
-486
-617
-749
-877
-994
-1095
-1174
-1226
-1250
-1244
-1208
-1144
-1057
-953
-836
-715
-596
-487
-392
-316
-263
-235
-231
-250
-290
-347
-416
-493
-572
-650
-721
-783
-831
-864
-880
-877
-857
-820
-767
-701
-625
-540
-450
-356
-262
-167
-74
17
108
199
290
382
477
576
679
788
904
1027
1157
1293
1434
1579
1723
1865
1999
2121
2227
2312
2374
2408
2413
2388
2333
2248
2134
1994
1830
1645
1442
1223
993
754
512
270
30
-201
-424
-635
-833
-1015
-1181
-1330
-1463
-1580
-1678
-1759
-1820
-1861
-1879
-1873
-1842
-1784
-1699
-1588
-1451
-1291
-1112
-917
-713
-504
-297
-97
90
262
413
542
647
727
783
816
827
818
791
747
690
621
542
457
368
277
188
103
26
-39
-92
-127
-141
-131
-96
-33
58
176
321
486
668
860
1055
1243
1418
1571
1696
1786
1838
1848
1817
1744
1631
1483
1303
1096
867
623
368
108
-150
-405
-649
-879
-1091
-1281
-1447
-1586
-1697
-1779
-1831
-1857
-1858
-1839
-1802
-1754
-1698
-1641
-1585
-1535
-1491
-1456
-1426
-1399
-1371
-1335
-1283
-1208
-1102
-959
-773
-541
-263
57
415
801
1202
1603
1989
2344
2652
2900
3077
3176
3193
3129
2989
2782
2519
2214
1883
1542
1204
883
590
333
116
-57
-192
-290
-358
-404
-434
-457
-479
-506
-541
-585
-639
-701
-769
-838
-906
-968
-1023
-1068
-1102
-1124
-1137
-1140
-1136
-1128
-1118
-1108
-1100
-1096
-1096
-1101
-1111
-1124
-1139
-1155
-1169
-1182
-1189
-1192
-1187
-1175
-1155
-1126
-1089
-1043
-989
-927
-857
-780
-695
-603
-504
-399
-288
-172
-52
71
197
323
447
567
682
788
884
968
1040
1096
1138
1163
1173
1167
1147
1113
1067
1011
948
880
810
740
673
609
552
500
453
410
368
323
274
214
142
53
-53
-179
-324
-484
-657
-835
-1013
-1183
-1338
-1469
-1570
-1636
-1662
-1647
-1591
-1494
-1360
-1195
-1002
-790
-565
-334
-105
117
327
519
690
837
958
1051
1117
1156
1168
1155
1118
1059
979
882
770
646
515
380
246
120
7
-86
-154
-192
-195
-159
-85
26
174
351
551
766
984
1195
1389
1556
1684
1768
1801
1781
1706
1579
1404
1188
941
672
392
112
-156
-406
-629
-819
-973
-1090
-1170
-1215
-1231
-1221
-1192
-1149
-1098
-1044
-991
-942
-899
-861
-830
-802
-776
-750
-721
-687
-646
-598
-543
-479
-410
-335
-257
-177
-99
-22
50
117
179
235
284
325
359
385
402
409
406
392
368
334
291
241
188
135
86
45
16
4
12
41
93
168
265
381
512
653
799
942
1076
1195
1292
1363
1403
1411
1385
1328
1241
1129
997
851
699
546
400
265
148
50
-24
-77
-109
-122
-120
-107
-89
-68
-48
-33
-23
-18
-18
-21
-25
-27
-26
-18
-3
18
46
81
118
155
188
214
228
227
206
164
96
3
-116
-261
-431
-620
-825
-1039
-1255
-1464
-1658
-1827
-1962
-2056
-2101
-2092
-2027
-1906
-1730
-1505
-1237
-936
-614
-282
45
358
643
891
1093
1243
1336
1372
1351
1276
1150
979
770
530
266
-13
-303
-595
-882
-1157
-1413
-1645
-1846
-2011
-2135
-2215
-2246
-2229
-2163
-2050
-1896
-1705
-1485
-1246
-998
-750
-512
-294
-104
53
173
254
296
301
274
220
146
59
-31
-120
-198
-260
-300
-315
-302
-261
-192
-98
18
152
298
451
603
750
886
1005
1103
1177
1225
1245
1239
1207
1152
1077
987
887
783
682
589
511
454
422
420
449
511
