66
78
90
102
114
125
134
140
143
144
140
133
122
109
93
75
56
38
21
5
-6
-15
-19
-17
-11
0
16
36
58
82
105
126
143
154
160
159
151
137
117
93
65
36
6
-23
-50
-75
-97
-115
-128
-138
-143
-144
-142
-138
-130
-122
-112
-102
-93
-85
-79
-75
-73
-73
-76
-81
-88
-96
-105
-115
-126
-136
-145
-153
-160
-164
-166
-166
-164
-158
-151
-142
-131
-119
-106
-93
-80
-68
-55
-43
-31
-20
-8
3
16
29
43
58
75
92
111
130
151
171
191
211
229
245
258
268
274
276
272
263
248
228
202
171
136
97
57
15
-26
-68
-107
-143
-175
-203
-225
-242
-252
-256
-254
-245
-230
-208
-181
-150
-114
-76
-36
4
44
82
117
147
173
193
207
214
215
210
200
185
166
144
121
97
74
52
32
15
2
-8
-14
-17
-17
-13
-5
3
14
27
40
53
64
74
81
86
87
85
79
70
58
44
27
10
-7
-24
-41
-57
-70
-81
-90
-96
-100
-102
-101
-98
-94
-88
-82
-76
-70
-64
-59
-55
-53
-52
-51
-52
-54
-56
-59
-61
-63
-64
-64
-64
-63
-62
-61
-61
-61
-63
-68
-75
-84
-96
-109
-125
-141
-157
-172
-185
-194
-200
-202
-198
-190
-176
-157
-134
-107
-77
-45
-12
21
55
87
119
148
175
199
221
240
256
270
282
291
299
305
311
315
319
322
323
324
322
319
314
306
295
282
265
246
223
198
170
140
109
76
43
11
-20
-50
-78
-103
-126
-145
-160
-172
-181
-187
-190
-190
-188
-185
-181
-176
-171
-166
-161
-158
-155
-153
-152
-151
-151
-150
-149
-147
-144
-140
-134
-126
-116
-105
-93
-80
-67
-55
-44
-35
-29
-25
-23
-26
-31
-39
-50
-63
-78
-95
-112
-129
-146
-162
-175
-187
-196
-202
-205
-204
-200
-192
-181
-166
-148
-127
-104
-79
-53
-25
1
27
53
76
98
116
132
143
152
156
156
153
145
134
120
102
81
58
33
7
-18
-44
-68
-90
-109
-123
-133
-137
-136
-129
-117
-99
-76
-50
-20
10
42
74
104
132
156
177
194
207
217
223
225
226
224
221
217
212
206
200
194
187
181
175
168
161
153
145
136
127
116
105
93
81
68
55
41
27
13
0
-12
-26
-38
-51
-64
-78
-93
-109
-126
-145
-167
-190
-214
-239
-265
-290
-314
-335
-353
-367
-376
-379
-376
-367
-351
-329
-302
-270
-233
-194
-152
-110
-67
-25
14
53
89
122
153
182
207
231
252
272
291
308
326
342
358
375
390
405
419
430
439
445
447
444
437
425
408
387
362
334
303
271
239
207
176
147
120
97
77
60
46
35
27
20
15
11
7
2
-3
-11
-21
-33
-48
-65
-84
-106
-130
-154
-180
-205
-230
-253
-275
-295
-313
-329
-343
-355
-365
-373
-381
-387
-393
-398
-403
-406
-409
-410
-409
-406
-398
-386
-369
-346
-316
-279
-235
-184
-127
-64
3
75
148
222
293
361
422
474
516
546
562
564
551
524
482
428
363
289
208
125
40
-41
-119
-189
-249
-298
-335
-358
-367
-363
-346
-318
-280
-234
-183
-127
-70
-14
40
90
135
174
205
228
243
249
247
238
222
201
176
148
118
88
59
31
5
-16
-36
-53
-67
-79
-89
-98
-106
-114
-122
-130
-139
-149
-160
-172
-184
-196
-209
-221
-232
-241
-247
-251
-251
-247
-238
-226
-209
-188
-164
-137
-107
-77
-47
-16
12
40
65
89
109
127
143
157
168
178
187
194
201
206
210
213
213
212
207
199
188
174
157
136
114
89
62
35
8
-17
-42
-64
-84
-100
-112
-119
-121
-119
-112
-100
-84
-64
-43
-20
3
26
47
65
81
92
99
102
100
94
83
69
52
34
15
-3
-20
-35
-47
-55
-59
-61
-59
-54
-47
-40
-31
-23
-15
-8
-2
3
9
15
22
31
41
54
69
86
105
125
146
168
188
208
226
241
254
264
270
274
274
271
266
257
245
230
212
190
165
136
104
68
28
-15
-62
-112
-164
-218
-270
-321
-369
-411
-445
-471
-486
-490
-482
-463
-432
-390
-340
-283
-221
-157
-92
-30
27
79
123
158
185
201
209
208
200
185
165
141
115
89
63
39
18
0
-14
-26
-33
-38
-41
-42
-42
-41
-40
-40
-40
-42
-45
-49
-53
-58
-62
-65
-67
-67
-65
-60
-54
-45
-34
-22
-10
1
12
22
29
33
34
32
28
20
11
0
-13
-26
-39
-51
-62
-72
-80
-85
-88
-88
-86
-81
-73
-63
-50
-36
-21
-4
11
28
43
58
71
82
92
99
105
108
110
110
108
104
100
94
89
83
77
73
69
66
63
62
61
61
60
59
57
54
50
45
38
31
22
13
4
-4
-14
-23
-32
-40
-48
-55
-61
-67
-72
-77
-80
-83
-86
-88
-90
-91
-92
-93
-94
-95
-96
-96
-96
-95
-92
-89
-83
-75
-66
-54
-40
-24
-7
11
30
49
67
84
100
114
126
135
142
145
146
144
140
134
126
117
107
97
86
75
64
53
42
30
18
4
-10
-26
-42
-59
-76
-92
-106
-118
-126
-129
-129
-123
-112
-97
-78
-56
-32
-7
18
42
66
87
105
120
133
142
148
151
151
148
143
136
126
113
99
82
64
44
23
1
-20
-41
-61
-79
-95
-108
-118
-125
-127
-127
-123
-117
-108
-98
-87
-75
-64
-53
-43
-35
-28
-24
-21
-20
-20
-21
-24
-27
-29
-32
-34
-36
-36
-35
-32
-29
-24
-19
-13
-7
-1
3
7
11
13
14
14
13
11
8
5
1
-3
-9
-16
-23
-31
-39
-47
-56
-65
-74
-82
-90
-98
-104
-110
-114
-116
-116
-113
-108
-100
-90
-78
-63
-47
-30
-12
5
24
42
60
78
94
111
126
141
154
167
179
189
197
203
206
206
202
194
182
165
143
117
88
56
23
-10
-44
-75
-103
-128
-147
-162
-171
-175
-173
-167
-157
-143
-126
-106
-84
-60
-35
-9
16
42
68
93
116
136
153
167
177
182
183
180
173
163
151
137
123
110
97
87
79
74
71
70
72
76
81
86
91
96
100
102
103
102
100
95
88
80
70
58
46
32
17
1
-15
-32
-49
-67
-84
-100
-116
-129
-141
-150
-157
-161
-163
-163
-162
-158
-154
-149
-144
-139
-135
-131
-128
-126
-125
-125
-125
-126
-127
-129
-131
-133
-136
-139
-142
-144
-147
-149
-150
-151
-150
-148
-144
-137
-128
-116
-100
-82
-61
-37
-11
15
43
71
98
123
146
167
185
199
210
216
220
219
216
209
200
189
177
163
149
135
121
109
98
88
81
76
73
74
76
82
89
98
109
119
130
139
147
152
154
152
145
135
119
99
74
45
12
-23
-61
-100
-139
-178
-215
-250
-281
-310
-335
-357
-375
-390
-402
-411
-417
-420
-421
-420
-417
-412
-405
-395
-383
-368
-351
-330
-305
-277
-245
-210
-171
-129
-85
-40
5
50
94
135
173
205
233
255
270
280
283
281
272
259
242
221
198
173
147
122
98
77
58
42
29
20
15
13
15
21
30
42
56
72
89
107
125
141
157
170
181
188
192
192
188
180
170
156
140
122
105
88
72
59
49
43
40
42
48
58
71
88
106
126
146
166
184
201
214
225
232
236
236
232
225
215
203
188
171
152
131
109
85
60
35
8
-17
-44
-70
-95
-119
-141
-162
-179
-195
-207
-216
-222
-225
-225
-222
-218
-212
-204
-196
-187
-179
-171
-164
-158
-152
-148
-143
-139
-135
-130
-123
-115
-105
-92
-77
-60
-40
-19
2
25
47
70
91
110
128
143
155
165
172
176
178
177
172
166
156
144
129
113
94
74
52
29
6
-16
-38
-59
-78
-94
-107
-115
-120
-121
-118
-111
-100
-88
-73
-58
-43
-29
-17
-6
0
6
8
9
7
4
1
-2
-6
-9
-12
-13
-13
-13
-11
-9
-8
-7
-8
-10
-14
-22
-32
-44
-60
-77
-96
-115
-135
-155
-174
-191
-206
-218
-227
-234
-236
-235
-229
-219
-205
-187
-166
-141
-113
-84
-53
-22
7
36
63
87
108
125
138
146
150
150
145
138
127
113
98
82
65
48
33
18
6
-3
-10
-14
-15
-12
-7
0
10
22
35
49
62
75
88
99
109
117
124
128
131
133
132
130
127
123
117
112
105
99
92
85
77
69
61
51
42
31
20
8
-3
-16
-29
-42
-55
-67
-79
-88
-96
-100
-101
-99
-92
-81
-67
-49
-28
-6
16
39
60
78
93
104
110
111
107
98
85
69
49
28
6
-15
-35
-54
-70
-84
-94
-100
-104
-104
-103
-100
-95
-91
-87
-83
-80
-78
-76
-74
-72
-70
-66
-61
-53
-44
-32
-19
-4
11
28
45
63
79
95
110
124
137
148
157
165
170
173
174
171
165
155
142
125
106
85
62
39
15
-6
-27
-46
-62
-75
-85
-92
-95
-96
-95
-92
-88
-84
-81
-79
-78
-80
-83
-89
-97
-107
-118
-130
-142
-154
-165
-175
-183
-188
-190
-188
-181
-171
-155
-136
-112
-85
-55
-24
7
39
70
97
121
140
154
161
162
157
146
128
106
80
52
22
-7
-36
-62
-84
-101
-113
-119
-120
-114
-103
-88
-70
-49
-27
-6
14
32
48
59
67
71
71
68
63
57
50
44
39
36
36
38
42
48
55
62
68
73
77
78
77
74
69
62
55
47
40
34
29
25
24
24
26
29
32
36
39
41
41
40
36
31
24
16
6
-3
-14
-26
-37
-49
-60
-70
-79
-87
-93
-97
-100
-100
-97
-92
-85
-75
-62
-48
-33
-16
0
17
33
47
60
71
79
84
87
86
83
77
70
61
51
41
32
24
17
11
8
8
9
13
20
28
38
48
60
72
83
94
103
111
117
121
122
120
116
110
102
91
80
68
56
44
32
22
13
5
-1
-7
-12
-17
-22
-28
-35
-43
-53
-64
-77
-90
-103
-117
-128
-138
-145
-148
-148
-143
-134
-122
-107
-90
-70
-51
-31
-13
2
17
28
37
44
47
49
48
45
41
35
28
20
11
2
-6
-14
-22
-28
-33
-36
-37
-36
-33
-27
-20
-11
0
12
25
40
54
69
83
95
106
115
121
125
125
123
118
111
101
89
75
59
41
22
1
-19
-42
-65
-88
-111
-134
-156
-177
-197
-216
-233
-248
-262
-275
-285
-295
-304
-311
-317
-322
-325
-326
-325
-321
-313
-302
-288
-271
-251
-229
-204
-179
-153
-127
-101
-76
-51
-28
-6
13
33
52
70
87
105
123
142
162
183
206
229
253
278
302
326
349
370
389
406
419
429
435
438
437
432
423
410
394
374
351
325
297
267
235
203
170
137
104
71
39
6
