-79
-89
-92
-89
-80
-64
-43
-17
12
45
79
112
143
172
196
214
227
233
233
227
214
197
175
149
121
91
59
27
-5
-36
-68
-98
-127
-154
-181
-205
-228
-249
-267
-282
-295
-304
-310
-313
-312
-307
-299
-289
-277
-263
-249
-236
-224
-214
-207
-204
-205
-210
-220
-234
-252
-272
-295
-318
-339
-359
-374
-384
-388
-384
-371
-349
-319
-280
-233
-179
-120
-57
6
70
132
189
241
287
324
354
376
391
399
403
403
401
398
395
393
392
393
395
397
398
397
393
385
373
355
332
303
269
230
188
144
98
53
10
-29
-65
-96
-121
-140
-153
-161
-164
-163
-159
-153
-147
-140
-135
-131
-129
-129
-131
-135
-140
-147
-154
-161
-168
-175
-181
-186
-190
-194
-196
-198
-201
-203
-206
-211
-216
-222
-229
-237
-245
-252
-257
-259
-259
-254
-244
-230
-210
-186
-157
-124
-88
-50
-11
28
66
102
135
164
188
206
219
226
228
224
215
202
187
169
150
132
114
98
85
75
69
67
69
76
87
102
120
140
162
184
207
227
246
261
271
277
278
273
262
246
225
201
175
147
119
91
65
42
22
5
-7
-17
-24
-29
-31
-32
-33
-33
-33
-34
-37
-40
-44
-49
-55
-60
-66
-71
-75
-78
-80
-79
-77
-73
-67
-60
-51
-41
-30
-19
-8
3
14
24
34
42
49
55
60
62
63
62
59
54
48
40
32
22
12
2
-7
-17
-26
-35
-42
-49
-54
-59
-62
-64
-66
-66
-65
-63
-60
-56
-51
-45
-38
-31
-24
-16
-9
-4
0
3
4
3
0
-6
-14
-25
-36
-50
-63
-78
-91
-104
-116
-126
-133
-138
-140
-140
-137
-131
-123
-112
-98
-83
-65
-46
-26
-4
16
38
59
78
96
111
124
133
140
143
144
142
139
134
129
125
121
119
119
121
126
134
144
156
168
180
190
198
202
201
195
183
164
140
111
77
39
0
-42
-83
-124
-162
-197
-227
-253
-273
-287
-296
-299
-296
-288
-275
-259
-239
-216
-192
-167
-141
-116
-91
-68
-46
-27
-11
1
12
19
23
25
23
20
15
9
1
-6
-14
-21
-28
-34
-38
-41
-43
-43
-41
-39
-35
-30
-25
-19
-13
-6
0
5
11
17
21
25
28
29
30
29
27
24
21
18
15
12
10
10
11
14
19
26
35
46
58
71
84
96
108
118
127
133
137
139
138
135
131
125
117
109
99
89
78
67
54
41
26
11
-5
-22
-40
-58
-76
-92
-108
-121
-131
-138
-141
-139
-134
-123
-108
-90
-68
-44
-19
6
31
55
77
95
110
122
129
133
133
130
123
113
101
86
70
51
32
13
-6
-25
-42
-57
-69
-78
-83
-83
-79
-71
-59
-44
-27
-10
5
18
29
34
34
27
14
-3
-27
-54
-84
-116
-147
-176
-202
-224
-240
-252
-258
-258
-254
-246
-234
-221
-205
-189
-173
-157
-142
-128
-115
-101
-88
-73
-56
-38
-17
6
33
62
94
127
161
194
226
256
282
305
324
338
347
352
353
350
344
337
327
317
307
296
286
275
264
252
239
225
209
190
170
147
122
94
65
34
2
-30
-63
-95
-127
-157
-184
-209
-230
-247
-261
-269
-274
-274
-269
-261
-248
-233
-215
-196
-176
-157
-139
-124
-112
-105
-101
-103
-108
-118
-130
-145
-160
-175
-189
-200
-206
-208
-204
-194
-179
-157
-130
-99
-64
-27
10
48
86
121
154
182
207
227
241
251
254
252
245
231
213
189
161
129
95
60
24
-9
-40
-68
-90
-107
-116
-118
-114
-102
-85
-64
-40
-14
11
35
56
73
85
93
95
93
87
78
67
54
41
29
17
6
-2
-10
-17
-23
-28
-33
-38
-44
-51
-58
-66
-75
-84
-93
-101
-108
-114
-117
-119
-118
-114
-109
-101
-92
-82
-71
-58
-46
-34
-21
-9
2
13
23
32
40
47
53
58
61
62
63
62
59
56
51
46
40
35
30
27
26
26
30
36
44
55
68
82
97
111
124
135
142
146
144
138
126
109
89
64
37
9
-18
-44
-67
-86
-101
-110
-114
-113
-107
-97
-83
-68
-52
-35
-21
-8
0
5
5
1
-8
-23
-43
-66
-93
-121
-150
-178
-203
-225
-242
-252
-255
-251
-238
-217
-188
-152
-110
-64
-14
35
84
131
172
208
235
254
265
268
263
251
234
215
194
173
155
141
133
131
135
146
162
182
205
228
249
267
279
284
280
267
244
212
172
126
75
21
-33
-87
-137
-182
-221
-252
-275
-290
-296
-293
-283
-267
-244
-216
-185
-150
-115
-79
-43
-9
21
50
76
98
117
133
147
159
170
180
190
201
211
220
229
236
239
238
232
219
199
172
139
98
52
1
-51
-106
-161
-213
-262
-305
-341
-370
-390
-402
-404
-398
-384
-363
-337
-305
-271
-234
-197
-159
-123
-89
-57
-27
0
23
45
65
83
100
116
131
146
159
172
183
192
199
204
205
202
196
185
172
154
134
112
88
64
39
15
-6
-26
-43
-57
-68
-75
-79
-80
-79
-75
-70
-63
-56
-49
-41
-32
-23
-12
0
12
28
45
63
82
101
119
135
147
154
156
151
139
120
94
62
23
-19
-66
-115
-164
-211
-254
-293
-324
-347
-362
-367
-363
-350
-329
-302
-269
-233
-194
-154
-116
-79
-47
-18
4
22
34
41
42
39
31
20
7
-7
-21
-34
-44
-52
-56
-56
-51
-42
-30
-15
2
21
40
59
77
93
107
119
129
137
144
149
154
158
162
167
172
178
184
191
198
204
209
213
215
213
209
202
191
177
160
141
119
95
71
45
18
-7
-34
-61
-87
-113
-137
-159
-179
-197
-212
-223
-231
-235
-236
-233
-226
-216
-203
-188
-170
-151
-130
-109
-87
-65
-44
-23
-3
14
31
47
61
74
86
96
106
115
124
133
141
150
158
167
176
184
193
200
207
213
217
219
218
215
208
197
182
163
139
110
76
37
-4
-49
-97
-146
-195
-244
-290
-334
-373
-406
-433
-453
-465
-468
-462
-447
-422
-390
-349
-300
-246
-187
-125
-60
4
69
131
190
245
295
338
375
404
426
441
447
447
439
425
406
381
351
318
282
244
204
163
122
82
43
5
-28
-60
-88
-111
-130
-144
-154
-159
-160
-159
-155
-150
-144
-138
-132
-127
-124
-121
-120
-119
-119
-118
-117
-115
-112
-108
-104
-98
-93
-88
-84
-81
-82
-85
-92
-102
-115
-131
-150
-169
-188
-207
-223
-236
-244
-247
-244
-235
-219
-198
-171
-140
-105
-67
-28
10
49
85
119
149
174
195
211
221
227
229
227
222
214
204
194
184
175
167
162
158
157
158
159
161
164
165
164
161
155
146
134
118
100
79
56
33
10
-11
-31
-49
-64
-76
-84
-90
-94
-96
-97
-98
-99
-101
-103
-107
-111
-116
-121
-125
-129
-131
-131
-129
-125
-118
-109
-98
-86
-73
-60
-47
-35
-25
-16
-9
-4
-1
-1
-2
-6
-10
-15
-21
-28
-33
-38
-42
-45
-45
-44
-40
-33
-24
-12
0
16
34
54
75
98
121
145
168
191
212
232
249
263
273
281
284
284
281
273
263
249
232
211
187
160
130
97
62
25
-12
-51
-90
-127
-162
-195
-224
-249
-269
-284
-293
-296
-293
-285
-271
-253
-232
-207
-180
-152
-123
-95
-68
-43
-20
1
20
38
53
67
80
91
102
112
122
131
139
147
155
161
167
171
173
173
171
166
159
150
139
127
114
102
91
82
75
71
70
72
77
83
91
99
107
112
115
113
107
95
77
53
23
-10
-49
-91
-134
-177
-219
-257
-291
-319
-339
-352
-357
-353
-342
-322
-296
-264
-228
-188
-147
-107
-67
-30
2
30
52
68
78
82
79
72
59
43
24
3
-17
-37
-56
-72
-84
-93
-97
-97
-92
-84
-72
-58
-42
-25
-7
9
25
40
52
62
69
73
74
73
69
63
55
47
37
27
17
6
-3
-13
-22
-30
-37
-42
-45
-45
-44
-40
-35
-28
-20
-11
-3
4
10
16
21
26
30
35
40
48
57
69
83
99
118
138
159
180
199
216
229
239
243
243
239
229
216
198
178
155
131
105
79
53
28
3
-20
-43
-65
-85
-103
-120
-136
-149
-161
-171
-179
-186
-190
-193
-194
-193
-192
-189
-185
-181
-176
-170
-164
-157
-149
-139
-129
-117
-104
-89
-74
-59
-43
-29
-16
-5
2
6
7
4
-2
-13
-28
-45
-64
-84
-104
-123
-140
-154
-164
-169
-169
-164
-153
-138
-118
-94
-67
-38
-8
22
51
79
105
127
146
160
169
174
174
169
161
149
134
118
102
86
72
61
54
52
54
61
72
87
105
124
144
162
178
191
199
204
204
199
192
181
168
154
138
123
108
93
78
63
48
32
15
-3
-22
-42
-63
-84
-104
-123
-138
-150
-157
-159
-156
-146
-131
-112
-88
-61
-33
-5
21
46
67
84
96
104
106
103
97
86
74
59
43
26
10
-4
-17
-29
-38
-45
-49
-51
-51
-49
-46
-41
-36
-30
-24
-18
-13
-8
-4
0
3
6
10
15
20
25
32
39
46
52
58
63
66
66
64
58
49
37
23
7
-9
-26
-41
-55
-65
-72
-75
-73
-68
-59
-47
-34
-19
-5
8
19
28
33
36
34
30
22
12
0
-12
-26
-39
-52
-63
-74
-82
-89
-94
-97
-98
-97
-93
-87
-79
-69
-56
-42
-27
-12
3
18
32
44
55
63
70
75
77
78
78
77
75
73
70
68
66
64
62
61
60
59
58
56
53
49
44
37
29
19
8
-4
-17
-31
-45
-58
-70
-82
-92
-100
-106
-110
-112
-112
-110
-105
-99
-91
-82
-71
-60
-49
-38
-27
-19
-11
-6
-3
-2
-3
-7
-12
-19
-27
-36
-45
-54
-63
-71
-78
-84
-89
-93
-95
-95
-94
-91
-86
-80
-74
-66
-57
-48
-39
-30
-21
-13
-5
1
7
12
17
21
25
28
32
37
42
48
55
64
72
82
91
100
107
113
117
117
115
109
99
86
70
50
29
6
-17
-39
-60
-79
-93
-104
-110
-112
-110
-103
-93
-82
-68
-54
-41
-29
-19
-10
-4
0
1
1
0
0
-1
-2
-2
0
4
11
21
33
47
64
82
100
119
138
155
170
182
191
195
196
192
183
170
152
131
107
81
54
27
1
-22
-43
-61
-75
-84
-89
-90
-85
-77
-65
-50
-32
-13
7
27
46
63
79
91
100
106
108
106
102
95
85
74
62
50
38
28
20
15
13
14
18
26
35
47
59
71
81
90
94
95
92
83
69
50
27
0
-29
-60
-92
-124
-153
-179
-201
-218
-229
-234
-234
-227
-216
-201
-182
-160
-136
-111
-86
-60
-34
-10
13
35
56
74
89
