-225
-222
-215
-206
-197
-188
-180
-174
-171
-171
-173
-178
-184
-192
-200
-208
-215
-219
-221
-220
-215
-207
-194
-178
-158
-134
-108
-79
-48
-16
15
48
79
109
137
163
185
204
219
231
240
244
246
244
240
234
226
217
206
195
182
169
154
138
121
103
84
64
43
21
0
-22
-44
-65
-85
-104
-121
-137
-150
-162
-171
-179
-183
-186
-187
-186
-182
-177
-169
-160
-148
-135
-120
-104
-86
-68
-49
-29
-10
8
26
44
61
76
91
104
116
127
136
143
150
155
159
162
164
165
165
163
160
155
149
139
127
113
96
76
54
31
8
-15
-38
-59
-78
-93
-105
-113
-118
-119
-117
-112
-105
-97
-89
-81
-73
-67
-62
-58
-56
-54
-53
-52
-51
-49
-47
-44
-40
-36
-30
-24
-17
-10
-2
5
13
21
30
38
47
56
66
75
84
93
101
108
114
117
118
116
112
105
97
86
75
64
53
44
37
32
30
32
36
43
53
64
77
90
103
115
124
129
131
127
119
105
85
60
30
-3
-40
-80
-119
-159
-196
-229
-258
-280
-296
-305
-306
-299
-286
-267
-242
-213
-182
-149
-116
-85
-56
-31
-10
5
16
22
23
20
12
2
-9
-22
-36
-48
-59
-67
-73
-75
-74
-71
-65
-58
-50
-42
-35
-31
-29
-31
-36
-44
-55
-68
-81
-95
-106
-114
-118
-115
-106
-91
-69
-41
-9
25
62
98
132
162
188
208
222
230
231
226
215
200
181
160
138
115
94
75
59
47
39
35
36
40
48
58
69
82
94
105
115
123
129
133
133
131
127
119
108
94
78
58
36
11
-14
-43
-73
-104
-135
-165
-194
-221
-244
-264
-278
-288
-291
-287
-277
-261
-238
-210
-177
-140
-100
-59
-17
24
65
104
139
171
199
222
239
252
258
259
254
243
227
205
179
149
116
82
46
12
-20
-50
-75
-96
-112
-122
-126
-126
-121
-112
-101
-89
-76
-63
-52
-43
-37
-34
-34
-38
-45
-54
-66
-79
-94
-110
-126
-141
-156
-169
-180
-189
-194
-196
-194
-187
-174
-156
-133
-105
-72
-35
3
44
85
126
164
200
232
259
283
301
315
325
330
331
329
325
318
309
300
289
279
269
259
250
241
232
224
216
207
198
187
176
162
147
130
111
89
65
38
9
-21
-54
-88
-122
-156
-189
-220
-248
-273
-293
-309
-319
-323
-322
-316
-306
-292
-275
-257
-239
-221
-206
-193
-184
-178
-175
-175
-177
-180
-183
-184
-183
-178
-170
-157
-140
-119
-94
-68
-39
-11
16
42
65
85
102
114
122
127
128
125
120
113
104
94
84
74
64
55
48
41
37
34
32
31
32
33
34
36
37
38
38
38
37
35
33
30
28
25
23
22
20
19
18
17
15
12
8
3
-3
-12
-23
-35
-49
-64
-80
-95
-111
-125
-137
-148
-157
-163
-167
-169
-168
-165
-159
-151
-141
-129
-115
-99
-82
-63
-43
-22
0
23
46
71
95
119
142
164
185
203
219
232
241
247
248
245
238
226
211
192
170
145
119
91
63
35
9
-15
-36
-55
-70
-83
-91
-97
-101
-103
-104
-104
-104
-104
-105
-106
-107
-109
-110
-111
-112
-112
-111
-109
-106
-102
-97
-91
-85
-79
-73
-66
-60
-54
-48
-42
-35
-28
-20
-12
-2
8
20
33
46
59
71
82
92
99
105
108
109
109
107
104
101
98
97
96
96
98
101
104
108
111
113
113
111
106
98
87
74
60
45
31
18
8
3
2
7
18
35
58
86
117
151
185
218
248
274
294
308
314
312
302
284
259
228
191
150
105
59
12
-34
-78
-119
-157
-189
-216
-236
-251
-260
-263
-261
-254
-244
-231
-216
-200
-183
-167
-151
-135
-121
-107
-94
-82
-69
-55
-41
-26
-9
8
28
48
69
89
108
124
138
148
153
153
149
139
125
107
86
62
37
11
-13
-36
-57
-75
-89
-99
-105
-106
-104
-99
-92
-82
-71
-59
-47
-35
-23
-13
-3
3
9
11
10
5
-3
-16
-33
-54
-78
-103
-129
-155
-178
-197
-212
-220
-221
-215
-201
-180
-152
-118
-80
-40
0
40
77
109
135
154
164
167
161
149
129
105
77
47
18
-8
-31
-49
-60
-64
-60
-48
-28
-2
28
64
101
139
176
209
237
260
276
284
284
277
262
241
213
181
144
106
66
26
-12
-49
-83
-114
-141
-164
-183
-198
-209
-217
-222
-224
-225
-225
-225
-226
-226
-228
-230
-233
-236
-239
-241
-242
-240
-236
-229
-218
-203
-185
-163
-137
-108
-76
-43
-9
24
57
88
116
139
158
172
180
183
180
174
164
151
137
123
110
98
89
82
80
80
84
91
100
111
121
132
141
147
150
150
145
136
123
106
86
64
40
15
-9
-33
-54
-73
-88
-99
-105
-106
-103
-96
-85
-70
-53
-35
-16
1
17
31
41
47
48
45
36
24
8
-10
-31
-54
-76
-97
-116
-133
-147
-158
-165
-169
-169
-166
-159
-150
-139
-125
-110
-94
-77
-60
-45
-31
-19
-10
-4
0
-1
-4
-10
-19
-31
-45
-60
-75
-91
-107
-120
-131
-140
-144
-145
-142
-134
-123
-108
-91
-72
-52
-32
-12
7
25
41
57
70
83
95
106
116
126
136
145
153
160
167
172
175
176
174
168
160
147
130
110
86
60
31
1
-29
-58
-87
-112
-134
-152
-165
-172
-173
-169
-158
-143
-122
-98
-70
-41
-11
16
42
64
81
92
98
97
91
79
64
46
27
9
-6
-17
-23
-22
-15
-2
17
43
72
104
138
172
204
233
258
277
291
298
299
292
279
260
236
206
174
139
104
70
37
7
-19
-40
-57
-69
-76
-78
-76
-71
-63
-54
-45
-37
-30
-25
-23
-24
-28
-35
-44
-55
-68
-80
-93
-104
-114
-121
-126
-127
-126
-120
-112
-100
-86
-69
-51
-31
-11
8
27
43
57
68
74
76
73
66
54
38
18
-3
-28
-54
-79
-103
-126
-144
-159
-169
-174
-173
-166
-153
-135
-112
-85
-55
-23
9
42
75
105
133
157
179
196
210
220
227
231
231
229
225
218
208
197
183
167
149
130
109
88
67
47
27
9
-6
-20
-33
-43
-52
-60
-67
-73
-80
-86
-94
-101
-109
-118
-125
-132
-137
-139
-139
-136
-129
-119
-106
-90
-73
-56
-39
-23
-9
0
7
11
10
7
0
-9
-21
-35
-50
-65
-81
-97
-112
-126
-139
-150
-159
-166
-172
-175
-175
-174
-171
-166
-160
-152
-143
-133
-123
-111
-98
-84
-68
-51
-33
-13
8
32
58
84
112
139
167
192
216
236
252
262
267
264
256
240
219
192
161
126
90
54
18
-14
-45
-72
-95
-113
-128
-138
-145
-149
-149
-148
-144
-138
-129
-119
-106
-89
-70
-46
-19
11
47
86
128
172
217
263
306
347
382
411
432
443
445
437
418
389
351
305
253
196
136
75
14
-45
-102
-154
-202
-245
-281
-311
-334
-351
-361
-366
-365
-359
-350
-337
-321
-302
-282
-260
-238
-214
-189
-165
-140
-116
-92
-69
-48
-28
-11
3
16
26
34
40
44
48
52
55
60
66
75
85
97
110
125
140
155
169
180
189
195
197
195
189
178
164
146
125
103
80
57
34
13
-4
-20
-33
-42
-48
-49
-48
-42
-33
-21
-6
11
29
49
67
85
99
111
117
119
115
106
91
73
51
27
2
-21
-42
-60
-74
-82
-86
-84
-77
-66
-52
-37
-21
-6
7
19
27
31
32
29
23
13
1
-12
-28
-44
-60
-75
-90
-103
-114
-123
-130
-135
-138
-139
-139
-137
-134
-130
-125
-119
-112
-106
-99
-94
-88
-84
-80
-76
-73
-70
-67
-63
-58
-51
-42
-31
-17
-2
13
30
48
65
80
94
106
116
123
128
131
132
132
131
130
128
126
123
120
116
110
102
91
76
57
33
5
-27
-63
-102
-142
-182
-220
-254
-283
-305
-321
-330
-331
-325
-313
-296
-275
-252
-228
-205
-184
-166
-152
-141
-134
-130
-129
-130
-131
-132
-131
-128
-122
-112
-99
-82
-61
-37
-9
19
51
83
117
150
183
214
244
272
297
320
340
357
372
383
392
398
401
401
399
394
386
375
360
342
321
297
269
238
204
168
130
92
54
17
-16
-48
-76
-99
-118
-132
-142
-148
-151
-151
-150
-147
-145
-142
-140
-140
-140
-141
-143
-145
-148
-151
-153
-155
-156
-156
-154
-152
-148
-142
-135
-126
-115
-102
-88
-71
-54
-35
-15
4
24
44
62
79
94
105
114
120
122
122
118
111
102
90
77
62
46
31
15
2
-9
-17
-21
-21
-16
-6
8
27
49
74
99
124
148
168
185
196
203
203
199
189
174
156
135
113
90
68
48
30
16
5
-1
-5
-6
-5
-4
-2
-2
-4
-9
-17
-28
-44
-62
-82
-104
-125
-146
-164
-179
-189
-193
-192
-185
-172
-154
-131
-105
-77
-48
-20
6
29
49
64
73
76
73
64
49
28
3
-25
-58
-92
-128
-165
-199
-232
-261
-286
-305
-317
-323
-320
-310
-291
-265
-231
-192
-147
-98
-47
3
52
97
138
171
196
211
216
212
197
172
139
99
54
4
-46
-97
-146
-191
-230
-263
-286
-301
-307
-303
-290
-269
-240
-205
-165
-121
-75
-28
17
62
103
140
173
200
222
239
250
255
256
251
243
230
214
194
170
144
116
85
54
22
-9
-39
-68
-93
-114
-130
-140
-144
-142
-133
-118
-97
-72
-42
-9
24
59
94
128
160
190
216
239
257
272
282
288
290
288
282
272
258
242
223
203
182
160
139
119
101
87
76
69
67
71
80
94
112
134
159
185
210
233
251
265
271
270
261
244
219
187
150
108
63
17
-28
-72
-114
-151
-184
-212
-233
-250
-260
-266
-267
-264
-258
-251
-243
-234
-227
-222
-219
-219
-222
-226
-232
-239
-245
-249
-250
-246
-238
-223
-203
-177
-146
-110
-71
-31
9
49
85
117
142
160
169
169
159
140
113
79
38
-4
-50
-96
-139
-178
-212
-239
-259
-271
-275
-272
-262
-246
-224
-198
-168
-136
-103
-68
-33
0
33
65
96
124
151
176
199
219
237
252
265
274
280
284
284
283
279
275
270
265
260
255
252
249
246
243
239
234
227
218
206
190
171
147
120
88
51
12
-30
-75
-121
-166
-210
-251
-287
-319
-344
-363
-376
-382
-382
-377
-369
-357
-345
-332
-321
-312
-307
-305
-307
-313
-322
-334
-347
-362
-377
-391
-402
-411
-416
-415
-410
-398
-380
-355
-324
-287
-246
-200
-152
-102
-52
-4
42
85
124
160
191
219
243
263
280
295
308
320
330
339
347
354
359
361
362
359
354
345
334
320
304
288
271
256
242
232
224
220
218
219
222
225
227
228
226
220
