-18
-16
-17
-22
-30
-41
-56
-72
-89
-106
-121
-133
-141
-144
-143
-136
-125
-109
-90
-69
-46
-24
-4
12
25
33
34
28
15
-4
-29
-60
-94
-129
-163
-195
-221
-241
-253
-258
-254
-244
-229
-210
-190
-172
-158
-150
-150
-159
-177
-204
-238
-278
-322
-366
-407
-443
-470
-486
-488
-476
-450
-408
-354
-288
-214
-135
-56
20
91
152
201
236
257
262
252
230
197
156
108
58
8
-38
-80
-114
-140
-155
-159
-152
-134
-106
-68
-22
29
85
145
206
267
325
380
431
476
515
547
572
590
600
603
599
587
569
544
513
477
435
389
339
287
233
179
125
73
23
-22
-63
-99
-129
-152
-168
-176
-178
-172
-161
-145
-126
-105
-84
-64
-48
-36
-29
-28
-33
-44
-59
-79
-101
-124
-148
-170
-190
-207
-220
-229
-235
-237
-235
-231
-224
-216
-207
-197
-188
-179
-170
-162
-154
-146
-137
-127
-117
-106
-94
-81
-68
-55
-42
-31
-20
-10
-3
3
8
11
13
14
15
15
16
16
18
21
25
31
38
47
57
68
80
92
103
113
122
128
131
132
128
122
111
98
81
63
43
22
1
-18
-38
-57
-75
-92
-108
-123
-137
-150
-160
-169
-175
-178
-177
-171
-161
-145
-125
-100
-70
-37
-1
37
77
117
156
194
230
264
294
321
344
364
380
393
402
408
410
408
401
390
374
354
328
298
264
226
185
142
99
56
14
-24
-60
-91
-117
-138
-153
-163
-168
-167
-163
-155
-145
-134
-121
-109
-98
-89
-81
-76
-73
-73
-75
-79
-85
-93
-102
-112
-122
-131
-139
-146
-151
-153
-152
-149
-142
-133
-121
-107
-91
-74
-56
-38
-21
-5
7
17
24
28
27
23
16
6
-6
-20
-36
-52
-67
-81
-93
-103
-110
-113
-113
-109
-100
-87
-70
-48
-24
3
32
62
91
118
142
160
173
180
179
171
157
136
109
79
45
9
-26
-61
-93
-123
-148
-169
-185
-195
-200
-201
-196
-188
-176
-161
-144
-125
-105
-83
-61
-39
-16
6
30
53
76
97
116
133
147
157
162
163
158
148
133
113
90
63
34
3
-27
-58
-87
-114
-139
-161
-179
-194
-205
-212
-217
-218
-216
-212
-206
-197
-187
-175
-161
-146
-128
-109
-87
-63
-37
-8
22
55
90
127
164
200
236
268
296
319
333
339
335
320
293
256
208
152
90
25
-40
-103
-159
-207
-242
-263
-269
-259
-233
-193
-139
-75
-3
73
151
227
298
361
413
454
483
498
500
490
468
435
394
346
292
235
175
114
55
-1
-53
-101
-141
-175
-199
-216
-223
-221
-211
-192
-167
-137
-102
-65
-27
9
44
75
101
121
136
144
145
140
127
109
83
52
15
-25
-71
-119
-169
-218
-266
-311
-350
-383
-407
-422
-426
-420
-403
-375
-337
-291
-238
-180
-119
-59
-3
47
88
119
137
141
131
107
71
24
-31
-92
-155
-215
-271
-318
-353
-375
-380
-370
-343
-302
-247
-182
-110
-32
45
122
195
262
321
372
414
449
476
498
515
528
539
547
553
557
559
557
550
538
519
493
458
415
364
306
241
172
99
25
-46
-115
-179
-237
-286
-327
-359
-383
-398
-406
-407
-404
-396
-386
-375
-362
-350
-338
-327
-316
-307
-297
-288
-279
-270
-259
-246
-232
-216
-198
-177
-156
-133
-109
-85
-61
-39
-19
-2
11
20
23
21
12
-1
-21
-45
-71
-99
-127
-151
-172
-186
-192
-191
-180
-161
-135
-103
-67
-30
6
40
69
91
104
108
102
88
64
34
0
-39
-79
-118
-154
-184
-208
-225
-232
-231
-220
-200
-172
-137
-95
-47
3
58
115
173
230
285
337
385
427
462
490
508
516
515
503
482
452
415
373
326
278
228
181
136
96
61
32
10
-3
-9
-9
-1
11
29
50
72
95
116
133
147
155
158
156
148
136
121
103
83
63
44
25
9
-5
-18
-28
-35
-41
-45
-46
-46
-44
-41
-37
-32
-27
-23
-19
-16
-16
-17
-21
-28
-37
-49
-62
-77
-93
-108
-123
-135
-144
-150
-150
-145
-134
-117
-95
-68
-40
-10
18
44
65
78
82
77
60
34
-2
-47
-99
-156
-215
-274
-330
-380
-424
-458
-481
-493
-493
-481
-457
-421
-375
-318
-254
-183
-106
-27
53
133
210
282
348
405
454
492
520
536
543
539
526
505
477
445
408
369
329
289
251
216
183
153
127
104
85
68
53
41
30
20
11
3
-3
-10
-16
-22
-27
-32
-37
-42
-47
-52
-57
-63
-70
-77
-85
-93
-102
-111
-120
-130
-140
-149
-159
-168
-177
-186
-195
-204
-213
-221
-229
-236
-243
-248
-252
-253
-253
-249
-242
-232
-218
-201
-182
-160
-138
-116
-96
-78
-65
-57
-54
-58
-67
-81
-99
-119
-140
-160
-177
-189
-196
-196
-189
-175
-153
-125
-91
-52
-11
32
75
118
157
193
225
251
273
289
301
310
317
323
329
337
346
358
373
389
405
421
435
445
450
447
437
418
390
353
307
254
195
131
64
-3
-70
-134
-193
-247
-294
-334
-365
-388
-402
-409
-409
-402
-390
-374
-355
-334
-312
-290
-269
-248
-229
-211
-194
-179
-165
-151
-139
-128
-118
-108
-100
-93
-87
-83
-79
-76
-73
-71
-68
-65
-60
-54
-45
-33
-17
3
27
57
91
129
169
212
253
293
330
360
384
399
406
403
390
369
340
305
265
222
177
133
92
55
23
-2
-22
-34
-40
-40
-35
-26
-14
-1
11
23
33
41
45
45
42
35
26
14
0
-13
-28
-42
-54
-65
-74
-81
-85
-87
-88
-88
-87
-86
-85
-85
-86
-89
-93
-98
-105
-112
-120
-127
-135
-141
-146
-149
-150
-148
-143
-136
-126
-114
-100
-85
-69
-53
-37
-23
-11
-1
5
9
11
11
9
6
3
1
2
5
12
23
39
58
82
108
135
163
189
212
231
245
252
252
243
227
202
170
131
85
35
-18
-76
-134
-193
-251
-306
-357
-403
-443
-476
-500
-516
-521
-517
-503
-479
-445
-404
-355
-301
-243
-182
-121
-61
-4
47
95
135
169
196
216
230
238
242
242
239
236
231
227
224
222
221
221
222
223
224
224
223
220
215
208
198
185
170
152
131
108
83
57
29
0
-28
-57
-84
-110
-133
-153
-169
-180
-187
-189
-185
-176
-161
-143
-120
-94
-65
-36
-8
19
44
65
83
97
107
112
113
110
104
96
84
71
57
42
26
11
-1
-13
-23
-31
-35
-36
-34
-29
-22
-13
-3
7
16
24
30
34
34
31
25
17
8
-2
-14
-24
-33
-41
-46
-48
-47
-44
-38
-30
-20
-9
1
12
21
29
33
34
30
23
11
-4
-24
-46
-70
-95
-119
-141
-160
-175
-183
-185
-181
-170
-152
-127
-98
-65
-29
8
45
81
114
144
169
190
206
218
225
230
231
230
228
224
220
215
209
202
194
184
173
160
144
127
108
87
64
41
17
-6
-29
-50
-69
-86
-99
-109
-115
-118
-116
-111
-102
-90
-75
-58
-38
-17
4
26
48
68
86
101
113
122
126
126
122
113
101
85
66
45
22
-1
-24
-47
-68
-86
-102
-115
-125
-131
-134
-135
-133
-130
-125
-119
-112
-105
-98
-91
-85
-78
-72
-66
-59
-52
-43
-34
-24
-13
0
13
27
40
54
66
75
82
86
86
82
73
61
45
25
3
-20
-44
-69
-92
-114
-133
-148
-159
-165
-166
-162
-153
-139
-122
-100
-77
-51
-24
2
29
55
79
102
122
141
156
169
179
185
189
188
184
176
165
150
133
115
95
75
56
40
27
18
14
16
23
35
51
71
93
116
138
157
173
184
190
189
182
169
150
126
97
66
32
-1
-35
-67
-95
-119
-137
-148
-152
-148
-136
-118
-93
-62
-28
6
41
74
103
125
140
147
145
134
115
89
57
21
-16
-54
-90
-122
-149
-170
-185
-194
-197
-196
-191
-183
-175
-166
-159
-154
-152
-152
-154
-157
-162
-166
-169
-170
-167
-161
-150
-136
-118
-97
-75
-51
-28
-7
9
22
30
31
26
14
-3
-28
-57
-90
-126
-162
-197
-230
-258
-281
-298
-307
-309
-303
-291
-273
-251
-225
-196
-167
-138
-109
-82
-56
-32
-8
13
36
59
82
107
133
161
189
218
248
277
305
331
355
377
395
410
422
430
434
434
430
420
406
386
361
331
295
254
209
161
110
59
7
-42
-89
-132
-171
-204
-231
-252
-267
-276
-281
-281
-279
-275
-271
-267
-263
-261
-261
-261
-263
-265
-267
-268
-267
-264
-258
-249
-237
-223
-206
-188
-168
-148
-128
-109
-92
-77
-64
-53
-44
-38
-33
-28
-24
-20
-14
-8
0
11
24
39
55
73
92
111
130
148
165
182
197
210
221
230
236
239
239
236
230
220
207
191
173
154
135
115
97
80
66
54
45
39
37
37
40
46
54
64
77
91
107
125
144
163
182
200
215
228
236
238
234
223
206
181
150
113
71
26
-18
-64
-107
-147
-181
-207
-226
-237
-239
-234
-221
-203
-180
-155
-129
-104
-81
-62
-48
-40
-36
-38
-45
-55
-68
-81
-93
-103
-109
-110
-105
-93
-75
-50
-20
15
53
94
135
174
210
240
264
280
287
286
275
256
229
196
158
117
75
35
-3
-37
-66
-90
-107
-119
-125
-126
-124
-118
-111
-102
-93
-85
-78
-72
-69
-67
-68
-70
-74
-79
-85
-91
-97
-103
-108
-113
-116
-118
-118
-116
-113
-109
-102
-95
-86
-78
-69
-61
-54
-48
-44
-42
-41
-41
-42
-42
-41
-39
-34
-27
-17
-3
13
32
53
76
98
120
139
154
165
169
167
159
143
120
92
59
24
-13
-50
-84
-114
-139
-157
-166
-168
-161
-146
-124
-96
-64
-28
8
44
79
111
139
162
180
192
199
201
198
191
182
170
158
144
132
120
109
100
93
88
84
82
81
81
81
82
83
84
85
85
85
83
81
76
70
61
50
34
15
-7
-34
-66
-102
-140
-181
-222
-262
-299
-331
-357
-374
-383
-381
-368
-345
-313
-272
-224
-171
-116
-61
-8
40
83
118
144
161
170
169
161
147
128
105
82
59
38
21
7
0
-4
-2
2
10
21
32
43
53
61
66
68
66
62
54
44
32
20
8
-2
-12
-18
-21
-20
-15
-5
7
23
42
63
84
105
124
140
153
161
163
160
150
134
111
84
52
18
-18
-54
-90
-123
-153
-178
-198
-213
-223
-227
-227
-223
-215
-204
-191
-177
-162
-148
-134
-121
-110
-102
-96
-92
-91
-92
-96
-101
-108
-115
-121
-128
-133
-136
-138
-137
-133
-127
-118
-107
-94
-79
-63
-46
-29
-12
3
18
32
45
57
68
78
88
98
108
118
129
141
154
169
184
200
216
231
245
257
267
273
276
275
271
262
251
237
221
205
187
170
153
137
121
106
