19
29
41
55
70
87
103
119
134
148
160
170
178
185
189
192
192
190
186
179
169
156
140
121
98
73
45
15
-15
-46
-77
-106
-132
-156
-176
-192
-203
-209
-211
-209
-203
-195
-183
-171
-158
-145
-133
-122
-112
-103
-94
-85
-75
-63
-48
-29
-8
17
47
80
116
153
192
230
266
300
329
353
371
381
383
377
364
343
315
283
246
206
165
124
84
46
11
-20
-47
-72
-93
-111
-127
-142
-157
-171
-187
-204
-223
-245
-268
-293
-320
-347
-373
-397
-418
-435
-446
-451
-448
-437
-418
-391
-356
-314
-266
-213
-156
-97
-36
24
83
140
195
245
291
331
364
391
410
420
422
414
397
371
336
292
242
186
126
63
0
-61
-118
-171
-216
-252
-279
-296
-304
-302
-291
-274
-250
-222
-191
-158
-126
-94
-65
-38
-15
4
20
34
44
52
57
61
64
66
67
67
67
65
63
60
55
48
40
30
20
8
-2
-14
-24
-33
-39
-44
-47
-47
-46
-43
-39
-34
-29
-24
-19
-16
-13
-11
-9
-8
-7
-5
-3
0
3
8
14
22
30
39
48
57
65
71
76
79
79
78
74
67
59
49
37
24
10
-4
-19
-34
-48
-62
-74
-86
-96
-104
-111
-116
-120
-122
-123
-123
-121
-118
-113
-106
-98
-87
-75
-62
-47
-33
-18
-5
5
13
19
20
18
12
2
-8
-21
-34
-47
-58
-66
-70
-70
-65
-57
-44
-28
-8
12
35
59
84
107
131
153
174
193
210
225
237
247
253
256
256
252
246
236
225
212
199
186
173
161
151
143
136
131
128
125
122
119
116
111
106
98
89
78
65
51
35
18
1
-17
-36
-54
-72
-89
-105
-120
-133
-144
-154
-163
-170
-176
-182
-188
-193
-199
-205
-212
-220
-228
-238
-249
-260
-273
-285
-298
-309
-319
-325
-328
-327
-321
-309
-291
-268
-240
-207
-171
-132
-91
-49
-8
30
67
102
132
158
180
197
209
217
221
221
219
214
208
201
193
184
175
166
157
148
139
129
120
111
102
95
88
84
81
80
82
87
94
103
114
126
138
151
163
174
183
190
195
196
194
188
179
166
150
129
106
80
52
22
-7
-36
-64
-90
-113
-132
-146
-155
-160
-160
-156
-149
-139
-127
-114
-101
-89
-79
-71
-66
-64
-64
-66
-71
-77
-84
-91
-98
-105
-112
-117
-121
-124
-126
-125
-123
-119
-112
-104
-92
-79
-65
-49
-33
-18
-5
5
12
15
14
9
0
-10
-23
-37
-51
-63
-73
-80
-84
-85
-82
-77
-69
-59
-48
-36
-24
-13
-3
6
14
22
29
36
43
51
59
69
79
91
103
117
131
145
158
170
181
189
194
196
195
189
180
167
150
131
109
86
62
38
15
-6
-25
-43
-58
-70
-80
-87
-91
-94
-94
-93
-91
-88
-83
-77
-70
-62
-52
-39
-25
-8
11
33
57
83
110
137
163
188
210
228
241
248
247
239
221
195
159
115
63
5
-57
-122
-188
-252
-312
-366
-413
-451
-479
-497
-506
-504
-494
-475
-449
-417
-381
-340
-296
-250
-203
-155
-107
-60
-13
32
77
122
165
207
247
285
322
355
385
411
431
446
454
455
448
434
413
385
350
310
267
220
173
126
83
43
9
-18
-38
-49
-53
-49
-39
-23
-3
18
40
61
77
88
93
90
79
61
35
3
-32
-72
-112
-152
-190
-224
-252
-274
-289
-296
-295
-287
-272
-250
-224
-194
-162
-129
-96
-66
-40
-19
-4
3
5
0
-11
-29
-52
-78
-107
-137
-165
-191
-214
-231
-241
-245
-239
-226
-204
-173
-135
-91
-42
9
63
117
168
217
260
298
329
353
370
381
385
383
376
364
349
330
310
287
263
238
213
186
159
132
105
77
49
22
-3
-28
-52
-74
-94
-111
-126
-137
-146
-153
-156
-158
-157
-156
-153
-149
-145
-141
-136
-131
-126
-120
-114
-107
-100
-93
-86
-81
-77
-75
-76
-80
-86
-95
-107
-120
-134
-149
-162
-174
-183
-188
-188
-183
-171
-152
-125
-91
-49
0
55
116
180
248
315
380
442
498
546
585
614
632
639
635
621
597
565
525
479
428
374
317
259
199
139
78
17
-43
-104
-164
-224
-283
-340
-394
-444
-490
-530
-564
-591
-609
-620
-621
-613
-596
-571
-538
-499
-455
-407
-359
-311
-267
-227
-196
-173
-162
-162
-175
-200
-238
-287
-346
-411
-481
-550
-616
-674
-720
-749
-758
-745
-709
-649
-565
-460
-337
-200
-53
99
251
399
539
665
776
869
942
994
1027
1040
1035
1014
979
932
876
813
745
676
606
538
473
411
354
303
258
218
184
157
134
117
103
93
84
75
66
54
39
19
-5
-36
-72
-113
-158
-205
-254
-302
-348
-389
-425
-453
-474
-486
-490
-486
-475
-458
-437
-413
-387
-361
-336
-313
-293
-275
-260
-248
-238
-229
-221
-212
-204
-194
-182
-169
-153
-136
-116
-95
-72
-48
-23
1
26
51
76
99
120
140
157
172
184
193
199
203
205
206
206
206
207
209
213
219
227
237
248
260
273
285
295
303
308
310
309
303
294
282
266
248
228
207
185
162
139
117
96
76
57
39
23
8
-4
-16
-26
-34
-40
-45
-48
-49
-49
-48
-46
-43
-40
-36
-32
-27
-22
-18
-12
-7
-2
2
8
13
18
23
27
30
32
34
33
32
28
24
18
11
4
-3
-11
-19
-26
-31
-35
-37
-37
-33
-27
-17
-3
12
32
54
78
102
126
149
169
184
194
197
193
181
162
134
100
60
16
-30
-78
-124
-169
-209
-244
-272
-294
-309
-317
-319
-316
-308
-297
-283
-269
-253
-238
-224
-211
-199
-189
-180
-172
-165
-158
-151
-145
-137
-129
-121
-111
-101
-90
-79
-68
-56
-45
-33
-21
-9
2
15
27
40
53
66
78
89
98
105
109
110
107
101
92
80
65
50
33
17
3
-9
-18
-24
-26
-24
-18
-9
3
19
36
54
72
89
104
118
128
135
139
140
137
131
123
113
102
90
78
66
55
44
33
23
13
2
-8
-19
-31
-44
-58
-71
-85
-97
-109
-119
-126
-131
-132
-130
-124
-115
-102
-87
-71
-53
-36
-20
-6
4
12
16
15
11
3
-6
-18
-30
-42
-53
-61
-67
-69
-69
-65
-60
-52
-43
-35
-27
-20
-14
-11
-9
-9
-9
-11
-11
-11
-9
-4
2
12
25
40
56
73
89
103
115
124
129
131
129
123
114
103
90
76
62
49
37
27
20
15
12
12
13
15
19
22
26
28
30
30
29
27
25
22
20
18
17
18
20
24
30
37
45
53
62
71
79
85
89
92
92
89
83
75
64
50
35
17
0
-20
-41
-62
-83
-104
-124
-142
-159
-174
-186
-195
-201
-204
-203
-199
-191
-181
-167
-152
-134
-115
-96
-76
-57
-38
-19
0
17
35
54
72
91
109
128
146
164
180
194
205
214
219
220
216
208
196
179
159
136
111
84
56
29
4
-17
-36
-52
-62
-67
-68
-64
-56
-45
-32
-19
-5
6
15
21
23
20
12
0
-16
-37
-60
-85
-110
-135
-159
-180
-198
-211
-219
-221
-217
-206
-190
-168
-140
-109
-75
-39
-3
31
63
92
116
135
148
155
156
151
142
128
112
93
74
56
38
22
8
-2
-11
-18
-23
-26
-29
-31
-34
-37
-41
-46
-51
-57
-63
-69
-75
-80
-84
-86
-88
-87
-86
-84
-80
-77
-72
-68
-64
-59
-55
-51
-46
-41
-37
-32
-27
-22
-17
-12
-8
-5
-3
-1
-2
-4
-7
-12
-19
-26
-33
-41
-47
-51
-53
-51
-47
-39
-27
-12
6
26
49
73
96
120
141
161
178
192
203
210
213
213
209
202
192
180
165
149
131
113
96
79
65
53
45
41
40
44
52
64
78
95
112
130
145
158
166
168
163
151
130
101
64
20
-29
-84
-141
-200
-257
-311
-359
-401
-434
-459
-473
-478
-474
-461
-441
-415
-384
-351
-316
-282
-248
-217
-189
-164
-141
-121
-102
-84
-66
-46
-24
0
27
58
91
126
163
199
234
266
293
315
329
336
335
326
310
286
258
225
190
155
121
89
63
41
27
20
20
28
43
64
91
120
153
186
218
247
273
293
308
316
318
313
302
286
266
242
216
187
158
129
100
70
40
10
-20
-51
-84
-118
-153
-188
-223
-256
-287
-314
-337
-353
-362
-364
-358
-345
-324
-296
-264
-227
-187
-145
-104
-63
-25
9
41
67
89
105
117
123
125
123
117
109
98
86
73
59
46
33
21
10
1
-5
-11
-15
-18
-19
-18
-17
-16
-15
-15
-15
-16
-18
-21
-24
-27
-29
-31
-30
-27
-22
-13
-2
10
26
43
60
77
93
106
115
120
120
114
103
86
63
35
3
-32
-71
-112
-154
-198
-241
-285
-327
-367
-404
-438
-467
-490
-506
-513
-512
-501
-479
-447
-405
-353
-293
-227
-155
-81
-6
67
137
202
260
309
349
378
398
407
406
396
378
352
319
281
239
195
150
106
64
27
-3
-28
-44
-50
-47
-34
-11
19
59
104
153
204
253
298
336
365
382
386
376
352
316
268
211
148
81
14
-50
-110
-163
-208
-243
-268
-283
-289
-288
-280
-267
-251
-235
-220
-206
-196
-190
-188
-190
-195
-203
-213
-224
-235
-246
-255
-262
-266
-269
-269
-267
-263
-258
-251
-242
-232
-220
-206
-188
-167
-140
-108
-69
-23
28
88
154
226
301
378
455
530
598
659
708
744
766
772
762
737
696
643
578
504
424
339
252
166
82
2
-71
-139
-199
-251
-295
-330
-356
-374
-384
-387
-383
-373
-357
-337
-312
-283
-252
-219
-184
-149
-114
-78
-44
-10
21
52
82
109
135
158
179
198
214
227
237
244
247
247
243
235
223
208
191
171
149
127
103
80
57
34
11
-10
-32
-54
-76
-97
-119
-140
-160
-179
-196
-212
-224
-234
-242
-246
-247
-246
-242
-237
-230
-222
-214
-206
-198
-190
-182
-173
-164
-155
-144
-131
-116
-99
-80
-58
-35
-9
16
43
69
93
115
134
150
162
169
172
172
168
162
153
142
130
116
102
86
69
52
32
12
-9
-33
-57
-82
-107
-130
-153
-172
-188
-200
-207
-208
-205
-197
-184
-167
-148
-126
-103
-81
-58
-37
-18
0
14
26
37
45
53
58
64
68
73
78
83
89
95
101
107
113
118
123
126
129
129
129
126
122
116
108
99
89
79
68
57
46
36
26
17
9
1
-7
-16
-26
-37
-50
-64
-80
-97
-116
-135
-153
-171
-187
-201
-211
-218
-220
-218
-211
-199
-182
-161
-135
-105
-71
-35
3
44
86
128
170
209
246
279
308
331
347
357
360
356
345
326
302
271
236
198
157
115
73
33
-4
-38
-67
-91
-110
-123
-131
