33
25
15
3
-9
-22
-34
-45
-54
-60
-62
-60
-54
-44
-30
-12
7
28
51
73
94
113
128
140
148
151
149
144
134
122
107
91
75
59
45
34
25
19
15
14
14
16
19
20
21
20
16
9
0
-13
-29
-47
-66
-85
-103
-120
-133
-142
-146
-145
-138
-125
-107
-84
-57
-27
4
37
70
101
130
156
178
196
209
218
223
223
220
214
204
192
178
162
143
123
101
77
51
23
-6
-38
-71
-105
-140
-175
-210
-243
-274
-302
-326
-345
-359
-366
-366
-358
-343
-320
-291
-256
-218
-177
-135
-96
-59
-27
-2
16
27
31
28
18
2
-17
-41
-67
-95
-124
-153
-180
-207
-232
-256
-277
-296
-313
-325
-334
-338
-337
-330
-317
-297
-270
-236
-195
-149
-98
-43
13
72
131
189
244
296
345
389
429
463
494
519
539
555
566
573
575
572
564
552
534
512
485
454
419
380
338
293
246
196
145
92
39
-13
-66
-118
-167
-214
-257
-297
-331
-359
-382
-398
-408
-411
-408
-398
-382
-360
-334
-303
-269
-234
-197
-162
-127
-96
-69
-47
-30
-18
-12
-11
-14
-22
-34
-48
-65
-82
-101
-118
-135
-149
-161
-169
-173
-172
-168
-158
-144
-125
-103
-78
-50
-21
7
37
65
91
115
135
151
163
170
174
173
170
163
155
145
134
123
113
104
97
92
88
87
87
89
92
95
99
103
107
112
116
120
125
130
135
141
146
152
157
160
162
162
160
156
149
140
129
117
104
90
77
64
53
43
36
30
27
26
27
30
34
39
45
50
55
59
61
62
59
55
48
38
26
13
-1
-17
-32
-47
-61
-72
-81
-86
-89
-89
-87
-82
-76
-68
-60
-52
-44
-37
-30
-24
-19
-15
-11
-9
-9
-10
-14
-20
-28
-39
-52
-68
-86
-105
-125
-145
-165
-184
-200
-213
-222
-227
-226
-220
-209
-194
-175
-153
-130
-106
-83
-62
-44
-31
-22
-18
-20
-27
-40
-58
-79
-103
-129
-155
-180
-202
-220
-231
-236
-233
-220
-198
-167
-126
-78
-23
37
101
166
230
291
346
394
433
462
480
485
479
462
435
398
355
305
253
199
145
94
46
2
-35
-67
-94
-115
-130
-142
-149
-153
-154
-153
-150
-146
-141
-135
-129
-123
-116
-110
-104
-98
-93
-88
-84
-80
-77
-75
-73
-71
-69
-68
-68
-68
-68
-69
-70
-72
-74
-76
-79
-82
-85
-88
-90
-92
-94
-95
-96
-96
-94
-92
-89
-85
-80
-74
-67
-60
-52
-44
-36
-29
-22
-16
-11
-7
-4
-2
-1
0
1
3
6
12
19
29
42
57
74
92
112
132
152
170
187
201
212
220
224
224
220
213
201
186
168
146
122
96
68
40
12
-13
-36
-57
-72
-83
-89
-88
-82
-71
-54
-33
-10
15
42
68
93
114
133
148
158
164
167
166
162
156
150
143
137
133
130
130
132
136
142
149
156
162
167
170
169
164
155
140
119
93
62
26
-14
-59
-106
-156
-206
-255
-302
-344
-382
-412
-435
-448
-452
-445
-429
-404
-369
-328
-281
-229
-174
-119
-65
-13
33
75
109
136
155
164
166
160
147
129
107
84
60
36
16
-1
-15
-24
-29
-30
-27
-20
-12
-1
9
20
30
40
48
54
58
62
63
65
66
67
70
73
78
84
91
98
105
111
116
119
118
115
107
96
81
63
42
18
-7
-34
-61
-87
-111
-133
-151
-166
-177
-183
-184
-182
-175
-165
-152
-137
-119
-99
-79
-58
-38
-17
0
18
33
46
56
64
68
69
67
62
55
46
35
24
13
3
-3
-9
-11
-10
-6
0
7
15
23
30
35
36
35
30
22
11
-1
-16
-31
-46
-60
-72
-82
-89
-92
-93
-90
-85
-77
-66
-54
-41
-26
-12
2
16
30
42
53
63
71
77
80
81
79
74
65
53
38
19
-1
-25
-49
-74
-99
-123
-144
-163
-178
-189
-196
-198
-196
-189
-179
-164
-146
-124
-100
-73
-43
-12
20
55
89
124
158
191
221
249
274
295
311
322
329
330
327
318
306
289
269
247
223
198
172
148
125
103
83
66
50
36
24
13
2
-7
-17
-29
-41
-54
-69
-86
-104
-124
-145
-168
-192
-216
-239
-261
-282
-301
-316
-328
-336
-339
-337
-330
-318
-301
-278
-251
-218
-182
-141
-99
-54
-10
33
74
112
144
171
193
207
216
219
218
213
206
197
188
180
174
170
168
169
171
174
178
180
181
180
176
168
157
144
127
109
89
69
49
30
13
-2
-15
-26
-36
-43
-49
-55
-61
-67
-73
-80
-88
-96
-104
-111
-117
-120
-121
-118
-112
-102
-87
-70
-50
-27
-4
19
41
61
78
91
99
104
103
98
89
76
61
44
26
8
-9
-25
-40
-53
-63
-71
-77
-82
-84
-86
-87
-88
-88
-89
-90
-91
-92
-94
-95
-97
-98
-98
-97
-96
-93
-89
-84
-78
-71
-63
-55
-45
-36
-26
-16
-7
2
12
21
30
38
46
53
59
64
68
70
71
71
68
63
54
43
28
9
-13
-38
-66
-96
-126
-157
-186
-212
-236
-255
-268
-276
-277
-271
-258
-237
-208
-173
-132
-86
-36
15
67
118
166
209
247
277
299
313
319
316
304
285
259
227
190
151
110
70
32
-2
-33
-58
-78
-91
-98
-100
-97
-89
-79
-65
-50
-34
-18
-2
12
26
37
46
52
55
54
50
42
31
16
0
-18
-38
-59
-78
-97
-112
-125
-133
-137
-136
-131
-121
-107
-90
-71
-51
-30
-11
4
18
29
35
38
36
31
23
13
2
-9
-20
-30
-38
-43
-46
-47
-45
-41
-36
-29
-21
-13
-5
2
11
19
28
37
47
57
69
83
97
113
129
145
161
175
186
195
199
200
195
185
171
153
132
108
83
58
34
11
-7
-23
-34
-42
-44
-42
-37
-28
-16
-2
12
27
41
54
65
74
79
82
81
76
67
54
38
18
-4
-30
-58
-87
-116
-144
-170
-193
-211
-224
-231
-231
-224
-211
-191
-165
-134
-99
-61
-21
17
57
95
130
163
192
217
239
256
270
280
286
288
287
282
274
262
248
231
212
191
168
145
121
97
74
52
31
11
-7
-24
-40
-55
-69
-83
-96
-109
-122
-136
-150
-165
-179
-194
-208
-221
-233
-243
-251
-256
-257
-255
-249
-239
-225
-208
-188
-165
-141
-115
-89
-63
-39
-16
4
22
38
52
62
71
77
82
85
87
88
87
86
83
80
76
71
67
62
59
56
55
54
55
57
60
63
66
68
70
69
67
63
56
47
37
24
12
0
-12
-21
-28
-30
-29
-22
-11
4
23
44
68
91
113
132
148
159
165
166
161
152
139
122
103
82
62
41
22
3
-12
-26
-39
-52
-64
-77
-92
-110
-132
-158
-188
-222
-260
-301
-342
-382
-420
-454
-481
-501
-511
-512
-503
-484
-455
-418
-374
-324
-270
-214
-156
-100
-46
2
47
86
119
145
165
179
189
195
201
206
214
225
242
265
294
329
370
416
464
511
557
597
630
653
663
659
640
606
557
494
421
337
248
155
61
-29
-117
-197
-271
-336
-392
-441
-481
-514
-540
-560
-574
-583
-587
-586
-580
-568
-552
-531
-505
-474
-439
-400
-358
-315
-270
-226
-182
-141
-104
-70
-41
-18
0
11
19
22
21
17
12
6
1
-1
-1
2
10
23
41
63
90
120
152
185
218
250
280
308
331
351
366
377
384
386
383
377
367
353
337
318
296
273
249
223
196
169
142
115
89
63
39
17
-2
-20
-35
-48
-58
-66
-72
-77
-81
-86
-91
-96
-103
-111
-120
-130
-140
-150
-160
-170
-179
-186
-192
-197
-200
-201
-200
-197
-192
-185
-177
-167
-155
-141
-125
-108
-88
-67
-44
-20
3
28
52
74
93
109
122
130
133
132
127
118
107
93
78
63
49
38
30
26
27
33
44
59
77
99
121
144
165
183
198
209
215
215
210
201
187
170
150
128
106
85
65
47
33
22
15
11
11
14
18
24
30
35
38
39
36
31
22
9
-6
-23
-43
-63
-83
-102
-119
-133
-144
-150
-152
-150
-144
-134
-122
-108
-92
-76
-61
-46
-34
-23
-13
-6
0
4
8
11
14
17
20
23
25
27
27
26
23
18
10
1
-8
-19
-31
-42
-52
-59
-65
-67
-66
-62
-55
-45
-33
-19
-4
10
23
35
45
50
52
50
43
32
17
0
-20
-42
-65
-88
-110
-130
-148
-162
-174
-181
-185
-184
-180
-171
-157
-140
-119
-95
-68
-39
-9
22
54
85
114
142
167
188
204
216
222
223
217
205
187
164
137
105
71
36
2
-31
-61
-88
-111
-129
-142
-149
-152
-150
-145
-136
-125
-112
-98
-83
-69
-55
-42
-30
-19
-9
-1
5
10
14
15
13
10
3
-4
-14
-25
-37
-48
-58
-66
-71
-73
-71
-65
-55
-42
-25
-6
14
36
60
83
106
128
148
166
183
197
208
217
222
225
224
220
211
198
180
158
132
102
68
32
-4
-41
-78
-111
-142
-168
-188
-202
-210
-211
-206
-196
-180
-160
-138
-114
-89
-66
-45
-27
-12
-2
2
3
0
-5
-14
-25
-36
-48
-59
-69
-77
-82
-86
-87
-86
-83
-78
-73
-67
-61
-56
-53
-51
-51
-53
-58
-64
-73
-82
-93
-104
-115
-125
-133
-139
-141
-139
-133
-123
-108
-88
-65
-39
-12
16
45
73
99
123
143
160
174
183
188
190
190
186
181
174
166
158
151
145
139
135
133
132
132
134
138
142
148
154
162
170
178
186
193
199
204
206
205
200
191
178
159
135
107
73
35
-7
-52
-99
-146
-192
-237
-278
-314
-344
-367
-384
-392
-393
-386
-372
-351
-324
-292
-256
-218
-178
-138
-100
-63
-29
0
27
50
70
86
100
111
122
131
140
150
160
170
181
193
206
218
230
240
250
257
262
265
264
261
254
244
230
214
194
171
145
117
86
54
22
-9
-40
-69
-95
-116
-133
-145
-152
-154
-152
-146
-136
-125
-111
-97
-82
-67
-53
-39
-25
-12
0
11
23
35
47
59
70
80
89
95
99
99
95
86
72
52
28
0
-31
-65
-101
-137
-172
-204
-232
-257
-275
-288
-295
-296
-291
-280
-264
-244
-221
-195
-168
-141
-113
-85
-59
-33
-9
14
37
59
81
102
123
144
163
181
197
210
220
227
230
230
226
219
209
196
182
165
148
130
111
92
72
53
33
14
-5
-25
-44
-62
-80
-96
-110
-123
-133
-141
-147
-150
-150
-149
-145
-139
-132
-124
-115
-106
-97
-90
-84
-80
-78
-79
-81
-86
-93
-100
-108
-116
-123
-130
-134
-138
-139
-138
-134
-129
-122
-112
-101
-89
-76
-62
-47
-33
-19
-6
6
18
29
39
48
