70
59
48
37
26
15
5
-3
-11
-19
-24
-28
-31
-32
-32
-30
-27
-23
-19
-14
-9
-4
0
4
8
12
16
21
26
32
39
47
56
65
74
83
90
96
98
96
91
80
64
43
17
-13
-49
-88
-129
-171
-213
-253
-289
-322
-349
-370
-384
-391
-391
-384
-370
-350
-324
-293
-258
-218
-175
-129
-81
-31
18
69
120
172
223
274
324
374
423
470
514
554
588
615
631
636
627
604
564
509
438
352
255
148
36
-78
-190
-297
-393
-475
-541
-589
-618
-627
-618
-591
-550
-497
-435
-367
-296
-224
-154
-87
-25
31
80
123
158
185
204
215
218
214
201
183
158
129
96
61
26
-8
-41
-69
-93
-111
-123
-129
-128
-121
-109
-92
-73
-51
-29
-8
11
28
42
52
58
61
60
56
50
43
36
29
24
21
21
23
28
35
44
54
64
74
82
88
93
94
93
89
83
74
64
52
40
27
15
3
-6
-15
-23
-29
-33
-37
-39
-42
-45
-49
-54
-60
-67
-75
-84
-93
-102
-111
-118
-123
-127
-128
-128
-125
-121
-116
-110
-104
-99
-95
-92
-91
-92
-95
-99
-105
-111
-117
-123
-127
-130
-130
-128
-123
-114
-103
-89
-73
-54
-34
-13
8
30
53
75
98
121
144
169
195
223
251
281
311
342
372
401
427
451
471
486
497
501
498
489
471
447
414
375
328
276
219
158
95
32
-29
-88
-144
-194
-239
-277
-308
-332
-349
-360
-366
-366
-363
-355
-345
-332
-316
-299
-279
-256
-232
-205
-176
-145
-112
-77
-43
-8
23
54
81
104
122
135
142
145
142
135
124
110
93
74
53
31
8
-14
-36
-58
-78
-97
-114
-128
-140
-147
-151
-152
-148
-141
-131
-118
-102
-84
-66
-47
-27
-9
8
24
38
50
60
68
73
76
77
76
73
70
66
61
57
53
49
47
46
47
48
51
55
60
66
74
82
91
101
111
121
130
138
143
146
145
140
131
117
98
76
50
21
-9
-40
-70
-100
-127
-151
-172
-189
-203
-214
-223
-229
-233
-237
-239
-241
-243
-244
-244
-243
-240
-235
-228
-218
-205
-188
-168
-144
-117
-88
-56
-23
10
45
79
112
144
173
200
223
242
257
267
272
272
267
256
241
220
195
167
136
103
70
37
6
-21
-46
-67
-83
-94
-100
-102
-100
-94
-86
-76
-66
-55
-45
-36
-29
-25
-23
-23
-24
-28
-32
-36
-40
-44
-46
-46
-45
-43
-39
-34
-30
-26
-23
-21
-22
-25
-30
-37
-45
-54
-63
-70
-74
-76
-74
-67
-56
-40
-19
4
31
60
90
119
147
173
196
216
231
243
250
253
252
247
238
226
212
195
176
156
135
114
92
70
48
26
4
-18
-41
-64
-88
-112
-136
-160
-183
-206
-226
-245
-262
-275
-284
-289
-290
-286
-278
-265
-248
-227
-203
-176
-148
-119
-89
-60
-32
-6
17
39
59
77
93
107
119
131
141
151
161
169
177
185
190
194
196
195
191
184
172
156
136
111
84
53
21
-11
-44
-76
-105
-130
-150
-166
-176
-180
-179
-173
-162
-148
-130
-111
-89
-67
-44
-20
2
25
48
71
93
114
134
154
171
186
198
207
212
212
207
197
182
162
138
110
80
49
19
-10
-37
-61
-81
-97
-108
-114
-117
-116
-111
-105
-97
-89
-80
-72
-65
-58
-54
-50
-48
-48
-48
-50
-52
-55
-59
-63
-67
-72
-77
-83
-89
-96
-103
-112
-121
-131
-143
-155
-167
-180
-192
-204
-216
-226
-234
-240
-244
-245
-242
-236
-226
-212
-193
-169
-140
-106
-66
-23
24
74
126
177
227
274
316
352
381
401
413
416
412
399
381
358
332
304
277
251
228
208
193
182
174
171
170
171
172
173
173
170
164
154
141
124
104
83
60
36
13
-7
-27
-43
-58
-69
-78
-85
-90
-94
-98
-103
-109
-116
-126
-138
-152
-169
-188
-208
-230
-252
-273
-294
-314
-331
-346
-358
-368
-373
-376
-374
-369
-360
-346
-330
-309
-285
-257
-226
-193
-157
-118
-77
-35
8
53
99
145
192
239
286
332
377
421
462
500
533
562
585
601
608
607
596
574
543
501
451
393
328
259
187
114
43
-25
-90
-149
-202
-248
-286
-317
-339
-354
-362
-363
-358
-347
-331
-309
-284
-254
-222
-188
-154
-119
-86
-55
-28
-5
11
23
28
26
17
2
-17
-43
-72
-104
-137
-169
-198
-224
-245
-259
-266
-265
-257
-240
-216
-187
-152
-114
-74
-33
6
43
76
106
130
149
163
172
177
178
178
175
173
170
168
168
169
171
176
182
189
197
206
214
222
229
234
238
239
238
234
227
216
203
187
168
147
124
100
75
50
25
1
-22
-44
-66
-87
-108
-128
-148
-168
-188
-208
-228
-247
-265
-281
-296
-308
-317
-322
-324
-321
-314
-302
-286
-267
-244
-218
-190
-161
-132
-102
-74
-47
-22
0
19
37
52
67
81
96
113
133
157
187
223
265
312
365
422
482
542
600
655
704
744
774
790
793
779
750
704
642
565
475
373
263
145
24
-97
-219
-336
-449
-553
-649
-734
-809
-872
-925
-968
-1002
-1028
-1049
-1065
-1078
-1089
-1099
-1109
-1117
-1123
-1125
-1121
-1109
-1087
-1053
-1004
-940
-859
-763
-651
-525
-387
-240
-87
67
221
370
511
642
760
862
950
1020
1075
1114
1139
1150
1150
1138
1118
1090
1055
1014
969
920
867
812
754
694
633
569
505
441
377
314
252
193
138
87
40
0
-37
-68
-94
-115
-134
-149
-162
-173
-184
-195
-206
-217
-229
-242
-254
-265
-276
-285
-292
-297
-299
-299
-298
-294
-290
-285
-281
-278
-276
-276
-278
-282
-288
-295
-303
-311
-319
-325
-329
-331
-330
-325
-317
-304
-287
-266
-241
-212
-181
-148
-114
-80
-47
-15
12
38
60
78
92
103
109
112
113
111
108
104
99
95
92
90
90
92
96
101
109
117
127
137
147
157
167
176
184
191
197
203
208
212
217
221
226
232
239
246
254
262
271
280
288
295
301
305
307
305
301
293
281
265
246
223
198
170
141
111
81
52
25
0
-22
-41
-58
-71
-82
-90
-95
-97
-98
-97
-96
-94
-92
-91
-92
-94
-98
-103
-110
-117
-125
-131
-136
-139
-138
-134
-127
-116
-101
-84
-65
-46
-27
-9
4
14
19
18
10
-3
-23
-49
-79
-112
-146
-180
-213
-242
-266
-284
-296
-302
-301
-295
-282
-265
-244
-221
-195
-169
-143
-117
-93
-70
-49
-31
-14
0
13
25
35
44
51
57
62
65
68
69
70
70
69
67
65
63
60
56
53
49
44
39
34
29
22
16
9
1
-7
-16
-25
-35
-46
-56
-67
-76
-85
-92
-97
-100
-101
-98
-92
-83
-70
-56
-38
-19
0
20
41
60
78
94
108
121
131
140
148
155
161
168
175
181
188
195
202
207
211
213
214
211
206
197
186
172
156
137
116
95
73
51
30
10
-8
-25
-40
-53
-64
-73
-81
-88
-95
-101
-108
-115
-124
-134
-145
-157
-171
-184
-198
-211
-222
-231
-236
-237
-234
-226
-215
-199
-180
-159
-137
-115
-93
-73
-55
-41
-31
-24
-22
-23
-27
-35
-43
-53
-63
-71
-77
-81
-81
-77
-68
-56
-40
-21
0
24
49
75
100
124
146
165
180
192
199
202
201
196
188
177
164
150
136
121
108
96
87
79
75
73
74
78
84
93
104
116
130
144
157
170
181
189
195
198
197
193
186
175
161
144
124
102
77
50
22
-6
-36
-65
-94
-122
-148
-173
-194
-212
-228
-239
-248
-252
-253
-250
-245
-236
-224
-209
-192
-172
-151
-128
-103
-78
-52
-25
0
25
49
71
90
107
120
129
134
135
133
127
118
106
94
80
67
55
45
38
33
30
31
33
37
42
48
53
57
60
62
62
62
60
58
55
51
47
42
35
27
16
3
-11
-30
-52
-77
-104
-134
-167
-200
-234
-267
-299
-327
-350
-368
-380
-383
-378
-365
-343
-313
-277
-235
-188
-139
-89
-40
6
49
89
123
151
174
192
204
212
217
219
219
218
216
215
214
214
214
215
216
216
215
213
209
202
193
180
162
141
116
86
52
15
-25
-67
-112
-156
-200
-241
-280
-313
-341
-362
-375
-379
-375
-363
-343
-315
-283
-246
-206
-166
-126
-88
-53
-23
3
24
41
54
63
70
75
79
84
91
99
109
123
139
158
179
201
223
244
263
279
291
298
299
294
284
268
247
221
192
160
127
93
60
28
-2
-30
-55
-78
-97
-112
-125
-135
-142
-147
-151
-153
-154
-154
-153
-151
-148
-143
-137
-130
-120
-109
-95
-80
-63
-45
-26
-7
10
28
43
56
65
71
74
72
67
59
48
35
22
9
-2
-11
-18
-21
-19
-13
-3
9
25
42
58
73
85
93
95
92
83
69
50
28
5
-17
-38
-56
-68
-73
-71
-61
-42
-16
16
54
95
139
181
220
255
283
303
314
315
307
291
266
235
199
159
116
73
30
-11
-49
-85
-117
-145
-169
-190
-207
-221
-232
-242
-249
-254
-258
-260
-259
-256
-250
-240
-226
-209
-187
-162
-134
-103
-70
-36
-1
32
64
94
119
140
156
166
169
166
158
143
124
101
75
47
17
-11
-39
-65
-88
-108
-122
-132
-136
-136
-131
-122
-110
-97
-82
-68
-55
-45
-38
-35
-36
-42
-50
-62
-75
-89
-102
-113
-120
-123
-120
-111
-96
-74
-46
-13
23
63
106
148
190
230
267
300
327
350
367
377
382
381
373
360
341
318
289
255
218
177
132
85
36
-14
-67
-119
-172
-224
-274
-321
-363
-401
-431
-455
-470
-477
-474
-462
-442
-414
-379
-340
-299
-256
-215
-178
-145
-119
-100
-89
-84
-85
-92
-101
-111
-121
-127
-127
-121
-107
-84
-53
-12
34
87
144
201
257
309
355
392
420
436
442
437
423
401
373
342
310
280
254
233
220
216
220
232
252
277
306
335
362
385
399
403
394
373
337
289
229
160
83
3
-78
-158
-233
-301
-359
-408
-445
-470
-483
-485
-477
-459
-433
-401
-365
-326
-286
-246
-208
-173
-142
-114
-90
-71
-56
-44
-36
-31
-29
-30
-33
-37
-43
-49
-57
-64
-71
-79
-85
-91
-96
-100
-102
-103
-101
-98
-92
-83
-72
-57
-39
-18
4
30
58
86
115
142
168
191
210
224
233
237
234
226
211
191
167
139
108
77
46
16
-9
-31
-48
-60
-65
-64
-58
-46
-30
-11
10
33
56
78
98
116
130
142
149
153
154
151
146
138
128
116
102
87
72
55
38
21
3
-13
-30
-46
-61
-76
-88
-99
-108
-115
-119
-120
-119
-114
-106
-95
-81
-65
-48
-28
-9
9
28
44
57
67
72
73
69
61
47
30
10
-11
-35
-57
-78
-96
-110
-118
