198
167
138
110
83
59
36
15
-3
-19
-34
-46
-57
-65
-71
-75
-77
-77
-75
-72
-68
-64
-59
-55
-51
-48
-46
-45
-45
-46
-48
-49
-51
-51
-51
-48
-44
-38
-30
-20
-8
4
17
31
45
57
68
77
83
87
86
82
74
63
48
30
9
-13
-37
-62
-86
-109
-130
-148
-162
-171
-174
-172
-164
-150
-130
-106
-77
-46
-13
18
50
78
103
123
137
146
149
147
141
131
120
107
94
81
69
57
45
34
22
9
-5
-23
-43
-66
-92
-120
-148
-177
-203
-225
-241
-250
-250
-240
-220
-190
-151
-103
-49
7
66
122
175
220
256
280
292
289
272
241
195
137
67
-12
-100
-192
-288
-385
-481
-573
-660
-739
-810
-871
-921
-958
-981
-991
-986
-967
-933
-885
-823
-749
-663
-567
-463
-351
-233
-110
15
144
275
405
535
662
784
899
1005
1101
1184
1251
1302
1336
1351
1347
1324
1283
1225
1152
1065
965
856
740
619
496
372
250
132
21
-83
-179
-265
-341
-407
-462
-506
-541
-566
-583
-592
-594
-591
-583
-571
-556
-539
-520
-501
-480
-460
-440
-420
-401
-384
-367
-352
-338
-325
-313
-301
-289
-276
-263
-248
-231
-211
-190
-165
-138
-109
-78
-46
-13
20
52
84
113
140
165
186
205
221
235
247
257
265
272
279
285
290
295
299
301
302
302
300
297
291
284
275
265
255
243
231
218
206
194
183
173
164
157
150
145
141
138
135
134
132
131
130
129
126
123
118
112
102
91
76
57
36
11
-16
-45
-76
-106
-135
-161
-183
-200
-210
-213
-209
-197
-179
-155
-127
-96
-64
-33
-5
17
35
46
50
46
35
17
-6
-34
-65
-97
-129
-159
-185
-208
-225
-236
-241
-241
-235
-224
-208
-188
-165
-140
-113
-84
-55
-26
1
29
57
83
107
130
151
169
185
198
208
214
217
217
213
206
196
183
166
147
124
100
74
46
19
-8
-35
-59
-81
-99
-114
-124
-130
-132
-130
-126
-120
-113
-107
-102
-99
-100
-103
-109
-118
-129
-140
-152
-163
-172
-178
-182
-182
-180
-174
-166
-155
-143
-129
-115
-101
-87
-74
-62
-52
-42
-34
-26
-19
-12
-4
3
12
22
33
44
56
67
78
88
97
104
111
117
122
126
131
135
140
146
153
160
168
177
186
194
201
206
208
207
202
192
177
158
134
106
75
43
11
-19
-48
-73
-92
-106
-114
-116
-111
-101
-87
-68
-46
-22
3
28
53
75
95
112
125
133
137
136
130
120
105
86
64
40
14
-12
-39
-64
-88
-108
-126
-140
-149
-155
-157
-156
-152
-146
-139
-130
-122
-113
-105
-97
-90
-85
-80
-76
-74
-73
-72
-72
-72
-72
-73
-72
-71
-69
-65
-60
-54
-47
-40
-33
-26
-21
-18
-17
-19
-23
-29
-38
-49
-61
-72
-83
-92
-98
-101
-100
-94
-84
-69
-50
-28
-4
21
46
71
93
112
127
138
144
146
144
137
127
115
101
86
72
58
46
37
30
25
24
24
26
29
33
35
36
35
32
24
14
0
-16
-35
-56
-78
-101
-122
-142
-159
-172
-182
-187
-187
-182
-173
-158
-138
-114
-87
-57
-25
8
42
75
107
136
163
186
205
219
230
235
236
232
224
212
195
176
154
130
105
79
53
29
5
-14
-33
-48
-60
-69
-75
-78
-79
-77
-74
-71
-67
-64
-61
-60
-60
-61
-64
-67
-71
-74
-76
-77
-76
-73
-68
-61
-53
-42
-30
-18
-4
9
22
35
48
59
68
77
84
90
95
99
103
107
110
113
114
114
113
108
101
91
78
61
42
21
-1
-24
-46
-67
-86
-100
-111
-115
-114
-106
-92
-72
-47
-17
14
47
79
108
132
151
162
166
161
149
129
103
72
39
3
-31
-64
-95
-121
-142
-159
-170
-177
-179
-178
-174
-169
-162
-155
-148
-140
-133
-126
-119
-111
-102
-92
-80
-67
-52
-35
-16
3
23
44
65
85
103
119
133
145
155
162
167
170
173
174
175
176
176
177
177
177
175
173
169
162
153
140
124
104
81
55
26
-5
-37
-70
-102
-134
-163
-190
-213
-233
-249
-261
-269
-273
-274
-270
-263
-253
-240
-225
-208
-190
-170
-151
-132
-113
-96
-81
-68
-58
-50
-44
-41
-40
-41
-42
-44
-46
-47
-48
-47
-45
-42
-38
-33
-28
-23
-18
-12
-6
0
6
14
23
35
48
63
81
100
120
142
164
186
206
225
240
251
257
257
252
240
223
200
173
143
111
77
45
14
-14
-38
-59
-75
-86
-92
-94
-90
-82
-70
-55
-36
-15
7
30
53
76
97
116
133
146
157
164
167
168
165
160
153
144
133
121
108
95
81
67
53
38
21
3
-15
-37
-61
-86
-113
-140
-168
-194
-218
-238
-254
-265
-270
-270
-265
-256
-242
-226
-208
-189
-170
-153
-138
-124
-113
-104
-96
-90
-83
-76
-67
-56
-43
-26
-5
17
42
70
97
124
150
172
190
203
211
212
207
195
178
156
130
101
70
39
10
-17
-40
-59
-73
-82
-85
-83
-76
-66
-52
-35
-17
2
23
43
64
83
102
119
134
148
160
170
178
184
188
189
189
185
179
169
156
139
118
94
67
37
5
-28
-61
-94
-125
-153
-178
-198
-214
-225
-231
-231
-226
-216
-202
-184
-163
-139
-114
-87
-60
-33
-7
16
38
56
70
79
83
82
75
63
47
27
4
-19
-43
-67
-87
-104
-116
-123
-124
-119
-110
-95
-77
-57
-36
-15
3
20
35
46
54
59
60
60
57
54
50
47
44
43
43
45
49
54
59
66
72
79
84
88
90
91
89
85
79
70
60
48
34
20
5
-9
-24
-38
-51
-62
-71
-78
-83
-85
-85
-83
-79
-72
-65
-56
-47
-37
-27
-16
-6
4
14
24
33
42
50
57
63
67
71
73
74
74
72
69
66
62
58
55
52
52
53
57
64
74
86
100
115
131
145
158
168
175
178
176
170
159
145
127
106
84
61
39
18
0
-13
-24
-29
-29
-25
-15
-1
14
32
51
67
80
88
90
84
70
47
17
-20
-63
-112
-164
-217
-270
-320
-366
-408
-442
-469
-489
-500
-503
-499
-488
-472
-450
-425
-397
-366
-334
-301
-267
-233
-197
-161
-123
-84
-44
-1
42
89
136
184
232
279
324
366
403
435
459
475
482
479
466
442
408
365
313
254
191
125
58
-6
-66
-121
-168
-206
-234
-252
-259
-257
-247
-228
-204
-175
-143
-110
-78
-49
-22
0
17
30
38
43
43
41
38
33
29
26
24
23
25
28
34
41
49
58
67
76
85
92
97
100
101
100
95
88
77
64
48
30
10
-12
-36
-62
-88
-115
-142
-168
-193
-216
-236
-254
-268
-279
-285
-287
-285
-278
-267
-252
-232
-208
-180
-150
-116
-80
-43
-5
31
67
101
132
160
184
204
219
229
235
237
234
227
217
203
187
169
150
130
110
90
71
53
36
22
8
-3
-14
-23
-31
-37
-42
-45
-47
-48
-47
-44
-41
-36
-30
-23
-15
-7
1
10
20
29
38
47
53
59
61
62
60
55
48
38
27
16
5
-3
-10
-12
-9
0
14
37
65
100
139
182
225
268
307
341
369
387
395
393
379
355
321
278
228
174
117
60
4
-47
-94
-135
-170
-197
-218
-232
-240
-243
-243
-240
-236
-231
-226
-222
-219
-217
-216
-216
-215
-213
-209
-202
-193
-180
-164
-146
-126
-105
-83
-62
-42
-25
-9
2
11
17
21
22
23
22
22
23
24
28
33
41
50
60
70
80
90
97
102
104
103
99
92
83
71
58
43
29
15
3
-7
-15
-21
-24
-24
-21
-15
-7
3
15
28
43
58
74
90
106
121
137
151
165
178
189
200
208
215
221
223
224
221
215
206
192
175
153
127
96
60
21
-21
-68
-117
-168
-220
-272
-323
-371
-416
-457
-492
-521
-543
-558
-565
-565
-559
-546
-529
-508
-483
-457
-430
-402
-373
-346
-318
-290
-263
-235
-207
-177
-145
-112
-76
-37
3
48
94
142
192
242
291
339
385
427
464
496
521
540
552
556
553
543
526
503
475
443
407
369
330
290
250
213
177
144
115
88
64
42
23
5
-11
-28
-45
-63
-82
-101
-121
-142
-162
-182
-201
-218
-232
-243
-250
-253
-252
-246
-237
-223
-207
-189
-169
-149
-130
-113
-98
-86
-77
-72
-69
-70
-73
-78
-83
-90
-95
-100
-103
-105
-104
-102
-98
-93
-86
-78
-70
-60
-51
-40
-30
-18
-7
4
17
29
42
56
69
83
96
109
121
132
140
147
151
152
151
147
142
134
126
117
109
101
95
91
88
88
89
92
97
102
107
112
116
119
120
118
114
107
98
87
75
61
46
31
17
3
-9
-20
-30
-38
-44
-48
-50
-50
-49
-47
-44
-40
-35
-31
-28
-25
-23
-22
-22
-23
-24
-25
-26
-26
-25
-23
-19
-13
-4
5
17
31
47
63
81
98
114
129
142
151
157
159
156
148
136
120
101
78
54
29
5
-16
-36
-52
-64
-71
-74
-73
-68
-61
-52
-43
-34
-27
-22
-19
-19
-21
-26
-34
-42
-51
-60
-69
-77
-83
-88
-90
-91
-90
-88
-84
-80
-75
-69
-64
-58
-53
-48
-44
-40
-36
-32
-29
-26
-23
-20
-17
-14
-10
-7
-4
-1
0
2
2
0
-1
-5
-10
-17
-24
-31
-39
-46
-52
-58
-61
-63
-62
-59
-53
-46
-36
-23
-9
5
22
39
56
73
89
103
115
125
131
135
135
133
127
119
108
96
83
70
57
45
35
26
19
13
9
4
0
-4
-12
-21
-34
-50
-69
-90
-113
-136
-159
-179
-196
-208
-214
-213
-205
-189
-168
-140
-108
-73
-37
-2
30
58
80
95
103
103
95
81
61
36
8
-21
-50
-78
-103
-124
-141
-154
-161
-165
-164
-161
-156
-150
-143
-137
-131
-127
-123
-120
-117
-113
-107
-99
-89
-75
-57
-37
-14
11
37
64
90
114
134
152
165
174
178
178
174
166
156
143
130
116
102
89
78
70
64
60
59
61
66
72
80
89
99
109
118
125
131
134
133
129
121
109
93
73
50
25
-1
-30
-58
-85
-111
-135
-155
-173
-186
-195
-200
-200
-196
-188
-176
-162
-144
-124
-103
-82
-60
-40
-20
-3
10
22
31
37
41
43
44
45
45
47
51
56
64
74
87
102
118
136
154
172
188
204
217
226
233
234
232
224
211
194
172
145
116
84
51
17
-15
-47
-76
-101
-123
-140
-153
-160
-163
-160
-153
-142
-128
-111
-93
-74
-54
-36
-18
-1
12
25
36
44
50
54
55
54
51
46
39
33
26
21
17
16
19
25
35
48
65
84
103
122
139
151
159
160
153
139
