-194
-196
-197
-197
-197
-196
-194
-193
-190
-186
-182
-176
-169
-161
-151
-141
-129
-117
-104
-91
-78
-65
-54
-44
-36
-30
-26
-26
-28
-33
-41
-52
-64
-77
-91
-105
-117
-127
-133
-134
-130
-120
-104
-80
-50
-13
30
78
131
188
245
303
359
412
460
502
537
563
579
586
582
569
547
517
479
435
385
331
274
214
154
92
31
-27
-86
-141
-194
-243
-288
-328
-364
-394
-420
-440
-455
-465
-469
-469
-465
-456
-444
-428
-409
-389
-367
-344
-320
-296
-271
-246
-221
-194
-167
-140
-111
-83
-54
-26
1
27
52
75
97
116
133
148
161
172
182
190
197
203
207
210
212
212
211
207
201
193
182
168
153
135
115
95
74
54
34
15
-1
-17
-31
-42
-52
-60
-66
-70
-72
-73
-73
-73
-71
-69
-67
-65
-63
-60
-58
-56
-54
-53
-51
-51
-51
-52
-54
-58
-63
-69
-76
-83
-90
-96
-100
-102
-100
-94
-82
-65
-41
-11
24
66
112
162
213
264
313
358
397
428
451
463
466
459
442
417
384
344
300
253
204
155
108
62
19
-20
-55
-87
-115
-139
-159
-177
-191
-204
-215
-223
-231
-236
-241
-244
-245
-244
-242
-237
-231
-224
-215
-205
-194
-182
-171
-159
-148
-139
-130
-122
-114
-108
-102
-95
-88
-79
-68
-54
-38
-19
3
28
56
85
116
146
177
206
232
255
275
290
301
306
307
303
295
282
267
248
227
204
180
154
127
99
70
40
10
-20
-52
-84
-116
-148
-180
-210
-238
-264
-286
-304
-316
-322
-321
-313
-299
-277
-249
-215
-177
-136
-93
-49
-6
33
70
102
128
148
160
166
165
157
144
127
107
85
62
40
19
1
-13
-25
-34
-39
-41
-41
-38
-35
-31
-27
-23
-21
-21
-23
-26
-31
-38
-45
-53
-60
-66
-69
-70
-68
-62
-53
-40
-25
-8
10
29
48
65
80
93
102
107
110
108
104
96
87
76
64
52
40
29
20
13
8
5
5
6
10
15
21
27
32
37
40
41
40
37
32
26
20
13
8
4
2
4
8
16
27
40
56
72
87
102
114
122
127
126
121
112
97
79
58
34
10
-14
-38
-59
-78
-94
-106
-115
-120
-121
-120
-116
-110
-102
-93
-83
-74
-64
-55
-46
-38
-31
-26
-22
-19
-17
-17
-18
-21
-26
-33
-42
-54
-70
-89
-112
-138
-169
-202
-239
-278
-317
-357
-395
-431
-463
-489
-510
-523
-529
-527
-516
-498
-473
-440
-402
-359
-312
-261
-208
-153
-97
-40
16
74
132
189
246
303
359
415
470
523
576
627
676
721
762
798
828
850
865
870
866
852
828
794
750
698
638
571
498
421
339
256
171
87
4
-75
-151
-222
-287
-346
-398
-442
-478
-507
-529
-543
-552
-554
-551
-545
-535
-524
-510
-495
-480
-465
-449
-433
-417
-400
-383
-365
-346
-327
-307
-286
-264
-242
-219
-195
-172
-148
-124
-101
-78
-56
-34
-13
5
24
42
59
75
91
105
120
133
146
159
172
184
196
208
219
230
240
248
255
259
261
261
257
251
243
232
220
206
190
174
156
138
119
99
79
58
38
17
-1
-19
-34
-47
-55
-58
-57
-49
-35
-16
8
39
73
111
151
191
231
267
300
328
348
362
367
365
353
334
308
276
238
196
152
107
62
18
-22
-60
-93
-122
-146
-164
-177
-186
-191
-192
-190
-186
-181
-174
-167
-160
-154
-147
-141
-135
-129
-123
-117
-111
-105
-98
-91
-84
-76
-68
-61
-53
-46
-39
-33
-27
-23
-19
-16
-13
-12
-12
-12
-13
-14
-16
-18
-19
-20
-21
-21
-21
-20
-20
-19
-20
-21
-23
-25
-29
-33
-38
-42
-47
-51
-54
-57
-58
-58
-57
-53
-49
-42
-35
-26
-16
-6
3
13
21
28
33
36
37
35
31
26
18
10
0
-8
-18
-26
-33
-38
-41
-42
-40
-35
-28
-18
-6
7
22
37
53
69
83
97
109
119
127
132
135
135
132
125
114
99
80
57
31
2
-29
-62
-95
-127
-157
-183
-204
-220
-230
-233
-230
-221
-206
-186
-162
-135
-105
-74
-43
-12
17
45
69
91
110
125
136
145
152
156
158
159
158
156
154
150
145
139
131
121
108
92
72
48
19
-14
-53
-97
-145
-198
-253
-310
-366
-420
-470
-513
-549
-575
-591
-594
-586
-565
-532
-488
-434
-370
-299
-223
-142
-60
22
103
181
254
320
377
426
464
491
508
514
510
497
475
448
415
379
341
303
266
232
202
175
154
137
125
116
111
109
108
109
109
109
109
106
103
97
89
79
67
53
38
22
6
-10
-26
-42
-58
-73
-87
-100
-112
-124
-135
-145
-154
-162
-169
-176
-183
-189
-195
-200
-206
-211
-216
-220
-222
-223
-221
-216
-207
-194
-177
-156
-130
-101
-69
-35
0
33
66
96
122
144
161
173
180
181
178
171
161
149
135
121
106
92
79
67
56
47
40
35
31
28
27
26
26
27
27
27
26
26
25
24
23
22
21
21
22
23
24
26
29
32
36
40
44
48
51
55
58
60
62
62
61
60
56
52
46
39
31
22
13
4
-4
-12
-19
-25
-28
-29
-28
-25
-19
-12
-4
4
13
21
28
34
38
40
40
37
32
26
19
11
3
-4
-10
-15
-18
-18
-15
-10
-3
6
16
27
38
49
57
64
67
68
67
62
55
46
36
24
13
1
-8
-18
-27
-34
-40
-46
-51
-56
-61
-67
-73
-80
-87
-95
-102
-109
-115
-119
-121
-121
-119
-114
-107
-99
-88
-76
-64
-51
-39
-27
-16
-8
0
4
7
7
6
3
-1
-7
-14
-21
-28
-35
-40
-43
-43
-42
-37
-29
-18
-5
10
27
45
63
80
95
107
116
121
122
118
109
96
79
59
36
12
-11
-36
-61
-84
-106
-127
-146
-164
-181
-196
-210
-222
-233
-240
-246
-247
-245
-239
-229
-215
-196
-174
-148
-120
-91
-61
-31
-1
25
50
73
93
111
126
140
151
162
171
181
190
199
208
217
226
234
240
245
248
248
244
238
229
216
201
184
166
146
127
109
92
78
68
60
56
56
59
65
73
82
91
99
106
110
111
109
102
91
75
56
34
9
-18
-47
-77
-107
-136
-165
-192
-217
-241
-262
-282
-299
-314
-326
-336
-343
-347
-347
-345
-339
-329
-318
-304
-288
-271
-255
-238
-222
-207
-193
-180
-168
-156
-145
-133
-121
-108
-95
-81
-67
-54
-42
-32
-25
-22
-23
-30
-41
-56
-76
-98
-122
-146
-167
-185
-196
-200
-196
-181
-156
-121
-76
-21
40
107
179
252
324
392
456
511
558
593
617
628
628
615
591
556
514
464
410
353
295
237
183
133
88
49
17
-7
-25
-36
-42
-43
-40
-35
-29
-24
-20
-19
-22
-28
-39
-53
-70
-90
-111
-131
-150
-167
-180
-189
-193
-193
-189
-181
-170
-158
-144
-130
-117
-105
-95
-87
-82
-79
-78
-79
-82
-87
-93
-100
-107
-116
-124
-131
-138
-143
-146
-147
-145
-138
-128
-113
-93
-68
-38
-4
32
72
112
152
190
223
252
274
289
298
299
294
284
269
251
232
212
193
176
161
150
142
138
136
136
137
139
141
141
138
133
125
113
98
80
60
37
14
-10
-34
-57
-79
-99
-116
-130
-141
-149
-153
-154
-152
-148
-141
-133
-125
-115
-105
-95
-85
-74
-64
-52
-40
-28
-16
-3
9
21
33
44
55
65
75
84
93
102
110
118
125
132
138
142
146
148
149
148
146
142
138
132
127
121
117
114
113
114
118
125
134
145
157
169
181
190
196
197
193
182
165
141
111
76
36
-7
-54
-101
-149
-196
-241
-282
-320
-352
-380
-401
-416
-425
-427
-424
-416
-403
-385
-364
-339
-312
-284
-254
-223
-193
-163
-134
-107
-83
-61
-42
-26
-14
-5
0
1
1
0
-3
-7
-10
-12
-13
-13
-10
-6
-1
6
14
24
34
46
58
70
83
96
109
122
134
145
154
159
162
160
153
141
123
101
73
40
4
-33
-72
-112
-149
-183
-212
-236
-252
-262
-265
-260
-249
-233
-211
-186
-159
-132
-104
-78
-55
-34
-17
-4
5
12
15
16
15
12
9
5
2
0
-2
-3
-2
0
3
8
15
23
31
39
48
55
61
66
69
70
69
67
64
60
56
54
53
55
59
67
79
93
111
130
151
172
191
209
222
230
233
229
218
200
175
144
108
69
27
-15
-57
-97
-135
-168
-197
-222
-241
-255
-265
-270
-272
-271
-268
-264
-258
-250
-241
-231
-219
-205
-189
-171
-151
-129
-105
-81
-57
-34
-13
5
19
31
38
41
42
40
36
32
29
27
28
32
40
51
65
82
101
121
142
161
179
194
207
216
222
225
226
225
224
223
223
225
230
239
251
266
286
308
332
357
381
404
422
435
440
436
422
398
364
319
266
205
140
71
1
-67
-133
-194
-250
-298
-339
-373
-399
-417
-429
-434
-433
-427
-416
-401
-381
-358
-332
-302
-269
-234
-196
-157
-117
-78
-39
-2
32
64
92
115
135
151
162
171
176
179
180
181
180
178
176
174
171
166
161
153
143
131
116
98
78
55
31
6
-19
-44
-67
-89
-107
-122
-132
-138
-139
-135
-127
-115
-101
-84
-66
-49
-33
-19
-8
-2
0
0
-5
-13
-23
-35
-46
-57
-66
-73
-77
-79
-77
-72
-65
-55
-45
-33
-21
-10
0
8
15
19
22
22
19
15
9
2
-5
-14
-22
-29
-35
-40
-42
-42
-40
-36
-29
-22
-13
-3
5
14
23
31
38
45
51
58
64
70
76
81
86
89
90
88
84
77
66
52
36
18
0
-18
-35
-50
-61
-69
-72
-72
-68
-61
-54
-45
-39
-34
-34
-38
-46
-60
-78
-100
-124
-150
-176
-200
-222
-240
-254
-262
-266
-265
-259
-249
-237
-223
-209
-196
-185
-176
-172
-172
-175
-183
-193
-206
-219
-232
-241
-247
-247
-240
-224
-201
-168
-128
-80
-25
33
96
160
224
287
347
403
453
498
535
565
588
602
609
609
601
585
563
535
501
463
420
375
328
280
233
187
145
106
73
45
23
8
0
-1
1
9
20
33
46
58
68
73
73
67
54
35
8
-23
-60
-102
-147
-192
-238
-282
-322
-357
-386
-409
-423
-430
-429
-422
-408
-389
-366
-340
-313
-284
-256
-228
-202
-178
-157
-138
-123
-110
-100
-93
-89
-87
-87
-88
-90
-93
-94
-95
-94
-90
-84
-75
-62
-46
-27
-6
15
39
61
83
102
118
130
140
146
149
151
152
153
155
158
165
173
184
197
211
226
240
253
264
271
275
274
267
256
239
218
192
163
131
97
61
26
-8
-41
-72
-101
-126
-147
-164
-178
-187
-192
-193
-191
-186
-178
-168
-156
