-177
-145
-111
-75
-38
-1
34
71
106
140
171
200
226
248
266
279
287
288
283
272
252
226
192
152
105
53
-3
-63
-125
-187
-248
-305
-357
-402
-439
-465
-480
-484
-475
-453
-420
-376
-323
-263
-198
-130
-62
4
66
123
172
214
247
272
289
298
300
298
292
284
275
267
260
256
254
255
258
263
267
271
273
271
264
252
234
210
179
141
99
51
0
-53
-108
-163
-216
-265
-309
-347
-377
-400
-414
-419
-415
-404
-384
-358
-326
-290
-249
-207
-164
-120
-78
-37
0
35
67
95
120
141
159
174
186
195
202
207
210
212
211
210
206
202
196
188
179
168
155
141
126
109
91
72
53
34
16
0
-17
-31
-43
-53
-60
-65
-67
-66
-61
-54
-43
-30
-14
4
24
45
67
89
109
128
144
156
165
169
167
161
150
134
115
93
70
47
26
9
-4
-13
-16
-13
-5
6
22
40
58
77
94
109
120
127
130
128
122
112
98
81
61
40
18
-4
-26
-47
-67
-85
-102
-115
-127
-136
-142
-146
-147
-146
-143
-138
-131
-123
-114
-104
-94
-83
-72
-60
-49
-36
-24
-11
1
14
27
40
52
64
74
84
92
98
102
103
102
98
92
83
72
58
43
26
8
-10
-28
-45
-62
-76
-88
-98
-104
-108
-110
-108
-105
-101
-96
-91
-86
-84
-83
-85
-89
-96
-105
-116
-128
-141
-154
-166
-176
-184
-189
-191
-189
-184
-174
-161
-145
-127
-106
-85
-64
-43
-23
-5
9
22
31
38
42
44
44
42
40
37
35
33
33
33
35
38
42
47
52
58
64
72
80
90
101
114
128
145
163
182
202
221
241
259
275
289
300
308
313
314
311
305
295
280
261
239
212
183
149
113
75
36
-4
-45
-85
-123
-159
-192
-220
-242
-259
-270
-275
-275
-269
-258
-244
-228
-211
-194
-178
-164
-153
-144
-138
-136
-137
-140
-146
-154
-164
-174
-184
-194
-202
-208
-211
-211
-207
-198
-184
-166
-143
-116
-86
-52
-17
19
56
91
124
154
179
199
214
224
227
225
219
209
196
181
164
148
133
118
105
93
83
74
66
58
51
43
35
26
16
4
-9
-24
-40
-57
-75
-92
-108
-122
-134
-144
-150
-153
-151
-146
-137
-124
-108
-89
-68
-45
-21
3
27
49
70
89
105
118
127
133
134
130
122
110
93
73
49
23
-4
-32
-61
-87
-110
-130
-146
-156
-162
-163
-160
-152
-142
-129
-114
-99
-84
-70
-57
-45
-36
-28
-22
-17
-13
-9
-3
3
12
25
41
61
85
112
140
170
200
228
253
272
285
291
288
275
254
224
186
142
94
43
-7
-56
-101
-141
-175
-201
-219
-229
-231
-227
-216
-201
-182
-160
-137
-114
-91
-69
-49
-31
-15
-2
8
17
24
29
32
33
33
32
31
29
27
26
25
25
26
27
29
32
35
39
42
44
47
48
50
50
50
51
51
52
53
56
59
63
68
74
79
84
88
90
90
88
83
75
66
54
42
28
15
2
-8
-18
-26
-31
-34
-34
-31
-26
-18
-8
3
18
35
54
74
94
115
135
154
171
185
194
200
200
195
185
170
150
125
98
67
35
3
-27
-57
-83
-106
-124
-137
-146
-150
-149
-145
-137
-127
-116
-104
-93
-82
-74
-68
-65
-64
-66
-70
-75
-81
-88
-94
-99
-103
-104
-104
-102
-100
-96
-93
-91
-91
-92
-97
-103
-112
-123
-134
-145
-156
-164
-169
-172
-171
-166
-159
-149
-136
-123
-109
-94
-81
-68
-57
-47
-39
-33
-27
-23
-18
-14
-9
-3
3
12
23
36
51
68
85
103
121
138
155
170
183
194
203
211
217
221
224
227
228
229
229
229
227
223
217
209
198
184
167
147
124
98
70
41
11
-18
-46
-71
-94
-114
-131
-144
-155
-164
-171
-178
-184
-190
-197
-203
-209
-213
-214
-213
-206
-195
-178
-155
-126
-91
-52
-9
34
79
121
160
194
220
238
245
243
229
206
172
130
81
26
-31
-90
-148
-202
-251
-292
-323
-344
-353
-350
-336
-310
-274
-230
-179
-125
-68
-11
41
91
134
169
197
216
227
230
226
216
201
183
163
142
121
101
82
66
52
40
31
23
18
13
10
7
5
3
2
2
3
4
7
11
17
24
32
41
51
62
72
82
91
99
106
111
114
115
115
113
110
106
101
96
90
84
78
71
64
57
49
40
30
20
8
-3
-15
-27
-39
-49
-57
-63
-66
-66
-63
-58
-50
-41
-30
-19
-8
1
10
17
22
24
23
20
15
7
-1
-10
-20
-28
-34
-38
-38
-35
-27
-16
-1
16
36
57
78
99
118
134
147
156
160
159
154
143
128
109
86
60
32
3
-24
-51
-76
-97
-115
-129
-138
-143
-145
-143
-139
-133
-126
-118
-112
-107
-106
-108
-114
-125
-141
-162
-187
-215
-247
-279
-312
-342
-370
-392
-408
-416
-416
-407
-390
-365
-333
-296
-255
-212
-169
-128
-91
-59
-33
-14
-2
4
5
1
-3
-10
-15
-18
-16
-9
5
26
55
92
134
182
233
286
338
388
433
471
501
522
532
532
522
502
473
436
393
345
295
242
190
139
91
46
6
-29
-59
-84
-104
-119
-129
-136
-139
-140
-140
-139
-137
-137
-137
-138
-140
-144
-149
-154
-159
-164
-168
-170
-171
-169
-165
-158
-149
-138
-125
-110
-94
-77
-61
-45
-31
-18
-8
-1
2
3
2
-1
-7
-13
-20
-26
-30
-33
-33
-29
-23
-14
-3
9
24
39
54
68
80
91
99
106
109
111
110
108
104
98
91
84
75
65
54
42
30
17
3
-10
-24
-38
-50
-61
-70
-77
-81
-83
-81
-76
-67
-56
-41
-24
-5
15
37
60
84
106
128
147
164
178
188
194
196
193
185
174
160
143
125
106
87
70
55
44
36
32
33
38
47
59
73
89
104
119
131
140
146
148
145
138
128
114
98
80
62
43
27
12
0
-9
-16
-20
-22
-23
-23
-22
-23
-25
-28
-33
-40
-48
-58
-68
-80
-92
-104
-115
-127
-137
-147
-156
-162
-167
-171
-172
-170
-167
-161
-154
-144
-133
-121
-107
-94
-80
-66
-53
-41
-30
-21
-13
-7
-3
-1
-1
-3
-6
-10
-16
-22
-28
-33
-38
-42
-44
-45
-45
-44
-43
-42
-41
-41
-44
-48
-54
-61
-71
-81
-90
-99
-106
-110
-111
-107
-100
-89
-75
-58
-40
-22
-5
9
21
30
34
33
27
17
3
-12
-31
-51
-70
-87
-101
-111
-115
-114
-106
-92
-72
-47
-17
14
47
81
113
141
166
185
198
205
205
200
190
174
156
135
112
90
69
50
34
21
12
7
6
7
12
18
26
34
41
47
51
52
52
48
43
35
26
17
7
0
-8
-13
-15
-15
-11
-5
4
16
30
45
60
73
85
94
98
99
94
85
70
52
30
5
-22
-51
-80
-109
-138
-165
-190
-212
-230
-245
-256
-262
-263
-260
-252
-240
-224
-204
-181
-156
-129
-100
-71
-42
-13
14
40
64
86
106
122
136
147
155
159
161
160
156
150
142
132
122
111
100
90
81
74
68
65
64
66
69
74
80
87
94
100
104
106
104
99
90
77
61
42
21
-1
-23
-45
-65
-82
-97
-109
-116
-120
-120
-116
-108
-96
-80
-61
-39
-14
10
36
61
84
105
121
132
139
140
135
127
114
99
81
63
45
28
13
1
-8
-16
-21
-24
-26
-27
-27
-27
-28
-28
-29
-30
-31
-31
-30
-27
-22
-14
-5
5
18
31
44
55
65
71
73
71
63
50
32
8
-19
-51
-86
-122
-159
-195
-229
-259
-285
-305
-319
-327
-327
-321
-308
-289
-265
-236
-203
-167
-130
-92
-54
-16
19
54
88
120
150
180
209
238
266
296
326
356
387
417
447
475
501
521
536
544
544
533
512
479
434
379
313
237
155
68
-21
-111
-199
-282
-359
-427
-485
-532
-568
-592
-603
-602
-589
-565
-532
-491
-443
-390
-334
-276
-219
-163
-110
-60
-15
23
57
85
107
124
135
141
144
142
137
131
123
114
105
96
88
82
77
73
72
71
72
74
75
77
79
79
78
75
70
63
55
44
31
17
2
-13
-30
-45
-60
-73
-84
-92
-98
-101
-101
-99
-96
-91
-85
-79
-73
-68
-64
-60
-57
-54
-52
-51
-50
-50
-50
-52
-54
-58
-64
-71
-80
-90
-102
-115
-128
-140
-152
-161
-167
-168
-165
-156
-141
-121
-94
-63
-29
8
46
85
122
157
189
217
240
259
273
284
290
294
294
293
289
283
276
267
256
244
229
213
195
174
152
127
101
73
44
14
-14
-43
-71
-97
-119
-138
-152
-161
-165
-162
-153
-138
-118
-92
-63
-31
2
36
69
98
122
140
151
154
148
134
110
80
42
0
-48
-97
-147
-196
-243
-285
-323
-355
-381
-400
-413
-420
-421
-416
-405
-389
-367
-340
-309
-272
-230
-185
-135
-83
-29
24
78
129
178
222
260
292
317
334
345
349
348
341
331
318
304
290
277
265
256
248
243
239
237
235
233
230
225
217
206
193
176
157
136
113
89
64
40
16
-6
-27
-47
-66
-83
-99
-113
-126
-138
-149
-158
-166
-172
-177
-180
-181
-181
-179
-177
-173
-170
-167
-164
-162
-162
-162
-163
-166
-168
-171
-174
-175
-175
-172
-165
-155
-140
-121
-97
-69
-37
-3
33
70
107
142
176
205
230
251
266
277
282
284
281
276
268
259
250
241
232
223
215
207
199
190
179
166
151
133
113
89
62
33
1
-30
-64
-98
-132
-165
-196
-226
-254
-279
-303
-324
-344
-361
-377
-391
-403
-414
-424
-432
-439
-445
-448
-449
-447
-442
-433
-419
-399
-374
-341
-303
-258
-208
-153
-94
-34
26
85
140
190
233
268
296
315
325
329
326
317
305
289
273
255
237
221
206
192
180
170
162
155
150
147
145
144
144
146
149
153
158
163
169
175
181
185
187
187
185
178
168
153
134
112
85
56
25
-6
-38
-68
-96
-120
-140
-153
-161
-163
-159
-150
-137
-120
-101
-82
-63
-47
-33
-24
-19
-18
-23
-33
-46
-63
-82
-103
-124
-143
-161
-175
-186
-192
-194
-190
-182
-169
-152
-132
-108
-83
-56
-28
0
26
52
75
95
112
125
134
139
139
136
129
118
105
90
75
59
45
34
25
22
23
29
41
58
78
101
126
150
171
189
200
205
202
190
170
142
107
66
20
-26
-75
-122
-166
-205
-238
-263
-280
-290
-291
-285
-273
-255
-234
-210
-184
-158
-131
-106
-82
-58
-36
-15
4
24
43
61
80
98
117
135
153
171
188
204
219
232
243
251
256
258
256
252
245
235
222
207
191
173
154
135
