818
879
928
965
990
1003
1005
996
977
948
911
865
810
746
674
593
503
405
298
184
64
-59
-185
-311
-432
-547
-651
-742
-815
-869
-902
-913
-902
-870
-818
-750
-669
-577
-480
-381
-282
-188
-102
-24
41
95
138
168
187
195
195
188
177
163
149
137
127
121
120
124
132
144
158
174
189
202
212
216
214
205
187
161
126
83
33
-21
-81
-141
-202
-260
-314
-363
-405
-438
-464
-481
-490
-491
-485
-471
-452
-427
-399
-367
-332
-296
-258
-220
-180
-138
-95
-49
0
54
113
179
250
326
407
491
574
656
732
801
858
902
930
940
933
907
864
805
733
650
559
464
368
273
182
96
17
-55
-123
-186
-247
-306
-365
-426
-490
-556
-624
-692
-759
-822
-878
-924
-958
-978
-981
-967
-935
-888
-826
-751
-667
-576
-482
-388
-296
-210
-131
-61
-2
45
82
107
121
126
121
109
91
68
43
16
-11
-37
-62
-84
-105
-123
-138
-151
-162
-172
-179
-185
-189
-191
-191
-188
-183
-175
-165
-153
-140
-125
-111
-97
-86
-77
-73
-73
-78
-87
-99
-115
-131
-146
-158
-166
-167
-160
-142
-114
-74
-23
38
111
191
278
367
458
545
625
696
755
798
825
833
822
793
747
685
610
524
430
332
232
134
41
-45
-122
-188
-241
-281
-307
-318
-316
-301
-274
-238
-193
-142
-87
-30
27
83
137
187
233
274
309
338
362
380
393
401
404
402
395
384
368
348
324
295
264
229
194
158
123
90
62
39
22
11
8
12
21
36
55
75
97
116
133
146
154
156
153
144
132
116
98
79
60
43
26
11
-2
-14
-25
-37
-49
-63
-79
-98
-119
-144
-173
-204
-238
-273
-309
-344
-378
-409
-436
-458
-473
-480
-478
-468
-448
-419
-382
-337
-285
-229
-169
-108
-47
10
63
109
146
174
192
199
195
181
158
127
91
49
4
-41
-86
-130
-171
-207
-239
-264
-283
-295
-299
-295
-284
-265
-238
-205
-165
-119
-69
-16
39
97
154
209
262
309
351
385
410
424
425
412
385
342
283
208
118
16
-96
-217
-341
-463
-579
-684
-772
-838
-880
-894
-879
-835
-762
-664
-546
-412
-269
-124
17
148
264
360
433
483
508
511
495
462
418
367
313
261
214
175
147
130
123
127
140
159
182
208
233
258
279
296
308
316
319
318
313
304
293
279
263
245
224
201
176
149
118
86
51
13
-25
-65
-107
-149
-190
-232
-272
-312
-350
-385
-418
-448
-473
-494
-508
-516
-517
-510
-496
-474
-444
-408
-366
-320
-270
-218
-167
-117
-69
-26
11
43
69
89
104
115
122
125
127
127
126
124
122
117
111
103
92
77
59
38
14
-10
-37
-62
-86
-105
-118
-124
-121
-108
-85
-52
-8
43
102
167
234
303
369
431
486
534
571
599
615
622
618
606
587
561
531
498
463
427
392
357
324
292
260
230
200
171
143
115
87
60
34
8
-16
-39
-62
-83
-103
-121
-138
-153
-166
-177
-186
-193
-197
-198
-198
-196
-192
-189
-185
-183
-182
-184
-189
-197
-207
-219
-233
-247
-261
-272
-279
-282
-279
-270
-254
-231
-202
-168
-130
-88
-47
-6
32
65
92
112
124
127
120
106
84
57
26
-6
-39
-69
-94
-113
-125
-129
-126
-116
-101
-83
-63
-44
-28
-17
-12
-13
-22
-38
-59
-85
-112
-141
-167
-189
-207
-218
-223
-221
-212
-198
-180
-160
-138
-117
-97
-80
-66
-56
-50
-47
-48
-50
-52
-55
-56
-56
-52
-45
-34
-19
-2
17
39
62
86
108
130
149
166
179
188
194
194
191
182
169
153
132
109
84
58
32
8
-13
-32
-46
-55
-58
-55
-45
-29
-6
22
57
97
142
190
241
295
350
405
460
513
564
609
648
679
699
706
698
673
630
567
486
388
273
145
7
-135
-279
-420
-554
-677
-785
-876
-948
-1001
-1033
-1045
-1038
-1013
-974
-922
-860
-791
-719
-647
-577
-513
-455
-408
-370
-344
-329
-326
-333
-351
-376
-409
-446
-487
-528
-568
-603
-630
-647
-650
-636
-604
-552
-478
-384
-271
-140
4
159
320
482
639
789
927
1051
1158
1249
1324
1383
1429
1463
1489
1509
1525
1538
1550
1562
1572
1581
1587
1588
1582
1568
1544
1510
1465
1409
1342
1265
1179
1085
984
878
765
648
526
399
267
131
-10
-155
-305
-456
-607
-757
-902
-1041
-1169
-1284
-1383
-1464
-1526
-1566
-1584
-1581
-1557
-1515
-1456
-1384
-1301
-1211
-1118
-1023
-929
-838
-752
-670
-594
-523
-457
-395
-337
-283
-231
-182
-135
-91
-51
-15
17
44
66
84
96
104
107
107
105
100
93
86
78
70
62
54
47
41
36
33
32
33
38
47
59
76
97
122
151
184
219
257
295
333
369
401
427
447
458
460
453
436
410
378
339
298
256
216
181
151
129
114
107
108
114
126
141
158
176
194
210
224
236
244
248
248
242
231
214
190
158
118
71
15
-48
-119
-197
-279
-365
-452
-538
-622
-700
-771
-834
-886
-927
-956
-972
-975
-966
-944
-912
-870
-819
-760
-695
-626
-553
-478
-403
-328
-256
-186
-122
-63
-10
34
72
102
124
139
146
147
143
133
118
101
81
59
38
17
0
-15
-25
-31
-31
-26
-16
-1
15
34
55
76
97
117
136
155
172
189
204
218
231
241
247
250
248
241
228
211
190
167
144
122
104
91
87
92
108
134
170
216
269
327
388
448
506
557
600
633
654
663
659
642
614
577
531
479
423
364
305
247
192
138
88
41
-2
-44
-83
-120
-155
-188
-219
-246
-269
-287
-301
-308
-308
-301
-288
-267
-239
-204
-164
-120
-73
-24
24
72
116
155
188
214
233
243
246
241
228
210
186
157
125
90
53
16
-20
-56
-90
-121
-148
-171
-189
-201
-208
-208
-202
-191
-174
-154
-130
-104
-78
-53
-31
-12
0
7
8
2
-10
-29
-54
-82
-113
-146
-178
-209
-238
-263
-284
-300
-313
-322
-327
-330
-330
-328
-324
-318
-310
-299
-284
-265
-240
-209
-172
-128
-77
-22
38
101
164
227
285
338
383
419
443
455
454
441
416
381
336
285
229
171
114
59
9
-33
-68
-95
-112
-121
-122
-117
-106
-91
-75
-59
-45
-34
-28
-27
-32
-43
-60
-81
-105
-131
-158
-183
-205
-223
-237
-245
-248
-247
-242
-235
-226
-219
-214
-212
-213
-219
-227
-238
-249
-259
-265
-264
-254
-234
-201
-157
-100
-33
41
121
202
280
350
409
455
484
497
492
471
437
391
337
278
218
160
107
59
20
-10
-31
-44
-48
-45
-35
-20
0
24
51
80
112
144
178
212
245
277
305
330
348
359
360
350
329
295
247
188
118
40
-44
-133
-223
-310
-392
-466
-531
-584
-624
-651
-665
-666
-654
-630
-596
-553
-501
-443
-380
-313
-243
-172
-101
-32
34
97
154
206
249
284
311
328
336
336
330
317
300
281
260
241
224
210
200
195
194
197
203
212
222
232
239
243
243
236
222
201
171
134
89
38
-17
-76
-135
-193
-245
-290
-326
-349
-358
-353
-334
-301
-256
-202
-140
-76
-11
49
103
148
180
199
204
195
174
143
103
58
11
-34
-76
-112
-140
-158
-166
-164
-153
-135
-110
-80
-48
-16
15
45
71
93
109
121
127
128
125
118
108
95
81
66
50
35
21
7
-4
-17
-28
-40
-51
-62
-72
-83
-93
-102
-109
-116
-119
-121
-119
-114
-104
-91
-73
-52
-26
1
33
66
99
132
164
193
218
239
254
264
267
265
258
245
229
209
187
163
140
116
95
76
59
45
35
27
22
21
21
24
28
34
40
46
53
58
62
64
63
59
52
42
27
8
-14
-41
-71
-104
-139
-174
-209
-241
-270
-293
-310
-319
-319
-311
-295
-271
-240
-204
-163
-121
-78
-36
2
38
69
95
116
131
142
147
149
148
145
141
136
132
129
128
129
133
140
149
160
172
185
198
208
217
222
223
219
209
194
175
150
121
88
54
18
-17
-53
-85
-115
-140
-160
-174
-183
-185
-182
-173
-160
-144
-126
-106
-87
-69
-53
-40
-29
-22
-19
-20
-23
-31
-41
-53
-67
-82
-98
-113
-128
-142
-154
-165
-174
-182
-188
-193
-196
-199
-201
-203
-205
-206
-208
-209
-210
-210
-210
-208
-206
-201
-195
-187
-177
-166
-152
-138
-122
-107
-92
-78
-67
-57
-49
-43
-38
-33
-28
-22
-13
-1
15
35
60
90
123
160
198
238
277
314
349
379
405
424
436
441
439
429
413
390
362
330
293
254
212
169
125
80
35
-8
-53
-97
-140
-180
-219
-255
-286
-313
-335
-351
-360
-363
-359
-348
-332
-310
-282
-251
-217
-181
-144
-107
-71
-37
-7
19
41
57
69
75
76
72
63
52
37
22
6
-8
-21
-31
-38
-41
-39
-33
-23
-10
5
21
38
53
65
74
77
75
68
55
38
19
-1
-21
-39
-53
-62
-64
-59
-47
-28
-4
24
56
89
121
151
177
197
212
219
220
214
202
185
164
141
116
92
68
47
29
14
3
-3
-7
-7
-4
1
8
17
25
34
41
45
46
44
38
27
12
-4
-25
-46
-68
-89
-108
-123
-133
-139
-138
-133
-122
-106
-88
-66
-44
-23
-3
12
24
31
33
29
20
7
-8
-26
-45
-63
-78
-91
-99
-101
-98
-89
-74
-55
-30
-3
26
57
87
117
143
166
185
200
210
216
219
219
217
215
212
210
208
207
206
204
202
199
194
187
178
167
153
137
120
102
82
62
42
22
2
-17
-36
-56
-76
-96
-117
-138
-161
-184
-208
-232
-255
-278
-300
-320
-338
-352
-364
-372
-377
-377
-373
-365
-353
-337
-318
-297
-274
-251
-230
-211
-195
-185
-179
-179
-184
-193
-206
-221
-237
-253
-266
-275
-279
-277
-266
-247
-219
-183
-138
-85
-26
37
104
172
238
302
362
416
464
505
538
565
585
599
608
613
616
616
615
613
611
608
604
598
591
580
566
546
521
489
451
406
353
295
232
165
95
24
-45
-112
-176
-235
-287
-333
-371
-402
-426
-444
-456
-462
-464
-462
-457
-448
-436
-420
-401
-378
-350
-319
-284
-247
-207
-167
-128
-90
-56
-27
-3
13
24
27
25
17
3
-13
-34
-57
-82
-107
-132
-156
-179
-201
-220
-238
-252
-262
-267
-267
-260
-246
-223
-192
-153
-105
-50
10
76
143
210
274
334
387
430
464
486
496
495
482
460
429
391
348
302
255
209
166
126
90
59
34
14
0
-10
-17
-19
-18
-15
-10
-3
4
13
23
33
43
53
62
69
73
74
71
62
47
26
0
-31
-68
-109
-151
-193
-234
-272
-305
-332
-352
-364
-369
-366
-357
-342
-323
-301
-277
-254
-233
-215
-202
-195
-193
-198
-209
-225
-245
-269
-294
-319
-342
-362
