309
307
299
288
272
252
229
204
177
150
124
100
78
60
46
37
34
36
44
56
72
91
112
132
151
167
179
184
183
174
158
135
105
69
28
-14
-59
-103
-145
-183
-216
-243
-263
-276
-281
-280
-273
-261
-245
-226
-206
-185
-163
-143
-124
-106
-89
-74
-61
-49
-39
-30
-22
-16
-13
-11
-12
-17
-24
-34
-47
-63
-80
-98
-116
-133
-147
-157
-161
-159
-151
-135
-111
-82
-46
-7
35
79
122
163
201
235
263
286
302
313
317
317
311
302
288
271
250
227
200
170
137
101
62
22
-18
-59
-100
-138
-172
-201
-225
-242
-251
-254
-250
-239
-222
-200
-175
-148
-119
-91
-64
-40
-19
-1
12
23
30
36
40
44
48
54
61
70
81
93
105
118
129
139
146
150
150
146
138
126
111
93
74
53
33
13
-5
-22
-37
-51
-63
-75
-88
-102
-119
-140
-165
-195
-229
-267
-310
-354
-399
-444
-485
-522
-552
-574
-585
-585
-573
-549
-513
-465
-406
-339
-265
-185
-103
-19
63
143
220
293
360
422
478
527
571
608
640
666
687
701
710
713
710
700
682
657
623
580
530
470
404
330
252
170
87
5
-72
-145
-210
-265
-308
-339
-356
-361
-353
-334
-307
-273
-235
-197
-161
-129
-104
-87
-80
-81
-91
-109
-133
-160
-190
-220
-247
-271
-288
-298
-301
-296
-282
-261
-233
-198
-159
-116
-69
-21
28
79
131
184
236
289
341
392
441
487
528
563
589
605
610
601
578
541
490
426
351
266
173
77
-20
-117
-210
-296
-374
-441
-497
-541
-572
-591
-598
-594
-580
-556
-526
-488
-446
-399
-350
-299
-248
-199
-152
-109
-69
-34
-5
18
37
51
60
65
66
65
61
55
49
42
36
30
24
20
17
14
11
8
4
0
-6
-14
-24
-36
-48
-60
-71
-80
-85
-85
-79
-67
-47
-19
15
56
103
154
206
259
309
356
398
432
458
476
485
484
475
458
434
403
366
326
282
235
187
138
90
41
-5
-51
-96
-138
-178
-216
-251
-284
-313
-339
-362
-381
-395
-406
-411
-412
-409
-400
-387
-370
-348
-324
-296
-266
-234
-202
-170
-139
-110
-84
-61
-41
-26
-14
-5
0
2
3
2
0
-2
-4
-6
-7
-7
-6
-4
-1
1
4
7
9
10
9
6
2
-2
-8
-14
-19
-21
-21
-17
-8
5
25
50
81
116
154
194
234
272
308
339
364
382
392
392
384
367
341
308
268
223
175
125
75
26
-18
-59
-95
-123
-145
-161
-169
-171
-167
-157
-144
-127
-108
-86
-63
-40
-17
5
26
46
64
79
91
100
107
110
110
108
103
96
88
78
67
56
45
33
22
12
3
-5
-12
-18
-23
-27
-32
-37
-43
-51
-61
-74
-90
-108
-130
-154
-179
-205
-231
-255
-275
-290
-299
-301
-294
-278
-251
-215
-170
-115
-54
12
82
154
224
289
348
398
435
460
471
467
448
416
373
319
259
194
127
62
0
-58
-109
-152
-188
-215
-234
-245
-249
-246
-237
-224
-207
-187
-165
-143
-121
-99
-80
-62
-47
-34
-24
-16
-11
-7
-5
-4
-4
-3
-2
0
2
8
14
23
33
44
56
67
78
86
92
96
96
93
86
75
61
45
26
6
-14
-34
-54
-71
-85
-95
-99
-98
-91
-78
-60
-37
-10
19
50
80
109
134
156
172
182
186
184
175
160
140
115
87
56
23
-8
-40
-69
-95
-117
-135
-149
-158
-163
-164
-162
-158
-152
-145
-137
-129
-120
-111
-102
-93
-83
-72
-60
-47
-33
-19
-4
9
22
34
43
49
52
52
48
42
33
23
13
2
-6
-13
-17
-18
-16
-10
0
11
25
41
58
74
89
103
113
120
124
123
119
110
97
80
60
37
13
-12
-39
-64
-89
-110
-129
-143
-152
-157
-156
-150
-138
-122
-101
-76
-47
-17
15
48
81
113
142
168
189
206
216
220
218
209
194
173
148
118
86
52
19
-12
-40
-64
-83
-96
-102
-100
-93
-79
-60
-38
-13
12
37
61
81
97
107
112
110
102
87
67
43
15
-15
-46
-75
-102
-124
-139
-146
-145
-133
-112
-81
-42
3
54
107
159
206
245
274
289
288
271
236
185
119
40
-48
-144
-242
-341
-436
-523
-601
-666
-718
-753
-773
-777
-765
-738
-698
-646
-585
-517
-444
-369
-293
-219
-148
-81
-21
33
81
122
158
188
214
236
256
275
293
312
333
356
381
409
440
471
504
537
568
596
620
638
649
652
647
632
608
575
533
482
424
361
292
221
148
76
5
-62
-124
-182
-232
-275
-310
-337
-356
-366
-367
-361
-347
-327
-301
-270
-236
-200
-163
-126
-92
-60
-33
-11
5
17
22
22
17
7
-6
-22
-42
-63
-85
-107
-129
-151
-171
-190
-207
-223
-237
-248
-258
-265
-270
-273
-274
-273
-270
-266
-261
-254
-246
-237
-228
-216
-203
-188
-170
-148
-123
-94
-60
-22
18
63
111
160
208
255
299
337
368
390
402
402
389
365
327
278
219
150
76
-2
-82
-160
-233
-298
-353
-395
-422
-434
-430
-409
-373
-323
-260
-187
-106
-21
66
152
236
313
383
443
493
531
558
574
579
575
563
543
518
489
456
421
385
348
312
276
242
211
182
155
132
112
95
80
68
57
47
36
25
13
-1
-18
-39
-63
-90
-120
-153
-187
-223
-260
-297
-333
-367
-398
-426
-450
-469
-484
-494
-499
-500
-495
-487
-475
-461
-443
-424
-403
-380
-357
-333
-309
-284
-260
-235
-209
-183
-157
-129
-99
-68
-35
0
36
74
113
154
194
234
273
310
344
375
403
425
443
456
462
462
456
443
425
401
372
338
301
262
221
179
138
98
59
24
-8
-38
-63
-85
-104
-119
-132
-142
-149
-155
-160
-163
-165
-165
-164
-161
-155
-147
-136
-121
-103
-82
-59
-33
-6
21
50
77
103
128
150
170
187
202
214
224
233
239
244
248
250
251
250
248
244
238
229
219
206
191
173
154
132
109
85
59
32
5
-21
-49
-76
-102
-127
-149
-170
-187
-202
-213
-221
-225
-227
-226
-222
-217
-211
-205
-198
-191
-186
-180
-176
-172
-169
-167
-164
-162
-160
-157
-154
-150
-146
-141
-135
-128
-121
-114
-106
-97
-88
-79
-70
-61
-51
-42
-33
-23
-14
-4
4
14
24
34
43
53
62
71
79
87
95
102
110
118
126
136
147
159
173
189
205
223
242
260
277
292
304
312
316
315
307
294
275
249
219
184
146
106
64
21
-19
-58
-93
-125
-152
-173
-188
-198
-201
-200
-193
-183
-170
-155
-140
-125
-112
-101
-92
-86
-83
-83
-86
-91
-98
-107
-118
-131
-144
-159
-174
-190
-206
-222
-237
-251
-262
-271
-277
-280
-278
-272
-262
-247
-230
-209
-186
-162
-137
-112
-87
-64
-41
-19
2
23
43
64
84
103
120
136
149
158
162
161
155
143
126
104
78
51
22
-4
-29
-50
-64
-71
-70
-60
-42
-16
15
51
90
128
163
194
218
235
244
245
239
226
210
190
168
147
128
111
99
91
88
90
97
109
124
141
159
178
195
210
221
229
232
230
225
215
202
187
171
155
140
126
116
109
106
107
112
120
130
140
148
152
151
142
125
98
60
13
-43
-108
-179
-253
-329
-404
-475
-539
-596
-643
-679
-703
-717
-719
-710
-693
-666
-633
-593
-549
-502
-452
-400
-348
-297
-246
-196
-148
-101
-56
-12
29
71
111
151
190
229
267
304
340
374
406
437
464
487
507
522
533
539
540
537
530
520
508
495
481
468
456
445
436
427
419
411
400
387
369
347
318
284
244
199
149
97
44
-8
-59
-108
-152
-191
-226
-257
-283
-306
-326
-345
-363
-380
-398
-416
-433
-449
-463
-474
-481
-482
-477
-466
-447
-421
-389
-350
-307
-261
-213
-164
-118
-75
-37
-6
16
31
37
35
25
8
-13
-39
-65
-90
-113
-130
-140
-142
-135
-119
-95
-63
-25
17
63
108
151
190
222
246
260
265
259
243
219
187
151
111
70
31
-5
-36
-62
-80
-90
-93
-88
-77
-60
-39
-14
12
40
67
92
115
135
150
162
168
170
167
159
146
130
109
86
61
34
8
-18
-42
-65
-84
-101
-115
-127
-137
-146
-156
-166
-179
-195
-214
-238
-265
-296
-329
-363
-397
-429
-457
-480
-494
-500
-496
-482
-458
-423
-379
-327
-268
-204
-137
-69
-2
62
123
178
227
267
299
323
337
344
344
338
328
314
299
282
266
250
236
224
212
203
194
185
176
167
156
143
128
111
90
68
44
20
-2
-23
-39
-49
-51
-46
-32
-9
19
54
93
132
171
206
235
256
268
271
263
246
219
184
143
96
46
-6
-59
-112
-163
-212
-258
-302
-342
-379
-411
-440
-463
-481
-492
-495
-491
-477
-453
-420
-377
-324
-263
-196
-123
-47
29
105
178
246
309
364
412
452
486
514
538
558
576
592
609
625
642
659
674
687
696
698
694
679
652
613
560
494
414
323
222
115
4
-106
-213
-312
-401
-477
-537
-581
-607
-617
-611
-590
-558
-516
-468
-417
-364
-314
-268
-229
-197
-174
-161
-156
-160
-169
-184
-200
-217
-233
-244
-250
-249
-242
-227
-206
-179
-146
-111
-73
-35
2
37
70
99
124
146
163
178
190
200
209
218
228
239
251
265
280
296
313
329
344
357
367
373
375
372
363
349
330
306
277
243
207
167
127
85
45
6
-30
-63
-92
-116
-135
-149
-157
-161
-161
-158
-153
-148
-144
-143
-145
-151
-162
-178
-198
-221
-247
-275
-301
-326
-348
-366
-379
-387
-389
-384
-373
-357
-335
-309
-279
-246
-212
-177
-142
-109
-77
-49
-23
0
21
40
58
76
95
115
137
162
189
220
254
289
327
365
402
437
469
495
514
526
527
519
500
471
432
383
326
262
194
122
49
-24
-95
-163
-227
-285
-338
-384
-423
-454
-477
-494
-502
-503
-497
-484
-465
-440
-410
-375
-337
-297
-256
-216
-178
-144
-114
-91
-76
-69
-70
-80
-97
-120
-148
-178
-208
-235
-257
-271
-276
-269
-250
-219
-177
-125
-64
2
72
142
209
270
323
366
397
415
421
415
398
372
340
303
265
228
195
168
148
138
137
146
165
191
224
260
298
335
367
392
407
411
403
381
347
301
244
180
111
39
-32
-101
-166
-223
-273
-315
-348
-371
-387
-396
-398
-394
-385
-372
-356
-336
-314
-289
-263
-235
-204
-173
-140
-106
-71
-36
0
33
66
97
125
150
169
184
193
196
194
186
173
155
133
109
83
55
28
1
-23
-46
-68
-86
-102
-116
-127
-136
-143
-147
-150
-151
-149
-146
-141
-134
-126
-117
-106
-95
-83
-71
-59
-47
-36
-26
-17
-9
-2
3
8
13
16
19
21
20
17
10
-1
