71
90
110
131
152
175
197
220
243
265
286
305
321
333
341
345
344
337
326
310
290
267
240
211
181
151
120
91
62
36
11
-10
-31
-49
-64
-78
-89
-99
-107
-113
-117
-121
-122
-122
-121
-119
-114
-109
-101
-92
-82
-70
-57
-43
-28
-13
0
14
27
38
48
56
62
68
72
76
79
83
87
92
98
103
108
111
112
111
105
96
82
63
40
12
-18
-51
-86
-120
-153
-184
-210
-232
-249
-259
-265
-264
-260
-251
-239
-226
-212
-198
-184
-172
-162
-153
-146
-141
-138
-135
-133
-131
-130
-127
-124
-119
-112
-103
-92
-79
-63
-46
-26
-6
15
37
58
78
97
114
129
141
151
158
164
167
168
167
165
161
156
150
143
135
126
115
104
91
78
63
48
33
18
4
-8
-19
-28
-34
-37
-37
-36
-32
-27
-22
-16
-11
-7
-3
0
2
4
8
13
20
29
41
56
74
94
116
137
159
178
193
205
211
210
203
189
168
142
111
76
39
2
-33
-67
-97
-122
-142
-156
-165
-170
-171
-169
-166
-164
-162
-163
-167
-174
-184
-198
-214
-232
-251
-270
-287
-302
-313
-320
-322
-318
-309
-294
-274
-249
-220
-186
-150
-110
-69
-26
16
60
103
145
186
225
263
300
335
369
402
435
466
497
526
553
578
599
616
628
632
630
619
599
569
530
482
426
362
291
215
136
55
-26
-107
-184
-255
-320
-377
-424
-460
-484
-497
-499
-490
-471
-445
-412
-374
-334
-293
-252
-213
-178
-146
-119
-96
-77
-63
-51
-41
-32
-24
-16
-6
4
16
29
43
57
70
81
90
96
98
97
92
83
70
54
36
15
-5
-28
-50
-71
-91
-108
-122
-133
-141
-144
-144
-140
-133
-123
-110
-94
-77
-58
-38
-17
2
22
41
58
75
89
101
112
120
126
131
133
133
131
128
122
114
105
93
80
65
48
31
12
-5
-23
-40
-55
-67
-76
-81
-82
-78
-69
-57
-41
-22
-1
20
41
60
77
89
96
97
92
81
64
41
13
-17
-51
-87
-123
-158
-190
-219
-243
-261
-274
-279
-278
-271
-258
-240
-219
-196
-172
-148
-127
-108
-92
-80
-73
-69
-67
-68
-70
-72
-72
-69
-62
-50
-32
-8
21
58
99
145
193
243
291
335
374
405
426
435
433
417
389
350
301
244
180
112
42
-28
-97
-163
-226
-284
-335
-380
-417
-446
-466
-476
-477
-469
-451
-424
-389
-347
-298
-245
-188
-130
-70
-12
43
95
143
185
221
250
272
286
293
294
288
277
261
242
222
200
178
157
137
119
104
92
82
75
71
70
70
72
75
78
82
85
87
88
89
88
86
84
81
79
77
76
76
78
81
85
91
98
106
113
121
128
133
137
137
135
129
119
106
89
69
45
20
-6
-33
-60
-85
-108
-129
-146
-159
-169
-175
-178
-179
-176
-172
-167
-160
-151
-142
-131
-119
-106
-91
-75
-57
-38
-18
1
21
39
57
72
85
94
101
104
103
98
88
74
55
32
4
-27
-63
-102
-143
-185
-228
-269
-308
-343
-371
-392
-403
-404
-393
-370
-334
-286
-228
-160
-85
-5
77
158
236
307
370
423
464
492
506
508
497
475
444
404
358
309
259
209
161
118
80
47
19
-2
-19
-34
-46
-57
-67
-79
-92
-107
-122
-139
-155
-170
-183
-192
-197
-196
-190
-179
-162
-141
-118
-93
-67
-43
-22
-4
9
18
22
23
20
16
10
5
0
-1
-2
0
4
11
19
27
35
41
46
48
48
45
41
34
28
21
15
11
10
12
18
28
41
58
77
98
119
140
159
175
187
194
196
193
184
169
150
127
100
72
42
12
-17
-46
-74
-99
-121
-141
-158
-170
-179
-185
-186
-184
-178
-171
-161
-151
-142
-134
-128
-125
-126
-130
-139
-151
-167
-184
-203
-221
-238
-252
-262
-266
-265
-258
-245
-226
-202
-174
-143
-110
-77
-46
-16
9
31
49
61
68
71
68
62
52
40
26
11
-2
-14
-24
-31
-35
-34
-30
-22
-11
2
18
35
53
69
85
99
110
118
124
127
127
126
124
122
120
120
123
127
135
146
159
175
192
211
229
247
264
280
292
302
309
311
310
304
294
280
261
238
211
181
148
113
76
39
1
-36
-72
-107
-139
-169
-196
-220
-241
-259
-275
-288
-298
-307
-314
-319
-322
-324
-324
-324
-322
-319
-315
-310
-303
-295
-284
-271
-255
-236
-214
-188
-159
-127
-93
-57
-21
13
47
79
107
132
151
165
173
176
172
164
150
133
113
91
69
48
29
13
1
-4
-5
0
9
23
42
63
86
109
131
151
169
183
193
200
203
202
199
194
187
180
172
164
157
149
142
135
127
119
109
97
84
70
53
35
15
-5
-28
-52
-78
-106
-136
-167
-200
-234
-268
-302
-334
-364
-390
-411
-425
-430
-426
-412
-387
-351
-305
-250
-187
-118
-45
29
104
177
245
308
363
410
448
477
498
510
514
513
506
496
482
467
452
436
421
406
391
377
362
346
328
307
282
253
219
180
134
83
27
-34
-99
-166
-235
-303
-369
-430
-484
-530
-566
-591
-602
-600
-585
-555
-514
-461
-398
-328
-254
-178
-103
-32
30
85
127
157
174
177
167
146
115
77
34
-11
-56
-99
-137
-170
-194
-210
-217
-216
-205
-188
-164
-134
-102
-68
-33
1
33
63
91
115
137
157
175
192
208
223
238
252
267
280
292
301
309
312
311
305
293
276
251
222
186
147
104
60
17
-24
-61
-94
-120
-139
-151
-154
-151
-141
-127
-108
-87
-65
-45
-27
-12
-3
0
0
-8
-20
-37
-58
-81
-106
-130
-153
-174
-192
-207
-219
-227
-232
-234
-234
-232
-230
-228
-225
-223
-222
-220
-218
-215
-211
-205
-197
-186
-173
-157
-139
-119
-97
-74
-50
-26
-2
20
41
61
79
96
112
128
142
158
173
190
207
225
244
263
282
299
313
325
334
338
338
332
322
306
285
260
230
196
160
120
79
36
-7
-52
-97
-142
-187
-232
-275
-318
-358
-397
-432
-463
-490
-511
-527
-537
-540
-536
-527
-511
-489
-463
-433
-400
-364
-326
-286
-245
-203
-158
-112
-63
-11
42
100
161
224
288
352
414
472
525
570
604
627
636
632
614
582
537
482
419
350
279
207
137
73
16
-31
-70
-99
-117
-125
-125
-117
-103
-85
-64
-43
-21
-2
14
27
37
45
49
52
54
56
58
62
68
76
86
98
111
124
137
147
155
158
156
149
135
116
92
63
31
-2
-36
-69
-101
-128
-151
-170
-182
-190
-192
-190
-184
-175
-164
-152
-140
-130
-120
-113
-107
-103
-100
-98
-96
-93
-89
-82
-73
-60
-44
-25
-1
24
53
85
117
148
179
207
231
250
264
272
274
269
260
245
225
202
174
144
112
77
41
3
-35
-74
-113
-150
-186
-220
-249
-274
-294
-308
-314
-314
-305
-289
-265
-233
-196
-153
-106
-58
-8
39
85
125
160
188
207
219
221
216
203
184
159
130
99
66
33
0
-29
-58
-84
-106
-125
-141
-154
-163
-169
-171
-172
-169
-165
-159
-151
-142
-132
-122
-112
-103
-95
-87
-81
-76
-72
-70
-68
-67
-67
-65
-64
-60
-55
-48
-38
-27
-13
1
17
32
47
60
71
79
82
82
76
66
52
34
13
-9
-34
-58
-80
-100
-116
-128
-135
-136
-133
-125
-114
-99
-82
-64
-46
-29
-13
1
13
23
31
36
41
45
48
52
58
65
76
90
108
129
155
184
216
249
284
319
352
383
409
431
445
452
451
441
422
394
359
317
269
218
164
110
57
6
-42
-87
-128
-165
-197
-224
-246
-264
-276
-284
-287
-286
-280
-270
-257
-240
-222
-202
-181
-160
-139
-119
-101
-85
-71
-60
-52
-46
-44
-44
-47
-51
-57
-64
-70
-75
-79
-81
-79
-74
-66
-53
-37
-18
4
29
57
85
115
145
175
203
230
255
278
297
314
327
337
343
345
342
334
320
299
273
239
200
154
103
48
-10
-70
-130
-188
-243
-292
-335
-371
-398
-415
-424
-424
-416
-401
-381
-357
-330
-302
-273
-246
-220
-196
-174
-154
-136
-119
-103
-89
-75
-61
-47
-33
-19
-4
10
25
41
56
71
84
95
104
111
114
113
108
100
87
71
51
28
3
-22
-49
-74
-98
-119
-136
-149
-156
-159
-155
-147
-134
-117
-97
-76
-53
-31
-9
11
31
50
67
84
100
116
133
149
166
184
202
220
239
257
275
291
307
321
332
341
347
350
349
344
334
319
299
274
244
208
169
125
78
28
-21
-72
-123
-171
-217
-259
-296
-329
-355
-376
-390
-399
-401
-398
-389
-376
-360
-339
-317
-292
-265
-237
-208
-179
-148
-117
-86
-54
-22
8
38
67
94
117
138
154
167
175
178
176
171
162
149
134
118
101
84
69
54
42
32
25
19
14
10
6
1
-6
-16
-28
-44
-63
-84
-107
-132
-157
-182
-205
-226
-243
-257
-266
-269
-267
-259
-246
-228
-205
-177
-146
-111
-74
-35
5
46
89
131
174
216
257
297
336
373
408
440
469
495
516
533
544
549
547
538
522
498
468
431
388
341
290
238
185
132
81
32
-13
-54
-92
-124
-152
-176
-194
-208
-218
-224
-227
-225
-220
-212
-201
-188
-172
-154
-136
-118
-100
-83
-68
-56
-47
-41
-38
-38
-41
-45
-50
-56
-62
-67
-70
-72
-74
-74
-73
-73
-74
-76
-79
-85
-92
-102
-113
-125
-138
-150
-161
-170
-177
-181
-181
-178
-171
-160
-147
-131
-112
-93
-72
-52
-32
-13
3
18
31
40
46
49
48
45
38
29
17
5
-7
-19
-31
-40
-46
-50
-50
-46
-40
-30
-19
-6
7
20
32
42
50
56
59
60
58
55
50
44
38
31
25
19
13
8
4
0
-2
-5
-8
-11
-14
-17
-20
-23
-25
-27
-28
-28
-28
-26
-24
-21
-17
-13
-9
-5
-2
0
1
2
2
2
0
-1
-2
-4
-4
-4
-2
2
9
19
32
49
69
92
117
145
175
205
235
264
293
318
341
361
376
386
392
392
387
376
359
337
308
274
233
186
133
75
12
-53
-122
-193
-264
-333
-400
-462
-519
-569
-611
-644
-667
-679
-680
-669
-647
-614
-571
-518
-457
-390
-318
-243
-167
-92
-20
46
108
163
209
247
274
292
299
296
283
261
230
191
146
96
43
-10
-63
-114
-159
-197
-227
-247
-257
-255
-242
-219
-187
-147
-101
-50
2
56
109
160
207
251
290
325
355
382
405
426
444
461
475
487
498
505
508
508
503
492
476
454
426
392
354
312
266
217
167
117
66
17
-29
-74
-116
-154
-187
-217
-241
-259
-272
-280
-282
-280
-273
-262
-248
-233
-218
-203
-190
-179
-172
-168
