64
77
87
94
99
101
103
104
106
109
113
119
127
137
148
159
169
178
185
189
189
185
176
163
145
124
99
71
42
12
-16
-45
-71
-95
-116
-133
-148
-159
-167
-173
-176
-176
-175
-171
-165
-158
-148
-136
-122
-107
-91
-74
-57
-40
-24
-9
2
13
22
28
32
35
37
37
38
38
39
40
43
47
52
57
63
69
73
77
77
76
71
62
51
35
17
-3
-27
-51
-77
-102
-126
-148
-167
-183
-194
-200
-201
-197
-188
-175
-158
-137
-113
-88
-61
-35
-8
17
41
63
84
103
119
133
146
156
165
173
179
185
189
193
195
195
194
190
184
175
164
149
132
113
92
70
46
23
0
-20
-40
-58
-73
-86
-97
-105
-111
-115
-117
-117
-115
-111
-105
-97
-88
-76
-63
-48
-31
-14
2
18
32
44
53
58
59
55
47
35
19
0
-20
-43
-66
-89
-109
-127
-141
-150
-155
-154
-148
-138
-123
-105
-84
-61
-37
-13
10
32
52
69
84
96
105
112
117
120
122
123
123
124
125
127
129
131
133
134
135
133
130
123
115
103
89
72
54
34
13
-7
-26
-45
-62
-76
-88
-97
-103
-105
-105
-102
-96
-87
-76
-62
-46
-28
-8
12
34
56
78
98
116
130
140
146
145
138
125
105
80
50
16
-19
-56
-91
-123
-150
-172
-186
-193
-192
-185
-170
-150
-126
-99
-70
-41
-13
12
34
53
67
76
81
82
79
72
63
52
40
28
15
4
-5
-13
-20
-25
-29
-31
-31
-31
-29
-26
-23
-18
-13
-6
0
7
15
23
31
38
44
48
51
51
50
45
39
30
18
4
-10
-28
-46
-65
-84
-102
-120
-137
-152
-166
-177
-186
-192
-195
-196
-193
-187
-177
-164
-148
-129
-107
-83
-57
-30
-3
22
48
72
94
113
129
142
151
157
160
161
160
158
156
154
153
155
159
167
178
193
211
231
252
272
291
306
316
319
313
298
274
239
196
144
86
23
-42
-108
-171
-230
-283
-328
-363
-388
-402
-406
-399
-382
-358
-326
-289
-249
-207
-165
-126
-90
-60
-36
-19
-10
-9
-16
-31
-52
-78
-108
-141
-174
-206
-235
-261
-281
-295
-303
-304
-298
-286
-268
-244
-216
-185
-150
-114
-76
-38
-1
35
70
102
130
155
174
188
197
199
196
189
177
162
145
128
111
97
86
79
77
80
88
101
118
138
159
180
200
218
232
243
249
251
250
245
239
232
226
222
221
223
230
241
256
275
297
320
344
366
385
400
408
410
404
389
367
337
300
258
213
165
116
68
21
-21
-61
-97
-130
-159
-184
-207
-228
-248
-268
-287
-308
-330
-353
-378
-405
-434
-463
-493
-522
-550
-575
-598
-616
-630
-638
-641
-637
-627
-611
-588
-558
-523
-483
-438
-390
-340
-289
-239
-190
-143
-100
-61
-26
3
28
49
67
81
92
102
111
120
131
142
155
168
183
197
211
222
230
234
233
226
214
196
173
146
115
83
50
19
-9
-33
-52
-64
-69
-65
-52
-31
-2
32
73
119
167
217
268
317
364
409
450
487
520
548
572
591
605
614
617
614
606
592
572
546
515
479
438
394
346
296
245
193
142
91
42
-3
-47
-88
-127
-162
-196
-227
-256
-283
-309
-333
-356
-378
-398
-417
-434
-450
-464
-476
-485
-492
-496
-497
-494
-488
-477
-463
-443
-419
-390
-357
-320
-279
-237
-192
-148
-103
-61
-21
16
49
79
104
126
144
159
170
179
185
189
190
189
185
177
166
150
129
102
70
32
-10
-57
-107
-158
-208
-256
-297
-331
-355
-367
-367
-353
-325
-283
-230
-166
-94
-15
66
150
231
308
379
441
494
535
565
584
590
587
574
552
524
491
455
417
378
340
305
273
244
220
200
185
173
166
161
158
155
153
148
141
130
113
91
63
29
-10
-55
-106
-159
-215
-270
-325
-376
-423
-463
-496
-521
-537
-544
-542
-532
-515
-491
-463
-431
-397
-362
-326
-292
-259
-227
-198
-170
-143
-118
-94
-72
-50
-30
-11
6
22
36
49
59
67
73
77
79
79
77
75
71
66
61
56
50
45
40
35
30
24
18
11
4
-4
-14
-25
-37
-51
-66
-81
-97
-113
-127
-141
-152
-160
-165
-165
-161
-153
-139
-122
-100
-74
-44
-12
20
55
90
124
157
188
216
240
262
279
292
300
304
304
298
288
272
253
229
201
170
137
102
67
33
0
-29
-56
-79
-96
-108
-115
-115
-109
-98
-83
-63
-40
-16
9
34
57
79
97
113
124
132
137
137
135
131
123
115
104
94
83
72
61
52
44
38
33
30
28
27
27
28
29
29
28
27
24
19
12
4
-6
-18
-33
-48
-65
-82
-99
-115
-130
-142
-152
-159
-161
-159
-151
-139
-122
-100
-73
-44
-12
21
54
85
113
136
155
167
173
172
166
154
138
119
97
75
53
33
15
1
-9
-15
-18
-18
-14
-9
-2
3
9
13
16
16
14
9
3
-3
-11
-20
-29
-37
-45
-53
-60
-66
-71
-76
-80
-84
-86
-88
-89
-90
-89
-88
-86
-84
-81
-79
-76
-73
-71
-69
-67
-66
-65
-65
-64
-64
-63
-61
-59
-56
-53
-50
-48
-45
-44
-45
-47
-51
-58
-67
-78
-92
-106
-122
-138
-154
-168
-181
-191
-198
-201
-201
-197
-190
-180
-166
-151
-134
-115
-96
-75
-54
-32
-10
12
36
60
85
109
133
156
177
198
218
236
255
275
295
318
344
373
406
442
482
524
566
608
648
682
710
727
733
726
703
664
610
540
458
364
261
154
46
-60
-161
-254
-337
-408
-466
-512
-546
-568
-581
-585
-583
-575
-564
-550
-535
-519
-501
-484
-466
-449
-430
-412
-392
-372
-352
-331
-310
-288
-267
-245
-224
-204
-184
-164
-144
-125
-105
-85
-64
-42
-20
2
26
50
73
95
116
134
150
162
171
176
177
176
172
166
160
154
149
146
146
149
155
165
178
194
211
230
249
266
282
294
302
305
303
297
285
270
251
230
207
184
161
139
119
101
86
73
62
53
45
38
31
23
13
2
-9
-24
-40
-57
-76
-95
-114
-133
-151
-168
-183
-195
-206
-214
-220
-224
-224
-223
-219
-213
-204
-194
-182
-169
-155
-140
-126
-111
-98
-85
-73
-63
-55
-49
-46
-44
-44
-46
-50
-55
-61
-67
-73
-79
-85
-90
-96
-100
-105
-109
-112
-115
-118
-120
-121
-120
-119
-116
-112
-106
-98
-89
-79
-68
-55
-42
-29
-15
0
13
27
40
52
62
71
78
82
85
85
82
77
71
62
52
42
30
19
8
0
-9
-15
-20
-21
-20
-16
-9
0
13
28
44
62
79
96
111
123
132
136
136
130
121
106
88
67
43
19
-4
-27
-47
-64
-76
-83
-83
-77
-64
-45
-19
11
47
87
130
173
215
254
289
318
338
350
351
342
322
291
250
200
143
79
12
-56
-124
-190
-251
-304
-350
-386
-412
-427
-433
-429
-416
-396
-370
-340
-306
-270
-233
-197
-161
-127
-95
-65
-36
-10
13
36
58
79
100
121
142
163
184
205
226
246
264
281
295
306
313
316
314
307
296
280
259
234
206
174
139
101
62
21
-21
-64
-107
-150
-192
-230
-265
-295
-318
-333
-339
-335
-320
-294
-257
-210
-153
-89
-19
53
126
196
260
316
362
394
412
416
404
379
342
294
239
178
116
56
-1
-51
-94
-127
-150
-162
-164
-157
-143
-122
-97
-70
-43
-17
5
24
37
45
46
41
31
15
-4
-28
-54
-82
-110
-138
-165
-190
-212
-230
-245
-255
-260
-260
-254
-242
-225
-202
-175
-143
-110
-74
-38
-3
29
59
86
110
129
146
159
169
178
185
191
198
204
210
216
223
229
235
239
243
245
245
242
238
230
221
208
194
178
160
142
122
103
84
65
47
30
14
0
-14
-25
-36
-44
-50
-55
-57
-58
-57
-56
-53
-49
-46
-42
-38
-34
-31
-27
-23
-19
-16
-13
-10
-9
-9
-11
-17
-25
-38
-53
-72
-93
-115
-139
-162
-183
-201
-215
-225
-230
-230
-224
-215
-202
-187
-171
-155
-142
-131
-125
-124
-129
-140
-157
-179
-205
-234
-265
-296
-324
-349
-368
-380
-385
-380
-367
-343
-311
-269
-220
-163
-99
-30
41
117
193
270
345
417
485
547
602
648
685
711
726
729
719
696
660
611
549
475
391
298
198
92
-16
-125
-231
-333
-427
-512
-586
-647
-693
-726
-743
-746
-735
-711
-675
-628
-573
-510
-441
-369
-294
-219
-144
-71
-1
65
126
183
232
276
312
340
361
375
381
381
376
365
351
333
314
294
274
255
237
221
208
198
189
182
177
172
166
157
146
131
110
84
53
16
-24
-69
-116
-162
-207
-248
-284
-313
-334
-346
-348
-341
-326
-302
-272
-238
-202
-165
-129
-97
-69
-46
-29
-17
-10
-6
-3
-1
1
7
17
31
50
74
103
135
169
205
240
272
301
324
340
348
348
338
321
295
262
223
180
134
87
39
-6
-50
-90
-128
-162
-193
-222
-248
-273
-295
-317
-336
-353
-366
-375
-379
-376
-365
-346
-317
-280
-233
-179
-117
-51
19
90
160
227
289
345
392
430
459
478
488
490
484
472
456
437
417
397
378
362
349
339
333
330
330
330
331
331
329
324
315
301
282
257
226
190
148
101
51
-2
-58
-116
-174
-230
-285
-337
-384
-427
-464
-495
-519
-537
-547
-550
-546
-534
-516
-492
-461
-425
-385
-340
-292
-243
-193
-142
-94
-47
-4
35
70
100
124
143
157
164
165
159
148
131
108
81
49
14
-22
-60
-97
-133
-165
-194
-217
-234
-244
-248
-245
-236
-221
-201
-178
-153
-127
-102
-78
-58
-41
-28
-20
-17
-17
-21
-26
-31
-34
-35
-31
-22
-6
16
45
80
121
165
212
260
307
350
388
419
440
451
450
437
412
374
325
268
203
134
63
-7
-74
-135
-190
-236
-274
-302
-322
-335
-341
-342
-340
-335
-329
-322
-314
-307
-298
-288
-275
-259
-239
-213
-183
-147
-106
-61
-13
35
83
128
169
204
232
250
261
262
257
245
229
211
192
176
163
156
155
161
175
195
221
252
285
319
351
379
402
416
420
414
395
365
323
270
208
138
64
-13
-91
-167
-238
-304
-361
-410
-448
-476
-494
-501
-499
-489
-471
-447
-419
-387
-353
-318
-283
-250
-219
-190
-165
-142
-123
-107
-94
-83
-74
-67
-61
-55
-49
-43
-35
-26
-16
-3
10
26
43
61
80
99
118
136
153
168
182
194
205
214
221
228
233
239
244
248
253
257
261
263
265
264
261
255
246
233
217
196
173
147
118
88
58
28
0
-24
-47
-66
-80
-91
-98
-102
-103
-102
-99
-96
-93
-89
-87
-85
-85
-84
