233
215
186
146
96
35
-34
-113
-200
-292
-389
-486
-581
-670
-752
-822
-878
-917
-938
-939
-920
-880
-821
-746
-656
-555
-447
-336
-227
-123
-27
55
125
180
220
246
260
264
261
254
247
243
243
251
267
291
323
361
403
445
484
517
539
549
545
524
488
437
374
302
223
142
63
-10
-74
-126
-164
-186
-192
-182
-157
-119
-72
-17
39
97
153
204
248
286
316
340
359
374
386
397
407
417
426
436
443
447
446
437
420
392
351
295
223
135
31
-87
-219
-363
-513
-666
-818
-964
-1098
-1217
-1315
-1390
-1439
-1461
-1456
-1425
-1370
-1293
-1198
-1089
-969
-844
-715
-587
-461
-340
-225
-118
-17
76
162
240
312
375
430
475
510
533
543
540
523
492
449
394
329
258
184
109
39
-24
-77
-116
-141
-149
-140
-114
-72
-17
49
125
207
293
378
462
541
613
676
729
771
802
822
831
831
822
804
780
749
713
671
623
571
514
452
386
318
246
174
103
36
-26
-81
-127
-162
-185
-195
-192
-179
-156
-127
-95
-63
-35
-14
-3
-4
-18
-44
-81
-129
-183
-241
-301
-358
-410
-455
-492
-518
-535
-541
-537
-525
-505
-480
-451
-420
-387
-353
-319
-284
-249
-212
-173
-132
-87
-39
11
63
116
169
218
264
303
335
358
372
378
374
364
347
325
301
275
249
225
204
187
173
162
153
147
141
134
126
115
99
80
55
26
-7
-45
-87
-132
-180
-228
-277
-326
-374
-420
-463
-503
-539
-572
-600
-624
-643
-657
-666
-669
-668
-660
-646
-625
-599
-565
-524
-477
-424
-365
-301
-232
-160
-85
-10
63
135
204
267
323
371
410
440
459
468
467
456
437
411
377
339
297
253
207
163
121
82
47
18
-4
-20
-30
-32
-28
-16
1
24
54
87
124
163
203
242
279
313
342
365
381
389
389
382
366
343
313
277
236
192
145
99
52
9
-31
-67
-97
-121
-139
-151
-156
-156
-152
-144
-134
-122
-111
-100
-92
-86
-82
-82
-84
-89
-96
-103
-112
-120
-128
-135
-141
-145
-149
-153
-157
-164
-173
-186
-204
-228
-257
-290
-327
-365
-402
-436
-464
-482
-488
-481
-459
-423
-372
-307
-233
-150
-62
25
111
192
264
326
376
414
440
455
460
458
451
442
434
430
431
439
455
480
513
554
602
654
709
766
821
874
923
965
1000
1027
1044
1050
1045
1028
998
953
893
817
724
614
488
346
191
23
-152
-334
-517
-698
-872
-1035
-1183
-1314
-1426
-1515
-1581
-1625
-1645
-1644
-1623
-1585
-1531
-1465
-1390
-1309
-1223
-1135
-1048
-962
-879
-800
-725
-656
-592
-534
-481
-435
-394
-357
-324
-293
-262
-230
-194
-153
-105
-48
18
96
186
286
397
515
639
766
893
1015
1130
1233
1322
1394
1447
1481
1494
1488
1463
1423
1369
1303
1230
1151
1069
986
903
822
743
666
591
519
448
378
309
241
174
107
40
-26
-92
-158
-224
-290
-357
-423
-490
-557
-623
-688
-751
-811
-867
-916
-959
-994
-1019
-1035
-1041
-1036
-1021
-997
-965
-925
-880
-830
-778
-725
-673
-623
-576
-533
-494
-459
-428
-400
-373
-349
-325
-301
-277
-252
-226
-199
-171
-142
-110
-77
-40
-1
41
87
139
194
255
321
391
464
540
618
694
768
835
894
942
975
992
990
967
925
864
784
691
587
476
363
254
152
61
-14
-75
-119
-145
-155
-149
-131
-102
-65
-24
18
59
96
125
146
156
156
145
124
97
64
28
-7
-42
-75
-103
-126
-142
-152
-154
-147
-131
-105
-69
-23
33
98
171
250
332
414
492
564
624
670
698
706
692
656
596
516
417
303
177
43
-92
-227
-357
-479
-590
-687
-771
-840
-896
-938
-969
-989
-1000
-1001
-995
-981
-959
-929
-891
-844
-788
-724
-651
-570
-483
-391
-296
-200
-106
-15
69
146
215
274
322
359
385
401
407
404
393
375
352
325
294
262
229
197
166
140
117
101
91
88
94
108
131
161
198
241
288
338
387
435
480
520
553
580
598
609
610
604
589
567
537
501
458
409
354
294
229
160
86
10
-68
-148
-229
-308
-384
-456
-520
-576
-621
-654
-675
-681
-675
-655
-624
-582
-531
-473
-411
-346
-281
-218
-158
-104
-56
-15
17
41
58
67
69
65
55
41
24
4
-17
-41
-65
-89
-111
-132
-149
-163
-172
-174
-170
-159
-140
-114
-80
-40
5
55
108
162
214
263
306
341
368
384
389
384
368
342
309
270
228
184
142
103
68
41
21
8
5
9
20
37
58
82
106
128
147
160
166
164
154
135
109
75
36
-7
-52
-97
-140
-180
-215
-243
-265
-279
-284
-283
-275
-260
-241
-218
-194
-169
-145
-124
-106
-93
-85
-82
-85
-92
-104
-119
-136
-153
-168
-179
-186
-187
-181
-167
-146
-118
-84
-47
-7
33
73
109
141
167
187
198
201
197
185
166
141
112
79
45
10
-22
-53
-81
-103
-120
-132
-136
-134
-126
-111
-91
-65
-34
0
36
74
112
148
180
208
228
241
246
242
230
209
182
149
112
72
31
-9
-49
-87
-121
-151
-177
-197
-211
-219
-222
-218
-208
-193
-171
-144
-112
-74
-32
14
64
118
174
231
287
342
393
438
477
508
529
540
540
529
507
475
433
384
327
265
200
132
64
-2
-67
-128
-183
-232
-274
-307
-331
-346
-352
-350
-341
-326
-306
-285
-263
-243
-227
-215
-209
-210
-216
-227
-243
-261
-280
-299
-315
-328
-337
-339
-336
-326
-310
-288
-260
-227
-189
-148
-102
-54
-4
46
97
147
193
235
271
299
318
326
322
307
279
239
189
127
58
-18
-99
-182
-265
-346
-422
-492
-554
-606
-649
-682
-706
-722
-731
-735
-735
-733
-729
-724
-719
-712
-703
-690
-671
-644
-606
-556
-491
-411
-313
-199
-70
72
226
387
551
713
870
1016
1149
1265
1363
1442
1501
1543
1567
1576
1573
1559
1537
1507
1472
1432
1388
1340
1288
1232
1171
1106
1036
961
881
799
714
628
543
460
383
311
248
194
150
115
89
69
55
43
30
14
-8
-40
-84
-140
-210
-294
-391
-499
-617
-741
-869
-997
-1121
-1240
-1350
-1449
-1536
-1608
-1667
-1710
-1739
-1753
-1752
-1737
-1709
-1666
-1610
-1540
-1456
-1359
-1249
-1127
-993
-851
-702
-548
-393
-239
-89
53
186
307
415
509
588
653
703
741
767
783
791
793
791
787
783
780
780
784
793
808
829
856
888
925
965
1007
1050
1091
1129
1161
1185
1201
1206
1200
1182
1152
1109
1056
992
920
840
754
664
569
472
372
271
168
63
-42
-148
-254
-360
-462
-561
-654
-740
-816
-883
-938
-982
-1014
-1035
-1045
-1047
-1040
-1028
-1011
-991
-970
-948
-926
-904
-883
-862
-841
-819
-795
-770
-742
-711
-678
-642
-604
-564
-522
-479
-436
-393
-351
-310
-271
-233
-197
-163
-130
-97
-66
-34
-3
27
58
88
117
145
171
194
214
230
241
248
249
246
237
224
207
186
161
135
108
80
53
27
4
-15
-31
-44
-52
-56
-55
-50
-42
-31
-17
-3
11
25
38
48
55
60
61
58
53
44
34
22
9
-4
-17
-28
-39
-47
-53
-56
-57
-54
-50
-43
-34
-23
-11
1
15
29
43
57
71
84
97
109
121
133
146
159
173
189
207
226
248
271
295
320
344
367
388
406
419
427
429
424
413
396
373
344
312
275
237
197
157
119
82
49
19
-5
-27
-45
-58
-68
-75
-79
-81
-82
-81
-79
-77
-74
-71
-67
-63
-59
-55
-51
-46
-42
-39
-37
-36
-37
-40
-45
-51
-60
-69
-79
-88
-96
-102
-104
-104
-99
-89
-75
-57
-33
-6
25
61
99
140
183
227
271
314
355
393
427
457
481
500
513
519
520
513
501
481
455
422
383
338
287
230
168
100
28
-48
-130
-214
-302
-391
-481
-568
-651
-728
-795
-852
-895
-922
-933
-928
-905
-867
-814
-748
-672
-587
-498
-405
-313
-223
-138
-58
11
73
125
165
194
213
220
217
204
183
155
122
85
45
5
-33
-69
-101
-128
-148
-163
-171
-172
-168
-157
-141
-121
-96
-68
-36
-2
34
73
114
156
200
244
289
333
376
418
457
493
524
550
569
582
587
584
573
555
529
498
462
423
381
340
300
263
230
202
179
161
148
139
134
132
132
132
131
129
124
116
104
88
68
45
18
-10
-41
-74
-107
-140
-173
-206
-237
-267
-296
-324
-350
-375
-398
-420
-439
-458
-474
-488
-500
-510
-518
-522
-525
-524
-520
-512
-501
-485
-465
-441
-413
-382
-347
-311
-273
-236
-201
-168
-140
-117
-100
-90
-86
-88
-97
-111
-129
-151
-176
-201
-227
-253
-276
-296
-313
-326
-334
-336
-333
-323
-307
-285
-256
-220
-177
-127
-69
-4
67
145
229
317
408
500
592
680
764
840
909
967
1013
1048
1070
1079
1076
1060
1033
995
948
894
835
771
706
641
578
517
461
409
362
318
278
240
202
164
124
80
33
-18
-74
-135
-200
-267
-336
-404
-470
-533
-591
-642
-685
-720
-747
-764
-774
-776
-772
-762
-746
-726
-701
-672
-639
-600
-557
-508
-452
-391
-323
-250
-172
-91
-9
71
149
221
285
339
380
407
421
420
405
378
340
293
240
183
124
67
14
-33
-75
-109
-134
-153
-163
-168
-167
-162
-155
-147
-138
-131
-126
-122
-122
-124
-129
-136
-144
-154
-163
-171
-179
-184
-186
-185
-181
-173
-162
-147
-129
-108
-84
-56
-27
5
40
78
119
163
209
258
309
361
413
464
512
555
593
623
644
655
656
646
625
593
553
505
450
391
329
266
204
144
88
35
-12
-54
-92
-125
-153
-176
-196
-212
-226
-236
-243
-248
-250
-248
-243
-234
-220
-203
-181
-156
-127
-95
-62
-28
5
36
65
89
107
121
128
129
124
113
97
78
55
30
4
-21
-47
-72
-95
-116
-134
-151
-166
-180
-193
-206
-219
-233
-248
-263
-279
-295
-310
-323
-333
-340
-342
-339
-331
-316
-296
-271
-240
-204
-165
-123
-78
-33
11
54
95
133
166
195
220
239
253
262
267
267
263
256
246
233
217
199
180
160
139
119
100
83
68
56
47
41
39
40
43
49
58
67
78
88
99
108
115
120
122
120
115
107
95
79
60
38
14
-11
-39
-67
-95
-123
-148
-172
-192
-210
-224
-234
-240
-243
-242
-239
-233
-224
-214
-203
-190
-177
-163
-149
-135
-122
-110
-98
-87
-77
-67
-59
-50
-43
-35
-27
-19
-10
0
10
22
35
50
65
83
100
118
135
150
163
172
177
176
169
155
133
105
71
31
-13
-60
-108
-155
-199
-237
-268
-289
-301
-301
-290
-269
-237
-196
-147
-93
-35
24
84
143
199
251
298
340
376
406
429
446
457
461
458
449
433
410
380
343
300
250
195
135
70
3
-64
-133
-201
-265
-326
-380
-427
-464
-492
-509
-514
-507
-489
-460
-422
-376
