-72
-72
-72
-72
-73
-72
-71
-69
-65
-60
-54
-47
-40
-33
-26
-21
-18
-17
-19
-23
-29
-38
-49
-61
-72
-83
-92
-98
-101
-100
-94
-84
-69
-50
-28
-4
21
46
71
93
112
127
138
144
146
144
137
127
115
101
86
72
58
46
37
30
25
24
24
26
29
33
35
36
35
32
24
14
0
-16
-35
-56
-78
-101
-122
-142
-159
-172
-182
-187
-187
-182
-173
-158
-138
-114
-87
-57
-25
8
42
75
107
136
163
186
205
219
230
235
236
232
224
212
195
176
154
130
105
79
53
29
5
-14
-33
-48
-60
-69
-75
-78
-79
-77
-74
-71
-67
-64
-61
-60
-60
-61
-64
-67
-71
-74
-76
-77
-76
-73
-68
-61
-53
-42
-30
-18
-4
9
22
35
48
59
68
77
84
90
95
99
103
107
110
113
114
114
113
108
101
91
78
61
42
21
-1
-24
-46
-67
-86
-100
-111
-115
-114
-106
-92
-72
-47
-17
14
47
79
108
132
151
162
166
161
149
129
103
72
39
3
-31
-64
-95
-121
-142
-159
-170
-177
-179
-178
-174
-169
-162
-155
-148
-140
-133
-126
-119
-111
-102
-92
-80
-67
-52
-35
-16
3
23
44
65
85
103
119
133
145
155
162
167
170
173
174
175
176
176
177
177
177
175
173
169
162
153
140
124
104
81
55
26
-5
-37
-70
-102
-134
-163
-190
-213
-233
-249
-261
-269
-273
-274
-270
-263
-253
-240
-225
-208
-190
-170
-151
-132
-113
-96
-81
-68
-58
-50
-44
-41
-40
-41
-42
-44
-46
-47
-48
-47
-45
-42
-38
-33
-28
-23
-18
-12
-6
0
6
14
23
35
48
63
81
100
120
142
164
186
206
225
240
251
257
257
252
240
223
200
173
143
111
77
45
14
-14
-38
-59
-75
-86
-92
-94
-90
-82
-70
-55
-36
-15
7
30
53
76
97
116
133
146
157
164
167
168
165
160
153
144
133
121
108
95
81
67
53
38
21
3
-15
-37
-61
-86
-113
-140
-168
-194
-218
-238
-254
-265
-270
-270
-265
-256
-242
-226
-208
-189
-170
-153
-138
-124
-113
-104
-96
-90
-83
-76
-67
-56
-43
-26
-5
17
42
70
97
124
150
172
190
203
211
212
207
195
178
156
130
101
70
39
10
-17
-40
-59
-73
-82
-85
-83
-76
-66
-52
-35
-17
2
23
43
64
83
102
119
134
148
160
170
178
184
188
189
189
185
179
169
156
139
118
94
67
37
5
-28
-61
-94
-125
-153
-178
-198
-214
-225
-231
-231
-226
-216
-202
-184
-163
-139
-114
-87
-60
-33
-7
16
38
56
70
79
83
82
75
63
47
27
4
-19
-43
-67
-87
-104
-116
-123
-124
-119
-110
-95
-77
-57
-36
-15
3
20
35
46
54
59
60
60
57
54
50
47
44
43
43
45
49
54
59
66
72
79
84
88
90
91
89
85
79
70
60
48
34
20
5
-9
-24
-38
-51
-62
-71
-78
-83
-85
-85
-83
-79
-72
-65
-56
-47
-37
-27
-16
-6
4
14
24
33
42
50
57
63
67
71
73
74
74
72
69
66
62
58
55
52
52
53
57
64
74
86
100
115
131
145
158
168
175
178
176
170
159
145
127
106
84
61
39
18
0
-13
-24
-29
-29
-25
-15
-1
14
32
51
67
80
88
90
84
70
47
17
-20
-63
-112
-164
-217
-270
-320
-366
-408
-442
-469
-489
-500
-503
-499
-488
-472
-450
-425
-397
-366
-334
-301
-267
-233
-197
-161
-123
-84
-44
-1
42
89
136
184
232
279
324
366
403
435
459
475
482
479
466
442
408
365
313
254
191
125
58
-6
-66
-121
-168
-206
-234
-252
-259
-257
-247
-228
-204
-175
-143
-110
-78
-49
-22
0
17
30
38
43
43
41
38
33
29
26
24
23
25
28
34
41
49
58
67
76
85
92
97
100
101
100
95
88
77
64
48
30
10
-12
-36
-62
-88
-115
-142
-168
-193
-216
-236
-254
-268
-279
-285
-287
-285
-278
-267
-252
-232
-208
-180
-150
-116
-80
-43
-5
31
67
101
132
160
184
204
219
229
235
237
234
227
217
203
187
169
150
130
110
90
71
53
36
22
8
-3
-14
-23
-31
-37
-42
-45
-47
-48
-47
-44
-41
-36
-30
-23
-15
-7
1
10
20
29
38
47
53
59
61
62
60
55
48
38
27
16
5
-3
-10
-12
-9
0
14
37
65
100
139
182
225
268
307
341
369
387
395
393
379
355
321
278
228
174
117
60
4
-47
-94
-135
-170
-197
-218
-232
-240
-243
-243
-240
-236
-231
-226
-222
-219
-217
-216
-216
-215
-213
-209
-202
-193
-180
-164
-146
-126
-105
-83
-62
-42
-25
-9
2
11
17
21
22
23
22
22
23
24
28
33
41
50
60
70
80
90
97
102
104
103
99
92
83
71
58
43
29
15
3
-7
-15
-21
-24
-24
-21
-15
-7
3
15
28
43
58
74
90
106
121
137
151
165
178
189
200
208
215
221
223
224
221
215
206
192
175
153
127
96
60
21
-21
-68
-117
-168
-220
-272
-323
-371
-416
-457
-492
-521
-543
-558
-565
-565
-559
-546
-529
-508
-483
-457
-430
-402
-373
-346
-318
-290
-263
-235
-207
-177
-145
-112
-76
-37
3
48
94
142
192
242
291
339
385
427
464
496
521
540
552
556
553
543
526
503
475
443
407
369
330
290
250
213
177
144
115
88
64
42
23
5
-11
-28
-45
-63
-82
-101
-121
-142
-162
-182
-201
-218
-232
-243
-250
-253
-252
-246
-237
-223
-207
-189
-169
-149
-130
-113
-98
-86
-77
-72
-69
-70
-73
-78
-83
-90
-95
-100
-103
-105
-104
-102
-98
-93
-86
-78
-70
-60
-51
-40
-30
-18
-7
4
17
29
42
56
69
83
96
109
121
132
140
147
151
152
151
147
142
134
126
117
109
101
95
91
88
88
89
92
97
102
107
112
116
119
120
118
114
107
98
87
75
61
46
31
17
3
-9
-20
-30
-38
-44
-48
-50
-50
-49
-47
-44
-40
-35
-31
-28
-25
-23
-22
-22
-23
-24
-25
-26
-26
-25
-23
-19
-13
-4
5
17
31
47
63
81
98
114
129
142
151
157
159
156
148
136
120
101
78
54
29
5
-16
-36
-52
-64
-71
-74
-73
-68
-61
-52
-43
-34
-27
-22
-19
-19
-21
-26
-34
-42
-51
-60
-69
-77
-83
-88
-90
-91
-90
-88
-84
-80
-75
-69
-64
-58
-53
-48
-44
-40
-36
-32
-29
-26
-23
-20
-17
-14
-10
-7
-4
-1
0
2
2
0
-1
-5
-10
-17
-24
-31
-39
-46
-52
-58
-61
-63
-62
-59
-53
-46
-36
-23
-9
5
22
39
56
73
89
103
115
125
131
135
135
133
127
119
108
96
83
70
57
45
35
26
19
13
9
4
0
-4
-12
-21
-34
-50
-69
-90
-113
-136
-159
-179
-196
-208
-214
-213
-205
-189
-168
-140
-108
-73
-37
-2
30
58
80
95
103
103
95
81
61
36
8
-21
-50
-78
-103
-124
-141
-154
-161
-165
-164
-161
-156
-150
-143
-137
-131
-127
-123
-120
-117
-113
-107
-99
-89
-75
-57
-37
-14
11
37
64
90
114
134
152
165
174
178
178
174
166
156
143
130
116
102
89
78
70
64
60
59
61
66
72
80
89
99
109
118
125
131
134
133
129
121
109
93
73
50
25
-1
-30
-58
-85
-111
-135
-155
-173
-186
-195
-200
-200
-196
-188
-176
-162
-144
-124
-103
-82
-60
-40
-20
-3
10
22
31
37
41
43
44
45
45
47
51
56
64
74
87
102
118
136
154
172
188
204
217
226
233
234
232
224
211
194
172
145
116
84
51
17
-15
-47
-76
-101
-123
-140
-153
-160
-163
-160
-153
-142
-128
-111
-93
-74
-54
-36
-18
-1
12
25
36
44
50
54
55
54
51
46
39
33
26
21
17
16
19
25
35
48
65
84
103
122
139
151
159
160
153
139
117
88
52
11
-32
-78
-123
-166
-205
-238
-264
-282
-291
-291
-282
-264
-239
-207
-171
-130
-88
-45
-4
33
68
98
123
144
160
172
182
189
195
201
206
212
218
225
231
237
241
242
241
235
225
209
188
160
127
89
46
0
-48
-97
-147
-194
-239
-280
-316
-346
-369
-386
-395
-396
-391
-378
-359
-334
-304
-270
-233
-195
-155
-116
-79
-44
-12
14
38
56
70
80
85
87
87
85
83
81
80
80
83
87
93
100
107
114
119
122
121
117
107
93
75
52
25
-3
-34
-65
-96
-124
-148
-168
-182
-191
-194
-191
-183
-170
-155
-137
-119
-100
-84
-69
-58
-50
-46
-46
-49
-54
-61
-68
-74
-79
-80
-77
-69
-56
-37
-13
15
48
84
122
161
199
235
268
296
319
335
345
347
342
330
311
286
256
222
185
146
107
67
29
-7
-41
-71
-99
-123
-142
-158
-171
-179
-185
-188
-188
-186
-181
-175
-167
-157
-145
-130
-114
-95
-75
-53
-30
-5
19
44
69
94
118
142
166
189
210
231
249
264
276
284
287
286
279
267
250
228
202
173
142
108
75
41
9
-20
-47
-71
-92
-108
-120
-129
-134
-137
-137
-137
-136
-135
-136
-139
-145
-154
-166
-182
-202
-224
-249
-276
-304
-331
-357
-380
-397
-410
-415
-412
-401
-381
-353
-317
-275
-226
-174
-119
-64
-9
43
91
134
171
201
224
239
247
249
245
236
224
208
192
176
160
146
135
127
122
121
123
128
135
144
154
163
171
178
182
184
183
179
173
164
153
140
126
111
96
80
64
49
33
19
5
-7
-18
-29
-38
-46
-52
-57
-61
-63
-63
-63
-61
-58
-55
-51
-47
-43
-40
-37
-36
-35
-35
-36
-38
-40
-43
-46
-49
-51
-54
-56
-59
-61
-64
-67
-71
-75
-80
-86
-92
-99
-105
-111
-116
-120
-122
-123
-122
-120
-116
-110
-104
-98
-92
-86
-81
-76
-73
-70
-67
-65
-62
-57
-51
-42
-31
-17
0
18
41
65
92
120
149
178
207
234
260
284
304
320
332
339
341
336
325
308
283
253
217
177
133
86
37
-10
-57
-102
-143
-181
-213
-240
-260
-275
-283
-284
-280
-269
-252
-230
-204
-174
-141
-106
-70
-33
1
34
66
94
118
137
153
163
168
168
163
154
141
126
109
90
72
54
37
23
11
2
-4
-8
-10
-11
-10
-9
-8
-7
-6
-5
-5
-5
-4
-3
-2
0
3
7
12
17
23
29
34
39
42
45
45
44
41
36
29
21
11
1
-9
-20
-30
-40
-49
-56
-63
-69
-73
-77
-81
-84
-87
-90
-92
-94
-95
-95
-94
-92
-88
-84
-77
-70
-61
-51
