247
234
218
200
180
159
136
114
90
68
45
25
6
-9
-23
-33
-39
-42
-40
-36
-28
-17
-5
8
22
36
50
63
74
84
92
99
104
107
109
110
110
108
106
103
100
95
91
85
79
72
64
55
45
34
22
10
-1
-13
-25
-36
-45
-52
-58
-61
-62
-60
-56
-49
-40
-30
-17
-4
9
23
36
48
58
65
69
71
69
64
56
46
34
21
6
-7
-20
-33
-44
-54
-61
-67
-70
-72
-72
-71
-69
-67
-65
-63
-62
-62
-64
-67
-71
-77
-84
-93
-103
-115
-127
-140
-152
-164
-174
-183
-190
-194
-196
-195
-192
-187
-180
-172
-163
-154
-144
-136
-127
-120
-112
-105
-98
-91
-82
-72
-60
-45
-28
-7
15
40
68
96
125
153
179
202
222
237
248
254
255
252
245
235
224
211
199
187
176
167
160
154
151
148
147
147
147
148
148
149
150
150
151
151
151
150
148
145
140
132
120
105
85
61
32
0
-36
-74
-114
-155
-194
-232
-266
-297
-323
-345
-362
-375
-383
-387
-388
-385
-379
-370
-360
-347
-333
-318
-302
-286
-271
-257
-244
-233
-224
-217
-213
-210
-209
-209
-212
-215
-220
-225
-231
-237
-242
-247
-251
-253
-254
-252
-247
-239
-227
-211
-192
-167
-138
-104
-65
-22
26
79
136
197
261
327
393
460
524
586
643
695
740
777
806
825
835
835
826
807
780
745
702
654
600
541
480
416
350
285
220
157
96
39
-14
-63
-107
-146
-179
-207
-231
-250
-265
-277
-287
-296
-304
-311
-318
-325
-332
-339
-346
-352
-357
-361
-362
-362
-359
-353
-344
-332
-318
-302
-283
-263
-242
-220
-198
-176
-155
-133
-113
-93
-74
-55
-37
-19
-2
13
29
44
58
71
84
95
106
115
124
132
139
145
151
157
163
168
172
177
180
183
185
186
186
185
182
178
172
165
156
147
137
126
116
106
97
88
81
75
70
65
62
58
55
52
48
43
38
31
23
15
5
-4
-15
-26
-37
-47
-57
-66
-74
-81
-87
-91
-94
-96
-97
-96
-95
-93
-91
-87
-82
-76
-69
-60
-50
-38
-25
-10
5
21
38
54
70
84
96
106
112
116
117
114
108
100
89
76
62
47
33
20
8
0
-7
-12
-14
-14
-12
-10
-8
-7
-8
-10
-16
-23
-33
-46
-60
-75
-91
-106
-121
-134
-145
-154
-160
-163
-164
-162
-158
-152
-145
-138
-130
-123
-116
-111
-108
-106
-106
-107
-110
-113
-117
-121
-124
-127
-127
-125
-121
-115
-106
-95
-82
-67
-51
-34
-17
-1
13
27
39
49
57
63
67
69
70
70
69
69
68
69
69
70
71
73
74
75
76
76
76
76
76
75
75
76
76
77
78
79
80
80
80
78
76
72
67
60
52
43
32
20
8
-2
-13
-21
-27
-30
-29
-24
-15
-2
14
33
54
74
94
112
126
137
142
142
137
126
111
92
70
46
21
-2
-26
-47
-66
-81
-92
-99
-102
-103
-101
-97
-92
-87
-83
-79
-77
-77
-77
-79
-81
-83
-85
-86
-86
-85
-82
-79
-75
-70
-65
-60
-55
-51
-48
-45
-43
-42
-41
-40
-38
-36
-32
-28
-22
-14
-5
3
14
24
34
43
49
54
55
54
50
43
34
24
13
2
-7
-15
-20
-22
-20
-15
-6
6
22
41
62
85
108
132
153
174
191
206
217
225
229
229
226
219
208
194
176
155
131
104
74
42
9
-25
-59
-93
-125
-154
-179
-199
-215
-225
-230
-229
-223
-212
-198
-181
-161
-140
-119
-99
-79
-62
-47
-34
-24
-17
-13
-10
-9
-10
-11
-13
-15
-16
-17
-16
-14
-10
-5
0
8
18
28
39
51
62
73
84
93
101
107
112
115
116
115
113
108
101
93
82
70
57
42
27
12
-2
-15
-28
-38
-46
-52
-54
-54
-52
-48
-41
-34
-25
-17
-9
-2
2
4
3
0
-7
-18
-32
-49
-69
-90
-111
-132
-151
-167
-179
-187
-189
-185
-175
-159
-138
-112
-82
-50
-16
16
48
77
102
122
137
145
148
144
136
124
108
91
72
54
36
21
7
-3
-11
-16
-20
-22
-23
-24
-24
-25
-27
-28
-31
-33
-35
-36
-36
-35
-32
-27
-21
-13
-4
6
17
28
38
48
56
63
68
71
72
72
69
65
60
54
47
39
32
25
17
11
5
0
-4
-7
-10
-12
-12
-12
-11
-9
-6
-2
1
6
10
14
18
21
23
24
24
23
20
15
10
4
-3
-11
-20
-29
-37
-46
-53
-59
-63
-66
-67
-65
-62
-56
-48
-39
-27
-15
-1
11
25
38
51
61
70
77
82
84
84
82
79
74
68
62
56
51
46
43
40
37
35
33
30
26
20
13
5
-3
-14
-25
-36
-47
-58
-67
-76
-84
-92
-98
-105
-111
-116
-122
-126
-131
-133
-134
-133
-128
-120
-108
-91
-69
-43
-13
20
57
96
135
173
209
242
269
291
307
314
314
306
290
267
237
202
163
121
78
35
-6
-45
-81
-113
-141
-164
-182
-196
-206
-212
-215
-215
-212
-208
-203
-197
-190
-182
-173
-164
-154
-143
-131
-118
-103
-88
-71
-53
-36
-19
-3
10
22
31
37
39
39
36
31
23
15
6
-2
-9
-15
-19
-20
-18
-14
-7
0
10
20
29
37
43
47
47
45
40
32
23
13
3
-5
-12
-18
-20
-20
-16
-8
1
14
30
47
65
84
102
119
133
145
154
159
159
156
148
137
122
104
84
63
41
19
-1
-21
-39
-56
-70
-84
-95
-106
-115
-123
-130
-136
-140
-143
-144
-144
-141
-136
-129
-121
-111
-100
-89
-78
-67
-57
-48
-40
-34
-29
-25
-22
-18
-14
-9
-2
6
17
30
45
61
77
92
107
119
130
137
140
141
138
133
125
115
105
95
85
76
69
64
62
61
62
64
67
70
73
76
77
78
78
78
77
77
78
80
82
85
89
93
96
98
98
96
92
84
73
60
43
23
2
-19
-42
-64
-84
-103
-118
-130
-138
-142
-142
-140
-134
-126
-116
-106
-96
-86
-79
-73
-70
-70
-73
-78
-86
-96
-107
-118
-128
-137
-143
-146
-146
-143
-137
-128
-117
-104
-90
-76
-62
-48
-34
-21
-8
3
15
28
40
52
64
77
88
99
109
116
122
125
125
122
116
107
97
84
72
59
48
39
33
30
30
34
41
50
62
74
88
101
114
125
134
140
142
142
137
130
119
105
90
72
54
35
16
-2
-19
-36
-52
-66
-79
-92
-103
-114
-126
-137
-149
-162
-176
-191
-208
-226
-245
-265
-284
-303
-319
-333
-343
-349
-350
-344
-333
-316
-293
-264
-231
-195
-156
-116
-76
-36
1
36
68
97
123
145
164
180
193
204
214
222
229
236
242
248
253
258
261
263
263
261
256
248
237
222
204
183
158
131
101
69
36
3
-29
-62
-93
-123
-149
-172
-191
-205
-214
-219
-218
-212
-202
-188
-171
-152
-131
-110
-90
-70
-52
-36
-23
-12
-4
2
7
11
14
18
23
29
37
46
57
69
83
97
112
127
142
157
171
184
195
204
211
215
217
215
210
202
191
177
162
144
125
106
87
68
51
35
20
8
-2
-11
-19
-25
-31
-37
-43
-50
-57
-64
-72
-80
-88
-95
-103
-109
-115
-120
-124
-126
-127
-126
-123
-119
-111
-102
-90
-76
-60
-44
-27
-11
3
16
26
32
35
34
30
23
13
2
-9
-22
-35
-48
-60
-71
-81
-89
-95
-99
-101
-101
-98
-93
-87
-78
-67
-55
-41
-25
-8
9
28
47
67
85
102
118
131
142
151
157
161
164
165
165
164
164
163
163
164
166
169
172
176
180
184
187
188
187
183
177
167
155
140
122
103
84
64
46
29
15
3
-5
-12
-16
-19
-22
-25
-30
-37
-49
-65
-86
-113
-145
-182
-222
-266
-311
-356
-398
-437
-471
-498
-517
-528
-529
-522
-505
-480
-448
-409
-367
-321
-275
-229
-186
-146
-110
-79
-53
-32
-15
-2
7
14
20
26
32
38
47
57
70
85
103
124
146
169
194
218
241
263
283
301
315
327
335
340
342
340
336
328
317
304
287
268
247
224
199
173
147
120
94
69
46
25
6
-10
-24
-35
-44
-50
-55
-59
-63
-66
-70
-76
-82
-90
-99
-109
-121
-133
-145
-157
-168
-178
-187
-194
-198
-201
-201
-199
-194
-187
-177
-165
-151
-136
-120
-102
-85
-68
-51
-35
-21
-7
4
16
27
38
48
59
71
83
96
110
126
142
159
177
195
214
232
250
267
283
296
307
314
318
316
310
299
282
259
230
197
158
116
70
23
-24
-72
-118
-161
-200
-233
-261
-282
-297
-305
-306
-302
-292
-278
-261
-242
-220
-197
-173
-149
-124
-99
-74
-48
-23
2
28
52
75
95
113
126
134
137
134
124
108
86
58
25
-10
-48
-88
-126
-162
-194
-220
-241
-254
-261
-261
-254
-241
-224
-203
-180
-154
-128
-101
-74
-48
-22
3
28
53
77
103
128
154
181
208
235
261
286
309
329
346
359
368
371
369
362
351
334
313
289
261
230
197
163
127
91
55
19
-16
-51
-84
-115
-144
-170
-193
-213
-230
-244
-254
-261
-265
-268
-268
-268
-266
-264
-262
-260
-257
-255
-251
-247
-241
-233
-223
-211
-196
-178
-158
-135
-111
-85
-58
-30
-2
24
49
73
94
113
129
141
150
156
159
158
154
148
139
129
116
102
88
73
58
44
30
18
8
1
-3
-5
-3
0
8
19
33
49
67
86
105
124
142
158
171
181
186
188
184
177
164
148
129
106
81
55
27
0
-28
-55
-81
-104
-124
-141
-154
-164
-170
-172
-170
-165
-156
-146
-133
-118
-103
-88
-74
-61
-50
-42
-37
-34
-35
-38
-43
-49
-56
-62
-67
-70
-70
-67
-60
-50
-35
-17
3
26
52
79
107
135
162
188
212
234
253
270
284
294
301
305
304
300
291
278
261
238
211
180
146
108
68
28
-11
-50
-86
-119
-148
-172
-190
-204
-213
-217
-218
-216
-211
-206
-200
-194
-189
-186
-184
-183
-184
-187
-190
-193
-197
-200
-203
-204
-204
-202
-199
-193
-186
-177
-166
-153
-139
-124
-108
-92
-75
-58
-41
-26
-11
1
13
22
28
32
33
30
25
18
9
0
-10
-20
-29
-35
-39
-39
-36
-29
-20
-7
6
21
37
53
67
80
91
99
104
108
110
110
110
110
112
115
121
131
144
161
181
204
230
257
285
313
341
366
388
407
421
431
434
432
423
407
384
355
318
275
225
171
111
47
-18
-86
-155
-224
-290
-354
-414
-469
-519
-562
-599
-628
-649
-662
-667
-663
-650
-630
-601
-564
-521
-471
-416
-357
-295
-231
-166
-103
-41
17
72
123
169
210
