-275
-281
-280
-271
-255
-232
-204
-170
-133
-94
-54
-16
19
50
76
96
109
115
115
109
97
80
60
38
14
-8
-30
-49
-65
-77
-85
-87
-84
-76
-64
-47
-28
-8
13
33
52
68
80
86
87
82
70
53
30
3
-27
-60
-93
-124
-153
-178
-198
-212
-219
-220
-215
-204
-188
-168
-144
-117
-88
-59
-29
0
30
57
83
106
125
141
152
159
161
157
149
136
120
101
79
56
34
11
-8
-27
-43
-56
-67
-75
-82
-87
-91
-96
-100
-106
-111
-117
-123
-129
-134
-138
-142
-143
-144
-144
-143
-141
-139
-137
-135
-133
-131
-129
-125
-119
-111
-99
-84
-65
-41
-15
14
45
77
108
138
163
185
201
212
218
218
213
204
191
176
160
144
129
117
107
100
98
99
104
112
123
135
148
160
171
181
188
193
195
194
191
186
179
170
160
149
138
126
114
102
89
77
64
51
39
26
14
1
-11
-24
-36
-49
-61
-73
-83
-93
-101
-107
-111
-113
-112
-109
-104
-97
-88
-79
-70
-61
-53
-46
-40
-37
-35
-36
-39
-45
-52
-62
-73
-85
-99
-112
-126
-139
-151
-162
-170
-177
-181
-182
-180
-174
-165
-153
-136
-117
-94
-69
-41
-11
18
49
80
109
136
161
181
198
209
217
220
218
214
207
199
190
181
173
168
164
163
165
169
175
183
191
200
209
217
223
226
227
223
215
202
184
161
132
98
60
19
-24
-69
-114
-159
-201
-241
-278
-310
-339
-363
-384
-400
-413
-423
-429
-431
-429
-423
-412
-395
-373
-343
-307
-263
-213
-156
-93
-27
41
110
177
240
298
347
387
417
436
444
443
432
413
388
358
325
289
253
216
179
143
107
72
37
3
-29
-61
-91
-119
-144
-165
-181
-191
-195
-192
-182
-166
-144
-119
-90
-61
-33
-8
11
24
29
26
13
-8
-37
-73
-114
-158
-202
-245
-283
-316
-341
-357
-364
-361
-350
-329
-302
-269
-233
-194
-156
-119
-85
-55
-29
-7
9
23
34
42
49
56
64
72
82
94
108
123
140
157
175
191
207
220
230
237
240
240
235
226
213
197
175
150
120
85
46
4
-41
-89
-137
-183
-225
-260
-286
-302
-306
-296
-274
-239
-194
-141
-82
-21
38
94
144
184
213
230
234
226
208
180
145
106
66
29
-3
-30
-47
-54
-50
-35
-11
21
60
103
148
192
232
267
293
311
318
316
303
283
254
220
183
143
102
62
24
-10
-42
-70
-95
-117
-136
-153
-169
-184
-199
-214
-231
-249
-268
-287
-306
-322
-334
-340
-339
-330
-311
-282
-243
-196
-143
-84
-23
37
94
146
189
222
243
253
250
235
211
178
140
98
56
17
-18
-47
-69
-82
-87
-85
-76
-62
-44
-25
-5
12
27
39
46
50
49
45
38
30
21
12
5
0
-2
-1
2
9
19
31
45
59
73
87
99
110
118
123
126
127
125
123
120
118
116
116
118
122
127
133
140
146
151
155
156
154
149
141
129
114
97
77
56
33
10
-12
-35
-56
-76
-94
-110
-125
-138
-150
-162
-173
-185
-196
-208
-221
-233
-246
-259
-271
-283
-294
-304
-313
-321
-328
-334
-339
-343
-344
-343
-340
-333
-321
-306
-285
-260
-231
-198
-162
-125
-88
-52
-19
11
37
60
78
93
106
118
130
145
162
184
210
242
277
316
356
396
433
465
489
502
503
490
462
419
362
293
215
130
42
-43
-123
-193
-249
-290
-313
-318
-306
-277
-234
-181
-119
-54
11
73
129
176
211
233
242
238
222
194
159
116
71
24
-20
-61
-96
-125
-147
-161
-167
-168
-163
-154
-143
-131
-119
-108
-100
-95
-93
-94
-99
-106
-116
-127
-139
-151
-163
-174
-184
-192
-198
-201
-202
-199
-193
-183
-169
-151
-128
-101
-69
-35
2
40
79
116
150
180
204
222
233
238
237
231
220
207
193
179
168
159
153
151
152
157
163
171
179
188
196
203
209
215
221
228
235
242
251
260
268
276
283
287
288
284
276
261
239
211
176
135
89
38
-15
-70
-125
-179
-228
-274
-313
-345
-371
-389
-400
-404
-402
-395
-382
-366
-346
-324
-300
-275
-250
-225
-200
-178
-157
-138
-122
-109
-99
-92
-87
-85
-84
-86
-89
-93
-98
-103
-108
-113
-117
-120
-122
-121
-117
-110
-99
-85
-66
-44
-18
9
38
68
98
124
147
165
177
182
179
169
151
126
94
58
19
-20
-59
-94
-123
-144
-155
-155
-142
-117
-79
-30
28
94
166
240
314
386
451
508
554
589
610
618
612
592
561
520
469
412
351
286
222
159
99
44
-5
-49
-85
-115
-137
-153
-163
-167
-167
-164
-158
-153
-148
-145
-145
-150
-158
-172
-191
-214
-241
-271
-303
-337
-371
-404
-436
-465
-489
-508
-521
-526
-523
-512
-492
-464
-427
-384
-334
-280
-223
-165
-107
-51
0
48
90
126
156
180
199
212
223
230
236
242
248
254
262
271
280
290
300
309
316
321
323
324
323
320
318
316
315
316
319
323
328
331
332
327
315
293
260
214
156
85
3
-87
-184
-283
-381
-474
-558
-630
-687
-727
-748
-750
-733
-698
-646
-581
-504
-419
-329
-239
-151
-69
2
64
113
147
167
173
166
148
120
85
45
2
-39
-79
-113
-141
-161
-171
-169
-157
-134
-101
-60
-13
36
88
139
188
234
276
314
348
379
406
429
448
464
474
480
480
473
460
439
411
376
334
287
234
179
121
64
8
-44
-93
-135
-172
-201
-222
-237
-245
-247
-244
-238
-230
-221
-212
-203
-197
-192
-190
-190
-192
-195
-199
-203
-207
-210
-212
-212
-212
-209
-205
-200
-194
-187
-180
-173
-166
-160
-154
-148
-142
-136
-130
-124
-116
-107
-97
-84
-68
-49
-26
0
32
67
108
152
200
250
301
352
402
449
492
529
559
583
598
606
607
602
591
577
559
540
520
501
483
467
451
437
421
404
382
355
321
279
226
164
92
12
-75
-167
-262
-356
-447
-530
-605
-667
-714
-745
-759
-754
-731
-691
-634
-564
-483
-395
-302
-208
-118
-34
41
104
155
192
215
223
220
205
182
151
116
79
42
7
-25
-52
-75
-93
-105
-113
-116
-117
-115
-111
-107
-102
-98
-94
-91
-87
-84
-81
-76
-71
-64
-55
-46
-35
-23
-10
1
14
26
37
48
56
63
68
69
68
63
54
41
24
3
-19
-44
-69
-93
-113
-127
-134
-132
-119
-97
-65
-24
22
73
125
175
219
255
279
291
290
275
247
210
164
114
62
14
-28
-62
-85
-96
-94
-79
-53
-18
23
68
114
156
193
222
240
247
242
224
193
151
98
36
-32
-107
-186
-267
-347
-426
-501
-571
-635
-691
-738
-775
-802
-818
-823
-816
-798
-768
-727
-676
-615
-546
-469
-386
-299
-210
-121
-33
50
128
199
261
314
358
391
416
431
438
439
433
424
411
397
383
369
358
349
343
341
342
346
352
360
368
375
380
382
380
372
359
339
313
281
245
204
161
119
78
41
11
-10
-22
-23
-12
11
47
93
149
211
278
345
411
471
523
563
590
601
596
573
533
476
404
317
219
112
-2
-119
-238
-354
-465
-567
-658
-737
-800
-847
-877
-889
-883
-861
-822
-769
-702
-625
-539
-446
-348
-250
-153
-59
27
105
173
227
269
295
308
306
292
267
233
194
151
107
66
28
-2
-26
-42
-50
-49
-42
-28
-9
11
34
56
77
95
110
120
126
127
123
114
101
83
60
32
0
-37
-79
-125
-176
-228
-281
-333
-381
-422
-453
-473
-479
-469
-443
-400
-342
-271
-189
-100
-7
84
172
252
320
374
413
435
440
430
406
370
326
275
220
165
112
62
18
-19
-50
-75
-92
-102
-106
-105
-99
-88
-74
-57
-37
-14
10
38
69
102
137
173
210
247
283
317
347
373
393
406
413
412
403
387
363
332
295
252
203
151
96
39
-18
-75
-131
-184
-233
-277
-316
-349
-374
-393
-403
-406
-402
-391
-373
-351
-324
-294
-262
-229
-196
-164
-135
-108
-84
-64
-48
-35
-25
-17
-11
-6
-1
4
12
21
33
47
63
81
100
119
138
155
171
185
195
202
204
201
194
180
160
135
103
66
23
-22
-72
-124
-177
-229
-279
-325
-365
-399
-425
-441
-448
-444
-431
-407
-375
-335
-290
-241
-191
-142
-96
-54
-19
9
31
46
56
61
64
64
65
66
68
71
76
81
87
92
97
101
104
107
109
113
119
128
141
159
183
212
247
288
333
383
435
489
543
594
640
680
711
732
741
738
721
692
651
599
537
467
391
311
227
140
52
-36
-125
-215
-304
-392
-479
-562
-640
-711
-774
-826
-864
-887
-893
-881
-849
-797
-726
-636
-529
-407
-274
-133
9
150
283
403
506
587
643
672
674
647
594
516
418
301
172
33
-109
-251
-388
-515
-630
-728
-807
-866
-903
-918
-912
-887
-844
-786
-716
-636
-550
-459
-367
-275
-184
-95
-9
73
153
231
306
380
452
522
590
655
715
770
818
857
884
898
897
880
846
795
727
644
548
441
328
212
99
-8
-105
-187
-252
-298
-323
-327
-312
-280
-234
-177
-114
-50
11
67
112
143
159
158
138
101
47
-21
-102
-193
-291
-390
-489
-583
-669
-743
-805
-851
-881
-895
-892
-873
-841
-797
-743
-682
-618
-551
-485
-421
-359
-302
-248
-196
-146
-95
-43
12
72
139
213
293
379
471
566
662
755
844
923
991
1043
1077
1090
1083
1054
1004
935
848
747
635
516
393
269
149
35
-70
-166
-249
-319
-377
-421
-452
-472
-482
-482
-476
-464
-448
-429
-409
-388
-368
-349
-330
-311
-294
-276
-258
-239
-218
-195
-170
-143
-113
-81
-47
-13
22
57
92
126
160
193
226
258
292
326
360
394
428
458
483
501
508
503
482
443
387
312
221
115
-1
-124
-249
-369
-479
-573
-647
-697
-719
-712
-676
-612
-523
-412
-285
-147
-3
138
271
392
492
570
620
641
632
594
526
433
319
187
44
-104
-252
-393
-522
-632
-719
-781
-814
-819
-796
-746
-673
-579
-471
-352
-227
-102
18
131
234
325
402
467
518
560
592
617
638
656
672
687
700
712
721
725
724
716
699
673
639
597
548
495
440
387
337
293
258
231
214
205
203
205
209
211
207
195
171
134
82
14
-68
-164
-271
-385
-502
-617
-726
-825
-907
-970
-1010
-1026
-1015
-977
-915
-829
-723
-602
-469
-331
-194
-63
55
157
237
291
317
315
283
224
142
40
-74
-197
-320
-437
-541
-627
-690
-726
-735
-715
-668
-596
-504
-396
-278
-156
-36
77
179
265
333
382
411
423
418
400
372
337
299
260
222
186
154
124
97
71
45
18
-11
-45
-84
-127
-175
-226
-279
