465
467
462
448
427
398
363
321
275
225
173
118
63
9
-42
-92
-138
-180
-216
-248
-274
-294
-310
-321
-328
-332
-335
-336
-338
-341
-346
-353
-362
-375
-389
-406
-422
-439
-453
-465
-472
-473
-468
-456
-435
-408
-372
-330
-282
-230
-175
-119
-65
-12
35
77
112
139
158
169
172
167
157
140
120
98
74
51
29
9
-7
-21
-32
-40
-45
-48
-49
-48
-46
-43
-39
-35
-30
-25
-19
-12
-5
2
11
20
30
40
50
60
71
81
91
101
111
119
127
135
141
146
151
156
159
163
165
167
167
165
161
155
147
136
122
107
90
73
55
37
21
6
-7
-19
-30
-38
-46
-51
-55
-58
-60
-60
-60
-59
-58
-57
-57
-58
-61
-64
-70
-76
-84
-93
-103
-113
-124
-133
-141
-148
-153
-155
-155
-151
-145
-136
-125
-113
-98
-84
-68
-53
-38
-23
-8
7
25
44
67
94
124
159
198
240
286
332
379
424
466
503
533
555
568
571
563
543
513
471
420
360
293
220
144
66
-11
-88
-161
-229
-293
-349
-398
-439
-470
-492
-504
-506
-496
-476
-446
-406
-357
-303
-243
-180
-118
-56
0
52
96
134
163
185
201
212
219
224
228
233
238
245
252
259
265
268
268
262
250
230
203
167
125
75
20
-37
-97
-157
-213
-263
-305
-336
-356
-362
-354
-332
-298
-251
-194
-130
-62
8
79
146
208
262
308
344
370
384
389
383
367
343
310
271
227
179
129
77
25
-24
-72
-118
-160
-198
-233
-265
-294
-320
-344
-367
-387
-406
-423
-437
-450
-460
-466
-469
-468
-462
-451
-435
-413
-384
-350
-310
-265
-215
-161
-105
-48
8
64
116
163
205
239
266
285
296
300
295
285
269
249
227
203
179
155
134
115
99
85
74
63
54
45
35
25
13
1
-11
-24
-36
-47
-55
-61
-62
-60
-54
-43
-29
-11
10
34
60
87
114
140
163
182
195
203
202
193
175
148
112
68
17
-38
-97
-156
-214
-266
-312
-347
-370
-380
-375
-354
-317
-266
-202
-126
-43
43
132
218
298
368
426
469
496
508
504
486
457
418
372
323
274
226
182
142
108
77
51
28
7
-12
-31
-50
-68
-86
-102
-116
-125
-131
-130
-123
-110
-91
-65
-35
0
36
74
110
144
172
194
207
210
204
186
159
121
74
20
-40
-104
-170
-236
-299
-356
-407
-449
-480
-501
-509
-506
-491
-466
-433
-393
-347
-299
-249
-199
-152
-108
-69
-35
-7
14
30
42
51
56
60
63
68
74
82
92
106
122
139
158
176
194
210
222
231
235
235
230
220
207
190
170
149
126
102
78
53
29
4
-20
-45
-70
-94
-116
-136
-152
-163
-168
-165
-155
-136
-108
-72
-28
22
78
137
198
258
314
365
407
440
462
471
467
450
421
382
334
278
218
156
93
32
-25
-78
-127
-169
-206
-237
-263
-286
-305
-322
-337
-352
-367
-382
-397
-411
-426
-438
-449
-457
-461
-460
-453
-441
-422
-398
-367
-331
-291
-247
-200
-152
-103
-56
-11
30
66
97
121
138
146
146
136
116
88
50
3
-50
-111
-177
-246
-316
-385
-450
-510
-563
-606
-639
-661
-672
-673
-663
-644
-617
-585
-547
-506
-462
-417
-371
-323
-274
-223
-169
-111
-50
15
86
162
241
323
406
488
567
641
709
767
815
853
879
895
902
900
891
878
863
847
833
820
810
804
799
795
791
785
774
756
731
695
648
590
521
441
353
259
160
61
-37
-130
-217
-295
-363
-419
-463
-495
-515
-526
-528
-524
-514
-501
-486
-472
-457
-445
-434
-424
-416
-408
-399
-389
-376
-361
-341
-317
-289
-256
-220
-181
-139
-97
-55
-14
23
58
87
111
130
142
148
148
144
136
125
113
100
88
77
68
61
56
53
51
50
49
48
45
41
36
29
21
12
3
-5
-12
-18
-21
-20
-16
-7
6
24
48
78
112
152
195
243
292
342
391
437
477
509
533
546
547
537
515
483
441
391
337
279
220
164
110
62
21
-12
-38
-56
-66
-70
-68
-62
-52
-41
-30
-19
-10
-3
0
0
-3
-10
-20
-33
-48
-65
-83
-101
-119
-136
-151
-164
-174
-183
-188
-192
-194
-194
-193
-191
-188
-186
-184
-182
-180
-178
-176
-174
-171
-168
-166
-163
-161
-159
-160
-162
-168
-178
-193
-213
-239
-271
-309
-352
-399
-448
-498
-545
-587
-621
-645
-655
-651
-632
-596
-547
-483
-410
-329
-244
-159
-78
-4
59
112
151
178
192
195
189
177
161
145
132
122
118
121
131
146
166
189
213
235
252
263
265
258
240
213
177
134
86
38
-8
-50
-82
-103
-111
-104
-82
-46
2
61
125
193
259
319
369
408
432
439
429
403
361
305
238
162
80
-3
-87
-166
-240
-304
-358
-400
-430
-447
-453
-447
-432
-409
-381
-349
-315
-282
-250
-221
-195
-172
-152
-132
-113
-93
-69
-42
-10
27
71
122
178
239
304
371
437
499
556
603
638
660
666
654
626
582
524
454
377
295
212
133
62
0
-47
-82
-102
-109
-102
-86
-62
-35
-7
17
35
44
42
27
0
-40
-91
-152
-219
-289
-360
-426
-485
-533
-566
-584
-582
-560
-518
-456
-375
-278
-168
-49
74
198
316
424
517
590
642
670
673
653
611
550
475
389
297
206
118
39
-27
-80
-117
-137
-142
-131
-108
-74
-31
15
65
116
166
213
256
293
326
353
375
392
404
410
413
410
403
392
376
356
331
301
266
226
180
129
73
13
-50
-117
-186
-254
-321
-384
-442
-494
-536
-570
-593
-605
-606
-596
-576
-547
-511
-468
-420
-370
-319
-269
-220
-174
-132
-93
-59
-29
-2
20
41
58
73
86
96
103
107
107
103
94
81
62
38
9
-23
-61
-100
-142
-182
-221
-255
-284
-305
-318
-320
-313
-295
-268
-233
-191
-144
-96
-49
-4
33
63
84
95
96
88
72
51
27
3
-18
-35
-46
-49
-42
-27
-3
29
68
112
159
206
253
296
335
366
389
404
409
405
393
373
346
312
273
230
182
131
75
16
-45
-110
-177
-246
-314
-380
-443
-499
-546
-582
-604
-611
-602
-575
-531
-470
-394
-305
-205
-98
12
124
234
337
432
516
586
642
682
705
711
699
670
622
556
473
374
258
129
-12
-163
-320
-479
-636
-788
-929
-1055
-1162
-1246
-1305
-1337
-1340
-1315
-1261
-1182
-1080
-958
-821
-672
-516
-356
-197
-42
105
245
374
491
595
687
767
834
890
936
974
1003
1027
1045
1060
1070
1077
1079
1074
1062
1040
1005
956
890
805
700
576
432
271
95
-91
-284
-478
-666
-844
-1004
-1143
-1255
-1339
-1390
-1410
-1397
-1354
-1282
-1186
-1069
-935
-788
-634
-476
-317
-163
-15
124
252
369
473
566
647
718
779
832
879
918
951
977
997
1008
1010
1001
981
949
905
850
783
708
625
538
449
360
273
191
115
47
-13
-66
-112
-151
-185
-214
-239
-261
-281
-298
-312
-322
-327
-326
-319
-305
-283
-254
-220
-180
-138
-94
-53
-15
16
41
57
65
62
51
32
6
-25
-62
-102
-145
-189
-235
-281
-328
-375
-421
-467
-511
-553
-590
-623
-649
-668
-678
-677
-665
-640
-603
-554
-492
-421
-340
-254
-164
-76
8
86
154
208
249
274
285
281
265
240
208
173
138
106
80
63
55
59
74
100
135
177
225
275
325
372
415
451
479
499
511
514
511
502
490
475
460
446
434
425
418
415
414
414
415
414
410
402
387
363
328
282
222
150
64
-31
-138
-251
-367
-482
-592
-693
-783
-857
-914
-954
-975
-980
-968
-944
-909
-865
-816
-764
-710
-655
-601
-547
-492
-435
-376
-314
-247
-175
-97
-15
70
158
246
332
414
489
555
609
650
676
687
680
658
619
566
500
425
343
257
171
88
10
-60
-121
-174
-218
-255
-286
-314
-340
-367
-397
-431
-468
-510
-554
-598
-641
-678
-708
-726
-731
-721
-694
-650
-590
-515
-428
-332
-230
-126
-24
73
163
243
311
366
409
438
455
461
458
447
431
411
390
370
354
343
340
345
359
384
417
459
506
558
611
662
709
747
776
792
795
784
760
723
676
621
559
494
429
365
304
248
198
154
118
90
68
53
44
41
41
45
50
56
60
61
58
50
37
16
-10
-44
-84
-129
-180
-233
-288
-342
-394
-442
-483
-518
-545
-563
-573
-575
-571
-562
-550
-536
-521
-507
-493
-480
-467
-453
-437
-417
-392
-362
-325
-281
-230
-172
-107
-37
37
114
192
269
344
414
477
532
578
614
639
655
661
658
647
630
608
583
554
524
491
457
420
379
333
283
226
163
94
21
-54
-131
-205
-274
-335
-387
-427
-454
-468
-470
-460
-439
-411
-376
-339
-300
-262
-228
-198
-173
-153
-140
-131
-128
-128
-131
-137
-143
-151
-158
-166
-174
-183
-194
-206
-221
-239
-261
-286
-314
-344
-376
-407
-437
-464
-485
-497
-499
-489
-465
-425
-369
-298
-214
-117
-13
93
199
299
388
461
515
546
554
538
500
441
365
276
179
80
-15
-102
-175
-228
-257
-259
-232
-175
-88
25
163
321
492
670
847
1017
1171
1304
1408
1480
1516
1515
1475
1398
1288
1148
983
798
601
397
192
-8
-200
-381
-547
-696
-827
-940
-1035
-1112
-1171
-1214
-1240
-1251
-1249
-1232
-1204
-1165
-1115
-1058
-992
-921
-846
-769
-691
-614
-539
-469
-404
-344
-291
-242
-199
-159
-122
-85
-49
-11
27
67
109
152
195
236
274
309
338
362
380
392
398
399
395
389
381
373
364
357
350
344
337
329
319
305
287
263
234
199
158
114
67
19
-27
-73
-114
-151
-182
-206
-224
-237
-244
-246
-245
-242
-238
-233
-228
-224
-221
-219
-218
-217
-217
-215
-212
-207
-200
-191
-180
-167
-154
-143
-134
-130
-133
-142
-159
-184
-215
-252
-291
-330
-365
-393
-410
-413
-399
-365
-311
-235
-138
-20
115
267
431
604
782
959
1131
1294
1444
1576
1687
1775
1836
1868
1870
1841
1782
1691
1571
1423
1249
1053
837
605
363
114
-134
-379
-615
-836
-1038
-1217
-1368
-1491
-1583
-1644
-1675
-1676
-1650
-1600
-1529
-1440
-1338
-1227
-1109
-990
-872
-759
-654
-559
-477
-407
-351
-309
-279
-261
-252
-252
-256
-263
-271
-278
-280
-278
-270
-254
-231
-199
-160
-114
-62
-5
56
121
189
258
328
398
468
536
602
665
724
776
822
859
886
902
906
898
879
848
806
755
697
633
565
495
424
355
289
229
176
132
98
78
71
81
107
150
210
286
376
477
587
700
812
917
1011
1088
1144
1175
1178
1151
1095
1010
896
758
599
423
235
40
-156
-349
-533
-704
-859
-994
-1109
-1202
-1273
-1325
-1358
-1376
-1383
-1380
-1371
-1359
-1346
-1333
-1320
-1309
-1298
-1285
-1270
-1249
-1220
-1182
-1132
-1068
-989
-894
-782
-655
-511
-354
-184
-5
181
371
