404
436
461
478
486
487
480
465
443
416
384
348
310
272
233
196
161
129
101
75
52
32
15
0
-13
-26
-39
-53
-67
-82
-99
-116
-135
-155
-176
-197
-217
-236
-254
-269
-281
-290
-294
-294
-288
-278
-264
-246
-224
-199
-174
-147
-121
-97
-74
-54
-37
-22
-9
1
12
23
35
50
67
87
111
137
166
195
225
253
278
298
312
320
319
309
290
263
229
188
145
99
55
14
-21
-49
-68
-78
-79
-70
-53
-29
0
34
69
103
134
160
179
190
191
182
163
134
98
55
9
-39
-87
-132
-173
-207
-234
-253
-263
-265
-260
-247
-229
-206
-180
-153
-125
-97
-70
-45
-20
2
24
45
65
84
101
117
130
140
146
147
143
133
117
94
67
34
-1
-40
-79
-118
-154
-187
-215
-236
-251
-258
-257
-249
-233
-210
-182
-150
-115
-79
-43
-9
21
47
70
87
99
107
110
109
104
97
88
78
67
56
46
38
32
29
29
32
39
50
63
80
98
118
137
156
172
185
194
198
196
188
175
157
134
107
79
50
21
-4
-28
-46
-60
-68
-70
-68
-61
-50
-38
-25
-13
-3
2
3
0
-9
-24
-43
-65
-89
-114
-137
-158
-176
-189
-196
-197
-193
-183
-169
-151
-131
-111
-93
-77
-65
-58
-56
-59
-67
-79
-94
-110
-126
-140
-151
-159
-162
-161
-155
-145
-132
-116
-99
-80
-61
-42
-24
-6
10
25
41
57
72
89
107
125
145
166
187
208
228
247
264
278
288
295
298
296
291
282
269
253
234
214
191
167
141
115
87
58
28
-2
-34
-65
-97
-127
-156
-181
-203
-221
-233
-240
-242
-239
-230
-217
-199
-178
-153
-125
-94
-62
-27
7
43
79
115
149
183
214
244
272
297
321
344
365
385
405
424
443
462
480
498
515
529
541
549
552
549
538
519
491
454
407
351
285
212
132
46
-44
-137
-231
-325
-416
-504
-586
-662
-729
-787
-834
-870
-895
-907
-908
-896
-874
-841
-799
-749
-691
-628
-561
-491
-420
-348
-277
-208
-141
-76
-14
44
100
154
206
256
305
352
398
442
483
522
557
588
613
632
643
645
638
621
592
554
504
445
377
302
222
137
51
-33
-116
-194
-266
-330
-385
-430
-465
-491
-507
-514
-515
-509
-498
-485
-469
-452
-434
-416
-397
-378
-357
-334
-308
-278
-244
-205
-161
-113
-61
-6
50
107
162
214
261
300
331
352
363
363
352
330
299
259
211
158
101
41
-18
-77
-134
-187
-234
-274
-307
-331
-345
-349
-343
-327
-301
-265
-222
-171
-116
-56
4
65
123
177
224
263
293
313
323
323
315
298
276
248
217
184
150
117
86
56
28
3
-20
-42
-62
-80
-98
-114
-130
-144
-157
-167
-175
-179
-178
-173
-160
-141
-113
-77
-33
20
81
149
222
299
378
455
528
595
651
695
724
735
729
702
657
592
509
411
300
179
50
-81
-214
-344
-469
-585
-690
-781
-857
-917
-959
-983
-990
-979
-952
-911
-858
-795
-723
-646
-565
-483
-402
-322
-246
-173
-106
-43
13
66
115
160
202
243
281
317
351
382
411
435
454
466
471
469
457
436
406
367
321
269
213
155
98
45
-1
-39
-66
-80
-82
-70
-46
-11
32
82
138
195
251
305
355
398
435
464
484
496
500
496
486
471
450
426
399
370
339
306
272
237
201
163
125
85
46
7
-31
-68
-103
-136
-166
-192
-214
-232
-246
-254
-259
-258
-254
-245
-234
-219
-203
-187
-171
-156
-144
-135
-129
-129
-133
-143
-157
-176
-198
-224
-252
-282
-312
-340
-367
-392
-412
-430
-443
-452
-456
-458
-456
-451
-444
-435
-425
-414
-401
-387
-371
-353
-331
-306
-276
-240
-197
-147
-89
-24
48
128
213
301
392
482
570
654
731
800
860
909
947
974
990
998
996
988
974
955
932
904
871
833
787
732
667
589
498
394
275
145
3
-146
-300
-455
-606
-748
-878
-990
-1082
-1150
-1192
-1208
-1198
-1163
-1106
-1029
-936
-832
-720
-605
-491
-381
-277
-183
-98
-24
39
94
140
179
214
245
275
304
334
365
397
429
461
491
517
539
554
562
560
549
527
495
452
399
337
268
193
114
34
-46
-124
-198
-265
-326
-377
-419
-452
-476
-492
-501
-504
-503
-499
-494
-488
-482
-476
-470
-462
-453
-441
-424
-404
-378
-347
-310
-270
-225
-179
-131
-83
-37
5
45
80
110
135
156
172
184
194
202
209
217
226
236
249
265
283
303
325
347
369
390
407
421
429
430
425
411
388
358
319
273
221
163
102
39
-23
-84
-142
-195
-241
-279
-307
-325
-332
-329
-316
-293
-263
-226
-183
-138
-92
-46
-4
33
64
88
104
111
108
98
79
54
23
-11
-47
-85
-121
-155
-185
-210
-229
-243
-251
-254
-252
-245
-234
-219
-200
-178
-152
-123
-90
-53
-13
31
78
127
177
226
273
315
352
380
399
408
405
391
365
329
284
233
176
117
58
2
-48
-92
-128
-155
-172
-180
-180
-171
-157
-138
-115
-91
-66
-42
-20
-1
15
30
42
51
59
66
72
77
83
88
93
97
101
103
103
100
93
83
68
50
27
2
-24
-52
-79
-103
-124
-139
-148
-150
-145
-132
-112
-85
-53
-18
20
58
96
132
163
189
208
221
226
223
213
197
176
152
125
97
71
47
26
9
-3
-13
-20
-24
-28
-31
-36
-42
-49
-58
-68
-79
-88
-95
-98
-97
-90
-77
-58
-33
-4
29
64
99
131
160
182
197
204
201
190
171
144
112
76
38
0
-37
-72
-104
-131
-153
-169
-180
-186
-186
-183
-175
-163
-149
-132
-114
-95
-74
-54
-34
-16
1
17
30
42
50
56
59
59
57
52
45
37
28
18
9
0
-6
-11
-15
-17
-16
-14
-10
-3
3
12
22
31
41
50
59
66
72
76
79
80
79
78
75
71
67
63
60
57
55
54
54
55
57
58
58
57
53
47
37
24
7
-12
-37
-64
-94
-125
-157
-189
-221
-250
-276
-298
-316
-329
-336
-337
-332
-321
-305
-284
-260
-232
-201
-170
-138
-106
-77
-50
-26
-6
9
20
27
31
30
27
21
14
5
-3
-11
-20
-27
-34
-41
-47
-52
-57
-62
-67
-72
-77
-82
-86
-90
-94
-96
-98
-98
-96
-93
-86
-77
-64
-48
-27
-1
28
62
101
143
188
234
281
326
370
409
443
471
491
503
507
502
488
467
438
404
366
324
281
239
197
159
123
92
66
44
26
11
0
-10
-21
-31
-43
-57
-74
-93
-114
-138
-163
-189
-216
-242
-267
-292
-315
-336
-355
-372
-388
-401
-412
-421
-426
-427
-423
-415
-401
-381
-355
-324
-287
-245
-200
-153
-106
-60
-17
21
55
83
104
119
128
132
131
128
122
116
109
104
101
100
102
106
112
120
130
140
151
162
171
179
185
188
189
186
180
172
160
146
131
113
95
76
57
39
21
4
-11
-25
-38
-49
-58
-66
-72
-77
-80
-82
-82
-81
-79
-76
-72
-66
-60
-52
-43
-31
-18
-2
16
37
61
87
114
141
167
190
209
222
229
228
218
199
171
135
92
43
-9
-64
-118
-170
-216
-255
-285
-303
-309
-302
-282
-249
-206
-153
-91
-25
44
114
182
247
304
354
394
424
443
451
449
438
419
394
365
333
300
267
236
208
183
161
141
124
109
94
78
62
43
22
-2
-31
-63
-98
-137
-178
-221
-264
-307
-349
-389
-425
-457
-485
-508
-527
-542
-552
-560
-565
-568
-570
-571
-572
-572
-573
-574
-576
-577
-578
-579
-577
-574
-567
-555
-539
-517
-489
-454
-413
-364
-309
-248
-180
-106
-26
58
149
244
344
448
554
662
771
878
983
1081
1172
1252
1318
1368
1400
1411
1400
1366
1310
1232
1134
1021
893
757
615
472
331
197
71
-43
-144
-232
-305
-364
-409
-441
-462
-473
-477
-475
-469
-461
-453
-445
-440
-437
-436
-436
-437
-438
-437
-433
-425
-412
-392
-367
-337
-301
-261
-218
-175
-132
-92
-56
-26
-4
10
16
12
0
-21
-51
-89
-133
-184
-238
-296
-354
-412
-468
-520
-566
-605
-636
-657
-668
-668
-658
-638
-608
-570
-525
-474
-418
-358
-294
-229
-161
-91
-19
55
131
210
290
372
452
531
605
674
735
785
824
848
858
852
829
791
738
671
593
506
413
318
223
133
49
-25
-87
-134
-166
-182
-181
-163
-131
-84
-26
39
112
186
261
331
394
448
491
520
536
538
526
500
462
413
355
290
219
145
69
-6
-80
-152
-220
-284
-343
-397
-446
-489
-526
-557
-582
-600
-610
-612
-605
-590
-567
-535
-496
-450
-399
-344
-286
-228
-171
-116
-66
-19
21
56
86
111
131
147
160
172
183
193
204
216
230
244
259
272
285
294
298
296
287
270
244
210
168
119
64
6
-52
-109
-163
-210
-248
-277
-294
-299
-292
-273
-243
-204
-157
-105
-49
7
64
118
168
213
253
286
312
332
346
355
359
358
354
347
337
324
309
292
272
250
225
197
166
132
94
54
12
-29
-72
-113
-150
-184
-211
-233
-247
-253
-252
-243
-228
-206
-180
-151
-119
-85
-52
-20
8
35
58
76
90
98
101
99
92
79
63
42
18
-7
-34
-61
-87
-111
-133
-151
-165
-175
-181
-182
-181
-176
-169
-162
-155
-148
-144
-143
-144
-149
-157
-168
-180
-195
-209
-222
-234
-243
-249
-250
-246
-237
-222
-202
-178
-149
-115
-79
-40
0
40
80
117
152
182
207
226
237
242
239
229
212
191
166
138
109
82
56
34
16
3
-4
-6
-4
3
14
28
44
63
82
101
119
137
153
167
180
190
199
205
209
211
211
209
204
196
186
173
158
140
120
99
76
52
27
2
-21
-44
-67
-88
-107
-124
-140
-155
-168
-180
-191
-202
-213
-224
-235
-247
-258
-269
-280
-288
-295
-298
-298
-294
-285
-272
-255
-235
-213
-189
-166
-144
-125
-110
-99
-93
-91
-94
-101
-111
-122
-134
-146
-156
-164
-169
-171
-169
-163
-154
-142
-127
-109
-90
-69
-46
-24
0
23
47
72
97
123
149
176
203
231
259
286
313
338
362
382
400
414
425
431
433
432
426
418
406
392
376
358
338
317
294
271
247
222
197
171
145
119
93
68
45
22
1
-17
-35
-50
-64
-76
-88
-98
-108
-117
-127
-138
-149
-161
-174
-187
-200
-213
-225
-235
-242
-247
-249
-248
-242
-234
-221
-206
-187
-167
-144
-120
-96
-71
-46
-23
0
20
38
55
69
80
88
94
97
96
93
87
80
70
59
48
36
25
14
4
-3
-10
-16
-21
-25
-30
-35
-41
-48
-57
-67
-79
-92
-106
-120
-132
-143
-151
-154
-153
-147
-135
-119
-97
-71
-43
-12
18
48
76
100
119
131
138
138
132
121
105
