2126
2079
2018
1947
1869
1788
1704
1618
1532
1445
1355
1261
1164
1061
952
837
717
593
466
338
211
89
-25
-130
-222
-297
-353
-387
-397
-382
-342
-276
-186
-74
56
201
357
515
671
817
945
1050
1124
1163
1163
1123
1041
920
762
572
356
120
-128
-381
-633
-875
-1102
-1309
-1489
-1641
-1760
-1846
-1898
-1915
-1900
-1854
-1779
-1680
-1561
-1427
-1284
-1138
-994
-859
-739
-639
-562
-511
-487
-490
-517
-563
-623
-691
-759
-819
-863
-885
-879
-841
-770
-666
-531
-370
-191
-1
189
372
537
677
786
859
893
890
852
783
688
575
451
323
196
78
-27
-119
-193
-250
-290
-316
-328
-329
-322
-310
-294
-275
-256
-237
-218
-200
-181
-162
-142
-120
-96
-68
-37
-2
35
77
123
170
217
264
307
345
375
394
401
395
375
341
296
241
179
113
48
-14
-71
-120
-158
-187
-205
-215
-218
-217
-215
-214
-219
-232
-254
-288
-335
-393
-463
-541
-626
-714
-801
-884
-960
-1024
-1075
-1110
-1128
-1128
-1110
-1075
-1023
-957
-879
-794
-704
-614
-529
-452
-388
-340
-309
-298
-304
-327
-362
-407
-454
-499
-536
-558
-563
-545
-504
-439
-352
-246
-124
5
138
268
389
494
581
645
687
706
704
684
649
603
548
489
427
366
304
245
187
132
80
32
-10
-45
-72
-87
-89
-74
-42
7
77
166
272
394
529
674
824
977
1128
1273
1410
1535
1646
1741
1819
1879
1921
1946
1954
1947
1927
1897
1859
1816
1769
1722
1677
1634
1593
1554
1515
1473
1426
1369
1300
1214
1111
988
844
682
501
307
102
-107
-316
-520
-711
-884
-1036
-1162
-1260
-1330
-1373
-1391
-1387
-1365
-1332
-1291
-1249
-1210
-1178
-1156
-1145
-1147
-1161
-1185
-1217
-1255
-1294
-1331
-1362
-1385
-1396
-1394
-1376
-1342
-1292
-1226
-1146
-1053
-950
-840
-724
-607
-491
-379
-271
-170
-76
9
88
158
221
275
322
362
394
418
435
444
447
444
435
421
401
377
348
314
277
235
189
142
93
45
0
-40
-73
-95
-106
-103
-84
-48
4
73
158
257
369
490
619
752
887
1018
1143
1258
1359
1441
1501
1535
1540
1514
1454
1361
1235
1078
893
684
457
217
-26
-269
-502
-718
-911
-1074
-1202
-1293
-1345
-1357
-1332
-1272
-1184
-1074
-949
-816
-684
-560
-450
-359
-291
-248
-232
-240
-272
-323
-390
-469
-553
-637
-718
-790
-850
-895
-923
-934
-929
-910
-880
-845
-809
-778
-758
-752
-766
-802
-861
-944
-1047
-1167
-1299
-1435
-1570
-1694
-1800
-1880
-1929
-1941
-1912
-1841
-1728
-1575
-1386
-1165
-920
-656
-382
-104
168
432
680
909
1114
1294
1448
1576
1681
1763
1826
1873
1907
1932
1952
1969
1985
2004
2026
2052
2080
2111
2143
2173
2198
2217
2224
2219
2198
2160
2102
2024
1927
1813
1684
1546
1403
1263
1133
1019
928
866
836
842
883
957
1058
1180
1314
1450
1577
1684
1761
1798
1788
1724
1604
1426
1191
905
572
202
-196
-611
-1032
-1446
-1841
-2208
-2537
-2821
-3054
-3233
-3358
-3429
-3450
-3426
-3361
-3263
-3138
-2993
-2835
-2669
-2499
-2331
-2166
-2006
-1852
-1703
-1558
-1416
-1276
-1135
-992
-846
-696
-543
-388
-230
-71
86
244
400
554
705
853
998
1139
1276
1407
1530
1644
1746
1835
1908
1964
2001
2018
2015
1993
1952
1894
1821
1737
1645
1549
1451
1356
1267
1185
1113
1050
995
948
906
866
826
782
732
673
604
523
430
324
208
82
-51
-190
-331
-470
-604
-729
-843
-942
-1025
-1089
-1135
-1164
-1176
-1174
-1161
-1141
-1117
-1094
-1074
-1061
-1055
-1059
-1071
-1092
-1118
-1147
-1177
-1204
-1225
-1237
-1238
-1226
-1200
-1160
-1107
-1042
-967
-885
-798
-710
-623
-541
-467
-402
-350
-310
-284
-272
-273
-284
-305
-331
-361
-391
-417
-437
-448
-448
-436
-412
-377
-333
-284
-233
-186
-147
-122
-113
-126
-162
-221
-303
-405
-523
-651
-784
-914
-1035
-1141
-1225
-1282
-1310
-1306
-1268
-1199
-1100
-975
-829
-665
-490
-310
-128
48
217
373
513
635
737
817
876
914
933
936
925
905
882
860
845
843
859
897
961
1053
1176
1327
1506
1707
1926
2156
2389
2614
2822
3003
3148
3248
3295
3285
3216
3086
2899
2660
2375
2054
1707
1346
981
623
283
-32
-316
-563
-770
-936
-1063
-1152
-1207
-1233
-1235
-1220
-1192
-1159
-1124
-1093
-1068
-1052
-1046
-1050
-1064
-1085
-1111
-1139
-1166
-1188
-1203
-1209
-1204
-1188
-1160
-1122
-1076
-1025
-972
-919
-870
-827
-792
-765
-747
-737
-732
-731
-731
-728
-719
-701
-672
-630
-574
-505
-423
-329
-225
-113
2
122
243
362
479
591
697
798
891
976
1051
1117
1171
1213
1242
1256
1254
1236
1203
1153
1090
1013
924
825
719
608
492
376
260
147
38
-65
-163
-253
-335
-407
-468
-518
-557
-583
-598
-601
-593
-575
-549
-517
-479
-438
-397
-357
-319
-287
-261
-241
-229
-224
-226
-233
-244
-258
-274
-290
-306
-320
-333
-344
-351
-354
-353
-346
-330
-306
-270
-221
-159
-81
11
121
246
386
538
699
866
1034
1198
1352
1490
1605
1694
1750
1771
1755
1702
1615
1497
1353
1191
1016
837
660
490
333
191
67
-39
-128
-202
-264
-316
-361
-403
-445
-488
-535
-586
-641
-699
-756
-811
-860
-899
-925
-935
-926
-899
-853
-790
-713
-625
-532
-437
-345
-259
-184
-120
-69
-30
-2
16
29
40
53
69
93
126
169
221
281
348
417
485
547
601
641
665
670
654
617
559
483
391
285
172
53
-65
-181
-292
-396
-491
-578
-656
-728
-794
-854
-909
-960
-1004
-1041
-1068
-1083
-1083
-1066
-1029
-972
-894
-794
-673
-534
-379
-211
-35
144
322
494
655
799
922
1021
1092
1134
1146
1131
1088
1023
937
837
725
608
488
371
258
152
54
-33
-112
-182
-245
-300
-350
-396
-438
-478
-516
-551
-585
-615
-641
-662
-676
-682
-680
-669
-648
-619
-583
-542
-498
-454
-412
-375
-344
-323
-311
-310
-321
-344
-377
-421
-475
-536
-605
-679
-756
-834
-911
-983
-1049
-1105
-1147
-1174
-1181
-1167
-1131
-1072
-990
-887
-766
-630
-486
-338
-190
-50
79
192
287
361
414
444
455
449
428
399
366
334
309
295
297
318
360
422
503
600
709
824
940
1050
1148
1228
1283
1311
1307
1269
1198
1095
962
805
629
441
249
61
-114
-270
-400
-498
-561
-587
-576
-531
-454
-353
-234
-105
25
149
259
347
409
441
442
411
352
266
160
39
-92
-229
-365
-498
-625
-743
-851
-950
-1040
-1119
-1190
-1251
-1302
-1341
-1366
-1375
-1363
-1328
-1267
-1176
-1053
-897
-710
-493
-249
14
293
578
862
1136
1393
1623
1823
1986
2111
2197
2245
2258
2241
2199
2138
2065
1985
1905
1829
1759
1699
1648
1607
1572
1541
1511
1476
1433
1377
1305
1215
1105
977
833
678
515
351
190
39
-98
-221
-327
-418
-494
-561
-622
-682
-745
-816
-896
-986
-1086
-1193
-1303
-1411
-1511
-1596
-1660
-1697
-1704
-1677
-1615
-1520
-1396
-1245
-1077
-897
-715
-538
-375
-233
-116
-29
27
55
57
39
7
-30
-67
-95
-107
-100
-68
-9
76
188
324
481
654
838
1027
1215
1395
1560
1705
1824
1911
1963
1977
1951
1884
1779
1638
1464
1262
1040
803
560
318
84
-134
-332
-504
-647
-758
-839
-890
-916
-919
-905
-879
-848
-816
-787
-764
-749
-743
-744
-752
-764
-777
-789
-798
-801
-797
-785
-765
-739
-706
-669
-629
-587
-545
-504
-464
-427
-393
-362
-334
-310
-291
-278
-273
-277
-293
-321
-364
-421
-491
-572
-661
-752
-839
-917
-978
-1015
-1023
-996
-933
-832
-694
-523
-324
-104
128
366
601
825
1032
1216
1374
1502
1600
1666
1701
1705
1679
1624
1540
1427
1288
1124
936
727
502
264
19
-226
-468
-698
-911
-1101
-1263
-1392
-1487
-1545
-1566
-1551
-1502
-1424
-1319
-1194
-1053
-902
-747
-593
-447
-311
-191
-90
-9
49
85
100
94
71
32
-17
-77
-142
-209
-276
-339
-397
-448
-490
-522
-542
-551
-549
-534
-508
-471
-422
-364
-296
-220
-137
-48
43
137
230
321
406
484
553
612
658
693
715
727
728
720
706
686
662
635
607
577
546
515
482
447
410
370
325
274
216
149
73
-13
-110
-216
-330
-449
-570
-688
-799
-900
-986
-1054
-1100
-1121
-1114
-1077
-1010
-911
-781
-621
-436
-228
-3
232
472
710
938
1149
1337
1497
1625
1718
1774
1794
1777
1727
1646
1539
1411
1266
1109
947
783
622
468
324
194
77
-22
-105
-171
-220
-252
-268
-268
-253
-224
-182
-128
-63
12
96
188
286
387
488
588
682
767
839
895
932
948
940
908
853
777
682
571
447
314
175
33
-109
-251
-391
-528
-662
-792
-918
-1038
-1151
-1255
-1349
-1430
-1497
-1547
-1578
-1590
-1582
-1554
-1505
-1438
-1352
-1250
-1134
-1005
-866
-718
-564
-406
-246
-86
71
224
369
504
626
731
819
886
932
958
962
949
920
880
831
778
724
672
625
582
546
514
485
458
430
399
363
320
269
210
143
71
-5
-84
-161
-234
-301
-360
-407
-443
-467
-479
-479
-470
-452
-428
-400
-370
-340
-311
-285
-263
-243
-225
-210
-195
-181
-165
-148
-127
-103
-74
-41
-3
40
88
142
199
258
318
377
432
481
521
551
568
572
562
539
502
455
400
338
272
207
142
82
27
-20
-62
-97
-126
-149
-168
-184
-197
-208
-217
-226
-234
-242
-249
-256
-265
-274
-286
-302
-323
-350
-383
-425
-473
-527
-586
-648
-709
-767
-817
-856
-881
-889
-877
-845
-792
-721
-632
-529
-418
-302
-189
-82
10
85
139
167
168
142
89
13
-83
-195
-317
-444
-571
-691
-800
-894
-970
-1025
-1059
-1072
-1063
-1033
-985
-919
-837
-740
-631
-511
-382
-246
-106
35
176
313
442
560
665
754
827
883
922
946
959
963
963
964
970
984
1011
1052
1110
1182
1269
1367
1473
1581
1687
1783
1865
1926
1962
1967
1940
1878
1781
1652
1491
1305
1097
874
644
412
187
-23
-215
-382
-521
-628
-703
-747
-763
-754
-725
-683
-634
-584
-539
-506
-488
-491
-516
-566
-640
-738
-858
-997
-1151
-1315
-1483
-1649
-1805
-1945
-2062
-2151
-2206
-2224
-2203
-2143
-2044
-1910
-1744
-1549
-1333
-1099
-854
-603
-350
-100
142
377
600
811
1010
1195
1368
1527
1673
1803
1917
2012
2084
2130
2147
2131
2079
1990
1863
1701
1505
1283
1040
787
533
289
67
-121
-270
-370
-416
-409
-348
-239
-88
92
294
504
712
905
1076
1216
1321
1389
1419
1414
1376
1311
1225
1122
1009
891
770
650
532
416
300
185
66
-55
-184
-319
-461
-608
-758
-909
-1057
-1198
-1328
-1445
-1544
-1624
-1684
-1722
-1739
-1736
-1715
-1678
-1626
-1563
-1489
-1408
-1320
-1227
-1130
-1029
-925
-818
-710
-601
-492
-385
-281
-184
-95
-19
42
86
111
115
98
61
8
-58
-133
-212
-289
-359
-416
-458
-482
-486
-471
-438
-389
-328
-259
-187
-117
-53
0
39
63
70
59
31
-11
-66
-131
-203
-277
-350
-419
-480
-531
-569
-592
-599
-589
-564
-523
-469
-402
-325
-239
-146
-47
56
164
274
387
501
615
727
837
944
1045
1141
1230
1312
1386
1452
1511
1560
1601
1633
1655
1667
1669
1663
1648
1627
1601
1573
1544
1516
1489
1464
1439
1413
1382
1342
1289
1218
1124
1003
853
672
460
220
-43
-327
-622
-920
-1214
-1496
-1757
-1991
-2195
-2365
