3165
3163
3140
3095
3031
2950
2854
2747
2631
2510
2388
2266
2146
2031
1921
1818
1720
1628
1542
1458
1378
1297
1216
1133
1046
954
857
756
652
545
438
334
236
145
64
-3
-59
-103
-135
-158
-174
-189
-205
-227
-260
-309
-377
-467
-581
-721
-886
-1077
-1291
-1526
-1777
-2041
-2311
-2583
-2849
-3103
-3337
-3544
-3719
-3853
-3943
-3984
-3974
-3911
-3796
-3631
-3420
-3168
-2882
-2570
-2240
-1902
-1564
-1237
-929
-647
-397
-184
-12
118
208
260
277
265
230
178
117
55
-2
-48
-77
-82
-61
-11
68
178
316
477
656
846
1038
1225
1399
1554
1684
1785
1857
1897
1908
1891
1847
1780
1691
1584
1460
1322
1172
1012
844
673
501
332
170
19
-115
-232
-326
-395
-436
-449
-434
-390
-319
-224
-108
25
172
327
484
638
783
914
1027
1118
1185
1225
1238
1224
1182
1114
1021
905
768
613
444
266
81
-102
-281
-450
-604
-737
-847
-930
-986
-1014
-1015
-992
-947
-885
-809
-725
-638
-552
-471
-399
-339
-291
-258
-239
-231
-234
-244
-256
-268
-274
-270
-254
-221
-171
-102
-13
92
215
351
497
651
806
960
1106
1242
1361
1461
1537
1586
1606
1597
1557
1489
1394
1275
1135
979
811
635
456
276
101
-66
-223
-367
-496
-607
-701
-775
-830
-865
-882
-881
-864
-833
-790
-738
-678
-614
-549
-485
-425
-370
-323
-284
-254
-234
-222
-217
-219
-225
-233
-242
-250
-254
-254
-247
-234
-212
-183
-146
-102
-51
4
63
124
182
237
285
325
354
371
376
370
354
330
299
267
234
204
180
162
152
150
155
165
178
192
203
210
209
198
176
141
93
33
-38
-119
-208
-303
-399
-494
-585
-669
-743
-805
-852
-884
-898
-896
-876
-841
-791
-729
-657
-579
-497
-415
-335
-260
-194
-137
-91
-57
-35
-26
-30
-45
-71
-107
-150
-199
-252
-307
-360
-409
-450
-482
-503
-510
-504
-482
-447
-398
-337
-265
-184
-94
3
108
222
346
481
628
790
967
1160
1367
1585
1812
2041
2266
2478
2669
2830
2953
3031
3057
3028
2941
2797
2599
2352
2062
1738
1390
1029
663
305
-37
-356
-646
-900
-1118
-1296
-1438
-1544
-1618
-1665
-1689
-1697
-1694
-1683
-1671
-1660
-1652
-1650
-1653
-1663
-1678
-1698
-1721
-1748
-1777
-1807
-1838
-1870
-1900
-1928
-1952
-1970
-1981
-1982
-1970
-1944
-1902
-1841
-1763
-1667
-1554
-1426
-1285
-1135
-978
-818
-659
-503
-352
-208
-73
54
175
290
402
512
624
740
862
991
1130
1278
1436
1602
1774
1950
2128
2303
2471
2628
2769
2889
2983
3046
3074
3062
3009
2912
2771
2588
2366
2109
1824
1518
1200
879
564
264
-12
-259
-470
-640
-769
-855
-900
-908
-884
-833
-764
-685
-602
-523
-455
-404
-373
-365
-382
-423
-486
-568
-666
-775
-889
-1005
-1116
-1218
-1306
-1376
-1426
-1454
-1459
-1440
-1398
-1335
-1253
-1153
-1040
-916
-785
-650
-514
-382
-256
-140
-37
49
116
162
185
185
160
111
42
-46
-150
-265
-385
-507
-623
-728
-818
-888
-935
-956
-949
-916
-856
-774
-671
-552
-420
-280
-135
10
154
295
431
561
683
798
905
1004
1093
1173
1241
1297
1339
1368
1380
1377
1358
1323
1273
1210
1134
1049
957
859
758
656
556
459
365
275
191
110
33
-40
-112
-182
-250
-318
-383
-444
-501
-551
-592
-622
-639
-643
-632
-606
-568
-519
-462
-401
-338
-279
-224
-178
-141
-115
-99
-92
-92
-97
-104
-111
-115
-115
-110
-99
-82
-60
-35
-10
14
36
54
67
74
76
76
74
73
77
87
104
130
163
204
249
296
341
381
413
433
440
432
408
370
317
252
175
91
0
-93
-189
-283
-375
-460
-538
-606
-663
-705
-733
-743
-736
-711
-667
-605
-527
-433
-327
-210
-85
43
175
307
437
563
683
795
900
995
1078
1149
1205
1245
1266
1268
1250
1211
1152
1075
980
873
755
631
504
378
257
144
41
-50
-129
-197
-253
-299
-338
-370
-397
-423
-448
-472
-498
-526
-554
-583
-612
-640
-666
-688
-705
-716
-719
-712
-696
-668
-628
-575
-510
-432
-343
-245
-139
-29
83
194
301
400
490
567
630
678
710
727
728
715
688
651
603
547
485
419
349
278
207
136
66
-1
-67
-130
-190
-249
-304
-358
-409
-459
-508
-555
-602
-649
-697
-745
-795
-846
-898
-950
-1001
-1049
-1093
-1130
-1158
-1174
-1176
-1160
-1126
-1072
-998
-905
-796
-674
-545
-412
-283
-162
-55
34
105
155
185
198
196
185
168
152
138
133
137
153
180
218
265
319
377
436
493
545
591
628
655
672
680
678
667
650
628
603
575
547
519
492
465
439
413
386
358
326
291
252
208
160
109
54
-1
-58
-112
-163
-208
-247
-278
-300
-315
-321
-319
-310
-295
-275
-253
-228
-204
-181
-160
-145
-134
-130
-132
-140
-153
-172
-193
-217
-242
-266
-289
-310
-329
-345
-358
-368
-375
-380
-381
-378
-371
-358
-338
-311
-274
-228
-171
-103
-24
65
163
269
381
497
612
725
831
927
1010
1077
1125
1154
1161
1146
1109
1053
977
884
777
659
532
400
267
135
9
-107
-212
-303
-376
-430
-464
-477
-469
-442
-397
-337
-265
-184
-99
-12
71
149
217
273
315
341
352
347
327
296
254
205
153
100
50
4
-33
-63
-84
-97
-101
-100
-95
-88
-82
-78
-79
-85
-99
-121
-150
-185
-227
-274
-325
-377
-429
-479
-524
-564
-595
-617
-628
-626
-612
-586
-550
-504
-452
-397
-342
-290
-244
-207
-180
-163
-155
-155
-160
-167
-173
-174
-167
-151
-122
-81
-28
37
114
199
291
386
482
576
664
746
818
879
928
965
990
1003
1005
996
977
948
911
865
810
746
674
593
503
405
298
184
64
-59
-185
-311
-432
-547
-651
-742
-815
-869
-902
-913
-902
-870
-818
-750
-669
-577
-480
-381
-282
-188
-102
-24
41
95
138
168
187
195
195
188
177
163
149
137
127
121
120
124
132
144
158
174
189
202
212
216
214
205
187
161
126
83
33
-21
-81
-141
-202
-260
-314
-363
-405
-438
-464
-481
-490
-491
-485
-471
-452
-427
-399
-367
-332
-296
-258
-220
-180
-138
-95
-49
0
54
113
179
250
326
407
491
574
656
732
801
858
902
930
940
933
907
864
805
733
650
559
464
368
273
182
96
17
-55
-123
-186
-247
-306
-365
-426
-490
-556
-624
-692
-759
-822
-878
-924
-958
-978
-981
-967
-935
-888
-826
-751
-667
-576
-482
-388
-296
-210
-131
-61
-2
45
82
107
121
126
121
109
91
68
43
16
-11
-37
-62
-84
-105
-123
-138
-151
-162
-172
-179
-185
-189
-191
-191
-188
-183
-175
-165
-153
-140
-125
-111
-97
-86
-77
-73
-73
-78
-87
-99
-115
-131
-146
-158
-166
-167
-160
-142
-114
-74
-23
38
111
191
278
367
458
545
625
696
755
798
825
833
822
793
747
685
610
524
430
332
232
134
41
-45
-122
-188
-241
-281
-307
-318
-316
-301
-274
-238
-193
-142
-87
-30
27
83
137
187
233
274
309
338
362
380
393
401
404
402
395
384
368
348
324
295
264
229
194
158
123
90
62
39
22
11
8
12
21
36
55
75
97
116
133
146
154
156
153
144
132
116
98
79
60
43
26
11
-2
-14
-25
-37
-49
-63
-79
-98
-119
-144
-173
-204
-238
-273
-309
-344
-378
-409
-436
-458
-473
-480
-478
-468
-448
-419
-382
-337
-285
-229
-169
-108
-47
10
63
109
146
174
192
199
195
181
158
127
91
49
4
-41
-86
-130
-171
-207
-239
-264
-283
-295
-299
-295
-284
-265
-238
-205
-165
-119
-69
-16
39
97
154
209
262
309
351
385
410
424
425
412
385
342
283
208
118
16
-96
-217
-341
-463
-579
-684
-772
-838
-880
-894
-879
-835
-762
-664
-546
-412
-269
-124
17
148
264
360
433
483
508
511
495
462
418
367
313
261
214
175
147
130
123
127
140
159
182
208
233
258
279
296
308
316
319
318
313
304
293
279
263
245
224
201
176
149
118
86
51
13
-25
-65
-107
-149
-190
-232
-272
-312
-350
-385
-418
-448
-473
-494
-508
-516
-517
-510
-496
-474
-444
-408
-366
-320
-270
-218
-167
-117
-69
-26
11
43
69
89
104
115
122
125
127
127
126
124
122
117
111
103
92
77
59
38
14
-10
-37
-62
-86
-105
-118
-124
-121
-108
-85
-52
-8
43
102
167
234
303
369
431
486
534
571
599
615
622
618
606
587
561
531
498
463
427
392
357
324
292
260
230
200
171
143
115
87
60
34
8
-16
-39
-62
-83
-103
-121
-138
-153
-166
-177
-186
-193
-197
-198
-198
-196
-192
-189
-185
-183
-182
-184
-189
-197
-207
-219
-233
-247
-261
-272
-279
-282
-279
-270
-254
-231
-202
-168
-130
-88
-47
-6
32
65
92
112
124
127
120
106
84
57
26
-6
-39
-69
-94
-113
-125
-129
-126
-116
-101
-83
-63
-44
-28
-17
-12
-13
-22
-38
-59
-85
-112
-141
-167
-189
-207
-218
-223
-221
-212
-198
-180
-160
-138
-117
-97
-80
-66
-56
-50
-47
-48
-50
-52
-55
-56
-56
-52
-45
-34
-19
-2
17
39
62
86
108
130
149
166
179
188
194
194
191
182
169
153
132
109
84
58
32
8
-13
-32
-46
-55
-58
-55
-45
-29
-6
22
57
97
142
190
241
295
350
405
460
513
564
609
648
679
699
706
698
673
630
567
486
388
273
145
7
-135
-279
-420
-554
-677
-785
-876
-948
-1001
-1033
-1045
-1038
-1013
-974
-922
-860
-791
-719
-647
-577
-513
-455
-408
-370
-344
-329
-326
-333
-351
-376
-409
-446
-487
-528
-568
-603
-630
-647
-650
-636
-604
-552
-478
-384
-271
-140
4
159
320
482
639
789
927
1051
1158
1249
1324
1383
1429
1463
1489
1509
1525
1538
1550
1562
1572
1581
1587
1588
1582
1568
1544
1510
1465
1409
1342
1265
1179
1085
984
878
765
648
526
399
267
131
-10
-155
-305
-456
-607
-757
-902
-1041
-1169
-1284
-1383
-1464
-1526
-1566
-1584
-1581
-1557
-1515
-1456
-1384
-1301
-1211
-1118
-1023
-929
-838
-752
-670
-594
-523
-457
-395
-337
-283
-231
-182
-135
-91
-51
-15
17
44
66
84
96
104
107
107
105
100
93
86
78
70
62
54
47
41
36
33
32
33
38
47
59
76
97
122
151
184
219
257
295
333
369
401
427
447
458
460
453
436
410
378
339
298
256
216
181
151
129
114
107
108
114
126
141
158
176
194
210
224
236
244
248
248
242
231
214
190
158
118
71
15
-48
-119
-197
-279
-365
-452
-538
-622
-700
-771
-834
-886
-927
-956
-972
-975
-966
-944
-912
-870
-819
-760
-695
-626
-553
-478
-403
-328
-256
-186
-122
-63
-10
34
72
102
124
139
146
147
143
133
118
101
81
59
38
17
0
-15
-25
-31
-31
-26
-16
-1
15
34
55
76
97
117
136
155
172
189
204
218
231
241
247
250
248
241
228
211
190
167
144
122
104
91
87
