168
177
187
197
208
219
230
240
248
255
259
261
259
255
247
236
222
205
186
165
144
122
100
79
60
44
29
18
9
4
0
0
-1
0
-1
-2
-5
-10
-19
-31
-45
-63
-82
-103
-124
-143
-160
-172
-180
-181
-174
-161
-139
-111
-76
-36
7
53
100
145
187
225
256
281
298
307
308
302
288
269
244
215
183
150
115
82
49
19
-7
-31
-52
-68
-81
-91
-98
-103
-107
-110
-113
-117
-122
-129
-139
-151
-165
-182
-201
-220
-240
-259
-276
-291
-301
-307
-309
-305
-297
-284
-268
-248
-226
-202
-177
-151
-125
-99
-74
-49
-25
0
22
46
69
93
115
137
157
175
190
201
207
208
203
191
174
151
124
94
61
29
-1
-29
-53
-71
-83
-89
-89
-82
-70
-53
-33
-11
10
32
51
68
82
92
98
101
101
99
95
90
84
78
72
66
59
52
44
34
22
7
-9
-29
-52
-78
-106
-135
-166
-196
-226
-254
-279
-301
-319
-331
-339
-341
-337
-328
-315
-297
-275
-251
-224
-196
-167
-137
-107
-78
-49
-21
5
32
57
82
106
130
152
173
193
211
227
241
253
264
272
279
285
290
294
297
300
302
303
302
299
294
287
276
263
248
230
211
192
173
156
141
130
122
117
116
118
122
126
129
129
125
114
97
72
38
-2
-50
-105
-163
-224
-285
-343
-398
-446
-486
-516
-535
-543
-539
-523
-496
-459
-414
-362
-305
-246
-185
-127
-71
-20
23
61
91
113
128
135
136
132
123
110
95
79
63
47
33
22
13
8
7
9
16
26
39
54
72
90
109
126
142
156
166
173
176
175
171
163
152
139
124
109
93
77
63
50
39
31
25
22
22
24
28
34
41
48
55
61
65
68
69
67
62
56
47
36
24
10
-2
-17
-30
-43
-54
-64
-73
-79
-84
-87
-88
-88
-87
-85
-82
-78
-73
-68
-63
-57
-52
-47
-43
-40
-38
-38
-39
-43
-48
-56
-65
-76
-88
-102
-117
-132
-147
-162
-176
-189
-200
-209
-215
-218
-217
-213
-205
-194
-180
-164
-147
-127
-107
-87
-66
-46
-26
-7
10
27
42
57
69
81
91
99
106
111
114
116
115
113
108
102
93
83
72
60
48
37
26
17
9
4
0
-1
-1
-1
0
1
3
3
3
1
-1
-5
-10
-16
-22
-28
-32
-34
-33
-29
-21
-10
5
24
46
70
96
122
149
174
197
218
236
250
260
265
266
262
254
240
222
200
175
147
117
87
57
28
2
-21
-41
-57
-70
-78
-82
-83
-80
-74
-65
-53
-40
-26
-11
3
18
30
40
48
52
52
48
40
28
12
-6
-27
-50
-72
-94
-113
-128
-137
-141
-138
-127
-110
-87
-58
-26
8
43
76
107
132
152
165
171
169
160
145
124
99
71
41
11
-17
-45
-70
-92
-111
-127
-140
-151
-159
-166
-171
-176
-178
-180
-180
-177
-173
-165
-153
-138
-120
-98
-72
-44
-13
18
51
84
115
144
171
193
212
225
234
238
238
233
224
212
198
181
163
145
127
109
92
76
62
50
41
33
27
23
22
22
23
26
30
35
41
47
53
59
64
67
68
67
62
54
42
26
6
-18
-46
-77
-111
-147
-184
-222
-258
-292
-324
-353
-377
-397
-411
-419
-420
-416
-404
-387
-363
-333
-299
-259
-217
-171
-123
-74
-25
23
70
114
155
191
221
246
263
273
275
269
256
236
209
177
140
100
57
14
-27
-68
-106
-140
-169
-193
-210
-221
-226
-225
-219
-207
-190
-170
-147
-122
-95
-68
-41
-14
9
32
53
72
88
103
116
129
140
151
162
172
182
191
199
204
207
206
201
192
178
160
138
112
83
53
22
-8
-37
-64
-88
-109
-125
-138
-147
-153
-157
-159
-161
-162
-165
-168
-172
-176
-181
-186
-190
-192
-191
-188
-181
-170
-155
-137
-115
-91
-65
-37
-9
17
43
68
91
111
129
146
160
174
186
199
211
223
236
248
261
272
283
291
297
299
297
290
279
262
241
214
184
151
115
77
39
1
-34
-68
-99
-127
-150
-168
-181
-189
-191
-188
-179
-166
-148
-127
-104
-79
-54
-31
-9
8
21
30
34
32
24
12
-4
-24
-46
-71
-95
-118
-140
-158
-174
-185
-193
-197
-199
-197
-195
-191
-187
-183
-179
-175
-171
-166
-159
-151
-140
-125
-107
-86
-61
-32
-1
32
68
104
141
176
210
240
266
288
305
317
324
325
322
314
304
291
277
262
247
233
220
210
202
197
194
193
194
196
198
200
202
202
201
198
194
187
179
169
158
145
133
119
105
91
77
62
47
31
14
-4
-25
-49
-75
-104
-137
-172
-209
-249
-289
-329
-368
-404
-437
-466
-489
-506
-517
-520
-517
-507
-490
-467
-438
-404
-367
-326
-283
-238
-193
-149
-105
-63
-24
12
47
78
106
132
155
175
193
208
221
231
238
242
241
236
227
212
192
168
139
106
70
32
-5
-43
-78
-110
-137
-158
-173
-181
-182
-177
-165
-148
-127
-102
-77
-51
-27
-4
14
29
41
50
56
59
61
62
63
65
68
73
80
89
100
113
126
140
155
168
181
191
199
203
204
201
194
183
168
149
128
104
79
54
30
8
-9
-23
-31
-32
-28
-16
1
26
55
87
122
156
188
217
240
257
265
266
260
245
225
199
169
136
102
68
34
1
-28
-57
-83
-108
-130
-151
-170
-188
-205
-222
-237
-251
-263
-274
-282
-288
-291
-290
-287
-281
-272
-261
-247
-232
-215
-197
-179
-160
-141
-122
-104
-86
-69
-52
-36
-21
-6
6
18
29
38
46
52
56
59
60
59
57
54
49
43
36
27
18
9
0
-7
-13
-17
-18
-16
-10
0
13
32
54
80
108
138
169
199
228
254
276
294
306
313
312
305
292
273
249
220
188
155
120
86
54
23
-3
-28
-49
-67
-81
-92
-100
-106
-110
-112
-113
-114
-113
-113
-113
-113
-114
-115
-117
-120
-123
-127
-130
-133
-136
-137
-138
-138
-136
-133
-129
-123
-117
-111
-105
-99
-94
-91
-89
-90
-92
-96
-102
-109
-116
-124
-131
-137
-143
-147
-149
-150
-150
-149
-146
-142
-137
-130
-123
-115
-105
-94
-81
-66
-50
-31
-11
11
35
61
87
113
139
162
184
202
217
227
234
235
232
225
214
199
180
158
134
109
82
55
28
3
-20
-41
-59
-74
-86
-94
-100
-102
-102
-100
-95
-88
-80
-69
-57
-43
-27
-9
9
29
50
71
92
112
130
145
159
168
175
177
176
172
164
153
141
128
114
100
88
78
69
63
59
57
56
56
57
56
54
50
42
33
19
4
-13
-33
-53
-72
-89
-104
-114
-120
-120
-115
-105
-89
-69
-46
-21
5
31
56
79
99
115
127
135
139
140
137
133
127
120
112
105
99
92
84
75
64
50
31
7
-20
-54
-91
-131
-173
-214
-252
-287
-315
-337
-350
-355
-351
-339
-320
-293
-262
-228
-191
-154
-119
-87
-60
-38
-23
-13
-10
-12
-17
-25
-33
-40
-44
-42
-35
-21
-1
25
58
95
134
175
214
251
284
312
333
347
355
356
350
339
324
305
284
261
238
215
193
172
152
134
116
99
82
66
49
32
16
0
-17
-35
-52
-70
-88
-106
-126
-148
-172
-198
-227
-258
-291
-326
-361
-395
-427
-455
-478
-494
-501
-499
-487
-464
-430
-386
-332
-271
-203
-131
-58
13
81
143
196
238
268
286
291
283
265
236
201
160
117
74
33
-3
-33
-56
-71
-77
-73
-62
-43
-17
13
48
84
121
156
189
218
242
260
273
279
280
275
264
249
230
207
181
152
120
87
51
15
-21
-58
-94
-129
-161
-190
-214
-233
-245
-251
-249
-241
-225
-204
-177
-146
-112
-77
-42
-9
20
46
66
81
90
93
90
83
72
59
45
32
21
11
5
2
2
5
9
13
17
20
19
16
9
0
-13
-29
-46
-64
-81
-95
-107
-114
-117
-115
-108
-96
-79
-60
-38
-15
6
28
47
64
77
87
94
99
101
103
104
106
109
113
119
127
137
148
159
169
178
185
189
189
185
176
163
145
124
99
71
42
12
-16
-45
-71
-95
-116
-133
-148
-159
-167
-173
-176
-176
-175
-171
-165
-158
-148
-136
-122
-107
-91
-74
-57
-40
-24
-9
2
13
22
28
32
35
37
37
38
38
39
40
43
47
52
57
63
69
73
77
77
76
71
62
51
35
17
-3
-27
-51
-77
-102
-126
-148
-167
-183
-194
-200
-201
-197
-188
-175
-158
-137
-113
-88
-61
-35
-8
17
41
63
84
103
119
133
146
156
165
173
179
185
189
193
195
195
194
190
184
175
164
149
132
113
92
70
46
23
0
-20
-40
-58
-73
-86
-97
-105
-111
-115
-117
-117
-115
-111
-105
-97
-88
-76
-63
-48
-31
-14
2
18
32
44
53
58
59
55
47
35
19
0
-20
-43
-66
-89
-109
-127
-141
-150
-155
-154
-148
-138
-123
-105
-84
-61
-37
-13
10
32
52
69
84
96
105
112
117
120
122
123
123
124
125
127
129
131
133
134
135
133
130
123
115
103
89
72
54
34
13
-7
-26
-45
-62
-76
-88
-97
-103
-105
-105
-102
-96
-87
-76
-62
-46
-28
-8
12
34
56
78
98
116
130
140
146
145
138
125
105
80
50
16
-19
-56
-91
-123
-150
-172
-186
-193
-192
-185
-170
-150
-126
-99
-70
-41
-13
12
34
53
67
76
81
82
79
72
63
52
40
28
15
4
-5
-13
-20
-25
-29
-31
-31
-31
-29
-26
-23
-18
-13
-6
0
7
15
23
31
38
44
48
51
51
50
45
39
30
18
4
-10
-28
-46
-65
-84
-102
-120
-137
-152
-166
-177
-186
-192
-195
-196
-193
-187
-177
-164
-148
-129
-107
-83
-57
-30
-3
22
48
72
94
113
129
142
151
157
160
161
160
158
156
154
153
155
159
167
178
193
211
231
252
272
291
306
316
319
313
298
274
239
196
144
86
23
-42
-108
-171
-230
-283
-328
-363
-388
-402
-406
-399
-382
-358
-326
-289
-249
-207
-165
-126
-90
-60
-36
-19
-10
-9
-16
-31
-52
-78
-108
-141
-174
-206
-235
-261
-281
-295
-303
-304
-298
-286
-268
-244
-216
-185
-150
-114
-76
-38
-1
35
70
102
130
155
174
188
197
199
196
189
177
162
145
128
111
97
86
79
77
80
88
101
118
138
159
180
200
218
232
243
249
251
250
245
239
232
226
222
221
223
230
241
256
275
297
320
344
366
385
400
408
410
404
389
367
337
300
258
213
165
116
68
21
-21
-61
-97
-130
-159
-184
-207
-228
-248
-268
