931
908
869
815
749
674
591
505
417
332
252
180
119
69
31
7
-4
-5
2
17
37
57
77
92
100
101
92
75
49
15
-23
-65
-108
-148
-184
-215
-237
-252
-259
-259
-255
-249
-243
-241
-247
-262
-288
-328
-381
-447
-523
-608
-697
-787
-873
-950
-1013
-1059
-1084
-1086
-1063
-1014
-941
-844
-727
-593
-446
-292
-134
21
170
307
429
533
617
680
721
744
749
739
719
690
659
627
598
576
562
557
564
582
610
648
695
748
806
864
921
973
1016
1047
1063
1061
1039
995
929
841
734
608
468
317
158
-2
-163
-318
-465
-601
-721
-825
-911
-977
-1025
-1053
-1064
-1059
-1040
-1009
-971
-927
-881
-835
-791
-751
-716
-686
-662
-642
-625
-609
-594
-576
-554
-527
-494
-455
-410
-360
-306
-249
-191
-134
-78
-26
21
66
107
145
180
214
247
279
310
338
364
384
397
402
396
378
346
301
243
174
95
10
-76
-161
-241
-311
-368
-410
-436
-444
-436
-415
-382
-342
-297
-253
-213
-178
-153
-138
-133
-138
-151
-169
-189
-208
-221
-226
-220
-199
-162
-109
-40
44
141
248
362
479
594
705
808
899
977
1040
1088
1118
1133
1131
1115
1085
1043
990
929
860
787
710
630
550
470
391
312
234
156
79
1
-75
-152
-229
-304
-376
-444
-505
-557
-600
-630
-647
-651
-640
-615
-578
-530
-473
-410
-344
-277
-214
-158
-110
-73
-48
-37
-39
-53
-78
-111
-150
-192
-232
-270
-301
-323
-337
-340
-335
-320
-300
-276
-250
-226
-205
-190
-182
-182
-189
-204
-225
-249
-276
-302
-326
-344
-354
-356
-346
-325
-292
-247
-191
-124
-50
31
117
206
295
384
469
550
624
692
751
801
841
870
887
892
885
865
835
793
741
680
613
540
464
387
312
239
172
113
63
23
-5
-22
-28
-24
-11
7
29
52
73
88
96
94
82
58
24
-20
-73
-132
-194
-258
-320
-377
-428
-471
-504
-527
-539
-539
-529
-508
-478
-440
-394
-342
-287
-229
-171
-115
-63
-16
22
53
75
87
88
78
59
29
-8
-54
-105
-160
-216
-271
-321
-364
-397
-418
-427
-423
-406
-377
-337
-290
-236
-178
-117
-55
5
64
120
171
218
258
292
317
335
344
344
336
321
299
272
242
210
179
150
124
104
89
81
80
84
94
108
123
139
153
163
168
168
162
150
134
115
93
71
48
27
6
-13
-34
-56
-82
-111
-145
-184
-226
-271
-316
-360
-399
-430
-451
-460
-456
-437
-404
-357
-299
-231
-158
-81
-5
66
131
186
229
258
274
275
263
239
205
162
114
62
10
-41
-89
-133
-170
-199
-221
-235
-241
-241
-234
-224
-211
-196
-181
-167
-155
-144
-136
-128
-121
-111
-99
-83
-61
-32
4
47
98
153
212
271
329
382
428
464
488
499
497
481
453
414
369
319
267
218
174
137
108
90
81
81
88
100
115
130
143
151
152
145
130
107
76
40
0
-39
-78
-114
-142
-163
-174
-174
-164
-145
-116
-81
-41
1
44
86
123
156
182
201
213
219
219
215
207
196
183
169
154
137
119
98
75
48
18
-15
-52
-91
-133
-175
-216
-254
-289
-317
-339
-352
-356
-351
-337
-315
-287
-253
-217
-180
-145
-112
-85
-63
-48
-38
-34
-35
-39
-45
-51
-56
-57
-55
-48
-37
-20
0
23
49
74
96
114
124
126
118
98
66
22
-32
-96
-168
-244
-323
-401
-474
-541
-598
-643
-673
-688
-684
-663
-622
-563
-486
-391
-282
-162
-33
100
232
360
477
579
662
722
758
767
751
710
647
566
471
368
261
155
55
-34
-110
-171
-214
-240
-247
-236
-210
-170
-117
-55
12
84
156
226
289
344
387
417
432
430
410
373
320
252
172
81
-14
-113
-210
-301
-382
-450
-503
-538
-554
-552
-531
-494
-443
-380
-308
-230
-149
-67
14
94
171
244
314
379
438
492
538
576
603
618
618
603
571
523
457
377
283
181
73
-36
-141
-239
-324
-393
-443
-473
-481
-470
-440
-396
-341
-279
-217
-159
-110
-73
-53
-50
-66
-98
-146
-206
-272
-341
-407
-465
-510
-538
-546
-531
-492
-430
-347
-244
-126
2
138
274
406
529
639
733
809
866
906
928
935
928
911
885
852
813
770
723
673
620
565
508
450
391
332
275
219
165
114
65
18
-25
-67
-108
-147
-185
-222
-258
-293
-327
-358
-387
-413
-435
-453
-466
-475
-479
-478
-473
-464
-451
-435
-416
-394
-370
-344
-316
-286
-256
-225
-193
-162
-131
-101
-73
-46
-21
1
21
40
56
71
85
98
110
121
132
142
152
161
168
174
178
180
180
177
171
161
148
132
111
86
57
22
-16
-59
-107
-159
-214
-271
-330
-388
-444
-497
-544
-585
-617
-639
-650
-650
-638
-614
-579
-534
-480
-419
-352
-282
-212
-143
-79
-21
27
66
93
107
108
96
72
38
-5
-56
-111
-169
-226
-280
-329
-369
-400
-420
-427
-422
-405
-376
-338
-292
-241
-186
-131
-77
-26
19
58
92
119
140
156
168
176
182
187
191
195
199
202
205
207
208
208
207
206
204
204
206
210
220
234
256
284
320
363
412
466
522
577
629
674
710
734
743
735
709
666
605
528
437
335
224
109
-7
-121
-229
-329
-416
-489
-546
-587
-610
-617
-608
-586
-554
-513
-467
-420
-374
-334
-301
-278
-265
-265
-275
-295
-323
-356
-391
-424
-451
-469
-474
-464
-437
-393
-332
-256
-166
-67
37
143
247
344
431
506
567
613
645
663
670
666
655
639
618
596
572
548
525
504
485
468
454
445
439
438
440
447
456
468
479
490
497
500
497
485
465
434
394
344
285
217
143
64
-17
-101
-184
-264
-339
-409
-472
-525
-570
-605
-630
-645
-650
-646
-633
-612
-583
-547
-505
-457
-404
-347
-286
-223
-158
-93
-29
33
94
151
204
252
296
334
366
392
412
426
433
434
428
415
396
369
337
297
252
202
147
87
24
-41
-110
-182
-255
-330
-405
-480
-553
-624
-689
-748
-798
-837
-862
-872
-864
-837
-790
-724
-637
-533
-412
-279
-137
8
154
297
430
551
656
745
814
865
898
913
914
902
881
851
815
776
734
690
645
598
549
498
445
388
329
266
201
134
67
1
-62
-123
-179
-231
-277
-317
-352
-382
-407
-428
-446
-461
-473
-483
-491
-496
-499
-499
-496
-490
-480
-467
-450
-430
-406
-380
-350
-317
-280
-240
-195
-145
-91
-32
30
96
163
229
292
348
394
429
448
449
432
394
336
259
165
55
-65
-193
-325
-455
-579
-693
-794
-878
-942
-985
-1006
-1005
-980
-934
-867
-781
-678
-562
-436
-304
-169
-35
92
211
318
412
489
551
596
625
640
643
635
619
597
570
539
507
474
440
407
373
340
310
282
259
242
233
233
242
260
287
321
361
405
451
497
540
581
616
645
666
678
681
675
659
632
596
550
495
431
358
276
186
87
-18
-130
-248
-369
-490
-610
-724
-829
-923
-1002
-1063
-1106
-1128
-1130
-1113
-1078
-1025
-958
-878
-787
-688
-583
-473
-359
-244
-129
-16
93
198
296
384
460
522
569
597
608
600
574
532
476
409
335
258
181
108
43
-12
-56
-88
-108
-116
-113
-102
-85
-64
-40
-16
7
27
45
58
68
73
74
72
66
57
45
30
13
-7
-32
-60
-91
-126
-165
-206
-248
-291
-331
-369
-400
-424
-438
-441
-434
-414
-385
-347
-302
-254
-206
-162
-124
-94
-76
-69
-73
-88
-110
-137
-166
-192
-213
-225
-224
-211
-182
-140
-83
-15
62
146
234
323
410
491
565
629
682
723
751
766
767
756
731
695
646
588
519
443
360
272
181
90
0
-85
-165
-238
-303
-357
-399
-429
-445
-448
-437
-413
-378
-332
-278
-220
-161
-106
-57
-19
4
12
4
-21
-62
-117
-183
-255
-331
-406
-476
-538
-590
-629
-655
-668
-669
-658
-639
-613
-582
-548
-513
-477
-441
-406
-370
-334
-295
-255
-210
-162
-109
-52
8
72
138
204
270
334
395
453
507
557
602
644
681
713
742
766
785
800
809
814
813
808
798
783
765
745
721
697
671
644
618
591
565
538
511
483
454
423
389
353
315
275
233
189
146
103
60
19
-19
-56
-91
-124
-155
-184
-211
-235
-257
-277
-294
-307
-317
-323
-327
-328
-327
-325
-324
-323
-325
-330
-339
-352
-369
-390
-414
-441
-469
-497
-524
-548
-568
-582
-590
-588
-577
-556
-524
-481
-427
-363
-290
-210
-124
-36
53
140
223
301
370
430
479
518
547
566
576
578
574
565
553
537
518
497
472
443
410
372
327
276
218
155
85
11
-65
-144
-222
-298
-369
-434
-490
-535
-567
-587
-592
-582
-558
-521
-471
-412
-345
-272
-199
-127
-61
-3
42
75
91
91
74
40
-8
-70
-143
-224
-309
-395
-480
-558
-628
-688
-734
-765
-782
-782
-766
-735
-690
-631
-561
-480
-392
-296
-197
-94
8
110
211
308
401
489
571
647
715
776
829
874
908
933
946
948
938
915
880
833
775
706
629
545
456
363
271
179
92
10
-63
-129
-183
-227
-258
-277
-284
-279
-264
-239
-206
-166
-122
-73
-22
28
79
127
173
213
247
275
293
303
302
289
266
231
185
128
63
-10
-89
-172
-255
-338
-416
-487
-550
-602
-641
-666
-676
-671
-652
-618
-571
-513
-445
-370
-289
-204
-117
-30
55
138
218
293
362
425
481
528
565
592
607
610
599
573
535
482
418
343
260
170
78
-13
-103
-188
-264
-332
-387
-431
-461
-479
-484
-477
-460
-434
-400
-359
-313
-262
-207
-148
-85
-19
49
121
196
272
348
423
494
559
617
666
703
728
740
740
728
705
672
632
586
537
485
433
381
328
277
225
173
119
64
7
-51
-112
-174
-237
-298
-356
-409
-456
-495
-524
-542
-549
-544
-529
-505
-473
-435
-395
-355
-318
-285
-259
-242
-235
-237
-249
-271
-300
-335
-374
-414
-454
-491
-523
-548
-565
-572
-570
-558
-537
-509
-475
-438
-400
-362
-329
-301
-281
-268
-265
-271
-285
-305
-331
-360
-390
-418
-441
-458
-465
-463
-449
-423
-385
-336
-277
-209
-134
-54
28
111
194
273
348
418
482
540
591
636
675
708
736
759
778
792
802
808
810
807
800
786
767
741
708
668
622
569
512
450
387
323
260
200
145
95
51
14
-16
-41
-60
-75
-86
-94
-99
-102
-102
-100
-96
-88
-76
-61
-41
-18
9
40
74
107
140
169
191
206
210
202
181
147
100
43
-20
-90
-160
-226
-286
-335
-371
-393
-399
-391
-371
-339
-300
-257
-213
-171
-134
-106
-86
-78
-80
-92
-115
-145
-180
-220
-260
-299
-334
-364
-386
-399
-403
-398
-384
-362
-333
-299
-260
-218
-174
-129
-83
-37
8
53
98
141
183
223
261
297
330
361
389
415
439
461
482
503
522
539
