356
375
376
357
317
256
177
84
-18
-125
-231
-329
-416
-489
-544
-582
-602
-607
-599
-582
-559
-535
-512
-495
-485
-485
-497
-519
-551
-592
-639
-689
-737
-781
-818
-843
-856
-855
-840
-812
-772
-723
-668
-611
-555
-502
-456
-418
-389
-369
-356
-351
-350
-351
-352
-351
-345
-333
-314
-287
-250
-205
-150
-86
-14
66
154
250
351
456
565
676
786
894
996
1092
1177
1248
1305
1343
1362
1360
1336
1292
1228
1147
1052
945
830
710
588
467
346
228
111
-3
-119
-236
-355
-478
-605
-735
-868
-1000
-1129
-1253
-1367
-1467
-1550
-1613
-1651
-1664
-1651
-1611
-1546
-1457
-1347
-1218
-1075
-920
-757
-588
-417
-245
-76
89
250
403
546
678
796
897
978
1035
1067
1070
1044
989
905
798
670
529
383
238
105
-10
-101
-162
-190
-184
-147
-80
9
117
236
359
478
587
681
754
803
827
822
791
733
651
548
427
292
147
-3
-155
-305
-450
-587
-714
-830
-933
-1023
-1101
-1165
-1217
-1257
-1287
-1307
-1321
-1328
-1332
-1333
-1333
-1332
-1330
-1326
-1320
-1310
-1293
-1266
-1228
-1176
-1106
-1018
-910
-779
-627
-451
-254
-36
201
455
722
999
1279
1559
1830
2087
2324
2535
2713
2855
2958
3018
3037
3014
2953
2858
2732
2583
2415
2237
2054
1871
1695
1528
1374
1233
1106
990
883
782
683
582
477
364
242
112
-25
-168
-313
-455
-588
-709
-811
-890
-943
-968
-964
-932
-873
-792
-693
-580
-461
-341
-226
-122
-33
35
82
106
106
83
40
-21
-96
-181
-273
-367
-461
-551
-635
-713
-783
-844
-898
-945
-986
-1020
-1049
-1072
-1090
-1101
-1104
-1099
-1084
-1059
-1022
-973
-912
-840
-759
-669
-573
-474
-375
-277
-184
-99
-24
39
89
125
147
155
152
138
117
92
66
41
23
11
10
21
42
76
119
170
226
285
344
399
448
490
523
548
564
572
573
570
564
554
543
529
514
495
473
445
412
371
324
270
209
141
69
-7
-87
-170
-254
-340
-426
-513
-599
-684
-767
-847
-921
-986
-1041
-1083
-1108
-1116
-1104
-1073
-1023
-957
-877
-788
-694
-600
-511
-433
-369
-322
-295
-287
-299
-328
-371
-426
-487
-550
-610
-661
-698
-718
-717
-692
-643
-570
-475
-362
-235
-100
36
167
287
389
468
522
549
547
519
468
397
312
219
125
37
-37
-93
-125
-130
-105
-50
33
142
271
414
563
711
850
975
1078
1155
1204
1223
1213
1177
1117
1040
949
850
750
653
564
484
417
362
319
286
261
239
217
190
154
107
44
-35
-133
-250
-384
-533
-696
-869
-1048
-1228
-1406
-1577
-1735
-1875
-1994
-2086
-2148
-2177
-2171
-2127
-2046
-1929
-1777
-1595
-1384
-1150
-898
-633
-360
-83
191
460
719
965
1194
1403
1590
1753
1890
1999
2080
2132
2157
2154
2127
2078
2010
1927
1834
1736
1636
1541
1452
1374
1308
1255
1215
1185
1163
1144
1124
1096
1057
1001
926
829
710
571
417
251
82
-84
-239
-377
-490
-575
-628
-648
-636
-595
-528
-441
-340
-229
-116
-5
97
189
266
325
365
384
382
358
313
247
163
64
-49
-172
-302
-434
-564
-689
-805
-909
-998
-1069
-1122
-1155
-1169
-1165
-1144
-1110
-1066
-1015
-960
-905
-852
-802
-757
-714
-672
-629
-582
-528
-464
-388
-300
-201
-92
23
142
258
367
463
542
598
630
636
615
568
498
409
305
190
71
-47
-160
-265
-357
-434
-496
-543
-576
-595
-603
-603
-595
-583
-568
-549
-529
-507
-483
-456
-426
-392
-355
-314
-269
-222
-173
-123
-73
-22
28
79
132
186
243
304
370
441
516
595
677
760
841
917
985
1042
1084
1107
1110
1091
1048
982
894
789
670
543
416
295
188
102
42
11
11
40
97
175
267
365
460
542
602
634
632
592
514
399
251
77
-114
-317
-520
-715
-894
-1052
-1184
-1287
-1363
-1412
-1439
-1448
-1443
-1432
-1417
-1404
-1395
-1391
-1392
-1397
-1404
-1411
-1413
-1408
-1395
-1371
-1335
-1287
-1228
-1158
-1079
-991
-895
-790
-677
-554
-420
-275
-117
51
230
418
610
802
990
1168
1330
1470
1586
1671
1725
1744
1730
1682
1603
1495
1364
1213
1048
875
698
524
358
205
69
-46
-137
-202
-240
-250
-232
-187
-117
-25
84
209
342
479
614
740
854
950
1024
1074
1098
1096
1069
1019
949
863
763
655
544
432
326
227
140
66
8
-34
-62
-75
-76
-68
-52
-32
-11
7
23
33
36
30
14
-11
-48
-96
-154
-223
-300
-385
-475
-567
-658
-745
-822
-886
-933
-960
-963
-942
-896
-825
-731
-619
-491
-352
-207
-62
77
209
327
428
512
575
619
643
650
642
622
592
555
515
472
429
384
339
291
240
183
120
49
-28
-113
-202
-292
-380
-462
-534
-590
-628
-645
-638
-608
-556
-483
-395
-295
-190
-86
8
90
153
192
206
195
160
106
36
-42
-122
-198
-264
-315
-349
-363
-358
-338
-305
-264
-221
-180
-147
-127
-121
-134
-164
-212
-274
-348
-427
-507
-582
-647
-696
-726
-735
-721
-685
-629
-556
-470
-374
-272
-170
-69
26
115
196
268
330
382
423
454
473
481
476
458
427
383
326
258
180
93
-1
-100
-201
-303
-401
-494
-579
-651
-710
-752
-776
-781
-765
-729
-675
-605
-520
-426
-327
-227
-132
-48
20
68
93
92
64
12
-62
-153
-254
-358
-456
-539
-601
-634
-633
-597
-525
-419
-284
-125
48
230
410
580
733
864
968
1044
1090
1109
1103
1075
1030
971
903
829
753
677
603
534
469
410
358
313
277
250
233
228
234
253
284
326
377
437
500
564
625
677
716
738
741
721
679
614
529
428
316
196
77
-37
-142
-232
-305
-359
-395
-414
-418
-413
-404
-395
-393
-403
-428
-473
-538
-622
-725
-841
-965
-1090
-1209
-1314
-1397
-1451
-1472
-1453
-1394
-1294
-1155
-980
-775
-545
-300
-46
208
457
693
909
1102
1268
1406
1514
1594
1647
1676
1684
1675
1652
1620
1582
1540
1498
1458
1422
1391
1365
1346
1333
1326
1324
1326
1330
1335
1338
1337
1330
1315
1287
1246
1189
1116
1024
913
785
640
480
308
125
-62
-252
-439
-620
-789
-943
-1078
-1192
-1282
-1348
-1389
-1409
-1407
-1389
-1358
-1318
-1273
-1229
-1189
-1158
-1137
-1130
-1137
-1158
-1191
-1234
-1283
-1336
-1388
-1434
-1471
-1496
-1504
-1494
-1464
-1413
-1340
-1247
-1136
-1009
-869
-721
-569
-417
-269
-129
0
116
219
309
388
456
517
573
626
679
734
790
849
908
967
1023
1073
1115
1147
1166
1170
1157
1128
1083
1023
951
868
778
684
590
497
408
324
246
173
103
36
-29
-96
-165
-236
-308
-381
-452
-520
-583
-638
-685
-723
-753
-774
-790
-802
-812
-823
-836
-853
-873
-896
-923
-949
-974
-995
-1010
-1014
-1008
-988
-953
-904
-840
-763
-676
-581
-482
-382
-286
-198
-120
-55
-5
29
51
61
62
57
51
47
50
61
84
120
169
231
304
385
473
562
649
730
799
853
889
903
894
859
801
718
615
494
359
214
65
-85
-232
-372
-503
-623
-730
-825
-906
-975
-1031
-1074
-1107
-1128
-1140
-1143
-1137
-1124
-1105
-1079
-1047
-1009
-964
-910
-847
-773
-686
-586
-471
-341
-198
-42
123
296
472
649
821
985
1137
1273
1391
1487
1560
1609
1632
1630
1603
1553
1481
1389
1281
1158
1024
882
734
583
433
286
145
14
-104
-208
-293
-357
-399
-417
-412
-383
-333
-265
-181
-86
15
120
225
326
421
507
582
645
696
734
759
773
775
766
748
721
686
646
600
550
497
441
384
325
264
203
142
80
20
-39
-95
-148
-195
-235
-267
-289
-301
-300
-288
-264
-228
-181
-124
-59
12
88
165
242
315
381
440
487
521
541
546
534
505
459
396
317
225
119
4
-116
-240
-363
-478
-581
-667
-731
-768
-776
-752
-697
-612
-500
-366
-215
-53
111
273
425
563
682
780
853
901
924
923
899
856
794
717
628
529
423
313
200
86
-27
-139
-248
-354
-456
-554
-646
-732
-810
-881
-942
-993
-1035
-1065
-1083
-1090
-1084
-1066
-1037
-995
-943
-881
-811
-735
-656
-576
-498
-425
-359
-301
-252
-213
-181
-155
-133
-111
-87
-59
-23
19
70
129
195
265
337
407
473
532
581
618
642
651
645
625
591
545
488
422
348
268
184
99
15
-65
-140
-206
-260
-301
-325
-331
-318
-287
-238
-174
-96
-9
81
173
259
335
396
437
455
447
413
351
265
156
29
-109
-255
-402
-543
-672
-786
-880
-953
-1004
-1034
-1044
-1038
-1020
-991
-957
-921
-885
-852
-824
-802
-787
-777
-772
-770
-769
-767
-761
-748
-726
-693
-649
-593
-525
-444
-353
-251
-142
-26
92
214
336
455
567
672
764
843
907
953
981
992
986
967
937
899
857
814
773
738
709
688
676
672
675
684
696
709
720
729
733
731
722
705
681
651
615
575
531
485
437
387
336
281
224
163
97
27
-45
-120
-195
-267
-332
-387
-428
-453
-460
-447
-415
-364
-298
-221
-137
-51
31
106
168
216
247
261
259
242
214
178
138
96
57
23
-5
-26
-41
-50
-57
-63
-73
-89
-117
-159
-218
-295
-392
-506
-637
-780
-930
-1082
-1230
-1367
-1486
-1584
-1655
-1696
-1706
-1686
-1637
-1562
-1465
-1352
-1228
-1099
-971
-849
-738
-641
-563
-504
-465
-447
-446
-462
-489
-525
-565
-605
-639
-664
-676
-673
-652
-611
-550
-469
-368
-249
-114
33
192
357
523
688
846
995
1130
1251
1355
1442
1513
1570
1615
1652
1684
1715
1747
1786
1831
1886
1950
2022
2100
2181
2260
2332
2392
2434
2454
2447
2412
2347
2254
2136
1999
1850
1696
1546
1408
1289
1194
1126
1086
1071
1075
1093
1114
1129
1129
1104
1047
951
813
632
409
149
-144
-463
-800
-1145
-1489
-1825
-2144
-2439
-2706
-2941
-3141
-3305
-3433
-3526
-3584
-3608
-3602
-3565
-3500
-3408
-3291
-3151
-2991
-2811
-2614
-2403
-2180
-1948
-1709
-1467
-1224
-984
-749
-523
-308
-107
78
246
398
532
650
752
840
916
981
1037
1085
1129
1168
1205
1241
1276
1311
1347
1383
1418
1451
1481
1506
1523
1532
1531
1518
1494
1458
1412
1356
1292
1222
1149
1076
1004
936
873
818
770
731
701
678
662
652
645
641
636
629
619
604
584
560
531
499
466
431
395
360
324
287
248
205
156
100
35
-39
-124
-220
-326
-441
-563
-689
-819
-950
-1078
-1202
-1320
-1428
-1525
-1610
-1679
-1732
-1768
-1785
-1783
-1763
-1724
-1668
-1598
-1514
-1420
-1320
-1217
-1116
-1020
-934
-861
-806
-769
-752
-756
-777
-813
-859
-909
-957
-997
-1021
-1024
-1001
-949
-865
-750
-605
-433
-239
-28
192
415
635
844
1035
1204
1345
1456
1534
1580
1594
1578
1537
1474
1394
1302
1204
1105
1009
919
836
763
699
641
587
533
476
411
334
242
131
1
-149
-318
-505
-705
-913
-1124
-1330
-1527
-1705
-1860
-1984
-2072
-2121
-2126
-2087
-2004
-1877
-1709
-1505
-1268
-1004
-719
-419
-111
198
505
801
1081
1340
1573
1776
1945
2079
2176
2237
2260
2250
2208
2139
2046
1934
1809
1677
1541
1409
1284
1171
1075
996
938
900
881
880
893
914
938
960
972
969
946
900
828
729
605
459
293
113
-74
-267
-457
-641
-816
-977
-1124
