314
348
379
406
429
448
464
474
480
480
473
460
439
411
376
334
287
234
179
121
64
8
-44
-93
-135
-172
-201
-222
-237
-245
-247
-244
-238
-230
-221
-212
-203
-197
-192
-190
-190
-192
-195
-199
-203
-207
-210
-212
-212
-212
-209
-205
-200
-194
-187
-180
-173
-166
-160
-154
-148
-142
-136
-130
-124
-116
-107
-97
-84
-68
-49
-26
0
32
67
108
152
200
250
301
352
402
449
492
529
559
583
598
606
607
602
591
577
559
540
520
501
483
467
451
437
421
404
382
355
321
279
226
164
92
12
-75
-167
-262
-356
-447
-530
-605
-667
-714
-745
-759
-754
-731
-691
-634
-564
-483
-395
-302
-208
-118
-34
41
104
155
192
215
223
220
205
182
151
116
79
42
7
-25
-52
-75
-93
-105
-113
-116
-117
-115
-111
-107
-102
-98
-94
-91
-87
-84
-81
-76
-71
-64
-55
-46
-35
-23
-10
1
14
26
37
48
56
63
68
69
68
63
54
41
24
3
-19
-44
-69
-93
-113
-127
-134
-132
-119
-97
-65
-24
22
73
125
175
219
255
279
291
290
275
247
210
164
114
62
14
-28
-62
-85
-96
-94
-79
-53
-18
23
68
114
156
193
222
240
247
242
224
193
151
98
36
-32
-107
-186
-267
-347
-426
-501
-571
-635
-691
-738
-775
-802
-818
-823
-816
-798
-768
-727
-676
-615
-546
-469
-386
-299
-210
-121
-33
50
128
199
261
314
358
391
416
431
438
439
433
424
411
397
383
369
358
349
343
341
342
346
352
360
368
375
380
382
380
372
359
339
313
281
245
204
161
119
78
41
11
-10
-22
-23
-12
11
47
93
149
211
278
345
411
471
523
563
590
601
596
573
533
476
404
317
219
112
-2
-119
-238
-354
-465
-567
-658
-737
-800
-847
-877
-889
-883
-861
-822
-769
-702
-625
-539
-446
-348
-250
-153
-59
27
105
173
227
269
295
308
306
292
267
233
194
151
107
66
28
-2
-26
-42
-50
-49
-42
-28
-9
11
34
56
77
95
110
120
126
127
123
114
101
83
60
32
0
-37
-79
-125
-176
-228
-281
-333
-381
-422
-453
-473
-479
-469
-443
-400
-342
-271
-189
-100
-7
84
172
252
320
374
413
435
440
430
406
370
326
275
220
165
112
62
18
-19
-50
-75
-92
-102
-106
-105
-99
-88
-74
-57
-37
-14
10
38
69
102
137
173
210
247
283
317
347
373
393
406
413
412
403
387
363
332
295
252
203
151
96
39
-18
-75
-131
-184
-233
-277
-316
-349
-374
-393
-403
-406
-402
-391
-373
-351
-324
-294
-262
-229
-196
-164
-135
-108
-84
-64
-48
-35
-25
-17
-11
-6
-1
4
12
21
33
47
63
81
100
119
138
155
171
185
195
202
204
201
194
180
160
135
103
66
23
-22
-72
-124
-177
-229
-279
-325
-365
-399
-425
-441
-448
-444
-431
-407
-375
-335
-290
-241
-191
-142
-96
-54
-19
9
31
46
56
61
64
64
65
66
68
71
76
81
87
92
97
101
104
107
109
113
119
128
141
159
183
212
247
288
333
383
435
489
543
594
640
680
711
732
741
738
721
692
651
599
537
467
391
311
227
140
52
-36
-125
-215
-304
-392
-479
-562
-640
-711
-774
-826
-864
-887
-893
-881
-849
-797
-726
-636
-529
-407
-274
-133
9
150
283
403
506
587
643
672
674
647
594
516
418
301
172
33
-109
-251
-388
-515
-630
-728
-807
-866
-903
-918
-912
-887
-844
-786
-716
-636
-550
-459
-367
-275
-184
-95
-9
73
153
231
306
380
452
522
590
655
715
770
818
857
884
898
897
880
846
795
727
644
548
441
328
212
99
-8
-105
-187
-252
-298
-323
-327
-312
-280
-234
-177
-114
-50
11
67
112
143
159
158
138
101
47
-21
-102
-193
-291
-390
-489
-583
-669
-743
-805
-851
-881
-895
-892
-873
-841
-797
-743
-682
-618
-551
-485
-421
-359
-302
-248
-196
-146
-95
-43
12
72
139
213
293
379
471
566
662
755
844
923
991
1043
1077
1090
1083
1054
1004
935
848
747
635
516
393
269
149
35
-70
-166
-249
-319
-377
-421
-452
-472
-482
-482
-476
-464
-448
-429
-409
-388
-368
-349
-330
-311
-294
-276
-258
-239
-218
-195
-170
-143
-113
-81
-47
-13
22
57
92
126
160
193
226
258
292
326
360
394
428
458
483
501
508
503
482
443
387
312
221
115
-1
-124
-249
-369
-479
-573
-647
-697
-719
-712
-676
-612
-523
-412
-285
-147
-3
138
271
392
492
570
620
641
632
594
526
433
319
187
44
-104
-252
-393
-522
-632
-719
-781
-814
-819
-796
-746
-673
-579
-471
-352
-227
-102
18
131
234
325
402
467
518
560
592
617
638
656
672
687
700
712
721
725
724
716
699
673
639
597
548
495
440
387
337
293
258
231
214
205
203
205
209
211
207
195
171
134
82
14
-68
-164
-271
-385
-502
-617
-726
-825
-907
-970
-1010
-1026
-1015
-977
-915
-829
-723
-602
-469
-331
-194
-63
55
157
237
291
317
315
283
224
142
40
-74
-197
-320
-437
-541
-627
-690
-726
-735
-715
-668
-596
-504
-396
-278
-156
-36
77
179
265
333
382
411
423
418
400
372
337
299
260
222
186
154
124
97
71
45
18
-11
-45
-84
-127
-175
-226
-279
-331
-381
-424
-457
-477
-481
-467
-434
-381
-309
-221
-121
-12
97
203
300
381
443
482
496
487
455
403
337
263
186
114
52
7
-16
-16
9
60
134
228
336
451
567
676
772
847
899
923
918
883
822
737
633
515
390
264
144
33
-60
-136
-189
-220
-226
-211
-176
-123
-58
14
90
165
233
290
331
355
357
338
296
231
147
45
-71
-198
-330
-463
-591
-711
-818
-908
-979
-1028
-1057
-1065
-1053
-1023
-980
-925
-863
-797
-729
-664
-603
-547
-499
-458
-424
-398
-378
-366
-359
-359
-363
-372
-384
-400
-418
-436
-454
-468
-476
-477
-467
-443
-405
-349
-275
-182
-71
56
198
353
515
682
848
1010
1162
1300
1421
1521
1597
1648
1671
1666
1634
1574
1488
1379
1248
1100
939
769
595
423
258
104
-33
-152
-249
-323
-373
-401
-409
-398
-373
-337
-293
-245
-196
-148
-103
-62
-26
5
33
59
85
110
138
168
200
235
270
304
336
363
383
393
392
378
351
311
259
194
120
38
-49
-140
-232
-321
-406
-483
-551
-608
-653
-685
-704
-712
-708
-694
-673
-647
-618
-587
-558
-531
-508
-490
-477
-468
-462
-459
-457
-455
-451
-444
-433
-417
-397
-372
-344
-311
-276
-240
-204
-168
-134
-103
-74
-50
-28
-9
6
22
38
55
74
95
119
144
170
195
217
235
246
249
244
229
205
173
135
94
52
11
-24
-53
-74
-85
-85
-74
-53
-23
14
58
107
158
212
265
317
366
413
455
494
527
554
575
589
594
590
577
554
521
478
425
364
296
223
146
69
-6
-78
-144
-203
-252
-291
-319
-335
-340
-335
-320
-296
-265
-230
-191
-150
-111
-74
-42
-17
0
7
5
-6
-28
-61
-102
-152
-208
-269
-332
-397
-461
-521
-577
-626
-667
-698
-719
-730
-729
-717
-694
-661
-618
-566
-507
-441
-370
-295
-218
-139
-60
17
92
165
233
296
354
405
449
487
517
539
555
564
567
565
557
545
529
510
486
459
428
393
355
313
268
220
171
121
70
21
-26
-72
-115
-154
-191
-223
-250
-272
-288
-296
-295
-283
-260
-224
-175
-111
-33
56
158
269
387
508
628
743
849
942
1018
1074
1108
1117
1101
1060
996
912
809
693
567
435
302
172
49
-65
-167
-257
-332
-392
-437
-469
-489
-498
-498
-491
-480
-466
-451
-438
-426
-416
-410
-407
-405
-405
-405
-403
-397
-386
-369
-344
-311
-269
-220
-164
-104
-43
17
73
121
159
183
191
184
159
118
62
-6
-83
-164
-246
-323
-392
-447
-487
-508
-512
-497
-466
-421
-366
-304
-239
-173
-110
-52
0
45
82
114
139
159
176
190
203
217
232
250
269
292
317
344
373
402
431
458
482
502
516
523
522
511
490
458
414
360
295
221
140
52
-38
-130
-221
-307
-385
-453
-509
-552
-578
-590
-586
-569
-540
-501
-456
-407
-359
-314
-275
-243
-221
-208
-205
-210
-222
-238
-255
-272
-286
-294
-295
-288
-272
-247
-214
-175
-129
-81
-30
18
64
104
136
157
165
160
140
105
56
-6
-80
-163
-252
-345
-436
-522
-600
-664
-712
-739
-744
-724
-678
-606
-510
-392
-256
-106
52
214
374
526
665
787
887
963
1013
1037
1034
1006
957
889
805
712
613
513
417
328
249
184
133
98
78
72
78
95
119
147
177
206
232
252
266
273
273
265
252
232
208
179
147
111
70
25
-24
-81
-144
-213
-290
-371
-457
-544
-630
-712
-787
-851
-902
-938
-959
-964
-953
-928
-892
-845
-791
-731
-666
-598
-526
-451
-372
-286
-193
-91
19
140
270
408
551
696
840
978
1104
1215
1304
1369
1407
1414
1391
1338
1257
1150
1022
878
723
563
403
248
102
-31
-150
-253
-339
-408
-460
-496
-516
-521
-513
-491
-458
-413
-360
-298
-229
-155
-77
1
82
163
242
320
395
467
536
602
664
720
771
815
851
877
892
894
882
855
812
754
681
595
496
388
273
154
35
-81
-192
-296
-391
-477
-552
-618
-677
-728
-775
-819
-862
-903
-945
-986
-1026
-1065
-1101
-1133
-1160
-1181
-1195
-1201
-1198
-1187
-1167
-1138
-1100
-1054
-999
-936
-864
-783
-694
-597
-492
-381
-264
-142
-16
110
237
362
484
598
704
799
881
947
996
1028
1041
1038
1018
985
941
889
831
771
711
654
601
553
510
472
439
410
384
360
336
311
285
255
221
183
139
89
34
-26
-91
-160
-230
-300
-368
-432
-491
-544
-589
-628
-660
-686
-708
-727
-743
-758
-771
-783
-792
-798
-798
-792
-778
-755
-721
-678
-625
-564
-497
-426
-355
-285
-219
-159
-106
-62
-25
4
27
46
62
76
91
107
125
147
172
200
232
266
301
336
370
401
428
449
465
474
476
472
462
446
426
402
374
344
311
276
238
199
159
118
77
36
-2
-39
-73
-103
-128
-150
-167
-180
-192
-203
-216
-234
-260
-297
-347
-413
-496
-597
-714
-846
-987
-1135
-1281
-1420
-1545
-1648
-1724
-1767
-1773
-1741
-1668
-1557
-1409
-1229
-1020
-789
-541
-283
-20
241
496
741
971
1184
1376
1547
1696
1823
1929
2016
2086
2141
2184
2215
2235
2245
2243
2229
2199
2155
2093
2013
1916
1802
1673
1530
1376
1214
1048
880
714
554
404
266
143
39
-45
-108
-149
-167
-165
-145
-108
-60
-5
52
108
156
193
214
217
199
159
98
16
-82
-196
-320
-449
-580
-706
-823
-927
-1015
-1084
-1134
-1163
-1173
-1166
-1143
-1110
-1068
-1021
-974
-930
-891
-860
-837
-825
