591
589
579
560
530
488
433
364
280
183
73
-47
-176
-309
-444
-575
-698
-808
-901
-973
-1021
-1043
-1037
-1004
-943
-858
-750
-621
-476
-316
-146
30
212
396
579
760
934
1101
1259
1403
1532
1641
1728
1787
1816
1811
1768
1686
1563
1402
1204
975
721
452
177
-91
-344
-567
-752
-890
-974
-1001
-970
-884
-746
-566
-351
-113
137
389
631
854
1049
1209
1329
1408
1443
1436
1389
1306
1192
1054
898
728
552
375
201
34
-120
-261
-386
-492
-578
-642
-685
-707
-708
-690
-656
-609
-553
-491
-427
-366
-312
-267
-236
-220
-222
-242
-282
-341
-418
-512
-620
-738
-863
-990
-1114
-1231
-1336
-1424
-1493
-1538
-1559
-1554
-1524
-1470
-1394
-1299
-1189
-1069
-943
-817
-694
-579
-476
-388
-317
-263
-228
-209
-206
-215
-232
-255
-279
-302
-321
-333
-337
-333
-322
-303
-278
-247
-212
-174
-131
-85
-34
22
85
156
236
327
428
540
662
792
927
1065
1202
1334
1455
1563
1651
1718
1759
1774
1761
1722
1657
1570
1464
1344
1214
1079
945
817
698
592
502
429
373
333
306
291
282
277
272
263
247
223
191
149
100
45
-14
-75
-135
-191
-242
-286
-321
-346
-361
-365
-360
-345
-322
-293
-258
-220
-180
-142
-108
-79
-59
-50
-52
-70
-104
-155
-225
-314
-422
-548
-689
-844
-1006
-1172
-1335
-1488
-1626
-1741
-1827
-1880
-1895
-1871
-1807
-1705
-1567
-1399
-1207
-996
-775
-550
-328
-115
82
262
421
557
671
763
835
890
930
958
976
986
990
987
978
961
937
903
860
806
743
670
589
503
413
322
233
149
71
3
-53
-99
-132
-152
-158
-152
-133
-102
-60
-7
55
125
201
282
364
445
522
591
649
694
722
732
723
693
642
570
481
375
256
128
-5
-139
-269
-392
-503
-601
-683
-750
-803
-842
-871
-892
-908
-922
-935
-950
-967
-986
-1005
-1022
-1036
-1043
-1043
-1031
-1007
-968
-914
-845
-759
-659
-545
-419
-282
-137
13
166
319
467
609
740
859
963
1051
1123
1178
1219
1246
1262
1271
1275
1277
1280
1285
1294
1307
1322
1338
1351
1359
1356
1339
1305
1250
1172
1070
945
796
626
437
233
19
-201
-424
-645
-860
-1064
-1255
-1428
-1582
-1714
-1822
-1905
-1962
-1993
-1997
-1975
-1928
-1857
-1765
-1654
-1525
-1383
-1229
-1067
-900
-733
-568
-410
-263
-129
-13
81
154
202
225
223
198
152
89
11
-74
-164
-255
-340
-415
-479
-528
-560
-574
-572
-554
-522
-478
-424
-365
-302
-237
-172
-108
-45
16
78
142
208
277
351
430
513
599
687
776
863
947
1025
1096
1157
1208
1248
1275
1290
1292
1282
1261
1230
1190
1142
1088
1029
967
903
839
774
710
645
580
514
445
374
298
218
133
44
-47
-141
-236
-327
-414
-492
-561
-616
-659
-687
-703
-706
-701
-689
-673
-657
-643
-634
-630
-631
-636
-644
-651
-656
-655
-647
-628
-599
-559
-510
-454
-394
-333
-276
-225
-183
-154
-138
-135
-146
-168
-199
-236
-277
-317
-353
-384
-405
-416
-415
-402
-376
-339
-291
-235
-172
-105
-38
27
89
145
192
231
261
283
299
311
323
339
360
389
429
479
540
609
684
761
836
905
965
1011
1043
1058
1057
1042
1017
985
951
921
900
893
903
932
981
1050
1137
1239
1353
1473
1596
1716
1831
1934
2022
2092
2139
2160
2151
2110
2035
1923
1774
1589
1368
1114
830
521
194
-146
-492
-837
-1173
-1493
-1791
-2060
-2296
-2494
-2651
-2766
-2839
-2870
-2861
-2816
-2738
-2632
-2502
-2354
-2192
-2022
-1847
-1672
-1499
-1333
-1174
-1024
-885
-757
-640
-534
-438
-351
-273
-201
-136
-76
-22
26
70
106
135
155
164
162
147
121
83
34
-23
-88
-156
-225
-292
-354
-408
-452
-485
-506
-514
-509
-492
-463
-423
-373
-314
-247
-173
-93
-9
77
167
258
349
440
531
621
711
801
890
980
1068
1155
1239
1318
1389
1450
1497
1528
1540
1530
1498
1443
1364
1265
1147
1015
871
722
572
425
287
161
49
-46
-126
-190
-242
-283
-319
-352
-386
-425
-472
-528
-594
-669
-750
-835
-919
-997
-1063
-1114
-1144
-1149
-1128
-1079
-1003
-903
-784
-650
-508
-366
-231
-111
-13
57
95
99
67
0
-97
-222
-368
-528
-693
-857
-1014
-1155
-1278
-1378
-1454
-1505
-1531
-1533
-1512
-1472
-1412
-1336
-1244
-1139
-1020
-891
-751
-602
-445
-282
-114
56
230
403
576
746
911
1070
1221
1361
1489
1603
1701
1782
1845
1888
1911
1916
1902
1871
1826
1768
1699
1623
1541
1456
1369
1283
1198
1116
1038
963
892
825
762
703
648
595
545
497
451
407
364
322
280
237
192
145
95
41
-16
-79
-144
-211
-278
-342
-401
-453
-494
-522
-537
-536
-520
-489
-445
-389
-326
-258
-188
-122
-61
-11
25
47
53
40
10
-36
-98
-173
-257
-348
-441
-535
-624
-707
-781
-844
-894
-930
-953
-962
-958
-943
-918
-885
-845
-800
-751
-700
-648
-595
-543
-490
-438
-386
-333
-281
-230
-179
-131
-86
-46
-12
13
30
38
36
23
0
-29
-67
-108
-149
-189
-224
-250
-265
-268
-257
-233
-197
-150
-95
-36
23
80
131
172
203
221
226
218
199
171
137
99
60
25
-4
-26
-37
-37
-25
-3
28
68
113
160
207
250
289
321
345
361
369
370
366
357
347
335
324
315
309
305
304
306
308
311
312
310
304
292
273
246
212
170
122
67
8
-53
-115
-175
-232
-283
-325
-359
-381
-393
-394
-384
-366
-340
-309
-273
-236
-199
-163
-130
-101
-78
-60
-49
-46
-49
-60
-77
-101
-130
-163
-198
-234
-266
-294
-314
-324
-321
-303
-269
-218
-151
-68
26
131
242
353
461
560
646
715
766
798
810
804
784
753
716
677
639
607
582
565
556
555
559
565
571
572
567
552
526
488
436
372
296
210
116
16
-87
-192
-296
-397
-491
-578
-654
-718
-769
-804
-823
-824
-808
-773
-722
-654
-571
-475
-368
-253
-131
-5
123
252
380
505
625
739
845
941
1024
1092
1143
1174
1184
1171
1136
1078
999
901
788
663
530
394
260
131
10
-99
-195
-278
-346
-401
-444
-476
-500
-517
-530
-541
-551
-560
-571
-581
-592
-604
-614
-623
-631
-636
-639
-640
-639
-635
-630
-623
-614
-602
-587
-569
-545
-515
-478
-433
-380
-319
-250
-175
-94
-12
70
150
225
293
350
395
427
445
449
438
413
377
331
276
214
149
82
16
-46
-104
-155
-198
-230
-252
-262
-261
-249
-226
-195
-156
-114
-69
-25
15
50
78
96
103
100
87
65
34
-3
-45
-91
-138
-186
-232
-278
-321
-362
-400
-436
-469
-500
-528
-554
-577
-596
-611
-622
-627
-626
-619
-604
-582
-552
-515
-473
-427
-379
-330
-281
-236
-194
-157
-125
-97
-74
-53
-34
-17
0
17
35
53
72
91
109
125
138
147
152
152
147
137
122
102
78
52
24
-4
-33
-61
-87
-109
-128
-142
-150
-152
-146
-132
-108
-75
-31
21
85
158
240
328
421
517
614
707
797
879
952
1015
1065
1102
1126
1135
1130
1110
1076
1028
967
896
814
724
630
533
436
342
254
175
106
48
3
-30
-53
-67
-74
-77
-79
-83
-90
-102
-120
-143
-173
-206
-241
-276
-310
-339
-364
-382
-395
-401
-403
-402
-400
-399
-402
-410
-425
-447
-476
-511
-550
-592
-631
-664
-688
-699
-692
-666
-618
-548
-457
-345
-216
-75
73
224
372
512
637
744
830
893
931
947
941
917
878
829
774
720
670
629
601
588
592
612
648
696
753
814
874
928
969
995
1000
982
939
872
781
669
538
394
240
81
-78
-235
-384
-523
-650
-762
-860
-942
-1009
-1062
-1101
-1128
-1144
-1150
-1148
-1139
-1124
-1104
-1080
-1052
-1022
-989
-954
-918
-881
-844
-806
-768
-731
-693
-655
-617
-577
-537
-495
-452
-408
-365
-322
-281
-243
-209
-181
-160
-145
-139
-142
-153
-173
-201
-236
-276
-320
-366
-411
-452
-486
-512
-528
-531
-522
-500
-466
-420
-365
-302
-235
-167
-99
-37
18
64
97
118
124
116
95
62
21
-27
-77
-127
-173
-210
-237
-250
-248
-231
-199
-153
-94
-26
47
126
206
285
362
435
505
571
634
696
757
819
884
952
1022
1097
1174
1253
1332
1410
1484
1552
1612
1661
1698
1720
1729
1721
1699
1662
1612
1549
1474
1390
1297
1196
1090
977
860
740
616
491
366
243
123
8
-98
-195
-280
-351
-407
-448
-474
-486
-486
-477
-461
-443
-425
-413
-409
-416
-437
-473
-525
-593
-675
-768
-870
-977
-1083
-1186
-1279
-1361
-1427
-1477
-1508
-1522
-1520
-1503
-1475
-1438
-1395
-1349
-1300
-1251
-1202
-1153
-1102
-1047
-987
-918
-839
-745
-636
-510
-366
-203
-25
166
369
577
786
991
1187
1368
1531
1674
1794
1890
1962
2012
2041
2050
2041
2017
1980
1930
1869
1797
1717
1627
1531
1427
1318
1206
1091
977
865
758
658
566
484
412
350
295
247
203
159
111
57
-8
-89
-186
-301
-434
-584
-748
-922
-1102
-1281
-1453
-1613
-1754
-1873
-1964
-2027
-2060
-2065
-2042
-1995
-1928
-1845
-1751
-1648
-1542
-1435
-1330
-1229
-1132
-1041
-955
-874
-797
-722
-649
-577
-503
-429
-352
-273
-192
-110
-27
54
133
207
274
332
378
410
428
429
414
384
339
281
213
138
59
-19
-94
-162
-220
-266
-298
-316
-320
-310
-289
-259
-223
-184
-144
-106
-73
-44
-21
-5
6
14
19
25
32
42
58
78
105
136
170
206
242
274
300
318
326
322
305
275
233
180
119
52
-16
-85
-149
-205
-250
-282
-298
-297
-279
-245
-196
-135
-64
13
95
179
260
338
410
473
527
571
603
623
632
629
615
593
564
531
495
460
427
400
379
366
363
368
381
403
431
463
498
533
566
595
616
629
632
622
599
563
512
448
371
283
184
78
-31
-144
-255
-361
-458
-545
-619
-676
-717
-739
-744
-730
-699
-651
-588
-511
-422
-323
-217
-107
4
114
218
313
394
460
507
535
542
528
495
445
381
306
227
147
74
14
-27
-45
-35
5
78
182
315
471
644
825
1006
1176
1328
1454
1548
1605
1623
1601
1543
1451
1331
1188
1027
856
679
502
327
159
0
-152
-294
-428
-552
-668
-776
-876
-968
-1049
-1120
-1179
-1224
-1255
-1269
-1267
-1249
-1215
-1167
-1108
-1039
-964
-886
-807
-730
-657
-589
-527
-472
-422
-378
-337
-298
-261
-223
-185
-146
-106
-66
-27
9
44
73
97
114
124
125
119
104
83
56
24
-11
-50
-90
-130
-169
-206
-241
-273
-301
-324
-343
-356
-362
-361
-351
-332
-303
-264
-214
-154
-84
-7
74
158
241
321
392
452
497
526
536
527
499
453
392
319
237
150
63
-19
-95
-160
-212
-249
-271
-278
-271
-252
-223
-188
-148
-106
-64
-23
14
48
80
109
135
161
185
210
234
259
284
307
329
347
359
366
363
351
328
293
247
189
122
46
-34
-119
-203
-286
-363
-432
-491
-539
-575
-598
-610
-611
-603
-586
-564
-537
-508
-477
-446
-414
-384
-354
-324
-296
-268
-242
-217
-194
-174
-159
-150
-149
-156
-175
-205
-249
-306
-377
-461
-556
-658
-765
-873
-975
