-267
-351
-430
-503
-568
-623
-669
-704
-730
-748
-760
-768
-774
-782
-793
-809
-832
-863
-902
-950
-1003
-1061
-1121
-1180
-1234
-1281
-1318
-1341
-1349
-1340
-1312
-1266
-1202
-1120
-1021
-905
-775
-631
-476
-312
-140
35
213
388
559
721
871
1006
1121
1215
1284
1328
1343
1330
1289
1221
1129
1016
886
746
601
457
321
197
91
6
-54
-90
-102
-90
-59
-11
48
115
184
251
312
364
403
429
440
436
418
387
344
290
229
160
87
12
-64
-140
-213
-282
-343
-397
-440
-473
-494
-503
-501
-488
-466
-436
-400
-359
-314
-265
-214
-160
-101
-38
30
105
188
279
376
479
585
693
798
899
990
1069
1133
1178
1200
1199
1172
1116
1032
918
775
602
401
174
-74
-342
-622
-910
-1196
-1473
-1732
-1964
-2162
-2316
-2422
-2474
-2469
-2408
-2290
-2122
-1907
-1653
-1369
-1064
-747
-427
-113
188
471
731
964
1168
1342
1487
1602
1689
1748
1781
1790
1775
1737
1676
1594
1492
1369
1228
1070
898
714
521
325
129
-60
-241
-407
-555
-681
-783
-860
-912
-939
-942
-923
-885
-832
-766
-692
-613
-532
-454
-381
-315
-259
-214
-179
-153
-137
-126
-118
-111
-101
-87
-65
-35
3
52
110
176
249
327
410
496
586
678
773
871
973
1079
1189
1302
1418
1534
1649
1759
1860
1947
2017
2065
2086
2078
2037
1964
1857
1719
1552
1360
1146
916
675
427
176
-73
-319
-560
-792
-1015
-1228
-1430
-1620
-1797
-1960
-2109
-2242
-2359
-2457
-2538
-2599
-2640
-2661
-2662
-2643
-2606
-2552
-2481
-2397
-2301
-2196
-2082
-1963
-1838
-1709
-1575
-1436
-1290
-1138
-979
-811
-636
-454
-267
-77
112
299
479
649
806
948
1074
1183
1275
1351
1411
1457
1491
1512
1522
1522
1510
1488
1453
1406
1346
1271
1181
1075
953
817
668
508
343
178
19
-127
-255
-357
-428
-463
-460
-417
-335
-216
-62
120
327
551
784
1018
1243
1451
1633
1782
1890
1952
1965
1925
1834
1693
1507
1282
1024
742
446
143
-155
-444
-714
-959
-1175
-1358
-1508
-1623
-1706
-1760
-1790
-1799
-1793
-1779
-1761
-1744
-1733
-1730
-1737
-1754
-1781
-1816
-1855
-1896
-1932
-1959
-1973
-1970
-1945
-1897
-1823
-1725
-1602
-1458
-1298
-1125
-945
-766
-594
-434
-294
-177
-88
-28
2
7
-11
-46
-90
-135
-173
-194
-193
-162
-100
-3
125
284
467
667
877
1089
1295
1488
1662
1814
1940
2040
2114
2164
2192
2202
2196
2177
2147
2110
2066
2016
1960
1899
1832
1759
1681
1599
1513
1424
1335
1248
1164
1084
1012
947
891
844
807
780
763
754
754
762
777
797
820
845
871
894
914
929
939
942
939
928
911
886
854
815
769
714
650
578
497
405
302
187
58
-85
-247
-429
-630
-853
-1097
-1360
-1639
-1929
-2225
-2520
-2805
-3073
-3315
-3523
-3691
-3813
-3886
-3908
-3879
-3800
-3675
-3509
-3307
-3075
-2819
-2546
-2259
-1963
-1662
-1358
-1052
-746
-441
-136
166
465
757
1040
1310
1562
1791
1993
2164
2300
2398
2458
2480
2464
2415
2335
2230
2106
1968
1822
1673
1527
1388
1259
1141
1037
947
869
803
746
695
649
605
561
514
464
409
350
284
213
137
57
-28
-116
-208
-303
-398
-493
-587
-678
-764
-842
-910
-965
-1003
-1023
-1021
-995
-944
-868
-766
-642
-498
-339
-171
0
164
317
450
556
628
663
658
610
521
392
229
36
-178
-406
-639
-867
-1079
-1268
-1424
-1541
-1613
-1639
-1618
-1551
-1442
-1298
-1124
-929
-721
-507
-296
-93
93
260
402
517
601
653
672
659
613
537
431
299
143
-33
-226
-433
-650
-873
-1099
-1323
-1541
-1750
-1945
-2122
-2276
-2405
-2504
-2569
-2599
-2592
-2545
-2460
-2337
-2178
-1985
-1761
-1511
-1238
-948
-644
-332
-17
295
601
895
1173
1430
1663
1870
2047
2193
2308
2391
2442
2462
2453
2417
2356
2272
2170
2052
1922
1785
1643
1502
1366
1237
1119
1015
929
862
816
794
796
824
876
953
1052
1170
1303
1446
1591
1733
1863
1974
2057
2107
2118
2087
2011
1891
1727
1523
1283
1013
719
406
84
-242
-564
-876
-1171
-1442
-1684
-1893
-2064
-2196
-2287
-2340
-2357
-2343
-2303
-2245
-2177
-2105
-2039
-1982
-1941
-1917
-1911
-1921
-1941
-1967
-1992
-2007
-2004
-1976
-1916
-1818
-1679
-1498
-1275
-1013
-717
-393
-50
303
660
1011
1348
1664
1953
2212
2437
2627
2783
2906
2999
3064
3106
3128
3133
3126
3108
3082
3049
3008
2960
2903
2835
2755
2661
2551
2424
2280
2120
1943
1752
1550
1339
1121
901
682
465
252
47
-150
-340
-521
-694
-859
-1016
-1167
-1313
-1453
-1590
-1723
-1854
-1984
-2111
-2237
-2360
-2478
-2592
-2697
-2793
-2877
-2945
-2996
-3027
-3035
-3018
-2975
-2905
-2808
-2683
-2532
-2358
-2162
-1950
-1724
-1492
-1256
-1023
-797
-583
-384
-204
-45
90
201
288
350
387
400
390
360
310
245
167
81
-10
-102
-190
-268
-333
-379
-404
-402
-373
-313
-223
-104
42
212
399
598
799
995
1175
1331
1453
1535
1569
1551
1480
1355
1180
959
700
411
103
-213
-527
-825
-1099
-1338
-1534
-1682
-1778
-1820
-1809
-1748
-1643
-1499
-1325
-1131
-925
-718
-518
-332
-166
-23
94
189
264
323
372
418
466
521
587
664
754
854
963
1077
1192
1302
1405
1496
1573
1633
1677
1706
1721
1728
1732
1736
1749
1774
1816
1878
1961
2065
2187
2321
2461
2600
2728
2838
2919
2964
2966
2919
2820
2668
2464
2209
1910
1572
1203
812
408
-1
-409
-809
-1196
-1568
-1922
-2258
-2576
-2878
-3163
-3430
-3681
-3911
-4119
-4301
-4454
-4572
-4654
-4695
-4692
-4645
-4552
-4414
-4233
-4010
-3749
-3455
-3131
-2784
-2418
-2040
-1656
-1271
-890
-519
-159
184
510
817
1104
1371
1619
1848
2058
2251
2426
2584
2725
2847
2951
3036
3101
3144
3165
3163
3140
3095
3031
2950
2854
2747
2631
2510
2388
2266
2146
2031
1921
1818
1720
1628
1542
1458
1378
1297
1216
1133
1046
954
857
756
652
545
438
334
236
145
64
-3
-59
-103
-135
-158
-174
-189
-205
-227
-260
-309
-377
-467
-581
-721
-886
-1077
-1291
-1526
-1777
-2041
-2311
-2583
-2849
-3103
-3337
-3544
-3719
-3853
-3943
-3984
-3974
-3911
-3796
-3631
-3420
-3168
-2882
-2570
-2240
-1902
-1564
-1237
-929
-647
-397
-184
-12
118
208
260
277
265
230
178
117
55
-2
-48
-77
-82
-61
-11
68
178
316
477
656
846
1038
1225
1399
1554
1684
1785
1857
1897
1908
1891
1847
1780
1691
1584
1460
1322
1172
1012
844
673
501
332
170
19
-115
-232
-326
-395
-436
-449
-434
-390
-319
-224
-108
25
172
327
484
638
783
914
1027
1118
1185
1225
1238
1224
1182
1114
1021
905
768
613
444
266
81
-102
-281
-450
-604
-737
-847
-930
-986
-1014
-1015
-992
-947
-885
-809
-725
-638
-552
-471
-399
-339
-291
-258
-239
-231
-234
-244
-256
-268
-274
-270
-254
-221
-171
-102
-13
92
215
351
497
651
806
960
1106
1242
1361
1461
1537
1586
1606
1597
1557
1489
1394
1275
1135
979
811
635
456
276
101
-66
-223
-367
-496
-607
-701
-775
-830
-865
-882
-881
-864
-833
-790
-738
-678
-614
-549
-485
-425
-370
-323
-284
-254
-234
-222
-217
-219
-225
-233
-242
-250
-254
-254
-247
-234
-212
-183
-146
-102
-51
4
63
124
182
237
285
325
354
371
376
370
354
330
299
267
234
204
180
162
152
150
155
165
178
192
203
210
209
198
176
141
93
33
-38
-119
-208
-303
-399
-494
-585
-669
-743
-805
-852
-884
-898
-896
-876
-841
-791
-729
-657
-579
-497
-415
-335
-260
-194
-137
-91
-57
-35
-26
-30
-45
-71
-107
-150
-199
-252
-307
-360
-409
-450
-482
-503
-510
-504
-482
-447
-398
-337
-265
-184
-94
3
108
222
346
481
628
790
967
1160
1367
1585
1812
2041
2266
2478
2669
2830
2953
3031
3057
3028
2941
2797
2599
2352
2062
1738
1390
1029
663
305
-37
-356
-646
-900
-1118
-1296
-1438
-1544
-1618
-1665
-1689
-1697
-1694
-1683
-1671
-1660
-1652
-1650
-1653
-1663
-1678
-1698
-1721
-1748
-1777
-1807
-1838
-1870
-1900
-1928
-1952
-1970
-1981
-1982
-1970
-1944
-1902
-1841
-1763
-1667
-1554
-1426
-1285
-1135
-978
-818
-659
-503
-352
-208
-73
54
175
290
402
512
624
740
862
991
1130
1278
1436
1602
1774
1950
2128
2303
2471
2628
2769
2889
2983
3046
3074
3062
3009
2912
2771
2588
2366
2109
1824
1518
1200
879
564
264
-12
-259
-470
-640
-769
-855
-900
-908
-884
-833
-764
-685
-602
-523
-455
-404
-373
-365
-382
-423
-486
-568
-666
-775
-889
-1005
-1116
-1218
-1306
-1376
-1426
-1454
-1459
-1440
-1398
-1335
-1253
-1153
-1040
-916
-785
-650
-514
-382
-256
-140
-37
49
116
162
185
185
160
111
42
-46
-150
-265
-385
-507
-623
-728
-818
-888
-935
-956
-949
-916
-856
-774
-671
-552
-420
-280
-135
10
154
295
431
561
683
798
905
1004
1093
1173
1241
1297
1339
1368
1380
1377
1358
1323
1273
1210
1134
1049
957
859
758
656
556
459
365
275
191
110
33
-40
-112
-182
-250
-318
-383
-444
-501
-551
-592
-622
-639
-643
-632
-606
-568
-519
-462
-401
-338
-279
-224
-178
-141
-115
-99
-92
-92
-97
-104
-111
-115
-115
-110
-99
-82
-60
-35
-10
14
36
54
67
74
76
76
74
73
77
87
104
130
163
204
249
296
341
381
413
433
440
432
408
370
317
252
175
91
0
-93
-189
-283
-375
-460
-538
-606
-663
-705
-733
-743
-736
-711
-667
-605
-527
-433
-327
-210
-85
43
175
307
437
563
683
795
900
995
1078
1149
1205
1245
1266
1268
1250
1211
1152
1075
980
873
755
631
504
378
257
144
41
-50
-129
-197
-253
-299
-338
-370
-397
-423
-448
-472
-498
-526
-554
-583
-612
-640
-666
-688
-705
-716
-719
-712
-696
-668
-628
-575
-510
-432
-343
-245
-139
-29
83
194
301
400
490
567
630
678
710
727
728
715
688
651
603
547
485
419
349
278
207
136
66
-1
-67
-130
-190
-249
-304
-358
-409
-459
-508
-555
-602
-649
-697
-745
-795
-846
-898
-950
-1001
-1049
-1093
-1130
-1158
-1174
-1176
-1160
-1126
-1072
-998
-905
-796
-674
-545
-412
-283
-162
-55
34
105
155
185
198
196
185
168
152
138
133
137
153
180
218
265
319
377
436
493
545
591
628
655
672
680
678
667
650
628
603
575
547
519
492
465
439
413
386
358
326
291
252
208
160
109
54
-1
-58
-112
-163
-208
-247
-278
-300
-315
-321
-319
-310
-295
-275
-253
-228
-204
-181
-160
-145
-134
-130
-132
-140
-153
-172
-193
-217
-242
-266
-289
-310
-329
-345
-358
-368
-375
-380
-381
-378
-371
-358
-338
-311
-274
-228
-171
-103
-24
65
163
269
381
497
612
725
831
927
1010
1077
1125
1154
1161
1146
1109
1053
977
884
777
659
532
400
267
135
9
-107
-212
-303
-376
-430
-464
-477
-469
-442
-397
-337
-265
-184
-99
-12
71
149
217
273
315
341
352
347
327
296
254
205
153
100
50
4
-33
-63
-84
-97
-101
-100
-95
-88
-82
-78
-79
-85
-99
-121
-150
-185
-227
-274
-325
-377
-429
-479
-524
-564
-595
-617
-628
-626
-612
-586
-550
-504
-452
-397
-342
-290
-244
-207
-180
-163
-155
-155
-160
-167
-173
-174
-167
-151
-122
-81
-28
37
114
199
291
386
482
576
664
746
