-160
-99
-30
47
132
224
322
423
525
626
724
815
897
969
1027
1072
1102
1117
1118
1107
1085
1055
1020
982
943
907
875
849
828
814
806
803
803
804
804
800
792
776
753
720
678
628
570
504
432
355
274
190
104
17
-69
-156
-242
-325
-406
-483
-555
-622
-683
-737
-785
-825
-860
-888
-912
-931
-948
-963
-976
-990
-1005
-1021
-1038
-1058
-1078
-1100
-1121
-1141
-1159
-1173
-1181
-1180
-1169
-1147
-1112
-1064
-1001
-926
-839
-742
-638
-530
-422
-316
-216
-126
-46
21
76
118
148
169
183
192
198
204
212
223
237
255
277
300
325
350
373
394
410
422
428
430
427
420
410
397
382
366
351
335
321
308
295
284
274
264
254
243
232
220
206
190
172
152
129
105
80
56
33
13
-2
-11
-13
-7
7
32
66
109
161
220
286
358
433
509
585
658
725
783
830
863
881
882
866
832
782
718
641
556
463
367
271
177
88
5
-67
-130
-180
-218
-242
-252
-247
-230
-199
-159
-111
-58
-4
46
91
126
149
158
151
130
93
44
-14
-81
-152
-223
-291
-353
-403
-441
-462
-466
-451
-418
-367
-301
-223
-137
-46
43
128
203
265
310
335
341
325
288
234
163
80
-11
-107
-203
-294
-377
-448
-503
-541
-559
-557
-535
-495
-437
-365
-282
-191
-96
0
91
176
251
315
365
400
422
429
423
407
382
351
317
283
252
228
211
206
212
230
261
303
355
415
480
548
616
681
739
788
824
846
852
840
808
758
688
600
494
374
240
96
-54
-210
-367
-522
-673
-817
-951
-1075
-1187
-1285
-1368
-1434
-1484
-1515
-1528
-1520
-1493
-1445
-1376
-1287
-1180
-1055
-916
-764
-604
-438
-271
-107
50
197
330
446
542
616
666
693
695
674
631
568
490
399
299
194
89
-11
-106
-191
-264
-324
-369
-401
-418
-423
-416
-399
-374
-343
-307
-269
-230
-193
-159
-130
-107
-91
-84
-84
-93
-107
-127
-150
-173
-195
-212
-224
-227
-221
-205
-177
-139
-90
-32
32
102
177
255
332
409
483
554
619
679
732
776
812
838
853
856
846
822
784
732
667
591
505
414
320
228
142
67
6
-36
-60
-65
-51
-19
25
80
140
201
257
303
337
354
352
331
290
229
152
60
-42
-153
-267
-379
-486
-584
-669
-737
-788
-819
-830
-821
-793
-748
-688
-616
-535
-449
-362
-276
-196
-124
-63
-13
22
46
57
56
45
27
3
-21
-47
-69
-86
-95
-94
-83
-60
-26
17
72
134
204
278
354
430
505
575
638
692
736
767
784
787
777
753
718
673
620
561
499
434
368
303
238
174
112
50
-9
-67
-123
-176
-225
-269
-307
-339
-366
-387
-403
-416
-428
-439
-452
-469
-491
-520
-555
-598
-647
-702
-762
-822
-881
-935
-980
-1011
-1025
-1018
-988
-934
-855
-753
-631
-492
-340
-180
-19
140
292
434
564
679
780
868
944
1010
1069
1124
1175
1225
1272
1317
1358
1391
1412
1418
1405
1367
1304
1212
1091
942
769
575
367
151
-66
-277
-475
-654
-808
-934
-1030
-1095
-1128
-1133
-1113
-1071
-1012
-941
-864
-785
-709
-642
-585
-542
-516
-506
-514
-539
-580
-633
-697
-768
-842
-915
-983
-1040
-1084
-1111
-1118
-1103
-1064
-1003
-919
-815
-693
-557
-411
-260
-109
35
171
291
393
474
530
563
571
558
524
474
411
341
268
196
129
72
28
-1
-14
-10
11
50
105
173
254
343
439
538
640
740
839
935
1026
1112
1192
1267
1336
1398
1454
1503
1544
1578
1602
1617
1620
1611
1589
1552
1500
1430
1341
1232
1103
952
778
584
368
134
-114
-373
-639
-903
-1160
-1401
-1620
-1810
-1965
-2081
-2155
-2186
-2175
-2124
-2038
-1922
-1781
-1623
-1453
-1278
-1102
-929
-763
-606
-460
-324
-200
-86
15
107
187
255
310
350
375
383
374
348
307
252
186
115
42
-25
-84
-128
-151
-150
-121
-64
22
135
272
428
597
772
946
1109
1256
1379
1472
1531
1553
1537
1483
1393
1272
1124
955
771
580
385
195
13
-156
-311
-449
-568
-667
-748
-810
-854
-880
-889
-882
-858
-818
-764
-696
-614
-522
-420
-311
-198
-83
29
137
239
330
409
473
522
555
571
572
558
531
493
446
392
334
272
209
146
83
22
-37
-95
-151
-203
-252
-295
-332
-361
-380
-387
-381
-360
-322
-269
-202
-122
-33
58
149
232
301
350
373
367
330
261
164
43
-94
-242
-391
-531
-654
-751
-817
-845
-835
-786
-700
-582
-437
-272
-96
82
257
420
566
689
785
852
890
898
877
829
758
665
555
432
298
160
19
-118
-250
-373
-485
-582
-664
-730
-778
-809
-823
-822
-806
-778
-739
-691
-636
-577
-516
-457
-401
-352
-311
-282
-265
-262
-273
-299
-340
-393
-456
-527
-601
-673
-739
-791
-825
-835
-817
-768
-688
-579
-443
-286
-117
57
226
383
518
626
702
745
754
732
685
617
538
454
373
301
245
209
194
201
229
274
332
397
462
522
571
602
612
597
556
489
395
277
139
-14
-180
-351
-522
-687
-839
-973
-1083
-1164
-1214
-1228
-1207
-1150
-1060
-940
-795
-633
-459
-282
-110
49
191
310
404
469
507
518
507
477
434
381
325
269
218
174
140
117
104
101
104
113
122
128
128
116
89
46
-15
-95
-193
-305
-428
-555
-682
-801
-906
-990
-1046
-1071
-1059
-1007
-916
-785
-616
-415
-185
65
328
597
862
1116
1351
1562
1743
1893
2009
2091
2141
2161
2155
2126
2079
2018
1947
1869
1788
1704
1618
1532
1445
1355
1261
1164
1061
952
837
717
593
466
338
211
89
-25
-130
-222
-297
-353
-387
-397
-382
-342
-276
-186
-74
56
201
357
515
671
817
945
1050
1124
1163
1163
1123
1041
920
762
572
356
120
-128
-381
-633
-875
-1102
-1309
-1489
-1641
-1760
-1846
-1898
-1915
-1900
-1854
-1779
-1680
-1561
-1427
-1284
-1138
-994
-859
-739
-639
-562
-511
-487
-490
-517
-563
-623
-691
-759
-819
-863
-885
-879
-841
-770
-666
-531
-370
-191
-1
189
372
537
677
786
859
893
890
852
783
688
575
451
323
196
78
-27
-119
-193
-250
-290
-316
-328
-329
-322
-310
-294
-275
-256
-237
-218
-200
-181
-162
-142
-120
-96
-68
-37
-2
35
77
123
170
217
264
307
345
375
394
401
395
375
341
296
241
179
113
48
-14
-71
-120
-158
-187
-205
-215
-218
-217
-215
-214
-219
-232
-254
-288
-335
-393
-463
-541
-626
-714
-801
-884
-960
-1024
-1075
-1110
-1128
-1128
-1110
-1075
-1023
-957
-879
-794
-704
-614
-529
-452
-388
-340
-309
-298
-304
-327
-362
-407
-454
-499
-536
-558
-563
-545
-504
-439
-352
-246
-124
5
138
268
389
494
581
645
687
706
704
684
649
603
548
489
427
366
304
245
187
132
80
32
-10
-45
-72
-87
-89
-74
-42
7
77
166
272
394
529
674
824
977
1128
1273
1410
1535
1646
1741
1819
1879
1921
1946
1954
1947
1927
1897
1859
1816
1769
1722
1677
1634
1593
1554
1515
1473
1426
1369
1300
1214
1111
988
844
682
501
307
102
-107
-316
-520
-711
-884
-1036
-1162
-1260
-1330
-1373
-1391
-1387
-1365
-1332
-1291
-1249
-1210
-1178
-1156
-1145
-1147
-1161
-1185
-1217
-1255
-1294
-1331
-1362
-1385
-1396
-1394
-1376
-1342
-1292
-1226
-1146
-1053
-950
-840
-724
-607
-491
-379
-271
-170
-76
9
88
158
221
275
322
362
394
418
435
444
447
444
435
421
401
377
348
314
277
235
189
142
93
45
0
-40
-73
-95
-106
-103
-84
-48
4
73
158
257
369
490
619
752
887
1018
1143
1258
1359
1441
1501
1535
1540
1514
1454
1361
1235
1078
893
684
457
217
-26
-269
-502
-718
-911
-1074
-1202
-1293
-1345
-1357
-1332
-1272
-1184
-1074
-949
-816
-684
-560
-450
-359
-291
-248
-232
-240
-272
-323
-390
-469
-553
-637
-718
-790
-850
-895
-923
-934
-929
-910
-880
-845
-809
-778
-758
-752
-766
-802
-861
-944
-1047
-1167
-1299
-1435
-1570
-1694
-1800
-1880
-1929
-1941
-1912
-1841
-1728
-1575
-1386
-1165
-920
-656
-382
-104
168
432
680
909
1114
1294
1448
1576
1681
1763
1826
1873
1907
1932
1952
1969
1985
2004
2026
2052
2080
2111
2143
2173
2198
2217
2224
2219
2198
2160
2102
2024
1927
1813
1684
1546
1403
1263
1133
1019
928
866
836
842
883
957
1058
1180
1314
1450
1577
1684
1761
1798
1788
1724
1604
1426
1191
905
572
202
-196
-611
-1032
-1446
-1841
-2208
-2537
-2821
-3054
-3233
-3358
-3429
-3450
-3426
-3361
-3263
-3138
-2993
-2835
-2669
-2499
-2331
-2166
-2006
-1852
-1703
-1558
-1416
-1276
-1135
-992
-846
-696
-543
-388
-230
-71
86
244
400
554
705
853
998
1139
1276
1407
1530
1644
1746
1835
1908
1964
2001
2018
2015
1993
1952
1894
1821
1737
1645
1549
1451
1356
1267
1185
1113
1050
995
948
906
866
826
782
732
673
604
523
430
324
208
82
-51
-190
-331
-470
-604
-729
-843
-942
-1025
-1089
-1135
-1164
-1176
-1174
-1161
-1141
-1117
-1094
-1074
-1061
-1055
-1059
-1071
-1092
-1118
-1147
-1177
-1204
-1225
-1237
-1238
-1226
-1200
-1160
-1107
-1042
-967
-885
-798
-710
-623
-541
-467
-402
-350
-310
-284
-272
-273
-284
-305
-331
-361
-391
-417
-437
-448
-448
-436
-412
-377
-333
-284
-233
-186
-147
-122
-113
-126
-162
-221
-303
-405
-523
-651
-784
-914
-1035
-1141
-1225
-1282
-1310
-1306
-1268
-1199
-1100
-975
-829
-665
-490
-310
-128
48
217
373
513
635
737
817
876
914
933
936
925
905
882
860
845
843
859
897
961
1053
1176
1327
1506
1707
1926
2156
2389
2614
2822
3003
3148
3248
3295
3285
3216
3086
2899
2660
2375
2054
1707
1346
981
623
283
-32
-316
-563
-770
-936
-1063
-1152
-1207
-1233
-1235
-1220
-1192
-1159
-1124
-1093
-1068
-1052
-1046
-1050
-1064
-1085
-1111
-1139
-1166
-1188
-1203
-1209
-1204
-1188
-1160
-1122
-1076
-1025
-972
-919
-870
-827
-792
-765
-747
-737
-732
-731
-731
-728
-719
-701
-672
-630
-574
-505
-423
-329
-225
-113
2
122
243
362
479
591
697
798
891
976
1051
1117
1171
1213
1242
1256
1254
1236
1203
1153
1090
1013
924
825
719
608
492
376
260
147
38
-65
-163
-253
-335
-407
-468
-518
-557
-583
-598
-601
-593
-575
-549
-517
-479
-438
-397
-357
-319
-287
-261
-241
-229
-224
-226
-233
-244
-258
-274
-290
-306
-320
-333
-344
-351
-354
-353
-346
-330
-306
-270
-221
-159
-81
11
121
246
386
538
699
866
1034
1198
1352
1490
1605
1694
1750
1771
1755
1702
1615
1497
1353
1191
1016
837
660
490
333
191
67
-39
-128
-202
-264
-316
-361
-403
-445
-488
-535
-586
-641
-699
-756
-811
-860
-899
-925
-935
-926
-899
-853
-790
-713
-625
-532
-437
-345
-259
-184
-120
-69
-30
-2
16
29
40
53
69
93
126
169
221
281
348
417
485
547
601
641
665
670
654
617
559
483
391
285
172
53
-65
-181
-292
-396
-491
-578
-656
-728
-794
-854
-909
-960
-1004
-1041
-1068
-1083
-1083
-1066
-1029
-972
-894
-794
-673
-534
-379
-211
-35
144
322
494
655
799
922
1021
1092
1134
1146
1131
