435
479
531
589
653
723
796
873
951
1029
1104
1173
1234
1285
1321
1341
1341
1318
1271
1197
1096
967
813
635
438
226
4
-221
-444
-659
-861
-1047
-1212
-1357
-1480
-1583
-1668
-1737
-1792
-1835
-1869
-1893
-1908
-1913
-1906
-1885
-1848
-1791
-1712
-1611
-1486
-1337
-1168
-980
-778
-567
-353
-142
60
249
419
567
690
788
862
913
945
961
965
962
957
953
953
959
974
997
1027
1064
1105
1147
1190
1230
1266
1297
1324
1344
1361
1373
1381
1387
1388
1385
1375
1356
1326
1281
1218
1135
1029
898
743
562
359
136
-100
-347
-595
-838
-1067
-1276
-1456
-1601
-1709
-1775
-1801
-1787
-1737
-1656
-1551
-1429
-1297
-1163
-1032
-911
-803
-713
-641
-589
-554
-536
-530
-534
-544
-555
-564
-568
-564
-550
-525
-490
-445
-391
-329
-261
-190
-118
-47
19
81
134
176
206
221
221
205
173
127
68
0
-74
-151
-226
-294
-351
-393
-416
-418
-398
-356
-295
-216
-124
-23
81
186
284
372
447
507
550
576
588
587
576
559
539
519
504
496
496
506
528
559
600
649
703
761
819
875
926
970
1005
1030
1042
1041
1026
995
950
888
811
720
614
497
369
234
96
-40
-173
-296
-406
-498
-570
-619
-644
-646
-625
-585
-528
-458
-380
-299
-219
-145
-79
-26
13
37
46
40
20
-11
-54
-106
-165
-228
-294
-360
-425
-488
-548
-602
-651
-693
-728
-756
-777
-789
-794
-791
-780
-763
-739
-709
-674
-636
-595
-553
-510
-467
-426
-387
-350
-316
-285
-257
-232
-210
-190
-172
-155
-139
-122
-104
-83
-60
-33
-2
32
72
115
162
212
265
320
376
435
494
553
612
669
724
775
821
859
889
908
915
909
889
854
805
743
668
584
492
396
298
204
116
37
-27
-77
-110
-124
-120
-99
-62
-13
46
111
178
242
301
350
386
406
409
393
358
302
226
133
23
-100
-235
-377
-521
-662
-797
-920
-1027
-1113
-1176
-1213
-1222
-1204
-1160
-1092
-1004
-901
-787
-669
-551
-439
-339
-253
-184
-136
-107
-97
-104
-125
-157
-194
-232
-266
-291
-303
-298
-273
-228
-160
-72
33
154
286
423
559
689
804
901
972
1013
1022
997
939
848
730
588
428
258
83
-88
-252
-400
-529
-634
-714
-766
-789
-785
-756
-703
-630
-540
-438
-325
-207
-87
33
151
265
373
474
566
649
721
783
834
874
903
921
930
929
919
902
878
848
813
772
727
677
622
561
495
423
345
261
170
72
-30
-138
-249
-361
-472
-580
-682
-774
-854
-918
-966
-995
-1004
-993
-962
-913
-847
-768
-676
-575
-468
-357
-244
-131
-20
87
191
291
385
473
555
629
696
754
803
842
870
887
890
881
856
817
762
692
605
505
392
268
138
5
-126
-252
-367
-467
-549
-610
-647
-661
-652
-622
-573
-508
-432
-348
-262
-176
-95
-22
40
91
130
155
168
169
159
139
112
79
41
1
-38
-77
-112
-141
-164
-177
-179
-171
-150
-118
-75
-22
36
100
165
227
283
330
366
389
398
393
375
345
307
263
215
167
122
82
49
24
7
0
0
6
18
33
51
69
85
101
114
124
133
139
144
147
149
148
143
134
117
91
53
1
-66
-151
-253
-373
-507
-653
-807
-963
-1116
-1258
-1381
-1480
-1547
-1577
-1566
-1512
-1415
-1276
-1100
-892
-659
-409
-150
107
356
587
794
970
1110
1210
1267
1279
1247
1172
1056
903
715
500
262
10
-250
-511
-763
-999
-1211
-1392
-1535
-1636
-1691
-1700
-1663
-1582
-1461
-1307
-1125
-923
-710
-493
-281
-80
102
263
398
506
587
643
676
692
693
687
677
668
663
666
678
700
730
767
808
852
895
934
967
991
1004
1005
996
976
947
911
870
828
785
745
710
679
654
635
621
611
604
598
594
590
586
581
576
571
566
561
555
547
535
517
490
452
400
332
249
148
31
-98
-241
-392
-547
-704
-858
-1005
-1144
-1272
-1386
-1486
-1570
-1638
-1690
-1724
-1741
-1739
-1718
-1677
-1616
-1533
-1428
-1302
-1156
-991
-811
-618
-419
-217
-20
167
339
491
619
721
795
841
861
857
833
792
738
675
607
537
467
399
336
278
226
180
142
111
87
71
62
61
67
80
99
124
153
184
216
246
273
294
307
310
301
280
246
200
142
77
6
-65
-134
-197
-247
-281
-297
-290
-259
-203
-124
-21
100
237
386
539
691
836
966
1075
1157
1209
1226
1207
1150
1058
932
777
599
403
196
-13
-219
-416
-597
-759
-898
-1012
-1100
-1164
-1202
-1219
-1215
-1193
-1156
-1107
-1047
-979
-906
-829
-749
-669
-589
-511
-437
-368
-305
-251
-206
-172
-150
-140
-143
-158
-184
-219
-262
-309
-359
-409
-457
-500
-537
-567
-590
-605
-613
-615
-612
-604
-594
-582
-569
-554
-538
-519
-496
-468
-432
-386
-330
-261
-178
-82
27
150
284
427
578
734
892
1049
1203
1350
1487
1612
1721
1813
1885
1935
1961
1962
1939
1890
1817
1722
1606
1473
1325
1167
1000
831
661
495
337
188
53
-66
-170
-256
-323
-373
-406
-422
-423
-412
-391
-362
-329
-294
-261
-233
-214
-206
-212
-234
-272
-328
-400
-487
-587
-695
-807
-921
-1030
-1130
-1218
-1290
-1342
-1372
-1379
-1363
-1324
-1263
-1184
-1088
-980
-863
-741
-618
-498
-383
-274
-174
-81
3
83
158
232
305
381
459
541
627
714
803
889
971
1044
1106
1154
1183
1193
1182
1148
1092
1016
922
814
695
570
445
323
210
108
20
-52
-112
-161
-201
-238
-276
-321
-378
-451
-544
-657
-791
-942
-1107
-1277
-1446
-1605
-1744
-1853
-1927
-1957
-1940
-1874
-1760
-1601
-1402
-1171
-915
-642
-363
-84
186
442
679
893
1082
1243
1378
1486
1567
1622
1654
1662
1648
1613
1560
1490
1407
1312
1211
1107
1005
910
825
756
705
674
663
673
699
740
791
847
902
952
992
1019
1031
1026
1004
967
917
856
789
719
650
583
521
464
410
359
305
246
177
93
-9
-133
-279
-447
-635
-839
-1054
-1273
-1490
-1697
-1889
-2059
-2202
-2315
-2395
-2441
-2453
-2433
-2381
-2302
-2197
-2071
-1927
-1768
-1597
-1418
-1232
-1043
-852
-661
-472
-287
-107
64
227
379
517
641
750
842
917
977
1021
1053
1074
1087
1094
1100
1106
1116
1132
1154
1185
1223
1268
1317
1368
1418
1464
1500
1523
1530
1516
1481
1421
1336
1227
1096
943
774
590
398
200
2
-192
-379
-556
-720
-870
-1002
-1118
-1215
-1296
-1358
-1405
-1435
-1450
-1451
-1439
-1416
-1382
-1339
-1288
-1230
-1165
-1095
-1019
-938
-852
-762
-667
-568
-468
-366
-265
-168
-78
0
66
115
144
150
133
94
32
-47
-141
-244
-351
-453
-544
-619
-671
-697
-692
-656
-590
-496
-377
-240
-90
65
219
366
499
612
703
769
810
825
817
789
744
686
621
552
483
416
356
302
257
219
189
165
146
130
117
105
94
83
74
66
60
58
59
64
72
84
97
111
123
130
131
124
107
80
42
-5
-61
-125
-192
-261
-328
-391
-447
-495
-533
-560
-576
-581
-576
-563
-541
-512
-478
-439
-395
-348
-296
-240
-180
-116
-48
23
96
170
242
310
371
422
459
480
482
465
427
367
289
193
83
-36
-160
-285
-404
-512
-604
-677
-727
-752
-750
-723
-670
-594
-497
-382
-252
-110
39
194
353
511
668
820
967
1106
1234
1351
1452
1537
1602
1644
1662
1653
1616
1549
1454
1333
1187
1022
843
656
469
290
126
-16
-130
-212
-258
-267
-240
-178
-84
36
179
339
509
686
863
1036
1201
1354
1491
1608
1704
1774
1816
1827
1806
1749
1656
1527
1362
1162
931
671
387
84
-231
-556
-884
-1209
-1525
-1828
-2114
-2379
-2619
-2831
-3014
-3164
-3281
-3362
-3406
-3413
-3381
-3310
-3201
-3055
-2873
-2660
-2419
-2154
-1873
-1581
-1284
-992
-710
-446
-206
5
183
327
434
505
544
553
537
504
459
410
363
327
306
306
329
379
455
556
678
818
970
1128
1286
1438
1578
1701
1803
1879
1929
1949
1941
1902
1835
1740
1620
1478
1316
1138
948
751
552
356
167
-8
-168
-308
-426
-520
-590
-636
-661
-667
-657
-635
-606
-574
-543
-515
-493
-479
-473
-474
-480
-490
-500
-507
-508
-500
-482
-453
-413
-363
-305
-241
-176
-113
-54
-4
35
63
77
79
68
48
22
-8
-38
-66
-87
-100
-102
-93
-73
-44
-6
38
87
136
185
229
267
296
315
321
314
291
252
197
127
41
-58
-169
-291
-419
-552
-685
-816
-940
-1053
-1153
-1236
-1299
-1339
-1353
-1342
-1304
-1241
-1153
-1045
-919
-779
-630
-477
-325
-176
-36
91
206
307
391
460
512
550
575
586
586
577
559
535
506
475
443
412
382
357
336
320
310
305
306
312
322
334
346
358
367
371
370
362
348
329
307
284
264
252
251
265
299
355
434
537
660
800
951
1106
1256
1392
1506
1587
1628
1623
1568
1461
1305
1102
859
587
295
-3
-296
-571
-817
-1024
-1185
-1296
-1356
-1366
-1332
-1260
-1159
-1039
-912
-786
-672
-578
-509
-469
-458
-477
-521
-584
-661
-744
-824
-893
-944
-971
-969
-935
-869
-772
-647
-498
-331
-153
29
210
382
540
681
800
897
972
1026
1063
1086
1101
1111
1121
1136
1158
1189
1229
1277
1331
1387
1442
1490
1526
1546
1545
1520
1466
1384
1271
1128
959
766
553
327
94
-139
-366
-582
-781
-960
-1115
-1246
-1353
-1437
-1500
-1544
-1572
-1587
-1589
-1581
-1562
-1534
-1496
-1447
-1388
-1317
-1234
-1140
-1035
-921
-798
-669
-537
-403
-272
-146
-26
83
183
271
348
413
468
513
551
583
610
634
655
673
687
698
703
700
690
670
639
597
545
483
412
334
252
167
83
1
-76
-148
-212
-268
-314
-351
-378
-396
-405
-407
-401
-389
-370
-346
-318
-285
-248
-210
-170
-130
-92
-58
-29
-7
7
12
8
-4
-26
-54
-88
-125
-163
-199
-231
-257
-277
-288
-293
-291
-284
-274
-264
-257
-255
-261
-276
-301
-337
-382
-434
-491
-549
-603
-650
-685
-704
-705
-685
-643
-581
-499
-402
-293
-177
-61
49
150
236
304
351
376
380
365
333
289
237
182
128
80
42
17
5
10
30
65
113
173
242
316
392
467
537
599
648
684
703
704
688
654
604
540
465
383
297
211
129
53
-13
-69
-115
-149
-174
-191
-203
-212
-221
-231
-246
-266
-293
-327
-367
-412
-461
-511
-559
-604
-642
-670
-688
-693
-685
-661
-624
-573
-509
-435
-351
-260
-164
-65
35
136
234
330
422
508
588
661
727
783
830
866
891
903
901
885
856
812
755
686
607
520
430
338
250
169
97
39
-2
-27
-33
-22
4
46
100
161
225
288
345
393
426
442
439
416
371
307
225
128
19
-96
-217
-338
-456
-569
-673
-768
-852
-923
-981
-1026
-1056
-1071
-1070
-1054
-1022
-974
-911
-835
-746
-649
-544
-436
-327
-221
-122
-32
45
109
158
191
208
210
199
178
151
121
94
73
64
71
97
147
221
322
449
601
776
969
1178
1397
1620
1842
2056
2256
2435
2589
2712
2798
2846
2851
2813
2733
2610
2448
2252
2025
1775
1509
1232
953
678
414
166
-62
-269
