86
110
134
155
175
193
211
228
245
262
279
298
317
337
358
380
400
420
437
450
458
460
455
441
419
388
348
301
246
186
122
57
-6
-67
-121
-166
-201
-223
-232
-227
-208
-175
-131
-77
-14
52
122
192
258
317
368
409
437
451
453
440
416
380
335
282
225
165
104
44
-11
-64
-112
-154
-190
-221
-247
-268
-284
-296
-303
-307
-307
-303
-295
-283
-267
-246
-222
-195
-166
-136
-106
-77
-52
-30
-13
-2
2
0
-7
-21
-40
-64
-91
-119
-148
-177
-203
-226
-244
-258
-265
-267
-263
-253
-239
-220
-198
-175
-151
-127
-104
-84
-68
-55
-46
-42
-42
-46
-55
-67
-82
-100
-120
-141
-162
-184
-204
-222
-238
-251
-259
-263
-261
-254
-242
-224
-202
-176
-146
-114
-80
-45
-11
23
56
87
117
146
172
197
221
243
263
281
298
314
327
339
350
360
368
376
382
387
389
387
382
371
354
329
298
260
215
165
110
54
-2
-57
-108
-153
-190
-217
-234
-239
-233
-216
-190
-157
-120
-80
-42
-8
20
40
51
54
48
35
18
-2
-23
-41
-54
-61
-59
-49
-29
0
37
80
128
176
224
267
303
329
345
349
340
319
287
245
195
140
81
20
-40
-100
-157
-211
-261
-307
-350
-389
-425
-460
-492
-522
-550
-577
-601
-623
-641
-654
-662
-663
-657
-642
-618
-585
-543
-491
-430
-362
-286
-205
-120
-33
55
142
226
306
381
449
509
560
601
632
653
662
662
651
631
603
568
529
488
447
407
371
340
316
299
289
286
288
294
302
311
318
322
321
314
300
280
254
223
187
150
111
73
37
3
-25
-51
-73
-91
-107
-121
-135
-149
-165
-184
-205
-228
-255
-284
-314
-345
-375
-405
-432
-456
-476
-492
-503
-509
-510
-505
-495
-480
-460
-434
-403
-368
-328
-285
-238
-190
-141
-93
-47
-5
30
59
81
93
96
90
75
52
23
-10
-47
-84
-120
-153
-181
-202
-216
-221
-218
-205
-184
-155
-118
-75
-26
26
83
142
203
265
326
386
443
497
545
586
620
646
661
666
661
644
617
580
533
479
419
355
289
224
162
105
57
17
-13
-33
-46
-51
-52
-52
-52
-57
-69
-89
-120
-160
-211
-271
-336
-405
-474
-540
-599
-648
-684
-707
-714
-705
-683
-648
-603
-551
-494
-436
-379
-325
-277
-234
-197
-167
-141
-120
-101
-83
-65
-45
-22
3
32
64
99
135
172
206
238
265
285
298
302
297
283
259
227
189
146
100
56
14
-20
-47
-63
-66
-57
-34
1
49
106
170
239
309
377
440
496
542
577
600
611
611
601
583
560
533
507
482
462
447
440
440
447
459
475
491
503
509
505
487
453
401
330
240
132
8
-128
-273
-422
-570
-712
-842
-957
-1053
-1127
-1175
-1198
-1195
-1167
-1116
-1044
-954
-850
-737
-617
-496
-377
-264
-160
-67
11
76
125
159
178
183
176
158
131
99
64
27
-7
-39
-66
-87
-102
-110
-112
-109
-100
-87
-71
-52
-31
-9
14
38
64
92
121
152
186
221
259
299
340
382
426
469
512
554
594
632
668
700
728
752
771
785
794
796
793
785
772
755
733
709
681
650
615
576
532
482
424
358
283
198
104
1
-108
-223
-340
-457
-569
-674
-768
-847
-910
-955
-980
-986
-973
-945
-903
-850
-790
-728
-665
-604
-548
-498
-454
-416
-382
-352
-323
-293
-262
-227
-189
-146
-99
-49
2
52
99
140
174
197
208
208
196
173
141
103
62
20
-19
-53
-79
-96
-103
-99
-85
-62
-30
7
50
96
141
184
223
256
280
295
301
296
282
260
230
195
156
115
73
33
-5
-40
-73
-101
-126
-148
-168
-186
-202
-217
-232
-246
-259
-272
-283
-291
-296
-296
-291
-280
-261
-236
-203
-165
-120
-71
-18
36
92
147
201
253
301
345
384
417
444
464
476
480
477
467
450
428
401
373
343
313
283
255
229
204
181
158
136
114
91
66
41
14
-13
-43
-75
-108
-143
-180
-220
-261
-304
-348
-393
-437
-479
-517
-551
-580
-601
-616
-622
-621
-614
-600
-580
-557
-531
-502
-471
-439
-407
-374
-341
-308
-275
-242
-209
-177
-146
-115
-85
-55
-26
2
29
56
82
107
131
154
175
196
216
233
249
263
275
284
291
294
295
294
290
284
276
268
258
249
238
227
216
204
191
178
164
150
137
126
117
113
114
122
136
159
189
227
271
320
374
428
481
531
573
606
627
634
624
596
550
487
408
315
211
101
-11
-121
-226
-320
-400
-464
-509
-534
-538
-523
-488
-437
-371
-294
-209
-118
-25
65
152
232
304
365
415
452
476
488
488
475
451
417
372
319
257
188
112
32
-53
-141
-231
-321
-410
-496
-577
-652
-721
-780
-830
-871
-901
-920
-929
-928
-918
-898
-870
-834
-791
-741
-684
-620
-549
-472
-389
-299
-205
-106
-5
96
197
294
385
469
542
604
654
690
713
722
719
704
677
641
596
543
485
422
357
291
227
167
112
65
27
0
-17
-25
-23
-13
2
24
49
78
108
139
172
205
238
272
305
336
364
389
409
421
427
423
410
387
355
315
266
210
150
85
18
-48
-114
-177
-236
-291
-340
-382
-418
-449
-473
-493
-507
-518
-526
-531
-533
-534
-532
-529
-524
-518
-510
-501
-490
-478
-465
-450
-433
-414
-392
-367
-340
-308
-273
-234
-192
-146
-97
-47
3
55
105
152
196
235
268
294
313
324
327
322
309
290
264
234
200
165
130
96
64
36
12
-6
-21
-31
-37
-37
-33
-24
-8
13
42
79
125
178
238
303
372
442
510
572
624
664
687
692
678
643
589
516
428
328
219
107
-3
-110
-208
-294
-366
-421
-459
-479
-482
-469
-442
-403
-355
-299
-238
-176
-114
-54
1
51
95
132
162
186
203
214
221
223
222
218
210
199
184
165
141
111
75
31
-20
-80
-148
-225
-308
-396
-488
-580
-670
-753
-828
-891
-938
-968
-979
-968
-935
-880
-803
-706
-590
-458
-313
-158
2
165
326
481
626
758
874
973
1051
1110
1148
1167
1168
1153
1123
1081
1029
970
905
835
762
685
606
523
436
346
252
155
54
-48
-151
-254
-353
-448
-535
-613
-679
-733
-773
-799
-810
-808
-793
-767
-730
-685
-633
-575
-514
-452
-388
-326
-265
-207
-154
-107
-67
-35
-11
1
4
-3
-21
-48
-83
-124
-168
-211
-252
-287
-312
-326
-326
-311
-282
-238
-181
-112
-34
48
134
220
302
378
444
499
541
569
583
584
573
552
523
489
451
413
375
340
308
281
259
240
226
215
206
199
194
189
185
183
181
182
185
192
203
217
235
255
276
295
311
319
318
302
271
220
150
59
-51
-181
-327
-486
-654
-826
-997
-1163
-1318
-1458
-1579
-1677
-1750
-1794
-1808
-1792
-1745
-1669
-1565
-1435
-1284
-1114
-930
-737
-538
-339
-142
47
228
398
554
695
822
934
1032
1116
1187
1245
1293
1331
1359
1379
1389
1391
1385
1370
1346
1314
1274
1225
1169
1107
1040
969
895
821
747
676
609
546
489
436
389
345
303
262
219
171
118
57
-12
-91
-179
-275
-378
-484
-591
-696
-795
-886
-966
-1032
-1082
-1116
-1133
-1133
-1118
-1087
-1044
-991
-929
-860
-788
-713
-637
-561
-487
-415
-344
-277
-211
-148
-88
-30
25
78
130
181
229
277
322
366
407
444
477
504
524
536
538
529
509
478
436
383
322
253
179
102
23
-54
-129
-200
-265
-325
-377
-423
-462
-496
-524
-547
-567
-584
-597
-608
-616
-621
-622
-619
-610
-595
-573
-543
-504
-458
-402
-338
-266
-187
-101
-11
82
179
277
376
475
571
665
754
839
917
987
1049
1100
1140
1167
1180
1179
1162
1131
1085
1024
950
865
771
671
567
464
364
271
188
118
63
26
7
8
29
70
130
209
303
410
528
652
777
899
1013
1113
1194
1249
1276
1269
1227
1147
1029
875
686
468
225
-36
-310
-589
-865
-1131
-1381
-1607
-1806
-1973
-2106
-2205
-2269
-2302
-2307
-2287
-2250
-2199
-2142
-2082
-2025
-1974
-1929
-1893
-1863
-1837
-1811
-1781
-1740
-1684
-1606
-1504
-1374
-1215
-1025
-808
-567
-307
-34
244
520
787
1036
1261
1457
1619
1745
1834
1886
1904
1891
1850
1788
1709
1618
1520
1420
1322
1227
1140
1059
986
920
861
807
756
707
659
612
563
514
464
413
362
312
264
219
176
137
103
72
45
22
4
-10
-22
-29
-33
-33
-30
-23
-14
-3
9
22
34
45
54
60
61
57
47
31
6
-25
-66
-116
-174
-241
-316
-397
-483
-571
-660
-746
-827
-901
-964
-1015
-1052
-1074
-1080
-1070
-1044
-1005
-952
-887
-813
-732
-645
-554
-462
-369
-279
-192
-110
-34
35
97
151
197
234
263
282
293
294
288
273
251
223
188
150
108
65
22
-17
-52
-79
-96
-101
-93
-69
-29
24
92
170
256
345
432
513
582
637
673
688
682
654
606
539
457
361
256
145
33
-78
-186
-288
-380
-462
-531
-587
-629
-656
-668
-665
-647
-613
-565
-503
-427
-338
-239
-130
-15
104
225
345
461
570
671
762
841
908
963
1005
1036
1055
1065
1065
1059
1046
1030
1012
994
975
957
940
923
903
880
850
811
760
695
614
515
400
268
121
-37
-205
-379
-554
-727
-893
-1048
-1188
-1311
-1413
-1492
-1547
-1577
-1581
-1561
-1517
-1450
-1363
-1259
-1140
-1009
-870
-726
-581
-439
-302
-174
-58
41
123
185
225
242
237
209
160
93
12
-79
-176
-273
-365
-448
-518
-570
-603
-617
-610
-585
-544
-490
-426
-356
-283
-211
-142
-78
-18
36
87
136
184
234
288
348
414
488
569
658
753
853
955
1056
1155
1249
1335
1410
1474
1524
1559
1579
1583
1572
1545
1503
1447
1377
1294
1199
1092
974
845
707
561
409
251
91
-69
-228
-383
-530
-669
-795
-907
-1004
-1084
-1146
-1190
-1215
-1222
-1212
-1186
-1145
-1093
-1030
-960
-886
-810
-735
-665
-601
-544
-498
-461
-435
-420
-414
-416
-425
-439
-457
-476
-495
-513
-527
-537
-540
-537
-527
-510
-485
-454
-416
-373
-325
-272
-216
-158
-97
-35
26
89
149
208
262
311
352
384
406
415
411
393
361
314
255
184
103
16
-74
-164
-251
-330
-398
-451
-486
-500
-492
-459
-402
-322
-220
-100
35
181
333
485
631
767
889
992
1073
1133
1169
1182
1175
1150
1109
1057
997
933
867
802
740
682
627
575
526
476
426
373
315
252
183
106
23
-65
-160
-258
-360
-462
-562
-659
-749
-830
-899
-953
-991
-1011
-1011
-991
-951
-893
-816
-723
-616
-498
-370
-235
-95
46
188
327
461
588
706
812
906
984
1047
1092
1119
1128
1118
1089
1043
981
902
810
705
589
464
331
193
50
-95
-242
-389
-535
-676
-812
-938
-1053
-1153
-1235
-1297
-1336
-1350
-1339
-1304
-1246
-1166
-1068
-955
-832
-703
-572
-443
-320
-205
-101
-9
69
135
190
