-74
-16
34
78
115
145
168
184
194
197
193
183
168
147
121
91
58
24
-9
-41
-70
-94
-112
-124
-128
-124
-112
-92
-66
-33
3
44
87
131
174
216
255
290
321
348
370
388
401
409
414
414
412
406
398
387
375
361
347
332
318
305
294
285
278
273
270
268
267
264
258
248
232
209
177
137
87
28
-36
-108
-182
-258
-331
-400
-461
-513
-554
-582
-597
-599
-587
-563
-528
-483
-431
-372
-309
-244
-179
-115
-55
0
50
94
130
160
183
200
212
218
221
222
220
217
214
211
207
203
199
193
185
174
160
141
117
87
53
16
-23
-63
-102
-137
-166
-189
-202
-207
-203
-191
-171
-147
-118
-86
-54
-22
7
34
57
77
91
101
105
104
97
84
66
43
14
-17
-53
-93
-135
-179
-225
-272
-318
-364
-408
-450
-487
-519
-545
-563
-572
-571
-560
-538
-507
-465
-415
-358
-294
-226
-155
-82
-10
60
127
190
248
300
346
385
419
447
470
489
503
514
522
528
531
533
532
528
520
509
494
474
449
419
384
346
304
261
217
174
133
95
61
31
6
-14
-30
-43
-53
-61
-67
-74
-82
-92
-103
-117
-134
-153
-173
-193
-212
-229
-243
-252
-256
-254
-247
-235
-219
-200
-180
-160
-142
-127
-116
-111
-111
-116
-126
-139
-154
-169
-182
-191
-195
-194
-188
-176
-160
-142
-125
-109
-98
-93
-95
-105
-122
-145
-172
-200
-226
-248
-262
-265
-255
-231
-191
-135
-65
16
107
204
303
399
487
563
623
663
683
679
651
601
531
443
342
233
122
14
-84
-168
-231
-269
-279
-259
-209
-129
-22
105
249
402
556
703
837
951
1040
1102
1135
1141
1120
1075
1011
932
842
746
649
554
466
386
316
257
208
168
135
106
79
52
22
-12
-52
-98
-149
-205
-265
-326
-388
-448
-504
-555
-600
-639
-669
-692
-706
-712
-710
-700
-684
-661
-633
-600
-564
-526
-488
-450
-413
-380
-352
-328
-309
-296
-288
-283
-282
-281
-280
-277
-270
-257
-238
-213
-180
-141
-97
-49
0
48
94
136
170
195
211
214
206
185
152
108
54
-7
-74
-144
-215
-283
-346
-401
-447
-481
-503
-512
-508
-491
-463
-423
-374
-317
-254
-188
-119
-52
13
76
134
187
235
278
316
350
379
406
429
449
466
478
487
489
484
471
449
416
371
315
246
167
77
-19
-122
-228
-334
-438
-537
-627
-708
-778
-835
-879
-908
-923
-924
-910
-882
-839
-783
-713
-632
-539
-437
-328
-213
-97
17
127
229
320
395
453
492
509
505
479
435
373
298
212
121
27
-64
-152
-232
-302
-361
-409
-444
-468
-481
-485
-480
-469
-453
-434
-412
-390
-368
-347
-328
-310
-292
-276
-259
-240
-218
-192
-161
-123
-77
-24
36
104
176
252
328
402
470
529
576
609
626
626
609
576
528
469
402
330
258
190
128
77
38
12
1
4
19
46
81
123
168
214
260
304
343
379
411
438
463
485
505
524
543
561
579
595
610
622
630
635
636
633
626
617
606
595
584
574
568
564
564
568
574
583
594
604
613
619
620
614
600
577
543
499
445
382
311
234
154
72
-7
-83
-153
-214
-264
-303
-328
-340
-338
-323
-296
-258
-212
-159
-104
-47
7
56
98
131
151
159
153
133
100
54
-1
-67
-140
-218
-298
-379
-458
-534
-603
-664
-714
-753
-779
-788
-782
-758
-716
-656
-579
-486
-380
-264
-140
-13
114
237
353
457
548
623
679
716
734
732
712
674
620
553
476
390
298
205
111
21
-62
-139
-206
-262
-307
-339
-359
-368
-367
-357
-340
-319
-296
-272
-251
-234
-223
-220
-224
-238
-259
-289
-325
-366
-411
-457
-501
-542
-576
-603
-620
-626
-622
-608
-585
-554
-518
-479
-439
-401
-365
-335
-309
-290
-275
-265
-258
-253
-247
-239
-228
-212
-190
-162
-127
-86
-41
7
56
105
150
190
222
245
259
262
256
241
218
189
155
117
76
33
-10
-56
-103
-153
-205
-259
-317
-379
-443
-509
-575
-641
-704
-761
-809
-847
-870
-876
-864
-832
-780
-707
-613
-502
-375
-235
-84
71
230
388
541
685
817
934
1033
1112
1169
1202
1211
1195
1155
1092
1007
904
784
652
511
365
220
79
-53
-174
-280
-370
-440
-492
-526
-543
-544
-533
-513
-487
-459
-432
-409
-393
-386
-389
-403
-426
-457
-494
-534
-573
-607
-632
-644
-638
-612
-564
-491
-394
-274
-133
24
196
376
559
739
912
1072
1215
1338
1438
1514
1566
1593
1598
1583
1551
1505
1448
1384
1316
1245
1175
1105
1038
973
909
845
782
717
650
580
506
429
349
266
181
96
11
-72
-153
-231
-305
-375
-441
-503
-560
-614
-665
-713
-757
-799
-839
-875
-909
-939
-966
-989
-1007
-1020
-1026
-1024
-1013
-990
-954
-905
-840
-759
-664
-554
-432
-301
-163
-22
116
250
374
486
581
659
716
753
770
769
751
719
676
626
571
516
462
411
365
325
291
262
237
216
196
176
156
132
106
75
39
-1
-48
-101
-159
-222
-288
-358
-429
-499
-567
-632
-691
-742
-783
-814
-832
-838
-830
-807
-772
-724
-664
-595
-518
-436
-351
-266
-183
-104
-31
34
92
141
181
213
236
252
262
266
265
259
250
237
221
201
179
153
124
92
59
26
-7
-39
-69
-94
-114
-128
-135
-136
-131
-120
-105
-88
-69
-51
-35
-23
-16
-14
-18
-28
-44
-66
-92
-123
-155
-189
-220
-248
-270
-284
-287
-279
-258
-225
-179
-124
-60
8
79
149
215
274
324
362
388
401
401
389
366
333
291
242
187
128
65
0
-67
-135
-204
-272
-339
-406
-470
-533
-594
-652
-706
-757
-804
-845
-881
-911
-933
-947
-954
-951
-938
-914
-878
-831
-769
-695
-606
-505
-391
-266
-133
5
146
286
421
548
663
764
849
916
965
997
1013
1014
1005
988
966
944
922
906
895
891
894
903
916
932
947
959
965
962
950
925
889
842
785
718
644
564
479
391
299
204
105
2
-104
-217
-335
-457
-581
-706
-828
-943
-1047
-1136
-1205
-1250
-1268
-1257
-1215
-1141
-1039
-910
-758
-588
-406
-218
-31
147
313
459
580
675
739
771
774
747
694
619
526
420
306
189
75
-32
-131
-218
-290
-348
-389
-415
-427
-426
-415
-394
-367
-335
-300
-264
-228
-193
-161
-132
-105
-81
-59
-37
-14
11
41
77
120
172
234
304
383
469
561
657
754
850
941
1026
1102
1166
1217
1254
1274
1279
1267
1239
1195
1137
1067
985
894
797
695
591
487
384
285
190
100
15
-63
-139
-209
-276
-340
-399
-455
-505
-550
-588
-619
-641
-656
-662
-661
-653
-640
-623
-606
-588
-573
-562
-557
-560
-570
-589
-617
-655
-701
-755
-817
-884
-956
-1030
-1103
-1174
-1240
-1297
-1342
-1372
-1384
-1374
-1341
-1282
-1197
-1086
-949
-789
-608
-410
-201
15
235
451
660
857
1038
1200
1342
1461
1556
1628
1678
1705
1712
1701
1673
1630
1575
1509
1434
1349
1257
1157
1048
931
806
671
529
380
226
69
-88
-243
-392
-532
-661
-775
-873
-953
-1015
-1057
-1080
-1086
-1075
-1049
-1010
-961
-903
-839
-771
-700
-629
-559
-491
-427
-368
-317
-274
-241
-219
-210
-212
-228
-255
-293
-340
-393
-448
-504
-555
-599
-632
-650
-652
-635
-599
-544
-469
-378
-273
-156
-32
95
223
347
464
569
662
740
802
846
874
884
878
856
820
771
711
642
566
486
404
324
246
173
108
50
2
-37
-68
-92
-110
-125
-138
-151
-168
-190
-219
-256
-304
-361
-428
-503
-586
-674
-765
-856
-943
-1023
-1094
-1151
-1192
-1214
-1213
-1188
-1137
-1057
-948
-810
-646
-457
-247
-21
213
452
686
911
1120
1308
1472
1609
1717
1795
1842
1858
1843
1798
1725
1623
1496
1345
1174
988
790
585
379
178
-12
-186
-339
-465
-562
-625
-654
-648
-608
-534
-431
-301
-149
19
200
387
576
762
940
1106
1256
1387
1497
1583
1643
1674
1677
1648
1588
1497
1374
1219
1035
823
587
329
55
-230
-519
-806
-1084
-1345
-1582
-1790
-1963
-2098
-2193
-2247
-2261
-2238
-2182
-2096
-1987
-1860
-1721
-1576
-1429
-1286
-1149
-1022
-907
-806
-717
-642
-579
-527
-484
-448
-416
-388
-359
-329
-296
-257
-212
-160
-99
-30
47
132
224
322
423
525
626
724
815
897
969
1027
1072
1102
1117
1118
1107
1085
1055
1020
982
943
907
875
849
828
814
806
803
803
804
804
800
792
776
753
720
678
628
570
504
432
355
274
190
104
17
-69
-156
-242
-325
-406
-483
-555
-622
-683
-737
-785
-825
-860
-888
-912
-931
-948
-963
-976
-990
-1005
-1021
-1038
-1058
-1078
-1100
-1121
-1141
-1159
-1173
-1181
-1180
-1169
-1147
-1112
-1064
-1001
-926
-839
-742
-638
-530
-422
-316
-216
-126
-46
21
76
118
148
169
183
192
198
204
212
223
237
255
277
300
325
350
373
394
410
422
428
430
427
420
410
397
382
366
351
335
321
308
295
284
274
264
254
243
232
220
206
190
172
152
129
105
80
56
33
13
-2
-11
-13
-7
7
32
66
109
161
220
286
358
433
509
585
658
725
783
830
863
881
882
866
832
782
718
641
556
463
367
271
177
88
5
-67
-130
-180
-218
-242
-252
-247
-230
-199
-159
-111
-58
-4
46
91
126
149
158
151
130
93
44
-14
-81
-152
-223
-291
-353
-403
-441
-462
-466
-451
-418
-367
-301
-223
-137
-46
43
128
203
265
310
335
341
325
288
234
163
80
-11
-107
-203
-294
-377
-448
-503
-541
-559
-557
-535
-495
-437
-365
-282
-191
-96
0
91
176
251
315
365
400
422
429
423
407
382
351
317
283
252
228
211
206
212
230
261
303
355
415
480
548
616
681
739
788
824
846
852
840
808
758
688
600
494
374
240
96
-54
-210
-367
-522
-673
-817
-951
-1075
-1187
-1285
-1368
-1434
-1484
-1515
-1528
-1520
-1493
-1445
-1376
-1287
-1180
-1055
-916
-764
-604
-438
-271
-107
50
197
330
446
542
616
666
693
695
674
631
568
490
399
299
194
89
-11
-106
-191
-264
-324
-369
-401
-418
-423
-416
-399
-374
-343
-307
-269
-230
-193
-159
-130
-107
-91
-84
-84
-93
-107
-127
-150
-173
-195
-212
-224
-227
-221
-205
-177
-139
-90
-32
32
102
177
255
332
409
483
554
619
679
732
776
812
838
853
856
846
822
784
732
667
591
505
414
320
228
142
67
6
-36
-60
-65
-51
-19
25
80
140
201
257
303
337
354
352
331
290
229
152
60
-42
-153
-267
-379
-486
-584
-669
-737
-788
-819
-830
-821
-793
-748
-688
-616
-535
-449
-362
-276
-196
-124
-63
-13
22
46
57
56
45
27
3
-21
-47
-69
-86
-95
-94
-83
-60
-26
17
72
134
204
278
354
430
505
575
638
692
736
767
784
787
777
753
718
673
620
561
499
434
368
303
238
174
112
50
-9
-67
-123
-176
-225
-269
-307
