-716
-708
-697
-682
-661
-631
-590
-537
-468
-383
-282
-166
-36
103
250
399
548
689
820
935
1031
1103
1150
1169
1159
1120
1053
961
846
711
561
400
233
63
-105
-270
-427
-575
-711
-834
-943
-1037
-1114
-1173
-1215
-1239
-1243
-1230
-1199
-1150
-1087
-1010
-921
-823
-718
-609
-497
-384
-272
-163
-56
45
143
237
326
410
488
560
626
685
734
773
800
813
810
789
750
692
614
519
407
282
144
0
-149
-300
-449
-592
-727
-850
-961
-1055
-1133
-1191
-1229
-1245
-1240
-1212
-1163
-1092
-1001
-893
-770
-634
-490
-342
-194
-50
84
205
308
389
446
474
474
443
384
299
190
64
-72
-215
-356
-487
-602
-695
-761
-796
-799
-770
-708
-618
-501
-364
-209
-42
133
312
491
669
842
1008
1166
1315
1454
1580
1693
1791
1873
1936
1981
2004
2006
1985
1942
1876
1789
1682
1556
1413
1257
1088
911
728
541
355
170
-9
-181
-342
-492
-627
-747
-851
-939
-1011
-1068
-1113
-1147
-1172
-1190
-1203
-1211
-1215
-1215
-1211
-1200
-1183
-1158
-1124
-1079
-1024
-959
-885
-803
-716
-625
-534
-446
-363
-287
-222
-167
-125
-95
-78
-71
-73
-82
-97
-114
-131
-146
-158
-165
-167
-163
-152
-136
-114
-88
-58
-26
8
43
77
111
143
172
199
223
244
264
283
304
327
355
389
431
482
542
611
690
776
867
963
1060
1156
1248
1335
1414
1484
1544
1592
1627
1649
1657
1649
1626
1587
1529
1454
1360
1246
1114
964
799
621
433
240
46
-142
-323
-492
-645
-781
-898
-995
-1076
-1140
-1191
-1231
-1264
-1292
-1317
-1340
-1362
-1383
-1402
-1417
-1426
-1426
-1416
-1392
-1353
-1297
-1225
-1135
-1030
-912
-784
-649
-513
-379
-253
-141
-45
27
76
97
90
55
-5
-90
-194
-311
-436
-563
-684
-794
-887
-958
-1004
-1022
-1012
-973
-908
-818
-707
-579
-437
-284
-124
38
201
362
518
666
804
928
1037
1129
1202
1256
1289
1302
1297
1274
1235
1184
1121
1051
975
894
812
728
645
561
477
394
311
229
147
66
-13
-89
-161
-227
-286
-336
-375
-402
-417
-419
-409
-387
-355
-315
-269
-220
-172
-126
-86
-54
-31
-20
-21
-34
-59
-94
-139
-191
-248
-309
-371
-432
-490
-544
-592
-632
-664
-687
-700
-705
-700
-687
-667
-641
-610
-577
-543
-510
-477
-447
-420
-397
-378
-364
-354
-348
-346
-348
-351
-355
-357
-356
-350
-335
-312
-276
-229
-169
-97
-13
79
180
285
391
496
598
692
778
854
919
972
1015
1048
1072
1090
1102
1111
1117
1121
1123
1122
1117
1108
1092
1070
1042
1008
969
927
883
840
799
761
727
698
672
650
630
612
595
577
560
543
526
510
498
489
485
489
500
519
546
580
618
656
690
715
724
712
673
602
494
348
164
-56
-309
-589
-888
-1197
-1506
-1804
-2082
-2331
-2541
-2706
-2821
-2883
-2889
-2840
-2737
-2585
-2389
-2153
-1886
-1595
-1289
-976
-664
-360
-74
189
424
626
790
915
998
1038
1035
992
910
794
648
480
296
105
-83
-261
-419
-549
-646
-704
-719
-691
-621
-512
-367
-194
0
209
423
634
834
1015
1172
1299
1395
1456
1485
1481
1447
1389
1309
1213
1105
990
873
757
647
547
458
385
328
290
272
274
294
332
384
447
516
584
647
697
728
735
713
660
574
456
310
140
-47
-244
-442
-634
-812
-970
-1103
-1209
-1287
-1337
-1363
-1370
-1361
-1343
-1319
-1296
-1276
-1260
-1250
-1243
-1237
-1229
-1214
-1186
-1141
-1075
-984
-867
-725
-558
-372
-170
38
248
449
633
793
923
1017
1073
1089
1068
1013
930
825
705
580
456
339
236
150
81
31
-3
-26
-42
-55
-71
-95
-130
-181
-247
-330
-429
-542
-665
-795
-927
-1058
-1182
-1297
-1398
-1482
-1549
-1596
-1622
-1627
-1610
-1571
-1509
-1422
-1310
-1171
-1005
-811
-589
-341
-69
222
530
849
1171
1490
1799
2090
2356
2592
2791
2949
3063
3131
3152
3129
3062
2957
2817
2648
2458
2251
2035
1816
1600
1390
1192
1007
836
681
540
411
293
183
77
-24
-126
-229
-333
-438
-544
-650
-752
-849
-937
-1013
-1073
-1115
-1135
-1134
-1109
-1062
-995
-910
-812
-705
-595
-488
-390
-304
-237
-193
-173
-179
-212
-271
-354
-457
-577
-709
-848
-988
-1125
-1254
-1369
-1467
-1545
-1602
-1635
-1644
-1632
-1598
-1547
-1479
-1398
-1307
-1208
-1102
-993
-881
-768
-656
-546
-440
-341
-249
-168
-98
-40
3
35
54
65
69
71
76
87
109
148
204
281
378
494
625
767
913
1058
1194
1314
1412
1485
1527
1539
1520
1474
1404
1315
1213
1105
997
894
802
724
661
615
583
563
552
544
535
518
491
448
387
309
214
104
-15
-140
-265
-382
-488
-576
-644
-689
-712
-715
-701
-675
-643
-611
-587
-574
-579
-603
-647
-712
-793
-887
-987
-1087
-1180
-1260
-1321
-1359
-1370
-1354
-1312
-1245
-1157
-1052
-935
-811
-686
-562
-443
-331
-228
-134
-49
27
98
165
227
287
345
398
447
489
519
535
532
507
456
379
276
149
2
-157
-322
-485
-634
-760
-854
-910
-919
-879
-787
-644
-453
-217
54
355
676
1007
1338
1659
1962
2239
2483
2688
2853
2973
3049
3080
3067
3013
2920
2789
2625
2431
2209
1963
1698
1418
1126
827
527
229
-60
-338
-600
-842
-1061
-1255
-1421
-1560
-1669
-1751
-1804
-1831
-1834
-1814
-1773
-1716
-1644
-1561
-1470
-1375
-1278
-1182
-1091
-1006
-929
-862
-806
-763
-734
-720
-721
-739
-774
-824
-888
-965
-1051
-1143
-1236
-1326
-1408
-1477
-1530
-1562
-1569
-1551
-1504
-1428
-1322
-1187
-1024
-833
-618
-382
-127
141
418
699
976
1244
1496
1726
1931
2106
2248
2356
2430
2472
2484
2468
2430
2373
2303
2223
2138
2051
1965
1883
1806
1735
1669
1608
1550
1494
1439
1383
1324
1263
1199
1132
1065
998
932
868
809
752
699
649
598
546
490
428
358
278
188
87
-23
-143
-271
-404
-539
-675
-808
-937
-1059
-1174
-1281
-1380
-1471
-1555
-1632
-1705
-1774
-1841
-1904
-1965
-2022
-2074
-2119
-2153
-2173
-2176
-2158
-2116
-2048
-1953
-1832
-1685
-1516
-1329
-1132
-930
-730
-541
-369
-219
-97
-7
52
79
78
53
10
-44
-102
-157
-201
-227
-232
-212
-165
-94
-2
107
228
353
476
590
690
773
837
881
906
915
913
903
891
880
876
879
893
916
948
984
1021
1054
1079
1091
1085
1059
1011
941
851
743
620
489
356
225
105
1
-81
-139
-168
-168
-139
-83
-3
94
205
323
440
550
647
725
779
806
802
766
698
598
468
311
131
-65
-273
-484
-693
-891
-1072
-1229
-1357
-1454
-1518
-1549
-1549
-1522
-1471
-1403
-1324
-1239
-1155
-1076
-1008
-953
-913
-890
-884
-892
-915
-948
-990
-1036
-1084
-1131
-1174
-1210
-1238
-1254
-1257
-1247
-1221
-1179
-1119
-1043
-950
-840
-714
-575
-423
-261
-92
80
256
430
601
766
923
1070
1206
1329
1437
1528
1601
1653
1683
1689
1670
1626
1558
1468
1358
1234
1100
963
827
699
582
481
396
331
282
250
231
222
219
220
220
218
209
194
171
140
102
59
11
-37
-86
-132
-173
-209
-236
-257
-269
-273
-270
-259
-241
-214
-180
-137
-85
-24
43
117
197
278
359
435
505
565
612
644
658
654
632
590
531
455
365
263
152
34
-84
-203
-318
-425
-521
-604
-671
-719
-748
-757
-744
-712
-662
-595
-515
-424
-328
-231
-138
-54
15
67
98
105
87
46
-16
-96
-188
-287
-383
-472
-546
-600
-629
-631
-604
-548
-467
-362
-240
-104
39
186
330
468
596
710
810
894
962
1012
1046
1062
1062
1044
1008
956
886
799
698
583
458
326
191
59
-65
-177
-272
-345
-394
-417
-414
-387
-337
-270
-192
-108
-25
49
110
153
173
169
139
85
9
-85
-194
-313
-436
-559
-676
-783
-877
-952
-1008
-1041
-1051
-1035
-995
-931
-844
-737
-613
-476
-330
-181
-34
105
233
345
437
506
550
570
566
540
496
436
366
290
212
137
69
11
-34
-67
-87
-94
-89
-75
-54
-30
-4
19
38
50
52
44
25
-4
-44
-92
-146
-202
-257
-306
-346
-372
-383
-374
-344
-292
-219
-126
-15
110
247
391
537
683
823
956
1079
1191
1290
1377
1452
1514
1563
1599
1620
1626
1612
1578
1520
1436
1324
1184
1016
822
605
370
122
-129
-379
-619
-841
-1040
-1208
-1342
-1437
-1491
-1505
-1478
-1414
-1317
-1193
-1047
-889
-726
-566
-418
-287
-181
-102
-53
-35
-45
-80
-135
-205
-281
-357
-426
-480
-513
-522
-502
-454
-377
-277
-158
-28
104
231
343
431
489
511
495
439
347
222
70
-100
-281
-462
-634
-788
-916
-1013
-1075
-1101
-1091
-1048
-977
-883
-772
-650
-523
-397
-273
-155
-42
64
169
274
382
496
619
751
894
1045
1200
1356
1507
1645
1764
1857
1917
1939
1920
1858
1754
1612
1437
1235
1017
791
569
360
174
16
-105
-188
-232
-238
-210
-151
-70
26
131
235
331
412
470
501
501
466
396
291
152
-16
-210
-425
-652
-884
-1114
-1333
-1535
-1712
-1859
-1972
-2049
-2088
-2092
-2063
-2005
-1925
-1830
-1725
-1619
-1518
-1427
-1350
-1290
-1246
-1217
-1199
-1187
-1175
-1157
-1127
-1078
-1007
-913
-793
-651
-490
-314
-131
53
232
400
549
677
780
856
906
931
935
920
891
853
812
770
733
702
680
667
663
667
678
693
712
732
750
767
780
789
795
796
793
787
779
768
754
739
722
702
681
656
630
601
570
537
505
472
440
411
383
358
335
314
295
277
260
243
226
208
190
172
154
136
119
101
84
66
47
25
0
-30
-68
-114
-170
-236
-311
-395
-487
-586
-688
-792
-895
-995
-1089
-1176
-1251
-1314
-1362
-1394
-1409
-1407
-1388
-1354
-1307
-1249
-1183
-1112
-1040
-968
-898
-832
-770
-712
-659
-611
-566
-524
-487
-453
-422
-397
-375
-359
-347
-341
-341
-347
-359
-378
-404
-436
-474
-518
-566
-617
-668
-716
-758
-791
-809
-811
-791
-746
-676
-577
-451
-298
-119
80
300
533
776
1022
1267
1505
1731
1940
2128
2292
2430
2542
2625
2683
2716
2725
2714
2685
2641
2583
2515
2439
2357
2271
2182
2094
2006
1923
1843
1770
1703
1643
1590
1543
1501
1462
1423
1383
1336
1282
1215
1135
1039
926
796
649
486
308
119
-77
-281
-486
-688
-885
-1071
-1244
-1399
-1536
-1651
-1745
-1818
-1871
-1908
-1930
-1942
-1947
-1948
-1950
-1955
-1966
-1985
-2012
-2048
-2092
-2144
-2201
-2260
-2319
-2374
-2422
-2461
-2485
-2494
-2483
-2451
-2395
-2316
-2211
-2081
-1926
-1747
-1545
-1322
-1081
-822
-551
-269
17
304
587
859
1116
1352
1563
1744
1894
2011
2096
2149
2175
2176
2157
2123
2079
2031
1983
1938
1902
1877
1864
1864
1877
1901
1934
1970
2006
2035
2052
2050
2022
1964
1869
1736
1563
1349
1098
812
497
161
-188
-542
-892
-1228
-1543
-1828
-2078
-2286
-2450
-2567
-2637
-2661
-2643
-2586
-2494
-2374
-2230
-2070
-1900
-1725
-1551
-1383
-1227
-1086
-963
-861
-780
-720
-680
-658
-650
-654
-667
-685
-705
-725
-744
-760
-773
-782
-787
-787
-781
-767
-743
-706
-652
-578
-481
-358
-207
-28
175
403
648
905
1165
1420
1660
1878
2064
2213
2320
2382
2398
2370
2302
2199
2067
1915
1749
1578
1407
1244
1093
957
838
737
654
586
533
491
458
430
405
379
352
320
282
237
184
124
55
-19
-99
-183
