53
126
198
264
321
366
396
411
409
391
359
315
262
204
145
88
36
-7
-41
-65
-78
-81
-75
-64
-49
-32
-16
-4
2
4
-1
-15
-35
-60
-91
-124
-159
-193
-224
-251
-274
-292
-305
-315
-322
-328
-336
-348
-366
-393
-428
-474
-530
-596
-668
-745
-823
-897
-964
-1020
-1059
-1078
-1075
-1046
-992
-912
-808
-683
-542
-389
-231
-74
74
209
324
414
478
513
520
500
457
393
316
229
139
50
-30
-100
-157
-197
-221
-228
-220
-199
-167
-127
-83
-38
3
41
72
94
107
111
106
93
74
50
22
-5
-33
-60
-84
-105
-123
-138
-150
-161
-172
-182
-194
-206
-220
-236
-252
-269
-285
-299
-311
-318
-319
-314
-302
-282
-255
-220
-178
-131
-78
-23
34
92
149
205
259
310
359
405
449
493
535
577
620
662
705
747
789
830
869
905
938
967
992
1011
1023
1028
1025
1013
991
958
913
856
787
707
617
517
410
298
182
66
-46
-155
-257
-350
-430
-498
-552
-590
-614
-624
-620
-605
-580
-548
-511
-471
-430
-389
-350
-312
-276
-241
-206
-170
-134
-94
-51
-5
43
95
149
203
257
307
354
395
429
455
473
482
484
478
465
447
426
402
376
351
326
302
280
260
241
223
206
190
174
159
143
128
112
97
83
69
56
43
32
20
9
0
-10
-21
-31
-41
-51
-61
-70
-78
-86
-93
-99
-106
-113
-121
-131
-143
-159
-178
-200
-226
-254
-284
-315
-345
-373
-397
-416
-428
-431
-426
-411
-386
-352
-311
-265
-216
-167
-122
-84
-55
-38
-34
-43
-65
-99
-144
-196
-253
-312
-370
-424
-471
-510
-538
-554
-557
-549
-528
-497
-457
-409
-356
-300
-241
-182
-124
-67
-13
38
88
135
181
225
267
309
350
390
429
466
502
535
565
590
612
627
637
639
634
622
601
573
537
494
443
386
324
257
186
113
40
-31
-100
-164
-222
-272
-313
-346
-368
-382
-387
-386
-380
-371
-361
-352
-346
-343
-345
-352
-363
-378
-396
-413
-429
-442
-450
-451
-444
-431
-410
-385
-357
-328
-301
-280
-266
-261
-267
-283
-308
-342
-380
-421
-460
-495
-521
-537
-540
-529
-504
-466
-414
-353
-283
-207
-130
-53
19
86
144
194
233
262
282
294
299
300
300
299
299
303
311
323
338
356
375
393
408
418
422
417
405
384
355
320
281
240
200
163
132
109
96
94
103
124
156
198
248
305
365
426
485
540
589
629
658
676
682
676
657
628
590
544
491
434
374
313
252
192
133
76
23
-26
-73
-115
-154
-188
-217
-241
-260
-273
-280
-280
-274
-261
-241
-213
-180
-140
-96
-48
0
50
96
139
176
206
227
239
241
233
215
186
146
96
35
-34
-113
-200
-292
-389
-486
-581
-670
-752
-822
-878
-917
-938
-939
-920
-880
-821
-746
-656
-555
-447
-336
-227
-123
-27
55
125
180
220
246
260
264
261
254
247
243
243
251
267
291
323
361
403
445
484
517
539
549
545
524
488
437
374
302
223
142
63
-10
-74
-126
-164
-186
-192
-182
-157
-119
-72
-17
39
97
153
204
248
286
316
340
359
374
386
397
407
417
426
436
443
447
446
437
420
392
351
295
223
135
31
-87
-219
-363
-513
-666
-818
-964
-1098
-1217
-1315
-1390
-1439
-1461
-1456
-1425
-1370
-1293
-1198
-1089
-969
-844
-715
-587
-461
-340
-225
-118
-17
76
162
240
312
375
430
475
510
533
543
540
523
492
449
394
329
258
184
109
39
-24
-77
-116
-141
-149
-140
-114
-72
-17
49
125
207
293
378
462
541
613
676
729
771
802
822
831
831
822
804
780
749
713
671
623
571
514
452
386
318
246
174
103
36
-26
-81
-127
-162
-185
-195
-192
-179
-156
-127
-95
-63
-35
-14
-3
-4
-18
-44
-81
-129
-183
-241
-301
-358
-410
-455
-492
-518
-535
-541
-537
-525
-505
-480
-451
-420
-387
-353
-319
-284
-249
-212
-173
-132
-87
-39
11
63
116
169
218
264
303
335
358
372
378
374
364
347
325
301
275
249
225
204
187
173
162
153
147
141
134
126
115
99
80
55
26
-7
-45
-87
-132
-180
-228
-277
-326
-374
-420
-463
-503
-539
-572
-600
-624
-643
-657
-666
-669
-668
-660
-646
-625
-599
-565
-524
-477
-424
-365
-301
-232
-160
-85
-10
63
135
204
267
323
371
410
440
459
468
467
456
437
411
377
339
297
253
207
163
121
82
47
18
-4
-20
-30
-32
-28
-16
1
24
54
87
124
163
203
242
279
313
342
365
381
389
389
382
366
343
313
277
236
192
145
99
52
9
-31
-67
-97
-121
-139
-151
-156
-156
-152
-144
-134
-122
-111
-100
-92
-86
-82
-82
-84
-89
-96
-103
-112
-120
-128
-135
-141
-145
-149
-153
-157
-164
-173
-186
-204
-228
-257
-290
-327
-365
-402
-436
-464
-482
-488
-481
-459
-423
-372
-307
-233
-150
-62
25
111
192
264
326
376
414
440
455
460
458
451
442
434
430
431
439
455
480
513
554
602
654
709
766
821
874
923
965
1000
1027
1044
1050
1045
1028
998
953
893
817
724
614
488
346
191
23
-152
-334
-517
-698
-872
-1035
-1183
-1314
-1426
-1515
-1581
-1625
-1645
-1644
-1623
-1585
-1531
-1465
-1390
-1309
-1223
-1135
-1048
-962
-879
-800
-725
-656
-592
-534
-481
-435
-394
-357
-324
-293
-262
-230
-194
-153
-105
-48
18
96
186
286
397
515
639
766
893
1015
1130
1233
1322
1394
1447
1481
1494
1488
1463
1423
1369
1303
1230
1151
1069
986
903
822
743
666
591
519
448
378
309
241
174
107
40
-26
-92
-158
-224
-290
-357
-423
-490
-557
-623
-688
-751
-811
-867
-916
-959
-994
-1019
-1035
-1041
-1036
-1021
-997
-965
-925
-880
-830
-778
-725
-673
-623
-576
-533
-494
-459
-428
-400
-373
-349
-325
-301
-277
-252
-226
-199
-171
-142
-110
-77
-40
-1
41
87
139
194
255
321
391
464
540
618
694
768
835
894
942
975
992
990
967
925
864
784
691
587
476
363
254
152
61
-14
-75
-119
-145
-155
-149
-131
-102
-65
-24
18
59
96
125
146
156
156
145
124
97
64
28
-7
-42
-75
-103
-126
-142
-152
-154
-147
-131
-105
-69
-23
33
98
171
250
332
414
492
564
624
670
698
706
692
656
596
516
417
303
177
43
-92
-227
-357
-479
-590
-687
-771
-840
-896
-938
-969
-989
-1000
-1001
-995
-981
-959
-929
-891
-844
-788
-724
-651
-570
-483
-391
-296
-200
-106
-15
69
146
215
274
322
359
385
401
407
404
393
375
352
325
294
262
229
197
166
140
117
101
91
88
94
108
131
161
198
241
288
338
387
435
480
520
553
580
598
609
610
604
589
567
537
501
458
409
354
294
229
160
86
10
-68
-148
-229
-308
-384
-456
-520
-576
-621
-654
-675
-681
-675
-655
-624
-582
-531
-473
-411
-346
-281
-218
-158
-104
-56
-15
17
41
58
67
69
65
55
41
24
4
-17
-41
-65
-89
-111
-132
-149
-163
-172
-174
-170
-159
-140
-114
-80
-40
5
55
108
162
214
263
306
341
368
384
389
384
368
342
309
270
228
184
142
103
68
41
21
8
5
9
20
37
58
82
106
128
147
160
166
164
154
135
109
75
36
-7
-52
-97
-140
-180
-215
-243
-265
-279
-284
-283
-275
-260
-241
-218
-194
-169
-145
-124
-106
-93
-85
-82
-85
-92
-104
-119
-136
-153
-168
-179
-186
-187
-181
-167
-146
-118
-84
-47
-7
33
73
109
141
167
187
198
201
197
185
166
141
112
79
45
10
-22
-53
-81
-103
-120
-132
-136
-134
-126
-111
-91
-65
-34
0
36
74
112
148
180
208
228
241
246
242
230
209
182
149
112
72
31
-9
-49
-87
-121
-151
-177
-197
-211
-219
-222
-218
-208
-193
-171
-144
-112
-74
-32
14
64
118
174
231
287
342
393
438
477
508
529
540
540
529
507
475
433
384
327
265
200
132
64
-2
-67
-128
-183
-232
-274
-307
-331
-346
-352
-350
-341
-326
-306
-285
-263
-243
-227
-215
-209
-210
-216
-227
-243
-261
-280
-299
-315
-328
-337
-339
-336
-326
-310
-288
-260
-227
-189
-148
-102
-54
-4
46
97
147
193
235
271
299
318
326
322
307
279
239
189
127
58
-18
-99
-182
-265
-346
-422
-492
-554
-606
-649
-682
-706
-722
-731
-735
-735
-733
-729
-724
-719
-712
-703
-690
-671
-644
-606
-556
-491
-411
-313
-199
-70
72
226
387
551
713
870
1016
1149
1265
1363
1442
1501
1543
1567
1576
1573
1559
1537
1507
1472
1432
1388
1340
1288
1232
1171
1106
1036
961
881
799
714
628
543
460
383
311
248
194
150
115
89
69
55
43
30
14
-8
-40
-84
-140
-210
-294
-391
-499
-617
-741
-869
-997
-1121
-1240
-1350
-1449
-1536
-1608
-1667
-1710
-1739
-1753
-1752
-1737
-1709
-1666
-1610
-1540
-1456
-1359
-1249
-1127
-993
-851
-702
-548
-393
-239
-89
53
186
307
415
509
588
653
703
741
767
783
791
793
791
787
783
780
780
784
793
808
829
856
888
925
965
1007
1050
1091
1129
1161
1185
1201
1206
1200
1182
1152
1109
1056
992
920
840
754
664
569
472
372
271
168
63
-42
-148
-254
-360
-462
-561
-654
-740
-816
-883
-938
-982
-1014
-1035
-1045
-1047
-1040
-1028
-1011
-991
-970
-948
-926
-904
-883
-862
-841
-819
-795
-770
-742
-711
-678
-642
-604
-564
-522
-479
-436
-393
-351
-310
-271
-233
-197
-163
-130
-97
-66
-34
-3
27
58
88
117
145
171
194
214
230
241
248
249
246
237
224
207
186
161
135
108
80
53
27
4
-15
-31
-44
-52
-56
-55
-50
-42
-31
-17
-3
11
25
38
48
55
60
61
58
53
44
34
22
9
-4
-17
-28
-39
-47
-53
-56
-57
-54
-50
-43
-34
-23
-11
1
15
29
43
57
71
84
97
109
121
133
146
159
173
189
207
226
248
271
295
320
344
367
388
406
419
427
429
424
413
396
373
344
312
275
237
197
157
119
82
49
19
-5
-27
-45
-58
-68
-75
-79
-81
-82
-81
-79
-77
-74
-71
-67
-63
-59
-55
-51
-46
-42
-39
-37
-36
-37
-40
-45
-51
-60
-69
-79
-88
-96
-102
-104
-104
-99
-89
-75
-57
-33
-6
25
61
99
140
183
227
271
314
355
393
427
457
481
500
513
519
520
513
501
481
455
422
383
338
287
230
168
100
28
-48
-130
-214
-302
-391
-481
-568
-651
-728
-795
-852
-895
-922
-933
-928
-905
-867
-814
-748
-672
-587
-498
-405
-313
-223
-138
-58
11
73
125
165
194
213
220
217
204
183
155
122
85
45
5
-33
-69
-101
-128
-148
-163
-171
-172
-168
-157
-141
-121
-96
-68
-36
-2
34
73
114
156
200
244
289
333
376
418
457
