233
267
293
313
329
342
353
363
372
381
387
392
393
389
380
365
343
314
278
235
188
137
86
35
-10
-48
-77
-93
-95
-80
-49
-2
61
138
226
323
426
529
631
728
816
892
955
1002
1033
1047
1044
1026
992
945
887
818
742
659
572
481
388
294
198
102
6
-89
-183
-277
-367
-455
-538
-617
-688
-752
-809
-856
-896
-927
-952
-971
-986
-999
-1011
-1023
-1037
-1053
-1071
-1090
-1111
-1130
-1148
-1161
-1168
-1169
-1160
-1141
-1113
-1075
-1028
-973
-913
-849
-785
-722
-661
-606
-556
-511
-472
-438
-407
-377
-347
-315
-279
-238
-192
-140
-82
-19
45
113
180
245
306
362
411
452
484
506
518
521
513
497
473
443
407
369
329
291
255
225
201
185
178
179
189
207
231
259
290
320
349
373
393
406
414
416
413
407
400
393
387
383
381
381
384
388
394
400
407
414
424
438
456
481
515
559
613
679
754
837
925
1014
1100
1177
1241
1287
1312
1313
1287
1234
1154
1050
925
780
622
454
282
111
-54
-210
-352
-477
-583
-668
-731
-774
-798
-804
-794
-772
-740
-701
-659
-614
-570
-528
-490
-454
-422
-393
-366
-339
-311
-282
-250
-215
-178
-139
-100
-61
-26
4
29
47
56
57
49
34
13
-12
-41
-72
-102
-130
-156
-178
-198
-216
-232
-248
-265
-285
-308
-334
-364
-396
-428
-460
-487
-507
-518
-515
-496
-461
-407
-335
-246
-142
-26
98
227
358
485
605
716
815
899
969
1024
1063
1088
1099
1097
1082
1055
1017
968
907
836
754
662
560
450
333
211
88
-34
-154
-268
-374
-471
-558
-633
-697
-750
-792
-824
-846
-860
-866
-864
-854
-837
-812
-780
-739
-689
-631
-564
-490
-408
-322
-231
-139
-48
39
122
197
262
317
359
387
401
400
384
354
310
253
184
107
22
-65
-155
-243
-326
-402
-467
-520
-560
-584
-593
-587
-568
-537
-497
-450
-399
-348
-300
-258
-224
-200
-189
-191
-206
-233
-272
-320
-375
-434
-495
-553
-605
-648
-677
-690
-684
-656
-605
-531
-433
-314
-177
-25
135
300
462
616
755
875
972
1043
1086
1102
1092
1060
1009
943
867
786
703
624
550
483
426
378
339
309
285
268
255
245
238
234
230
229
228
228
229
230
230
230
228
224
217
207
193
175
152
125
92
54
11
-36
-89
-145
-205
-266
-329
-392
-454
-514
-569
-618
-658
-689
-708
-712
-700
-670
-622
-555
-469
-366
-249
-120
16
156
294
426
546
652
738
803
847
868
868
850
815
768
712
651
586
522
460
400
344
292
242
194
146
97
47
-6
-64
-126
-192
-261
-333
-407
-482
-557
-630
-702
-770
-836
-897
-954
-1005
-1050
-1087
-1116
-1134
-1141
-1136
-1117
-1084
-1037
-977
-904
-819
-725
-623
-515
-405
-295
-189
-89
1
80
145
195
228
245
247
234
209
177
141
106
77
59
55
70
106
164
243
341
456
582
713
843
965
1070
1154
1208
1229
1213
1158
1064
935
772
583
373
151
-73
-295
-503
-692
-855
-986
-1083
-1144
-1167
-1152
-1103
-1021
-909
-772
-614
-441
-257
-68
119
301
469
621
749
850
921
960
965
937
878
792
683
558
423
285
151
29
-76
-159
-218
-250
-256
-239
-201
-148
-85
-16
50
111
163
202
226
234
228
208
176
136
89
39
-11
-61
-108
-150
-188
-219
-245
-263
-275
-280
-279
-270
-255
-234
-207
-175
-139
-98
-55
-9
36
83
129
174
218
259
298
335
369
399
428
454
478
500
520
537
552
564
570
571
563
546
518
476
422
354
274
183
85
-16
-117
-213
-299
-372
-427
-462
-477
-472
-449
-410
-359
-300
-237
-174
-115
-62
-17
18
45
64
77
84
88
91
95
101
109
120
134
149
164
178
189
195
197
194
185
171
155
136
117
99
83
69
58
49
41
33
23
9
-7
-30
-57
-88
-121
-154
-185
-211
-229
-238
-236
-222
-197
-161
-117
-66
-12
39
86
125
150
160
152
126
82
23
-49
-131
-216
-301
-378
-445
-496
-529
-542
-535
-507
-462
-403
-333
-257
-179
-104
-35
23
70
103
122
127
119
99
69
31
-13
-63
-118
-176
-239
-306
-379
-456
-540
-629
-724
-821
-920
-1016
-1107
-1187
-1252
-1298
-1321
-1319
-1288
-1229
-1142
-1030
-896
-745
-582
-413
-245
-83
66
201
316
409
481
531
561
574
575
567
555
544
540
546
566
604
660
736
831
942
1067
1199
1333
1460
1574
1665
1726
1750
1733
1670
1561
1406
1211
980
722
446
161
-120
-390
-639
-859
-1044
-1189
-1294
-1358
-1384
-1376
-1340
-1282
-1210
-1129
-1047
-968
-896
-833
-779
-734
-695
-657
-617
-571
-513
-440
-350
-241
-116
24
174
329
481
623
748
848
920
958
963
934
875
790
686
569
447
325
210
106
15
-59
-119
-163
-193
-210
-216
-210
-192
-162
-119
-60
15
110
225
360
513
682
862
1048
1232
1406
1562
1692
1789
1846
1861
1830
1754
1635
1479
1290
1075
843
601
356
114
-118
-338
-542
-728
-894
-1040
-1166
-1273
-1361
-1432
-1487
-1526
-1551
-1563
-1562
-1549
-1525
-1489
-1442
-1386
-1320
-1246
-1165
-1078
-986
-892
-795
-699
-604
-511
-419
-330
-242
-156
-70
14
100
187
275
364
453
542
631
718
802
883
960
1030
1094
1148
1192
1224
1243
1248
1237
1211
1169
1111
1038
950
849
736
614
486
354
224
98
-20
-126
-219
-295
-353
-392
-412
-415
-400
-371
-328
-274
-210
-140
-64
14
94
173
249
320
383
435
473
494
493
468
417
336
226
86
-81
-274
-486
-711
-941
-1168
-1383
-1577
-1743
-1874
-1966
-2015
-2022
-1988
-1916
-1812
-1681
-1531
-1369
-1203
-1038
-881
-737
-608
-496
-402
-325
-262
-211
-169
-134
-102
-72
-41
-10
21
53
86
116
144
168
187
198
202
198
185
164
135
99
58
12
-33
-80
-123
-161
-191
-211
-220
-216
-196
-161
-109
-39
47
151
273
410
562
726
899
1078
1257
1433
1597
1745
1870
1965
2024
2043
2020
1953
1843
1693
1509
1299
1070
833
597
371
163
-18
-169
-288
-373
-425
-448
-446
-425
-392
-353
-315
-283
-263
-258
-270
-300
-346
-407
-478
-556
-636
-714
-785
-845
-890
-919
-930
-922
-894
-850
-788
-713
-625
-527
-423
-315
-205
-96
8
108
200
282
354
416
466
506
536
557
571
579
582
583
582
583
585
590
600
616
637
663
694
727
762
794
822
841
849
843
821
782
725
650
561
458
345
225
102
-18
-136
-246
-345
-432
-505
-563
-605
-632
-645
-644
-632
-609
-579
-542
-503
-463
-425
-393
-368
-353
-350
-360
-385
-424
-479
-547
-627
-718
-816
-919
-1024
-1126
-1223
-1310
-1385
-1443
-1482
-1498
-1489
-1453
-1389
-1297
-1178
-1032
-864
-677
-476
-265
-52
159
361
550
721
869
992
1088
1157
1200
1218
1215
1194
1160
1117
1070
1024
982
948
924
910
908
915
931
953
979
1007
1034
1059
1081
1101
1117
1132
1147
1163
1181
1202
1228
1257
1289
1322
1352
1375
1387
1383
1358
1307
1225
1110
961
776
557
309
37
-251
-549
-848
-1137
-1407
-1651
-1862
-2034
-2164
-2251
-2297
-2304
-2278
-2223
-2148
-2057
-1959
-1859
-1761
-1670
-1588
-1516
-1452
-1396
-1344
-1292
-1236
-1173
-1100
-1014
-913
-798
-670
-532
-386
-236
-88
56
193
319
433
533
619
692
753
802
842
874
900
920
935
947
955
959
960
957
950
941
928
913
896
876
854
830
804
775
742
704
659
606
544
470
384
285
175
53
-77
-214
-355
-496
-633
-764
-885
-993
-1086
-1159
-1213
-1243
-1248
-1227
-1178
-1101
-997
-867
-715
-543
-359
-166
26
212
386
539
666
761
821
843
825
769
675
547
390
209
11
-195
-403
-603
-788
-949
-1079
-1172
-1222
-1226
-1181
-1089
-949
-765
-540
-282
2
307
621
936
1242
1529
1788
2010
2187
2315
2389
2406
2369
2277
2137
1953
1732
1484
1218
941
664
395
142
-89
-292
-466
-606
-713
-788
-834
-855
-854
-836
-808
-773
-738
-705
-679
-662
-657
-665
-687
-722
-770
-831
-903
-984
-1074
-1171
-1273
-1378
-1485
-1591
-1693
-1788
-1874
-1947
-2004
-2041
-2055
-2043
-2003
-1935
-1838
-1713
-1562
-1389
-1199
-997
-790
-583
-383
-197
-29
116
238
334
407
460
495
519
538
558
584
623
676
747
836
943
1064
1195
1331
1466
1594
1708
1803
1874
1919
1936
1926
1892
1838
1771
1697
1623
1558
1506
1472
1460
1469
1499
1544
1600
1660
1716
1761
1788
1792
1767
1712
1627
1513
1373
1213
1039
858
675
496
328
173
34
-87
-192
-281
-357
-421
-477
-527
-571
-612
-651
-688
-722
-754
-784
-812
-838
-862
-885
-908
-929
-950
-969
-984
-996
-1002
-1001
-991
-972
-944
-908
-867
-823
-780
-743
-718
-710
-722
-760
-825
-919
-1040
-1184
-1348
-1524
-1704
-1878
-2036
-2168
-2265
-2321
-2328
-2284
-2187
-2041
-1848
-1616
-1354
-1070
-775
-480
-193
76
324
543
733
892
1022
1124
1203
1262
1306
1340
1368
1392
1417
1444
1473
1507
1543
1581
1619
1656
1689
1718
1738
1751
1753
1745
1726
1695
1653
1600
1536
1461
1376
1282
1180
1070
954
832
708
582
456
333
214
102
-2
-96
-179
-249
-306
-349
-378
-394
-397
-389
-371
-346
-316
-284
-252
-225
-205
-194
-197
-216
-251
-305
-378
-468
-573
-693
-821
-955
-1090
-1220
-1340
-1446
-1532
-1594
-1630
-1636
-1612
-1557
-1474
-1364
-1233
-1085
-925
-761
-598
-442
-299
-174
-68
13
73
110
126
124
108
82
49
15
-17
-44
-63
-74
-75
-67
-51
-30
-6
16
37
52
59
59
51
36
16
-6
-27
-46
-58
-63
-58
-44
-22
5
37
71
101
127
144
150
144
124
91
45
-10
-74
-143
-211
-275
-329
-368
-388
-385
-356
-299
-217
-109
19
165
323
487
651
809
956
1087
1199
1289
1356
1399
1418
1414
1387
1340
1274
1192
1095
987
870
746
620
492
368
248
137
35
-54
-130
-194
-243
-280
-305
-321
-329
-332
-332
-333
-336
-344
-359
-381
-412
-454
-505
-568
-642
-727
-824
-934
-1054
-1186
-1327
-1477
-1631
-1787
-1941
-2090
-2227
-2350
-2454
-2535
-2591
-2619
-2618
-2586
-2523
-2428
-2303
-2148
-1964
-1752
-1513
-1249
-964
-659
-339
-7
329
668
1001
1323
1627
1908
2161
2379
2560
2700
2799
2856
2873
2854
2803
2726
2630
2522
2410
2300
2199
2111
2039
1986
1951
1934
1932
1941
1959
1980
2002
2021
2034
2038
2032
2015
1985
1943
1889
1823
1745
1656
1557
1448
1330
1204
1070
928
778
619
451
273
85
-115
-328
-554
-791
-1039
-1295
-1556
-1819
-2079
-2331
-2569
-2789
-2984
-3151
-3285
-3383
-3442
-3463
-3445
-3390
-3301
-3182
-3037
-2870
-2687
-2491
-2286
-2073
-1855
-1632
-1405
-1172
-933
-688
-437
-180
78
339
596
845
1082
1302
1498
1668
1806
1911
1982
2019
2024
1999
1950
1881
1798
1707
1612
1520
1433
1354
1286
1226
1175
1127
1081
1032
974
905
822
722
606
473
327
172
11
-150
-308
-458
-595
-718
-824
-912
-983
-1037
-1075
-1098
-1108
-1105
-1092
-1067
-1032
-987
-932
-867
-793
-709
-617
-519
-415
-308
-202
-98
0
88
165
228
275
305
318
314
295
263
220
170
115
