-562
-486
-409
-335
-264
-199
-141
-91
-49
-17
4
17
22
18
8
-6
-26
-47
-68
-88
-104
-115
-119
-116
-105
-86
-59
-25
15
60
109
159
208
256
299
338
372
399
421
437
449
457
462
467
471
475
482
489
498
508
519
528
535
539
538
532
519
499
473
439
400
356
309
259
209
160
112
68
29
-4
-33
-54
-69
-76
-77
-70
-56
-37
-13
14
43
73
102
129
152
171
185
193
196
194
184
168
145
113
72
21
-40
-114
-199
-294
-400
-513
-632
-754
-876
-993
-1101
-1197
-1276
-1335
-1369
-1378
-1358
-1310
-1234
-1132
-1006
-861
-702
-534
-365
-199
-44
95
214
309
379
422
441
438
417
382
340
294
251
215
189
175
175
188
215
252
299
351
407
464
519
570
616
657
690
716
736
748
754
753
747
736
720
699
673
643
609
569
525
476
422
364
301
235
166
95
25
-43
-110
-172
-228
-279
-322
-357
-385
-404
-416
-419
-415
-403
-384
-357
-325
-287
-244
-197
-148
-98
-48
0
43
83
117
143
161
168
164
148
119
75
18
-51
-134
-228
-329
-436
-544
-650
-749
-838
-911
-966
-999
-1008
-992
-951
-885
-797
-690
-568
-435
-298
-161
-31
87
189
272
333
372
389
385
364
330
287
240
193
151
117
94
83
86
102
130
168
214
266
321
376
429
477
519
553
579
597
606
607
600
587
567
542
511
475
435
389
340
286
229
169
108
47
-13
-71
-126
-177
-223
-264
-300
-332
-359
-382
-401
-417
-429
-436
-437
-432
-418
-395
-360
-312
-252
-178
-91
6
114
229
347
464
576
679
768
840
890
917
918
892
840
761
659
535
393
236
71
-99
-269
-435
-591
-734
-859
-965
-1047
-1106
-1140
-1150
-1137
-1102
-1050
-983
-906
-823
-737
-652
-572
-499
-434
-378
-331
-292
-260
-232
-209
-188
-167
-146
-125
-102
-80
-57
-35
-14
3
17
27
33
34
30
22
12
1
-9
-16
-18
-12
1
25
60
105
159
221
288
358
428
494
554
606
647
674
687
686
669
637
593
537
472
401
327
254
184
120
66
24
-4
-20
-22
-11
11
45
86
133
182
232
278
320
353
377
389
389
377
352
316
269
214
153
89
23
-39
-98
-150
-195
-230
-256
-271
-276
-271
-256
-234
-204
-170
-131
-90
-50
-11
23
52
75
91
98
98
91
77
57
34
9
-17
-44
-69
-93
-115
-135
-152
-166
-178
-186
-191
-192
-188
-178
-162
-137
-104
-63
-12
46
112
184
258
332
403
468
522
564
592
603
598
577
540
491
431
363
291
217
145
76
13
-43
-94
-139
-178
-215
-250
-285
-322
-361
-405
-451
-502
-556
-611
-667
-722
-774
-824
-868
-906
-937
-959
-972
-975
-966
-945
-911
-864
-804
-731
-646
-549
-442
-326
-204
-77
51
180
306
427
540
643
736
816
883
936
976
1003
1017
1018
1007
983
947
898
836
762
674
575
465
346
220
90
-38
-162
-278
-381
-467
-533
-576
-595
-591
-564
-519
-459
-389
-315
-243
-178
-125
-88
-69
-70
-89
-125
-174
-232
-295
-356
-410
-451
-477
-482
-464
-424
-360
-275
-173
-58
64
188
309
420
515
589
640
664
660
628
571
491
393
281
161
41
-74
-178
-265
-331
-373
-390
-381
-348
-294
-225
-145
-60
21
95
154
194
212
204
171
112
32
-66
-179
-298
-420
-536
-640
-728
-794
-835
-849
-837
-798
-735
-652
-553
-442
-326
-208
-93
14
113
201
278
345
402
451
494
534
572
611
652
694
738
783
827
870
908
939
963
976
979
971
952
923
885
839
787
731
672
610
546
481
415
347
276
204
129
52
-26
-104
-181
-256
-326
-390
-446
-494
-531
-558
-575
-583
-582
-573
-557
-537
-513
-486
-457
-427
-396
-365
-333
-300
-266
-231
-193
-153
-110
-65
-17
31
81
129
174
215
248
272
284
284
269
241
198
142
75
0
-83
-168
-252
-333
-406
-469
-520
-557
-579
-587
-581
-563
-537
-503
-466
-427
-389
-355
-324
-298
-276
-258
-242
-228
-215
-202
-188
-173
-158
-143
-128
-113
-100
-86
-73
-57
-38
-14
16
54
102
159
224
295
371
449
524
593
653
701
735
752
751
732
696
644
577
497
408
312
213
114
19
-68
-146
-209
-256
-284
-291
-278
-243
-187
-113
-22
83
199
322
449
575
697
810
912
998
1068
1117
1146
1153
1139
1104
1051
980
895
799
695
584
470
355
240
126
14
-96
-205
-314
-423
-533
-645
-759
-875
-993
-1111
-1228
-1342
-1450
-1550
-1638
-1713
-1771
-1811
-1831
-1831
-1810
-1768
-1708
-1629
-1535
-1427
-1309
-1183
-1052
-917
-784
-652
-526
-408
-299
-203
-120
-54
-5
25
39
37
21
-4
-36
-70
-99
-119
-125
-112
-77
-19
64
172
302
451
615
790
970
1150
1323
1484
1627
1748
1843
1909
1944
1947
1919
1862
1778
1673
1549
1412
1267
1119
972
831
698
575
464
366
280
205
140
82
31
-14
-59
-102
-144
-187
-228
-269
-306
-338
-364
-383
-393
-395
-389
-377
-362
-346
-332
-324
-324
-333
-353
-384
-425
-473
-525
-579
-630
-674
-708
-730
-738
-729
-706
-667
-616
-555
-486
-414
-342
-273
-209
-154
-108
-74
-51
-39
-38
-46
-61
-82
-106
-132
-155
-176
-190
-197
-195
-184
-163
-133
-94
-49
0
53
107
160
211
257
299
336
367
393
414
430
441
448
450
446
436
420
397
366
328
283
231
174
113
51
-10
-69
-124
-171
-210
-240
-258
-264
-259
-242
-214
-175
-128
-73
-13
50
115
179
239
293
339
375
399
411
411
399
376
346
309
270
232
197
170
152
145
152
172
204
248
300
357
414
465
507
532
537
518
473
401
303
182
41
-113
-276
-439
-596
-741
-866
-968
-1044
-1090
-1108
-1098
-1063
-1007
-935
-852
-764
-675
-589
-509
-437
-374
-320
-274
-235
-201
-172
-146
-123
-103
-87
-73
-63
-58
-57
-59
-65
-73
-81
-88
-92
-93
-89
-80
-67
-51
-34
-18
-6
-1
-5
-21
-51
-94
-151
-221
-301
-389
-480
-571
-658
-736
-803
-857
-895
-917
-921
-910
-883
-841
-787
-722
-646
-562
-468
-367
-258
-141
-17
115
254
399
549
701
853
1002
1144
1275
1390
1488
1563
1613
1637
1634
1606
1553
1480
1389
1286
1174
1057
941
827
719
618
524
438
358
284
213
145
77
9
-60
-131
-202
-274
-344
-411
-474
-529
-576
-614
-642
-659
-665
-661
-648
-627
-597
-561
-517
-467
-409
-342
-264
-175
-72
44
176
323
482
651
826
1003
1174
1336
1480
1601
1696
1758
1788
1782
1744
1674
1577
1457
1318
1168
1009
848
688
533
385
245
115
-3
-112
-210
-298
-377
-445
-504
-554
-596
-629
-656
-678
-696
-713
-731
-751
-777
-810
-851
-901
-959
-1023
-1090
-1156
-1217
-1266
-1298
-1307
-1288
-1239
-1155
-1039
-892
-718
-524
-317
-106
99
292
462
604
712
782
812
804
760
683
578
452
311
162
11
-135
-271
-394
-499
-584
-647
-688
-707
-704
-681
-639
-581
-509
-427
-337
-243
-148
-57
26
100
161
208
239
254
253
239
212
177
137
94
52
13
-20
-47
-67
-81
-90
-94
-96
-97
-98
-101
-106
-114
-123
-134
-145
-154
-161
-165
-163
-156
-143
-127
-107
-85
-65
-49
-39
-38
-49
-74
-113
-168
-236
-317
-406
-500
-594
-683
-762
-827
-873
-898
-901
-882
-843
-787
-716
-636
-551
-464
-379
-299
-226
-158
-96
-39
15
70
126
185
248
315
384
454
522
586
642
689
724
745
753
746
728
698
661
619
573
527
483
441
401
363
326
288
246
199
145
84
14
-61
-143
-227
-309
-387
-457
-514
-556
-582
-589
-580
-556
-519
-473
-423
-373
-326
-287
-258
-241
-236
-244
-261
-287
-319
-353
-387
-418
-445
-466
-480
-486
-483
-472
-450
-418
-374
-314
-239
-144
-28
109
269
452
654
872
1101
1333
1560
1774
1967
2128
2251
2330
2359
2336
2261
2135
1962
1749
1503
1234
950
662
380
112
-132
-349
-533
-680
-789
-859
-892
-889
-853
-789
-700
-592
-469
-338
-205
-74
47
156
247
319
369
398
404
392
365
325
279
231
186
148
121
108
109
124
152
191
235
281
323
356
375
376
357
317
256
177
84
-18
-125
-231
-329
-416
-489
-544
-582
-602
-607
-599
-582
-559
-535
-512
-495
-485
-485
-497
-519
-551
-592
-639
-689
-737
-781
-818
-843
-856
-855
-840
-812
-772
-723
-668
-611
-555
-502
-456
-418
-389
-369
-356
-351
-350
-351
-352
-351
-345
-333
-314
-287
-250
-205
-150
-86
-14
66
154
250
351
456
565
676
786
894
996
1092
1177
1248
1305
1343
1362
1360
1336
1292
1228
1147
1052
945
830
710
588
467
346
228
111
-3
-119
-236
-355
-478
-605
-735
-868
-1000
-1129
-1253
-1367
-1467
-1550
-1613
-1651
-1664
-1651
-1611
-1546
-1457
-1347
-1218
-1075
-920
-757
-588
-417
-245
-76
89
250
403
546
678
796
897
978
1035
1067
1070
1044
989
905
798
670
529
383
238
105
-10
-101
-162
-190
-184
-147
-80
9
117
236
359
478
587
681
754
803
827
822
791
733
651
548
427
292
147
-3
-155
-305
-450
-587
-714
-830
-933
-1023
-1101
-1165
-1217
-1257
-1287
-1307
-1321
-1328
-1332
-1333
-1333
-1332
-1330
-1326
-1320
-1310
-1293
-1266
-1228
-1176
-1106
-1018
-910
-779
-627
-451
-254
-36
201
455
722
999
1279
1559
1830
2087
2324
2535
2713
2855
2958
3018
3037
3014
2953
2858
2732
2583
2415
2237
2054
1871
1695
1528
1374
1233
1106
990
883
782
683
582
477
364
242
112
-25
-168
-313
-455
-588
-709
-811
-890
-943
-968
-964
-932
-873
-792
-693
-580
-461
-341
-226
-122
-33
35
82
106
106
83
40
-21
-96
-181
-273
-367
-461
-551
-635
-713
-783
-844
-898
-945
-986
-1020
-1049
-1072
-1090
-1101
-1104
-1099
-1084
-1059
-1022
-973
-912
-840
-759
-669
-573
-474
-375
-277
-184
-99
-24
39
89
125
147
155
152
138
117
92
66
41
23
11
10
21
42
76
119
170
226
285
344
399
448
490
523
548
564
572
573
570
564
554
543
529
514
495
473
445
412
371
324
270
209
141
69
-7
-87
-170
-254
-340
-426
-513
-599
-684
-767
-847
-921
-986
-1041
-1083
-1108
-1116
-1104
-1073
-1023
-957
-877
-788
-694
-600
-511
-433
-369
-322
-295
-287
-299
-328
-371
-426
-487
-550
-610
-661
-698
-718
-717
-692
-643
-570
-475
-362
-235
-100
36
167
287
389
468
522
549
547
519
468
397
312
219
125
37
-37
-93
-125
-130
-105
-50
33
142
271
414
563
711
850
975
1078
1155
1204
1223
1213
1177
1117
1040
949
850
750
653
564
484
417
362
319
286
261
239
217
190
154
107
44
-35
-133
-250
-384
-533
-696
-869
-1048
-1228
-1406
-1577
-1735
-1875
-1994
-2086
-2148
-2177
-2171
-2127
-2046
-1929
-1777
-1595
-1384
-1150
-898
-633
-360
-83
191
460
719
965
1194
1403
1590
1753
1890
1999
2080
2132
2157
2154
