604
726
871
1035
1209
1386
1557
1714
1849
1955
2026
2060
2053
2007
1924
1809
1665
1502
1325
1141
958
780
612
456
313
182
62
-50
-157
-261
-365
-470
-577
-684
-792
-896
-994
-1084
-1162
-1225
-1271
-1300
-1311
-1304
-1282
-1248
-1204
-1155
-1104
-1056
-1013
-977
-951
-935
-929
-931
-942
-958
-977
-999
-1021
-1041
-1059
-1074
-1085
-1092
-1094
-1092
-1085
-1072
-1053
-1028
-996
-956
-908
-853
-789
-717
-637
-548
-452
-347
-234
-114
12
146
285
428
575
722
869
1013
1151
1282
1403
1512
1606
1685
1747
1792
1818
1828
1822
1801
1767
1721
1665
1600
1527
1448
1361
1268
1169
1064
953
836
714
587
456
321
185
48
-86
-217
-341
-455
-555
-637
-699
-739
-754
-745
-713
-660
-591
-512
-429
-349
-281
-229
-202
-202
-233
-295
-387
-505
-642
-793
-948
-1100
-1238
-1355
-1444
-1500
-1520
-1503
-1450
-1364
-1248
-1109
-953
-785
-612
-439
-269
-107
45
189
323
448
567
680
789
894
995
1092
1183
1265
1335
1391
1428
1444
1437
1404
1345
1258
1146
1010
853
678
490
293
92
-105
-297
-477
-640
-782
-901
-994
-1059
-1096
-1105
-1088
-1046
-982
-901
-806
-701
-593
-484
-380
-285
-202
-134
-83
-51
-35
-37
-52
-79
-113
-151
-189
-223
-251
-270
-280
-281
-273
-259
-241
-223
-207
-196
-193
-198
-211
-232
-257
-283
-305
-317
-313
-288
-237
-156
-45
95
263
452
656
866
1072
1265
1434
1573
1675
1736
1756
1735
1678
1591
1483
1362
1236
1115
1005
913
840
789
759
746
746
753
763
770
768
754
725
678
615
534
437
326
203
70
-70
-216
-365
-514
-661
-803
-938
-1063
-1176
-1276
-1360
-1427
-1478
-1514
-1535
-1545
-1545
-1540
-1533
-1526
-1524
-1527
-1538
-1555
-1580
-1608
-1638
-1666
-1686
-1696
-1689
-1662
-1611
-1534
-1430
-1300
-1145
-968
-774
-567
-353
-136
79
287
486
672
842
996
1132
1250
1349
1429
1491
1536
1564
1577
1574
1558
1528
1487
1436
1375
1306
1231
1152
1069
985
900
817
736
658
583
513
448
388
336
291
255
230
216
214
226
252
293
347
413
490
574
663
754
840
919
986
1036
1065
1070
1048
996
914
802
660
491
296
80
-153
-399
-654
-912
-1169
-1421
-1663
-1892
-2105
-2299
-2472
-2621
-2745
-2841
-2906
-2940
-2939
-2901
-2826
-2712
-2561
-2374
-2154
-1904
-1632
-1343
-1045
-745
-452
-173
85
319
524
699
845
963
1057
1132
1193
1245
1292
1339
1387
1437
1488
1540
1588
1631
1663
1681
1683
1664
1625
1563
1481
1380
1262
1132
994
853
712
578
453
340
242
161
95
45
8
-17
-34
-46
-55
-64
-75
-89
-106
-127
-150
-174
-198
-221
-240
-256
-267
-275
-279
-280
-279
-279
-279
-280
-285
-292
-300
-310
-320
-328
-332
-330
-322
-306
-282
-251
-215
-175
-134
-94
-60
-32
-13
-4
-7
-22
-47
-84
-130
-184
-246
-314
-386
-462
-540
-618
-693
-764
-828
-883
-925
-954
-967
-964
-943
-907
-856
-794
-722
-645
-565
-488
-414
-348
-289
-238
-194
-154
-115
-72
-23
37
114
208
321
454
604
767
939
1114
1285
1445
1586
1702
1790
1844
1864
1850
1805
1732
1636
1523
1400
1273
1146
1024
909
802
702
608
517
425
330
229
119
0
-126
-259
-395
-529
-655
-769
-865
-938
-986
-1006
-997
-962
-903
-823
-728
-624
-516
-410
-311
-223
-150
-94
-55
-33
-28
-36
-58
-89
-128
-173
-222
-275
-331
-389
-449
-511
-575
-638
-700
-759
-813
-859
-896
-920
-930
-924
-903
-865
-815
-753
-683
-610
-538
-472
-415
-369
-337
-317
-308
-307
-311
-315
-313
-303
-280
-242
-188
-119
-35
58
160
265
368
467
557
636
701
753
790
816
830
835
834
829
822
816
811
809
809
811
813
814
811
804
789
766
733
691
641
584
522
456
389
324
261
202
147
98
54
15
-18
-48
-74
-94
-109
-117
-119
-113
-99
-78
-50
-16
21
61
101
136
165
185
194
190
174
146
107
61
11
-39
-86
-125
-154
-170
-173
-162
-140
-109
-73
-39
-10
7
8
-10
-53
-119
-211
-324
-455
-600
-751
-903
-1048
-1179
-1289
-1374
-1430
-1454
-1445
-1403
-1330
-1229
-1103
-958
-797
-626
-449
-271
-96
73
234
384
522
647
757
852
931
994
1040
1069
1079
1070
1042
996
932
851
756
648
530
405
276
146
17
-106
-226
-338
-441
-536
-620
-692
-753
-800
-833
-849
-847
-826
-785
-723
-641
-540
-422
-290
-148
0
150
296
435
561
673
766
841
895
931
950
953
945
928
906
881
857
835
816
801
788
777
766
751
733
708
676
636
589
536
479
421
365
313
268
232
206
191
186
191
202
216
230
241
243
232
205
159
91
0
-117
-257
-420
-602
-800
-1009
-1223
-1435
-1639
-1827
-1994
-2134
-2242
-2315
-2351
-2352
-2317
-2251
-2156
-2039
-1903
-1753
-1595
-1432
-1268
-1107
-949
-797
-652
-514
-384
-259
-139
-23
90
205
321
441
565
694
827
963
1100
1234
1363
1481
1584
1670
1734
1774
1790
1783
1754
1707
1648
1582
1517
1459
1414
1388
1385
1408
1455
1525
1613
1711
1813
1907
1984
2035
2051
2024
1951
1829
1659
1444
1192
909
607
295
-14
-312
-588
-833
-1043
-1214
-1345
-1437
-1495
-1523
-1530
-1521
-1504
-1487
-1475
-1473
-1484
-1508
-1546
-1597
-1656
-1721
-1787
-1850
-1905
-1949
-1978
-1989
-1980
-1951
-1900
-1828
-1735
-1621
-1488
-1338
-1172
-991
-799
-596
-386
-171
47
265
481
692
895
1086
1264
1426
1568
1688
1785
1857
1901
1918
1906
1867
1802
1713
1603
1476
1336
1189
1039
891
750
621
506
408
328
267
222
192
173
162
154
145
129
104
64
8
-67
-162
-279
-414
-567
-732
-906
-1083
-1255
-1416
-1558
-1674
-1757
-1803
-1807
-1768
-1686
-1563
-1403
-1213
-999
-771
-537
-305
-85
116
292
438
550
626
666
672
646
592
516
422
319
211
105
6
-78
-148
-199
-230
-241
-234
-210
-172
-123
-68
-9
48
104
155
199
235
263
283
296
301
301
297
289
279
267
255
242
229
216
203
189
175
158
139
116
89
58
22
-18
-62
-108
-154
-197
-235
-264
-281
-285
-273
-246
-204
-148
-83
-12
60
128
187
231
257
262
244
203
142
63
-28
-126
-225
-318
-397
-457
-492
-500
-478
-426
-346
-241
-115
24
173
325
472
610
733
838
922
985
1025
1045
1046
1030
1002
963
917
867
813
759
703
648
593
536
479
419
356
290
221
149
74
-2
-79
-155
-228
-299
-364
-423
-477
-523
-563
-596
-625
-649
-669
-687
-703
-719
-734
-748
-761
-772
-779
-781
-776
-761
-734
-694
-639
-569
-485
-389
-284
-173
-63
39
130
203
250
270
258
213
138
33
-94
-239
-393
-550
-699
-832
-942
-1022
-1067
-1072
-1037
-960
-844
-690
-505
-295
-66
173
415
650
871
1069
1238
1372
1469
1526
1545
1526
1476
1398
1302
1193
1080
970
871
787
724
682
664
669
695
738
795
860
930
999
1061
1113
1148
1164
1157
1125
1067
982
871
735
579
404
215
17
-186
-390
-591
-784
-967
-1136
-1289
-1426
-1544
-1643
-1723
-1786
-1832
-1864
-1882
-1890
-1888
-1880
-1866
-1847
-1823
-1794
-1759
-1717
-1667
-1607
-1538
-1457
-1367
-1266
-1156
-1040
-918
-793
-667
-542
-420
-302
-190
-82
19
117
212
307
403
502
607
718
838
966
1101
1243
1387
1532
1674
1809
1933
2042
2134
2204
2252
2275
2275
2251
2205
2139
2057
1962
1858
1749
1639
1532
1430
1336
1251
1175
1108
1047
992
937
882
821
752
672
580
473
351
214
63
-99
-272
-453
-638
-823
-1006
-1182
-1348
-1502
-1641
-1762
-1864
-1946
-2007
-2049
-2072
-2078
-2069
-2048
-2018
-1981
-1939
-1893
-1845
-1795
-1742
-1685
-1622
-1550
-1468
-1374
-1267
-1146
-1012
-865
-708
-543
-374
-203
-33
130
287
433
567
686
790
878
950
1005
1045
1069
1078
1074
1058
1030
992
944
887
824
754
678
598
513
425
335
242
149
56
-36
-126
-212
-293
-367
-433
-489
-534
-567
-587
-595
-589
-572
-543
-504
-457
-403
-345
-284
-223
-161
-102
-45
7
57
103
145
184
219
250
279
305
329
350
369
385
399
409
416
418
416
408
393
371
342
305
262
211
155
96
36
-21
-73
-117
-148
-162
-158
-132
-84
-14
75
183
305
435
568
697
817
921
1006
1067
1101
1106
1084
1035
961
866
754
629
496
360
225
96
-24
-133
-231
-315
-385
-442
-487
-522
-547
-566
-578
-588
-594
-600
-605
-611
-618
-625
-633
-641
-648
-654
-659
-660
-658
-653
-645
-632
-616
-596
-574
-550
-524
-497
-469
-442
-414
-386
-357
-328
-299
-269
-239
-210
-182
-156
-133
-113
-96
-83
-73
-66
-59
-53
-47
-39
-30
-19
-7
4
15
24
30
32
30
25
17
7
-1
-7
-9
-3
9
32
65
107
156
212
271
330
386
435
474
501
515
513
498
469
430
383
333
284
240
207
188
186
203
241
300
377
472
578
693
810
922
1024
1109
1171
1207
1213
1188
1131
1046
937
809
669
527
388
261
154
70
14
-10
-5
28
88
168
263
366
468
562
641
697
727
725
688
617
511
374
208
19
-188
-407
-632
-855
-1070
-1271
-1452
-1607
-1733
-1825
-1882
-1902
-1886
-1834
-1751
-1640
-1505
-1351
-1184
-1009
-831
-655
-484
-323
-174
-39
78
179
262
326
373
402
415
413
396
366
325
275
218
156
91
26
-35
-93
-144
-186
-218
-238
-246
-242
-226
-197
-156
-105
-44
25
100
181
263
345
425
499
567
626
675
713
741
758
764
761
750
733
709
681
650
618
584
550
516
484
453
424
396
368
341
313
284
253
219
182
141
95
45
-9
-68
-131
-198
-269
-341
-415
-489
-561
-630
-694
-751
-799
-838
-865
-880
-884
-877
-858
-831
-795
-752
-704
-652
-597
-539
-479
-418
-353
-285
-214
-137
-56
30
122
218
317
416
514
606
691
764
822
862
880
875
845
790
709
604
478
333
173
4
-169
-343
-513
-673
-820
-950
-1061
-1151
-1220
-1266
-1291
-1296
-1281
-1248
-1200
-1138
-1063
-977
-882
-780
-670
-556
-438
-318
-197
-77
38
148
250
342
420
484
531
560
570
561
535
492
436
369
294
216
138
63
-3
-61
-106
-138
-155
-157
-145
-120
-83
-37
15
72
130
187
241
289
329
362
387
405
416
421
424
424
425
428
435
446
462
485
512
544
580
618
657
693
726
752
770
777
771
752
719
670
606
528
436
334
222
105
-15
-136
-253
-362
-462
-548
-620
-676
-715
-740
-750
-748
-736
-717
-694
-670
-645
-621
-599
-580
-563
-547
-532
-516
-498
-478
-453
-425
-392
-355
-313
-267
-217
-164
-108
-51
8
69
131
194
257
320
382
442
499
551
596
632
658
671
669
652
619
570
508
434
352
268
186
112
53
14
1
17
65
146
260
406
578
772
981
1199
1416
1625
1817
1985
2122
2220
2274
2281
2237
2142
1995
1798
1554
1269
948
598
228
-154
-540
-920
-1284
-1624
-1931
-2200
-2422
-2595
-2715
-2782
-2795
-2757
-2672
-2546
-2384
-2193
-1981
-1754
-1519
-1282
-1048
-821
-604
-400
-211
-37
121
264
392
506
607
697
778
850
