1064
1195
1331
1466
1594
1708
1803
1874
1919
1936
1926
1892
1838
1771
1697
1623
1558
1506
1472
1460
1469
1499
1544
1600
1660
1716
1761
1788
1792
1767
1712
1627
1513
1373
1213
1039
858
675
496
328
173
34
-87
-192
-281
-357
-421
-477
-527
-571
-612
-651
-688
-722
-754
-784
-812
-838
-862
-885
-908
-929
-950
-969
-984
-996
-1002
-1001
-991
-972
-944
-908
-867
-823
-780
-743
-718
-710
-722
-760
-825
-919
-1040
-1184
-1348
-1524
-1704
-1878
-2036
-2168
-2265
-2321
-2328
-2284
-2187
-2041
-1848
-1616
-1354
-1070
-775
-480
-193
76
324
543
733
892
1022
1124
1203
1262
1306
1340
1368
1392
1417
1444
1473
1507
1543
1581
1619
1656
1689
1718
1738
1751
1753
1745
1726
1695
1653
1600
1536
1461
1376
1282
1180
1070
954
832
708
582
456
333
214
102
-2
-96
-179
-249
-306
-349
-378
-394
-397
-389
-371
-346
-316
-284
-252
-225
-205
-194
-197
-216
-251
-305
-378
-468
-573
-693
-821
-955
-1090
-1220
-1340
-1446
-1532
-1594
-1630
-1636
-1612
-1557
-1474
-1364
-1233
-1085
-925
-761
-598
-442
-299
-174
-68
13
73
110
126
124
108
82
49
15
-17
-44
-63
-74
-75
-67
-51
-30
-6
16
37
52
59
59
51
36
16
-6
-27
-46
-58
-63
-58
-44
-22
5
37
71
101
127
144
150
144
124
91
45
-10
-74
-143
-211
-275
-329
-368
-388
-385
-356
-299
-217
-109
19
165
323
487
651
809
956
1087
1199
1289
1356
1399
1418
1414
1387
1340
1274
1192
1095
987
870
746
620
492
368
248
137
35
-54
-130
-194
-243
-280
-305
-321
-329
-332
-332
-333
-336
-344
-359
-381
-412
-454
-505
-568
-642
-727
-824
-934
-1054
-1186
-1327
-1477
-1631
-1787
-1941
-2090
-2227
-2350
-2454
-2535
-2591
-2619
-2618
-2586
-2523
-2428
-2303
-2148
-1964
-1752
-1513
-1249
-964
-659
-339
-7
329
668
1001
1323
1627
1908
2161
2379
2560
2700
2799
2856
2873
2854
2803
2726
2630
2522
2410
2300
2199
2111
2039
1986
1951
1934
1932
1941
1959
1980
2002
2021
2034
2038
2032
2015
1985
1943
1889
1823
1745
1656
1557
1448
1330
1204
1070
928
778
619
451
273
85
-115
-328
-554
-791
-1039
-1295
-1556
-1819
-2079
-2331
-2569
-2789
-2984
-3151
-3285
-3383
-3442
-3463
-3445
-3390
-3301
-3182
-3037
-2870
-2687
-2491
-2286
-2073
-1855
-1632
-1405
-1172
-933
-688
-437
-180
78
339
596
845
1082
1302
1498
1668
1806
1911
1982
2019
2024
1999
1950
1881
1798
1707
1612
1520
1433
1354
1286
1226
1175
1127
1081
1032
974
905
822
722
606
473
327
172
11
-150
-308
-458
-595
-718
-824
-912
-983
-1037
-1075
-1098
-1108
-1105
-1092
-1067
-1032
-987
-932
-867
-793
-709
-617
-519
-415
-308
-202
-98
0
88
165
228
275
305
318
314
295
263
220
170
115
59
6
-42
-85
-119
-144
-160
-167
-167
-161
-150
-136
-121
-105
-89
-73
-58
-41
-21
1
29
63
104
152
204
260
317
372
420
456
478
479
457
407
329
221
83
-82
-273
-486
-714
-952
-1193
-1430
-1656
-1864
-2046
-2197
-2313
-2390
-2427
-2423
-2381
-2302
-2191
-2052
-1891
-1712
-1523
-1327
-1129
-933
-742
-558
-384
-220
-67
73
202
320
425
518
598
666
721
764
794
814
824
826
823
816
809
802
800
803
813
831
857
893
937
990
1050
1118
1190
1267
1346
1425
1503
1577
1645
1705
1756
1796
1824
1839
1841
1829
1804
1765
1712
1647
1567
1475
1369
1249
1115
969
810
640
461
276
89
-93
-268
-428
-568
-682
-766
-816
-829
-807
-749
-661
-545
-408
-258
-102
51
195
324
430
509
559
577
564
521
450
355
242
114
-21
-159
-294
-421
-534
-630
-706
-761
-795
-808
-805
-787
-760
-728
-696
-666
-643
-627
-619
-618
-623
-631
-638
-641
-637
-624
-599
-561
-511
-450
-380
-304
-227
-153
-87
-32
6
26
27
9
-28
-81
-147
-221
-296
-368
-431
-481
-512
-523
-512
-477
-421
-346
-255
-152
-42
69
179
282
375
454
518
565
594
607
604
587
559
522
479
433
387
343
303
268
238
215
196
182
171
161
152
143
134
124
114
107
102
101
105
115
130
149
170
188
201
203
190
159
106
29
-70
-193
-334
-489
-652
-816
-973
-1117
-1240
-1338
-1407
-1443
-1446
-1416
-1355
-1265
-1150
-1013
-859
-692
-517
-338
-159
14
178
328
461
573
662
724
760
769
752
712
652
576
488
394
299
207
122
49
-9
-51
-76
-83
-74
-48
-9
42
103
172
246
324
402
480
555
627
694
754
807
853
890
919
939
950
952
945
928
900
860
807
739
654
551
429
287
126
-54
-251
-462
-682
-907
-1130
-1346
-1548
-1730
-1886
-2011
-2100
-2151
-2162
-2131
-2061
-1953
-1811
-1638
-1439
-1221
-988
-748
-506
-269
-42
169
361
530
674
793
887
957
1006
1036
1050
1053
1045
1030
1009
984
955
923
888
851
812
771
731
693
658
629
608
597
600
618
652
704
773
858
956
1064
1175
1284
1385
1470
1532
1566
1566
1527
1448
1328
1169
975
750
502
239
-31
-298
-554
-788
-994
-1165
-1296
-1384
-1428
-1430
-1393
-1322
-1226
-1113
-991
-870
-760
-666
-597
-556
-547
-568
-619
-697
-796
-910
-1033
-1158
-1279
-1391
-1487
-1566
-1624
-1661
-1676
-1671
-1646
-1604
-1546
-1474
-1389
-1294
-1189
-1076
-957
-833
-707
-581
-459
-342
-234
-136
-49
25
88
140
183
218
248
275
300
325
351
379
407
437
467
497
526
554
580
606
632
659
689
724
767
821
886
965
1058
1165
1285
1415
1554
1696
1839
1976
2105
2220
2317
2392
2442
2464
2457
2420
2354
2260
2142
2003
1847
1680
1505
1328
1152
981
816
660
510
368
230
94
-40
-179
-324
-475
-635
-802
-975
-1153
-1329
-1500
-1660
-1803
-1923
-2015
-2075
-2100
-2091
-2047
-1972
-1870
-1746
-1607
-1459
-1309
-1162
-1025
-901
-793
-702
-628
-570
-526
-492
-465
-441
-417
-390
-357
-316
-265
-206
-137
-60
23
112
205
297
389
477
560
637
707
770
824
871
910
943
968
987
1000
1005
1004
995
978
952
917
872
817
750
672
583
483
373
254
127
-4
-139
-274
-406
-532
-649
-754
-845
-920
-977
-1014
-1030
-1027
-1003
-961
-901
-825
-737
-638
-532
-423
-312
-203
-100
-4
80
154
215
261
292
307
306
290
260
218
164
101
32
-40
-111
-180
-241
-291
-328
-349
-352
-337
-304
-253
-188
-111
-26
63
153
239
317
384
435
470
486
483
461
421
363
290
203
104
-5
-124
-250
-381
-515
-650
-782
-910
-1029
-1136
-1230
-1306
-1362
-1398
-1411
-1401
-1369
-1316
-1243
-1154
-1050
-935
-813
-689
-565
-445
-333
-232
-144
-71
-15
24
47
55
48
29
0
-35
-76
-120
-163
-204
-240
-270
-292
-306
-311
-307
-294
-274
-246
-212
-173
-130
-82
-31
22
80
141
205
273
344
418
494
570
644
715
780
838
885
920
941
947
938
914
877
827
767
700
630
559
491
429
374
329
294
269
254
245
241
238
232
220
197
163
114
51
-25
-113
-209
-308
-406
-496
-574
-635
-675
-690
-680
-642
-579
-492
-383
-257
-116
33
188
344
496
641
775
897
1004
1096
1172
1232
1278
1311
1331
1342
1344
1339
1330
1319
1306
1295
1288
1286
1292
1308
1335
1373
1422
1481
1547
1616
1685
1749
1802
1838
1852
1840
1798
1721
1607
1456
1267
1041
781
491
176
-158
-505
-855
-1201
-1534
-1845
-2127
-2372
-2575
-2731
-2839
-2896
-2905
-2869
-2790
-2674
-2526
-2355
-2165
-1964
-1758
-1554
-1355
-1166
-990
-830
-686
-558
-445
-345
-255
-172
-95
-19
56
133
213
296
383
474
568
664
763
863
963
1061
1157
1248
1330
1403
1463
1508
1536
1545
1535
1507
1461
1400
1327
1245
1157
1067
978
893
813
741
676
619
569
524
483
442
401
357
308
254
192
123
48
-31
-116
-203
-290
-377
-461
-542
-617
-687
-752
-811
-866
-917
-965
-1012
-1059
-1107
-1157
-1209
-1263
-1319
-1377
-1435
-1491
-1545
-1594
-1637
-1673
-1699
-1716
-1724
-1721
-1710
-1691
-1666
-1637
-1607
-1576
-1548
-1525
-1507
-1495
-1490
-1491
-1495
-1501
-1506
-1508
-1502
-1486
-1457
-1412
-1350
-1270
-1169
-1049
-909
-750
-576
-388
-189
14
219
421
614
794
958
1102
1224
1324
1402
1460
1498
1520
1528
1524
1512
1492
1468
1440
1410
1381
1353
1328
1308
1295
1290
1295
1311
1339
1379
1431
1493
1565
1642
1723
1804
1881
1949
2003
2037
2048
2031
1982
1898
1779
1625
1437
1217
970
701
414
115
-188
-492
-790
-1076
-1345
-1592
-1812
-2001
-2156
-2275
-2356
-2399
-2404
-2373
-2310
-2219
-2103
-1969
-1821
-1665
-1507
-1350
-1200
-1058
-928
-810
-706
-614
-534
-465
-404
-351
-303
-259
-216
-173
-127
-78
-24
37
109
190
282
386
500
624
756
891
1026
1158
1280
1389
1479
1547
1591
1608
1599
1563
1504
1423
1327
1218
1102
983
865
752
645
546
455
371
294
221
152
85
21
-40
-99
-152
-199
-238
-266
-282
-285
-274
-250
-212
-162
-102
-33
43
125
210
295
379
459
534
600
655
698
728
741
738
718
679
623
549
458
352
233
102
-35
-179
-325
-470
-610
-740
-858
-960
-1042
-1100
-1133
-1137
-1112
-1056
-971
-858
-720
-561
-387
-202
-13
171
346
504
639
747
821
860
861
823
746
632
483
304
98
-127
-367
-614
-862
-1103
-1329
-1535
-1714
-1862
-1974
-2048
-2083
-2078
-2037
-1961
-1855
-1725
-1575
-1412
-1242
-1070
-902
-741
-592
-456
-334
-227
-136
-59
2
50
85
108
119
119
109
89
62
29
-7
-43
-77
-104
-121
-126
-114
-86
-38
27
113
215
333
463
602
746
892
1035
1172
1299
1414
1514
1597
1663
1711
1742
1756
1755
1739
1710
1669
1618
1558
1490
1415
1334
1249
1160
1068
974
880
786
694
606
522
444
373
309
254
208
170
139
113
92
71
49
21
-14
-60
-121
-196
-287
-393
-513
-645
-785
-929
-1072
-1209
-1336
-1446
-1536
-1603
-1644
-1658
-1646
-1609
-1550
-1472
-1379
-1277
-1169
-1060
-954
-855
-763
-683
-614
-558
-514
-481
-458
-441
-429
-418
-406
-389
-365
-332
-289
-236
-174
-104
-28
48
123
194
256
307
344
367
376
373
359
338
316
295
282
281
295
326
377
448
537
642
760
888
1020
1151
1277
1393
1493
1575
1635
1669
1678
1659
1613
1541
1447
1333
1204
1064
918
772
631
499
381
279
196
133
89
63
55
61
78
102
130
158
182
198
204
197
176
141
90
26
-51
-140
-238
-345
-457
-572
-688
-804
-916
-1023
-1123
-1214
-1293
-1359
-1411
-1448
-1470
-1476
-1467
-1443
-1406
-1357
-1296
-1226
-1148
-1062
-971
-877
-779
-680
-582
-484
-390
-299
-214
-134
-62
3
61
112
157
195
229
259
285
308
328
344
355
361
360
353
340
321
297
269
241
212
186
163
145
132
125
124
130
143
162
188
221
260
305
355
409
466
523
580
634
684
729
766
795
815
827
830
826
814
795
772
745
715
685
655
628
605
587
575
569
569
574
583
592
599
600
591
570
532
475
398
300
182
43
-112
-282
-463
-651
-841
-1029
-1210
-1380
-1535
-1672
-1789
-1883
-1955
-2003
-2030
-2037
-2025
-1996
-1952
-1896
-1829
-1751
-1663
-1566
-1460
