-160
-229
-281
-315
-329
-326
-306
-272
-227
-174
-117
-59
-3
45
86
116
132
134
121
93
51
-3
-71
-147
-231
-319
-408
-496
-579
-654
-719
-770
-806
-826
-827
-811
-777
-727
-662
-585
-499
-408
-315
-222
-134
-52
19
82
134
175
205
227
241
249
253
256
258
262
269
279
293
312
336
363
393
425
458
491
522
550
573
591
600
601
593
573
544
503
453
394
328
255
179
100
21
-56
-132
-204
-271
-334
-392
-446
-493
-536
-572
-601
-623
-635
-636
-625
-602
-565
-514
-450
-375
-289
-195
-96
4
105
200
289
367
434
487
526
551
564
564
556
541
521
501
482
466
456
452
454
463
476
491
507
521
529
529
519
497
461
412
350
277
194
104
11
-80
-169
-251
-322
-380
-423
-449
-459
-452
-432
-398
-356
-308
-258
-210
-167
-133
-109
-98
-100
-116
-145
-185
-234
-287
-342
-394
-440
-475
-497
-503
-492
-464
-420
-364
-300
-231
-163
-99
-45
-3
24
38
39
30
13
-6
-26
-42
-50
-48
-37
-15
13
49
85
119
146
161
160
141
102
42
-35
-129
-236
-350
-465
-575
-674
-757
-819
-857
-870
-856
-818
-757
-676
-579
-469
-350
-227
-103
19
137
249
351
442
519
582
629
658
670
663
640
602
550
489
421
351
282
219
166
124
98
86
91
110
143
186
236
291
347
400
447
485
514
530
535
527
508
479
441
396
346
293
238
185
133
85
41
2
-30
-56
-76
-88
-94
-93
-86
-73
-55
-34
-9
15
42
69
94
117
137
153
164
169
167
158
140
112
75
27
-30
-97
-172
-253
-339
-428
-516
-601
-680
-751
-811
-858
-890
-906
-906
-888
-854
-805
-741
-663
-575
-478
-375
-268
-161
-54
47
144
232
312
381
439
487
523
549
565
571
568
557
538
513
483
447
408
366
323
279
235
193
153
117
86
59
37
20
9
2
-1
-1
0
1
2
3
1
-2
-8
-18
-30
-45
-63
-82
-103
-124
-146
-167
-186
-202
-214
-223
-226
-223
-215
-200
-180
-154
-125
-92
-57
-22
12
44
72
96
116
129
138
142
141
138
132
126
120
116
113
114
117
122
128
136
142
146
146
142
133
119
98
73
43
9
-25
-62
-99
-134
-167
-197
-222
-243
-259
-270
-276
-277
-273
-265
-254
-239
-222
-204
-186
-168
-151
-137
-125
-117
-112
-112
-114
-120
-129
-138
-149
-159
-167
-173
-175
-173
-166
-155
-139
-119
-96
-70
-41
-10
21
55
90
127
166
207
250
295
341
388
434
479
520
556
585
606
618
619
610
589
557
515
465
409
347
283
218
154
93
36
-15
-62
-104
-140
-172
-200
-226
-248
-269
-289
-309
-327
-344
-360
-373
-382
-387
-387
-381
-368
-348
-322
-290
-252
-210
-165
-120
-75
-32
5
38
64
82
91
92
85
71
51
26
0
-26
-50
-70
-84
-90
-87
-75
-54
-24
12
54
99
145
190
229
262
284
295
293
277
248
206
153
91
24
-43
-109
-170
-221
-260
-285
-296
-291
-272
-242
-201
-154
-104
-53
-6
35
70
95
111
118
115
106
90
72
52
33
16
4
-2
-4
-1
6
17
29
42
53
62
68
71
69
65
59
53
46
41
40
41
47
57
70
86
105
124
141
156
167
173
172
164
148
126
96
61
21
-22
-67
-112
-155
-196
-233
-265
-291
-310
-323
-328
-326
-317
-301
-279
-251
-218
-180
-140
-98
-55
-14
25
61
93
120
141
155
164
167
164
155
142
125
104
81
55
29
2
-24
-50
-74
-96
-114
-129
-140
-147
-150
-149
-144
-136
-125
-112
-97
-82
-65
-49
-33
-19
-6
4
13
20
23
24
22
17
11
3
-4
-11
-17
-20
-19
-14
-3
13
35
62
93
127
162
197
230
259
282
299
307
306
297
278
251
215
174
128
78
28
-21
-68
-112
-150
-181
-205
-222
-230
-230
-223
-209
-189
-164
-134
-102
-69
-35
-3
26
54
77
96
109
117
119
116
108
96
81
63
44
25
6
-9
-24
-36
-45
-51
-53
-53
-50
-44
-37
-29
-20
-11
-3
4
10
15
17
19
19
17
15
14
12
12
13
17
23
32
44
59
76
96
117
139
161
182
200
215
226
232
232
228
219
205
188
169
148
127
106
87
70
56
44
34
26
18
10
1
-9
-24
-42
-64
-88
-116
-144
-173
-199
-222
-240
-251
-255
-250
-236
-214
-184
-147
-105
-60
-13
34
80
122
160
192
218
236
248
251
248
238
221
199
171
137
100
59
14
-33
-83
-135
-187
-240
-291
-339
-384
-425
-461
-491
-515
-533
-547
-558
-565
-571
-576
-581
-588
-595
-605
-615
-625
-635
-642
-646
-643
-632
-612
-580
-535
-476
-402
-314
-213
-100
20
148
279
410
536
655
763
857
935
995
1037
1060
1065
1052
1025
984
933
874
810
745
679
616
556
500
449
401
356
312
266
218
166
108
44
-25
-100
-179
-259
-337
-410
-475
-528
-566
-588
-592
-578
-546
-499
-438
-366
-288
-206
-125
-48
20
79
126
159
178
182
174
155
126
91
52
12
-27
-63
-95
-121
-142
-156
-165
-170
-171
-169
-166
-162
-159
-157
-156
-156
-158
-161
-164
-166
-168
-166
-162
-154
-141
-125
-104
-81
-56
-30
-5
17
37
53
64
72
75
76
74
71
68
65
63
62
61
60
57
52
42
27
6
-20
-54
-93
-136
-182
-227
-268
-302
-327
-339
-336
-317
-281
-228
-159
-77
16
117
221
325
424
515
594
658
705
735
745
738
712
671
617
551
477
398
317
238
162
94
35
-12
-47
-70
-80
-79
-67
-47
-21
6
35
62
83
96
100
94
76
47
8
-41
-99
-163
-232
-303
-373
-442
-506
-564
-614
-655
-685
-704
-712
-708
-693
-666
-630
-584
-529
-468
-402
-331
-257
-183
-108
-35
35
101
163
218
267
310
345
373
395
411
422
429
432
434
433
431
427
422
415
406
395
380
363
342
318
291
263
234
206
179
156
137
124
118
117
123
135
151
169
189
208
225
237
244
244
238
225
206
182
154
122
90
56
24
-7
-37
-66
-92
-118
-143
-168
-194
-220
-246
-273
-301
-328
-355
-379
-401
-419
-432
-440
-441
-435
-423
-404
-379
-348
-312
-273
-230
-186
-140
-94
-48
-3
40
83
123
159
193
221
246
264
277
285
286
281
270
254
233
208
179
149
117
86
55
27
2
-17
-33
-44
-49
-49
-45
-38
-29
-19
-10
-3
1
0
-4
-15
-31
-54
-82
-115
-152
-191
-231
-271
-309
-343
-372
-394
-409
-416
-415
-405
-387
-361
-327
-287
-241
-191
-136
-77
-17
43
105
165
223
277
326
368
404
432
451
462
463
455
439
415
384
348
307
264
218
172
127
83
42
4
-29
-60
-86
-109
-128
-144
-157
-167
-175
-182
-187
-191
-194
-198
-202
-209
-217
-228
-243
-262
-284
-311
-342
-376
-413
-451
-489
-525
-558
-585
-606
-618
-620
-612
-593
-562
-520
-469
-409
-342
-270
-195
-118
-41
32
103
170
232
288
340
386
429
467
503
537
569
599
629
658
685
712
736
758
776
789
796
795
785
765
733
690
634
567
489
402
309
212
113
16
-74
-158
-232
-292
-339
-370
-385
-385
-370
-342
-303
-256
-202
-145
-87
-31
19
64
102
131
152
163
166
162
150
132
110
82
51
17
-19
-59
-101
-145
-190
-235
-279
-322
-362
-398
-429
-453
-470
-479
-480
-472
-456
-432
-402
-366
-326
-282
-238
-193
-149
-108
-69
-34
-2
26
52
76
100
123
147
172
198
226
256
287
318
348
377
403
425
443
456
462
463
456
443
423
398
366
330
290
247
202
156
110
65
21
-20
-60
-98
-135
-170
-203
-236
-268
-299
-330
-359
-387
-414
-438
-459
-476
-490
-499
-503
-503
-498
-489
-475
-457
-436
-411
-383
-351
-317
-280
-240
-197
-151
-101
-50
4
60
117
175
231
285
336
381
420
451
474
489
494
491
480
462
437
408
374
339
302
264
226
188
152
116
80
46
13
-18
-49
-78
-104
-128
-148
-165
-178
-188
-193
-195
-194
-190
-183
-176
-167
-159
-150
-143
-137
-133
-131
-130
-132
-136
-142
-149
-157
-165
-174
-181
-187
-190
-190
-185
-177
-163
-145
-122
-96
-67
-37
-5
24
54
81
105
125
142
156
166
174
180
184
188
192
196
201
207
215
223
232
242
251
259
266
271
274
274
272
267
260
250
237
223
206
189
171
152
132
113
94
76
57
40
22
5
-11
-29
-46
-64
-82
-100
-118
-134
-150
-163
-174
-182
-187
-188
-185
-179
-169
-157
-141
-124
-105
-85
-64
-44
-25
-7
8
23
35
44
50
52
51
46
36
22
3
-18
-44
-72
-103
-134
-166
-197
-225
-251
-274
-293
-307
-316
-321
-321
-316
-306
-294
-277
-259
-239
-217
-196
-175
-154
-134
-115
-96
-78
-59
-40
-21
0
21
45
69
94
120
145
170
193
213
231
246
258
266
271
273
273
271
269
267
267
268
271
277
284
293
302
311
318
322
323
320
312
300
284
264
240
215
188
160
133
106
81
58
37
18
1
-13
-26
-38
-48
-58
-67
-76
-84
-92
-100
-108
-116
-125
-133
-143
-153
-164
-177
-191
-206
-223
-241
-259
-278
-298
-317
-336
-354
-371
-386
-398
-407
-413
-415
-413
-405
-393
-376
-354
-327
-295
-260
-222
-182
-140
-97
-55
-14
24
61
93
122
146
165
180
189
194
195
192
186
178
167
155
144
132
122
113
107
104
104
108
114
124
136
150
164
179
193
206
216
224
230
233
234
232
228
222
215
207
197
186
172
157
139
117
93
64
32
-3
-43
-86
-131
-178
-225
-271
-316
-358
-395
-428
-453
-472
-482
-483
-476
-460
-437
-406
-368
-326
-280
-232
-183
-134
-86
-40
3
44
83
118
150
180
206
228
247
262
272
278
280
276
268
255
237
216
192
166
139
112
86
61
40
23
10
2
0
0
6
15
27
40
55
69
82
94
103
110
113
113
108
100
89
75
58
40
22
6
-6
-15
-18
-15
-4
13
39
70
106
145
186
225
261
292
316
332
339
335
323
301
271
234
192
148
102
58
16
-21
-54
-81
-101
-116
-125
-130
-132
-132
-131
-131
-132
-134
-139
-146
-154
-164
-174
-183
-191
-197
-201
-202
-200
-196
-190
-181
-172
-162
-151
-140
-128
-116
-104
-90
-76
-61
-44
-26
-8
10
28
44
58
69
75
76
71
60
44
22
-4
-35
-67
-101
-134
-166
-194
-218
-237
-251
-259
-261
-258
-251
-239
-224
-206
-186
-165
-144
-124
-103
-84
-66
-50
-33
-18
-2
14
31
50
70
92
115
140
166
192
217
242
266
288
308
326
341
353
