352
336
310
273
225
164
91
5
-90
-193
-302
-413
-521
-622
-712
-787
-843
-876
-883
-863
-815
-739
-638
-514
-371
-214
-50
115
275
423
554
663
745
798
821
814
780
720
640
545
439
329
221
119
29
-46
-104
-144
-166
-169
-158
-134
-102
-67
-31
-1
21
31
28
11
-20
-65
-121
-185
-253
-320
-383
-439
-482
-511
-524
-520
-498
-460
-408
-344
-271
-191
-110
-29
46
116
176
224
259
280
286
277
253
216
167
107
38
-35
-113
-190
-265
-333
-391
-437
-468
-483
-480
-461
-424
-373
-310
-237
-158
-77
1
75
139
192
231
254
261
252
229
194
150
100
47
-5
-55
-100
-139
-172
-199
-221
-239
-254
-268
-280
-293
-304
-314
-322
-325
-322
-312
-292
-261
-219
-165
-101
-28
51
134
217
296
366
426
471
500
513
507
486
449
399
339
272
201
128
58
-8
-68
-120
-164
-197
-220
-233
-235
-227
-210
-184
-150
-108
-61
-9
46
103
160
215
267
314
354
386
408
420
421
411
390
358
316
265
207
144
77
9
-57
-120
-176
-224
-262
-289
-303
-304
-293
-269
-236
-194
-144
-91
-36
18
70
117
156
185
203
209
201
182
150
107
56
0
-61
-122
-180
-232
-277
-311
-334
-345
-345
-333
-312
-284
-251
-216
-180
-147
-117
-93
-74
-63
-57
-56
-60
-66
-72
-78
-80
-79
-71
-58
-37
-11
20
56
93
130
164
192
214
226
228
221
203
176
143
105
65
25
-10
-41
-65
-80
-87
-85
-75
-58
-36
-11
15
41
66
88
107
122
134
143
150
157
164
172
183
197
214
234
256
278
300
319
334
343
346
342
330
311
285
252
215
174
130
85
38
-8
-55
-101
-146
-191
-234
-275
-314
-351
-384
-412
-436
-452
-462
-462
-454
-435
-407
-370
-326
-274
-219
-162
-106
-53
-6
32
63
84
95
97
91
78
60
38
15
-7
-28
-47
-63
-76
-84
-89
-90
-87
-80
-70
-56
-38
-16
9
37
69
103
137
172
205
236
262
282
296
303
303
295
281
261
238
212
185
159
136
116
100
90
84
84
88
95
105
117
130
142
152
161
167
170
170
168
163
156
147
136
124
109
92
72
49
23
-6
-39
-77
-117
-160
-204
-248
-290
-328
-360
-386
-402
-409
-405
-391
-366
-333
-293
-247
-198
-149
-102
-61
-27
-3
10
13
3
-17
-48
-87
-134
-184
-236
-286
-332
-371
-401
-418
-423
-414
-390
-352
-301
-239
-167
-89
-7
75
155
230
297
355
400
433
453
459
452
434
407
372
332
289
247
208
174
146
126
115
111
116
127
144
163
183
201
215
224
225
218
201
175
139
96
46
-7
-64
-121
-176
-226
-269
-304
-329
-342
-344
-334
-312
-278
-235
-183
-124
-60
7
75
142
205
263
313
354
385
405
413
409
393
367
332
288
238
182
122
59
-3
-67
-131
-193
-252
-309
-362
-409
-452
-488
-516
-537
-549
-553
-547
-532
-509
-478
-440
-396
-347
-294
-238
-182
-125
-70
-17
31
76
115
149
177
199
215
226
233
236
236
234
231
228
225
222
221
221
221
223
225
227
228
228
225
218
207
192
172
147
117
85
49
12
-24
-59
-92
-122
-146
-164
-176
-181
-177
-166
-147
-120
-87
-47
-1
47
100
153
206
257
303
344
376
399
410
410
396
370
332
282
223
157
86
16
-51
-112
-162
-199
-220
-223
-208
-175
-126
-63
8
87
168
245
314
372
414
437
441
423
385
327
250
158
54
-57
-174
-292
-405
-510
-604
-682
-741
-781
-799
-795
-771
-727
-666
-591
-507
-417
-326
-239
-160
-93
-40
-4
12
11
-8
-43
-92
-151
-215
-281
-345
-402
-448
-482
-500
-502
-487
-455
-408
-349
-279
-201
-118
-33
50
131
209
280
346
405
458
504
545
580
609
632
650
662
667
667
660
647
628
603
573
538
498
454
405
351
292
229
161
90
15
-60
-135
-209
-278
-341
-394
-437
-467
-485
-488
-478
-455
-420
-374
-319
-257
-190
-120
-49
20
87
150
207
257
301
337
365
385
397
401
397
385
363
331
290
238
176
106
26
-59
-149
-242
-334
-423
-505
-579
-642
-692
-727
-747
-751
-739
-713
-673
-623
-565
-501
-435
-369
-306
-247
-195
-150
-112
-81
-56
-37
-22
-12
-5
-1
0
-3
-8
-18
-31
-48
-70
-94
-121
-150
-178
-203
-224
-237
-241
-233
-211
-174
-121
-52
33
133
245
367
494
623
748
864
967
1051
1113
1149
1158
1138
1092
1020
926
814
689
556
420
286
160
44
-57
-144
-213
-265
-298
-315
-317
-304
-279
-244
-200
-151
-97
-41
14
68
118
161
198
226
244
253
252
242
224
198
166
130
91
50
9
-31
-71
-109
-146
-182
-216
-249
-281
-313
-343
-373
-401
-427
-451
-471
-489
-502
-511
-515
-513
-507
-495
-477
-454
-426
-392
-353
-309
-259
-204
-144
-78
-8
66
144
223
302
378
448
508
558
592
609
608
588
549
492
419
332
235
131
24
-81
-184
-281
-368
-444
-507
-556
-592
-614
-622
-618
-602
-575
-538
-493
-440
-380
-314
-242
-166
-86
-3
80
164
246
324
397
463
519
565
598
619
626
620
601
572
534
489
441
392
345
304
269
243
227
220
222
230
243
258
272
282
287
286
277
261
239
212
181
150
119
90
66
47
34
26
25
28
36
47
60
74
89
102
113
122
128
131
130
126
119
108
94
77
57
35
10
-15
-44
-74
-107
-142
-179
-219
-264
-313
-368
-428
-495
-568
-646
-728
-811
-893
-971
-1042
-1101
-1147
-1175
-1185
-1174
-1142
-1089
-1016
-924
-815
-693
-560
-419
-276
-133
4
132
247
345
421
472
497
493
460
399
311
200
70
-73
-223
-374
-517
-647
-757
-842
-897
-919
-907
-861
-782
-673
-539
-383
-212
-31
152
334
509
672
821
953
1067
1163
1243
1306
1357
1396
1426
1449
1466
1480
1490
1497
1501
1500
1495
1483
1462
1432
1389
1332
1260
1171
1065
943
803
648
480
301
113
-78
-270
-458
-638
-806
-959
-1092
-1204
-1293
-1358
-1399
-1418
-1416
-1395
-1359
-1308
-1248
-1180
-1106
-1030
-954
-878
-805
-734
-667
-605
-546
-492
-441
-395
-353
-315
-282
-252
-227
-205
-188
-174
-161
-150
-139
-126
-108
-85
-54
-14
36
99
173
257
351
453
559
666
772
872
962
1040
1103
1147
1172
1176
1159
1122
1067
994
905
805
695
577
455
331
207
86
-31
-143
-248
-345
-431
-507
-572
-624
-664
-691
-707
-712
-707
-694
-674
-649
-620
-589
-555
-519
-482
-444
-403
-359
-312
-260
-203
-141
-73
0
78
160
245
332
418
502
582
656
721
776
818
845
858
853
832
794
740
672
590
496
394
285
172
57
-56
-167
-273
-373
-464
-545
-616
-675
-722
-755
-775
-780
-770
-744
-701
-641
-565
-472
-364
-243
-112
26
167
308
443
569
682
779
858
917
955
972
969
947
908
854
786
707
619
523
421
313
200
83
-37
-162
-290
-421
-553
-685
-815
-941
-1059
-1168
-1263
-1343
-1404
-1444
-1462
-1457
-1429
-1379
-1308
-1218
-1111
-991
-861
-725
-585
-445
-308
-178
-55
55
155
241
313
370
414
444
461
468
465
455
440
421
402
382
365
352
343
339
340
346
355
368
382
397
412
424
434
441
444
442
436
426
413
395
374
349
321
290
256
219
178
135
90
43
-2
-47
-89
-125
-155
-177
-189
-190
-179
-158
-125
-83
-32
24
86
148
209
265
315
356
386
403
407
397
374
338
292
237
174
108
39
-28
-93
-154
-208
-255
-293
-322
-342
-353
-356
-351
-340
-322
-298
-270
-239
-204
-168
-130
-92
-55
-20
12
42
68
88
103
111
114
110
99
83
63
38
10
-18
-48
-77
-104
-127
-146
-159
-167
-169
-166
-157
-144
-128
-110
-91
-74
-59
-47
-39
-35
-36
-41
-49
-59
-71
-83
-94
-104
-110
-112
-110
-104
-92
-77
-58
-35
-11
14
39
63
85
103
118
129
136
140
141
140
139
137
138
140
146
155
168
183
200
217
233
245
252
252
243
225
197
158
110
52
-12
-82
-157
-231
-304
-372
-432
-481
-519
-541
-549
-541
-517
-480
-430
-370
-303
-232
-160
-92
-28
26
72
107
130
141
142
133
116
93
66
39
12
-10
-28
-39
-43
-38
-26
-6
19
50
84
121
157
192
225
253
276
294
306
312
314
311
304
295
286
277
270
266
266
270
279
291
306
321
335
345
349
343
326
296
252
195
125
44
-45
-142
-241
-340
-436
-526
-606
-675
-730
-769
-792
-799
-788
-762
-721
-666
-601
-527
-446
-361
-274
-187
-102
-19
58
132
202
268
330
390
448
506
565
625
688
753
821
890
960
1028
1092
1147
1192
1221
1231
1220
1184
1123
1037
926
794
644
480
309
135
-34
-196
-344
-475
-587
-679
-750
-802
-838
-859
-870
-874
-873
-871
-869
-869
-872
-876
-881
-885
-887
-884
-875
-858
-832
-797
-753
-701
-641
-577
-509
-439
-368
-298
-230
-163
-98
-35
25
84
142
198
251
301
345
384
416
439
451
453
444
423
392
351
302
247
188
128
69
13
-37
-82
-118
-146
-164
-172
-170
-158
-138
-110
-75
-37
3
43
80
110
131
139
134
112
73
18
-53
-138
-234
-338
-443
-546
-640
-720
-781
-818
-827
-804
-749
-661
-540
-389
-211
-12
201
425
649
868
1072
1256
1413
1538
1627
1678
1690
1664
1602
1507
1384
1237
1072
894
707
517
327
140
-39
-212
-375
-530
-675
-810
-935
-1050
-1156
-1250
-1335
-1408
-1470
-1521
-1560
-1588
-1606
-1612
-1609
-1596
-1573
-1543
-1504
-1459
-1407
-1350
-1288
-1222
-1151
-1077
-998
-914
-823
-724
-615
-496
-365
-222
-66
98
272
450
629
803
969
1121
1256
1371
1463
1532
1578
1604
1611
1602
1580
1549
1510
1465
1415
1362
1304
1241
1174
1102
1025
944
860
774
687
603
523
449
384
329
286
254
235
227
228
238
252
269
285
298
306
307
299
281
254
217
171
116
53
-15
-89
-168
-250
-333
-415
-495
-571
-640
-701
-753
-794
-824
-843
-852
-851
-844
-830
-812
-792
-770
-746
-722
-697
-669
-638
-602
-560
-509
-449
-379
-299
-208
-108
0
115
234
354
472
586
693
791
878
953
1017
1068
1107
1135
1150
1154
1145
1124
1089
1040
976
897
804
696
576
444
304
158
10
-137
-281
-417
-541
-651
-745
-820
-877
-914
-933
-936
-925
-903
-873
-838
-801
-764
-729
-698
-669
-644
-619
-594
-566
-533
-493
-442
-380
-306
-220
-123
-17
95
211
326
436
536
623
693
745
777
789
782
758
720
671
614
552
488
424
362
302
245
191
139
88
38
-12
-63
-114
-166
-218
-269
-318
-362
-402
-433
-456
-467
-467
-453
-425
-385
-333
-270
-201
-128
-54
14
76
126
161
180
180
164
131
85
30
-29
-88
-143
-188
-220
