-228
-241
-255
-268
-280
-292
-303
-312
-319
-322
-322
-319
-311
-300
-284
-265
-243
-217
-189
-158
-124
-89
-51
-12
27
69
112
155
198
240
281
321
359
393
424
449
468
479
482
475
457
428
386
333
269
194
109
17
-80
-182
-284
-384
-478
-565
-639
-701
-746
-775
-785
-778
-753
-713
-659
-594
-521
-443
-363
-284
-209
-139
-77
-23
22
59
90
115
135
153
169
186
203
221
240
261
282
302
322
339
354
366
375
380
382
381
379
374
369
364
359
355
352
350
349
349
350
353
356
359
362
365
368
369
370
369
366
362
355
346
334
318
298
273
244
210
170
126
76
23
-34
-95
-158
-223
-288
-353
-416
-477
-533
-584
-627
-661
-684
-696
-695
-680
-652
-611
-559
-496
-425
-349
-270
-192
-117
-47
14
67
109
140
159
166
162
146
120
83
36
-21
-89
-168
-258
-358
-466
-580
-698
-817
-931
-1035
-1124
-1192
-1235
-1247
-1225
-1168
-1076
-950
-794
-614
-416
-206
5
213
409
588
743
873
974
1046
1090
1108
1104
1079
1039
987
928
865
801
739
681
629
584
545
513
487
465
447
432
416
400
382
360
333
302
264
221
172
118
59
-2
-67
-134
-200
-266
-330
-391
-448
-501
-548
-589
-624
-652
-673
-686
-693
-691
-683
-666
-642
-611
-574
-530
-481
-427
-369
-308
-245
-180
-114
-48
15
77
136
190
237
276
306
325
334
331
316
290
253
207
153
93
29
-36
-101
-163
-219
-265
-301
-324
-333
-326
-304
-267
-216
-152
-79
1
86
172
256
335
406
467
517
553
577
587
585
572
549
518
481
440
396
351
306
262
220
181
145
113
84
59
38
21
9
2
0
3
11
24
42
64
89
117
145
174
202
228
253
275
295
313
328
340
350
357
361
361
357
347
332
309
280
243
200
150
94
35
-25
-87
-146
-202
-253
-296
-332
-359
-377
-388
-390
-385
-374
-357
-335
-310
-280
-247
-210
-170
-127
-81
-33
15
64
112
156
196
229
254
271
278
275
262
241
212
177
137
94
49
5
-38
-79
-118
-153
-184
-212
-236
-256
-273
-287
-299
-309
-317
-324
-330
-335
-339
-342
-343
-344
-343
-339
-334
-325
-314
-299
-280
-258
-232
-202
-171
-137
-103
-70
-38
-8
17
38
56
69
77
82
83
82
78
73
68
63
58
54
51
51
52
56
61
69
79
90
102
114
126
137
147
154
159
162
162
160
156
151
146
142
139
138
140
146
154
167
182
200
219
238
256
271
281
285
281
268
245
211
166
110
46
-26
-105
-189
-274
-358
-440
-515
-584
-642
-690
-726
-750
-762
-762
-751
-730
-700
-665
-624
-580
-535
-489
-445
-403
-364
-329
-297
-269
-244
-222
-203
-185
-167
-150
-132
-112
-88
-61
-28
10
56
111
173
242
319
400
483
566
645
717
777
822
849
856
841
803
743
662
563
450
326
197
68
-56
-171
-273
-358
-424
-470
-497
-503
-493
-468
-431
-385
-333
-278
-223
-168
-117
-68
-23
17
56
93
128
162
196
231
266
301
337
371
403
432
457
476
488
493
488
475
452
421
382
336
284
228
170
111
53
-3
-55
-103
-146
-183
-213
-237
-256
-268
-275
-278
-278
-274
-268
-260
-252
-243
-234
-225
-217
-210
-204
-199
-195
-192
-189
-187
-185
-182
-180
-177
-174
-169
-164
-157
-150
-142
-132
-122
-111
-98
-85
-70
-54
-37
-17
3
27
52
80
111
142
175
208
241
273
302
328
352
371
387
399
409
416
421
426
429
432
435
437
437
435
429
419
404
383
356
322
282
236
186
132
76
19
-36
-91
-142
-189
-231
-268
-298
-322
-340
-353
-359
-360
-357
-349
-337
-320
-301
-278
-252
-223
-192
-160
-126
-90
-55
-19
17
52
88
123
156
189
221
250
277
302
322
338
349
354
353
345
329
307
277
241
200
154
105
53
1
-50
-100
-145
-186
-221
-248
-267
-279
-281
-276
-263
-243
-218
-189
-158
-127
-96
-68
-44
-25
-11
-4
-2
-7
-17
-32
-51
-72
-95
-118
-140
-161
-178
-191
-200
-205
-204
-199
-190
-176
-160
-141
-120
-99
-78
-58
-41
-26
-14
-7
-4
-5
-10
-19
-33
-49
-68
-89
-111
-133
-154
-173
-189
-201
-209
-211
-207
-197
-181
-159
-131
-98
-61
-21
20
61
101
137
169
195
213
224
226
219
204
181
152
117
79
39
0
-37
-72
-101
-125
-142
-152
-155
-152
-142
-128
-110
-89
-67
-44
-20
1
21
39
55
69
79
87
92
96
98
99
99
99
100
101
102
103
103
103
102
99
93
84
71
54
34
10
-17
-47
-79
-112
-144
-174
-200
-221
-236
-244
-243
-235
-219
-195
-166
-132
-94
-54
-13
26
65
101
133
161
185
203
217
225
228
226
220
210
196
179
160
139
118
96
74
53
34
16
0
-13
-25
-35
-44
-50
-56
-60
-62
-63
-63
-62
-58
-54
-47
-39
-29
-18
-7
4
15
24
32
36
37
34
27
15
0
-18
-39
-62
-84
-104
-123
-137
-147
-153
-153
-149
-140
-129
-115
-101
-86
-73
-62
-52
-46
-43
-41
-42
-44
-46
-48
-49
-48
-45
-39
-30
-18
-3
12
31
51
71
91
112
131
150
167
184
199
214
228
242
256
271
286
301
316
332
347
361
373
383
388
389
385
374
357
332
299
259
213
160
102
41
-22
-85
-147
-205
-257
-302
-338
-365
-381
-387
-384
-372
-352
-326
-296
-262
-227
-192
-157
-124
-93
-64
-38
-14
7
28
47
65
82
98
112
125
136
143
148
148
144
135
122
104
81
55
27
-3
-34
-65
-94
-122
-147
-168
-187
-201
-213
-221
-226
-228
-228
-225
-220
-212
-203
-192
-179
-165
-149
-133
-116
-98
-80
-62
-45
-27
-10
6
22
37
52
65
78
89
99
107
114
120
125
129
132
135
138
141
144
148
152
157
162
166
170
173
175
175
172
167
159
149
136
121
104
86
68
50
32
17
3
-8
-17
-24
-28
-31
-31
-31
-29
-27
-25
-23
-22
-21
-21
-22
-24
-26
-28
-30
-31
-31
-31
-28
-25
-19
-12
-2
8
21
35
50
65
80
95
108
120
131
139
146
150
152
152
150
146
139
130
118
104
86
66
43
18
-9
-38
-68
-99
-129
-158
-184
-208
-229
-245
-256
-263
-264
-261
-253
-241
-227
-210
-192
-173
-156
-139
-124
-113
-104
-98
-96
-97
-102
-110
-120
-132
-146
-161
-177
-192
-207
-221
-233
-244
-252
-257
-259
-257
-252
-242
-229
-210
-188
-162
-133
-102
-69
-36
-3
26
53
76
95
108
117
120
120
117
112
106
100
97
96
99
106
117
132
151
172
195
218
242
263
283
299
312
322
327
328
326
320
311
299
284
266
246
222
196
168
136
103
67
30
-8
-47
-86
-124
-160
-194
-225
-252
-275
-293
-308
-317
-323
-324
-321
-315
-306
-295
-281
-266
-251
-234
-219
-203
-189
-177
-167
-159
-153
-150
-149
-149
-151
-152
-153
-152
-149
-143
-134
-120
-103
-83
-60
-34
-7
20
47
72
96
116
133
147
157
164
169
172
174
176
178
182
187
195
206
218
233
249
266
282
297
310
319
324
325
321
312
299
283
263
241
218
194
171
150
131
115
103
95
92
93
98
107
119
133
149
165
181
196
209
219
226
229
229
226
218
207
193
175
154
130
104
75
44
12
-20
-54
-88
-121
-154
-186
-216
-245
-271
-294
-315
-332
-346
-357
-364
-367
-366
-361
-353
-340
-325
-306
-283
-258
-231
-201
-169
-137
-104
-71
-40
-11
15
38
56
69
77
80
76
68
55
38
18
-4
-27
-50
-71
-91
-107
-120
-129
-133
-132
-128
-120
-108
-95
-79
-63
-47
-32
-18
-7
1
7
11
12
11
9
6
3
1
1
5
11
22
36
56
79
106
137
169
203
238
271
303
331
355
374
386
392
391
383
367
345
316
282
244
202
157
112
67
23
-18
-58
-95
-129
-159
-185
-208
-227
-243
-256
-265
-270
-273
-273
-269
-263
-255
-245
-233
-221
-208
-196
-185
-175
-169
-165
-166
-170
-177
-189
-204
-222
-242
-263
-284
-304
-322
-337
-349
-356
-358
-355
-347
-333
-313
-289
-259
-225
-187
-146
-103
-59
-13
31
75
118
159
198
234
266
296
323
347
368
386
402
415
425
433
437
439
437
431
421
407
389
367
342
313
282
248
214
179
145
112
82
55
32
13
0
-9
-15
-16
-13
-8
0
7
16
24
30
34
35
33
26
16
3
-13
-32
-52
-73
-94
-113
-129
-143
-153
-159
-160
-157
-150
-140
-127
-111
-94
-76
-58
-41
-26
-12
-2
5
10
12
12
8
3
-2
-9
-17
-24
-31
-37
-41
-45
-48
-49
-50
-49
-48
-47
-44
-42
-39
-35
-32
-27
-22
-17
-11
-4
3
11
20
28
36
43
48
51
51
48
42
32
19
2
-17
-39
-62
-85
-108
-129
-147
-161
-170
-175
-174
-168
-158
-143
-125
-105
-83
-60
-38
-16
3
21
37
51
62
71
78
83
87
91
94
97
101
105
110
115
120
126
132
138
143
147
150
151
151
149
145
139
132
122
111
99
86
72
58
43
29
16
3
-7
-17
-26
-33
-39
-45
-49
-54
-57
-61
-64
-67
-71
-74
-77
-80
-82
-84
-86
-88
-90
-91
-92
-93
-95
-97
-99
-102
-106
-111
-118
-125
-133
-141
-150
-159
-167
-173
-178
-180
-180
-175
-168
-156
-142
-124
-103
-79
-54
-28
-1
25
51
77
101
124
146
165
183
199
212
223
232
237
240
238
233
224
211
194
172
148
120
89
56
23
-10
-44
-75
-105
-132
-154
-173
-188
-198
-204
-205
-202
-196
-185
-171
-154
-134
-112
-89
-64
-39
-15
9
32
54
75
93
110
124
137
148
157
164
171
176
180
183
185
186
186
185
182
177
171
162
151
138
121
102
80
55
28
0
-31
-61
-92
-121
-148
-171
-191
-205
-215
-218
-216
-208
-195
-178
-158
-136
-113
-90
-69
-49
-32
-18
-7
0
6
11
14
17
20
25
32
41
52
66
82
100
118
135
152
166
178
186
190
190
186
179
169
156
141
124
106
88
70
51
33
16
1
-12
-25
-34
-42
-46
-48
-46
-41
-33
-22
-8
7
27
48
71
96
121
146
169
190
207
220
227
227
220
206
184
155
119
78
31
-17
-69
-122
-173
-222
-266
-305
-337
-361
-376
-382
-378
-366
-344
-315
-280
-240
-197
-153
-110
-68
-30
3
31
52
68
77
81
79
73
62
48
31
11
-10
-37
-66
-99
-136
-178
-223
-272
-324
-377
-430
-480
-526
-565
-593
-609
-611
-596
-563
-513
-446
-363
-268
-163
-51
62
175
284
385
475
553
617
665
699
