-19
-30
-41
-53
-67
-81
-98
-117
-138
-160
-185
-210
-236
-262
-287
-310
-329
-344
-355
-360
-360
-354
-342
-325
-304
-280
-253
-225
-196
-169
-143
-120
-101
-85
-74
-68
-66
-69
-77
-90
-106
-127
-151
-178
-206
-236
-265
-294
-319
-341
-357
-366
-368
-361
-344
-317
-280
-232
-174
-107
-31
51
139
231
325
418
507
591
666
731
784
822
846
855
848
827
793
747
693
632
567
500
434
371
313
259
212
170
134
102
74
47
20
-7
-37
-70
-108
-150
-195
-245
-298
-353
-408
-463
-514
-561
-602
-635
-658
-671
-672
-661
-638
-604
-559
-505
-443
-376
-305
-233
-161
-94
-31
24
71
109
138
158
170
175
176
175
173
173
178
188
207
234
271
317
372
434
501
571
641
709
772
827
871
902
918
917
898
861
806
732
642
537
420
293
158
20
-118
-255
-388
-515
-635
-748
-851
-946
-1033
-1110
-1179
-1239
-1289
-1329
-1358
-1374
-1378
-1368
-1343
-1303
-1247
-1175
-1088
-987
-873
-746
-610
-466
-317
-166
-16
129
268
397
513
613
696
759
803
827
831
818
788
745
692
632
567
503
440
382
330
286
249
220
198
181
168
157
148
140
132
124
117
111
107
106
108
115
125
139
155
173
192
209
223
234
240
241
237
228
215
198
179
160
140
122
106
93
83
75
70
65
60
54
45
32
14
-8
-38
-73
-114
-160
-208
-258
-307
-353
-394
-428
-452
-466
-469
-461
-441
-412
-373
-329
-279
-227
-176
-126
-80
-40
-7
19
39
52
58
60
58
53
48
42
38
35
35
37
42
49
56
64
71
76
79
79
76
69
58
43
25
5
-17
-41
-66
-89
-110
-127
-141
-150
-153
-152
-145
-135
-121
-106
-91
-77
-66
-58
-54
-55
-60
-70
-83
-98
-116
-132
-148
-159
-166
-166
-159
-143
-118
-84
-41
8
65
127
192
258
324
389
449
505
554
597
633
660
679
690
692
686
674
654
628
598
564
528
490
453
415
380
346
313
282
252
222
192
159
125
87
45
0
-49
-102
-158
-217
-278
-339
-400
-459
-514
-565
-609
-645
-673
-691
-699
-697
-684
-661
-629
-589
-543
-492
-438
-383
-328
-274
-222
-174
-131
-91
-57
-27
-2
17
33
45
53
57
58
57
52
46
38
29
19
10
1
-6
-11
-14
-14
-9
-1
11
28
49
72
98
126
153
180
204
227
246
261
273
281
285
286
284
280
274
267
259
252
244
237
230
223
216
209
202
192
181
167
149
129
105
77
46
13
-22
-58
-95
-130
-163
-192
-217
-236
-250
-257
-258
-254
-245
-232
-216
-198
-180
-162
-146
-132
-120
-110
-103
-98
-94
-92
-89
-85
-81
-74
-65
-54
-41
-25
-7
11
31
52
72
91
108
124
139
152
164
175
187
200
213
228
245
265
285
308
331
354
377
398
416
429
436
436
427
408
378
336
282
216
138
50
-47
-152
-263
-376
-489
-599
-703
-797
-878
-945
-994
-1024
-1035
-1025
-996
-948
-884
-806
-716
-619
-516
-413
-310
-212
-120
-36
38
103
159
205
243
274
298
316
330
339
345
347
345
340
331
318
302
281
257
229
199
167
134
101
69
39
12
-9
-26
-37
-41
-38
-28
-11
10
37
66
98
130
160
187
210
227
238
242
239
228
209
183
151
113
70
23
-25
-77
-128
-178
-225
-268
-306
-336
-358
-371
-375
-369
-354
-329
-297
-257
-212
-163
-112
-61
-12
33
73
108
135
155
167
172
171
164
153
140
124
108
93
79
67
57
50
46
43
43
44
46
50
53
57
61
64
68
71
74
77
80
83
87
91
95
100
106
112
118
125
132
139
146
153
158
163
166
166
164
159
150
136
118
94
66
32
-4
-46
-89
-133
-177
-217
-252
-282
-304
-318
-324
-321
-309
-291
-266
-237
-204
-169
-134
-100
-68
-39
-12
11
32
53
72
92
114
138
165
196
231
268
309
350
392
433
472
507
537
563
582
596
604
607
604
597
585
569
549
525
497
465
427
383
333
277
213
143
66
-15
-100
-187
-274
-358
-439
-513
-579
-636
-683
-718
-742
-754
-754
-742
-719
-686
-643
-591
-532
-466
-396
-323
-247
-171
-94
-20
51
119
182
239
288
330
364
390
406
414
414
406
391
371
345
314
281
246
209
171
134
97
61
27
-4
-35
-65
-95
-123
-152
-182
-211
-242
-272
-302
-330
-356
-379
-398
-413
-422
-426
-423
-415
-402
-383
-359
-332
-301
-267
-233
-198
-163
-130
-100
-73
-50
-31
-17
-8
-3
-3
-6
-12
-21
-32
-44
-56
-69
-81
-93
-103
-113
-122
-129
-136
-143
-149
-155
-162
-169
-178
-188
-199
-213
-228
-244
-261
-277
-293
-306
-314
-317
-311
-297
-272
-236
-188
-130
-61
14
96
182
267
349
424
491
545
585
609
617
609
585
546
494
432
362
287
210
134
62
-5
-64
-115
-156
-186
-204
-211
-207
-193
-168
-134
-93
-44
9
67
128
189
248
304
355
398
431
453
461
454
431
392
337
267
185
91
-8
-112
-216
-316
-409
-492
-563
-621
-664
-692
-706
-707
-695
-672
-638
-595
-543
-483
-415
-340
-260
-174
-84
8
102
195
285
371
450
520
579
628
663
687
698
698
688
669
644
615
582
549
516
485
456
431
410
393
380
372
368
366
366
366
366
361
352
336
310
273
225
164
91
5
-90
-193
-302
-413
-521
-622
-712
-787
-843
-876
-883
-863
-815
-739
-638
-514
-371
-214
-50
115
275
423
554
663
745
798
821
814
780
720
640
545
439
329
221
119
29
-46
-104
-144
-166
-169
-158
-134
-102
-67
-31
-1
21
31
28
11
-20
-65
-121
-185
-253
-320
-383
-439
-482
-511
-524
-520
-498
-460
-408
-344
-271
-191
-110
-29
46
116
176
224
259
280
286
277
253
216
167
107
38
-35
-113
-190
-265
-333
-391
-437
-468
-483
-480
-461
-424
-373
-310
-237
-158
-77
1
75
139
192
231
254
261
252
229
194
150
100
47
-5
-55
-100
-139
-172
-199
-221
-239
-254
-268
-280
-293
-304
-314
-322
-325
-322
-312
-292
-261
-219
-165
-101
-28
51
134
217
296
366
426
471
500
513
507
486
449
399
339
272
201
128
58
-8
-68
-120
-164
-197
-220
-233
-235
-227
-210
-184
-150
-108
-61
-9
46
103
160
215
267
314
354
386
408
420
421
411
390
358
316
265
207
144
77
9
-57
-120
-176
-224
-262
-289
-303
-304
-293
-269
-236
-194
-144
-91
-36
18
70
117
156
185
203
209
201
182
150
107
56
0
-61
-122
-180
-232
-277
-311
-334
-345
-345
-333
-312
-284
-251
-216
-180
-147
-117
-93
-74
-63
-57
-56
-60
-66
-72
-78
-80
-79
-71
-58
-37
-11
20
56
93
130
164
192
214
226
228
221
203
176
143
105
65
25
-10
-41
-65
-80
-87
-85
-75
-58
-36
-11
15
41
66
88
107
122
134
143
150
157
164
172
183
197
214
234
256
278
300
319
334
343
346
342
330
311
285
252
215
174
130
85
38
-8
-55
-101
-146
-191
-234
-275
-314
-351
-384
-412
-436
-452
-462
-462
-454
-435
-407
-370
-326
-274
-219
-162
-106
-53
-6
32
63
84
95
97
91
78
60
38
15
-7
-28
-47
-63
-76
-84
-89
-90
-87
-80
-70
-56
-38
-16
9
37
69
103
137
172
205
236
262
282
296
303
303
295
281
261
238
212
185
159
136
116
100
90
84
84
88
95
105
117
130
142
152
161
167
170
170
168
163
156
147
136
124
109
92
72
49
23
-6
-39
-77
-117
-160
-204
-248
-290
-328
-360
-386
-402
-409
-405
-391
-366
-333
-293
-247
-198
-149
-102
-61
-27
-3
10
13
3
-17
-48
-87
-134
-184
-236
-286
-332
-371
-401
-418
-423
-414
-390
-352
-301
-239
-167
-89
-7
75
155
230
297
355
400
433
453
459
452
434
407
372
332
289
247
208
174
146
126
115
111
116
127
144
163
183
201
215
224
225
218
201
175
139
96
46
-7
-64
-121
-176
-226
-269
-304
-329
-342
-344
-334
-312
-278
-235
-183
-124
-60
7
75
142
205
263
313
354
385
405
413
409
393
367
332
288
238
182
122
59
-3
-67
-131
-193
-252
-309
-362
-409
-452
-488
-516
-537
-549
-553
-547
-532
-509
-478
-440
-396
-347
-294
-238
-182
-125
-70
-17
31
76
115
149
177
199
215
226
233
236
236
234
231
228
225
222
221
221
221
223
225
227
228
228
225
218
207
192
172
147
117
85
49
12
-24
-59
-92
-122
-146
-164
-176
-181
-177
-166
-147
-120
-87
-47
-1
47
100
153
206
257
303
344
376
399
410
410
396
370
332
282
223
157
86
16
-51
-112
-162
-199
-220
-223
-208
-175
-126
-63
8
87
168
245
314
372
414
437
441
423
385
327
250
158
54
-57
-174
-292
-405
-510
-604
-682
-741
-781
-799
-795
-771
-727
-666
-591
-507
-417
-326
-239
-160
-93
-40
-4
12
11
-8
-43
-92
-151
-215
-281
-345
-402
-448
-482
-500
-502
-487
-455
-408
-349
-279
-201
-118
-33
50
131
209
280
346
405
458
504
545
580
609
632
650
662
667
667
660
647
628
603
573
538
498
454
405
351
292
229
161
90
15
-60
-135
-209
-278
-341
-394
-437
-467
-485
-488
-478
-455
-420
-374
-319
-257
-190
-120
-49
20
87
150
207
257
301
337
365
385
397
401
397
385
363
331
290
238
176
106
26
-59
-149
-242
-334
-423
-505
-579
-642
-692
-727
-747
-751
-739
-713
-673
-623
-565
-501
-435
-369
-306
-247
-195
-150
-112
-81
-56
-37
-22
-12
-5
-1
0
-3
-8
-18
-31
-48
-70
-94
-121
-150
-178
-203
-224
-237
-241
-233
-211
-174
-121
-52
33
133
245
367
494
623
748
864
967
1051
1113
1149
1158
1138
1092
1020
926
814
689
556
420
286
160
44
-57
-144
-213
-265
-298
-315
-317
-304
-279
-244
-200
-151
-97
-41
14
68
118
161
198
226
244
253
252
242
224
198
166
130
91
50
9
-31
-71
-109
-146
-182
-216
-249
-281
-313
-343
-373
-401
-427
-451
-471
-489
-502
-511
-515
-513
-507
-495
-477
-454
-426
-392
-353
-309
-259
-204
-144
-78
-8
66
144
223
302
378
448
508
558
592
609
608
588
549
492
419
332
235
131
24
-81
-184
-281
-368
-444
-507
-556
-592
-614
-622
-618
-602
-575
-538
-493
-440
-380
-314
-242
-166
-86
-3
80
164
246
324
397
463
519
565
598
619
626
620
601
572
534
489
441
392
345
304
269
243
227
220
222
230
243
258
272
282
287
286
277
261
239
212
181
150
119
90
66
47
34
26
25
28
