-355
-382
-410
-437
-465
-493
-521
-548
-575
-602
-627
-650
-671
-689
-703
-712
-714
-710
-697
-676
-645
-604
-554
-494
-426
-351
-271
-188
-103
-20
59
134
203
264
316
360
395
423
444
458
468
474
476
475
471
464
454
439
420
397
369
337
303
268
234
202
175
154
142
138
145
161
186
219
258
301
346
390
432
469
501
525
542
551
552
546
533
514
489
460
426
388
347
302
253
201
146
89
29
-32
-95
-158
-221
-283
-342
-399
-451
-500
-544
-582
-615
-642
-664
-681
-693
-702
-709
-715
-721
-729
-739
-752
-767
-783
-801
-818
-832
-842
-846
-842
-828
-804
-769
-723
-668
-604
-533
-457
-378
-298
-218
-138
-59
17
95
174
257
344
437
538
647
763
885
1011
1137
1261
1377
1481
1569
1637
1684
1706
1704
1677
1628
1558
1470
1367
1251
1125
990
850
704
553
399
242
81
-81
-245
-408
-569
-726
-876
-1015
-1142
-1252
-1344
-1415
-1463
-1487
-1486
-1459
-1409
-1335
-1240
-1127
-998
-857
-708
-554
-400
-248
-102
32
155
263
354
425
476
505
514
501
470
421
357
282
198
110
22
-62
-140
-206
-259
-297
-318
-322
-310
-284
-246
-201
-151
-101
-54
-14
15
34
41
36
20
-2
-32
-64
-95
-123
-145
-159
-165
-162
-151
-132
-107
-77
-44
-9
26
61
95
127
157
185
211
236
258
278
296
310
321
327
327
322
310
292
268
239
205
170
133
96
62
30
2
-20
-39
-53
-62
-69
-72
-74
-74
-73
-72
-71
-69
-67
-64
-59
-51
-41
-27
-10
11
36
63
92
121
149
173
192
203
206
199
181
154
117
73
24
-28
-81
-132
-178
-217
-246
-266
-276
-276
-267
-250
-228
-202
-175
-148
-123
-101
-82
-66
-53
-42
-31
-20
-5
11
32
57
85
116
147
177
204
224
237
241
235
217
189
152
107
57
5
-47
-95
-137
-171
-195
-206
-207
-195
-173
-142
-103
-59
-13
33
77
118
152
179
196
204
203
193
175
151
124
96
69
46
28
18
17
24
39
61
89
120
152
184
212
235
251
259
259
249
230
203
170
131
90
47
6
-32
-66
-94
-115
-127
-132
-130
-120
-105
-84
-60
-33
-5
23
51
79
105
130
154
175
194
212
227
238
247
252
252
247
236
219
197
168
134
95
52
8
-36
-80
-121
-158
-191
-218
-240
-257
-270
-280
-288
-295
-302
-310
-320
-330
-341
-352
-362
-369
-373
-372
-367
-357
-342
-323
-300
-275
-248
-221
-193
-166
-140
-115
-91
-68
-44
-21
1
24
48
72
96
119
141
161
178
193
204
211
215
214
210
202
192
180
167
154
142
132
124
118
114
111
109
108
106
101
95
85
73
57
38
17
-5
-29
-53
-76
-98
-117
-134
-148
-160
-169
-177
-185
-192
-201
-212
-225
-242
-262
-286
-311
-338
-365
-391
-413
-429
-439
-440
-431
-411
-381
-338
-285
-223
-152
-75
4
86
167
243
313
375
427
467
496
512
517
512
498
476
450
420
390
362
338
321
311
311
321
342
373
414
464
521
581
641
699
751
792
819
830
821
790
737
662
564
447
311
161
0
-169
-342
-513
-678
-833
-975
-1101
-1206
-1290
-1350
-1386
-1397
-1384
-1348
-1291
-1214
-1121
-1014
-896
-770
-640
-510
-382
-259
-146
-43
45
120
180
227
261
285
302
315
328
345
368
399
441
493
554
623
696
771
844
910
964
1005
1027
1030
1012
974
916
841
753
654
549
441
333
228
127
31
-61
-151
-240
-329
-421
-515
-611
-710
-808
-904
-994
-1076
-1146
-1201
-1239
-1259
-1260
-1242
-1205
-1151
-1083
-1002
-910
-811
-706
-598
-488
-378
-269
-162
-56
46
146
243
337
426
510
587
655
713
759
792
810
813
801
776
738
690
635
575
513
452
394
342
296
257
226
201
182
168
157
148
139
130
120
109
97
86
77
72
71
77
90
112
141
177
219
264
309
352
389
416
431
432
416
382
330
260
175
76
-32
-148
-267
-386
-500
-606
-701
-781
-845
-892
-920
-929
-922
-898
-861
-811
-753
-688
-619
-549
-479
-412
-348
-288
-234
-185
-142
-104
-73
-47
-28
-16
-10
-11
-19
-33
-54
-81
-112
-147
-183
-218
-249
-275
-293
-301
-296
-279
-247
-202
-144
-75
3
89
180
274
366
456
541
619
688
747
795
833
860
876
883
880
870
854
833
808
782
755
728
703
678
653
629
604
577
546
511
468
419
361
294
218
136
46
-46
-141
-235
-326
-411
-488
-555
-612
-658
-693
-718
-735
-744
-747
-745
-739
-730
-716
-699
-676
-647
-610
-566
-512
-450
-379
-302
-219
-133
-46
36
114
184
243
290
325
346
355
354
343
327
306
284
264
247
234
227
227
231
241
253
267
280
291
298
299
293
279
259
231
196
157
115
72
29
-11
-48
-79
-106
-126
-141
-150
-154
-154
-151
-145
-136
-125
-112
-97
-81
-63
-44
-25
-5
13
30
45
56
62
62
55
41
19
-9
-45
-85
-129
-173
-217
-256
-289
-313
-326
-328
-317
-293
-257
-211
-154
-90
-21
50
123
194
261
322
376
420
455
479
493
497
493
480
460
436
407
375
342
308
274
239
205
171
138
104
70
37
3
-30
-64
-97
-129
-161
-191
-219
-245
-268
-289
-307
-322
-335
-345
-353
-359
-363
-366
-368
-368
-368
-367
-365
-363
-360
-357
-354
-351
-347
-343
-337
-331
-323
-314
-303
-290
-275
-258
-239
-220
-199
-177
-155
-134
-113
-93
-75
-58
-42
-26
-12
2
17
33
49
66
85
103
121
138
154
168
179
187
193
197
200
202
205
209
216
226
238
254
272
291
309
326
340
349
351
347
335
315
288
255
217
175
132
90
50
15
-13
-34
-48
-53
-51
-44
-32
-18
-6
2
5
0
-17
-45
-86
-139
-202
-274
-352
-433
-513
-588
-654
-708
-748
-769
-772
-756
-720
-666
-596
-512
-417
-314
-206
-97
10
114
212
302
384
455
517
569
610
641
662
673
675
668
654
631
601
565
523
476
426
374
320
266
212
160
110
64
21
-16
-48
-76
-98
-114
-126
-132
-134
-132
-127
-120
-111
-103
-94
-87
-81
-77
-74
-73
-73
-75
-77
-80
-83
-87
-91
-94
-97
-99
-101
-101
-100
-98
-93
-85
-75
-61
-44
-23
0
24
51
79
107
133
158
180
199
214
225
233
237
239
238
235
230
225
218
212
205
198
190
182
173
163
152
139
125
110
94
78
61
45
29
14
0
-12
-23
-35
-45
-56
-67
-78
-90
-103
-116
-130
-145
-160
-174
-188
-201
-214
-224
-233
-241
-246
-249
-251
-251
-249
-246
-242
-238
-233
-227
-222
-217
-213
-209
-206
-204
-204
-205
-207
-211
-216
-222
-228
-233
-237
-238
-235
-228
-216
-198
-173
-143
-108
-68
-24
20
67
113
156
195
230
258
279
292
298
297
290
278
261
243
224
206
190
178
169
165
166
170
178
188
199
210
219
226
230
230
226
216
202
184
161
135
106
74
40
4
-31
-69
-106
-143
-179
-214
-247
-277
-305
-328
-347
-361
-369
-370
-364
-350
-329
-302
-267
-227
-182
-135
-86
-37
8
51
89
119
143
158
165
163
154
137
114
86
55
21
-13
-46
-78
-107
-131
-150
-164
-171
-173
-170
-162
-149
-134
-118
-100
-83
-67
-52
-39
-28
-19
-12
-8
-5
-3
-4
-5
-8
-11
-15
-19
-23
-25
-25
-23
-17
-7
6
25
49
77
110
146
185
225
266
304
340
373
400
422
437
446
449
445
436
423
405
384
360
335
309
282
255
228
201
174
147
120
92
64
35
7
-21
-50
-78
-106
-132
-157
-181
-203
-224
-244
-261
-278
-292
-304
-315
-323
-329
-333
-334
-333
-330
-326
-319
-311
-301
-290
-278
-263
-247
-228
-206
-182
-154
-123
-89
-53
-15
23
62
100
136
169
198
222
241
254
260
261
255
243
226
205
181
155
128
101
76
52
32
15
2
-6
-12
-14
-12
-8
-2
5
14
24
34
44
53
61
67
72
75
76
77
76
75
73
73
73
76
80
86
94
104
115
126
137
147
155
161
163
163
158
150
139
124
105
84
61
36
9
-17
-45
-73
-99
-124
-146
-165
-181
-193
-201
-204
-202
-195
-183
-166
-144
-119
-90
-59
-28
0
27
50
66
76
77
70
54
31
1
-33
-72
-113
-153
-191
-226
-255
-279
-297
-307
-312
-311
-304
-294
-280
-264
-247
-229
-212
-195
-179
-166
-154
-144
-136
-131
-127
-126
-127
-130
-134
-139
-145
-151
-155
-159
-159
-157
-150
-140
-125
-105
-81
-53
-21
12
47
83
119
153
185
214
240
262
280
293
302
307
308
306
301
294
285
277
268
260
253
247
243
240
238
236
235
234
232
229
225
219
211
201
189
174
158
139
119
96
72
46
20
-7
-35
-64
-92
-119
-145
-170
-193
-215
-235
-253
-270
-286
-300
-313
-324
-333
-341
-347
-350
-351
-348
-342
-332
-319
-301
-278
-252
-221
-187
-151
-113
-75
-37
-1
30
58
80
97
107
110
107
99
86
70
51
33
15
0
-12
-20
-24
-23
-17
-7
5
20
36
53
69
83
94
104
111
116
120
123
126
131
138
148
161
177
198
221
247
275
303
332
360
385
408
426
441
451
455
455
450
440
426
407
385
358
328
294
258
219
178
137
95
54
14
-22
-56
-86
-112
-133
-150
-164
-173
-179
-183
-184
-184
-183
-182
-182
-182
-182
-183
-185
-187
-188
-188
-187
-185
-181
-176
-169
-161
-153
-145
-137
-130
-125
-120
-116
-112
-109
-105
-101
-97
-91
-85
-78
-71
-63
-56
-50
-45
-41
-40
-40
-42
-47
-53
-62
-73
-85
-98
-113
-128
-143
-157
-171
-184
-194
-203
-208
-211
-211
-207
-201
-192
-180
-167
-151
-135
-118
-101
-84
-69
-54
-40
-28
-16
-5
5
16
29
43
60
79
101
126
153
182
211
241
269
295
318
337
351
359
362
359
349
334
314
289
260
228
194
159
124
90
58
28
0
-23
-44
-63
-80
-95
-110
-124
-138
-153
-169
-185
-202
-219
-235
-251
-264
-274
-281
-284
-282
-277
-267
-254
-238
-221
-203
-186
-171
-160
-153
-151
-154
-161
-173
-188
-206
-223
-240
-255
-265
-270
-269
-262
-247
-226
-198
-164
-124
-81
-35
11
59
106
152
195
235
271
303
332
357
378
396
411
424
434
443
449
453
455
454
450
442
431
416
397
374
348
319
287
252
216
179
141
103
66
30
-3
-34
-63
-89
-111
-129
-143
-152
-158
-159
-156
-150
-140
-129
-115
-101
-87
-73
-60
-49
-40
-33
-29
-27
-26
-27
-30
-33
-37
-41
-44
-47
-49
-50
-49
-48
-46
-44
-40
-37
-32
-28
-22
-16
-9
-1
7
17
28
38
48
57
65
71
74
75
73
69
62
