151
-82
-315
-540
-751
-944
-1114
-1257
-1371
-1454
-1507
-1531
-1528
-1502
-1457
-1396
-1324
-1243
-1158
-1072
-986
-903
-826
-756
-695
-645
-607
-581
-570
-571
-585
-609
-640
-675
-710
-741
-763
-773
-768
-745
-702
-639
-558
-458
-344
-219
-86
48
181
308
424
525
609
675
721
748
758
752
734
707
675
641
608
580
559
546
542
546
559
578
602
628
654
677
695
704
705
694
672
638
592
534
467
391
309
223
135
47
-37
-117
-191
-256
-311
-356
-390
-413
-425
-426
-416
-396
-365
-324
-273
-211
-140
-59
30
127
229
335
440
542
636
716
779
818
831
814
763
679
562
415
242
48
-158
-372
-583
-786
-972
-1136
-1272
-1376
-1447
-1482
-1482
-1450
-1386
-1296
-1183
-1052
-909
-759
-608
-462
-325
-204
-102
-23
29
56
56
30
-18
-86
-167
-256
-345
-426
-491
-533
-547
-527
-471
-380
-254
-98
79
271
469
661
839
994
1119
1209
1261
1276
1255
1202
1121
1018
900
774
644
517
397
287
190
108
41
-10
-48
-71
-83
-85
-77
-61
-40
-12
18
54
93
134
176
219
260
298
331
357
374
381
376
358
327
283
226
159
83
0
-86
-173
-257
-334
-402
-457
-498
-522
-530
-521
-498
-462
-417
-367
-315
-266
-222
-186
-161
-148
-146
-156
-175
-201
-232
-263
-294
-319
-338
-349
-350
-342
-324
-299
-268
-233
-195
-156
-118
-81
-47
-16
13
40
65
89
113
135
157
179
201
222
243
263
284
305
325
346
367
389
411
434
456
477
497
514
527
535
537
533
522
504
480
451
417
381
343
305
266
227
188
146
100
49
-10
-79
-161
-257
-366
-487
-619
-758
-900
-1039
-1171
-1288
-1387
-1461
-1508
-1525
-1512
-1468
-1396
-1300
-1185
-1055
-916
-774
-632
-495
-365
-242
-126
-17
89
194
301
412
527
647
772
898
1024
1144
1256
1353
1433
1491
1525
1534
1518
1479
1419
1341
1251
1152
1049
947
847
752
663
581
504
432
362
294
226
157
86
15
-55
-124
-189
-249
-300
-342
-374
-394
-405
-406
-401
-391
-380
-370
-364
-365
-375
-394
-423
-462
-509
-563
-621
-683
-744
-804
-860
-910
-953
-987
-1011
-1024
-1026
-1015
-992
-957
-910
-852
-783
-706
-622
-532
-439
-345
-251
-160
-74
6
78
142
196
240
274
298
312
318
317
311
303
294
289
289
297
314
343
384
436
500
572
651
732
812
886
950
1000
1034
1048
1042
1016
969
905
825
733
633
529
424
322
225
137
59
-8
-65
-111
-147
-175
-194
-207
-215
-217
-214
-207
-194
-176
-152
-123
-90
-53
-16
19
49
71
79
71
43
-7
-82
-181
-303
-444
-602
-770
-943
-1114
-1276
-1423
-1550
-1650
-1722
-1762
-1770
-1747
-1694
-1614
-1512
-1391
-1256
-1113
-966
-818
-674
-537
-408
-290
-184
-88
-4
69
136
197
254
312
373
440
516
602
700
811
932
1063
1199
1337
1470
1592
1696
1777
1827
1842
1818
1753
1647
1501
1321
1113
885
646
405
172
-43
-235
-397
-525
-617
-673
-696
-691
-661
-613
-553
-488
-424
-365
-315
-276
-250
-238
-236
-245
-262
-284
-309
-334
-357
-376
-390
-397
-398
-390
-375
-353
-323
-286
-243
-194
-140
-83
-22
39
101
163
224
282
338
389
436
477
513
541
561
572
571
557
530
489
432
361
278
184
83
-19
-119
-211
-290
-348
-382
-387
-360
-301
-208
-83
68
243
435
636
836
1027
1199
1343
1452
1518
1537
1507
1428
1301
1133
929
698
450
196
-54
-293
-509
-697
-851
-968
-1047
-1087
-1091
-1062
-1005
-924
-825
-713
-595
-475
-358
-247
-146
-57
19
81
130
166
190
205
212
212
209
202
193
183
170
156
138
117
91
60
25
-14
-57
-101
-142
-180
-209
-227
-232
-221
-193
-147
-84
-6
83
183
286
388
483
566
633
679
702
700
673
621
548
457
352
238
118
-1
-117
-226
-325
-412
-484
-543
-586
-614
-630
-632
-625
-608
-584
-556
-525
-494
-465
-440
-422
-411
-409
-417
-436
-464
-500
-543
-590
-636
-679
-714
-738
-749
-744
-721
-680
-621
-547
-459
-359
-252
-140
-28
81
185
279
362
431
485
522
543
547
535
510
472
424
369
309
247
187
131
83
43
14
-3
-9
-4
9
30
55
79
100
112
113
99
70
23
-39
-118
-209
-309
-416
-523
-628
-726
-814
-887
-942
-976
-987
-973
-932
-862
-765
-640
-489
-315
-123
83
297
514
727
928
1112
1273
1407
1510
1581
1617
1619
1590
1532
1449
1347
1229
1103
973
847
729
623
534
463
412
379
364
362
370
384
398
407
408
395
366
319
254
172
74
-36
-155
-280
-404
-525
-639
-741
-830
-905
-964
-1009
-1041
-1062
-1074
-1081
-1084
-1087
-1091
-1097
-1107
-1121
-1137
-1154
-1171
-1185
-1194
-1195
-1185
-1163
-1127
-1076
-1009
-927
-829
-718
-596
-464
-325
-182
-38
102
238
366
483
587
675
748
803
842
865
876
877
872
864
857
855
861
875
899
932
973
1019
1069
1118
1165
1205
1237
1259
1269
1266
1250
1221
1180
1126
1062
987
905
814
717
615
509
400
290
179
69
-39
-144
-245
-341
-430
-514
-590
-660
-724
-783
-838
-889
-938
-986
-1033
-1079
-1124
-1167
-1207
-1241
-1267
-1282
-1286
-1274
-1247
-1203
-1142
-1064
-971
-864
-745
-619
-489
-357
-229
-108
3
102
187
256
308
344
364
369
362
343
317
283
246
207
169
133
102
76
58
49
48
56
73
97
129
166
206
248
289
329
363
392
414
428
433
429
418
399
374
346
315
285
256
232
213
200
194
194
200
211
223
236
248
255
257
251
238
216
185
147
102
52
0
-53
-104
-152
-194
-229
-255
-272
-280
-278
-269
-252
-229
-202
-172
-141
-111
-82
-56
-35
-19
-8
-3
-3
-8
-17
-29
-42
-54
-63
-69
-68
-61
-45
-22
10
49
96
148
203
259
314
365
409
445
471
484
483
468
438
393
334
261
177
84
-14
-117
-219
-317
-406
-482
-543
-584
-605
-604
-581
-538
-479
-407
-327
-244
-163
-89
-26
24
60
81
90
88
79
67
55
49
49
60
82
115
159
212
270
332
393
450
501
542
571
586
588
574
546
504
450
383
307
222
130
34
-64
-163
-261
-355
-444
-524
-595
-655
-702
-736
-756
-762
-755
-737
-708
-672
-630
-585
-541
-498
-459
-426
-400
-379
-365
-355
-348
-343
-336
-327
-312
-291
-262
-224
-177
-120
-54
20
102
190
284
379
476
571
662
747
823
889
943
984
1010
1021
1018
1000
970
927
873
810
739
661
579
492
403
311
219
125
31
-61
-154
-245
-335
-421
-504
-582
-656
-724
-786
-843
-895
-942
-984
-1023
-1059
-1091
-1119
-1144
-1163
-1175
-1179
-1173
-1155
-1123
-1076
-1012
-932
-834
-719
-588
-442
-284
-114
62
245
430
614
794
966
1128
1275
1405
1515
1602
1663
1697
1703
1680
1628
1549
1443
1314
1163
995
812
619
420
218
19
-173
-355
-524
-675
-806
-915
-1002
-1066
-1107
-1127
-1128
-1111
-1080
-1037
-984
-924
-859
-791
-721
-652
-584
-519
-458
-402
-353
-311
-277
-251
-236
-229
-230
-239
-252
-269
-285
-297
-302
-296
-277
-242
-189
-118
-29
75
194
321
453
585
711
825
923
999
1052
1077
1073
1039
978
889
777
645
499
342
182
25
-124
-259
-377
-472
-541
-584
-600
-590
-554
-496
-418
-324
-217
-102
17
139
258
372
476
569
649
713
761
792
806
805
790
761
721
673
616
555
490
423
356
289
225
163
104
49
-2
-50
-95
-136
-175
-210
-243
-273
-299
-322
-340
-353
-360
-360
-353
-341
-323
-301
-276
-251
-228
-209
-194
-187
-185
-190
-199
-211
-223
-234
-239
-237
-227
-207
-176
-136
-88
-33
25
85
144
199
247
285
313
328
332
324
305
277
243
206
167
130
97
69
49
38
35
40
52
72
97
126
158
192
225
257
286
311
329
339
339
329
306
270
221
161
90
10
-75
-165
-254
-340
-420
-490
-548
-590
-616
-624
-613
-584
-537
-474
-398
-312
-220
-124
-31
56
135
200
250
282
296
292
271
235
186
127
61
-7
-77
-147
-213
-274
-330
-378
-418
-449
-470
-480
-479
-466
-441
-404
-356
-299
-234
-164
-91
-18
52
119
179
232
276
311
335
349
353
348
333
311
282
247
208
167
124
81
39
0
-37
-72
-103
-132
-157
-180
-201
-219
-235
-250
-262
-273
-281
-288
-292
-294
-294
-292
-288
-282
-274
-264
-251
-235
-215
-191
-161
-126
-84
-36
16
75
139
206
275
343
410
473
530
579
619
647
663
665
653
627
588
537
476
405
328
245
159
71
-16
-104
-190
-273
-354
-432
-506
-576
-640
-699
-749
-790
-820
-836
-837
-822
-789
-739
-671
-587
-489
-380
-262
-140
-17
101
213
316
406
481
540
582
608
619
615
598
571
536
495
452
408
366
328
295
270
252
242
240
245
255
270
288
306
323
337
346
349
345
332
310
279
240
195
143
88
32
-24
-77
-126
-169
-204
-231
-249
-257
-256
-246
-228
-204
-175
-142
-107
-72
-38
-7
20
43
60
71
74
70
59
39
11
-24
-67
-118
-176
-239
-306
-375
-445
-513
-576
-631
-677
-708
-724
-722
-700
-656
-592
-508
-405
-288
-159
-22
116
253
383
502
605
691
755
798
819
818
797
758
705
641
570
495
421
350
286
230
184
148
122
105
94
88
85
82
78
71
59
43
23
0
-27
-55
-82
-107
-129
-145
-154
-157
-152
-139
-120
-95
-65
-33
0
30
58
80
96
102
99
87
64
32
-7
-55
-108
-165
-224
-283
-340
-393
-439
-478
-507
-528
-538
-538
-529
-512
-487
-458
-425
-390
-355
-321
-291
-265
-243
-226
-213
-204
-195
-187
-176
-161
-139
-109
-68
-17
44
117
198
287
378
469
556
635
700
750
779
786
771
732
670
588
488
374
250
119
-12
-141
-265
-379
-480
-567
-636
-687
-719
-732
-725
-700
-658
-601
-532
-452
-365
-275
-183
-94
-10
65
130
183
223
247
257
252
234
203
162
113
60
3
-53
-107
-158
-202
-240
-269
-289
-299
-300
-291
-272
-243
-205
-159
-106
-46
18
87
158
229
298
363
424
478
525
563
593
614
626
632
630
624
613
600
585
568
552
535
518
501
484
465
444
421
395
367
335
300
263
223
181
137
93
49
6
-34
-72
-108
-140
-167
-190
-209
-223
-233
-241
-247
-255
-265
-280
-301
-331
-370
-418
-475
-540
-609
-681
-752
-818
-876
-921
-951
-962
-953
-923
-871
-800
-712
-611
-500
-384
-270
-160
-60
26
99
155
196
221
234
238
234
227
218
212
208
209
215
226
240
258
277
296
314
329
341
349
353
354
351
346
339
332
325
319
316
315
317
322
331
344
359
377
397
418
440
461
482
501
518
532
543
549
550
544
531
511
481
441
392
332
263
187
103
15
-74
-165
-252
-334
-409
-474
-528
-569
-598
-614
-618
-610
