925
807
692
582
479
383
297
219
150
89
35
-12
-53
-89
-119
-143
-160
-172
-178
-178
-173
-165
-155
-145
-136
-131
-131
-138
-152
-172
-199
-229
-261
-291
-317
-335
-344
-339
-321
-289
-243
-185
-118
-44
32
107
177
238
287
322
341
344
331
303
261
208
147
80
9
-61
-132
-199
-263
-321
-373
-418
-456
-487
-510
-525
-533
-533
-526
-512
-493
-468
-440
-408
-375
-341
-307
-275
-244
-215
-188
-164
-141
-119
-99
-78
-58
-36
-13
10
37
65
95
126
157
189
219
247
274
297
318
336
352
366
379
392
405
419
434
450
467
484
501
516
528
537
541
540
533
521
503
480
452
420
384
345
304
260
215
168
120
72
24
-22
-69
-112
-152
-188
-218
-242
-260
-269
-271
-266
-254
-235
-211
-182
-150
-115
-80
-45
-12
16
41
61
73
77
73
60
38
8
-30
-77
-130
-187
-248
-311
-372
-431
-483
-529
-565
-590
-602
-602
-590
-565
-531
-487
-437
-383
-328
-272
-219
-169
-124
-83
-47
-15
11
35
57
75
91
103
113
119
122
121
116
108
97
84
70
56
44
35
29
28
30
37
48
62
77
93
108
121
129
133
132
124
111
92
68
41
10
-22
-54
-86
-116
-142
-163
-180
-191
-197
-197
-192
-182
-167
-148
-127
-103
-77
-52
-27
-4
15
31
42
48
49
44
35
22
7
-10
-28
-46
-63
-77
-89
-97
-102
-103
-102
-97
-91
-84
-76
-68
-60
-54
-50
-46
-45
-43
-42
-39
-34
-26
-14
3
27
56
91
130
174
219
266
311
354
393
426
452
472
483
486
482
469
450
424
393
357
318
276
233
190
147
106
67
31
0
-29
-53
-74
-91
-104
-114
-120
-124
-126
-125
-121
-114
-105
-93
-79
-62
-42
-21
0
23
45
65
83
98
110
118
122
122
121
117
113
109
105
104
104
106
111
116
123
128
132
133
131
123
109
90
64
33
-1
-39
-79
-120
-158
-194
-225
-251
-270
-283
-290
-290
-285
-275
-262
-247
-230
-212
-195
-178
-163
-149
-137
-126
-115
-105
-95
-85
-75
-64
-53
-41
-29
-18
-7
2
12
21
30
39
48
57
66
77
87
98
109
119
127
133
136
135
130
120
105
86
62
35
5
-26
-59
-91
-123
-152
-177
-199
-216
-228
-234
-236
-234
-227
-217
-204
-189
-173
-156
-140
-124
-110
-99
-89
-82
-77
-73
-70
-68
-65
-60
-53
-44
-32
-17
0
19
39
60
80
98
115
129
140
149
156
161
167
174
184
198
217
243
275
313
357
405
455
504
551
592
623
643
649
638
611
566
504
427
337
237
131
21
-88
-194
-294
-386
-467
-537
-595
-641
-676
-699
-711
-715
-709
-697
-677
-652
-621
-586
-546
-503
-458
-410
-363
-316
-272
-232
-197
-169
-151
-142
-144
-158
-184
-221
-267
-320
-379
-439
-497
-548
-589
-616
-626
-615
-583
-528
-452
-355
-241
-113
23
165
307
443
570
683
781
860
922
964
990
1000
997
984
963
937
908
878
848
818
788
758
725
690
651
606
556
499
437
369
298
224
149
76
6
-58
-117
-169
-214
-252
-282
-307
-327
-344
-359
-374
-390
-408
-427
-449
-473
-498
-524
-549
-571
-590
-605
-614
-616
-612
-602
-584
-561
-531
-497
-458
-415
-370
-322
-273
-223
-172
-121
-70
-20
27
73
116
157
194
227
257
282
304
323
338
351
362
370
377
382
386
389
391
392
390
387
380
371
357
338
314
284
247
204
155
100
41
-19
-81
-141
-196
-243
-280
-304
-314
-307
-283
-242
-185
-114
-32
56
150
244
334
415
486
542
581
603
608
594
565
521
465
401
330
258
185
116
51
-6
-57
-100
-136
-166
-190
-209
-224
-236
-247
-255
-262
-268
-272
-275
-275
-273
-268
-261
-250
-237
-221
-203
-183
-163
-143
-124
-106
-90
-77
-67
-59
-53
-48
-44
-39
-34
-27
-17
-6
7
21
36
50
62
71
74
71
61
43
17
-16
-57
-105
-159
-215
-273
-330
-384
-433
-474
-505
-526
-536
-534
-520
-496
-462
-420
-371
-318
-261
-202
-143
-85
-29
24
75
123
168
209
248
284
316
346
372
394
410
421
425
421
408
387
357
319
274
224
171
116
64
16
-24
-56
-77
-87
-84
-69
-43
-8
34
83
134
186
236
284
327
364
395
420
439
452
459
461
456
446
429
407
378
344
303
255
203
145
83
18
-49
-117
-185
-251
-314
-373
-428
-477
-522
-561
-595
-625
-651
-672
-690
-703
-713
-717
-716
-709
-695
-675
-647
-611
-568
-518
-461
-397
-328
-255
-179
-102
-26
47
116
178
230
272
301
316
317
304
279
242
195
141
83
24
-33
-86
-133
-171
-198
-214
-218
-211
-192
-163
-126
-82
-33
17
70
122
173
220
264
304
340
372
400
424
445
463
479
493
504
514
522
526
528
525
518
505
485
457
422
379
329
273
211
145
77
9
-55
-117
-173
-222
-261
-292
-312
-323
-324
-315
-298
-274
-243
-208
-169
-128
-86
-45
-6
29
61
88
108
121
128
127
119
104
82
54
22
-12
-50
-87
-123
-157
-186
-210
-229
-241
-247
-247
-241
-230
-215
-197
-176
-153
-129
-103
-75
-47
-17
13
46
81
118
157
197
239
281
323
363
401
433
460
480
490
490
480
458
425
382
329
270
205
137
68
2
-59
-115
-163
-203
-235
-258
-275
-285
-292
-297
-302
-308
-317
-330
-348
-372
-400
-432
-467
-503
-539
-572
-601
-624
-640
-647
-645
-634
-612
-580
-539
-488
-428
-361
-288
-209
-126
-42
42
125
204
279
347
407
459
503
538
566
587
603
616
627
636
646
656
668
679
691
701
708
711
708
698
678
649
610
560
502
434
360
280
198
114
31
-49
-125
-196
-261
-320
-371
-414
-451
-481
-505
-523
-535
-544
-548
-550
-548
-544
-538
-530
-520
-508
-494
-478
-461
-441
-419
-396
-372
-346
-318
-290
-261
-231
-200
-169
-138
-108
-78
-49
-22
3
26
47
64
78
88
94
96
93
87
77
65
51
36
22
9
-1
-8
-11
-9
-3
6
21
38
58
80
101
122
141
158
172
182
189
192
194
193
191
189
188
188
189
193
199
206
215
224
233
240
246
250
250
247
242
233
222
209
194
178
161
144
126
107
89
71
53
36
19
3
-11
-24
-34
-43
-48
-49
-48
-43
-35
-24
-10
3
18
33
46
58
66
71
73
70
64
55
42
26
9
-10
-29
-49
-68
-86
-101
-114
-123
-129
-131
-129
-123
-113
-100
-84
-65
-44
-22
0
24
47
68
87
102
113
120
121
118
109
97
81
62
42
22
2
-14
-30
-42
-51
-57
-60
-62
-62
-63
-65
-69
-78
-90
-108
-129
-154
-183
-212
-242
-269
-293
-312
-325
-330
-328
-318
-301
-277
-248
-215
-180
-145
-110
-79
-50
-27
-10
1
6
6
0
-8
-21
-36
-52
-68
-82
-93
-100
-104
-103
-98
-88
-75
-59
-41
-21
-2
16
33
47
59
67
72
73
71
67
61
54
47
41
35
32
31
33
37
44
53
64
75
87
99
110
120
128
133
137
139
139
138
137
135
135
135
137
141
146
154
163
174
185
197
207
216
222
223
219
209
192
168
137
99
56
9
-41
-92
-143
-191
-235
-272
-303
-325
-339
-345
-343
-333
-317
-296
-271
-243
-213
-183
-153
-123
-94
-64
-35
-6
24
54
86
118
149
180
209
235
257
275
288
295
298
296
290
280
267
252
237
221
206
192
181
171
164
158
154
151
148
145
140
133
123
110
92
70
43
12
-22
-61
-103
-146
-190
-234
-275
-314
-349
-378
-401
-416
-423
-422
-411
-392
-364
-329
-287
-241
-192
-142
-94
-49
-9
23
48
64
70
68
57
39
14
-14
-46
-80
-114
-145
-174
-198
-216
-230
-237
-239
-235
-226
-214
-198
-179
-159
-137
-115
-93
-70
-47
-24
0
23
48
74
100
128
156
184
212
240
267
292
316
336
353
365
374
378
378
374
367
356
342
327
310
292
273
255
236
218
200
183
166
149
131
114
95
75
53
28
2
-26
-58
-91
-126
-163
-200
-237
-272
-306
-338
-366
-391
-411
-426
-437
-441
-441
-434
-423
-406
-385
-360
-331
-301
-268
-235
-202
-169
-136
-106
-77
-49
-24
0
20
39
57
73
88
101
113
124
134
143
151
158
164
171
177
183
190
198
206
215
226
237
249
261
272
281
288
292
291
285
274
257
234
206
175
140
104
68
32
0
-29
-53
-73
-88
-97
-102
-103
-101
-96
-90
-83
-76
-71
-66
-62
-60
-59
-59
-60
-60
-61
-61
-59
-56
-51
-43
-34
-22
-9
5
21
37
54
70
85
99
111
121
129
135
137
137
134
128
119
108
94
78
61
43
26
8
-6
-19
-30
-36
-39
-37
-31
-20
-5
12
33
55
78
101
121
140
154
164
170
170
165
156
143
126
106
84
62
39
17
-3
-22
-40
-56
-70
-84
-96
-107
-118
-129
-140
-151
-163
-174
-186
-198
-210
-220
-230
-238
-244
-249
-251
-250
-247
-241
-232
-221
-208
-193
-177
-160
-143
-127
-112
-98
-85
-73
-63
-54
-45
-37
-28
-19
-8
2
15
30
46
64
83
103
123
143
161
177
190
199
203
203
198
187
172
153
131
106
80
54
29
6
-13
-29
-40
-46
-46
-40
-29
-13
5
27
51
74
96
115
130
140
145
143
135
122
104
81
54
25
-4
-35
-65
-93
-119
-142
-162
-179
-192
-203
-211
-217
-222
-226
-231
-235
-240
-246
-252
-259
-265
-271
-276
-280
-281
-279
-274
-266
-255
-240
-224
-205
-186
-166
-146
-128
-112
-98
-86
-75
-67
-59
-52
-44
-36
-25
-13
1
18
38
61
86
113
142
172
202
231
260
286
311
333
351
366
377
384
388
387
382
373
361
345
327
305
281
256
230
203
176
150
126
104
85
68
55
45
37
33
32
33
35
37
40
42
42
41
36
29
19
5
-10
-29
-49
-72
-94
-117
-138
-158
-175
-189
-200
-207
-210
-209
-204
-196
-184
-170
-154
-137
-118
-99
-80
-61
-44
-28
-14
-3
5
11
15
15
12
6
-2
-15
-30
-48
-68
-90
-115
-140
-166
-191
-215
-237
-255
-269
-277
-279
-274
-262
-242
-214
-180
-139
-92
-40
15
73
134
194
254
312
366
416
460
498
529
552
569
578
579
574
563
545
523
496
466
432
396
359
320
280
241
202
163
126
90
57
25
-2
-29
-52
-73
-92
-109
-125
-141
-156
-173
-191
-211
-234
-259
-287
-317
-349
-383
-417
-450
-482
-511
-536
-556
-571
-580
-581
-575
-561
-541
-513
-479
-439
-395
-347
-296
-243
-190
-137
-84
-32
18
68
115
160
204
244
282
317
348
