-1638
-1804
-1943
-2053
-2131
-2180
-2201
-2195
-2167
-2117
-2050
-1966
-1866
-1750
-1618
-1470
-1304
-1121
-921
-704
-475
-235
8
251
487
709
911
1089
1236
1351
1432
1477
1489
1468
1419
1345
1249
1138
1013
881
743
604
465
330
198
71
-49
-165
-274
-376
-472
-560
-639
-708
-766
-810
-841
-855
-854
-836
-802
-753
-690
-614
-528
-433
-331
-224
-113
0
114
229
345
460
574
687
797
904
1005
1099
1183
1255
1310
1348
1364
1358
1326
1270
1188
1082
953
805
640
464
279
92
-93
-273
-441
-596
-733
-849
-945
-1017
-1067
-1095
-1102
-1090
-1060
-1015
-959
-894
-824
-753
-684
-620
-565
-519
-484
-460
-445
-437
-433
-430
-423
-409
-384
-345
-292
-223
-139
-42
65
179
295
408
514
608
685
743
779
793
783
751
700
632
551
461
366
271
180
97
25
-33
-76
-104
-117
-114
-98
-71
-35
7
54
103
151
197
239
276
307
332
352
366
375
380
381
380
375
368
358
345
327
305
278
246
211
173
134
98
66
42
29
30
47
80
131
197
279
371
472
575
676
771
854
921
969
995
997
977
934
871
790
694
588
474
357
240
126
17
-84
-177
-259
-329
-385
-428
-455
-466
-461
-440
-404
-355
-294
-224
-148
-69
8
82
149
206
251
283
301
305
295
273
241
200
153
103
51
1
-47
-91
-132
-168
-201
-229
-255
-279
-301
-323
-345
-367
-391
-416
-443
-471
-502
-533
-566
-600
-633
-665
-694
-721
-743
-759
-769
-770
-762
-744
-714
-672
-619
-555
-481
-399
-313
-224
-137
-54
21
85
137
174
195
201
191
167
130
83
28
-33
-99
-167
-237
-307
-376
-444
-510
-572
-630
-680
-722
-752
-767
-763
-738
-688
-611
-506
-374
-214
-31
171
388
612
836
1052
1251
1427
1573
1684
1755
1784
1771
1716
1623
1495
1337
1155
955
742
521
299
80
-132
-335
-527
-705
-867
-1013
-1142
-1252
-1344
-1415
-1465
-1494
-1501
-1486
-1451
-1397
-1326
-1243
-1150
-1053
-955
-863
-779
-708
-652
-613
-590
-583
-590
-607
-631
-658
-683
-704
-716
-716
-703
-676
-635
-580
-514
-437
-353
-263
-171
-79
11
98
180
257
327
391
450
503
552
597
639
681
722
764
808
854
903
955
1008
1064
1119
1173
1224
1270
1309
1338
1358
1365
1360
1341
1310
1267
1213
1149
1079
1003
924
845
767
691
621
555
495
442
393
350
311
275
240
206
171
135
97
57
14
-29
-74
-119
-163
-204
-243
-278
-307
-331
-349
-361
-368
-371
-371
-369
-367
-367
-370
-377
-388
-405
-426
-450
-475
-499
-520
-535
-542
-540
-528
-506
-476
-438
-396
-351
-306
-263
-224
-189
-160
-134
-111
-88
-62
-31
9
61
128
212
312
428
559
700
847
995
1136
1265
1376
1462
1519
1543
1535
1492
1418
1315
1189
1044
886
722
557
397
246
107
-17
-127
-224
-307
-379
-441
-495
-543
-585
-620
-647
-663
-666
-654
-623
-572
-502
-411
-304
-184
-54
77
206
326
432
520
586
629
648
644
618
573
513
440
357
266
169
66
-41
-154
-271
-392
-515
-637
-757
-870
-973
-1062
-1134
-1185
-1215
-1222
-1207
-1171
-1116
-1046
-963
-871
-773
-672
-571
-472
-376
-285
-199
-119
-45
20
77
123
157
176
177
156
113
44
-51
-172
-319
-487
-674
-873
-1078
-1283
-1480
-1664
-1828
-1968
-2081
-2164
-2216
-2238
-2230
-2196
-2136
-2053
-1949
-1827
-1688
-1535
-1369
-1193
-1009
-820
-629
-439
-254
-77
89
242
379
500
603
689
759
816
861
899
932
963
995
1030
1070
1114
1163
1215
1267
1319
1367
1409
1443
1468
1483
1487
1479
1461
1433
1396
1350
1297
1239
1176
1109
1041
972
903
836
771
709
648
589
531
471
410
344
272
193
105
8
-97
-211
-334
-462
-595
-729
-862
-990
-1111
-1221
-1318
-1399
-1462
-1506
-1528
-1529
-1507
-1463
-1397
-1311
-1206
-1083
-946
-797
-638
-473
-304
-135
29
190
341
481
607
717
809
883
938
974
991
991
976
949
913
870
825
780
737
699
668
643
625
614
608
606
609
613
620
628
637
647
660
675
692
713
736
763
791
820
850
877
901
920
932
936
931
916
891
857
814
763
705
640
569
493
412
326
234
138
37
-67
-175
-284
-393
-499
-599
-691
-773
-842
-896
-935
-957
-962
-951
-922
-878
-817
-741
-651
-547
-430
-302
-164
-19
131
286
441
596
747
892
1031
1160
1280
1389
1487
1573
1647
1710
1760
1798
1825
1839
1841
1831
1806
1766
1710
1634
1536
1415
1268
1093
890
659
401
121
-177
-487
-803
-1116
-1417
-1700
-1958
-2185
-2378
-2535
-2658
-2747
-2807
-2842
-2857
-2857
-2846
-2828
-2804
-2777
-2745
-2708
-2663
-2607
-2538
-2454
-2351
-2231
-2091
-1935
-1764
-1581
-1392
-1199
-1009
-824
-650
-487
-339
-205
-85
23
122
214
303
391
481
573
670
770
874
981
1087
1192
1292
1386
1470
1543
1604
1652
1686
1707
1715
1712
1699
1678
1648
1612
1568
1519
1462
1397
1324
1243
1151
1050
940
821
695
564
430
296
165
39
-77
-185
-282
-366
-439
-502
-555
-600
-641
-678
-714
-749
-785
-823
-861
-898
-934
-966
-992
-1010
-1020
-1019
-1008
-985
-952
-910
-861
-805
-747
-687
-628
-572
-520
-474
-434
-400
-372
-349
-330
-315
-303
-293
-284
-278
-273
-269
-265
-262
-258
-251
-241
-225
-200
-167
-122
-66
0
74
157
242
327
407
479
538
584
613
627
625
612
590
562
535
512
496
491
498
519
551
593
641
691
740
782
814
833
835
821
789
741
680
607
527
442
356
273
194
121
55
-3
-55
-102
-145
-187
-228
-271
-314
-359
-403
-445
-482
-511
-528
-532
-519
-489
-440
-374
-292
-198
-94
13
120
223
317
399
466
518
552
572
577
570
554
530
502
470
436
400
362
320
276
227
173
116
54
-8
-71
-132
-188
-236
-273
-299
-313
-314
-303
-283
-256
-227
-199
-178
-168
-173
-195
-237
-299
-379
-474
-580
-691
-799
-897
-978
-1033
-1057
-1046
-996
-906
-778
-615
-421
-203
32
277
523
763
990
1196
1376
1525
1641
1722
1767
1778
1756
1704
1626
1526
1408
1275
1131
980
822
660
495
327
158
-12
-184
-354
-522
-685
-841
-986
-1116
-1230
-1323
-1394
-1440
-1460
-1454
-1423
-1368
-1290
-1194
-1083
-960
-831
-700
-572
-451
-342
-249
-174
-119
-86
-74
-83
-110
-153
-208
-271
-337
-402
-461
-509
-544
-562
-562
-542
-502
-445
-372
-286
-190
-87
19
127
236
344
451
558
666
776
890
1007
1127
1249
1369
1482
1585
1670
1731
1762
1759
1718
1636
1514
1355
1164
949
717
480
245
24
-176
-349
-490
-598
-672
-716
-733
-731
-716
-696
-680
-674
-685
-719
-776
-859
-966
-1093
-1235
-1386
-1538
-1685
-1821
-1940
-2038
-2113
-2164
-2190
-2193
-2173
-2131
-2070
-1988
-1888
-1768
-1628
-1468
-1289
-1090
-874
-643
-399
-147
110
369
624
872
1109
1333
1541
1732
1903
2054
2185
2294
2382
2447
2489
2507
2503
2474
2422
2346
2249
2130
1993
1839
1672
1496
1315
1134
958
791
638
502
385
290
215
159
120
93
75
59
42
18
-16
-65
-130
-213
-314
-432
-566
-712
-868
-1030
-1195
-1358
-1517
-1667
-1804
-1925
-2028
-2108
-2165
-2195
-2198
-2173
-2122
-2046
-1947
-1829
-1694
-1547
-1392
-1232
-1071
-911
-753
-599
-448
-301
-155
-10
135
284
436
593
755
920
1088
1258
1425
1588
1744
1887
2015
2124
2210
2269
2300
2300
2267
2203
2107
1982
1831
1658
1468
1266
1057
848
644
450
272
113
-22
-135
-222
-286
-328
-351
-359
-356
-346
-334
-324
-317
-317
-322
-334
-350
-370
-389
-406
-418
-424
-420
-406
-382
-348
-304
-252
-194
-132
-68
-5
54
110
158
199
229
249
257
254
238
210
171
121
61
-7
-83
-164
-247
-331
-411
-485
-550
-603
-642
-665
-673
-664
-640
-603
-554
-497
-434
-368
-302
-237
-176
-118
-63
-10
40
93
149
208
273
344
419
499
579
658
732
798
852
891
913
917
903
871
822
758
681
593
497
394
286
175
61
-55
-173
-292
-412
-532
-652
-770
-885
-994
-1095
-1184
-1258
-1314
-1346
-1354
-1333
-1283
-1205
-1100
-972
-826
-667
-503
-341
-189
-52
62
150
208
234
228
191
124
32
-82
-212
-354
-501
-647
-787
-916
-1030
-1122
-1192
-1235
-1251
-1237
-1196
-1127
-1034
-919
-786
-640
-487
-332
-179
-33
101
224
331
423
502
567
623
672
717
762
809
861
918
983
1054
1131
1211
1293
1373
1447
1511
1562
1595
1608
1598
1564
1506
1426
1324
1206
1073
930
783
634
489
352
224
108
7
-78
-150
-208
-254
-289
-316
-337
-353
-368
-383
-399
-416
-435
-455
-476
-496
-515
-531
-544
-553
-558
-560
-559
-557
-556
-557
-562
-572
-590
-615
-648
-688
-736
-788
-843
-898
-951
-999
-1040
-1071
-1091
-1098
-1093
-1074
-1043
-1001
-950
-892
-830
-767
-704
-643
-587
-536
-490
-448
-410
-373
-336
-297
-251
-198
-134
-58
31
136
258
395
548
714
892
1078
1270
1464
1656
1841
2016
2178
2324
2451
2558
2642
2705
2744
2761
2754
2723
2670
2592
2490
2364
2213
2038
1839
1617
1374
1112
835
547
252
-43
-335
-618
-887
-1136
-1361
-1558
-1724
-1858
-1959
-2027
-2063
-2071
-2054
-2016
-1961
-1896
-1825
-1754
-1685
-1622
-1566
-1519
-1479
-1446
-1417
-1390
-1361
-1328
-1288
-1238
-1178
-1104
-1018
-917
-804
-678
-541
-394
-239
-77
88
256
424
589
748
899
1038
1161
1267
1351
1412
1446
1452
1431
1382
1307
1210
1094
964
825
682
541
406
281
170
73
-5
-68
-116
-149
-170
-182
-187
-188
-187
-186
-186
-188
-193
-199
-207
-215
-222
-228
-232
-233
-231
-226
-220
-213
-205
-198
-193
-190
-190
-193
-198
-206
-216
-226
-235
-243
-247
-247
-242
-232
-215
-193
-165
-133
-96
-57
-17
22
59
92
120
142
156
164
164
159
148
134
119
103
88
76
66
61
58
58
59
62
64
65
65
62
58
52
45
38
33
31
32
39
51
69
92
120
152
186
220
252
280
303
318
326
325
316
300
280
257
235
216
203
199
205
224
254
295
345
403
463
523
578
622
651
662
649
612
548
459
346
213
65
-92
-252
-409
-554
-682
-789
-870
-923
-949
-948
-925
-884
-831
-771
-712
-659
-617
-590
-580
-586
-608
-641
-682
-725
-763
-791
-804
-798
-770
-721
-650
-560
-456
-343
-225
-109
-1
95
176
241
288
318
334
340
340
338
340
350
371
406
455
518
594
679
769
860
946
1023
1084
1126
1145
1139
1107
1049
965
858
731
588
433
271
107
-54
-210
-356
-490
-608
-710
-794
-859
-907
-936
-948
-943
-923
-889
-843
-786
-722
-653
-582
-513
-447
-389
-340
-303
-279
-269
-272
-288
-315
-350
-391
-435
-478
-515
-545
-562
-565
-550
-517
-464
-392
-302
-197
-80
45
175
304
429
545
648
735
804
853
881
890
881
856
818
771
720
669
621
580
548
528
520
523
537
557
582
607
630
646
654
650
634
605
564
512
451
383
311
238
166
98
37
-15
-58
-90
-111
-121
-120
-111
-94
-72
-46
-20
3
24
39
46
44
32
8
-25
