-104
-90
-70
-46
-18
11
41
69
95
116
131
141
145
142
134
120
101
79
55
29
3
-21
-46
-68
-89
-107
-123
-137
-148
-157
-164
-169
-172
-173
-171
-167
-160
-150
-137
-122
-103
-82
-59
-34
-8
17
43
67
90
111
130
145
159
169
178
184
189
192
193
194
194
193
191
188
183
177
170
160
148
133
116
95
72
46
19
-9
-38
-65
-91
-113
-132
-147
-156
-161
-161
-158
-151
-141
-130
-117
-105
-92
-81
-70
-60
-52
-44
-36
-29
-21
-13
-5
2
11
19
26
31
34
34
31
23
11
-4
-23
-45
-68
-91
-112
-131
-145
-154
-158
-157
-151
-141
-127
-112
-97
-83
-72
-64
-60
-61
-65
-73
-83
-94
-106
-116
-124
-129
-130
-126
-118
-106
-91
-72
-51
-29
-6
16
38
59
77
94
110
123
135
147
157
167
175
183
188
191
191
186
177
163
143
118
88
53
14
-25
-68
-109
-149
-186
-217
-243
-262
-274
-277
-271
-256
-233
-201
-163
-118
-68
-16
37
90
141
187
228
260
284
297
300
293
275
247
211
167
118
67
15
-35
-81
-121
-153
-176
-188
-190
-181
-164
-138
-106
-69
-30
8
47
82
113
140
160
174
183
186
185
179
171
161
149
137
125
113
102
91
80
69
57
45
32
18
2
-14
-33
-53
-74
-95
-117
-137
-156
-173
-187
-197
-203
-205
-202
-195
-184
-168
-148
-126
-100
-73
-45
-16
11
38
63
86
107
125
141
154
166
176
184
192
198
203
207
211
213
214
213
211
208
204
198
191
183
175
167
160
153
148
144
142
141
142
143
145
146
146
144
138
129
115
97
73
43
8
-31
-75
-123
-172
-222
-269
-313
-352
-383
-406
-419
-422
-414
-397
-372
-339
-300
-258
-213
-169
-128
-91
-59
-35
-18
-11
-12
-21
-38
-61
-90
-121
-155
-188
-218
-245
-267
-283
-291
-293
-286
-273
-253
-228
-197
-162
-124
-84
-43
-1
40
81
120
158
194
228
261
291
320
347
372
396
418
438
456
470
481
488
491
487
479
463
441
413
378
337
290
238
182
124
64
4
-54
-110
-163
-211
-253
-290
-320
-344
-361
-374
-382
-386
-387
-386
-383
-379
-375
-371
-366
-360
-354
-345
-335
-321
-303
-282
-255
-224
-188
-148
-103
-56
-6
43
92
139
182
219
249
272
285
288
282
266
242
210
174
134
93
54
17
-12
-37
-53
-61
-61
-53
-39
-19
3
27
51
74
94
109
121
127
129
127
121
113
104
95
85
77
71
68
66
67
71
76
82
89
96
102
106
108
107
102
95
85
72
57
40
23
6
-9
-24
-37
-47
-55
-60
-62
-60
-56
-50
-41
-31
-20
-8
3
15
25
34
41
47
50
51
50
47
42
36
27
17
5
-7
-23
-39
-57
-76
-96
-117
-137
-156
-174
-191
-205
-217
-225
-230
-231
-227
-218
-205
-187
-165
-140
-112
-83
-54
-26
0
20
37
49
54
53
46
35
19
1
-18
-37
-55
-69
-79
-83
-82
-75
-62
-45
-22
2
29
56
82
105
124
138
147
149
145
134
117
96
70
42
13
-15
-41
-64
-82
-94
-99
-96
-86
-68
-43
-13
21
58
96
133
166
193
213
225
227
218
200
171
134
90
41
-10
-62
-113
-160
-201
-234
-258
-273
-277
-272
-259
-237
-208
-175
-138
-99
-60
-22
12
44
72
94
112
124
130
132
129
122
112
98
83
66
49
31
13
-3
-20
-36
-52
-67
-81
-96
-110
-124
-139
-154
-169
-184
-200
-214
-228
-239
-248
-254
-254
-250
-240
-224
-203
-176
-145
-110
-72
-33
5
43
80
115
147
178
207
234
260
287
313
339
366
393
418
442
463
479
489
492
486
472
447
413
370
319
261
199
133
67
3
-55
-108
-152
-186
-209
-220
-221
-211
-192
-165
-132
-97
-60
-25
5
32
53
66
72
72
66
55
40
24
7
-7
-20
-31
-38
-42
-43
-41
-37
-31
-25
-18
-13
-8
-4
-2
-1
0
0
0
0
0
1
3
7
11
15
20
26
31
36
41
45
48
51
54
55
56
56
54
50
44
35
23
8
-10
-32
-56
-83
-111
-139
-165
-190
-211
-229
-241
-248
-250
-247
-240
-230
-216
-202
-186
-170
-155
-140
-125
-111
-96
-81
-64
-45
-23
1
29
60
93
126
159
190
217
238
250
254
246
228
198
158
109
54
-5
-66
-126
-182
-232
-274
-306
-326
-334
-329
-310
-278
-233
-175
-106
-27
58
150
243
336
423
501
568
619
651
663
654
622
569
497
408
305
192
75
-41
-154
-258
-350
-426
-484
-522
-541
-540
-522
-487
-439
-380
-313
-243
-171
-101
-36
22
71
111
139
154
158
149
127
95
52
1
-57
-120
-187
-254
-320
-382
-438
-487
-528
-558
-578
-587
-585
-573
-551
-521
-484
-440
-392
-341
-287
-233
-180
-128
-78
-32
11
51
87
120
151
180
206
232
257
283
309
335
363
391
420
448
477
504
529
551
570
585
595
599
598
591
578
559
534
503
467
426
381
330
276
219
159
99
38
-20
-76
-127
-172
-210
-239
-258
-267
-267
-259
-242
-221
-195
-168
-142
-120
-101
-89
-84
-85
-91
-101
-113
-125
-132
-134
-129
-113
-89
-54
-12
36
88
141
190
233
266
288
296
290
269
234
185
126
57
-17
-96
-176
-255
-330
-399
-460
-511
-552
-581
-598
-603
-595
-576
-545
-505
-456
-400
-338
-272
-203
-133
-63
4
69
129
183
230
269
300
322
334
337
329
312
285
248
203
151
92
30
-33
-97
-157
-211
-256
-290
-311
-316
-306
-279
-235
-177
-105
-22
69
165
264
362
454
539
613
675
722
754
770
770
754
724
681
628
566
497
424
349
275
202
133
69
11
-40
-86
-125
-157
-182
-200
-211
-217
-216
-210
-200
-186
-171
-154
-138
-123
-111
-103
-99
-100
-107
-120
-138
-162
-192
-227
-266
-309
-355
-404
-454
-505
-555
-604
-649
-691
-728
-759
-782
-797
-802
-797
-781
-754
-716
-667
-608
-539
-462
-378
-289
-196
-101
-5
88
180
267
350
425
493
553
605
648
682
708
725
735
739
737
730
720
708
695
681
667
654
640
625
608
589
567
539
506
466
421
369
312
250
186
119
54
-10
-70
-126
-177
-221
-258
-288
-311
-328
-339
-344
-344
-338
-328
-313
-294
-270
-243
-213
-181
-148
-115
-85
-58
-35
-18
-7
-1
-1
-6
-14
-23
-33
-42
-49
-52
-52
-48
-42
-34
-27
-22
-21
-26
-38
-58
-87
-123
-166
-214
-266
-317
-366
-411
-447
-472
-486
-485
-469
-439
-394
-336
-267
-188
-103
-13
77
167
254
336
411
478
536
584
622
651
670
679
681
674
660
639
612
578
539
493
440
382
316
244
167
84
-2
-91
-181
-271
-358
-441
-518
-588
-650
-702
-745
-776
-797
-807
-806
-794
-772
-740
-700
-653
-599
-541
-478
-412
-345
-278
-211
-145
-80
-18
40
96
148
197
242
283
321
354
384
410
433
452
470
485
498
510
520
530
539
548
555
562
567
571
572
570
565
557
545
529
509
485
457
425
390
351
308
263
215
163
109
53
-5
-67
-130
-195
-260
-326
-391
-455
-514
-569
-617
-657
-688
-708
-717
-713
-698
-671
-633
-586
-531
-469
-404
-335
-265
-195
-126
-57
8
73
135
194
251
305
356
402
442
476
502
518
522
515
493
457
406
341
263
174
75
-28
-135
-242
-343
-436
-517
-583
-632
-663
-673
-665
-638
-594
-538
-471
-399
-325
-253
-188
-133
-91
-64
-53
-59
-81
-117
-165
-221
-281
-342
-398
-447
-484
-506
-511
-498
-466
-416
-351
-273
-185
-93
0
90
173
247
308
355
389
409
418
416
407
393
376
358
342
329
320
314
312
311
312
312
309
303
291
274
252
224
194
161
128
98
71
51
38
34
38
51
71
98
129
162
196
229
258
281
298
308
310
304
292
273
250
224
197
169
142
117
94
75
59
46
36
28
22
16
10
3
-7
-22
-42
-68
-100
-139
-185
-237
-294
-355
-416
-477
-535
-587
-630
-662
-680
-684
-672
-644
-600
-541
-470
-388
-301
-210
-119
-33
46
116
175
222
255
277
286
286
277
261
241
220
198
177
160
147
140
137
140
148
161
176
193
212
229
245
258
267
271
270
264
252
234
211
183
150
115
77
39
2
-31
-62
-86
-102
-110
-107
-93
-67
-29
19
79
148
224
305
387
468
545
614
672
718
750
767
769
755
727
686
634
573
504
429
351
272
192
113
37
-35
-104
-169
-229
-283
-332
-373
-406
-431
-446
-449
-442
-422
-391
-348
-295
-233
-165
-93
-20
51
117
176
224
260
281
286
274
245
199
138
64
-21
-116
-219
-326
-435
-546
-656
-764
-869
-971
-1069
-1163
-1251
-1333
-1407
-1472
-1527
-1568
-1596
-1607
-1600
-1575
-1529
-1462
-1374
-1267
-1140
-997
-838
-667
-487
-300
-111
78
264
444
616
776
922
1052
1164
1256
1325
1369
1389
1382
1350
1294
1214
1114
997
867
728
585
441
300
168
47
-58
-148
-219
-270
-301
-311
-301
-272
-225
-163
-86
3
103
211
324
442
560
675
786
888
978
1053
1110
1147
1161
1152
1119
1063
983
884
767
636
495
348
199
52
-88
-220
-340
-446
-538
-615
-676
-723
-756
-777
-789
-791
-788
-779
-766
-752
-735
-717
-698
-677
-654
-629
-601
-569
-533
-492
-446
-396
-342
-283
-221
-157
-92
-26
37
99
156
208
251
286
309
320
316
298
264
216
153
78
-6
-97
-190
-281
-366
-439
-498
-538
-558
-556
-533
-491
-431
-358
-275
-188
-101
-18
56
121
174
216
247
269
286
302
320
345
379
426
485
558
642
736
835
936
1033
1122
1199
1258
1298
1315
1309
1279
1229
1159
1074
978
874
767
661
559
463
374
294
222
157
98
44
-6
-55
-105
-155
-206
-260
-316
-375
-435
-495
-556
-616
-674
-729
-780
-827
-868
-905
-935
-960
-980
-993
-1000
-1001
-996
-984
-966
-941
-911
-876
-837
-796
-754
-714
-677
-646
-621
-603
-593
-591
-595
-604
-615
-627
-635
-637
-630
-611
-577
-529
-465
-386
-293
-189
-77
40
158
275
386
488
580
660
726
778
818
846
864
874
878
879
876
873
869
865
860
854
844
832
814
792
766
736
703
670
638
609
583
563
546
533
521
508
491
466
429
379
312
227
125
5
-129
-275
-429
-586
-740
-884
-1015
-1126
-1213
-1273
-1304
-1305
-1277
-1222
-1143
-1045
-931
-808
-681
-554
-434
-323
-224
-141
-74
-23
10
30
37
33
21
1
-21
-47
-72
-96
-115
-130
-137
-138
-131
-116
-95
-69
-40
-8
22
51
76
96
109
116
117
111
100
84
66
46
27
11
-1
-9
-11
-7
3
21
44
73
105
140
176
214
253
292
