-358
-319
-270
-213
-151
-85
-18
48
115
180
245
308
371
434
495
554
610
660
702
732
746
742
715
663
584
477
343
185
5
-189
-395
-603
-808
-1001
-1178
-1333
-1462
-1566
-1642
-1693
-1722
-1731
-1725
-1708
-1682
-1651
-1615
-1577
-1534
-1486
-1433
-1371
-1298
-1214
-1116
-1004
-876
-735
-581
-415
-241
-61
121
302
479
648
806
951
1081
1195
1293
1373
1437
1484
1517
1536
1541
1533
1514
1484
1442
1389
1326
1251
1164
1067
958
838
708
569
423
270
114
-41
-195
-342
-480
-605
-713
-803
-872
-920
-945
-950
-935
-903
-857
-799
-733
-662
-588
-515
-443
-375
-310
-251
-196
-145
-100
-59
-21
11
40
66
87
105
118
127
130
128
121
108
91
69
46
22
0
-16
-26
-26
-14
10
48
100
164
237
317
400
482
560
630
688
733
763
776
772
753
720
675
620
558
492
424
357
292
231
175
124
78
36
0
-35
-66
-96
-125
-154
-182
-209
-237
-263
-288
-310
-329
-343
-351
-349
-338
-316
-280
-233
-172
-100
-19
69
162
255
345
429
503
565
613
646
664
666
654
629
593
547
493
433
368
299
228
155
82
8
-64
-134
-202
-264
-319
-365
-402
-429
-444
-448
-442
-427
-406
-381
-354
-330
-310
-297
-293
-301
-319
-349
-389
-435
-486
-538
-586
-625
-653
-666
-663
-641
-601
-546
-476
-396
-308
-218
-128
-42
37
108
171
223
266
300
325
343
354
358
355
345
328
304
271
229
178
117
48
-26
-107
-189
-268
-340
-399
-439
-455
-444
-400
-324
-215
-75
91
277
477
682
883
1072
1240
1381
1488
1558
1586
1571
1514
1416
1280
1110
910
687
446
195
-60
-314
-561
-795
-1013
-1210
-1386
-1537
-1663
-1762
-1835
-1882
-1903
-1899
-1873
-1824
-1756
-1671
-1571
-1461
-1342
-1217
-1090
-964
-840
-723
-613
-513
-425
-350
-288
-239
-204
-179
-163
-153
-146
-135
-119
-91
-48
12
93
195
317
457
610
771
934
1093
1239
1366
1468
1539
1577
1578
1544
1475
1376
1252
1109
955
795
637
487
348
225
118
29
-43
-101
-146
-181
-208
-229
-247
-262
-276
-289
-302
-312
-321
-328
-331
-330
-323
-312
-294
-270
-240
-203
-161
-112
-57
3
70
143
222
307
397
491
588
685
780
869
949
1017
1069
1103
1117
1108
1075
1020
943
845
730
601
460
314
165
18
-121
-253
-372
-477
-565
-638
-693
-733
-757
-768
-766
-755
-736
-712
-684
-655
-627
-600
-577
-557
-540
-527
-516
-505
-495
-483
-467
-447
-422
-390
-352
-308
-260
-207
-153
-98
-44
7
55
99
138
172
202
228
250
271
289
307
323
339
354
366
376
383
386
384
379
369
356
340
324
308
294
285
280
283
293
311
338
372
413
460
509
561
612
660
704
740
769
787
795
792
777
749
710
660
599
529
450
364
272
176
77
-22
-123
-222
-318
-411
-497
-578
-651
-716
-773
-820
-858
-886
-904
-913
-913
-904
-886
-863
-833
-799
-762
-724
-686
-650
-616
-585
-557
-533
-511
-492
-475
-457
-439
-418
-394
-365
-330
-290
-244
-192
-137
-79
-21
34
84
127
161
184
196
197
189
174
157
141
129
127
138
164
208
269
347
438
540
647
754
855
945
1018
1071
1099
1100
1074
1020
939
835
709
566
408
239
64
-116
-297
-478
-655
-828
-993
-1151
-1298
-1433
-1554
-1658
-1743
-1807
-1847
-1861
-1848
-1807
-1738
-1642
-1520
-1374
-1209
-1027
-832
-629
-422
-216
-14
179
362
531
684
821
940
1041
1124
1191
1243
1280
1303
1315
1315
1305
1285
1256
1218
1171
1115
1051
978
898
811
717
618
513
405
294
182
72
-35
-137
-232
-318
-392
-452
-498
-529
-544
-543
-528
-499
-459
-411
-358
-301
-245
-192
-144
-104
-73
-52
-41
-39
-46
-59
-78
-101
-126
-152
-177
-201
-222
-240
-254
-263
-267
-265
-256
-239
-214
-180
-136
-82
-18
53
132
216
302
387
466
538
597
640
664
669
652
614
557
483
394
297
194
91
-5
-94
-169
-228
-268
-289
-290
-274
-242
-196
-142
-83
-22
34
86
128
160
180
188
185
174
156
134
112
92
77
69
68
76
92
114
141
169
197
222
241
252
254
246
227
199
162
118
70
20
-29
-76
-119
-155
-183
-205
-218
-224
-224
-219
-211
-200
-189
-179
-171
-164
-160
-158
-159
-161
-164
-168
-171
-174
-176
-176
-176
-173
-170
-165
-159
-152
-143
-133
-120
-106
-88
-68
-45
-19
9
40
72
106
139
171
201
228
252
272
288
299
305
307
303
295
283
266
246
222
195
165
133
99
63
27
-10
-46
-82
-116
-146
-173
-194
-209
-217
-219
-213
-201
-183
-161
-134
-105
-74
-44
-14
13
40
64
86
106
124
142
159
176
194
213
233
254
275
297
320
342
364
384
404
421
437
450
459
464
463
455
439
411
371
317
246
157
50
-74
-216
-372
-540
-716
-895
-1072
-1243
-1401
-1544
-1666
-1766
-1840
-1887
-1907
-1900
-1865
-1804
-1719
-1611
-1482
-1334
-1170
-991
-802
-603
-400
-194
8
205
393
568
725
862
976
1065
1127
1160
1166
1144
1095
1023
929
819
696
566
435
307
189
85
0
-65
-106
-123
-117
-89
-45
12
76
143
205
257
295
315
316
296
257
202
135
60
-15
-87
-149
-195
-222
-226
-206
-163
-97
-13
85
194
308
421
527
624
706
771
818
845
852
841
812
768
709
639
559
471
376
275
171
63
-47
-158
-270
-382
-490
-595
-694
-786
-868
-939
-997
-1041
-1069
-1081
-1078
-1058
-1024
-975
-915
-843
-762
-675
-582
-487
-390
-295
-202
-114
-32
42
109
168
220
265
303
337
369
400
432
467
506
550
600
656
716
779
843
905
963
1015
1057
1089
1108
1114
1106
1085
1051
1006
952
890
822
750
676
601
527
454
384
317
253
192
135
80
27
-23
-73
-121
-169
-215
-259
-302
-342
-379
-412
-441
-466
-486
-501
-510
-514
-511
-503
-488
-466
-438
-405
-365
-321
-273
-221
-168
-113
-57
-2
52
105
157
206
253
298
339
376
409
438
461
479
491
496
494
486
472
452
428
402
374
347
323
302
288
280
279
284
295
310
327
342
353
356
349
327
291
237
166
78
-25
-143
-273
-413
-560
-713
-869
-1026
-1183
-1338
-1490
-1637
-1776
-1906
-2024
-2126
-2210
-2272
-2309
-2318
-2298
-2246
-2162
-2046
-1897
-1720
-1515
-1287
-1040
-780
-512
-242
23
279
519
739
932
1097
1230
1329
1394
1424
1420
1385
1320
1230
1118
989
848
700
551
407
272
154
54
-20
-69
-91
-85
-52
6
85
182
291
407
524
637
740
829
900
950
976
977
953
904
833
742
633
511
381
246
111
-18
-141
-252
-350
-433
-500
-552
-591
-617
-633
-643
-649
-654
-661
-671
-685
-705
-729
-756
-784
-811
-834
-848
-852
-842
-816
-772
-709
-627
-527
-410
-279
-137
11
164
317
467
610
743
864
972
1065
1142
1203
1248
1277
1291
1289
1274
1245
1205
1154
1094
1027
953
875
793
708
619
528
433
334
231
124
13
-101
-217
-333
-447
-556
-658
-751
-831
-898
-950
-986
-1007
-1012
-1004
-985
-957
-922
-883
-842
-802
-764
-729
-696
-666
-637
-609
-579
-545
-507
-462
-409
-348
-279
-202
-119
-32
56
144
228
307
378
438
489
528
558
579
593
603
612
622
636
656
684
721
767
822
884
952
1023
1096
1167
1234
1294
1346
1387
1415
1430
1431
1416
1387
1342
1283
1210
1122
1022
909
785
650
507
357
202
43
-115
-273
-427
-575
-714
-843
-960
-1064
-1155
-1231
-1292
-1340
-1375
-1398
-1409
-1409
-1400
-1383
-1358
-1326
-1287
-1243
-1192
-1135
-1073
-1005
-931
-851
-766
-677
-585
-491
-398
-306
-218
-136
-62
1
54
96
125
144
152
151
145
134
121
109
99
92
90
92
98
107
119
131
143
153
161
167
170
172
174
177
182
192
209
233
266
309
360
419
484
551
618
680
733
775
800
808
797
765
714
646
562
466
362
253
144
38
-60
-150
-229
-295
-348
-387
-414
-429
-434
-431
-422
-410
-395
-381
-368
-357
-350
-346
-347
-351
-358
-367
-377
-388
-398
-406
-411
-412
-407
-397
-380
-357
-329
-296
-260
-221
-181
-142
-104
-68
-34
-3
26
54
83
112
142
175
210
248
287
328
369
408
443
474
499
516
524
523
513
494
466
430
387
338
286
232
178
124
74
28
-12
-47
-76
-98
-113
-122
-126
-124
-118
-108
-96
-82
-67
-52
-38
-25
-15
-9
-6
-9
-16
-29
-47
-71
-99
-130
-164
-200
-235
-269
-300
-328
-351
-368
-380
-384
-382
-373
-357
-333
-303
-266
-223
-173
-119
-60
0
64
128
190
250
305
353
394
425
446
457
456
444
422
391
351
304
253
198
141
84
27
-26
-77
-124
-167
-204
-236
-261
-280
-292
-298
-298
-292
-280
-265
-245
-224
-201
-177
-155
-133
-113
-95
-80
-66
-54
-43
-31
-18
-3
14
36
60
87
117
147
177
205
229
249
262
269
269
262
250
233
212
190
168
147
129
115
106
102
102
107
116
127
139
151
162
171
178
181
182
179
175
168
160
152
143
135
127
120
113
107
101
94
88
81
73
64
53
41
26
9
-11
-35
-62
-92
-125
-157
-189
-217
-240
-254
-260
-254
-237
-209
-169
-122
-68
-12
41
89
127
151
158
147
116
65
-2
-85
-180
-281
-384
-484
-578
-660
-728
-780
-813
-828
-823
-800
-759
-702
-630
-546
-450
-346
-235
-120
-4
109
218
318
405
477
530
562
571
557
521
463
387
296
194
86
-23
-129
-228
-314
-386
-441
-477
-493
-491
-471
-434
-383
-321
-250
-174
-95
-17
57
126
186
236
274
298
308
303
284
251
206
150
86
18
-50
-116
-175
-224
-259
-277
-276
-257
-219
-165
-97
-20
61
143
220
287
341
380
401
404
391
364
326
282
236
192
156
131
119
123
143
178
226
285
352
422
492
558
618
668
706
732
745
745
734
712
680
640
593
541
484
424
360
294
225
155
84
11
-61
-134
-207
-279
-350
-418
-484
-547
-608
-666
-721
-773
-822
-868
-911
-951
-987
-1019
-1048
-1073
-1095
-1113
-1129
-1142
-1153
-1161
-1167
-1169
-1167
-1160
-1146
-1124
-1093
-1052
-1000
-937
-863
-777
-681
-575
-461
-338
-209
-73
67
211
359
508
657
804
949
1088
1219
1341
1450
1545
1624
1685
1728
1751
1757
1746
1719
1679
1629
1571
1508
1442
1373
1303
1232
1159
1082
1001
912
815
708
592
465
330
188
43
-102
-244
-378
-500
-607
-696
-765
-814
-842
-853
-847
-827
-797
-759
-717
-674
-631
-591
-555
-523
-495
-472
-453
-436
-422
-409
-398
-387
-376
-366
-355
-345
-334
-324
-313
-301
-288
-272
-253
-230
-201
-165
-123
-73
-17
45
112
182
253
323
388
447
497
535
560
568
560
535
493
435
363
278
184
84
-17
-117
-210
-293
-361
-413
-445
-456
-446
-415
-364
-297
-215
-123
-24
76
175
267
349
418
471
505
