-25
109
258
420
590
764
938
1107
1267
1416
1548
1663
1756
1827
1872
1893
1888
1858
1805
1730
1636
1527
1405
1276
1142
1008
876
749
629
518
417
325
243
169
102
40
-17
-73
-129
-186
-245
-308
-374
-444
-518
-594
-674
-754
-833
-910
-982
-1048
-1104
-1150
-1183
-1203
-1208
-1200
-1178
-1143
-1097
-1041
-977
-907
-831
-752
-671
-590
-508
-428
-351
-276
-206
-141
-81
-29
15
52
82
104
120
130
135
137
139
141
145
153
166
185
211
245
287
337
394
457
527
602
680
761
843
924
1001
1074
1140
1195
1238
1266
1277
1268
1236
1182
1104
1000
874
724
555
369
170
-36
-245
-452
-650
-834
-999
-1141
-1256
-1342
-1399
-1426
-1425
-1400
-1353
-1289
-1212
-1126
-1034
-938
-840
-739
-634
-524
-406
-277
-135
21
193
380
582
793
1010
1226
1436
1630
1803
1947
2055
2122
2145
2123
2055
1943
1792
1606
1392
1156
906
648
389
134
-108
-337
-547
-733
-893
-1025
-1126
-1194
-1229
-1231
-1199
-1136
-1044
-927
-788
-634
-470
-301
-135
20
162
283
378
443
474
469
429
353
245
107
-54
-233
-421
-610
-791
-956
-1095
-1203
-1272
-1300
-1284
-1224
-1125
-990
-826
-642
-448
-252
-64
105
250
365
444
487
492
463
401
313
204
81
-48
-179
-304
-419
-518
-600
-662
-703
-725
-729
-716
-690
-652
-607
-556
-503
-450
-400
-355
-317
-288
-270
-263
-268
-285
-313
-349
-392
-438
-481
-517
-542
-551
-541
-509
-455
-379
-283
-171
-47
84
217
347
470
582
682
767
838
896
943
981
1011
1035
1055
1072
1087
1099
1109
1115
1118
1116
1111
1100
1086
1068
1047
1024
1001
979
958
940
926
915
908
903
901
898
893
883
866
838
797
742
670
580
473
350
211
60
-99
-264
-431
-596
-753
-900
-1033
-1149
-1245
-1320
-1374
-1406
-1417
-1409
-1382
-1339
-1283
-1216
-1142
-1064
-985
-908
-838
-777
-727
-692
-672
-668
-682
-710
-753
-807
-869
-935
-1000
-1060
-1110
-1144
-1159
-1152
-1118
-1058
-970
-855
-715
-553
-372
-175
33
250
471
694
914
1129
1336
1530
1709
1870
2008
2121
2204
2254
2269
2247
2185
2085
1946
1773
1567
1336
1086
823
556
293
41
-191
-399
-578
-724
-837
-915
-961
-978
-969
-940
-895
-841
-784
-728
-677
-635
-604
-583
-572
-568
-567
-564
-554
-533
-496
-439
-359
-256
-129
18
185
367
559
756
951
1141
1320
1483
1628
1750
1847
1919
1963
1980
1968
1929
1861
1766
1643
1494
1318
1118
894
648
383
103
-188
-487
-788
-1084
-1369
-1638
-1884
-2101
-2286
-2435
-2546
-2619
-2653
-2650
-2611
-2538
-2432
-2296
-2132
-1940
-1724
-1486
-1229
-958
-677
-394
-115
150
397
615
799
943
1043
1096
1103
1066
988
875
732
569
392
208
26
-148
-310
-455
-580
-684
-766
-826
-866
-886
-890
-877
-849
-807
-751
-680
-593
-491
-371
-233
-78
93
279
476
679
885
1086
1276
1450
1602
1727
1821
1882
1908
1901
1861
1792
1695
1576
1439
1288
1130
968
807
650
502
363
235
117
10
-89
-183
-274
-365
-458
-555
-657
-764
-874
-985
-1094
-1198
-1290
-1367
-1423
-1454
-1455
-1423
-1358
-1256
-1121
-953
-758
-539
-305
-62
181
416
634
828
990
1115
1199
1240
1239
1197
1118
1009
877
729
573
419
272
142
32
-53
-112
-144
-151
-137
-107
-66
-22
17
46
60
55
27
-22
-92
-180
-280
-386
-492
-589
-672
-735
-774
-785
-769
-725
-656
-567
-464
-353
-240
-133
-37
42
103
142
160
157
137
103
59
10
-39
-85
-124
-154
-174
-183
-183
-175
-162
-147
-131
-116
-105
-96
-89
-81
-69
-51
-22
19
77
153
246
355
477
607
739
867
984
1081
1152
1189
1187
1141
1050
913
732
510
255
-25
-321
-621
-914
-1188
-1433
-1639
-1797
-1904
-1956
-1951
-1891
-1780
-1623
-1425
-1195
-941
-673
-397
-124
138
385
609
807
975
1114
1222
1302
1355
1384
1391
1379
1350
1306
1249
1178
1094
999
892
774
645
506
360
206
48
-112
-272
-429
-579
-718
-841
-946
-1028
-1082
-1106
-1096
-1051
-970
-853
-704
-526
-326
-111
110
330
537
723
880
1001
1080
1114
1104
1050
956
828
674
503
323
145
-20
-168
-288
-377
-431
-451
-437
-394
-329
-248
-160
-73
4
66
106
121
110
74
14
-64
-156
-256
-357
-453
-538
-606
-654
-678
-678
-652
-601
-528
-434
-324
-202
-73
57
185
306
415
509
587
648
691
718
733
737
734
729
726
726
733
746
767
793
822
848
868
874
863
827
763
669
542
385
199
-7
-229
-458
-683
-895
-1084
-1243
-1365
-1446
-1486
-1486
-1450
-1384
-1296
-1195
-1090
-988
-897
-822
-766
-730
-711
-709
-717
-731
-744
-752
-748
-730
-692
-634
-554
-453
-332
-193
-38
127
301
479
657
833
1002
1164
1315
1455
1582
1696
1797
1883
1955
2010
2047
2064
2058
2028
1972
1886
1771
1626
1452
1250
1024
776
512
237
-43
-324
-599
-864
-1112
-1340
-1545
-1723
-1873
-1995
-2087
-2150
-2186
-2195
-2180
-2141
-2079
-1998
-1896
-1777
-1641
-1489
-1324
-1148
-964
-774
-584
-396
-215
-45
111
251
374
479
566
638
698
749
794
837
880
927
976
1027
1077
1122
1157
1174
1168
1132
1062
954
808
626
411
172
-84
-345
-601
-838
-1047
-1216
-1338
-1408
-1424
-1386
-1299
-1169
-1005
-819
-620
-422
-235
-68
70
177
248
284
287
262
213
149
75
-1
-74
-139
-191
-228
-248
-252
-241
-216
-180
-135
-83
-26
33
95
158
221
284
346
407
466
523
576
626
672
711
743
767
783
790
788
777
760
737
711
684
658
636
622
616
622
640
671
715
771
835
907
981
1054
1120
1174
1211
1225
1213
1169
1091
977
826
639
420
173
-96
-381
-673
-962
-1241
-1500
-1731
-1929
-2087
-2201
-2270
-2292
-2268
-2199
-2089
-1942
-1763
-1557
-1331
-1090
-841
-588
-336
-91
145
371
583
781
964
1132
1284
1421
1541
1644
1730
1798
1847
1878
1890
1883
1858
1815
1754
1677
1583
1474
1350
1210
1056
887
704
507
296
75
-155
-391
-628
-860
-1082
-1286
-1467
-1618
-1734
-1812
-1850
-1850
-1813
-1745
-1654
-1547
-1434
-1325
-1229
-1153
-1104
-1086
-1100
-1145
-1217
-1309
-1415
-1524
-1629
-1720
-1789
-1828
-1832
-1798
-1723
-1609
-1457
-1271
-1058
-823
-574
-318
-63
183
418
635
831
1005
1157
1287
1398
1495
1579
1656
1730
1803
1879
1959
2043
2130
2217
2301
2376
2438
2480
2496
2483
2437
2353
2232
2073
1878
1651
1396
1119
827
527
226
-66
-346
-605
-839
-1043
-1213
-1349
-1449
-1514
-1546
-1547
-1520
-1469
-1398
-1312
-1217
-1116
-1016
-920
-834
-762
-707
-673
-662
-674
-710
-768
-844
-936
-1036
-1138
-1235
-1321
-1387
-1429
-1442
-1423
-1371
-1287
-1174
-1039
-886
-724
-561
-405
-264
-145
-54
5
33
28
-5
-65
-143
-234
-330
-422
-505
-571
-617
-636
-627
-589
-521
-424
-301
-155
7
183
366
548
725
890
1037
1163
1264
1339
1386
1407
1404
1379
1336
1280
1216
1146
1077
1010
949
896
852
817
792
775
765
760
759
760
762
762
761
757
751
742
731
718
705
693
682
674
668
664
663
662
662
662
661
660
659
658
659
660
663
666
668
666
657
641
612
570
513
441
354
253
142
23
-99
-222
-341
-455
-561
-658
-747
-830
-909
-988
-1070
-1160
-1259
-1369
-1489
-1617
-1749
-1880
-2001
-2106
-2185
-2232
-2240
-2206
-2125
-2000
-1831
-1623
-1382
-1116
-832
-537
-241
50
331
596
843
1068
1269
1445
1595
1719
1817
1888
1931
1946
1933
1891
1820
1720
1591
1437
1259
1062
850
631
411
199
1
-172
-318
-428
-500
-532
-525
-480
-403
-301
-180
-50
79
201
305
384
432
445
420
357
258
126
-33
-213
-406
-603
-795
-974
-1132
-1260
-1353
-1406
-1417
-1385
-1310
-1196
-1047
-870
-673
-463
-250
-42
152
327
478
599
690
750
781
785
767
730
678
617
548
475
400
324
249
174
99
26
-46
-117
-187
-253
-316
-374
-426
-470
-506
-532
-548
-552
-545
-526
-494
-450
-393
-323
-240
-144
-38
77
200
327
452
572
682
774
844
887
899
877
819
724
596
437
253
49
-167
-389
-610
-821
-1017
-1193
-1344
-1468
-1564
-1631
-1672
-1688
-1682
-1657
-1617
-1564
-1500
-1427
-1346
-1258
-1162
-1059
-947
-828
-701
-568
-428
-284
-138
8
152
292
425
549
662
765
855
933
1000
1055
1099
1134
1162
1184
1204
1223
1245
1275
1315
1370
1440
1529
1635
1757
1890
2028
2161
2279
2371
2424
2428
2372
2249
2055
1790
1457
1062
618
136
-366
-875
-1374
-1846
-2277
-2654
-2969
-3212
-3382
-3475
-3494
-3444
-3331
-3164
-2951
-2704
-2433
-2148
-1856
-1566
-1284
-1013
-755
-513
-287
-76
119
302
470
625
765
890
998
1088
1157
1204
1228
1228
1205
1160
1094
1013
919
819
718
621
536
465
414
386
380
398
437
494
566
647
733
817
895
962
1013
1045
1055
1042
1004
942
858
753
630
493
346
193
38
-114
-261
-398
-523
-634
-729
-806
-866
-906
-928
-931
-916
-884
-836
-773
-699
-615
-524
-428
-330
-232
-137
-47
36
111
175
229
270
299
315
319
311
293
264
227
182
130
74
14
-47
-109
-170
-226
-277
-318
-348
-363
-360
-337
-292
-224
-133
-19
113
262
422
586
748
901
1036
1149
1233
1283
1298
1275
1217
1124
1003
857
695
522
346
172
6
-147
-286
-409
-517
-611
-692
-763
-827
-885
-941
-993
-1042
-1087
-1125
-1155
-1173
-1176
-1161
-1128
-1076
-1004
-914
-809
-692
-567
-437
-308
-183
-66
40
134
215
282
338
383
421
455
490
529
575
633
705
792
896
1015
1148
1293
1445
1598
1748
1886
2007
2102
2165
2190
2170
2103
1984
1814
1592
1320
1002
645
254
-161
-591
-1024
-1451
-1858
-2235
-2571
-2857
-3087
-3254
-3355
-3388
-3356
-3260
-3106
-2898
-2645
-2353
-2031
-1688
-1331
-970
-612
-265
63
369
646
891
1099
1269
1400
1492
1545
1563
1547
1500
1426
1330
1214
1084
943
795
644
491
340
192
49
-85
-213
-333
-442
-541
-628
-702
-762
-806
-833
-842
-830
-798
-742
-664
-562
-435
-286
-115
75
283
505
737
973
1209
1439
1658
1862
2045
2204
2335
2436
2505
2541
2541
2506
2436
2330
2189
2015
1809
1576
1318
1041
751
453
155
-135
-415
-676
-916
-1130
-1317
-1478
-1613
-1725
-1817
-1894
-1960
-2019
-2075
-2131
-2188
-2249
-2311
-2376
-2441
-2504
-2563
-2616
-2661
-2697
-2723
-2739
-2745
-2742
-2731
-2714
-2690
-2660
-2622
-2575
-2515
-2439
-2342
-2217
-2061
-1868
-1633
-1355
-1033
-668
-263
177
645
1134
1633
2133
2624
3095
3537
3940
4297
4600
4844
5026
5142
5192
5178
5101
4967
4779
4545
4269
3958
3620
3259
2883
2495
2102
1707
1314
926
545
174
-185
-531
-861
-1174
-1468
-1740
-1989
-2213
-2409
-2578
-2716
-2824
-2901
-2948
-2965
-2955
-2919
-2858
-2777
-2676
-2559
-2428
-2284
-2130
-1966
-1793
-1613
-1426
-1235
-1041
-845
-651
-461
-277
-103
58
206
338
451
546
621
677
713
732
734
722
697
662
619
573
524
476
431
391
357
330
310
297
290
287
287
288
287
284
278
268
254
237
219
202
189
181
182
193
216
252
303
368
447
539
642
755
874
998
1122
1243
1357
1461
1550
1622
1673
1700
1701
1674
1620
1536
1425
1287
1124
939
734
