1521
1440
1334
1206
1058
894
718
532
340
143
-54
-252
-449
-642
-830
-1008
-1175
-1325
-1455
-1561
-1637
-1682
-1691
-1664
-1599
-1500
-1368
-1209
-1027
-830
-625
-420
-221
-36
129
272
389
479
542
582
600
602
592
576
557
540
529
525
529
542
562
588
616
643
667
684
693
691
677
652
616
570
516
457
396
334
274
217
166
121
84
54
32
17
9
8
11
19
31
45
60
74
86
94
94
84
63
26
-25
-96
-184
-290
-412
-546
-690
-838
-985
-1127
-1257
-1372
-1466
-1538
-1585
-1606
-1601
-1571
-1518
-1444
-1351
-1242
-1120
-988
-848
-705
-560
-416
-277
-144
-20
93
195
285
363
428
480
521
551
571
581
581
572
556
533
504
470
434
396
360
328
302
286
280
288
312
350
405
473
554
645
742
842
941
1036
1123
1200
1266
1319
1359
1387
1402
1405
1396
1374
1338
1289
1224
1143
1045
929
796
646
479
298
106
-95
-303
-513
-721
-924
-1119
-1301
-1468
-1618
-1750
-1862
-1955
-2028
-2083
-2120
-2141
-2146
-2136
-2113
-2077
-2030
-1974
-1909
-1838
-1761
-1682
-1599
-1515
-1428
-1339
-1245
-1145
-1035
-915
-779
-628
-458
-271
-68
147
372
599
821
1029
1215
1372
1491
1568
1598
1581
1519
1414
1273
1106
922
733
552
388
252
153
96
83
115
187
295
430
584
745
905
1054
1186
1295
1377
1431
1458
1460
1442
1407
1361
1307
1250
1191
1132
1070
1006
935
855
762
653
527
383
223
49
-131
-316
-495
-662
-810
-931
-1022
-1078
-1097
-1080
-1030
-950
-845
-723
-590
-453
-320
-196
-87
1
66
106
119
105
66
3
-79
-178
-289
-407
-526
-641
-746
-838
-910
-960
-985
-983
-953
-896
-814
-709
-586
-448
-303
-153
-6
132
261
374
468
542
596
628
640
633
611
577
533
485
436
390
351
322
306
303
314
338
373
416
462
506
545
573
587
584
562
524
469
400
323
239
153
68
-12
-89
-161
-230
-297
-365
-437
-515
-601
-696
-800
-913
-1031
-1152
-1270
-1381
-1480
-1561
-1622
-1658
-1667
-1648
-1601
-1527
-1428
-1306
-1165
-1008
-838
-660
-476
-290
-105
74
249
414
568
711
840
954
1055
1141
1214
1277
1330
1377
1421
1464
1511
1561
1618
1680
1746
1814
1881
1943
1994
2031
2048
2043
2012
1954
1868
1756
1620
1463
1290
1104
911
716
522
335
157
-10
-166
-311
-446
-573
-695
-815
-936
-1060
-1188
-1321
-1457
-1595
-1730
-1858
-1973
-2071
-2147
-2196
-2217
-2207
-2168
-2101
-2012
-1904
-1783
-1655
-1525
-1400
-1282
-1175
-1080
-996
-922
-857
-795
-734
-671
-601
-523
-435
-338
-233
-121
-7
106
216
320
414
497
570
632
686
734
779
823
870
922
982
1050
1128
1215
1311
1413
1521
1631
1740
1843
1938
2019
2082
2122
2137
2120
2070
1983
1857
1692
1487
1245
969
662
330
-19
-378
-738
-1090
-1425
-1734
-2007
-2240
-2424
-2555
-2632
-2652
-2617
-2529
-2392
-2212
-1996
-1751
-1485
-1207
-924
-645
-375
-121
111
321
505
661
790
892
970
1025
1059
1073
1071
1052
1017
968
903
823
728
619
498
368
231
94
-37
-158
-263
-346
-403
-431
-429
-398
-341
-262
-167
-61
48
156
255
341
408
454
477
476
450
401
331
240
133
12
-119
-258
-400
-541
-677
-803
-916
-1012
-1088
-1140
-1166
-1166
-1139
-1088
-1015
-922
-816
-701
-582
-463
-349
-242
-144
-56
23
94
160
221
281
340
400
462
526
593
660
729
797
864
928
988
1043
1091
1132
1163
1185
1195
1193
1180
1154
1117
1069
1011
944
872
794
713
629
545
460
375
288
199
108
13
-84
-184
-287
-391
-493
-592
-686
-773
-850
-917
-973
-1018
-1053
-1079
-1097
-1108
-1115
-1116
-1114
-1107
-1097
-1081
-1059
-1029
-991
-944
-887
-819
-740
-651
-552
-445
-330
-210
-87
37
162
284
403
519
631
738
842
942
1038
1131
1217
1298
1369
1431
1482
1519
1543
1554
1551
1536
1511
1476
1433
1384
1328
1266
1198
1124
1042
951
852
743
624
497
360
217
69
-82
-234
-384
-530
-669
-798
-915
-1018
-1107
-1181
-1240
-1284
-1314
-1332
-1339
-1337
-1325
-1305
-1277
-1240
-1195
-1139
-1073
-997
-910
-814
-710
-600
-487
-373
-263
-159
-66
12
72
112
127
114
74
4
-95
-222
-376
-552
-745
-950
-1161
-1368
-1564
-1742
-1893
-2011
-2088
-2119
-2102
-2035
-1917
-1750
-1538
-1286
-1001
-689
-360
-22
314
642
952
1237
1492
1711
1893
2035
2141
2210
2248
2259
2248
2220
2179
2131
2077
2020
1960
1896
1828
1753
1668
1571
1461
1335
1193
1037
868
688
501
310
121
-63
-238
-400
-545
-672
-778
-862
-924
-966
-987
-992
-982
-961
-932
-898
-862
-827
-795
-769
-748
-735
-728
-728
-733
-744
-758
-775
-792
-809
-825
-838
-846
-851
-850
-844
-832
-813
-786
-751
-706
-649
-577
-490
-384
-257
-109
61
252
463
689
925
1166
1404
1632
1844
2031
2190
2313
2398
2442
2443
2400
2316
2190
2025
1825
1594
1336
1057
763
461
158
-139
-424
-690
-931
-1141
-1317
-1458
-1562
-1631
-1667
-1675
-1659
-1624
-1575
-1517
-1454
-1388
-1320
-1251
-1180
-1103
-1020
-927
-821
-702
-567
-418
-255
-81
100
285
468
644
808
954
1079
1178
1250
1293
1308
1296
1260
1202
1128
1040
944
843
740
638
538
441
346
253
162
71
-19
-109
-197
-282
-362
-435
-498
-549
-586
-607
-612
-601
-572
-528
-469
-397
-312
-217
-115
-6
105
217
328
434
533
623
700
764
813
844
857
852
828
784
723
645
551
445
328
205
79
-47
-170
-289
-400
-502
-595
-678
-751
-814
-868
-912
-948
-975
-993
-1003
-1007
-1005
-1000
-995
-992
-994
-1005
-1027
-1062
-1111
-1173
-1247
-1330
-1419
-1508
-1590
-1661
-1714
-1743
-1742
-1707
-1636
-1526
-1376
-1189
-966
-710
-428
-124
194
521
849
1170
1478
1766
2029
2262
2461
2623
2744
2825
2863
2859
2814
2730
2610
2458
2279
2078
1863
1637
1408
1181
959
747
547
360
186
24
-124
-264
-395
-521
-641
-757
-869
-976
-1078
-1171
-1255
-1327
-1383
-1423
-1444
-1446
-1430
-1395
-1343
-1277
-1199
-1112
-1018
-920
-821
-721
-623
-527
-434
-345
-260
-179
-103
-32
31
88
139
182
219
249
274
294
311
326
339
351
363
374
384
394
402
408
411
410
405
393
374
346
308
259
198
126
43
-49
-148
-252
-357
-460
-557
-647
-726
-793
-848
-890
-921
-940
-949
-947
-936
-916
-884
-841
-785
-714
-627
-523
-403
-268
-118
42
210
380
549
712
863
1000
1119
1218
1297
1356
1396
1419
1427
1424
1412
1391
1365
1333
1296
1254
1204
1146
1079
1002
913
813
701
579
447
306
160
11
-139
-288
-432
-569
-695
-808
-907
-990
-1055
-1103
-1134
-1149
-1147
-1131
-1102
-1060
-1006
-943
-870
-788
-699
-603
-503
-398
-292
-186
-82
15
106
187
254
305
339
354
348
323
279
219
146
63
-24
-113
-196
-271
-332
-376
-401
-405
-388
-350
-292
-218
-130
-31
74
183
291
396
496
587
670
743
806
861
907
947
980
1009
1035
1057
1077
1094
1110
1122
1132
1139
1143
1143
1139
1133
1122
1107
1089
1066
1038
1005
965
919
863
798
720
629
523
401
262
107
-63
-246
-440
-639
-839
-1033
-1216
-1381
-1524
-1639
-1723
-1773
-1790
-1773
-1726
-1650
-1550
-1431
-1298
-1156
-1011
-867
-728
-598
-479
-374
-285
-213
-157
-117
-93
-83
-87
-101
-123
-152
-185
-219
-252
-282
-307
-327
-340
-346
-346
-340
-330
-316
-302
-288
-275
-264
-255
-248
-241
-232
-220
-203
-180
-148
-108
-60
-5
54
115
175
230
277
313
335
341
332
307
268
217
158
93
26
-38
-99
-153
-198
-231
-253
-262
-257
-237
-203
-153
-88
-6
91
206
338
485
647
824
1012
1209
1412
1617
1820
2015
2198
2361
2501
2612
2689
2729
2730
2691
2611
2493
2338
2150
1933
1690
1425
1142
843
531
210
-117
-448
-781
-1109
-1429
-1735
-2022
-2281
-2509
-2697
-2840
-2936
-2981
-2975
-2920
-2820
-2682
-2514
-2324
-2123
-1923
-1734
-1566
-1429
-1329
-1273
-1261
-1296
-1374
-1489
-1636
-1805
-1986
-2169
-2343
-2498
-2626
-2717
-2766
-2767
-2717
-2614
-2459
-2253
-2001
-1707
-1378
-1020
-643
-254
137
525
901
1257
1589
1891
2158
2388
2577
2725
2830
2893
2914
2894
2836
2741
2613
2455
2272
2067
1847
1616
1381
1147
921
710
519
352
216
113
45
13
17
55
123
217
333
463
603
745
885
1016
1135
1237
1321
1384
1424
1443
1440
1417
1374
1313
1234
1140
1032
911
778
634
481
321
154
-15
-187
-359
-527
-689
-843
-985
-1114
-1226
-1320
-1393
-1445
-1473
-1476
-1455
-1410
-1341
-1249
-1138
-1010
-869
-720
-566
-415
-270
-138
-24
67
133
170
175
149
92
5
-106
-237
-383
-535
-686
-827
-949
-1046
-1111
-1138
-1123
-1066
-966
-826
-651
-447
-220
19
264
504
732
939
1118
1264
1373
1441
1467
1450
1391
1293
1157
990
795
579
348
110
-127
-358
-575
-772
-943
-1086
-1196
-1273
-1316
-1326
-1305
-1256
-1182
-1086
-973
-847
-710
-566
-416
-264
-110
45
200
355
508
658
805
946
1081
1207
1323
1427
1517
1592
1651
1694
1720
1730
1724
1702
1667
1620
1561
1493
1419
1339
1257
1174
1092
1013
939
870
809
755
709
670
637
610
586
563
539
512
480
439
388
323
244
149
36
-94
-243
-407
-584
-772
-965
-1160
-1350
-1530
-1697
-1844
-1968
-2067
-2139
-2182
-2197
-2184
-2144
-2080
-1992
-1883
-1755
-1611
-1452
-1280
-1099
-910
-716
-521
-327
-138
42
209
361
491
598
676
724
739
722
672
591
483
351
200
36
-134
-305
-469
-620
-751
-857
-933
-974
-979
-947
-879
-776
-644
-488
-315
-132
53
234
403
556
688
796
876
930
957
959
939
899
843
774
697
615
532
450
373
302
240
187
144
112
91
81
80
88
105
128
157
192
230
272
315
359
403
443
479
507
524
527
514
481
427
352
255
140
8
-135
-285
-437
-583
-719
-837
-933
-1003
-1043
-1053
-1032
-982
-906
-806
-689
-559
-422
-282
-145
-13
110
223
325
415
492
557
611
654
686
707
718
718
708
687
656
617
571
520
467
414
365
322
289
267
257
260
275
300
333
369
406
438
463
477
478
464
437
395
343
282
216
149
82
20
-35
-85
-129
-168
-204
-241
-279
-321
-370
-426
-489
-557
-630
-703
-775
-843
-902
-950
-985
-1006
-1012
-1004
-981
-947
-904
-854
-800
-747
-697
-654
-620
-599
-593
-601
-626
-665
-716
-778
-846
-915
-982
-1042
-1089
-1121
-1133
-1125
-1094
-1041
-967
-871
-757
-627
-482
-324
-156
18
199
383
568
750
926
1094
1249
1390
1513
1616
1697
1757
1794
1810
1807
1785
1747
1695
1631
1556
1472
1381
1283
1180
1073
964
854
744
636
534
437
349
270
203
147
103
71
50
40
40
47
61
79
98
115
128
132
126
105
69
15
-54
-139
-236
-343
-454
-564
-667
-760
-836
-893
-929
-943
-936
-909
-867
-811
-747
-679
-611
-544
-482
-426
-375
-329
-286
-245
-204
-161
-114
-63
-8
48
107
165
219
268
310
344
370
387
398
404
409
414
421
434
451
474
501
529
556
577
590
589
571
532
470
384
274
140
-15
-188
-374
-568
-765
-958
-1143
-1313
-1465
-1594
-1698
-1777
-1828
