-291
-275
-255
-229
-200
-168
-134
-99
-66
-35
-9
11
24
31
29
21
5
-15
-41
-68
-97
-123
-146
-164
-176
-180
-177
-167
-149
-126
-97
-65
-30
4
40
75
109
141
170
198
223
246
266
284
300
313
323
330
332
330
322
308
287
258
221
176
121
59
-9
-85
-165
-248
-331
-412
-488
-556
-613
-657
-685
-695
-686
-657
-610
-545
-465
-372
-270
-163
-55
49
148
237
315
380
432
470
497
513
521
524
524
524
525
529
536
548
563
580
598
614
627
634
634
625
605
573
530
473
405
325
234
135
29
-81
-192
-301
-405
-501
-584
-653
-706
-740
-756
-754
-734
-698
-650
-592
-528
-462
-396
-335
-280
-235
-201
-178
-165
-162
-168
-180
-195
-212
-228
-241
-248
-250
-244
-231
-211
-184
-151
-113
-71
-26
18
63
108
150
188
223
253
277
296
309
316
317
313
305
293
279
263
247
233
221
211
206
204
206
211
218
226
232
237
237
231
218
197
166
126
77
20
-42
-109
-179
-247
-310
-366
-411
-443
-460
-460
-443
-410
-362
-302
-233
-157
-81
-6
61
120
167
200
217
220
209
184
150
107
60
11
-37
-82
-121
-153
-176
-189
-193
-187
-172
-149
-120
-85
-47
-6
35
76
115
152
185
214
239
259
274
285
293
296
296
292
285
274
260
242
220
194
165
131
95
55
13
-28
-71
-114
-154
-191
-224
-251
-273
-288
-296
-296
-288
-274
-251
-222
-187
-146
-102
-54
-7
39
81
118
146
163
167
159
136
100
53
-3
-65
-130
-193
-249
-294
-325
-339
-333
-307
-261
-198
-119
-28
68
168
266
357
436
502
550
579
589
579
549
502
439
363
275
180
80
-21
-124
-224
-319
-407
-486
-554
-608
-647
-669
-673
-658
-623
-569
-496
-408
-307
-197
-82
33
143
245
333
403
453
481
486
467
427
366
290
201
104
4
-94
-185
-266
-333
-384
-417
-431
-428
-409
-376
-333
-280
-223
-163
-103
-44
9
58
101
137
166
190
207
220
230
238
246
254
265
279
295
315
337
361
387
413
437
459
477
490
495
492
479
455
419
372
312
243
164
78
-9
-98
-182
-259
-324
-374
-407
-422
-417
-396
-358
-309
-252
-192
-135
-84
-46
-23
-18
-35
-72
-129
-203
-293
-393
-500
-607
-709
-803
-884
-948
-993
-1018
-1022
-1006
-972
-920
-853
-774
-684
-586
-481
-371
-256
-136
-14
112
241
373
506
639
771
898
1019
1130
1229
1313
1380
1428
1456
1463
1451
1419
1369
1304
1224
1131
1029
919
802
682
560
439
320
208
102
7
-76
-146
-204
-247
-277
-296
-303
-303
-297
-288
-280
-274
-275
-285
-305
-338
-385
-445
-520
-607
-705
-810
-921
-1032
-1142
-1246
-1341
-1423
-1489
-1537
-1564
-1568
-1548
-1502
-1429
-1330
-1204
-1052
-876
-679
-464
-234
5
250
495
735
964
1179
1373
1544
1687
1799
1879
1925
1937
1913
1857
1770
1655
1517
1361
1191
1013
834
658
491
336
197
76
-25
-108
-172
-220
-253
-276
-291
-302
-313
-325
-343
-368
-400
-441
-488
-540
-596
-652
-705
-752
-791
-820
-837
-842
-835
-818
-791
-756
-717
-675
-632
-591
-554
-522
-495
-474
-460
-451
-447
-447
-450
-453
-456
-457
-453
-445
-430
-407
-376
-336
-288
-231
-168
-98
-23
54
133
214
296
376
457
537
618
698
779
861
943
1024
1105
1184
1259
1330
1393
1449
1493
1526
1546
1551
1540
1514
1472
1415
1343
1259
1163
1057
945
827
705
581
456
331
204
76
-54
-188
-328
-473
-624
-780
-940
-1102
-1261
-1415
-1558
-1685
-1792
-1875
-1929
-1953
-1943
-1900
-1825
-1722
-1592
-1442
-1278
-1106
-931
-762
-602
-458
-332
-227
-144
-83
-43
-21
-15
-21
-36
-56
-78
-100
-117
-129
-134
-131
-120
-101
-75
-41
-2
40
87
136
187
240
292
346
401
457
514
572
633
694
757
820
882
942
998
1049
1093
1127
1152
1164
1163
1148
1117
1072
1011
937
850
752
645
530
410
286
161
36
-85
-202
-314
-418
-512
-595
-666
-723
-765
-793
-805
-803
-786
-757
-717
-667
-610
-548
-484
-419
-357
-300
-249
-207
-173
-150
-136
-131
-134
-144
-157
-174
-190
-206
-217
-225
-227
-223
-214
-199
-181
-159
-135
-111
-87
-64
-43
-25
-10
2
12
19
24
28
30
31
31
30
30
29
29
30
33
37
45
55
69
86
106
130
156
184
213
242
270
296
319
337
350
356
355
346
328
302
270
231
187
141
95
49
6
-32
-65
-92
-112
-126
-135
-139
-139
-137
-135
-135
-137
-143
-153
-169
-191
-217
-246
-277
-307
-334
-354
-365
-365
-351
-322
-277
-216
-141
-54
42
146
253
358
459
550
630
695
742
771
781
771
742
697
637
565
485
400
314
231
156
91
41
7
-8
-4
16
55
108
172
244
320
394
464
524
572
605
619
615
590
545
481
400
304
195
77
-46
-173
-300
-423
-541
-650
-749
-836
-910
-969
-1014
-1043
-1056
-1055
-1040
-1011
-969
-914
-848
-772
-686
-592
-491
-385
-275
-164
-54
53
156
252
339
415
479
531
570
595
607
607
595
572
540
499
451
397
338
274
206
136
63
-12
-88
-166
-245
-325
-403
-480
-555
-625
-688
-744
-789
-823
-844
-850
-841
-817
-779
-726
-660
-584
-499
-407
-311
-212
-113
-16
77
168
254
334
410
480
546
607
664
717
766
810
849
883
910
931
943
945
938
919
890
849
799
739
673
602
529
457
388
325
270
223
185
156
134
116
101
85
65
38
0
-48
-111
-188
-279
-382
-497
-619
-748
-878
-1008
-1133
-1251
-1359
-1453
-1531
-1590
-1630
-1647
-1639
-1606
-1546
-1457
-1341
-1195
-1023
-824
-602
-360
-104
162
432
700
958
1201
1422
1615
1776
1901
1988
2036
2044
2014
1947
1848
1719
1566
1394
1207
1011
812
616
427
250
89
-52
-174
-275
-356
-418
-465
-500
-528
-553
-578
-607
-643
-685
-733
-786
-843
-898
-950
-996
-1031
-1055
-1064
-1059
-1040
-1006
-961
-905
-842
-775
-707
-640
-578
-522
-472
-430
-396
-366
-340
-315
-289
-258
-221
-177
-124
-63
3
74
147
218
283
340
387
422
444
454
454
445
430
411
391
373
359
351
350
357
372
394
423
457
495
535
576
616
654
689
721
749
776
800
825
851
880
912
949
990
1033
1078
1121
1161
1192
1212
1217
1205
1174
1122
1049
958
849
726
592
453
310
170
34
-94
-213
-322
-422
-513
-597
-675
-748
-820
-889
-956
-1021
-1082
-1136
-1179
-1210
-1225
-1220
-1193
-1145
-1076
-987
-883
-770
-652
-539
-437
-353
-294
-264
-268
-307
-381
-488
-624
-782
-956
-1137
-1317
-1485
-1632
-1750
-1832
-1872
-1865
-1809
-1703
-1549
-1348
-1105
-824
-511
-171
187
558
934
1305
1663
1998
2299
2557
2762
2904
2975
2970
2884
2715
2465
2135
1734
1271
756
204
-367
-943
-1504
-2034
-2516
-2933
-3275
-3532
-3696
-3766
-3743
-3630
-3435
-3167
-2838
-2459
-2044
-1606
-1158
-710
-274
141
530
887
1208
1491
1736
1944
2117
2255
2363
2441
2493
2518
2519
2494
2444
2367
2263
2131
1973
1790
1583
1357
1118
869
620
375
144
-67
-253
-407
-525
-604
-642
-640
-597
-519
-408
-272
-116
50
221
388
544
681
794
878
928
944
923
865
773
646
490
307
103
-117
-349
-586
-822
-1051
-1266
-1464
-1637
-1784
-1899
-1981
-2029
-2042
-2021
-1969
-1886
-1778
-1646
-1497
-1334
-1161
-983
-804
-628
-458
-297
-147
-11
109
214
303
377
435
480
514
540
561
580
599
622
649
681
716
753
789
821
847
862
866
856
831
794
745
686
622
557
494
439
394
363
348
351
369
402
445
495
546
592
628
650
653
636
597
538
461
371
272
171
75
-10
-78
-125
-146
-138
-100
-35
56
169
299
440
584
724
855
971
1065
1135
1177
1189
1171
1123
1046
944
818
672
510
336
155
-28
-211
-388
-555
-708
-844
-961
-1054
-1123
-1167
-1184
-1175
-1142
-1085
-1009
-917
-813
-703
-593
-487
-392
-312
-250
-208
-188
-187
-204
-235
-274
-316
-355
-387
-405
-408
-394
-362
-313
-251
-179
-102
-26
43
103
148
175
184
172
142
96
37
-30
-101
-172
-238
-296
-341
-374
-393
-400
-395
-382
-363
-342
-322
-306
-296
-295
-304
-323
-352
-391
-438
-493
-552
-613
-674
-730
-778
-814
-836
-841
-825
-787
-726
-642
-535
-408
-263
-102
69
250
434
617
796
966
1123
1262
1381
1476
1545
1585
1595
1575
1525
1447
1343
1217
1071
911
742
569
396
230
73
-68
-194
-302
-390
-459
-510
-545
-566
-575
-575
-568
-556
-541
-523
-502
-478
-451
-420
-384
-343
-298
-250
-198
-144
-90
-37
12
58
98
131
157
174
183
184
176
160
137
107
71
30
-15
-64
-115
-168
-223
-278
-333
-388
-442
-495
-544
-590
-630
-663
-686
-698
-696
-678
-642
-587
-513
-420
-310
-186
-51
90
233
373
506
626
729
813
875
914
930
922
895
848
787
714
633
548
461
376
295
220
152
92
40
-3
-40
-72
-98
-120
-140
-157
-172
-186
-199
-209
-216
-220
-220
-214
-203
-185
-160
-129
-91
-47
1
55
110
166
220
270
312
345
367
374
367
344
306
253
187
110
24
-66
-161
-256
-348
-435
-515
-585
-644
-689
-721
-736
-736
-720
-689
-643
-582
-510
-426
-333
-230
-121
-5
116
243
373
507
643
779
912
1040
1160
1268
1361
1433
1480
1501
1491
1448
1371
1262
1122
953
762
553
334
112
-105
-312
-502
-669
-810
-922
-1006
-1062
-1093
-1101
-1092
-1068
-1034
-994
-951
-907
-864
-822
-782
-743
-704
-663
-620
-574
-524
-469
-410
-347
-279
-209
-137
-64
9
83
156
228
300
370
438
503
565
622
672
714
745
764
769
760
735
696
644
581
510
435
361
291
231
183
151
137
142
165
205
258
322
391
459
521
572
607
621
612
580
523
445
348
236
115
-10
-134
-251
-358
-451
-528
-588
-631
-659
-673
-676
-671
-660
-646
-630
-615
-602
-591
-584
-581
-585
-596
-617
-650
-696
-757
-835
-928
-1037
-1159
-1289
-1423
-1553
-1672
-1771
-1841
-1873
-1860
-1794
-1672
-1493
-1256
-967
-631
-259
138
549
960
1357
1728
2062
2351
2586
2763
2881
2937
2934
2874
2761
2600
2396
2155
1881
1580
1259
924
579
231
-112
-447
-768
-1068
-1343
-1589
-1803
-1983
-2129
-2239
-2316
-2360
-2374
-2360
-2321
-2259
-2175
-2073
-1953
-1816
-1662
-1492
-1305
-1101
-880
-643
-392
-128
142
417
689
952
1197
1419
1611
1767
1884
1959
1993
1987
1945
1870
1770
1650
1515
1373
1227
1082
940
804
675
553
437
327
220
117
15
-86
-187
-287
-384
-476
-560
-632
-687
-722
-732
-715
-668
-591
-485
-353
-199
-28
152
336
515
682
830
953
1045
1103
1123
1106
1051
960
836
682
504
305
90
-135
-368
-604
-839
-1070
-1294
-1507
-1706
-1888
-2048
-2183
-2287
-2356
-2387
-2376
-2322
-2224
-2084
-1904
-1690
-1446
-1181
-903
-620
-339
-70
182
412
618
797
950
1080
1191
1286
1371
1452
1534
1620
1714
1817
1929
2048
2171
2293
2409
2511
