-124
-34
47
118
176
220
249
264
265
252
228
193
151
104
54
5
-39
-78
-108
-126
-131
-120
-93
-50
6
77
159
248
342
435
525
607
679
735
776
798
802
787
754
705
643
569
488
402
314
227
144
68
0
-55
-100
-132
-151
-156
-147
-126
-94
-53
-4
48
103
156
204
244
273
288
287
270
237
188
125
51
-30
-115
-201
-282
-356
-419
-469
-504
-524
-529
-519
-496
-462
-420
-373
-322
-270
-219
-170
-124
-82
-44
-10
19
45
68
88
105
121
136
151
167
187
210
240
275
316
364
416
472
529
585
637
684
724
755
776
787
788
779
762
738
709
677
643
609
575
543
511
481
450
417
380
337
286
226
155
73
-20
-125
-239
-359
-483
-609
-732
-848
-955
-1050
-1130
-1192
-1236
-1260
-1264
-1249
-1215
-1165
-1101
-1025
-941
-850
-757
-662
-568
-475
-384
-293
-201
-105
-5
103
221
349
487
634
787
942
1097
1246
1383
1504
1603
1675
1715
1720
1686
1612
1497
1341
1147
917
655
367
60
-258
-582
-903
-1212
-1501
-1763
-1990
-2176
-2314
-2400
-2431
-2406
-2323
-2186
-1998
-1765
-1493
-1192
-873
-544
-218
94
384
643
863
1039
1168
1250
1286
1279
1235
1159
1060
946
824
702
586
484
400
337
297
280
286
311
352
405
464
523
577
621
650
662
653
622
570
496
402
289
160
17
-137
-303
-477
-658
-844
-1034
-1227
-1420
-1612
-1800
-1979
-2145
-2293
-2416
-2508
-2565
-2579
-2548
-2469
-2341
-2166
-1947
-1690
-1401
-1088
-762
-431
-104
210
505
776
1017
1227
1404
1549
1664
1751
1813
1852
1873
1878
1870
1850
1819
1779
1728
1667
1594
1508
1407
1293
1163
1020
864
699
527
353
180
15
-139
-280
-403
-505
-587
-646
-684
-704
-706
-696
-675
-649
-621
-594
-572
-555
-545
-542
-544
-551
-560
-568
-573
-572
-563
-544
-515
-476
-428
-373
-311
-247
-182
-118
-59
-6
37
72
95
106
106
93
71
39
1
-41
-85
-129
-169
-203
-229
-246
-253
-249
-235
-212
-179
-140
-95
-46
5
57
108
157
203
245
283
316
345
370
393
415
437
462
489
521
558
601
649
702
758
816
873
928
978
1021
1054
1075
1082
1075
1052
1012
956
883
797
697
587
470
348
226
106
-7
-112
-204
-282
-343
-387
-412
-418
-407
-379
-336
-280
-214
-140
-64
13
88
158
220
273
316
347
368
377
377
368
352
331
305
277
247
216
185
153
120
85
47
7
-37
-85
-138
-193
-251
-308
-363
-413
-456
-487
-506
-511
-500
-473
-431
-377
-312
-241
-167
-96
-29
26
70
99
112
108
88
55
10
-43
-101
-161
-218
-269
-312
-344
-364
-372
-367
-350
-324
-290
-251
-207
-162
-117
-73
-32
5
41
73
103
132
159
185
211
236
260
283
304
322
337
347
352
352
347
336
321
302
281
258
234
212
190
171
152
135
116
96
72
43
7
-35
-86
-145
-210
-280
-354
-429
-504
-574
-640
-697
-745
-782
-808
-821
-821
-809
-786
-753
-710
-661
-606
-548
-488
-427
-367
-310
-256
-207
-163
-125
-93
-68
-49
-37
-30
-29
-31
-36
-42
-47
-51
-51
-47
-37
-20
4
35
73
116
163
213
262
310
354
393
425
449
465
473
472
462
445
420
387
346
297
240
175
102
23
-62
-150
-240
-327
-408
-480
-539
-582
-607
-613
-599
-567
-517
-453
-377
-295
-208
-121
-37
41
112
174
226
267
299
321
333
337
330
315
291
256
212
159
96
25
-51
-131
-212
-290
-360
-418
-459
-479
-477
-450
-398
-322
-225
-109
19
156
296
433
562
678
777
857
915
949
961
949
918
867
801
724
637
547
455
366
284
209
145
94
54
26
10
3
3
8
15
20
22
17
3
-21
-57
-105
-164
-234
-313
-397
-485
-574
-659
-738
-807
-865
-908
-936
-947
-941
-918
-879
-826
-758
-679
-590
-493
-389
-280
-169
-59
48
152
247
333
406
467
514
546
566
574
572
563
549
533
517
502
491
484
482
485
493
504
518
533
547
558
564
564
556
538
510
472
423
365
297
221
137
46
-50
-151
-255
-360
-465
-565
-659
-744
-817
-876
-919
-945
-954
-947
-924
-888
-841
-784
-720
-652
-581
-509
-437
-366
-298
-231
-168
-108
-51
1
50
95
136
174
210
243
276
310
347
389
438
496
564
645
738
842
957
1079
1204
1327
1442
1543
1623
1676
1697
1682
1628
1535
1404
1236
1037
811
567
309
47
-212
-464
-702
-922
-1120
-1294
-1443
-1567
-1666
-1742
-1795
-1826
-1837
-1829
-1802
-1757
-1694
-1614
-1517
-1405
-1277
-1137
-988
-831
-672
-515
-365
-226
-104
-2
75
127
152
151
126
81
19
-53
-131
-208
-279
-338
-382
-407
-411
-392
-352
-292
-214
-122
-19
89
200
309
410
501
578
638
679
700
701
681
643
587
517
437
351
263
179
105
44
2
-17
-11
20
78
162
269
394
534
681
831
977
1113
1234
1335
1414
1468
1496
1497
1473
1425
1354
1263
1153
1029
890
741
583
420
252
83
-83
-246
-402
-548
-681
-799
-900
-981
-1042
-1081
-1099
-1096
-1073
-1032
-976
-907
-829
-745
-659
-573
-493
-420
-357
-305
-265
-238
-221
-213
-211
-212
-212
-209
-200
-181
-152
-113
-64
-6
55
120
183
241
289
326
348
355
347
323
287
239
183
121
56
-10
-75
-139
-198
-253
-301
-343
-376
-399
-412
-413
-401
-376
-338
-287
-224
-152
-73
8
89
166
235
292
334
358
364
352
322
276
218
150
76
1
-71
-137
-194
-238
-268
-282
-279
-260
-223
-171
-106
-28
57
150
246
343
436
523
602
670
725
766
794
808
809
797
775
742
701
652
595
531
459
379
290
193
89
-22
-140
-261
-383
-501
-613
-713
-798
-865
-909
-930
-925
-894
-839
-761
-662
-546
-417
-279
-135
9
151
288
416
532
636
724
795
850
886
904
904
887
853
803
739
661
573
476
371
262
150
38
-72
-179
-282
-380
-471
-556
-633
-704
-768
-824
-874
-917
-952
-979
-999
-1009
-1010
-1001
-982
-954
-916
-870
-815
-754
-687
-615
-541
-465
-388
-311
-235
-160
-87
-15
54
123
190
255
318
377
433
485
530
568
598
617
627
626
614
592
561
523
479
432
384
336
291
249
212
180
152
129
109
91
76
61
48
35
23
13
4
0
0
6
20
42
72
111
158
212
272
334
398
460
517
568
611
643
663
669
662
640
605
555
492
417
332
238
137
32
-75
-182
-287
-387
-480
-563
-636
-697
-745
-780
-801
-809
-805
-788
-761
-723
-677
-623
-563
-499
-432
-363
-294
-227
-163
-103
-48
0
41
76
103
124
139
149
156
161
165
170
178
187
200
215
231
248
264
277
286
288
283
271
250
221
186
146
102
57
13
-28
-65
-97
-121
-139
-148
-151
-148
-140
-129
-115
-101
-87
-76
-67
-63
-62
-67
-77
-93
-113
-139
-169
-203
-241
-280
-321
-361
-400
-435
-465
-487
-502
-506
-499
-480
-448
-404
-348
-281
-206
-123
-35
53
141
225
303
373
431
478
512
533
543
541
530
511
486
457
425
390
356
320
284
248
212
175
137
98
60
22
-12
-45
-72
-94
-109
-117
-117
-110
-96
-77
-53
-27
-1
23
44
61
72
75
72
62
45
22
-5
-36
-69
-103
-137
-169
-199
-227
-251
-271
-287
-299
-306
-309
-306
-299
-288
-272
-253
-231
-206
-180
-153
-125
-97
-69
-42
-16
7
29
48
64
77
85
90
90
86
78
67
55
41
27
14
3
-4
-10
-12
-12
-9
-3
3
11
20
29
37
45
52
58
65
72
81
92
104
120
138
158
180
203
225
247
266
284
298
309
318
324
329
332
336
339
341
343
343
340
334
322
303
277
242
198
145
85
17
-55
-131
-208
-283
-353
-416
-469
-512
-543
-560
-565
-556
-536
-505
-464
-415
-360
-301
-239
-176
-113
-52
4
57
105
145
179
205
223
233
235
230
218
199
176
148
117
84
49
14
-20
-53
-84
-113
-138
-159
-176
-189
-198
-202
-202
-197
-189
-178
-163
-146
-128
-107
-85
-63
-39
-15
8
33
57
82
105
128
149
167
183
195
204
209
211
209
204
197
189
180
172
166
162
162
165
172
183
197
214
233
252
272
290
306
319
328
333
334
330
321
307
287
263
234
201
162
120
74
24
-27
-81
-136
-192
-246
-298
-347
-393
-434
-470
-500
-523
-540
-550
-553
-549
-538
-521
-499
-473
-442
-410
-375
-340
-306
-272
-240
-209
-180
-153
-127
-102
-78
-54
-31
-8
14
38
61
85
110
134
159
184
208
232
255
276
294
310
323
332
338
340
337
331
322
310
297
281
265
249
233
219
206
194
184
174
165
156
145
132
117
100
80
57
33
8
-15
-37
-56
-70
-79
-82
-78
-67
-49
-25
3
36
73
112
151
189
226
259
289
313
332
345
350
348
338
319
292
256
212
161
103
39
-27
-97
-168
-237
-303
-364
-419
-465
-502
-528
-544
-548
-542
-525
-499
-466
-425
-380
-331
-280
-229
-178
-130
-86
-45
-9
21
47
67
82
92
96
96
90
81
68
53
36
17
0
-16
-31
-42
-50
-52
-49
-41
-28
-9
14
42
72
104
136
165
189
207
217
216
202
176
136
82
14
-64
-153
-249
-350
-452
-552
-646
-730
-801
-857
-896
-915
-914
-893
-854
-797
-726
-643
-551
-454
-354
-254
-157
-63
23
105
179
248
310
366
418
465
508
548
584
616
642
662
675
680
675
661
636
600
554
500
438
371
300
229
160
96
39
-9
-46
-72
-85
-87
-78
-59
-32
0
34
70
105
137
164
186
201
210
212
208
199
184
164
140
113
82
47
8
-35
-86
-145
-213
-291
-381
-483
-596
-719
-850
-986
-1122
-1254
-1377
-1484
-1572
-1636
-1673
-1679
-1654
-1598
-1513
-1400
-1264
-1107
-935
-751
-560
-365
-169
22
210
390
560
720
867
1000
1118
1220
1305
1371
1419
1447
1457
1448
1422
1380
1325
1258
1182
1101
1015
930
845
764
689
619
556
501
453
411
377
348
325
307
293
282
274
267
262
256
249
240
229
213
194
169
140
107
69
26
-18
-65
-114
-162
-210
-255
-296
-333
-363
-387
-404
-413
-414
-408
-395
-377
-353
-327
-299
-271
-243
-219
-197
-180
-166
-157
-150
-146
-143
-140
-134
-125
-110
-89
-61
-24
20
72
132
196
264
332
397
457
508
547
571
579
568
539
492
428
349
258
159
56
-47
-148
-241
-324
-394
-449
-488
-512
-521
-516
-498
-470
-433
-391
-345
-297
-249
-202
-157
-115
-76
-40
-7
24
55
87
120
156
194
234
276
319
361
402
438
469
493
507
512
506
490
464
428
383
330
272
209
143
77
12
-51
-110
-165
-215
-259
-297
-329
-355
-375
-390
-400
-405
-406
-402
-393
-380
-362
-339
