334
358
364
352
322
276
218
150
76
1
-71
-137
-194
-238
-268
-282
-279
-260
-223
-171
-106
-28
57
150
246
343
436
523
602
670
725
766
794
808
809
797
775
742
701
652
595
531
459
379
290
193
89
-22
-140
-261
-383
-501
-613
-713
-798
-865
-909
-930
-925
-894
-839
-761
-662
-546
-417
-279
-135
9
151
288
416
532
636
724
795
850
886
904
904
887
853
803
739
661
573
476
371
262
150
38
-72
-179
-282
-380
-471
-556
-633
-704
-768
-824
-874
-917
-952
-979
-999
-1009
-1010
-1001
-982
-954
-916
-870
-815
-754
-687
-615
-541
-465
-388
-311
-235
-160
-87
-15
54
123
190
255
318
377
433
485
530
568
598
617
627
626
614
592
561
523
479
432
384
336
291
249
212
180
152
129
109
91
76
61
48
35
23
13
4
0
0
6
20
42
72
111
158
212
272
334
398
460
517
568
611
643
663
669
662
640
605
555
492
417
332
238
137
32
-75
-182
-287
-387
-480
-563
-636
-697
-745
-780
-801
-809
-805
-788
-761
-723
-677
-623
-563
-499
-432
-363
-294
-227
-163
-103
-48
0
41
76
103
124
139
149
156
161
165
170
178
187
200
215
231
248
264
277
286
288
283
271
250
221
186
146
102
57
13
-28
-65
-97
-121
-139
-148
-151
-148
-140
-129
-115
-101
-87
-76
-67
-63
-62
-67
-77
-93
-113
-139
-169
-203
-241
-280
-321
-361
-400
-435
-465
-487
-502
-506
-499
-480
-448
-404
-348
-281
-206
-123
-35
53
141
225
303
373
431
478
512
533
543
541
530
511
486
457
425
390
356
320
284
248
212
175
137
98
60
22
-12
-45
-72
-94
-109
-117
-117
-110
-96
-77
-53
-27
-1
23
44
61
72
75
72
62
45
22
-5
-36
-69
-103
-137
-169
-199
-227
-251
-271
-287
-299
-306
-309
-306
-299
-288
-272
-253
-231
-206
-180
-153
-125
-97
-69
-42
-16
7
29
48
64
77
85
90
90
86
78
67
55
41
27
14
3
-4
-10
-12
-12
-9
-3
3
11
20
29
37
45
52
58
65
72
81
92
104
120
138
158
180
203
225
247
266
284
298
309
318
324
329
332
336
339
341
343
343
340
334
322
303
277
242
198
145
85
17
-55
-131
-208
-283
-353
-416
-469
-512
-543
-560
-565
-556
-536
-505
-464
-415
-360
-301
-239
-176
-113
-52
4
57
105
145
179
205
223
233
235
230
218
199
176
148
117
84
49
14
-20
-53
-84
-113
-138
-159
-176
-189
-198
-202
-202
-197
-189
-178
-163
-146
-128
-107
-85
-63
-39
-15
8
33
57
82
105
128
149
167
183
195
204
209
211
209
204
197
189
180
172
166
162
162
165
172
183
197
214
233
252
272
290
306
319
328
333
334
330
321
307
287
263
234
201
162
120
74
24
-27
-81
-136
-192
-246
-298
-347
-393
-434
-470
-500
-523
-540
-550
-553
-549
-538
-521
-499
-473
-442
-410
-375
-340
-306
-272
-240
-209
-180
-153
-127
-102
-78
-54
-31
-8
14
38
61
85
110
134
159
184
208
232
255
276
294
310
323
332
338
340
337
331
322
310
297
281
265
249
233
219
206
194
184
174
165
156
145
132
117
100
80
57
33
8
-15
-37
-56
-70
-79
-82
-78
-67
-49
-25
3
36
73
112
151
189
226
259
289
313
332
345
350
348
338
319
292
256
212
161
103
39
-27
-97
-168
-237
-303
-364
-419
-465
-502
-528
-544
-548
-542
-525
-499
-466
-425
-380
-331
-280
-229
-178
-130
-86
-45
-9
21
47
67
82
92
96
96
90
81
68
53
36
17
0
-16
-31
-42
-50
-52
-49
-41
-28
-9
14
42
72
104
136
165
189
207
217
216
202
176
136
82
14
-64
-153
-249
-350
-452
-552
-646
-730
-801
-857
-896
-915
-914
-893
-854
-797
-726
-643
-551
-454
-354
-254
-157
-63
23
105
179
248
310
366
418
465
508
548
584
616
642
662
675
680
675
661
636
600
554
500
438
371
300
229
160
96
39
-9
-46
-72
-85
-87
-78
-59
-32
0
34
70
105
137
164
186
201
210
212
208
199
184
164
140
113
82
47
8
-35
-86
-145
-213
-291
-381
-483
-596
-719
-850
-986
-1122
-1254
-1377
-1484
-1572
-1636
-1673
-1679
-1654
-1598
-1513
-1400
-1264
-1107
-935
-751
-560
-365
-169
22
210
390
560
720
867
1000
1118
1220
1305
1371
1419
1447
1457
1448
1422
1380
1325
1258
1182
1101
1015
930
845
764
689
619
556
501
453
411
377
348
325
307
293
282
274
267
262
256
249
240
229
213
194
169
140
107
69
26
-18
-65
-114
-162
-210
-255
-296
-333
-363
-387
-404
-413
-414
-408
-395
-377
-353
-327
-299
-271
-243
-219
-197
-180
-166
-157
-150
-146
-143
-140
-134
-125
-110
-89
-61
-24
20
72
132
196
264
332
397
457
508
547
571
579
568
539
492
428
349
258
159
56
-47
-148
-241
-324
-394
-449
-488
-512
-521
-516
-498
-470
-433
-391
-345
-297
-249
-202
-157
-115
-76
-40
-7
24
55
87
120
156
194
234
276
319
361
402
438
469
493
507
512
506
490
464
428
383
330
272
209
143
77
12
-51
-110
-165
-215
-259
-297
-329
-355
-375
-390
-400
-405
-406
-402
-393
-380
-362
-339
-311
-278
-241
-201
-157
-111
-63
-16
30
74
115
152
184
210
229
242
249
248
241
228
210
187
160
129
96
59
21
-18
-60
-102
-145
-186
-226
-262
-295
-322
-342
-356
-363
-363
-357
-344
-326
-304
-279
-252
-224
-197
-170
-145
-121
-100
-80
-62
-45
-30
-16
-3
7
16
22
26
27
25
20
12
1
-11
-25
-40
-54
-67
-78
-85
-88
-87
-81
-71
-57
-40
-21
0
20
39
56
69
78
82
81
74
62
45
25
0
-26
-55
-85
-114
-143
-170
-193
-213
-229
-241
-247
-249
-246
-239
-228
-214
-197
-178
-157
-135
-112
-89
-65
-41
-17
5
28
50
71
91
110
127
144
158
172
184
195
204
213
220
226
231
235
238
241
242
243
242
241
239
236
232
226
220
212
203
193
181
169
157
143
130
116
103
89
75
61
47
33
17
2
-14
-32
-51
-70
-90
-111
-132
-153
-173
-193
-210
-225
-238
-247
-254
-257
-256
-252
-244
-234
-221
-207
-192
-176
-161
-147
-134
-122
-111
-100
-91
-81
-70
-57
-43
-27
-9
9
31
53
75
96
116
133
147
158
164
167
165
160
152
141
129
116
104
92
83
75
70
67
66
67
69
71
73
74
74
71
67
61
52
42
30
17
5
-6
-17
-26
-32
-35
-34
-28
-18
-3
14
37
62
89
117
145
170
194
213
227
237
240
237
228
213
194
170
142
113
82
52
22
-4
-28
-48
-64
-76
-84
-87
-87
-83
-77
-68
-57
-46
-34
-23
-13
-5
0
3
3
1
-3
-10
-19
-29
-40
-51
-60
-68
-74
-76
-76
-71
-64
-53
-40
-26
-11
3
15
26
33
36
34
29
20
8
-6
-22
-38
-54
-68
-79
-87
-92
-93
-90
-83
-74
-62
-49
-35
-23
-12
-4
0
0
-4
-14
-28
-47
-69
-93
-118
-142
-163
-181
-192
-197
-194
-181
-160
-130
-93
-48
1
54
109
164
216
264
307
343
371
393
406
412
410
401
386
366
340
309
275
236
195
152
107
61
14
-31
-77
-122
-164
-205
-243
-279
-312
-343
-371
-397
-421
-442
-461
-477
-490
-500
-505
-505
-499
-487
-469
-444
-412
-373
-329
-280
-228
-174
-119
-66
-16
29
69
102
127
144
154
156
152
142
127
109
89
68
47
27
8
-8
-23
-36
-46
-55
-61
-64
-66
-66
-64
-59
-53
-45
-34
-21
-6
11
31
54
78
104
132
160
189
218
247
274
300
323
344
362
377
389
396
399
398
392
381
365
344
319
290
257
221
183
144
104
64
25
-12
-48
-81
-110
-137
-159
-178
-193
-204
-212
-218
-221
-222
-222
-220
-217
-214
-209
-204
-198
-192
-186
-180
-173
-167
-161
-155
-149
-144
-138
-132
-125
-118
-109
-100
-90
-79
-66
-52
-36
-19
-1
17
38
59
81
104
126
147
168
188
205
221
234
245
252
257
259
259
256
252
246
240
233
227
220
215
210
207
204
202
200
199
198
197
195
192
189
184
177
168
157
144
128
110
90
68
44
18
-7
-34
-61
-87
-113
-137
-159
-179
-196
-210
-222
-231
-237
-241
-242
-242
-239
-234
-226
-215
-201
-182
-159
-131
-98
-61
-21
21
64
106
145
178
204
222
229
226
212
188
154
114
67
18
-32
-81
-126
-166
-199
-225
-243
-254
-258
-257
-251
-242
-232
-221
-210
-200
-192
-185
-178
-173
-166
-159
-150
-138
-123
-105
-82
-57
-27
4
39
75
112
149
184
217
247
273
294
310
319
322
318
308
292
270
244
213
181
146
112
79
48
20
-3
-23
-38
-49
-55
-57
-56
-52
-45
-37
-29
-21
-14
-9
-6
-7
-11
-18
-30
-44
-62
-82
-104
-127
-150
-172
-193
-211
-226
-237
-245
-248
-248
-243
-235
-224
-210
-195
-178
-160
-141
-122
-103
-84
-65
-45
-25
-4
16
38
60
81
103
123
141
157
170
180
184
185
180
170
156
136
113
87
58
28
-1
-31
-59
-85
-107
-125
-139
-148
-152
-152
-147
-139
-127
-112
-96
-78
-60
-43
-26
-12
0
9
14
16
14
8
-1
-14
-30
-49
-68
-88
-106
-122
-134
-142
-144
-139
-128
-111
-89
-62
-31
0
32
63
92
117
137
152
162
166
166
161
152
140
125
108
90
71
52
34
17
1
-13
-25
-34
-41
-44
-44
-41
-34
-24
-11
3
19
35
50
63
73
79
81
79
72
61
47
30
11
-8
-27
-46
-63
-77
-89
-99
-105
-107
-107
-103
-96
-85
-73
-57
-40
-20
0
20
41
62
82
101
117
130
140
145
146
142
133
118
98
74
46
15
-17
-51
-85
-119
-150
-178
-202
-223
-238
-248
-253
-254
-250
-242
-231
-217
-201
-184
-166
-149
-131
-114
-98
-83
-69
-55
-41
-27
-12
4
23
44
68
94
122
152
183
215
246
275
302
326
346
362
372
378
377
372
361
346
326
304
278
251
224
197
171
147
125
106
91
78
69
63
59
58
58
59
61
64
66
67
67
66
64
61
57
52
48
44
41
39
39
40
43
47
51
56
59
61
60
57
49
37
20
-1
-28
-58
-92
-127
-164
-199
-233
-263
-289
-310
-326
-337
-342
-343
-341
-336
-330
-323
-316
-309
-303
-298
-294
-289
-284
-277
-267
-255
-238
-217
-191
-161
-127
-90
-49
-8
34
76
116
154
189
221
250
274
295
313
327
338
346
352
