63
63
65
70
77
86
95
103
111
116
119
119
114
106
93
76
55
31
4
-24
-53
-83
-111
-137
-159
-178
-193
-203
-208
-209
-206
-199
-188
-174
-158
-140
-121
-102
-82
-62
-44
-26
-10
3
15
24
32
37
40
40
39
36
31
24
17
8
0
-10
-20
-30
-38
-46
-51
-54
-53
-50
-43
-34
-21
-7
9
26
43
59
74
86
95
102
105
106
103
98
90
81
70
59
47
36
26
17
11
6
5
6
9
16
24
34
46
58
70
82
93
101
107
110
110
106
99
88
73
55
35
12
-12
-37
-64
-89
-114
-138
-159
-177
-192
-203
-209
-212
-210
-204
-194
-182
-167
-151
-134
-117
-102
-89
-79
-72
-68
-68
-71
-77
-86
-96
-107
-118
-128
-135
-141
-143
-141
-136
-127
-116
-102
-87
-72
-57
-43
-32
-23
-18
-16
-18
-23
-31
-42
-54
-67
-81
-93
-104
-113
-118
-120
-117
-111
-99
-83
-64
-40
-14
15
46
80
116
152
190
228
266
303
339
372
402
429
449
464
471
470
460
441
412
374
326
271
208
140
68
-4
-76
-145
-208
-263
-309
-344
-368
-380
-380
-369
-348
-320
-285
-247
-208
-168
-131
-98
-70
-47
-30
-18
-10
-7
-6
-7
-9
-10
-10
-8
-4
2
11
23
36
52
68
85
102
117
132
145
155
164
171
175
178
179
179
177
174
170
165
159
153
146
139
132
126
121
116
113
110
108
107
105
103
100
96
89
80
69
55
39
21
1
-21
-45
-70
-97
-125
-153
-181
-209
-237
-263
-288
-311
-331
-348
-360
-368
-371
-368
-358
-342
-319
-289
-253
-213
-167
-119
-69
-19
29
76
118
155
186
210
228
238
242
240
233
222
210
195
181
167
155
144
136
130
125
122
121
120
119
118
116
114
110
106
100
93
85
76
65
55
43
31
18
5
-7
-21
-34
-46
-58
-69
-78
-86
-92
-96
-97
-97
-94
-90
-84
-77
-68
-59
-49
-38
-27
-16
-5
4
14
24
33
40
46
50
52
51
49
43
36
27
16
3
-8
-21
-33
-43
-51
-56
-58
-55
-48
-36
-21
-1
21
47
75
102
129
154
175
192
202
206
201
189
168
140
105
64
19
-28
-78
-127
-175
-219
-258
-292
-320
-340
-353
-358
-356
-347
-330
-307
-278
-244
-205
-163
-118
-70
-22
27
76
124
171
215
257
296
331
362
389
411
428
440
446
448
443
433
417
396
368
335
295
250
200
146
87
26
-36
-98
-160
-218
-272
-320
-360
-393
-416
-430
-434
-429
-414
-391
-362
-327
-288
-247
-206
-167
-130
-97
-69
-46
-28
-15
-5
0
5
9
14
21
29
39
52
65
79
91
101
105
104
96
80
55
22
-17
-65
-118
-175
-236
-298
-360
-421
-479
-534
-584
-628
-665
-694
-715
-727
-729
-720
-700
-668
-624
-569
-503
-426
-341
-249
-154
-56
39
131
217
293
358
410
450
476
489
491
482
464
440
411
380
348
316
287
261
238
220
205
195
189
187
187
189
193
198
203
207
212
215
218
219
220
221
221
220
220
219
218
216
213
209
203
194
183
168
149
126
98
66
31
-7
-48
-90
-132
-173
-210
-243
-270
-289
-301
-304
-299
-285
-264
-237
-204
-168
-131
-94
-59
-26
0
23
40
52
60
63
63
61
59
56
54
54
56
61
68
77
86
96
104
109
111
109
102
90
74
54
31
7
-17
-41
-63
-81
-96
-106
-112
-114
-111
-105
-95
-84
-71
-58
-45
-33
-23
-16
-11
-8
-8
-10
-13
-17
-20
-22
-23
-20
-13
-2
13
34
62
95
134
178
226
279
334
389
445
499
550
596
637
672
700
720
732
735
728
711
684
647
598
540
471
393
307
214
117
18
-80
-175
-265
-347
-417
-474
-515
-540
-548
-540
-515
-476
-424
-364
-297
-226
-156
-90
-29
22
63
92
109
113
105
85
56
18
-24
-72
-121
-170
-216
-258
-294
-324
-346
-361
-367
-366
-358
-344
-325
-303
-279
-253
-229
-206
-186
-169
-155
-144
-137
-131
-127
-123
-118
-112
-105
-95
-83
-70
-56
-43
-31
-22
-17
-17
-22
-32
-49
-71
-98
-128
-160
-193
-225
-254
-279
-298
-310
-314
-310
-298
-278
-251
-218
-180
-139
-95
-52
-9
31
69
103
132
156
175
189
199
205
209
211
214
219
228
240
259
284
316
354
400
452
508
568
629
690
747
799
841
872
888
887
869
832
776
704
617
518
409
296
182
69
-37
-137
-227
-306
-375
-432
-480
-519
-550
-576
-598
-618
-635
-651
-666
-680
-690
-698
-700
-696
-684
-665
-637
-601
-557
-506
-450
-391
-330
-271
-214
-162
-117
-78
-47
-24
-9
0
3
3
1
-2
-5
-6
-5
-2
3
12
23
35
47
59
70
79
87
92
94
95
95
95
95
96
99
105
114
126
141
157
175
192
209
222
232
238
239
234
225
211
193
172
150
127
105
85
68
56
48
45
48
55
67
82
100
119
138
155
169
180
185
186
180
169
152
128
100
66
27
-14
-59
-107
-155
-203
-249
-291
-329
-361
-385
-402
-410
-409
-400
-383
-359
-329
-294
-256
-216
-175
-136
-98
-62
-30
-1
25
48
69
88
105
120
134
147
159
170
180
190
199
206
213
220
225
230
234
238
240
242
243
242
240
237
232
225
215
204
190
173
155
135
113
91
68
46
24
4
-14
-32
-49
-66
-82
-100
-118
-138
-160
-184
-208
-232
-256
-279
-298
-313
-324
-329
-328
-322
-312
-298
-281
-263
-246
-231
-218
-209
-202
-199
-197
-196
-194
-188
-177
-159
-133
-99
-55
-4
52
113
176
238
295
345
385
414
431
434
424
403
372
333
291
246
203
164
130
105
89
82
85
95
112
133
157
180
201
218
229
232
228
216
197
172
142
110
77
44
14
-12
-35
-53
-66
-76
-82
-87
-91
-96
-103
-113
-125
-140
-157
-175
-192
-209
-222
-231
-234
-231
-221
-205
-182
-155
-123
-88
-52
-17
15
44
69
87
99
104
102
93
78
57
30
-1
-37
-76
-119
-164
-210
-256
-302
-346
-387
-424
-455
-479
-494
-501
-497
-483
-458
-423
-380
-329
-273
-213
-153
-95
-42
4
41
69
86
91
86
71
49
20
-11
-44
-75
-101
-120
-131
-131
-119
-97
-64
-22
27
83
141
198
253
303
344
376
398
408
407
396
376
350
319
286
254
224
200
182
173
173
184
204
235
274
321
374
430
487
543
593
637
671
693
701
695
673
635
582
515
436
346
248
145
39
-66
-169
-268
-359
-441
-513
-573
-622
-660
-686
-702
-708
-706
-698
-685
-667
-648
-627
-607
-587
-570
-554
-540
-528
-518
-508
-498
-486
-471
-452
-428
-398
-361
-317
-266
-208
-144
-74
0
75
152
229
304
375
440
499
550
593
625
648
660
661
651
631
601
562
515
462
403
342
279
216
155
97
44
-4
-49
-88
-123
-153
-178
-198
-214
-225
-230
-230
-223
-209
-188
-160
-125
-83
-35
18
75
136
197
257
315
369
417
458
490
513
526
527
518
497
465
423
371
311
243
170
93
14
-63
-138
-208
-271
-324
-367
-397
-415
-420
-412
-391
-358
-314
-262
-203
-138
-71
-4
61
123
180
229
269
299
318
327
325
313
292
264
230
192
152
112
74
39
9
-16
-36
-52
-65
-77
-89
-102
-120
-143
-172
-208
-249
-295
-343
-392
-438
-478
-511
-532
-541
-535
-515
-480
-431
-371
-301
-226
-147
-69
4
71
128
172
202
217
217
201
171
128
74
12
-55
-126
-196
-263
-325
-378
-423
-456
-478
-490
-490
-481
-465
-442
-415
-386
-356
-326
-297
-269
-243
-216
-188
-159
-126
-88
-45
4
59
121
188
260
333
408
481
551
617
677
729
774
811
840
860
872
876
873
863
846
823
794
759
717
668
613
551
483
409
329
245
157
68
-20
-108
-193
-272
-345
-410
-467
-515
-554
-583
-603
-615
-618
-614
-604
-588
-568
-544
-518
-492
-466
-443
-423
-407
-396
-391
-391
-397
-406
-419
-435
-451
-466
-478
-487
-491
-488
-480
-464
-443
-416
-386
-354
-321
-289
-261
-236
-216
-201
-189
-180
-173
-165
-154
-139
-119
-91
-56
-13
35
91
151
214
277
339
397
449
495
531
558
576
584
583
574
558
536
509
480
448
416
384
353
325
300
279
262
251
244
242
245
251
260
271
283
294
304
312
318
321
322
322
320
318
318
318
322
329
339
353
370
388
406
422
432
436
430
412
380
335
277
206
126
38
-53
-145
-232
-313
-383
-441
-484
-512
-524
-522
-507
-481
-447
-407
-363
-320
-279
-244
-215
-196
-185
-185
-194
-212
-237
-267
-300
-333
-364
-388
-405
-412
-406
-388
-356
-313
-258
-195
-126
-55
15
82
142
193
233
262
278
283
278
262
239
209
173
135
93
51
9
-32
-71
-107
-140
-167
-188
-202
-207
-204
-190
-166
-131
-86
-31
32
102
177
253
328
398
460
511
549
573
581
574
552
517
470
414
351
284
215
146
79
14
-46
-102
-152
-196
-234
-264
-287
-302
-309
-307
-298
-280
-255
-223
-186
-145
-102
-59
-20
13
39
55
58
48
24
-12
-62
-123
-191
-264
-339
-410
-476
-532
-577
-607
-622
-622
-606
-576
-533
-479
-416
-346
-271
-193
-114
-35
41
116
190
261
330
399
466
535
604
675
748
822
897
971
1043
1109
1169
1218
1255
1277
1281
1265
1228
1169
1087
983
856
709
544
363
170
-30
-235
-441
-642
-835
-1016
-1181
-1328
-1453
-1555
-1631
-1681
-1704
-1700
-1669
-1613
-1534
-1433
-1313
-1179
-1033
-880
-723
-568
-417
-277
-149
-39
51
119
162
181
173
142
87
13
-77
-180
-291
-405
-517
-623
-718
-800
-864
-908
-929
-926
-896
-840
-756
-646
-510
-351
-172
24
233
449
669
885
1093
1288
1466
1621
1751
1855
1929
1976
1993
1985
1951
1895
1820
1728
1623
1508
1386
1258
1128
997
867
739
613
490
370
253
139
29
-79
-185
-290
-394
-496
-597
-695
-791
-884
-971
-1052
-1125
-1189
-1243
-1285
-1315
-1332
-1336
-1327
-1306
-1274
-1231
-1180
-1121
-1056
-987
-916
-844
-772
-701
-632
-566
-501
-439
-378
-317
-255
-191
-123
-52
22
101
185
271
358
445
531
611
686
752
808
853
884
902
905
893
866
825
771
705
628
544
453
359
264
170
81
-2
-77
-143
-198
-242
-274
-295
-306
-307
-298
-282
-259
-229
-193
-154
-110
-63
-13
37
87
137
184
226
262
289
308
316
314
302
281
252
218
183
148
119
98
87
91
109
143
193
257
333
417
506
595
680
757
821
869
899
908
897
864
811
739
649
544
426
297
159
15
-133
-285
-438
-589
-737
-879
-1013
-1136
-1246
-1340
-1414
-1468
-1498
-1504
-1484
-1438
-1368
