944
944
944
943
943
943
943
943
943
943
943
942
942
942
942
942
942
942
941
941
941
941
941
941
941
940
940
940
940
940
940
940
939
939
939
939
939
939
939
938
938
938
938
938
938
938
937
937
937
937
937
937
936
936
936
936
936
936
936
935
935
935
935
935
935
935
934
934
934
934
934
934
933
933
933
933
933
933
933
932
932
932
932
932
932
931
931
931
931
931
931
930
930
930
930
930
930
929
929
929
929
929
929
929
928
928
928
928
928
928
927
927
927
927
927
927
926
926
926
926
926
926
925
925
925
925
925
925
924
924
924
924
924
924
923
923
923
923
923
922
922
922
922
922
922
921
921
921
921
921
921
920
920
920
920
920
919
919
919
919
919
919
918
918
918
918
918
918
917
917
917
917
917
916
916
916
916
916
916
915
915
915
915
915
914
914
914
914
914
913
913
913
913
913
913
912
912
912
912
912
911
911
911
911
911
910
910
910
910
910
910
909
909
909
909
909
908
908
908
908
908
907
907
907
907
907
906
906
906
906
906
905
905
905
905
905
904
904
904
904
904
903
903
903
903
903
902
902
902
902
902
901
901
901
901
901
900
900
900
900
900
899
899
899
899
899
898
898
898
898
898
897
897
897
897
897
896
896
896
896
895
895
895
895
895
894
894
894
894
894
893
893
893
893
893
892
892
892
892
891
891
891
891
891
890
890
890
890
889
889
889
889
889
888
888
888
888
888
887
887
887
887
886
886
886
886
886
885
885
885
885
884
884
884
884
884
883
883
883
883
882
882
882
882
882
881
881
881
881
880
880
880
880
880
879
879
879
879
878
878
878
878
877
877
877
877
877
876
876
876
876
875
875
875
875
874
874
874
874
874
873
873
873
873
872
872
872
872
871
871
871
871
870
870
870
870
870
869
869
869
869
868
868
868
868
867
867
867
867
866
866
866
866
865
865
865
865
864
864
864
864
864
863
863
863
863
862
862
862
862
861
861
861
861
860
860
860
860
859
859
859
859
858
858
858
858
857
857
857
857
856
856
856
856
855
855
855
855
854
854
854
854
853
853
853
853
852
852
852
852
851
851
851
851
850
850
850
850
849
849
849
849
848
848
848
848
847
847
847
847
846
846
846
845
845
845
845
844
844
844
844
843
843
843
843
842
842
842
842
841
841
841
841
840
840
840
839
839
839
839
838
838
838
838
837
837
837
837
836
836
836
836
835
835
835
834
834
834
834
833
833
833
833
832
832
832
832
831
831
831
830
830
830
830
829
829
829
829
828
828
828
827
827
827
827
826
826
826
826
825
825
825
824
824
824
824
823
823
823
823
822
822
822
821
821
821
821
820
820
820
820
819
819
819
818
818
818
818
817
817
817
816
816
816
816
815
815
815
814
814
814
814
813
813
813
813
812
812
812
811
811
811
811
810
810
810
809
809
809
809
808
808
808
807
807
807
807
806
806
806
805
805
805
805
804
804
804
803
803
803
803
802
802
802
801
801
801
801
800
800
800
799
799
799
799
798
798
798
797
797
797
796
796
796
796
795
795
795
794
794
794
794
793
793
793
792
792
792
791
791
791
791
790
790
790
789
789
789
789
788
788
788
787
787
787
786
786
786
786
785
785
785
784
784
784
783
783
783
783
782
782
782
781
781
781
781
780
780
780
779
779
779
778
778
778
777
777
777
777
776
776
776
775
775
775
774
774
774
774
773
773
773
772
772
772
771
771
771
771
770
770
770
769
769
769
768
768
768
767
767
767
767
766
766
766
765
765
765
764
764
764
763
763
763
763
762
762
762
761
761
761
760
760
760
759
759
759
759
758
758
758
757
757
757
756
756
756
755
755
755
754
754
754
754
753
753
753
752
752
752
751
751
751
750
750
750
749
749
749
749
748
748
748
747
747
747
746
746
746
745
745
745
744
744
744
744
743
743
743
742
742
742
741
741
741
740
740
740
739
739
739
738
738
738
737
737
737
737
736
736
736
735
735
735
734
734
734
733
733
733
732
732
732
731
731
731
730
730
730
729
729
729
729
728
728
728
727
727
727
726
726
726
725
725
725
724
724
724
723
723
723
722
722
722
721
721
721
720
720
720
719
719
719
718
718
718
718
717
717
717
716
716
716
715
715
715
714
714
714
713
713
713
712
712
712
711
711
711
710
710
710
709
709
709
708
708
708
707
707
707
706
706
706
705
705
705
704
704
704
703
703
703
702
702
702
701
701
701
700
700
700
699
699
699
699
698
698
698
697
697
697
696
696
696
695
695
695
694
694
694
693
693
693
692
692
692
691
691
691
690
690
690
689
689
689
688
688
688
687
687
687
686
686
686
685
685
685
684
684
684
683
683
683
682
682
682
681
681
681
680
680
680
679
679
679
678
678
678
677
677
677
676
676
676
675
675
675
674
674
673
673
673
672
672
672
671
671
671
670
670
670
669
669
669
668
668
668
667
667
667
666
666
666
665
665
665
664
664
664
663
663
663
662
662
662
661
661
661
660
660
660
659
659
659
658
658
658
657
657
657
656
656
656
655
655
655
654
654
654
653
653
653
652
652
652
651
651
651
650
650
649
649
649
648
648
648
647
647
647
646
646
646
645
645
645
644
644
644
643
643
643
642
642
642
641
641
641
640
640
640
639
639
639
638
638
638
637
637
637
636
636
636
635
635
635
634
634
633
633
633
632
632
632
631
631
631
630
630
630
629
629
629
628
628
628
627
627
627
626
626
626
625
625
625
624
624
624
623
623
623
622
622
621
621
621
620
620
620
619
619
619
618
618
618
617
617
617
616
616
616
615
615
615
614
614
614
613
613
613
612
612
612
611
611
611
610
610
609
609
609
608
608
608
607
607
607
606
606
606
605
605
605
604
604
604
603
603
603
602
602
602
601
601
601
600
600
600
599
599
598
598
598
597
597
597
596
596
596
595
595
595
594
594
594
593
593
593
592
592
592
591
591
591
590
590
590
589
589
589
588
588
587
587
587
586
586
586
585
585
585
584
584
584
583
583
583
582
582
582
581
581
581
580
580
580
579
579
579
578
578
578
577
577
576
576
576
575
575
575
574
574
574
573
573
573
572
572
572
571
571
571
570
570
570
569
569
569
568
568
568
567
567
567
566
566
566
565
565
564
564
564
563
563
563
562
562
562
561
561
561
560
560
560
559
559
559
558
558
558
557
557
557
556
556
556
555
555
555
554
554
554
553
553
552
552
552
551
551
551
550
550
550
549
549
549
548
548
548
547
547
547
546
546
546
545
545
545
544
544
544
543
543
543
542
542
542
541
541
541
540
540
539
539
539
538
538
538
537
537
537
536
536
536
535
535
535
534
534
534
533
533
533
532
532
532
531
531
531
530
530
530
529
529
529
528
528
528
527
527
527
526
526
526
525
525
525
524
524
523
523
523
522
522
522
521
521
521
520
520
520
519
519
519
518
518
518
517
517
517
516
516
516
515
515
515
514
514
514
513
513
513
512
512
512
511
511
511
510
510
510
509
509
509
508
508
508
507
507
507
506
506
506
505
505
505
504
504
504
503
503
503
502
502
502
501
501
501
500
500
500
499
499
499
498
498
498
497
497
497
496
496
496
495
495
494
494
494
493
493
493
492
492
492
491
491
491
490
490
490
489
489
489
488
488
488
487
487
487
486
486
486
485
485
485
484
484
484
483
483
483
482
482
482
482
481
481
481
480
480
480
479
479
479
478
478
478
477
477
477
476
476
476
475
475
475
474
474
474
473
473
473
472
472
472
471
471
471
470
470
470
469
469
469
468
468
468
467
467
467
466
466
466
465
465
465
464
464
464
463
463
463
462
462
462
461
461
461
460
460
460
459
459
459
458
458
458
457
457
457
457
456
456
456
455
455
455
454
454
454
453
453
453
452
452
452
451
451
451
450
450
450
449
449
449
448
448
448
447
447
447
446
446
446
445
445
445
445
444
444
444
443
443
443
442
442
442
441
441
441
440
440
440
439
439
439
438
438
438
437
437
437
436
436
436
436
435
435
435
434
434
434
433
433
433
432
432
432
431
431
431
430
430
430
429
429
429
429
428
428
428
427
427
427
426
426
426
425
425
425
424
424
424
423
423
423
423
422
422
422
421
421
421
420
420
420
419
419
419
418
418
418
417
417
417
417
416
416
416
415
415
415
414
414
414
413
413
413
412
412
412
412
411
411
411
410
410
410
409
409
409
408
408
408
408
407
407
407
406
406
406
405
405
405
404
404
404
403
403
403
403
402
402
402
401
401
401
400
400
400
399
399
399
399
398
398
398
397
397
397
396
396
396
396
395
395
395
394
394
394
393
393
393
392
392
392
392
391
391
391
390
390
390
389
389
389
389
388
388
388
387
387
387
386
386
386
386
385
385
385
384
384
384
383
383
383
383
382
382
382
381
381
381
380
380
380
380
379
379
379
378
378
378
377
377
377
377
376
376
376
375
375
375
374
374
374
374
373
373
373
372
372
372
372
371
371
371
370
370
370
369
369
369
369
368
368
368
367
367
367
367
366
366
366
365
365
365
364
364
364
364
