-454
-325
-187
-45
98
239
374
500
617
721
814
894
962
1019
1064
1099
1122
1135
1135
1122
1096
1054
996
923
834
730
612
483
346
204
61
-78
-213
-339
-454
-557
-647
-723
-788
-842
-888
-927
-961
-991
-1017
-1038
-1054
-1061
-1058
-1042
-1010
-962
-896
-813
-715
-603
-482
-356
-230
-109
2
98
177
233
267
277
264
231
180
116
43
-31
-103
-168
-220
-257
-275
-275
-256
-219
-167
-103
-29
49
131
213
291
364
430
488
537
577
607
627
637
637
628
610
583
548
507
460
409
355
301
247
197
151
112
80
57
44
41
49
65
90
121
157
196
235
271
304
331
350
361
364
356
340
314
280
238
189
135
77
17
-42
-101
-158
-209
-254
-293
-323
-345
-359
-366
-365
-358
-345
-329
-309
-287
-264
-240
-216
-193
-170
-149
-128
-109
-92
-76
-62
-50
-40
-31
-25
-21
-18
-16
-15
-15
-14
-11
-8
-2
5
16
28
43
59
75
92
108
123
135
146
153
158
160
159
157
152
146
140
134
129
125
124
125
129
136
146
158
173
190
208
228
248
268
288
308
327
345
363
379
394
408
420
430
437
441
442
438
430
415
394
365
329
284
231
171
103
30
-46
-126
-205
-281
-351
-415
-470
-514
-547
-570
-583
-588
-587
-583
-579
-578
-582
-594
-616
-647
-687
-737
-793
-853
-913
-970
-1021
-1062
-1090
-1101
-1095
-1071
-1027
-965
-887
-794
-689
-576
-457
-337
-217
-101
9
112
206
290
365
431
487
535
576
611
640
664
685
703
719
734
748
761
775
788
801
813
824
834
841
846
847
844
836
822
801
774
740
698
648
591
525
452
371
283
188
87
-17
-125
-235
-346
-454
-559
-658
-750
-833
-904
-962
-1006
-1034
-1046
-1041
-1021
-985
-936
-876
-807
-731
-651
-569
-488
-408
-331
-258
-187
-119
-53
12
77
143
211
281
353
426
501
575
647
716
780
837
884
922
947
959
957
940
908
860
795
715
620
510
386
250
104
-47
-204
-361
-515
-660
-794
-912
-1011
-1089
-1144
-1175
-1182
-1166
-1128
-1072
-1000
-915
-820
-718
-613
-506
-401
-299
-202
-109
-21
61
140
216
288
358
425
490
550
606
656
697
728
746
751
740
713
671
613
543
462
374
282
190
102
21
-49
-107
-151
-180
-196
-199
-192
-177
-157
-137
-118
-103
-96
-95
-102
-116
-134
-154
-172
-184
-188
-181
-159
-122
-70
-5
70
154
242
328
409
481
539
581
605
612
602
577
539
491
437
380
324
272
226
187
157
135
120
112
110
110
112
114
114
112
106
96
82
65
44
20
-6
-34
-63
-93
-124
-154
-184
-214
-243
-271
-299
-327
-355
-382
-410
-437
-465
-493
-521
-548
-575
-602
-627
-650
-671
-689
-703
-712
-714
-710
-697
-676
-645
-604
-554
-494
-426
-351
-271
-188
-103
-20
59
134
203
264
316
360
395
423
444
458
468
474
476
475
471
464
454
439
420
397
369
337
303
268
234
202
175
154
142
138
145
161
186
219
258
301
346
390
432
469
501
525
542
551
552
546
533
514
489
460
426
388
347
302
253
201
146
89
29
-32
-95
-158
-221
-283
-342
-399
-451
-500
-544
-582
-615
-642
-664
-681
-693
-702
-709
-715
-721
-729
-739
-752
-767
-783
-801
-818
-832
-842
-846
-842
-828
-804
-769
-723
-668
-604
-533
-457
-378
-298
-218
-138
-59
17
95
174
257
344
437
538
647
763
885
1011
1137
1261
1377
1481
1569
1637
1684
1706
1704
1677
1628
1558
1470
1367
1251
1125
990
850
704
553
399
242
81
-81
-245
-408
-569
-726
-876
-1015
-1142
-1252
-1344
-1415
-1463
-1487
-1486
-1459
-1409
-1335
-1240
-1127
-998
-857
-708
-554
-400
-248
-102
32
155
263
354
425
476
505
514
501
470
421
357
282
198
110
22
-62
-140
-206
-259
-297
-318
-322
-310
-284
-246
-201
-151
-101
-54
-14
15
34
41
36
20
-2
-32
-64
-95
-123
-145
-159
-165
-162
-151
-132
-107
-77
-44
-9
26
61
95
127
157
185
211
236
258
278
296
310
321
327
327
322
310
292
268
239
205
170
133
96
62
30
2
-20
-39
-53
-62
-69
-72
-74
-74
-73
-72
-71
-69
-67
-64
-59
-51
-41
-27
-10
11
36
63
92
121
149
173
192
203
206
199
181
154
117
73
24
-28
-81
-132
-178
-217
-246
-266
-276
-276
-267
-250
-228
-202
-175
-148
-123
-101
-82
-66
-53
-42
-31
-20
-5
11
32
57
85
116
147
177
204
224
237
241
235
217
189
152
107
57
5
-47
-95
-137
-171
-195
-206
-207
-195
-173
-142
-103
-59
-13
33
77
118
152
179
196
204
203
193
175
151
124
96
69
46
28
18
17
24
39
61
89
120
152
184
212
235
251
259
259
249
230
203
170
131
90
47
6
-32
-66
-94
-115
-127
-132
-130
-120
-105
-84
-60
-33
-5
23
51
79
105
130
154
175
194
212
227
238
247
252
252
247
236
219
197
168
134
95
52
8
-36
-80
-121
-158
-191
-218
-240
-257
-270
-280
-288
-295
-302
-310
-320
-330
-341
-352
-362
-369
-373
-372
-367
-357
-342
-323
-300
-275
-248
-221
-193
-166
-140
-115
-91
-68
-44
-21
1
24
48
72
96
119
141
161
178
193
204
211
215
214
210
202
192
180
167
154
142
132
124
118
114
111
109
108
106
101
95
85
73
57
38
17
-5
-29
-53
-76
-98
-117
-134
-148
-160
-169
-177
-185
-192
-201
-212
-225
-242
-262
-286
-311
-338
-365
-391
-413
-429
-439
-440
-431
-411
-381
-338
-285
-223
-152
-75
4
86
167
243
313
375
427
467
496
512
517
512
498
476
450
420
390
362
338
321
311
311
321
342
373
414
464
521
581
641
699
751
792
819
830
821
790
737
662
564
447
311
161
0
-169
-342
-513
-678
-833
-975
-1101
-1206
-1290
-1350
-1386
-1397
-1384
-1348
-1291
-1214
-1121
-1014
-896
-770
-640
-510
-382
-259
-146
-43
45
120
180
227
261
285
302
315
328
345
368
399
441
493
554
623
696
771
844
910
964
1005
1027
1030
1012
974
916
841
753
654
549
441
333
228
127
31
-61
-151
-240
-329
-421
-515
-611
-710
-808
-904
-994
-1076
-1146
-1201
-1239
-1259
-1260
-1242
-1205
-1151
-1083
-1002
-910
-811
-706
-598
-488
-378
-269
-162
-56
46
146
243
337
426
510
587
655
713
759
792
810
813
801
776
738
690
635
575
513
452
394
342
296
257
226
201
182
168
157
148
139
130
120
109
97
86
77
72
71
77
90
112
141
177
219
264
309
352
389
416
431
432
416
382
330
260
175
76
-32
-148
-267
-386
-500
-606
-701
-781
-845
-892
-920
-929
-922
-898
-861
-811
-753
-688
-619
-549
-479
-412
-348
-288
-234
-185
-142
-104
-73
-47
-28
-16
-10
-11
-19
-33
-54
-81
-112
-147
-183
-218
-249
-275
-293
-301
-296
-279
-247
-202
-144
-75
3
89
180
274
366
456
541
619
688
747
795
833
860
876
883
880
870
854
833
808
782
755
728
703
678
653
629
604
577
546
511
468
419
361
294
218
136
46
-46
-141
-235
-326
-411
-488
-555
-612
-658
-693
-718
-735
-744
-747
-745
-739
-730
-716
-699
-676
-647
-610
-566
-512
-450
-379
-302
-219
-133
-46
36
114
184
243
290
325
346
355
354
343
327
306
284
264
247
234
227
227
231
241
253
267
280
291
298
299
293
279
259
231
196
157
115
72
29
-11
-48
-79
-106
-126
-141
-150
-154
-154
-151
-145
-136
-125
-112
-97
-81
-63
-44
-25
-5
13
30
45
56
62
62
55
41
19
-9
-45
-85
-129
-173
-217
-256
-289
-313
-326
-328
-317
-293
-257
-211
-154
-90
-21
50
123
194
261
322
376
420
455
479
493
497
493
480
460
436
407
375
342
308
274
239
205
171
138
104
70
37
3
-30
-64
-97
-129
-161
-191
-219
-245
-268
-289
-307
-322
-335
-345
-353
-359
-363
-366
-368
-368
-368
-367
-365
-363
-360
-357
-354
-351
-347
-343
-337
-331
-323
-314
-303
-290
-275
-258
-239
-220
-199
-177
-155
-134
-113
-93
-75
-58
-42
-26
-12
2
17
33
49
66
85
103
121
138
154
168
179
187
193
197
200
202
205
209
216
226
238
254
272
291
309
326
340
349
351
347
335
315
288
255
217
175
132
90
50
15
-13
-34
-48
-53
-51
-44
-32
-18
-6
2
5
0
-17
-45
-86
-139
-202
-274
-352
-433
-513
-588
-654
-708
-748
-769
-772
-756
-720
-666
-596
-512
-417
-314
-206
-97
10
114
212
302
384
455
517
569
610
641
662
673
675
668
654
631
601
565
523
476
426
374
320
266
212
160
110
64
21
-16
-48
-76
-98
-114
-126
-132
-134
-132
-127
-120
-111
-103
-94
-87
-81
-77
-74
-73
-73
-75
-77
-80
-83
-87
-91
-94
-97
-99
-101
-101
-100
-98
-93
-85
-75
-61
-44
-23
0
24
51
79
107
133
158
180
199
214
225
233
237
239
238
235
230
225
218
212
205
198
190
182
173
163
152
139
125
110
94
78
61
45
29
14
0
-12
-23
-35
-45
-56
-67
-78
-90
-103
-116
-130
-145
-160
-174
-188
-201
-214
-224
-233
-241
-246
-249
-251
-251
-249
-246
-242
-238
-233
-227
-222
-217
-213
-209
-206
-204
-204
-205
-207
-211
-216
-222
-228
-233
-237
-238
-235
-228
-216
-198
-173
-143
-108
-68
-24
20
67
113
156
195
230
258
279
292
298
297
290
278
261
243
224
206
190
178
169
165
166
170
178
188
199
210
219
226
230
230
226
216
202
184
161
135
106
74
40
4
-31
-69
-106
-143
-179
-214
-247
-277
-305
-328
-347
-361
-369
-370
-364
-350
-329
-302
-267
-227
-182
-135
-86
-37
8
51
89
119
143
158
165
163
154
137
114
86
55
21
-13
-46
-78
-107
-131
-150
-164
-171
-173
-170
-162
-149
-134
-118
-100
-83
-67
-52
-39
-28
-19
-12
-8
-5
-3
-4
-5
-8
-11
-15
-19
-23
-25
-25
-23
-17
-7
6
25
49
77
110
146
185
225
266
304
340
373
400
422
437
446
449
445
436
423
405
384
360
335
309
282
255
228
201
174
147
120
92
64
35
7
-21
-50
-78
-106
-132
-157
-181
-203
-224
-244
-261
-278
-292
-304
-315
-323
-329
-333
-334
-333
-330
-326
-319
-311
-301
-290
-278
-263
-247
-228
-206
-182
-154
-123
-89
-53
-15
23
62
100
136
169
198
222
241
254
260
261
255
243
226
205
181
155
128
101
76
52
32
15
2
-6
-12
-14
-12
-8
-2
5
14
24
34
44
53
61
67
72
75
76
77
76
75
73
73
73
76
80
86
94
104
115
