-157
-231
-304
-372
-432
-481
-519
-541
-549
-541
-517
-480
-430
-370
-303
-232
-160
-92
-28
26
72
107
130
141
142
133
116
93
66
39
12
-10
-28
-39
-43
-38
-26
-6
19
50
84
121
157
192
225
253
276
294
306
312
314
311
304
295
286
277
270
266
266
270
279
291
306
321
335
345
349
343
326
296
252
195
125
44
-45
-142
-241
-340
-436
-526
-606
-675
-730
-769
-792
-799
-788
-762
-721
-666
-601
-527
-446
-361
-274
-187
-102
-19
58
132
202
268
330
390
448
506
565
625
688
753
821
890
960
1028
1092
1147
1192
1221
1231
1220
1184
1123
1037
926
794
644
480
309
135
-34
-196
-344
-475
-587
-679
-750
-802
-838
-859
-870
-874
-873
-871
-869
-869
-872
-876
-881
-885
-887
-884
-875
-858
-832
-797
-753
-701
-641
-577
-509
-439
-368
-298
-230
-163
-98
-35
25
84
142
198
251
301
345
384
416
439
451
453
444
423
392
351
302
247
188
128
69
13
-37
-82
-118
-146
-164
-172
-170
-158
-138
-110
-75
-37
3
43
80
110
131
139
134
112
73
18
-53
-138
-234
-338
-443
-546
-640
-720
-781
-818
-827
-804
-749
-661
-540
-389
-211
-12
201
425
649
868
1072
1256
1413
1538
1627
1678
1690
1664
1602
1507
1384
1237
1072
894
707
517
327
140
-39
-212
-375
-530
-675
-810
-935
-1050
-1156
-1250
-1335
-1408
-1470
-1521
-1560
-1588
-1606
-1612
-1609
-1596
-1573
-1543
-1504
-1459
-1407
-1350
-1288
-1222
-1151
-1077
-998
-914
-823
-724
-615
-496
-365
-222
-66
98
272
450
629
803
969
1121
1256
1371
1463
1532
1578
1604
1611
1602
1580
1549
1510
1465
1415
1362
1304
1241
1174
1102
1025
944
860
774
687
603
523
449
384
329
286
254
235
227
228
238
252
269
285
298
306
307
299
281
254
217
171
116
53
-15
-89
-168
-250
-333
-415
-495
-571
-640
-701
-753
-794
-824
-843
-852
-851
-844
-830
-812
-792
-770
-746
-722
-697
-669
-638
-602
-560
-509
-449
-379
-299
-208
-108
0
115
234
354
472
586
693
791
878
953
1017
1068
1107
1135
1150
1154
1145
1124
1089
1040
976
897
804
696
576
444
304
158
10
-137
-281
-417
-541
-651
-745
-820
-877
-914
-933
-936
-925
-903
-873
-838
-801
-764
-729
-698
-669
-644
-619
-594
-566
-533
-493
-442
-380
-306
-220
-123
-17
95
211
326
436
536
623
693
745
777
789
782
758
720
671
614
552
488
424
362
302
245
191
139
88
38
-12
-63
-114
-166
-218
-269
-318
-362
-402
-433
-456
-467
-467
-453
-425
-385
-333
-270
-201
-128
-54
14
76
126
161
180
180
164
131
85
30
-29
-88
-143
-188
-220
-236
-235
-218
-186
-141
-89
-33
21
70
110
138
150
147
129
95
50
-4
-66
-131
-196
-258
-314
-362
-400
-428
-445
-451
-447
-432
-410
-379
-343
-303
-259
-214
-168
-123
-79
-38
0
35
66
92
115
132
145
153
157
156
151
142
131
118
103
89
75
62
51
42
36
32
30
30
30
31
32
30
26
17
5
-13
-36
-65
-98
-135
-175
-214
-252
-285
-313
-334
-346
-349
-343
-330
-309
-284
-257
-229
-204
-183
-168
-159
-157
-160
-166
-174
-181
-182
-174
-155
-121
-69
0
90
200
329
473
632
800
974
1149
1321
1485
1636
1770
1883
1973
2037
2073
2081
2061
2015
1942
1846
1727
1589
1432
1259
1071
870
656
433
202
-34
-273
-512
-746
-971
-1183
-1377
-1548
-1693
-1807
-1889
-1935
-1945
-1919
-1858
-1764
-1641
-1493
-1325
-1143
-952
-759
-570
-389
-220
-69
63
174
263
328
368
385
377
346
292
217
124
16
-104
-231
-361
-487
-605
-708
-791
-849
-881
-882
-853
-794
-708
-596
-464
-317
-160
1
162
316
460
589
701
792
862
908
932
933
911
869
808
730
639
538
430
320
211
108
13
-70
-141
-198
-240
-270
-287
-295
-295
-291
-285
-278
-274
-273
-275
-281
-290
-299
-307
-311
-307
-293
-266
-225
-168
-95
-5
99
217
346
484
626
770
911
1046
1171
1281
1375
1448
1499
1525
1527
1504
1458
1391
1304
1203
1090
970
846
721
598
479
363
251
139
28
-87
-208
-338
-478
-629
-790
-960
-1136
-1314
-1492
-1665
-1829
-1982
-2118
-2237
-2336
-2414
-2469
-2500
-2507
-2489
-2445
-2374
-2276
-2150
-1996
-1812
-1600
-1359
-1091
-799
-487
-160
175
512
840
1149
1431
1674
1869
2007
2083
2092
2033
1907
1718
1474
1183
858
513
160
-185
-512
-807
-1062
-1269
-1424
-1526
-1573
-1569
-1516
-1420
-1285
-1118
-924
-709
-479
-239
3
245
478
699
902
1082
1234
1357
1448
1505
1528
1518
1477
1406
1309
1191
1054
904
745
581
416
254
99
-46
-177
-292
-385
-455
-498
-509
-488
-431
-337
-208
-45
147
364
596
835
1069
1287
1478
1630
1734
1782
1768
1692
1553
1357
1109
820
501
165
-175
-507
-818
-1098
-1340
-1536
-1684
-1784
-1837
-1848
-1821
-1764
-1684
-1590
-1487
-1382
-1280
-1185
-1099
-1023
-957
-899
-846
-798
-751
-702
-650
-592
-528
-457
-380
-298
-211
-122
-32
55
139
219
295
365
431
493
554
614
674
736
799
863
926
986
1040
1085
1119
1138
1141
1126
1094
1045
981
906
822
734
645
560
480
407
343
288
240
199
162
129
97
66
36
8
-16
-36
-47
-49
-39
-16
16
60
112
168
224
276
320
353
374
381
377
362
340
315
291
273
264
269
289
325
378
445
523
608
692
769
830
867
873
841
768
651
492
295
67
-183
-447
-712
-967
-1201
-1405
-1569
-1686
-1754
-1768
-1729
-1638
-1501
-1322
-1110
-873
-620
-362
-109
128
343
526
669
767
816
814
760
656
506
317
96
-146
-401
-655
-897
-1116
-1303
-1449
-1549
-1599
-1600
-1553
-1463
-1336
-1181
-1004
-815
-620
-425
-235
-53
119
283
438
585
726
861
988
1108
1216
1311
1389
1445
1475
1478
1452
1394
1307
1193
1054
897
726
549
373
203
47
-89
-204
-293
-354
-388
-396
-381
-348
-302
-248
-192
-138
-93
-58
-38
-33
-44
-71
-112
-167
-233
-309
-392
-481
-574
-669
-766
-863
-959
-1053
-1142
-1226
-1301
-1366
-1418
-1453
-1469
-1463
-1431
-1372
-1285
-1169
-1026
-858
-668
-464
-250
-35
172
364
533
673
778
844
872
862
818
744
648
536
417
298
187
88
7
-51
-86
-95
-80
-39
25
113
222
350
494
651
817
989
1161
1328
1484
1623
1741
1833
1896
1927
1927
1897
1838
1754
1649
1527
1393
1250
1101
950
799
647
495
343
191
38
-116
-272
-431
-591
-752
-913
-1073
-1229
-1381
-1528
-1667
-1799
-1921
-2033
-2134
-2223
-2301
-2366
-2417
-2455
-2478
-2484
-2473
-2441
-2387
-2309
-2205
-2074
-1915
-1729
-1516
-1279
-1021
-747
-461
-168
126
417
700
970
1223
1459
1673
1867
2039
2192
2326
2443
2545
2633
2708
2770
2818
2852
2869
2866
2841
2792
2715
2610
2474
2309
2115
1894
1650
1387
1109
821
530
239
-43
-316
-572
-808
-1020
-1206
-1364
-1491
-1588
-1653
-1687
-1691
-1666
-1615
-1540
-1443
-1328
-1199
-1059
-912
-762
-611
-463
-322
-189
-68
39
132
209
267
306
325
324
302
259
197
117
20
-89
-209
-336
-464
-591
-710
-816
-906
-974
-1017
-1032
-1016
-968
-887
-774
-630
-458
-260
-43
188
428
670
906
1130
1334
1512
1657
1767
1835
1860
1840
1775
1665
1512
1320
1094
838
560
267
-31
-330
-619
-890
-1137
-1351
-1528
-1663
-1752
-1794
-1786
-1731
-1629
-1485
-1303
-1090
-853
-600
-340
-82
163
388
583
741
856
923
942
912
837
724
580
413
234
53
-121
-280
-418
-531
-615
-671
-700
-703
-686
-653
-608
-556
-502
-451
-405
-366
-335
-314
-300
-292
-289
-286
-283
-274
-259
-234
-199
-152
-93
-20
63
158
262
373
490
609
727
841
949
1046
1131
1199
1247
1274
1276
1252
1200
1120
1012
877
718
537
339
130
-85
-302
-512
-709
-886
-1039
-1161
-1249
-1299
-1310
-1282
-1218
-1122
-997
-851
-690
-524
-358
-202
-60
60
157
228
274
296
298
286
264
238
215
200
195
203
225
259
302
349
395
433
456
459
436
384
301
188
49
-110
-285
-467
-645
-813
-961
-1082
-1173
-1231
-1255
-1247
-1212
-1154
-1081
-999
-914
-834
-763
-705
-659
-627
-606
-592
-580
-564
-540
-501
-444
-366
-264
-138
8
174
354
544
735
923
1100
1260
1397
1507
1586
1632
1643
1621
1567
1483
1375
1247
1105
955
804
657
520
398
295
213
154
118
105
111
135
172
218
269
321
369
410
441
460
466
458
437
403
358
303
240
170
95
16
-64
-146
-228
-308
-385
-457
-524
-585
-637
-680
-713
-736
-747
-745
-731
-702
-659
-600
-524
-433
-326
-204
-69
75
228
386
543
696
840
971
1087
1183
1259
1313
1346
1359
1353
1332
1298
1253
1201
1142
1077
1007
930
843
745
633
504
357
191
7
-194
-409
-633
-862
-1088
-1306
-1508
-1691
-1847
-1974
-2068
-2127
-2151
-2141
-2098
-2026
-1929
-1812
-1680
-1541
-1400
-1263
-1137
-1025
-933
-862
-816
-794
-795
-818
-859
-914
-977
-1044
-1106
-1158
-1193
-1204
-1187
-1138
-1055
-937
-785
-602
-394
-167
71
313
552
777
985
1168
1323
1450
1547
1618
1666
1694
1707
1708
1702
1691
1677
1660
1639
1612
1577
1532
1473
1398
1306
1196
1071
932
782
628
474
328
194
80
-11
-75
-111
-119
-100
-59
0
70
147
221
288
342
378
394
389
363
316
252
172
79
-22
-130
-242
-355
-467
-577
-683
-784
-878
-962
-1036
-1098
-1144
-1173
-1184
-1174
-1142
-1089
-1015
-923
-815
-695
-568
-437
-309
-187
-75
23
109
179
236
282
320
353
386
421
463
512
569
633
701
772
840
900
948
978
987
970
924
848
740
603
438
248
39
-181
-409
-634
-849
-1045
-1216
-1356
-1461
-1528
-1559
-1554
-1520
-1460
-1382
-1293
-1199
-1105
-1016
-934
-861
-795
-734
-674
-612
-544
-465
-372
-264
-139
0
155
320
492
668
842
1011
1171
1319
1454
1574
1678
1765
1836
1891
1930
1952
1957
1946
1918
1874
1814
1740
1653
1556
1452
1344
1237
1132
1034
944
864
792
727
668
609
547
478
399
305
196
69
-75
-235
-410
-596
-788
-983
-1175
-1360
-1532
-1686
-1819
-1926
-2006
-2056
-2077
-2069
-2034
-1975
-1893
-1793
-1676
-1547
-1409
-1263
-1113
-962
-812
-666
-527
-396
-276
-168
-72
12
85
150
209
264
318
374
432
492
554
615
673
722
759
778
775
746
689
604
491
353
195
25
-149
-321
-480
-618
-728
-804
-841
-839
-797
-719
-610
-474
-321
-158
5
164
312
442
553
643
712
764
800
824
839
848
852
851
844
830
804
764
705
624
517
382
220
32
-178
-408
-649
-895
-1135
-1363
-1569
-1746
-1888
-1991
-2054
-2077
-2062
-2015
-1942
-1849
-1744
-1633
-1521
-1413
-1311
-1216
-1127
-1041
-954
-861
-757
-636
-495
-326
-129
101
364
659
983
1332
1698
2074
2450
2814
3155
3461
3723
3930
4074
4149
4153
4084
3944
3738
3471
3153
2794
2405
1998
1587
1183
799
444
128
-144
-369
-545
-675
-763
-816
-841
-849
-847
-846
-852
-873
-914
-975
-1059
-1163
-1282
-1413
-1546
-1674
-1790
-1884
-1951
-1986
