939
1194
1432
1647
1836
1997
2127
2227
2296
2336
2349
2335
2297
2237
2157
2059
1943
1812
1667
1510
1343
1168
987
803
619
439
266
103
-46
-183
-304
-408
-497
-572
-633
-684
-726
-762
-794
-824
-852
-881
-909
-936
-961
-984
-1002
-1014
-1020
-1018
-1006
-985
-954
-914
-865
-809
-748
-684
-620
-558
-502
-453
-413
-384
-366
-358
-359
-365
-375
-384
-390
-388
-377
-354
-319
-272
-214
-148
-76
-4
66
130
186
229
258
273
275
265
247
224
200
180
168
167
180
208
251
307
373
446
520
591
653
701
734
748
744
723
690
649
606
568
541
530
539
570
624
697
786
886
989
1088
1176
1246
1292
1308
1292
1243
1161
1047
907
744
566
379
190
4
-173
-338
-488
-622
-740
-842
-932
-1008
-1075
-1131
-1178
-1216
-1243
-1259
-1263
-1255
-1235
-1204
-1164
-1117
-1064
-1007
-949
-888
-827
-764
-698
-628
-554
-475
-390
-300
-207
-113
-19
70
156
233
302
361
409
447
475
493
504
508
507
503
497
491
484
478
470
461
448
428
397
352
290
208
105
-18
-162
-321
-492
-667
-840
-1004
-1151
-1274
-1368
-1429
-1454
-1442
-1394
-1311
-1196
-1052
-885
-698
-497
-288
-74
137
343
536
714
870
1001
1104
1175
1212
1214
1181
1114
1015
887
733
560
372
177
-19
-210
-388
-548
-685
-793
-870
-915
-926
-906
-855
-779
-681
-567
-441
-309
-177
-50
67
173
264
337
394
434
459
473
478
479
478
480
486
499
518
545
575
609
641
669
691
702
701
687
659
617
564
502
432
359
284
212
144
82
27
-18
-56
-87
-112
-132
-151
-169
-188
-210
-236
-266
-302
-343
-388
-436
-488
-540
-594
-647
-698
-746
-791
-831
-867
-896
-920
-938
-948
-951
-945
-931
-908
-876
-835
-785
-727
-662
-590
-512
-428
-340
-248
-151
-50
54
163
277
396
517
642
768
895
1018
1138
1250
1352
1442
1517
1575
1614
1634
1634
1613
1572
1512
1433
1337
1224
1096
954
799
635
462
283
102
-77
-251
-415
-564
-694
-800
-880
-930
-951
-940
-901
-836
-747
-638
-515
-383
-245
-107
25
151
264
362
443
505
547
569
571
554
519
468
404
328
243
151
55
-41
-138
-231
-319
-398
-468
-527
-572
-603
-619
-620
-607
-580
-540
-491
-434
-372
-308
-246
-187
-134
-89
-53
-26
-7
4
13
20
29
43
64
95
135
187
249
321
400
485
574
664
752
837
916
988
1051
1103
1143
1169
1180
1176
1156
1118
1063
991
902
797
677
544
399
246
85
-80
-247
-414
-578
-737
-890
-1033
-1165
-1284
-1389
-1477
-1546
-1595
-1620
-1620
-1594
-1539
-1456
-1345
-1207
-1045
-863
-664
-456
-244
-37
159
336
488
608
693
737
741
705
630
520
382
220
42
-143
-331
-512
-682
-835
-968
-1080
-1169
-1236
-1284
-1314
-1329
-1332
-1324
-1308
-1283
-1248
-1202
-1144
-1070
-978
-868
-738
-590
-425
-247
-61
128
317
499
668
819
950
1055
1132
1181
1200
1191
1157
1099
1024
936
841
744
652
569
500
447
415
403
412
443
493
560
643
738
841
950
1059
1165
1263
1348
1417
1465
1489
1487
1457
1400
1316
1208
1080
936
782
622
463
308
161
26
-96
-208
-311
-408
-503
-601
-706
-823
-954
-1099
-1258
-1427
-1601
-1774
-1937
-2083
-2204
-2293
-2344
-2354
-2322
-2248
-2137
-1993
-1824
-1637
-1440
-1241
-1049
-869
-707
-565
-446
-351
-279
-230
-201
-191
-197
-215
-243
-278
-314
-347
-373
-387
-383
-358
-308
-230
-124
9
169
351
551
763
981
1198
1407
1600
1770
1913
2022
2093
2124
2113
2061
1969
1843
1686
1505
1307
1100
891
688
496
322
170
44
-52
-121
-160
-170
-155
-115
-54
24
118
223
335
452
570
684
792
890
973
1039
1085
1107
1104
1074
1018
935
827
698
549
386
212
33
-145
-319
-484
-634
-766
-878
-967
-1032
-1073
-1093
-1091
-1072
-1038
-991
-935
-873
-805
-735
-663
-590
-517
-445
-374
-307
-243
-186
-137
-99
-75
-67
-78
-110
-164
-240
-336
-449
-576
-709
-843
-969
-1079
-1168
-1228
-1255
-1246
-1201
-1120
-1007
-867
-706
-531
-349
-166
10
177
330
467
585
686
770
839
893
935
967
989
1004
1010
1010
1002
986
963
932
893
847
795
736
674
609
544
479
417
359
305
258
217
182
153
129
111
96
84
76
70
66
66
70
79
94
114
142
175
214
257
302
348
392
431
465
491
509
518
517
508
490
466
435
399
360
318
274
230
185
141
97
54
11
-30
-72
-114
-156
-200
-246
-294
-344
-397
-454
-513
-575
-638
-703
-768
-832
-893
-950
-1002
-1047
-1083
-1111
-1128
-1133
-1127
-1109
-1078
-1037
-985
-925
-859
-788
-714
-640
-567
-496
-429
-364
-301
-240
-178
-114
-48
21
95
173
254
338
421
502
578
648
709
758
794
815
821
810
783
739
680
608
524
430
328
222
113
4
-102
-206
-303
-394
-475
-546
-605
-650
-682
-698
-701
-690
-666
-632
-591
-544
-494
-445
-396
-350
-307
-266
-227
-188
-148
-105
-57
-2
58
126
199
277
358
437
513
581
640
688
722
741
747
739
721
693
658
620
580
542
508
479
455
439
429
424
425
429
434
439
441
438
428
409
379
338
284
216
136
44
-57
-167
-282
-399
-514
-626
-729
-824
-906
-974
-1028
-1066
-1088
-1095
-1088
-1067
-1034
-990
-939
-881
-819
-755
-690
-627
-564
-504
-447
-392
-338
-286
-232
-177
-117
-53
17
95
182
278
382
492
608
726
842
953
1055
1144
1215
1266
1294
1297
1276
1230
1162
1073
969
851
726
597
468
345
230
128
41
-28
-77
-105
-111
-96
-59
-2
69
154
247
341
430
509
572
612
627
613
569
495
393
266
119
-43
-216
-393
-569
-737
-893
-1033
-1153
-1249
-1321
-1367
-1388
-1382
-1353
-1301
-1229
-1140
-1036
-922
-801
-675
-548
-424
-304
-191
-88
4
86
155
213
259
295
321
340
352
360
365
368
370
373
377
382
389
395
401
404
403
397
384
361
329
287
235
173
105
32
-41
-113
-178
-233
-274
-298
-302
-286
-250
-194
-121
-37
55
150
240
321
387
433
456
454
427
375
301
211
107
-2
-113
-220
-317
-401
-470
-522
-560
-586
-603
-616
-630
-648
-675
-710
-756
-809
-865
-920
-968
-1000
-1012
-997
-951
-871
-758
-612
-437
-240
-26
196
418
631
827
999
1141
1248
1317
1348
1340
1296
1221
1120
998
864
722
582
449
328
224
140
78
38
19
19
34
61
95
131
166
194
212
217
205
177
131
68
-9
-99
-198
-302
-406
-505
-594
-669
-726
-760
-769
-752
-708
-636
-539
-418
-276
-119
50
226
402
574
734
877
998
1091
1152
1179
1169
1121
1037
918
767
590
392
178
-42
-264
-480
-682
-864
-1020
-1145
-1237
-1292
-1310
-1291
-1237
-1150
-1035
-895
-735
-560
-374
-181
13
207
397
580
755
919
1069
1206
1325
1427
1509
1570
1609
1625
1616
1584
1528
1448
1347
1226
1088
936
773
604
431
259
90
-72
-228
-376
-516
-646
-768
-881
-985
-1079
-1163
-1236
-1296
-1341
-1370
-1380
-1371
-1341
-1289
-1217
-1124
-1011
-882
-740
-587
-429
-269
-113
34
169
288
389
470
529
568
587
590
579
556
524
487
446
403
359
317
276
236
199
164
132
103
76
52
32
14
0
-11
-18
-19
-14
-2
18
47
86
134
189
249
310
367
417
452
469
460
423
354
252
117
-48
-241
-454
-680
-909
-1134
-1344
-1529
-1683
-1798
-1869
-1894
-1871
-1803
-1692
-1544
-1366
-1167
-954
-736
-523
-323
-141
15
143
242
310
351
367
364
348
325
301
284
279
291
322
377
454
554
675
811
959
1111
1263
1407
1535
1643
1725
1776
1794
1777
1725
1638
1521
1375
1206
1019
818
611
401
194
-3
-188
-357
-506
-633
-736
-814
-868
-898
-906
-896
-870
-833
-790
-744
-701
-663
-634
-616
-609
-615
-630
-655
-684
-716
-748
-776
-797
-809
-812
-803
-784
-755
-717
-672
-621
-567
-511
-454
-397
-340
-284
-228
-172
-116
-60
-5
48
100
149
194
234
269
298
321
339
352
361
366
369
370
370
371
373
376
381
389
398
410
422
435
448
459
467
472
471
465
453
434
409
378
342
302
260
218
175
134
97
63
34
11
-6
-19
-27
-30
-29
-23
-14
-1
14
35
60
91
128
173
226
288
360
440
529
624
722
821
917
1005
1081
1142
1182
1200
1192
1157
1094
1003
886
744
582
403
212
13
-187
-383
-570
-741
-892
-1019
-1119
-1189
-1229
-1240
-1224
-1184
-1126
-1054
-973
-889
-808
-732
-664
-607
-560
-522
-491
-464
-439
-412
-380
-343
-299
-249
-194
-135
-77
-23
24
60
81
86
72
37
-15
-86
-171
-267
-368
-469
-564
-645
-708
-748
-760
-742
-693
-615
-509
-381
-235
-78
83
245
398
539
663
765
845
900
932
941
928
897
850
790
719
640
556
467
376
285
195
108
27
-47
-112
-165
-203
-224
-226
-208
-170
-111
-34
56
159
269
378
482
575
651
705
735
738
714
664
591
497
388
268
142
14
-109
-226
-333
-427
-507
-572
-621
-654
-671
-673
-661
-635
-598
-551
-496
-437
-374
-312
-252
-198
-151
-114
-86
-69
-63
-67
-80
-100
-127
-159
-193
-229
-265
-301
-335
-368
-399
-427
-453
-475
-493
-505
-511
-509
-496
-470
-430
-374
-301
-211
-104
18
153
296
444
590
728
853
959
1041
1094
1116
1104
1060
983
877
746
594
428
253
75
-98
-263
-412
-540
-645
-723
-771
-789
-777
-737
-671
-582
-474
-352
-221
-84
51
182
305
416
512
589
645
678
687
672
631
568
483
380
262
134
2
-128
-253
-367
-466
-548
-610
-652
-674
-677
-664
-638
-601
-555
-503
-446
-387
-324
-258
-189
-116
-37
46
136
233
335
441
551
660
767
868
958
1035
1093
1129
1141
1125
1082
1011
914
793
653
498
336
171
11
-138
-271
-385
-474
-539
-576
-589
-577
-545
-497
-437
-371
-304
-241
-186
-144
-116
-105
-109
-127
-157
-194
-235
-276
-313
-342
-361
-368
-363
-347
-322
-291
-256
-221
-190
-164
-146
-137
-138
-147
-164
-187
-213
-239
-263
-283
-294
-298
-291
-274
-247
-210
-166
-116
-61
-4
53
109
162
211
253
288
313
329
335
330
314
287
251
207
156
100
40
-19
-79
-136
-188
-235
-273
-303
-324
-335
-337
-329
-313
-290
-261
-226
-188
-146
-102
-57
-11
33
77
119
158
192
221
244
259
267
267
259
245
226
204
179
156
136
120
111
110
118
136
163
199
244
295
351
410
469
524
573
612
636
644
634
602
550
477
387
281
164
41
-82
-201
-311
-406
-483
-538
-570
-577
-560
-522
-465
-393
-310
-223
-137
-55
16
74
117
143
152
145
125
95
58
19
-19
-52
-79
-95
-100
-93
-75
-47
-12
27
70
112
150
183
208
224
230
228
218
200
178
151
122
93
64
35
7
-19
-46
-74
-104
-134
-167
-200
-234
-266
-295
-319
-335
-342
-337
-320
-291
-250
-200
-142
-80
-16
44
100
