331
423
502
567
623
672
717
762
809
861
918
983
1054
1131
1211
1293
1373
1447
1511
1562
1595
1608
1598
1564
1506
1426
1324
1206
1073
930
783
634
489
352
224
108
7
-78
-150
-208
-254
-289
-316
-337
-353
-368
-383
-399
-416
-435
-455
-476
-496
-515
-531
-544
-553
-558
-560
-559
-557
-556
-557
-562
-572
-590
-615
-648
-688
-736
-788
-843
-898
-951
-999
-1040
-1071
-1091
-1098
-1093
-1074
-1043
-1001
-950
-892
-830
-767
-704
-643
-587
-536
-490
-448
-410
-373
-336
-297
-251
-198
-134
-58
31
136
258
395
548
714
892
1078
1270
1464
1656
1841
2016
2178
2324
2451
2558
2642
2705
2744
2761
2754
2723
2670
2592
2490
2364
2213
2038
1839
1617
1374
1112
835
547
252
-43
-335
-618
-887
-1136
-1361
-1558
-1724
-1858
-1959
-2027
-2063
-2071
-2054
-2016
-1961
-1896
-1825
-1754
-1685
-1622
-1566
-1519
-1479
-1446
-1417
-1390
-1361
-1328
-1288
-1238
-1178
-1104
-1018
-917
-804
-678
-541
-394
-239
-77
88
256
424
589
748
899
1038
1161
1267
1351
1412
1446
1452
1431
1382
1307
1210
1094
964
825
682
541
406
281
170
73
-5
-68
-116
-149
-170
-182
-187
-188
-187
-186
-186
-188
-193
-199
-207
-215
-222
-228
-232
-233
-231
-226
-220
-213
-205
-198
-193
-190
-190
-193
-198
-206
-216
-226
-235
-243
-247
-247
-242
-232
-215
-193
-165
-133
-96
-57
-17
22
59
92
120
142
156
164
164
159
148
134
119
103
88
76
66
61
58
58
59
62
64
65
65
62
58
52
45
38
33
31
32
39
51
69
92
120
152
186
220
252
280
303
318
326
325
316
300
280
257
235
216
203
199
205
224
254
295
345
403
463
523
578
622
651
662
649
612
548
459
346
213
65
-92
-252
-409
-554
-682
-789
-870
-923
-949
-948
-925
-884
-831
-771
-712
-659
-617
-590
-580
-586
-608
-641
-682
-725
-763
-791
-804
-798
-770
-721
-650
-560
-456
-343
-225
-109
-1
95
176
241
288
318
334
340
340
338
340
350
371
406
455
518
594
679
769
860
946
1023
1084
1126
1145
1139
1107
1049
965
858
731
588
433
271
107
-54
-210
-356
-490
-608
-710
-794
-859
-907
-936
-948
-943
-923
-889
-843
-786
-722
-653
-582
-513
-447
-389
-340
-303
-279
-269
-272
-288
-315
-350
-391
-435
-478
-515
-545
-562
-565
-550
-517
-464
-392
-302
-197
-80
45
175
304
429
545
648
735
804
853
881
890
881
856
818
771
720
669
621
580
548
528
520
523
537
557
582
607
630
646
654
650
634
605
564
512
451
383
311
238
166
98
37
-15
-58
-90
-111
-121
-120
-111
-94
-72
-46
-20
3
24
39
46
44
32
8
-25
-71
-129
-198
-277
-366
-463
-567
-676
-787
-900
-1011
-1119
-1219
-1309
-1388
-1450
-1496
-1521
-1525
-1506
-1465
-1400
-1312
-1204
-1077
-934
-777
-611
-437
-259
-81
94
265
431
590
741
884
1020
1148
1269
1383
1489
1587
1675
1752
1816
1864
1895
1905
1892
1855
1792
1702
1586
1445
1281
1098
900
690
475
260
51
-147
-331
-494
-634
-747
-833
-890
-918
-919
-894
-847
-780
-698
-605
-506
-406
-309
-221
-143
-81
-36
-8
0
-7
-30
-64
-105
-150
-193
-230
-257
-271
-270
-252
-219
-169
-106
-31
50
138
226
311
389
456
508
541
554
544
509
449
364
255
124
-26
-192
-370
-555
-744
-932
-1115
-1288
-1448
-1591
-1716
-1819
-1899
-1956
-1988
-1998
-1985
-1951
-1899
-1830
-1747
-1653
-1550
-1439
-1321
-1198
-1069
-934
-793
-646
-491
-329
-160
15
197
385
575
766
956
1141
1318
1484
1634
1765
1874
1958
2016
2046
2048
2025
1979
1914
1834
1743
1648
1551
1458
1372
1293
1223
1161
1105
1052
999
942
876
799
707
598
470
325
163
-11
-195
-382
-566
-740
-897
-1032
-1137
-1210
-1247
-1248
-1215
-1149
-1055
-938
-807
-666
-525
-388
-264
-156
-70
-8
28
38
24
-13
-69
-142
-225
-314
-404
-490
-568
-633
-684
-718
-733
-730
-710
-673
-624
-564
-497
-425
-352
-280
-212
-150
-95
-47
-7
24
49
68
81
91
97
102
107
112
120
130
144
162
186
216
251
293
341
394
453
515
579
644
708
770
826
876
918
949
968
974
966
944
907
856
792
715
628
532
431
326
221
120
24
-63
-139
-203
-253
-287
-307
-311
-303
-282
-251
-213
-170
-126
-82
-41
-7
18
35
41
35
17
-11
-50
-98
-152
-211
-270
-329
-383
-430
-469
-497
-514
-518
-509
-488
-456
-414
-364
-307
-247
-184
-123
-65
-12
33
72
101
121
133
136
133
125
112
97
82
68
56
48
43
43
48
56
69
84
102
122
141
161
179
196
212
226
239
251
263
275
287
300
312
324
334
342
346
345
337
321
297
264
221
169
108
39
-36
-117
-202
-289
-374
-457
-533
-600
-657
-701
-732
-747
-748
-735
-709
-672
-626
-575
-521
-468
-419
-378
-345
-325
-318
-325
-346
-379
-424
-476
-533
-592
-646
-693
-728
-746
-745
-722
-675
-605
-510
-395
-261
-112
45
207
368
520
660
782
881
955
1002
1022
1015
982
929
857
772
679
583
487
397
314
243
183
135
99
74
57
47
41
38
35
30
23
13
1
-13
-30
-46
-62
-75
-84
-89
-87
-80
-66
-46
-23
3
31
58
82
101
113
116
109
93
67
31
-10
-59
-110
-161
-210
-253
-289
-315
-329
-331
-321
-299
-265
-223
-174
-120
-64
-9
42
89
129
161
183
197
201
196
184
167
145
121
97
74
56
44
38
41
51
69
93
124
159
197
235
272
306
336
360
377
387
389
382
368
346
318
284
245
203
157
110
62
12
-36
-85
-133
-180
-225
-269
-309
-347
-380
-408
-431
-448
-459
-463
-461
-452
-437
-417
-391
-361
-328
-292
-254
-215
-176
-137
-100
-65
-32
-1
25
49
70
88
103
115
124
133
140
148
156
166
179
194
213
235
260
288
317
348
377
405
429
447
459
463
458
443
417
382
338
285
226
163
98
33
-28
-85
-135
-177
-209
-232
-246
-251
-249
-242
-232
-221
-213
-209
-212
-223
-243
-272
-309
-354
-403
-454
-504
-550
-588
-614
-626
-623
-601
-562
-505
-431
-343
-244
-136
-24
88
199
303
397
479
547
599
635
654
658
648
627
597
560
521
480
441
405
374
347
326
308
292
276
257
233
202
161
109
47
-26
-110
-202
-298
-397
-494
-586
-669
-739
-794
-832
-852
-851
-831
-792
-736
-664
-578
-482
-378
-270
-160
-52
50
144
229
301
360
404
433
448
449
438
417
387
351
312
272
234
199
170
149
137
133
139
153
175
203
237
274
311
348
382
411
434
448
454
451
438
416
386
349
307
261
214
166
120
76
36
0
-30
-58
-81
-101
-118
-133
-147
-161
-175
-188
-203
-217
-231
-245
-257
-266
-273
-276
-275
-270
-260
-246
-229
-210
-191
-174
-161
-154
-156
-167
-190
-223
-268
-323
-386
-454
-524
-594
-658
-715
-761
-795
-814
-818
-807
-783
-745
-697
-640
-576
-507
-434
-358
-279
-199
-116
-31
55
144
234
324
414
500
582
657
724
779
821
850
864
863
847
819
781
733
681
625
570
517
470
429
395
369
350
336
325
315
303
286
262
229
184
128
59
-19
-107
-202
-300
-397
-490
-575
-647
-703
-740
-756
-749
-718
-664
-589
-495
-386
-267
-143
-20
94
197
282
346
385
398
386
351
295
225
145
61
-20
-93
-153
-196
-218
-220
-201
-163
-109
-42
31
108
182
249
303
341
360
357
332
284
215
126
19
-100
-230
-365
-500
-631
-752
-859
-947
-1012
-1051
-1062
-1044
-998
-925
-830
-716
-589
-456
-323
-198
-86
5
74
117
132
121
86
29
-44
-129
-219
-309
-390
-458
-507
-532
-529
-496
-432
-336
-212
-61
111
301
503
711
919
1121
1313
1490
1649
1786
1899
1987
2050
2086
2096
2080
2038
1971
1879
1764
1624
1462
1278
1074
852
614
363
104
-159
-421
-677
-920
-1145
-1346
-1518
-1655
-1755
-1815
-1834
-1813
-1754
-1660
-1537
-1390
-1226
-1052
-876
-702
-539
-390
-259
-149
-60
5
50
77
87
84
70
49
23
-4
-32
-58
-80
-98
-110
-115
-113
-104
-86
-59
-24
19
71
132
199
271
348
426
503
578
646
707
757
795
820
830
826
806
774
729
673
608
538
463
386
310
238
171
110
58
15
-17
-40
-55
-61
-61
-55
-45
-33
-21
-10
-2
0
-2
-11
-28
-53
-85
-123
-168
-216
-267
-318
-367
-414
-456
-492
-522
-546
-563
-575
-581
-582
-580
-574
-565
-553
-538
-520
-499
-475
-446
-412
-373
-330
-281
-228
-170
-109
-44
21
89
157
225
291
356
418
476
531
579
622
658
685
704
712
711
698
675
642
600
550
493
431
367
303
240
180
126
77
36
3
-22
-40
-52
-58
-60
-59
-56
-54
-54
-57
-65
-79
-99
-127
-161
-201
-247
-296
-347
-398
-446
-490
-528
-557
-577
-588
-588
-578
-559
-532
-499
-460
-417
-373
-327
-281
-236
-193
-151
-111
-73
-36
-1
31
63
93
120
145
166
183
195
201
200
192
176
153
123
87
47
4
-38
-81
-119
-152
-177
-193
-198
-192
-175
-147
-110
-64
-13
41
98
153
206
254
296
331
360
381
397
407
412
414
414
412
409
405
400
394
386
377
365
351
332
310
283
250
213
171
124
73
19
-36
-93
-149
-204
-255
-301
-342
-375
-401
-419
-428
-429
-422
-407
-385
-358
-327
-293
-258
-222
-188
-157
-128
-102
-80
-62
-46
-34
-23
-13
-4
4
15
27
41
58
77
99
124
150
178
205
232
257
278
295
307
313
311
303
286
263
232
195
154
110
64
18
-24
-63
-96
-123
-142
-154
-157
-153
-143
-128
-110
-90
-69
-51
-35
-25
-19
-20
-27
-41
-61
-87
-116
-149
-182
-216
-249
-279
-305
-327
-343
-355
-360
-360
-354
-343
-325
-303
-275
-242
-205
-165
-123
-79
-35
7
49
88
123
153
178
198
211
218
219
213
202
186
165
142
115
88
60
33
8
-13
-32
-47
-58
-63
-63
-58
-48
-33
-15
6
29
53
77
99
117
131
140
142
139
129
112
91
65
37
6
-24
-54
-82
-106
-126
-141
-151
-154
-153
-146
-135
-121
-103
-84
-63
-41
-18
4
26
49
72
95
118
142
165
188
210
230
248
264
276
283
285
282
273
257
236
209
177
141
102
61
19
-21
-60
-96
-128
-155
-177
-193
-203
-208
-206
-200
-189
-173
-154
-132
-108
-83
-58
-33
-8
13
33
50
65
76
84
89
91
90
88
84
79
73
66
60
54
48
43
39
36
34
32
31
31
31
33
34
37
41
45
51
58
66
76
87
100
113
128
142
157
171
183
194
203
209
212
211
206
196
182
162
138
108
73
35
-6
-51
-98
-144
-190
-233
-274
-310
-342
-368
-390
-407
-418
-426
