-1274
-1160
-1028
-881
-725
-561
-393
-226
-59
102
260
413
559
698
830
953
1067
1168
1255
1324
1372
1396
1392
1360
1296
1202
1080
932
764
583
395
210
35
-120
-251
-351
-417
-446
-441
-403
-336
-248
-145
-34
74
175
261
327
367
381
366
324
257
167
59
-63
-196
-335
-476
-615
-750
-879
-999
-1109
-1207
-1293
-1366
-1425
-1470
-1498
-1511
-1507
-1485
-1446
-1390
-1317
-1228
-1125
-1009
-882
-748
-607
-465
-322
-183
-48
79
199
311
414
509
597
677
752
821
884
942
993
1036
1070
1093
1103
1098
1077
1039
984
912
827
730
627
523
423
335
263
213
188
191
221
276
355
451
558
672
784
889
981
1055
1110
1142
1152
1141
1109
1060
995
917
827
727
617
498
370
233
87
-67
-229
-397
-570
-745
-919
-1090
-1254
-1409
-1551
-1679
-1789
-1881
-1953
-2003
-2032
-2040
-2026
-1992
-1937
-1864
-1772
-1664
-1539
-1400
-1248
-1083
-909
-726
-537
-346
-155
32
213
385
545
691
823
942
1047
1142
1228
1307
1382
1454
1522
1587
1645
1696
1735
1758
1763
1745
1703
1634
1537
1414
1266
1095
905
701
487
270
54
-154
-352
-536
-703
-852
-982
-1095
-1191
-1273
-1342
-1399
-1445
-1481
-1503
-1511
-1501
-1471
-1417
-1338
-1233
-1101
-945
-768
-575
-372
-167
32
219
387
529
640
717
758
765
739
684
606
511
405
297
192
98
19
-39
-76
-89
-79
-48
1
65
140
220
302
380
453
516
568
608
636
651
654
647
629
603
569
530
486
440
391
342
294
247
201
159
119
83
49
18
-8
-33
-56
-76
-95
-113
-130
-148
-167
-189
-214
-243
-276
-313
-353
-394
-433
-468
-496
-513
-517
-506
-478
-435
-376
-306
-227
-144
-62
13
78
129
160
172
162
133
85
22
-51
-132
-216
-299
-376
-445
-503
-550
-583
-603
-609
-602
-583
-550
-504
-446
-375
-292
-195
-87
33
164
303
450
599
749
894
1032
1158
1268
1360
1431
1480
1507
1512
1495
1457
1401
1328
1241
1141
1031
914
790
662
533
404
277
154
36
-74
-177
-272
-358
-434
-500
-557
-605
-645
-676
-700
-717
-729
-735
-737
-733
-724
-710
-691
-666
-635
-596
-552
-500
-442
-379
-311
-239
-168
-97
-32
24
71
104
120
119
100
62
8
-60
-141
-230
-325
-422
-517
-608
-691
-766
-829
-881
-919
-944
-956
-956
-945
-922
-891
-852
-807
-757
-704
-650
-596
-543
-492
-443
-396
-352
-310
-270
-230
-189
-148
-106
-61
-15
33
84
138
193
249
307
366
425
483
539
594
645
692
735
770
798
817
824
820
801
768
720
656
578
486
383
272
156
40
-70
-173
-263
-335
-387
-417
-423
-406
-368
-310
-236
-152
-61
29
115
191
253
296
319
319
298
256
197
123
39
-48
-137
-222
-299
-363
-414
-449
-467
-470
-456
-428
-388
-336
-275
-207
-132
-54
27
111
196
281
365
448
528
603
673
734
785
824
847
853
840
805
749
670
569
449
310
156
-7
-177
-348
-514
-672
-817
-944
-1051
-1135
-1196
-1233
-1246
-1236
-1205
-1155
-1086
-1002
-904
-794
-673
-542
-402
-255
-102
55
216
379
541
700
852
996
1127
1242
1338
1412
1463
1489
1489
1462
1411
1337
1241
1129
1003
868
729
592
461
341
238
154
94
57
45
58
94
151
224
310
406
505
606
701
789
865
927
971
996
1000
983
943
882
800
698
577
438
285
118
-56
-237
-421
-603
-780
-949
-1106
-1249
-1378
-1490
-1585
-1662
-1722
-1763
-1785
-1789
-1772
-1734
-1676
-1597
-1497
-1379
-1242
-1091
-927
-754
-575
-395
-217
-46
113
260
391
502
594
664
714
744
756
751
732
701
661
615
565
515
465
420
380
346
321
303
293
291
295
304
315
327
338
346
349
346
336
320
298
270
238
204
170
137
108
84
68
60
61
71
91
118
152
190
228
265
297
322
338
342
335
317
288
250
206
158
108
59
12
-30
-69
-104
-135
-165
-196
-229
-267
-314
-370
-438
-518
-610
-713
-824
-940
-1057
-1169
-1271
-1358
-1425
-1469
-1486
-1476
-1439
-1377
-1292
-1189
-1073
-948
-818
-690
-565
-446
-336
-235
-142
-57
19
91
160
225
289
351
413
473
532
587
636
679
712
736
747
746
732
706
670
626
574
519
462
405
350
299
251
209
170
136
104
73
44
14
-15
-47
-80
-114
-149
-183
-216
-248
-275
-299
-318
-332
-340
-341
-337
-327
-312
-291
-264
-232
-194
-149
-98
-38
28
105
191
286
389
500
616
734
852
966
1071
1163
1237
1290
1318
1318
1288
1228
1138
1020
877
712
529
335
133
-70
-271
-466
-651
-823
-979
-1118
-1240
-1342
-1426
-1491
-1538
-1568
-1581
-1580
-1565
-1538
-1502
-1457
-1404
-1344
-1278
-1205
-1125
-1037
-940
-833
-716
-588
-450
-302
-146
16
182
349
514
674
826
967
1094
1204
1296
1370
1424
1460
1478
1481
1470
1449
1418
1382
1340
1294
1245
1193
1139
1081
1019
953
882
807
726
640
550
456
359
260
160
61
-36
-129
-216
-296
-366
-426
-476
-514
-542
-561
-571
-576
-575
-572
-568
-563
-559
-554
-549
-542
-531
-514
-488
-453
-406
-347
-277
-197
-109
-17
74
164
246
317
374
415
438
443
430
402
360
308
249
187
125
68
18
-21
-49
-64
-65
-52
-27
8
52
102
154
203
248
283
305
311
301
272
225
162
85
-3
-99
-198
-296
-389
-474
-545
-603
-643
-665
-669
-656
-627
-584
-531
-469
-404
-338
-275
-219
-171
-134
-110
-100
-103
-120
-148
-185
-229
-276
-324
-368
-405
-433
-448
-450
-437
-412
-373
-325
-270
-210
-151
-95
-45
-5
24
41
45
37
20
-5
-36
-68
-99
-126
-146
-157
-159
-149
-129
-100
-62
-17
32
85
138
192
244
294
342
388
434
480
527
576
628
681
737
792
846
897
941
978
1004
1018
1020
1008
982
943
893
833
764
690
612
532
454
377
305
237
175
118
67
20
-21
-61
-99
-137
-176
-216
-260
-308
-362
-421
-487
-559
-636
-719
-805
-894
-983
-1069
-1151
-1225
-1290
-1342
-1380
-1401
-1404
-1388
-1353
-1298
-1226
-1139
-1039
-929
-815
-699
-588
-484
-392
-313
-249
-201
-168
-148
-137
-132
-128
-122
-110
-88
-54
-7
52
125
209
301
398
496
593
686
771
846
910
963
1003
1032
1050
1060
1062
1059
1052
1045
1037
1031
1027
1026
1028
1032
1038
1043
1048
1049
1046
1037
1020
995
960
916
863
802
734
660
582
500
415
328
236
140
39
-69
-187
-314
-450
-595
-747
-902
-1058
-1209
-1352
-1483
-1597
-1691
-1762
-1810
-1834
-1835
-1813
-1772
-1714
-1641
-1556
-1462
-1361
-1254
-1142
-1025
-903
-777
-644
-506
-362
-213
-59
95
251
405
553
693
822
937
1036
1118
1181
1226
1254
1265
1261
1244
1216
1180
1136
1087
1033
975
914
849
781
710
636
561
486
410
336
264
195
128
65
3
-55
-114
-172
-231
-292
-354
-417
-481
-543
-602
-654
-697
-727
-739
-731
-700
-645
-565
-463
-340
-202
-53
98
248
388
513
617
697
751
777
775
747
694
619
525
415
294
164
30
-104
-238
-366
-487
-597
-694
-778
-846
-898
-934
-952
-954
-939
-908
-861
-800
-726
-641
-546
-445
-341
-236
-135
-42
41
112
169
210
236
247
245
233
215
193
171
154
145
146
159
185
224
274
334
399
466
531
590
641
679
703
713
707
686
653
608
555
497
437
379
325
278
241
215
201
199
209
227
250
276
298
314
318
305
274
222
146
49
-68
-204
-354
-514
-678
-841
-998
-1142
-1268
-1372
-1450
-1498
-1514
-1496
-1444
-1359
-1243
-1099
-931
-745
-544
-337
-129
73
263
437
588
715
814
886
929
947
941
914
871
814
745
669
588
501
412
321
228
132
35
-62
-163
-263
-363
-460
-551
-632
-701
-752
-782
-786
-762
-708
-623
-509
-368
-204
-23
169
365
558
742
910
1058
1182
1280
1353
1399
1422
1424
1408
1377
1336
1286
1231
1171
1108
1040
968
889
803
709
605
491
368
238
103
-33
-169
-301
-426
-541
-645
-736
-816
-885
-945
-999
-1049
-1097
-1145
-1194
-1245
-1296
-1346
-1393
-1435
-1468
-1490
-1498
-1490
-1465
-1423
-1365
-1292
-1207
-1113
-1014
-913
-814
-723
-641
-571
-515
-474
-447
-432
-428
-432
-438
-444
-444
-435
-412
-373
-316
-239
-142
-25
109
258
420
590
764
938
1107
1267
1416
1548
1663
1756
1827
1872
1893
1888
1858
1805
1730
1636
1527
1405
1276
1142
1008
876
749
629
518
417
325
243
169
102
40
-17
-73
-129
-186
-245
-308
-374
-444
-518
-594
-674
-754
-833
-910
-982
-1048
-1104
-1150
-1183
-1203
-1208
-1200
-1178
-1143
-1097
-1041
-977
-907
-831
-752
-671
-590
-508
-428
-351
-276
-206
-141
-81
-29
15
52
82
104
120
130
135
137
139
141
145
153
166
185
211
245
287
337
394
457
527
602
680
761
843
924
1001
1074
1140
1195
1238
1266
1277
1268
1236
1182
1104
1000
874
724
555
369
170
-36
-245
-452
-650
-834
-999
-1141
-1256
-1342
-1399
-1426
-1425
-1400
-1353
-1289
-1212
-1126
-1034
-938
-840
-739
-634
-524
-406
-277
-135
21
193
380
582
793
1010
1226
1436
1630
1803
1947
2055
2122
2145
2123
2055
1943
1792
1606
1392
1156
906
648
389
134
-108
-337
-547
-733
-893
-1025
-1126
-1194
-1229
-1231
-1199
-1136
-1044
-927
-788
-634
-470
-301
-135
20
162
283
378
443
474
469
429
353
245
107
-54
-233
-421
-610
-791
-956
-1095
-1203
-1272
-1300
-1284
-1224
-1125
-990
-826
-642
-448
-252
-64
105
250
365
444
487
492
463
401
313
204
81
-48
-179
-304
-419
-518
-600
-662
-703
-725
-729
-716
-690
-652
-607
-556
-503
-450
-400
-355
-317
-288
-270
-263
-268
-285
-313
-349
-392
-438
-481
-517
-542
-551
-541
-509
-455
-379
-283
-171
-47
84
217
347
470
582
682
767
838
896
943
981
1011
1035
1055
1072
1087
1099
1109
1115
1118
1116
1111
1100
1086
1068
1047
1024
1001
979
958
940
926
915
908
903
901
898
893
883
866
838
797
742
670
580
473
350
211
60
-99
-264
-431
-596
-753
-900
-1033
-1149
-1245
-1320
-1374
-1406
-1417
-1409
-1382
-1339
-1283
-1216
-1142
-1064
-985
-908
-838
-777
-727
-692
-672
-668
-682
-710
-753
-807
-869
-935
-1000
-1060
-1110
-1144
-1159
-1152
-1118
-1058
-970
-855
-715
-553
-372
-175
33
250
471
694
914
1129
1336
1530
1709
1870
2008
2121
2204
2254
2269
2247
2185
2085
1946
1773
1567
1336
1086
823
556
293
41
-191
-399
-578
-724
-837
-915
-961
-978
-969
-940
-895
-841
-784
-728
-677
-635
-604
-583
-572
-568
-567
-564
-554
-533
-496
-439
-359
-256
-129
18
185
367
559
756
951
1141
1320
1483
1628
1750
1847
1919
1963
1980
1968
1929
1861
1766
1643
1494
1318
1118
894
648
383
103
-188
-487
-788
-1084
-1369
-1638
-1884
-2101
-2286
-2435
-2546
-2619
-2653
-2650
-2611
-2538
-2432
-2296
-2132
-1940
-1724
-1486
-1229
-958
-677
-394
-115
150
397
615
799
943
1043
1096
1103
1066
988
875
732
569
392
208
26
-148
-310
-455
-580
-684
-766
-826
