-1853
-1851
-1824
-1772
-1696
-1597
-1475
-1330
-1164
-979
-776
-560
-335
-107
118
336
538
721
880
1012
1117
1195
1250
1283
1301
1306
1304
1298
1290
1284
1278
1273
1266
1255
1237
1209
1169
1114
1042
953
848
728
596
455
309
162
20
-112
-232
-335
-419
-481
-519
-533
-524
-492
-440
-369
-283
-184
-75
39
159
279
399
515
627
732
830
918
996
1062
1114
1153
1175
1179
1164
1127
1067
983
874
739
577
390
178
-55
-311
-586
-876
-1180
-1492
-1811
-2129
-2444
-2747
-3033
-3294
-3523
-3711
-3853
-3941
-3972
-3943
-3852
-3701
-3493
-3234
-2929
-2586
-2215
-1822
-1418
-1011
-608
-216
158
512
841
1144
1419
1668
1889
2085
2256
2403
2528
2631
2711
2767
2800
2808
2790
2745
2672
2572
2447
2297
2125
1937
1735
1527
1316
1109
912
728
564
420
301
206
135
86
59
50
56
74
100
133
168
204
237
267
290
306
311
304
282
244
188
113
17
-97
-231
-382
-547
-722
-903
-1083
-1257
-1418
-1559
-1674
-1758
-1805
-1811
-1774
-1694
-1573
-1414
-1223
-1008
-776
-538
-302
-79
122
295
434
536
597
618
602
553
475
375
259
136
11
-108
-217
-311
-384
-435
-461
-460
-432
-378
-300
-198
-76
61
212
371
534
695
851
997
1127
1239
1330
1395
1435
1449
1436
1397
1335
1252
1152
1037
912
780
645
510
378
252
134
26
-70
-155
-228
-288
-337
-376
-405
-425
-438
-446
-448
-447
-443
-437
-428
-417
-404
-388
-371
-351
-330
-309
-290
-273
-262
-258
-264
-281
-309
-350
-402
-463
-533
-606
-679
-748
-809
-855
-883
-889
-871
-825
-751
-651
-526
-379
-216
-42
135
310
475
624
751
849
916
950
951
918
856
769
661
539
408
274
144
21
-89
-186
-266
-328
-374
-402
-415
-414
-401
-379
-349
-315
-279
-242
-207
-175
-148
-125
-107
-94
-86
-81
-78
-76
-72
-65
-54
-36
-9
25
69
123
185
254
326
400
470
535
589
628
650
651
629
585
518
429
322
200
68
-69
-205
-337
-457
-561
-645
-707
-745
-758
-748
-717
-669
-607
-536
-462
-390
-324
-267
-224
-196
-185
-189
-209
-242
-285
-334
-386
-435
-477
-508
-524
-521
-498
-453
-386
-299
-193
-71
60
200
343
483
615
737
843
932
1001
1051
1079
1089
1081
1058
1022
976
922
864
802
739
676
612
547
483
417
350
282
213
145
78
14
-43
-94
-135
-166
-185
-190
-182
-161
-128
-84
-32
26
88
150
209
262
305
334
348
344
321
280
219
143
52
-48
-157
-269
-382
-493
-601
-704
-803
-898
-991
-1083
-1176
-1270
-1368
-1468
-1571
-1675
-1778
-1877
-1968
-2048
-2113
-2159
-2181
-2177
-2142
-2074
-1972
-1836
-1667
-1466
-1239
-988
-720
-438
-148
144
437
725
1006
1278
1538
1785
2016
2230
2425
2599
2750
2875
2973
3043
3084
3095
3077
3030
2956
2856
2732
2586
2419
2234
2033
1820
1596
1365
1129
894
660
433
215
8
-183
-360
-520
-663
-789
-899
-994
-1077
-1149
-1214
-1274
-1330
-1387
-1445
-1505
-1567
-1632
-1699
-1765
-1828
-1886
-1935
-1975
-2001
-2013
-2009
-1988
-1950
-1897
-1830
-1750
-1661
-1565
-1465
-1363
-1262
-1164
-1070
-980
-894
-810
-726
-638
-545
-442
-327
-197
-51
110
288
480
683
892
1103
1311
1511
1698
1867
2015
2139
2237
2308
2352
2370
2364
2335
2286
2220
2140
2047
1946
1838
1724
1605
1482
1354
1220
1080
932
775
608
432
247
56
-140
-338
-534
-725
-905
-1072
-1222
-1351
-1457
-1537
-1590
-1616
-1614
-1587
-1535
-1462
-1370
-1264
-1146
-1021
-894
-767
-645
-531
-427
-335
-257
-192
-142
-104
-79
-63
-54
-50
-48
-44
-36
-21
2
37
83
139
206
280
358
437
513
580
636
674
694
691
665
616
546
456
351
236
114
-7
-124
-231
-325
-402
-461
-499
-519
-521
-508
-482
-447
-406
-361
-314
-266
-219
-171
-121
-70
-16
41
104
170
239
310
380
447
507
558
596
620
628
617
588
542
478
400
309
208
102
-7
-116
-222
-322
-414
-496
-566
-624
-669
-700
-718
-723
-716
-697
-668
-629
-582
-529
-471
-409
-344
-280
-216
-154
-97
-45
0
39
69
89
101
103
96
81
59
30
-2
-38
-75
-110
-141
-167
-183
-190
-184
-164
-130
-80
-14
64
157
259
369
483
596
703
801
886
954
1001
1027
1032
1015
979
927
862
789
713
637
565
501
445
399
363
333
308
285
259
226
185
131
64
-16
-109
-213
-323
-435
-545
-646
-734
-804
-851
-874
-869
-838
-781
-702
-603
-490
-368
-243
-121
-6
96
183
251
300
328
337
327
302
263
215
158
98
36
-25
-83
-138
-186
-227
-262
-289
-310
-324
-332
-337
-337
-335
-330
-324
-316
-306
-295
-283
-267
-249
-229
-205
-177
-146
-113
-76
-36
4
48
94
142
191
243
296
351
408
467
527
589
650
710
768
822
870
911
942
964
975
974
962
940
907
864
813
753
684
606
517
416
303
174
31
-127
-301
-488
-684
-885
-1086
-1280
-1461
-1623
-1758
-1862
-1931
-1962
-1955
-1910
-1829
-1718
-1580
-1421
-1247
-1065
-881
-699
-524
-362
-214
-83
28
120
194
250
290
315
329
334
333
330
327
328
334
348
373
408
454
512
579
656
738
823
907
987
1058
1115
1156
1178
1176
1151
1102
1029
934
819
689
547
398
248
102
-33
-155
-258
-338
-391
-415
-410
-376
-315
-231
-127
-11
111
232
345
442
515
560
571
546
482
382
246
80
-111
-320
-541
-762
-977
-1175
-1348
-1490
-1594
-1656
-1673
-1645
-1573
-1460
-1313
-1138
-942
-735
-523
-316
-121
56
210
338
438
509
552
570
565
541
503
454
399
341
285
233
188
152
127
111
105
107
113
122
128
128
119
97
58
2
-71
-163
-271
-391
-519
-652
-782
-906
-1017
-1110
-1181
-1226
-1242
-1228
-1183
-1109
-1006
-879
-729
-563
-383
-195
-3
189
378
562
738
903
1056
1196
1320
1428
1519
1592
1647
1683
1701
1701
1684
1653
1607
1550
1481
1403
1316
1221
1118
1008
891
767
637
501
362
221
79
-59
-193
-319
-435
-537
-625
-696
-750
-788
-810
-819
-818
-809
-795
-782
-770
-764
-764
-773
-789
-813
-844
-880
-918
-957
-993
-1024
-1047
-1060
-1058
-1040
-1004
-947
-868
-766
-641
-495
-329
-147
46
247
450
650
840
1017
1177
1316
1433
1529
1606
1667
1715
1756
1794
1833
1879
1933
1997
2071
2154
2242
2333
2420
2499
2563
2607
2625
2610
2557
2461
2317
2121
1870
1563
1198
777
303
-217
-778
-1368
-1974
-2584
-3182
-3752
-4278
-4745
-5140
-5451
-5669
-5789
-5809
-5729
-5555
-5294
-4958
-4557
-4107
-3622
-3116
-2602
-2092
-1597
-1124
-680
-269
105
443
745
1010
1240
1437
1602
1736
1840
1918
1970
1999
2008
2001
1980
1950
1914
1877
1841
1810
1786
1768
1758
1752
1750
1747
1740
1726
1700
1659
1603
1529
1440
1335
1220
1096
970
845
727
619
526
448
388
343
314
295
284
275
263
244
213
167
103
21
-79
-195
-326
-467
-614
-764
-911
-1052
-1184
-1303
-1407
-1494
-1563
-1614
-1645
-1657
-1651
-1627
-1587
-1530
-1460
-1377
-1283
-1182
-1076
-966
-857
-750
-647
-550
-461
-381
-308
-244
-188
-138
-93
-52
-14
22
58
95
134
174
215
257
299
341
382
422
460
495
528
558
587
613
638
662
685
707
729
752
774
796
817
838
856
871
882
887
885
874
853
820
775
716
643
557
459
350
234
113
-8
-127
-240
-342
-430
-502
-557
-593
-610
-611
-595
-567
-527
-480
-428
-372
-315
-259
-204
-152
-102
-54
-9
33
74
115
155
195
236
277
320
365
411
460
511
564
620
679
740
802
865
928
990
1048
1100
1145
1180
1203
1213
1208
1188
1151
1098
1030
948
853
747
634
514
391
267
145
26
-88
-197
-300
-398
-490
-578
-662
-742
-820
-896
-969
-1040
-1108
-1172
-1231
-1285
-1332
-1372
-1403
-1424
-1436
-1436
-1426
-1403
-1368
-1322
-1264
-1195
-1116
-1029
-936
-839
-740
-642
-548
-460
-380
-310
-251
-203
-165
-135
-113
-96
-80
-63
-43
-17
17
60
113
174
243
316
391
464
531
588
633
661
672
664
638
594
536
467
389
306
222
139
61
-9
-72
-127
-173
-211
-241
-263
-279
-289
-294
-293
-287
-277
-263
-244
-222
-197
-170
-142
-115
-88
-64
-43
-25
-10
2
14
25
39
56
78
107
145
192
249
315
390
471
558
646
733
815
888
950
998
1028
1039
1030
1002
954
888
807
713
610
499
383
267
151
38
-69
-170
-263
-346
-420
-483
-535
-574
-603
-620
-625
-621
-609
-589
-565
-537
-509
-483
-460
-442
-431
-427
-431
-442
-459
-483
-511
-542
-574
-606
-636
-663
-685
-701
-710
-710
-700
-680
-649
-606
-552
-485
-407
-319
-220
-113
0
118
239
360
479
592
699
797
884
961
1026
1081
1126
1161
1188
1208
1220
1225
1223
1212
1192
1162
1121
1068
1003
926
839
742
639
532
424
320
221
131
51
-15
-70
-112
-145
-170
-191
-210
-232
-260
-297
-345
-405
-480
-567
-665
-773
-886
-1001
-1114
-1220
-1314
-1392
-1449
-1483
-1490
-1470
-1422
-1345
-1244
-1119
-975
-818
-651
-481
-312
-150
0
135
253
352
432
494
539
570
591
605
617
630
648
673
708
752
806
868
935
1004
1071
1131
1181
1215
1233
1230
1205
1158
1088
997
886
756
610
451
283
110
-64
-236
-400
-552
-687
-801
-891
-953
-987
-991
-965
-911
-831
-728
-606
-470
-326
-178
-34
100
220
319
392
434
442
413
346
242
104
-64
-259
-470
-691
-910
-1120
-1310
-1471
-1596
-1679
-1716
-1706
-1649
-1546
-1402
-1223
-1014
-784
-541
-292
-46
189
409
607
777
917
1025
1099
1140
1149
1129
1083
1015
928
828
720
606
493
382
277
180
93
18
-45
-96
-134
-159
-172
-174
-164
-143
-114
-75
-28
26
87
154
226
302
379
455
526
590
642
679
696
690
659
600
512
395
251
83
-104
-307
-521
-737
-951
-1157
-1347
-1518
-1665
-1786
-1877
-1938
-1969
-1971
-1943
-1889
-1809
-1706
-1582
-1438
-1277
-1100
-910
-709
-499
-283
-62
158
378
593
800
995
1176
1340
1485
1608
1708
1785
1837
1866
1873
1858
1822
1769
1699
1615
1518
1410
1293
1167
1034
897
755
611
466
322
180
43
-87
-209
-321
-421
-506
-575
-627
-661
-676
-673
-651
-614
-562
-499
-427
-350
-271
-193
-119
-52
5
54
93
122
142
155
163
167
171
176
185
198
218
244
276
314
356
401
445
486
522
551
569
575
569
550
518
476
423
364
299
231
161
90
19
-51
-122
-195
-270
-347
-426
-506
-586
-663
-733
-793
-839
-867
-874
-857
-815
-749
-661
-553
-430
-299
-166
-37
80
182
262
317
346
347
323
276
210
130
40
-53
-147
-235
-313
-378
-428
-462
-478
-476
-458
-425
-380
-324
-260
-192
-122
-52
14
77
135
187
231
270
302
328
348
364
376
384
390
393
395
394
393
391
388
384
381
378
376
376
378
382
388
398
410
424
439
455
469
480
486
485
475
454
423
379
324
258
181
98
9
-82
-173
-262
-344
-419
-485
-540
-583
-616
-638
-651
-656
-656
-651
-644
-637
-629
-623
