72
59
47
37
27
19
11
2
-5
-13
-22
-30
-39
-48
-56
-63
-70
-75
-80
-84
-87
-90
-92
-93
-94
-95
-94
-93
-91
-88
-84
-78
-71
-64
-55
-45
-35
-23
-12
0
13
26
40
54
69
84
99
114
128
140
150
157
160
158
151
137
118
92
60
23
-17
-60
-105
-149
-191
-228
-261
-287
-305
-316
-318
-312
-298
-278
-252
-221
-186
-149
-111
-74
-37
-3
28
56
81
101
118
131
140
145
146
144
137
125
109
87
60
27
-10
-53
-99
-147
-195
-240
-281
-313
-337
-349
-349
-335
-309
-271
-223
-166
-103
-36
31
97
160
219
271
316
355
388
415
438
459
478
497
517
537
559
582
605
628
649
666
679
686
686
677
659
631
592
543
485
417
341
259
172
82
-8
-98
-185
-267
-343
-411
-469
-518
-556
-582
-597
-602
-596
-580
-556
-524
-486
-443
-397
-349
-301
-254
-209
-167
-130
-97
-69
-46
-26
-10
3
17
32
49
70
96
127
164
207
256
308
364
419
474
524
569
606
633
648
652
643
622
589
545
492
432
365
295
223
150
80
11
-53
-114
-171
-225
-276
-325
-372
-420
-467
-516
-566
-617
-670
-723
-776
-828
-878
-924
-967
-1005
-1037
-1063
-1083
-1098
-1108
-1114
-1118
-1120
-1122
-1123
-1124
-1124
-1122
-1117
-1105
-1084
-1052
-1006
-942
-860
-756
-631
-485
-318
-134
65
275
491
709
922
1126
1315
1485
1633
1756
1852
1920
1960
1974
1963
1929
1876
1806
1722
1627
1523
1413
1298
1181
1062
941
821
701
583
465
349
236
125
17
-85
-184
-278
-365
-445
-518
-583
-639
-687
-727
-758
-783
-800
-812
-818
-820
-819
-815
-808
-799
-787
-773
-756
-735
-710
-681
-647
-608
-565
-517
-467
-414
-359
-305
-251
-200
-153
-111
-74
-43
-19
-2
7
11
10
5
-3
-13
-23
-32
-39
-42
-41
-35
-23
-5
17
45
78
115
155
198
241
284
326
366
403
435
462
483
497
505
506
500
488
471
449
424
396
367
339
312
287
266
250
238
232
231
235
243
253
266
279
290
297
300
297
286
266
239
203
160
110
56
-1
-60
-118
-174
-224
-269
-305
-332
-350
-357
-355
-344
-325
-298
-267
-231
-193
-154
-115
-78
-42
-9
20
47
72
94
114
132
150
166
182
197
211
223
234
242
247
248
245
238
226
209
189
165
139
111
82
52
23
-4
-31
-56
-81
-105
-129
-153
-177
-202
-229
-257
-287
-318
-350
-382
-413
-444
-472
-498
-520
-538
-551
-559
-563
-562
-555
-545
-530
-511
-488
-463
-435
-404
-371
-337
-301
-264
-227
-189
-150
-111
-72
-33
5
44
84
123
162
200
236
271
303
332
357
378
395
406
413
415
412
405
394
379
362
342
320
298
274
251
227
205
184
164
145
127
111
95
79
63
45
27
6
-16
-41
-68
-96
-125
-155
-183
-210
-235
-255
-272
-283
-289
-289
-282
-270
-252
-228
-200
-167
-132
-94
-55
-16
22
59
93
124
150
172
188
197
200
195
184
166
141
112
78
41
3
-33
-68
-100
-126
-146
-159
-164
-162
-152
-135
-113
-85
-55
-23
9
40
69
95
117
134
147
156
161
163
163
161
157
154
150
147
144
141
138
135
131
124
116
104
90
72
52
30
6
-18
-42
-65
-86
-103
-117
-127
-133
-134
-132
-126
-117
-107
-94
-81
-68
-56
-44
-33
-22
-13
-4
4
13
24
35
49
64
82
102
123
146
169
191
212
229
242
250
252
247
235
217
192
160
124
83
39
-5
-50
-94
-135
-172
-204
-230
-250
-264
-273
-275
-274
-269
-261
-252
-244
-236
-229
-223
-219
-216
-214
-212
-210
-208
-205
-200
-195
-188
-181
-172
-162
-151
-139
-125
-109
-90
-68
-44
-16
14
48
84
121
159
197
233
266
295
319
337
348
352
348
337
318
292
260
223
182
138
94
50
8
-30
-64
-92
-114
-129
-137
-139
-135
-125
-111
-94
-74
-53
-33
-13
4
19
31
39
44
46
44
40
34
27
19
11
3
-4
-11
-17
-23
-28
-33
-36
-38
-38
-36
-32
-25
-15
-1
15
35
58
83
110
138
165
191
215
234
249
258
261
256
244
226
200
169
134
96
56
16
-22
-57
-89
-117
-139
-155
-167
-173
-174
-171
-165
-156
-145
-134
-122
-111
-102
-95
-90
-87
-86
-88
-91
-95
-99
-104
-107
-110
-110
-109
-106
-101
-94
-87
-78
-70
-62
-55
-50
-47
-45
-46
-49
-54
-60
-67
-76
-85
-95
-105
-115
-124
-133
-140
-146
-151
-153
-154
-151
-146
-138
-128
-114
-97
-78
-57
-35
-12
10
32
54
73
89
103
114
122
128
131
133
135
137
140
144
150
159
170
183
199
215
232
248
263
276
285
290
291
287
278
264
246
224
201
176
151
127
105
87
72
61
53
50
49
50
53
56
58
59
57
53
45
33
19
2
-16
-37
-59
-80
-102
-122
-141
-159
-174
-188
-199
-208
-216
-221
-226
-229
-233
-236
-239
-243
-247
-252
-258
-264
-271
-277
-282
-287
-290
-291
-289
-285
-277
-266
-252
-233
-211
-185
-157
-126
-94
-61
-28
3
32
60
84
105
122
136
146
154
160
163
164
165
165
165
165
165
166
167
169
172
174
177
178
179
179
177
174
169
162
155
146
137
127
117
108
99
91
84
77
71
65
59
53
48
43
38
33
30
28
27
28
31
36
43
51
60
69
79
88
95
101
105
107
106
103
97
90
80
69
57
44
31
18
5
-6
-17
-27
-35
-42
-47
-50
-53
-53
-53
-51
-48
-44
-40
-34
-29
-23
-17
-12
-8
-5
-3
-4
-6
-11
-18
-28
-39
-52
-67
-83
-99
-116
-132
-147
-160
-172
-181
-188
-193
-196
-196
-195
-192
-188
-184
-179
-174
-169
-164
-160
-155
-150
-144
-137
-129
-120
-109
-96
-82
-67
-49
-31
-11
8
29
51
72
93
114
134
152
170
186
201
213
224
233
240
244
245
245
241
236
228
219
208
197
185
172
160
149
137
127
117
107
97
87
77
67
56
45
34
23
12
1
-7
-16
-24
-31
-37
-42
-46
-50
-53
-56
-59
-62
-66
-69
-72
-75
-77
-79
-80
-80
-79
-79
-78
-77
-77
-78
-82
-87
-95
-106
-119
-134
-150
-168
-185
-201
-214
-224
-229
-228
-222
-208
-187
-160
-126
-87
-44
1
48
94
138
178
212
240
261
273
278
274
264
246
224
197
167
137
105
75
47
22
0
-19
-36
-49
-60
-69
-76
-82
-87
-92
-96
-100
-103
-105
-107
-107
-105
-101
-94
-85
-73
-59
-43
-25
-6
12
31
48
64
77
88
96
101
103
102
98
92
83
73
62
49
36
23
11
0
-12
-21
-30
-37
-42
-45
-46
-46
-44
-41
-38
-36
-34
-33
-35
-39
-45
-54
-65
-78
-91
-104
-116
-126
-132
-134
-132
-126
-115
-99
-80
-57
-32
-5
22
50
77
101
123
141
156
166
171
171
166
157
144
127
107
84
58
32
4
-23
-49
-74
-97
-115
-130
-139
-143
-141
-134
-122
-107
-88
-68
-47
-29
-13
-1
4
4
-1
-14
-32
-54
-79
-105
-130
-152
-170
-181
-186
-183
-172
-153
-127
-96
-60
-22
16
53
87
117
140
156
164
165
158
144
124
99
71
41
10
-19
-46
-68
-86
-97
-101
-98
-88
-73
-52
-28
-3
22
45
64
78
86
85
76
58
31
-2
-43
-89
-139
-190
-241
-289
-332
-369
-398
-417
-426
-425
-413
-390
-358
-317
-267
-211
-151
-87
-21
44
108
169
226
277
323
363
397
425
447
463
474
481
482
480
473
462
447
428
406
380
352
322
290
257
224
191
160
131
104
79
57
37
20
5
-8
-19
-30
-40
-49
-57
-64
-71
-77
-82
-86
-89
-91
-92
-92
-92
-92
-93
-95
-99
-104
-111
-120
-131
-142
-154
-165
-176
-185
-191
-194
-194
-190
-183
-172
-158
-141
-123
-104
-84
-65
-47
-31
-17
-5
4
13
21
29
37
46
57
69
84
101
119
138
158
178
197
215
231
244
255
263
267
269
266
261
252
240
224
206
184
160
133
104
73
42
10
-21
-51
-78
-102
-122
-137
-148
-153
-153
-149
-142
-133
-124
-114
-107
-102
-100
-102
-108
-118
-130
-145
-161
-178
-193
-206
-216
-222
-224
-221
-214
-202
-186
-166
-144
-121
-96
-72
-48
-26
-5
12
30
45
59
72
84
95
106
117
128
138
147
155
162
166
169
169
166
161
153
142
129
114
98
82
65
50
36
23
12
3
-3
-8
-12
-14
-16
-17
-17
-18
-18
-19
-20
-21
-21
-21
-21
-21
-20
-18
-17
-16
-15
-15
-16
-18
-22
-27
-34
-43
-53
-65
-77
-90
-103
-115
-127
-138
-147
-155
-161
-164
-165
-163
-159
-153
-144
-134
-122
-109
-95
-80
-65
-50
-36
-22
-9
1
11
18
24
28
29
30
29
27
25
24
24
26
29
35
43
54
67
83
101
121
143
165
186
207
226
242
254
263
266
265
259
249
234
215
192
166
138
106
73
38
3
-33
-69
-104
-137
-168
-195
-219
-237
-251
-258
-260
-255
-244
-227
-205
-178
-148
-114
-79
-42
-6
28
60
90
116
139
158
173
184
192
196
198
196
193
186
178
168
157
143
128
112
95
78
59
41
23
7
-8
-22
-35
-45
-54
-60
-66
-70
-73
-76
-79
-83
-87
-92
-99
-106
-115
-125
-136
-147
-159
-171
-183
-194
-205
-215
-225
-233
-240
-246
-251
-254
-256
-257
-256
-252
-247
-238
-226
-211
-192
-169
-142
-111
-76
-39
0
42
83
125
165
202
236
267
292
313
328
338
342
340
333
320
303
282
258
230
201
170
138
106
76
46
18
-6
-30
-50
-67
-82
-93
-101
-107
-110
-111
-109
-107
-102
-97
-91
-85
-79
-72
-66
-60
-53
-47
-41
-34
-27
-19
-12
-3
5
14
24
34
45
55
65
74
82
88
93
95
95
93
89
82
74
64
54
43
31
20
8
-2
-13
-25
-37
-50
-64
-79
-96
-113
-132
-150
-169
-186
-201
-214
-223
-227
-226
-219
-207
-189
-165
-135
-102
-66
-27
12
51
89
124
156
184
207
225
238
247
250
249
245
236
224
209
191
172
150
128
106
84
62
42
24
8
-5
-16
-25
-31
-35
-37
-38
-37
-36
-35
-33
-32
-30
-28
-26
-23
-19
-14
-8
-1
6
15
25
35
44
53
59
64
66
65
60
51
39
23
4
-17
-40
-63
-86
-108
-128
-145
-160
-170
-178
-181
-181
-178
-172
-162
-150
-136
-119
-102
-83
-65
-47
-29
-13
0
13
24
33
41
46
51
54
56
56
56
54
51
47
43
38
32
25
18
11
3
-4
-12
-19
-27
-34
-40
-45
-49
-52
-53
-54
-53
-53
-51
-50
-49
-49
-48
