1757
1890
2028
2161
2279
2371
2424
2428
2372
2249
2055
1790
1457
1062
618
136
-366
-875
-1374
-1846
-2277
-2654
-2969
-3212
-3382
-3475
-3494
-3444
-3331
-3164
-2951
-2704
-2433
-2148
-1856
-1566
-1284
-1013
-755
-513
-287
-76
119
302
470
625
765
890
998
1088
1157
1204
1228
1228
1205
1160
1094
1013
919
819
718
621
536
465
414
386
380
398
437
494
566
647
733
817
895
962
1013
1045
1055
1042
1004
942
858
753
630
493
346
193
38
-114
-261
-398
-523
-634
-729
-806
-866
-906
-928
-931
-916
-884
-836
-773
-699
-615
-524
-428
-330
-232
-137
-47
36
111
175
229
270
299
315
319
311
293
264
227
182
130
74
14
-47
-109
-170
-226
-277
-318
-348
-363
-360
-337
-292
-224
-133
-19
113
262
422
586
748
901
1036
1149
1233
1283
1298
1275
1217
1124
1003
857
695
522
346
172
6
-147
-286
-409
-517
-611
-692
-763
-827
-885
-941
-993
-1042
-1087
-1125
-1155
-1173
-1176
-1161
-1128
-1076
-1004
-914
-809
-692
-567
-437
-308
-183
-66
40
134
215
282
338
383
421
455
490
529
575
633
705
792
896
1015
1148
1293
1445
1598
1748
1886
2007
2102
2165
2190
2170
2103
1984
1814
1592
1320
1002
645
254
-161
-591
-1024
-1451
-1858
-2235
-2571
-2857
-3087
-3254
-3355
-3388
-3356
-3260
-3106
-2898
-2645
-2353
-2031
-1688
-1331
-970
-612
-265
63
369
646
891
1099
1269
1400
1492
1545
1563
1547
1500
1426
1330
1214
1084
943
795
644
491
340
192
49
-85
-213
-333
-442
-541
-628
-702
-762
-806
-833
-842
-830
-798
-742
-664
-562
-435
-286
-115
75
283
505
737
973
1209
1439
1658
1862
2045
2204
2335
2436
2505
2541
2541
2506
2436
2330
2189
2015
1809
1576
1318
1041
751
453
155
-135
-415
-676
-916
-1130
-1317
-1478
-1613
-1725
-1817
-1894
-1960
-2019
-2075
-2131
-2188
-2249
-2311
-2376
-2441
-2504
-2563
-2616
-2661
-2697
-2723
-2739
-2745
-2742
-2731
-2714
-2690
-2660
-2622
-2575
-2515
-2439
-2342
-2217
-2061
-1868
-1633
-1355
-1033
-668
-263
177
645
1134
1633
2133
2624
3095
3537
3940
4297
4600
4844
5026
5142
5192
5178
5101
4967
4779
4545
4269
3958
3620
3259
2883
2495
2102
1707
1314
926
545
174
-185
-531
-861
-1174
-1468
-1740
-1989
-2213
-2409
-2578
-2716
-2824
-2901
-2948
-2965
-2955
-2919
-2858
-2777
-2676
-2559
-2428
-2284
-2130
-1966
-1793
-1613
-1426
-1235
-1041
-845
-651
-461
-277
-103
58
206
338
451
546
621
677
713
732
734
722
697
662
619
573
524
476
431
391
357
330
310
297
290
287
287
288
287
284
278
268
254
237
219
202
189
181
182
193
216
252
303
368
447
539
642
755
874
998
1122
1243
1357
1461
1550
1622
1673
1700
1701
1674
1620
1536
1425
1287
1124
939
734
512
278
36
-211
-458
-701
-934
-1153
-1354
-1531
-1681
-1801
-1887
-1939
-1955
-1936
-1885
-1805
-1699
-1574
-1434
-1287
-1138
-992
-853
-724
-607
-503
-411
-328
-253
-183
-116
-49
17
87
159
232
306
380
452
521
586
648
705
759
811
863
918
979
1047
1124
1212
1310
1416
1526
1637
1740
1829
1895
1932
1932
1891
1804
1670
1491
1270
1013
728
423
107
-208
-516
-806
-1071
-1305
-1504
-1665
-1787
-1872
-1921
-1938
-1928
-1893
-1840
-1773
-1695
-1611
-1522
-1431
-1339
-1248
-1159
-1072
-988
-909
-834
-764
-699
-640
-586
-536
-489
-444
-398
-350
-298
-242
-180
-112
-39
37
117
198
279
356
428
493
548
593
625
645
652
645
625
592
547
491
426
354
275
193
109
24
-57
-135
-207
-271
-325
-367
-396
-411
-410
-392
-358
-306
-238
-155
-59
45
156
270
381
486
581
662
728
777
808
824
825
815
794
767
736
703
670
637
606
577
548
518
488
456
420
381
337
288
235
177
115
51
-15
-82
-149
-214
-276
-335
-389
-438
-482
-520
-553
-581
-604
-622
-636
-645
-649
-648
-641
-628
-607
-579
-542
-498
-444
-383
-314
-239
-157
-70
21
116
213
313
414
515
616
716
812
905
991
1068
1135
1187
1223
1240
1236
1210
1159
1084
985
865
723
565
392
208
18
-173
-364
-550
-727
-893
-1045
-1182
-1301
-1404
-1490
-1559
-1611
-1646
-1665
-1667
-1652
-1617
-1563
-1488
-1391
-1272
-1130
-968
-786
-589
-380
-163
55
269
473
661
828
970
1083
1166
1218
1239
1233
1202
1152
1087
1011
932
853
780
715
661
620
591
574
568
569
576
584
592
597
595
585
564
531
484
423
346
254
147
26
-105
-247
-394
-542
-688
-826
-952
-1061
-1150
-1216
-1257
-1271
-1258
-1219
-1156
-1069
-964
-842
-708
-566
-420
-274
-131
3
128
239
337
420
488
542
583
614
635
649
656
656
650
635
612
578
534
479
412
337
255
170
86
7
-61
-115
-152
-169
-165
-141
-99
-42
24
96
167
231
283
319
335
330
303
255
190
109
18
-78
-177
-272
-360
-437
-501
-550
-584
-601
-604
-593
-570
-540
-504
-466
-429
-396
-370
-353
-346
-349
-363
-387
-418
-456
-497
-540
-582
-619
-650
-671
-682
-679
-661
-628
-578
-511
-430
-336
-231
-120
-5
108
217
317
404
476
532
569
588
591
578
553
519
479
437
397
363
337
322
320
331
355
393
442
500
566
636
708
779
847
908
962
1007
1041
1064
1074
1073
1060
1036
1000
953
894
825
744
653
550
435
310
175
30
-122
-281
-443
-605
-763
-915
-1056
-1182
-1292
-1382
-1450
-1496
-1519
-1519
-1499
-1458
-1398
-1322
-1231
-1127
-1012
-887
-753
-612
-467
-317
-166
-14
136
285
430
570
703
828
943
1047
1138
1214
1272
1311
1329
1323
1292
1235
1150
1038
898
732
542
330
100
-143
-396
-652
-906
-1150
-1376
-1579
-1751
-1885
-1977
-2023
-2020
-1969
-1871
-1730
-1552
-1343
-1111
-866
-616
-369
-135
80
271
434
565
665
734
773
787
778
752
711
660
602
540
475
408
341
273
205
138
72
8
-50
-102
-147
-181
-203
-211
-204
-183
-145
-92
-24
56
150
254
367
484
604
722
834
936
1025
1095
1145
1171
1171
1146
1095
1020
924
810
683
547
408
270
138
15
-92
-185
-259
-315
-351
-369
-370
-356
-331
-298
-260
-222
-186
-156
-136
-125
-126
-140
-164
-197
-238
-284
-330
-375
-415
-447
-469
-480
-478
-464
-436
-397
-348
-291
-227
-161
-95
-31
27
79
121
151
169
173
164
141
107
61
7
-53
-117
-183
-248
-308
-364
-412
-453
-485
-509
-525
-533
-534
-528
-515
-496
-470
-437
-396
-347
-290
-225
-153
-74
10
99
190
281
370
455
533
602
660
706
739
758
764
758
741
714
680
640
597
552
507
462
418
376
336
298
261
227
195
165
139
118
101
91
88
93
106
127
156
193
235
282
333
384
435
483
527
565
596
619
633
639
636
623
603
575
540
498
451
399
345
288
230
172
115
60
7
-42
-89
-134
-178
-220
-260
-301
-341
-381
-421
-460
-498
-533
-564
-591
-613
-629
-638
-641
-637
-627
-612
-592
-569
-543
-515
-486
-457
-427
-398
-368
-340
-313
-287
-264
-243
-225
-211
-201
-194
-191
-191
-192
-193
-194
-192
-188
-179
-167
-151
-133
-113
-95
-80
-69
-65
-69
-80
-100
-128
-161
-198
-235
-271
-301
-323
-333
-332
-316
-287
-246
-193
-133
-69
-4
57
114
162
200
228
246
256
261
263
266
272
286
308
340
380
429
483
539
593
640
677
701
710
701
676
636
584
523
458
393
334
283
245
222
216
227
254
294
346
403
463
519
568
604
625
628
610
572
513
437
343
236
119
-4
-133
-262
-389
-512
-627
-734
-831
-917
-991
-1053
-1105
-1146
-1179
-1205
-1227
-1247
-1268
-1293
-1323
-1363
-1412
-1472
-1544
-1625
-1715
-1809
-1903
-1993
-2071
-2132
-2169
-2178
-2153
-2091
-1990
-1851
-1675
-1464
-1224
-960
-678
-384
-85
212
504
784
1050
1298
1526
1733
1917
2078
2215
2330
2421
2490
2535
2557
2557
2533
2485
2414
2320
2204
2068
1913
1744
1563
1374
1183
994
811
639
481
340
217
114
30
-36
-87
-128
-160
-190
-220
-254
-296
-349
-412
-487
-573
-666
-765
-865
-962
-1052
-1132
-1198
-1248
-1279
-1291
-1284
-1259
-1217
-1161
-1094
-1019
-940
-861
-783
-712
-649
-597
-556
-528
-512
-507
-509
-517
-525
-529
-524
-506
-470
-413
-332
-226
-95
57
230
419
616
816
1012
1196
1362
1504
1616
1694
1737
1743
1715
1653
1563
1451
1321
1180
1036
893
757
630
516
413
322
240
163
89
15
-61
-144
-232
-324
-418
-511
-599
-677
-740
-783
-805
-801
-772
-717
-639
-541
-428
-305
-177
-52
65
169
255
319
359
375
368
340
294
235
169
100
35
-21
-66
-95
-106
-97
-70
-26
32
102
180
260
339
410
472
519
549
562
556
532
493
440
378
311
243
178
121
75
45
33
39
66
113
178
259
354
457
565
672
772
859
930
979
1002
997
962
898
805
686
544
385
214
37
-139
-310
-469
-612
-735
-836
-913
-966
-995
-1003
-992
-965
-925
-877
-824
-770
-717
-671
-631
-602
-584
-578
-583
-599
-624
-657
-695
-736
-776
-814
-848
-874
-892
-900
-896
-880
-851
-807
-749
-677
-591
-492
-382
-262
-134
-2
131
265
395
519
634
737
827
902
961
1001
1022
1024
1007
972
919
851
769
676
573
463
347
228
105
-18
-144
-272
-402
-533
-667
-802
-938
-1073
-1207
-1337
-1460
-1574
-1674
-1759
-1824
-1866
-1882
-1870
-1828
-1755
-1652
-1519
-1359
-1174
-970
-750
-520
-286
-53
173
389
589
769
927
1059
1164
1242
1293
1317
1316
1294
1252
1194
1125
1048
966
885
806
732
666
608
561
522
493
470
453
439
425
409
387
358
320
271
212
145
70
-9
-89
-168
-240
-302
-351
-386
-404
-405
-392
-366
-330
-290
-250
-215
-189
-178
-183
-207
-250
-310
-384
-468
-556
-643
-723
-790
-838
-865
-866
-842
-792
-718
-623
-512
-388
-255
-119
15
146
271
385
489
581
660
726
780
821
850
868
874
870
856
832
800
759
711
656
595
529
460
388
315
243
173
108
48
-3
-47
-79
-101
-110
-107
-92
-64
-25
24
83
151
224
302
383
464
544
621
693
758
815
864
902
930
948
955
952
938
914
881
838
787
728
663
591
516
437
358
278
200
124
53
-14
-77
-135
-188
-236
-279
-318
-353
-386
-415
-442
-467
-490
-511
-530
-546
-560
-570
-575
-574
-566
-551
-528
-495
-454
-403
-345
-279
-208
-132
-55
20
93
161
221
272
310
337
349
348
333
305
265
214
155
90
20
-51
-123
-192
-256
-314
-364
-405
-437
-457
-467
-466
-455
-435
-407
-372
-331
-286
-238
-190
-141
-94
-51
-11
22
49
70
82
87
84
72
54
28
-1
-35
-72
-109
-144
-177
-206
-228
-244
-252
-252
-245
-230
-211
-187
-161
-135
-110
-88
-71
-59
-52
-51
-54
-60
-68
-76
-84
-89
-91
-89
-84
-74
-61
-46
-30
-12
3
18
30
39
45
48
47
43
38
30
20
10
-1
-15
-30
-48
-68
-92
-118
-148
-179
-212
-244
-274
-299
-318
-328
-329
-319
-298
-265
-222
