2594
2649
2672
2657
2599
2497
2350
2159
1930
1666
1375
1065
746
427
118
-170
-429
-650
-826
-952
-1025
-1043
-1008
-924
-799
-642
-465
-280
-101
57
183
266
297
272
189
51
-137
-366
-624
-899
-1175
-1439
-1678
-1880
-2037
-2143
-2196
-2196
-2147
-2054
-1924
-1768
-1592
-1407
-1220
-1037
-863
-702
-554
-421
-300
-190
-89
5
96
184
272
358
444
529
612
694
772
847
918
984
1047
1104
1156
1202
1241
1272
1294
1304
1301
1284
1251
1201
1134
1051
951
836
709
571
425
273
119
-35
-187
-336
-478
-614
-741
-860
-970
-1071
-1164
-1249
-1327
-1398
-1462
-1519
-1570
-1614
-1649
-1674
-1688
-1688
-1671
-1635
-1577
-1496
-1389
-1255
-1097
-914
-710
-490
-258
-22
211
436
646
833
995
1125
1224
1289
1321
1321
1294
1241
1168
1078
976
867
753
638
526
419
320
232
156
96
55
36
39
68
123
204
309
435
579
734
895
1054
1202
1333
1438
1512
1547
1540
1489
1392
1250
1067
847
595
318
24
-280
-587
-891
-1185
-1464
-1724
-1960
-2170
-2352
-2504
-2625
-2716
-2775
-2804
-2805
-2779
-2728
-2657
-2567
-2462
-2344
-2217
-2082
-1939
-1790
-1634
-1471
-1300
-1120
-929
-729
-518
-297
-67
168
409
650
889
1120
1339
1542
1724
1881
2010
2108
2176
2214
2225
2211
2178
2130
2073
2011
1950
1893
1843
1801
1767
1741
1721
1704
1687
1667
1641
1608
1565
1511
1449
1378
1303
1226
1152
1085
1029
987
961
950
954
968
989
1010
1024
1025
1007
966
898
803
681
535
369
189
2
-187
-373
-551
-716
-868
-1005
-1129
-1242
-1348
-1450
-1555
-1665
-1786
-1920
-2069
-2233
-2411
-2600
-2795
-2990
-3180
-3357
-3513
-3641
-3734
-3785
-3788
-3740
-3637
-3476
-3258
-2984
-2657
-2279
-1858
-1401
-916
-413
96
604
1096
1564
1997
2386
2724
3006
3227
3386
3482
3516
3492
3414
3288
3118
2912
2676
2417
2143
1859
1572
1287
1009
742
489
253
38
-155
-326
-473
-594
-689
-758
-800
-816
-806
-772
-716
-639
-547
-441
-328
-211
-96
11
109
193
258
304
328
332
315
280
229
166
93
14
-67
-151
-235
-318
-400
-479
-557
-632
-704
-772
-833
-885
-923
-945
-946
-923
-874
-797
-692
-561
-407
-236
-53
134
319
496
657
798
916
1007
1071
1109
1122
1113
1084
1038
977
904
819
723
616
498
369
228
77
-82
-248
-417
-583
-741
-885
-1009
-1107
-1173
-1204
-1196
-1148
-1060
-934
-773
-580
-363
-126
123
377
629
872
1096
1297
1467
1601
1695
1747
1756
1723
1649
1540
1400
1236
1054
860
661
463
270
85
-87
-247
-392
-522
-637
-737
-822
-893
-952
-999
-1035
-1062
-1082
-1097
-1109
-1120
-1134
-1151
-1175
-1205
-1244
-1290
-1342
-1398
-1454
-1504
-1544
-1568
-1570
-1543
-1483
-1388
-1254
-1081
-870
-625
-350
-50
266
593
922
1243
1549
1831
2081
2292
2456
2570
2629
2631
2575
2462
2298
2086
1835
1556
1258
955
657
377
124
-92
-267
-398
-484
-530
-539
-520
-482
-434
-384
-342
-313
-303
-313
-344
-393
-457
-531
-607
-681
-745
-794
-825
-834
-820
-785
-729
-656
-570
-475
-374
-272
-172
-76
12
95
169
236
294
344
384
414
432
435
423
393
342
269
174
57
-77
-228
-387
-550
-706
-849
-968
-1056
-1106
-1112
-1072
-984
-851
-676
-466
-232
17
270
514
738
931
1085
1194
1254
1264
1228
1150
1037
897
738
570
401
237
83
-56
-178
-283
-369
-438
-490
-525
-546
-552
-546
-527
-498
-458
-411
-356
-297
-235
-174
-116
-63
-18
15
38
48
45
28
0
-42
-95
-159
-233
-317
-411
-515
-629
-754
-888
-1029
-1175
-1322
-1464
-1596
-1712
-1805
-1869
-1901
-1897
-1857
-1780
-1671
-1534
-1375
-1201
-1019
-838
-662
-498
-349
-217
-103
-6
78
154
226
300
381
475
584
713
862
1032
1220
1424
1640
1863
2087
2307
2516
2709
2880
3026
3141
3224
3272
3283
3259
3198
3101
2968
2800
2597
2358
2086
1781
1446
1085
703
306
-96
-496
-883
-1247
-1580
-1873
-2119
-2313
-2453
-2538
-2570
-2552
-2490
-2391
-2263
-2115
-1955
-1792
-1633
-1483
-1348
-1230
-1130
-1049
-984
-932
-892
-859
-831
-805
-780
-756
-732
-711
-692
-680
-673
-675
-685
-702
-726
-754
-784
-813
-836
-853
-858
-851
-830
-793
-741
-672
-589
-491
-379
-256
-122
21
174
335
503
679
862
1053
1252
1460
1676
1900
2129
2359
2585
2800
2998
3170
3309
3407
3459
3460
3409
3306
3154
2957
2721
2453
2162
1855
1540
1226
920
627
353
101
-124
-323
-494
-639
-758
-854
-930
-989
-1035
-1071
-1101
-1127
-1153
-1179
-1206
-1234
-1262
-1289
-1313
-1331
-1340
-1338
-1323
-1293
-1245
-1178
-1093
-989
-866
-728
-576
-415
-249
-82
78
229
364
478
569
633
668
675
654
607
536
445
338
218
89
-44
-177
-308
-432
-547
-648
-735
-804
-854
-884
-893
-881
-849
-797
-728
-644
-546
-439
-326
-209
-92
21
129
228
317
394
459
509
546
570
582
583
574
556
530
496
455
407
350
286
212
128
35
-66
-175
-291
-410
-530
-646
-755
-852
-934
-995
-1033
-1046
-1031
-987
-917
-820
-701
-564
-414
-257
-99
52
192
314
413
486
530
545
529
485
415
324
214
92
-35
-165
-289
-403
-500
-576
-627
-650
-644
-607
-542
-450
-334
-199
-51
105
262
416
558
685
790
870
924
948
944
912
855
777
681
572
456
337
221
112
13
-72
-143
-198
-237
-262
-274
-276
-271
-261
-251
-242
-238
-241
-251
-269
-294
-326
-362
-398
-433
-462
-481
-486
-475
-444
-391
-317
-220
-102
34
186
350
521
695
867
1031
1182
1316
1427
1513
1569
1593
1583
1540
1464
1358
1224
1067
892
706
515
325
141
-30
-186
-323
-439
-533
-605
-657
-691
-709
-715
-711
-702
-691
-681
-675
-678
-690
-716
-755
-810
-880
-966
-1065
-1176
-1296
-1419
-1541
-1658
-1761
-1847
-1909
-1942
-1943
-1908
-1836
-1727
-1582
-1405
-1201
-973
-729
-477
-222
27
265
485
685
859
1008
1129
1225
1298
1349
1384
1405
1417
1422
1423
1423
1421
1419
1415
1408
1396
1377
1349
1310
1260
1197
1123
1038
944
844
741
638
538
444
358
282
217
164
120
86
58
34
12
-10
-37
-70
-110
-156
-210
-270
-335
-402
-469
-534
-595
-649
-694
-731
-756
-770
-773
-765
-746
-718
-681
-638
-590
-538
-486
-434
-384
-339
-299
-266
-239
-219
-205
-197
-192
-190
-188
-184
-177
-166
-148
-122
-88
-44
9
73
148
232
325
425
530
636
740
839
927
1002
1058
1093
1104
1089
1047
980
889
778
649
509
363
215
72
-62
-183
-287
-373
-439
-487
-517
-531
-533
-526
-513
-496
-479
-463
-450
-442
-439
-442
-451
-465
-485
-511
-542
-578
-620
-665
-713
-763
-814
-863
-909
-949
-981
-1003
-1013
-1008
-988
-950
-893
-818
-723
-611
-481
-335
-177
-8
165
342
515
682
838
978
1100
1200
1277
1329
1357
1360
1339
1298
1238
1163
1078
986
892
802
719
647
589
548
524
518
527
551
585
626
668
708
741
761
764
748
711
651
569
466
346
211
66
-84
-236
-384
-525
-655
-771
-872
-956
-1023
-1073
-1107
-1125
-1130
-1124
-1109
-1088
-1062
-1036
-1012
-992
-978
-972
-976
-988
-1011
-1043
-1084
-1131
-1184
-1241
-1298
-1354
-1406
-1451
-1485
-1505
-1509
-1491
-1450
-1382
-1287
-1161
-1007
-823
-614
-382
-132
130
400
669
931
1180
1410
1617
1795
1944
2062
2148
2206
2238
2247
2237
2214
2182
2144
2105
2067
2032
2000
1970
1939
1906
1865
1811
1741
1648
1530
1382
1204
995
757
495
213
-80
-378
-671
-949
-1205
-1428
-1613
-1753
-1845
-1887
-1879
-1824
-1726
-1593
-1432
-1253
-1064
-876
-698
-538
-403
-298
-226
-188
-184
-211
-264
-337
-425
-519
-614
-702
-779
-839
-880
-899
-896
-871
-825
-762
-684
-595
-498
-396
-291
-187
-84
15
112
206
297
385
469
550
627
699
765
821
867
901
921
925
913
885
842
785
717
640
558
474
392
314
244
183
133
95
68
53
47
49
58
70
83
95
104
108
106
98
82
60
32
1
-32
-66
-98
-127
-152
-170
-181
-184
-179
-166
-146
-121
-90
-58
-25
4
30
49
58
57
43
18
-19
-68
-128
-195
-268
-344
-420
-494
-564
-627
-681
-725
-758
-780
-790
-789
-776
-753
-720
-678
-627
-568
-501
-426
-344
-256
-161
-62
41
148
256
365
472
577
678
773
861
940
1009
1065
1107
1132
1141
1131
1103
1058
997
923
839
748
656
564
479
402
336
285
248
226
218
223
235
253
272
287
292
284
260
216
152
68
-35
-155
-287
-427
-568
-705
-831
-940
-1026
-1084
-1110
-1100
-1052
-967
-844
-687
-500
-289
-62
172
406
631
836
1013
1156
1259
1319
1334
1304
1234
1127
991
832
660
483
308
144
-3
-130
-234
-313
-369
-401
-415
-413
-399
-378
-352
-326
-302
-282
-268
-262
-265
-278
-304
-343
-396
-465
-550
-652
-769
-900
-1041
-1189
-1339
-1484
-1619
-1736
-1830
-1894
-1925
-1918
-1871
-1783
-1656
-1491
-1294
-1068
-821
-560
-292
-25
233
476
696
891
1054
1185
1282
1345
1375
1375
1346
1292
1216
1122
1012
889
759
622
485
348
217
94
-15
-112
-191
-251
-292
-312
-312
-294
-260
-212
-153
-88
-20
47
112
170
219
257
284
297
299
289
269
243
212
181
152
129
115
112
122
145
181
227
282
342
403
460
508
544
564
564
542
497
429
341
234
114
-15
-149
-280
-403
-513
-605
-677
-726
-752
-756
-741
-708
-663
-609
-550
-489
-428
-370
-314
-261
-210
-160
-111
-63
-15
31
74
111
139
155
154
134
92
28
-58
-165
-289
-425
-567
-707
-839
-954
-1047
-1111
-1142
-1138
-1098
-1022
-912
-773
-609
-425
-228
-24
180
381
572
750
910
1050
1167
1260
1329
1372
1389
1380
1347
1290
1213
1116
1005
882
753
621
493
372
263
170
95
40
7
-3
5
35
82
143
215
294
376
454
526
585
629
654
657
637
593
526
438
332
211
81
-54
-190
-320
-441
-549
-639
-710
-761
-791
-802
-794
-771
-735
-688
-635
-577
-516
-455
-394
-333
-273
-214
-155
-96
-37
20
76
129
179
222
258
285
303
311
311
302
286
267
246
227
212
204
203
212
229
253
283
317
351
382
407
424
428
418
393
350
292
217
128
26
-83
-199
-316
-431
-539
-635
-716
-778
-819
-838
-832
-804
-755
-687
-604
-511
-412
-314
-222
-140
-74
-25
2
8
-5
-40
-91
-155
-227
-304
-379
-450
-511
-560
-594
-614
-617
-604
-576
-533
-478
-410
-333
-247
-154
-56
44
147
250
351
450
545
636
720
798
868
929
979
1017
1043
1054
1051
1033
1002
960
909
852
794
738
688
647
618
603
602
615
639
673
713
753
791
821
840
844
829
794
738
660
563
446
315
170
17
-140
-300
-458
-611
-756
-894
-1021
-1139
-1246
-1343
-1431
-1510
-1581
-1642
-1696
-1741
-1778
-1807
-1826
-1835
-1835
-1825
-1804
-1774
-1734
-1684
-1627
-1562
-1491
-1416
-1336
-1253
-1167
-1079
-989
-897
-804
-708
-611
-513
-414
-313
-211
-108
-2
106
219
338
462
593
731
874
1023
1173
1324
1472
1614
1745
1863
1964
2045
2103
2138
2146
2129
2087
2022
1935
1829
1708
1576
1437
1293
1150
1008
872
742
620
506
