311
453
588
710
817
904
970
1013
1033
1031
1008
966
908
837
754
662
565
463
358
253
149
46
-52
-146
-235
-316
-390
-453
-506
-548
-578
-597
-605
-602
-591
-572
-548
-519
-489
-458
-429
-404
-383
-368
-359
-357
-362
-371
-385
-400
-414
-426
-432
-430
-420
-399
-367
-325
-273
-213
-145
-73
2
79
157
234
309
380
447
508
562
607
642
667
680
680
668
643
606
558
501
437
367
295
222
152
86
27
-24
-66
-99
-123
-138
-146
-149
-148
-146
-145
-148
-155
-170
-192
-222
-259
-302
-348
-395
-442
-484
-520
-547
-564
-570
-565
-549
-525
-493
-456
-416
-375
-336
-299
-267
-240
-217
-199
-183
-169
-155
-138
-117
-89
-54
-9
44
108
180
259
343
428
512
592
664
726
775
810
831
837
830
812
783
747
704
659
610
561
511
461
410
358
304
249
190
129
65
0
-68
-136
-203
-266
-324
-373
-413
-441
-457
-459
-447
-422
-386
-340
-288
-231
-173
-116
-63
-18
17
42
54
53
39
12
-25
-72
-125
-182
-238
-291
-336
-372
-394
-402
-394
-372
-335
-286
-228
-164
-97
-31
31
87
134
170
195
207
208
198
178
151
118
81
42
3
-33
-68
-99
-127
-151
-171
-188
-203
-215
-225
-233
-240
-244
-247
-246
-241
-232
-218
-199
-174
-144
-109
-70
-28
14
56
96
132
162
187
204
214
215
210
197
178
154
125
93
59
24
-10
-42
-71
-96
-116
-129
-135
-133
-125
-109
-87
-59
-26
11
50
91
132
172
208
240
266
286
300
307
307
302
291
276
258
239
220
202
186
172
162
154
150
148
147
147
146
144
140
132
122
109
94
77
60
44
31
21
15
14
19
28
42
58
75
92
107
118
124
122
113
96
71
39
1
-40
-85
-131
-176
-217
-255
-287
-313
-333
-347
-356
-360
-360
-356
-351
-345
-338
-331
-325
-318
-312
-305
-296
-285
-271
-254
-232
-207
-179
-148
-114
-80
-47
-15
14
40
63
81
95
105
111
115
116
116
116
116
118
121
127
135
145
158
173
189
206
224
241
258
274
288
299
306
310
310
305
295
281
263
241
215
188
159
129
100
74
50
29
14
3
-3
-4
-1
4
12
22
33
42
49
54
54
51
44
32
17
-1
-22
-44
-67
-90
-111
-130
-146
-159
-170
-177
-180
-181
-179
-174
-166
-156
-143
-128
-111
-91
-70
-47
-22
2
27
52
75
95
112
124
131
131
125
111
90
61
26
-14
-59
-106
-154
-200
-242
-276
-301
-316
-319
-309
-287
-253
-209
-157
-101
-41
17
72
121
162
194
214
224
223
213
196
173
146
119
93
71
55
45
42
48
60
79
104
133
164
197
228
256
281
299
311
315
310
296
273
241
201
152
97
36
-29
-97
-166
-235
-301
-363
-420
-470
-512
-544
-566
-577
-577
-566
-544
-512
-472
-424
-370
-311
-250
-189
-129
-72
-21
23
61
91
113
127
135
137
135
131
126
123
122
125
133
145
161
181
204
227
249
268
282
289
288
277
256
224
183
133
75
12
-52
-118
-182
-240
-290
-330
-359
-375
-379
-370
-348
-317
-277
-230
-180
-128
-77
-29
13
51
83
109
130
146
160
171
183
196
211
228
247
265
283
296
303
300
285
257
215
158
89
8
-80
-173
-266
-355
-437
-507
-564
-604
-627
-634
-623
-598
-560
-513
-458
-400
-343
-289
-241
-202
-174
-157
-152
-157
-172
-194
-221
-249
-275
-297
-310
-313
-303
-277
-236
-179
-105
-16
86
201
328
462
602
744
888
1028
1162
1288
1401
1499
1577
1631
1660
1658
1625
1559
1459
1327
1165
978
770
547
318
89
-132
-339
-526
-688
-823
-930
-1008
-1059
-1088
-1097
-1091
-1075
-1054
-1031
-1009
-990
-976
-966
-961
-959
-957
-954
-947
-933
-910
-876
-830
-771
-699
-615
-520
-416
-306
-192
-78
34
143
246
340
426
501
566
621
666
701
728
746
756
758
752
739
718
688
650
604
548
486
416
341
264
186
110
39
-23
-76
-116
-143
-156
-153
-136
-105
-62
-9
52
119
190
262
332
398
458
509
550
579
597
602
595
576
547
509
465
415
362
308
253
201
150
103
60
21
-13
-43
-69
-90
-106
-117
-123
-124
-120
-111
-98
-82
-63
-45
-28
-16
-10
-13
-28
-55
-95
-149
-216
-294
-381
-474
-568
-662
-750
-829
-897
-951
-990
-1011
-1017
-1005
-978
-937
-884
-819
-746
-667
-583
-496
-409
-324
-241
-161
-87
-18
44
101
152
198
239
277
312
347
381
416
453
492
532
574
617
658
697
731
758
777
786
782
765
735
690
633
563
482
392
295
193
88
-16
-120
-221
-316
-405
-485
-555
-614
-660
-692
-710
-714
-702
-676
-637
-586
-524
-454
-379
-300
-221
-143
-69
0
61
115
161
198
228
250
266
276
281
283
280
275
267
257
245
232
216
199
180
161
141
121
101
81
63
45
28
12
-2
-18
-34
-50
-68
-87
-107
-128
-149
-170
-189
-205
-219
-227
-230
-226
-214
-195
-167
-130
-84
-31
30
99
174
254
338
425
513
599
682
760
831
892
941
976
994
993
971
927
859
766
650
512
354
181
-3
-194
-385
-570
-744
-900
-1035
-1144
-1226
-1277
-1299
-1292
-1258
-1199
-1120
-1025
-917
-802
-684
-569
-460
-361
-277
-211
-164
-138
-134
-150
-185
-235
-299
-370
-443
-514
-577
-627
-658
-668
-653
-612
-546
-456
-345
-215
-72
79
235
391
544
689
824
949
1060
1158
1241
1310
1364
1403
1426
1434
1425
1400
1358
1299
1224
1134
1030
914
788
655
518
380
246
119
1
-104
-195
-270
-330
-374
-403
-419
-424
-421
-413
-403
-392
-385
-381
-384
-393
-409
-431
-458
-490
-523
-556
-587
-614
-635
-649
-654
-651
-638
-617
-587
-549
-505
-456
-404
-349
-294
-239
-187
-138
-94
-55
-22
3
24
38
48
53
56
57
57
59
63
69
80
95
115
139
166
197
229
261
293
322
347
367
380
384
379
364
338
302
255
198
133
62
-12
-88
-161
-229
-288
-335
-368
-384
-382
-362
-325
-272
-206
-130
-47
38
123
204
277
341
393
432
457
469
468
455
432
400
363
320
275
228
181
136
93
52
15
-18
-48
-74
-95
-112
-124
-131
-135
-133
-128
-119
-107
-92
-75
-56
-37
-18
0
16
32
46
57
67
75
82
87
92
97
102
107
114
121
129
138
148
160
172
186
200
214
229
242
254
263
269
272
270
263
252
236
215
191
164
134
104
74
43
14
-14
-41
-67
-93
-119
-146
-175
-205
-239
-275
-313
-354
-397
-441
-485
-526
-563
-596
-622
-639
-648
-647
-637
-618
-591
-557
-517
-474
-429
-384
-341
-300
-264
-232
-205
-182
-163
-147
-133
-120
-106
-92
-75
-56
-34
-10
15
43
71
99
125
150
173
193
209
221
230
235
237
234
228
219
208
195
181
168
156
147
140
137
139
144
153
165
180
196
212
228
242
252
257
258
252
239
221
196
166
131
94
55
17
-18
-50
-77
-97
-110
-114
-111
-99
-80
-54
-22
12
51
90
129
165
198
226
248
263
271
272
265
253
235
212
185
155
124
93
61
30
1
-25
-51
-76
-99
-122
-144
-167
-191
-215
-241
-268
-297
-325
-354
-382
-408
-432
-451
-466
-475
-476
-470
-455
-431
-399
-358
-310
-255
-195
-132
-67
-3
57
114
165
208
242
267
283
288
285
273
253
228
199
167
134
102
73
48
29
16
11
14
25
44
71
106
146
191
240
289
338
385
429
466
498
522
538
546
546
539
525
506
481
453
422
388
353
316
278
240
200
161
120
80
41
2
-35
-72
-106
-139
-169
-196
-222
-246
-269
-292
-315
-338
-363
-391
-420
-451
-484
-519
-555
-592
-629
-666
-702
-736
-768
-797
-820
-837
-847
-847
-835
-811
-774
-722
-657
-577
-486
-385
-276
-163
-48
65
174
277
369
451
521
577
621
652
670
678
675
663
644
617
584
546
503
457
407
355
302
249
196
146
98
56
20
-7
-28
-40
-43
-37
-24
-4
21
50
80
110
137
159
177
187
189
184
172
153
129
100
70
39
8
-19
-43
-63
-79
-91
-99
-103
-106
-107
-109
-111
-116
-122
-132
-143
-157
-172
-188
-203
-217
-228
-235
-238
-236
-229
-218
-203
-184
-163
-139
-115
-91
-68
-46
-25
-6
9
23
36
47
57
66
75
85
96
108
123
140
159
180
202
226
250
273
295
314
330
341
347
348
342
329
310
284
253
217
178
136
94
53
15
-19
-48
-72
-90
-102
-110
-113
-114
-113
-113
-114
-119
-129
-145
-169
-201
-243
-293
-353
-421
-496
-577
-661
-747
-830
-908
-978
-1038
-1085
-1118
-1133
-1132
-1113
-1077
-1025
-958
-877
-785
-683
-573
-457
-337
-215
-92
29
149
266
380
490
596
697
794
887
977
1063
1145
1224
1298
1366
1428
1481
1524
1554
1569
1567
1546
1504
1440
1355
1248
1121
976
816
645
468
288
111
-59
-219
-366
-496
-608
-702
-776
-832
-870
-893
-900
-894
-877
-849
-813
-769
-719
-664
-604
-540
-474
-407
-340
-273
-209
-148
-93
-44
-2
30
54
69
74
71
60
43
20
-6
-36
-66
-96
-125
-152
-177
-199
-218
-235
-250
-264
-277
-288
-298
-307
-313
-316
-315
-309
-298
-281
-257
-226
-189
-146
-98
-47
5
58
111
160
206
246
281
311
335
354
368
379
388
395
402
408
416
424
434
445
457
470
483
494
505
513
519
521
519
512
501
484
462
436
404
367
326
282
234
183
131
78
25
-25
-74
-119
-160
-194
-221
-240
-251
-254
-248
-235
-214
-189
-159
-128
-98
-69
-46
-28
-19
-18
-27
-45
-72
-105
-144
-186
-229
-270
-306
-337
-360
-373
-377
-371
-355
-329
-296
-256
-209
-159
-105
-50
5
62
117
170
220
268
311
349
381
406
425
435
437
430
416
393
363
327
286
240
191
139
86
31
-23
-79
-135
-191
-247
-302
-357
-411
-463
-512
-558
-600
-636
-665
-686
-699
-704
-699
-685
-664
-636
-602
-563
-521
-477
-433
-389
-346
-305
-266
-230
-196
-165
-136
-109
-85
-62
-41
-21
-3
13
30
46
62
77
92
108
124
140
158
176
196
216
238
260
282
305
326
346
364
380
393
404
411
416
419
421
421
420
418
416
413
409
405
399
391
380
365
346
321
290
253
209
160
106
48
-13
-76
-138
-199
-257
-309
-355
-394
-424
-446
-458
-462
-457
-445
-425
-398
-367
-331
-293
-253
-212
-172
-134
-98
-65
-36
-12
7
23
33
40
42
40
36
29
21
12
3
-4
-10
-15
-18
-19
-17
-15
-11
-6
-1
2
7
11
14
17
20
22
23
24
24
24
22
20
17
14
10
7
5
5
7
10
17
26
38
53
69
87
106
125
