160
176
189
199
205
209
210
208
203
197
188
177
165
151
137
122
107
93
80
68
59
51
45
41
39
38
39
41
44
46
48
50
51
51
51
51
49
48
47
46
45
43
41
39
36
31
25
17
8
-3
-16
-30
-46
-63
-81
-99
-117
-136
-154
-170
-185
-197
-207
-213
-217
-217
-214
-208
-201
-192
-183
-173
-163
-155
-147
-141
-136
-132
-129
-127
-126
-125
-124
-123
-123
-122
-123
-124
-127
-132
-140
-151
-166
-184
-204
-227
-251
-274
-295
-313
-325
-330
-327
-316
-295
-264
-225
-177
-123
-63
0
63
127
187
243
292
334
367
392
407
414
412
403
388
367
341
312
280
246
210
173
136
99
62
27
-5
-35
-60
-81
-95
-103
-103
-96
-82
-61
-35
-6
25
56
86
112
132
146
152
151
141
125
103
75
44
10
-24
-59
-93
-126
-156
-184
-208
-228
-245
-257
-266
-271
-271
-267
-260
-248
-233
-215
-193
-169
-142
-113
-82
-51
-19
12
42
70
96
119
138
152
162
168
169
166
159
150
139
127
115
103
92
82
74
68
64
61
59
59
59
60
61
62
63
64
66
67
69
71
74
78
83
88
94
101
108
114
120
124
127
128
126
122
115
106
94
80
65
50
34
20
9
0
-5
-6
-4
2
13
27
42
59
76
90
102
109
111
107
96
80
58
31
2
-29
-62
-93
-121
-146
-165
-179
-187
-188
-184
-174
-160
-142
-121
-98
-75
-53
-32
-13
2
16
26
34
39
42
44
44
44
43
42
42
42
42
43
44
46
48
50
53
57
61
65
69
73
77
81
84
86
87
86
84
81
76
69
62
53
44
35
27
20
13
9
7
7
9
12
17
22
27
31
33
32
28
20
9
-6
-25
-47
-72
-98
-124
-149
-171
-191
-205
-215
-219
-217
-210
-197
-181
-161
-139
-116
-94
-72
-53
-38
-25
-17
-13
-12
-15
-21
-28
-36
-43
-50
-54
-55
-53
-47
-37
-25
-10
6
23
40
56
69
79
86
88
85
78
67
52
34
15
-5
-26
-46
-64
-81
-94
-105
-112
-116
-116
-114
-109
-101
-91
-80
-67
-54
-40
-27
-14
-3
7
15
22
26
27
27
24
19
13
6
-2
-10
-18
-25
-31
-36
-38
-38
-36
-32
-26
-18
-9
1
13
25
38
50
61
72
81
89
96
102
106
110
114
117
121
125
129
133
138
142
145
147
148
148
146
142
136
129
120
110
98
86
72
58
44
29
15
1
-12
-25
-38
-51
-64
-76
-89
-102
-114
-125
-136
-145
-153
-159
-163
-164
-162
-157
-150
-141
-130
-117
-104
-90
-77
-65
-54
-45
-38
-33
-30
-28
-29
-30
-32
-33
-34
-34
-31
-27
-20
-10
0
14
29
45
60
75
88
99
106
109
109
104
95
82
65
46
25
3
-18
-40
-60
-78
-93
-104
-111
-115
-115
-111
-103
-93
-81
-67
-52
-37
-22
-8
4
16
27
36
45
54
63
72
83
96
110
127
146
166
187
209
230
250
267
281
290
293
290
281
264
242
213
178
139
96
51
4
-41
-85
-127
-166
-199
-227
-250
-266
-277
-281
-280
-274
-263
-248
-231
-211
-190
-168
-146
-124
-104
-84
-66
-49
-34
-21
-8
2
12
22
32
40
49
56
62
66
69
69
67
62
54
45
33
21
8
-4
-16
-26
-34
-39
-42
-42
-40
-35
-29
-23
-16
-9
-4
0
1
1
0
-2
-4
-7
-7
-6
-2
3
13
25
38
53
68
83
96
108
116
122
124
123
119
111
101
89
75
60
44
28
12
-3
-18
-32
-46
-59
-72
-84
-96
-107
-117
-126
-134
-140
-143
-144
-142
-137
-130
-119
-106
-91
-75
-58
-40
-23
-6
10
24
37
49
57
64
68
70
71
70
68
66
63
61
60
59
59
59
59
60
61
61
62
62
62
62
61
61
60
60
59
58
57
56
55
54
53
51
49
47
43
39
34
27
21
14
7
0
-4
-7
-7
-5
0
7
18
32
48
65
82
100
116
130
141
149
152
151
146
137
123
107
88
67
46
26
7
-9
-23
-34
-43
-48
-52
-53
-54
-55
-56
-60
-65
-72
-82
-94
-108
-124
-142
-159
-177
-195
-211
-226
-239
-250
-259
-265
-268
-269
-267
-262
-255
-245
-233
-219
-202
-183
-162
-139
-114
-88
-61
-34
-7
18
43
65
85
103
117
129
137
143
146
147
146
142
138
132
126
119
112
104
96
88
79
69
57
44
28
10
-8
-30
-52
-75
-97
-117
-135
-148
-156
-158
-154
-143
-126
-103
-75
-42
-7
29
67
102
135
163
187
204
216
221
221
216
207
194
180
165
150
136
124
114
105
99
93
88
82
75
66
54
39
19
-2
-28
-57
-88
-120
-152
-182
-211
-236
-257
-273
-285
-292
-294
-292
-286
-277
-266
-254
-241
-230
-220
-212
-205
-201
-199
-198
-198
-197
-195
-192
-185
-174
-158
-136
-109
-75
-36
8
57
109
164
219
274
326
374
417
454
482
502
513
515
507
490
465
433
395
351
304
254
203
151
101
52
6
-37
-76
-112
-145
-174
-201
-225
-247
-268
-287
-305
-321
-335
-347
-355
-358
-355
-346
-330
-306
-273
-233
-185
-130
-69
-3
64
134
203
269
331
387
435
473
502
520
526
522
507
481
448
406
359
308
255
201
149
99
54
12
-24
-56
-85
-111
-135
-157
-179
-201
-222
-243
-262
-281
-296
-308
-316
-319
-315
-306
-290
-267
-239
-205
-165
-123
-77
-30
17
64
110
154
195
234
270
304
336
365
392
416
438
456
470
479
482
479
468
448
420
382
336
281
219
150
75
-1
-80
-158
-233
-302
-363
-415
-457
-487
-506
-513
-510
-499
-480
-456
-429
-400
-372
-345
-321
-302
-286
-274
-266
-261
-258
-255
-252
-247
-239
-226
-210
-188
-162
-132
-99
-65
-29
3
35
62
83
97
104
103
94
78
55
26
-5
-40
-74
-107
-136
-160
-178
-188
-190
-183
-169
-146
-117
-80
-38
7
57
109
162
215
266
313
357
396
430
456
476
489
495
494
486
473
453
429
400
368
332
293
252
210
166
120
74
28
-17
-63
-107
-149
-188
-223
-252
-276
-293
-303
-304
-298
-284
-263
-236
-205
-170
-134
-98
-63
-31
-3
20
39
53
62
68
71
71
70
67
65
62
60
59
59
59
59
59
60
60
59
58
56
54
51
47
43
39
34
29
23
18
12
6
0
-6
-12
-17
-22
-27
-30
-33
-34
-35
-36
-36
-37
-40
-44
-50
-60
-73
-90
-110
-135
-162
-191
-222
-252
-282
-310
-335
-356
-372
-384
-390
-392
-387
-378
-364
-346
-324
-298
-270
-238
-204
-167
-128
-87
-44
0
46
94
142
190
237
281
324
362
395
424
446
462
472
475
471
462
448
429
407
383
356
329
302
275
249
223
198
173
147
121
94
65
35
3
-29
-62
-95
-128
-159
-188
-215
-238
-258
-273
-285
-291
-293
-291
-284
-273
-257
-238
-216
-191
-164
-136
-108
-80
-55
-31
-11
4
15
23
25
23
17
8
-3
-17
-31
-46
-60
-73
-85
-95
-103
-111
-117
-122
-128
-133
-139
-146
-153
-161
-168
-175
-180
-183
-183
-180
-172
-160
-143
-122
-96
-68
-37
-4
28
61
92
122
149
173
194
212
228
242
255
265
275
284
293
300
306
311
313
313
310
303
292
276
256
231
202
170
135
99
63
28
-4
-34
-58
-77
-89
-95
-94
-86
-72
-54
-32
-8
16
38
58
73
82
85
82
72
56
36
14
-10
-34
-57
-76
-92
-103
-110
-111
-109
-103
-94
-83
-71
-59
-48
-37
-27
-18
-10
-2
5
13
22
33
45
59
76
94
115
137
161
185
210
234
257
278
296
312
324
332
336
336
332
325
315
303
289
275
259
243
226
208
189
169
147
124
99
72
44
14
-15
-45
-74
-101
-127
-150
-169
-186
-198
-208
-214
-218
-220
-221
-221
-222
-224
-227
-233
-241
-252
-266
-281
-299
-317
-336
-355
-372
-387
-400
-409
-415
-417
-414
-408
-399
-386
-370
-352
-333
-312
-289
-266
-243
-218
-194
-169
-143
-118
-92
-67
-42
-18
3
23
42
58
74
88
101
116
131
149
170
194
221
250
282
315
348
377
403
422
434
437
430
412
383
343
295
238
175
107
38
-31
-98
-161
-218
-267
-306
-336
-355
-364
-361
-348
-325
-293
-253
-207
-155
-100
-43
13
68
120
167
208
243
270
290
304
311
313
310
304
297
287
277
265
253
238
220
197
168
132
88
35
-25
-93
-166
-242
-318
-392
-459
-516
-561
-592
-607
-606
-588
-555
-509
-452
-387
-317
-245
-174
-107
-44
12
62
105
142
173
199
220
237
249
256
259
255
246
229
205
174
135
90
38
-18
-80
-145
-211
-277
-342
-404
-461
-512
-555
-589
-614
-628
-631
-623
-604
-574
-534
-484
-427
-363
-293
-220
-145
-69
5
77
147
213
274
331
381
427
467
501
529
551
568
579
586
588
586
581
574
566
556
546
535
524
513
500
487
471
453
433
409
382
352
318
281
240
196
150
102
53
4
-44
-92
-138
-181
-221
-258
-291
-320
-344
-365
-382
-394
-402
-405
-403
-396
-384
-366
-343
-314
-280
-242
-200
-155
-108
-60
-12
35
80
122
161
196
226
252
272
289
301
309
313
313
308
300
287
269
247
220
188
154
117
80
44
12
-14
-34
-45
-47
-39
-21
5
38
74
109
141
164
175
170
149
109
53
-19
-103
-196
-293
-388
-477
-556
-620
-668
-696
-704
-693
-663
-616
-555
-481
-400
-312
-221
-128
-37
52
139
223
304
381
454
522
586
643
693
734
764
783
787
778
755
717
667
604
533
454
370
284
199
117
40
-29
-90
-143
-186
-220
-244
-259
-266
-265
-258
-246
-229
-209
-187
-163
-140
-118
-98
-80
-66
-55
-47
-43
-42
-43
-47
-52
-59
-67
-76
-85
-94
-104
-113
-122
-131
-140
-148
-156
-163
-172
-180
-190
-201
-213
-227
-242
-259
-277
-295
-314
-333
-351
-368
-383
-396
-406
-414
-418
-419
-416
-410
-400
-387
-369
-348
-323
-294
-260
-222
-179
-131
-79
-21
40
106
175
248
321
395
467
536
600
659
711
755
792
820
841
854
860
859
852
839
820
793
759
717
666
606
535
454
362
259
146
24
-105
-241
-382
-523
-663
-797
-922
-1035
-1131
-1208
-1263
-1295
-1302
-1284
-1243
-1179
-1095
-994
-879
-754
-622
-487
-353
-223
-102
6
100
175
229
259
263
241
192
118
21
-94
-225
-365
-506
-642
-765
-869
-946
-991
-1001
-971
-902
-794
-651
-477
-278
-61
166
396
620
831
1024
1193
1335
1448
1531
1584
1610
1610
1588
1547
1491
1423
1347
1265
1180
