854
854
855
855
855
855
855
855
855
855
856
856
856
856
856
856
856
856
856
857
857
857
857
857
857
857
857
858
858
858
858
858
858
858
858
858
859
859
859
859
859
859
859
859
859
860
860
860
860
860
860
860
860
860
861
861
861
861
861
861
861
861
861
862
862
862
862
862
862
862
862
862
863
863
863
863
863
863
863
863
863
864
864
864
864
864
864
864
864
864
865
865
865
865
865
865
865
865
865
865
866
866
866
866
866
866
866
866
866
867
867
867
867
867
867
867
867
867
867
868
868
868
868
868
868
868
868
868
869
869
869
869
869
869
869
869
869
869
870
870
870
870
870
870
870
870
870
870
871
871
871
871
871
871
871
871
871
871
872
872
872
872
872
872
872
872
872
872
873
873
873
873
873
873
873
873
873
873
873
874
874
874
874
874
874
874
874
874
874
875
875
875
875
875
875
875
875
875
875
875
876
876
876
876
876
876
876
876
876
876
877
877
877
877
877
877
877
877
877
877
877
878
878
878
878
878
878
878
878
878
878
878
878
879
879
879
879
879
879
879
879
879
879
879
880
880
880
880
880
880
880
880
880
880
880
880
881
881
881
881
881
881
881
881
881
881
881
882
882
882
882
882
882
882
882
882
882
882
882
883
883
883
883
883
883
883
883
883
883
883
883
884
884
884
884
884
884
884
884
884
884
884
884
884
885
885
885
885
885
885
885
885
885
885
885
885
885
886
886
886
886
886
886
886
886
886
886
886
886
886
887
887
887
887
887
887
887
887
887
887
887
887
887
888
888
888
888
888
888
888
888
888
888
888
888
888
888
889
889
889
889
889
889
889
889
889
889
889
889
889
889
890
890
890
890
890
890
890
890
890
890
890
890
890
890
891
891
891
891
891
891
891
891
891
891
891
891
891
891
891
892
892
892
892
892
892
892
892
892
892
892
892
892
892
892
893
893
893
893
893
893
893
893
893
893
893
893
893
893
893
893
894
894
894
894
894
894
894
894
894
894
894
894
894
894
894
894
895
895
895
895
895
895
895
895
895
895
895
895
895
895
895
895
895
896
896
896
896
896
896
896
896
896
896
896
896
896
896
896
896
896
896
897
897
897
897
897
897
897
897
897
897
897
897
897
897
897
897
897
897
897
898
898
898
898
898
898
898
898
898
898
898
898
898
898
898
898
898
898
898
899
899
899
899
899
899
899
899
899
899
899
899
899
899
899
899
899
899
899
899
900
900
900
900
900
900
900
900
900
900
900
900
900
900
900
900
900
900
900
900
900
900
901
901
901
901
901
901
901
901
901
901
901
901
901
901
901
901
901
901
901
901
901
901
901
901
902
902
902
902
902
902
902
902
902
902
902
902
902
902
902
902
902
902
902
902
902
902
902
902
902
903
903
903
903
903
903
903
903
903
903
903
903
903
903
903
903
903
903
903
903
903
903
903
903
903
903
903
903
904
904
904
904
904
904
904
904
904
904
904
904
904
904
904
904
904
904
904
904
904
904
904
904
904
904
904
904
904
904
904
905
905
905
905
905
905
905
905
905
905
905
905
905
905
905
905
905
905
905
905
905
905
905
905
905
905
905
905
905
905
905
905
905
905
905
905
906
906
906
906
906
906
906
906
906
906
906
906
906
906
906
906
906
906
906
906
906
906
906
906
906
906
906
906
906
906
906
906
906
906
906
906
906
906
906
906
906
906
906
906
906
906
907
907
907
907
907
907
907
907
907
907
907
907
907
907
907
907
907
907
907
907
907
907
907
907
907
907
907
907
907
907
907
907
907
907
907
907
907
907
907
907
907
907
907
907
907
907
907
907
907
907
907
907
907
907
907
907
907
907
907
907
907
907
907
907
907
907
907
907
907
907
907
907
908
908
908
908
908
908
908
908
908
908
908
908
908
908
908
908
908
908
908
908
908
908
908
908
908
908
908
908
908
908
908
908
908
908
908
908
908
908
908
908
908
908
908
908
908
908
908
908
908
908
908
908
908
908
908
908
908
908
908
908
908
908
908
908
908
908
908
908
908
908
908
908
908
908
908
908
908
908
908
908
908
908
908
908
908
908
908
908
908
908
908
908
908
908
908
908
908
908
908
908
908
908
908
908
908
908
908
908
908
908
908
908
908
908
908
908
908
908
908
908
908
908
908
908
908
908
908
908
908
908
908
908
908
908
908
908
908
907
907
907
907
907
907
907
907
907
907
907
907
907
907
907
907
907
907
907
907
907
907
907
907
907
907
907
907
907
907
907
907
907
907
907
907
907
907
907
907
907
907
907
907
907
907
907
907
907
907
907
907
907
907
907
907
907
907
907
907
907
907
907
907
907
907
907
907
907
907
907
907
907
906
906
906
906
906
906
906
906
906
906
906
906
906
906
906
906
906
906
906
906
906
906
906
906
906
906
906
906
906
906
906
906
906
906
906
906
906
906
906
906
906
906
906
906
906
906
905
905
905
905
905
905
905
905
905
905
905
905
905
905
905
905
905
905
905
905
905
905
905
905
905
905
905
905
905
905
905
905
905
905
905
905
905
904
904
904
904
904
904
904
904
904
904
904
904
904
904
904
904
904
904
904
904
904
904
904
904
904
904
904
904
904
904
904
904
903
903
903
903
903
903
903
903
903
903
903
903
903
903
903
903
903
903
903
903
903
903
903
903
903
903
903
903
902
902
902
902
902
902
902
902
902
902
902
902
902
902
902
902
902
902
902
902
902
902
902
902
902
902
901
901
901
901
901
901
901
901
901
901
901
901
901
901
901
901
901
901
901
901
901
901
901
901
900
900
900
900
900
900
900
900
900
900
900
900
900
900
900
900
900
900
900
900
900
900
900
899
899
899
899
899
899
899
899
899
899
899
899
899
899
899
899
899
899
899
899
899
898
898
898
898
898
898
898
898
898
898
898
898
898
898
898
898
898
898
898
898
897
897
897
897
897
897
897
897
897
897
897
897
897
897
897
897
897
897
897
896
896
896
896
896
896
896
896
896
896
896
896
896
896
896
896
896
896
895
895
895
895
895
895
895
895
895
895
895
895
895
895
895
895
895
895
894
894
894
894
894
894
894
894
894
894
894
894
894
894
894
894
893
893
893
893
893
893
893
893
893
893
893
893
893
893
893
893
893
892
892
892
892
892
892
892
892
892
892
892
892
892
892
892
892
891
891
891
891
891
891
891
891
891
891
891
891
891
891
891
890
890
890
890
890
890
890
890
890
890
890
890
890
890
890
889
889
889
889
889
889
889
889
889
889
889
889
889
889
889
888
888
888
888
888
888
888
888
888
888
888
888
888
888
887
887
887
887
887
887
887
887
887
887
887
887
887
887
886
886
886
886
886
886
886
886
886
886
886
886
886
885
885
885
885
885
885
885
885
885
885
885
885
885
885
884
884
884
884
884
884
884
884
884
884
884
884
884
883
883
883
883
883
883
883
883
883
883
883
883
882
882
882
882
882
882
882
882
882
882
882
882
882
881
881
881
881
881
881
881
881
881
881
881
881
880
880
880
880
880
880
880
880
880
880
880
880
879
879
879
879
879
879
879
879
879
879
879
879
878
878
878
878
878
878
878
878
878
878
878
878
877
877
877
877
877
877
877
877
877
877
877
877
876
876
876
876
876
876
876
876
876
876
876
875
875
875
875
875
875
875
875
875
875
875
874
874
874
874
874
874
874
874
874
874
874
873
873
873
873
873
873
873
873
873
873
873
872
872
872
872
872
872
872
872
872
872
872
871
871
871
871
871
871
871
871
871
871
870
870
870
870
870
870
870
870
870
870
870
869
869
869
869
869
869
869
869
869
869
868
868
868
868
868
868
868
868
868
868
867
867
867
867
867
867
867
867
867
867
866
866
866
866
866
866
866
866
866
866
865
865
865
865
865
865
865
865
865
865
864
864
864
864
864
864
864
864
864
864
863
863
863
863
863
863
863
863
863
863
862
862
862
862
862
862
862
862
862
861
861
861
861
861
861
861
861
861
861
860
860
860
860
860
860
860
860
860
859
859
859
859
859
859
859
859
859
858
858
858
858
858
858
858
858
858
858
857
857
857
857
857
857
857
857
857
856
856
856
856
856
856
856
856
856
855
855
855
855
855
855
855
855
855
854
854
854
854
854
854
854
854
854
853
853
853
853
853
853
853
853
852
852
852
852
852
852
852
852
852
851
851
851
851
851
851
851
851
851
850
850
850
850
850
850
850
850
849
849
849
849
849
849
849
849
849
848
848
848
848
848
848
848
848
847
847
847
847
847
847
847
847
847
846
846
846
846
846
846
846
846
845
845
845
845
845
845
845
845
844
844
844
844
844
844
844
844
844
843
843
843
843
843
843
843
843
842
842
842
842
842
842
842
842
841
841
841
841
841
841
841
841
840
840
840
840
840
840
840
840
839
839
839
839
839
839
839
839
838
838
838
838
838
838
838
838
837
837
837
837
837
837
837
836
836
836
836
836
836
836
836
835
835
835
835
835
835
835
835
834
834
834
834
834
834
834
834
833
833
833
833
833
833
833
832
832
832
832
832
832
832
