62
90
119
148
177
206
233
259
283
305
323
338
348
354
355
349
338
321
297
267
231
191
148
102
57
12
-29
-67
-99
-125
-144
-156
-162
-161
-155
-144
-131
-114
-97
-80
-63
-47
-34
-23
-15
-9
-6
-5
-7
-11
-16
-23
-31
-40
-49
-58
-67
-75
-83
-89
-94
-96
-97
-96
-92
-86
-79
-70
-60
-50
-41
-32
-25
-21
-19
-19
-22
-28
-36
-45
-55
-65
-75
-83
-90
-96
-98
-99
-97
-94
-88
-81
-73
-65
-57
-49
-42
-36
-32
-29
-28
-29
-30
-33
-36
-39
-41
-41
-40
-35
-27
-15
0
19
43
70
100
133
167
203
238
272
304
333
358
378
393
400
401
393
376
351
317
275
224
166
102
32
-40
-114
-189
-262
-331
-395
-452
-501
-541
-570
-589
-596
-591
-574
-546
-507
-459
-401
-336
-264
-187
-108
-27
53
131
205
275
337
392
438
474
501
516
521
516
502
479
450
414
375
334
292
252
213
178
146
118
95
74
57
42
29
16
3
-11
-27
-45
-66
-89
-115
-141
-168
-195
-221
-244
-263
-279
-289
-294
-293
-287
-275
-258
-237
-212
-184
-154
-124
-93
-63
-35
-8
14
34
51
64
74
79
82
81
77
72
65
58
51
45
42
41
43
48
57
70
85
102
121
140
159
177
193
207
218
226
232
235
236
234
231
227
222
217
211
205
200
194
188
182
175
166
155
143
128
111
92
71
48
24
0
-26
-51
-76
-100
-122
-143
-162
-179
-194
-207
-219
-229
-238
-247
-256
-265
-276
-287
-299
-311
-324
-334
-342
-345
-343
-332
-312
-282
-242
-192
-133
-66
5
79
153
224
288
344
389
422
442
449
443
424
395
355
308
253
193
129
62
-7
-79
-152
-226
-300
-374
-446
-516
-582
-643
-696
-741
-775
-798
-808
-805
-789
-760
-719
-667
-606
-538
-464
-387
-308
-229
-152
-78
-7
60
124
184
241
295
346
394
439
481
520
555
587
613
635
651
662
665
662
652
634
607
573
531
480
422
357
285
209
130
50
-29
-105
-174
-236
-286
-323
-346
-353
-344
-320
-280
-228
-165
-95
-23
48
116
175
222
254
270
268
247
210
156
88
8
-78
-170
-264
-355
-439
-515
-578
-628
-661
-679
-680
-665
-635
-593
-541
-482
-417
-351
-285
-222
-164
-113
-68
-31
-2
20
37
50
60
68
77
88
101
118
140
165
195
228
264
301
338
373
405
434
457
475
486
490
488
480
467
448
425
399
369
338
305
272
238
203
169
134
100
66
33
0
-31
-62
-92
-120
-145
-167
-185
-198
-207
-210
-208
-199
-185
-166
-142
-114
-83
-51
-19
11
39
63
83
97
106
110
109
105
100
95
92
93
99
113
135
165
203
250
303
360
421
482
541
595
641
678
704
716
715
700
671
630
578
517
449
378
304
230
159
91
28
-28
-79
-124
-162
-195
-223
-247
-268
-287
-306
-324
-345
-367
-392
-420
-452
-485
-520
-556
-591
-625
-656
-683
-706
-723
-736
-744
-748
-747
-744
-738
-730
-720
-709
-696
-680
-663
-643
-619
-591
-559
-522
-481
-435
-384
-329
-271
-210
-146
-82
-17
47
111
173
233
290
344
394
439
479
513
540
560
571
572
564
546
519
483
438
387
331
272
212
153
97
46
1
-35
-63
-82
-92
-94
-87
-72
-51
-24
7
43
83
127
173
222
275
330
387
446
505
564
621
674
721
760
790
807
811
801
776
737
683
617
540
454
361
263
163
61
-38
-136
-230
-319
-403
-479
-547
-607
-659
-701
-734
-758
-773
-781
-781
-774
-761
-743
-720
-693
-662
-627
-590
-549
-506
-461
-416
-370
-326
-284
-247
-215
-191
-176
-171
-176
-192
-218
-253
-297
-346
-398
-452
-504
-552
-592
-623
-643
-650
-643
-621
-583
-531
-464
-384
-291
-188
-77
39
158
276
390
496
592
676
746
802
843
871
888
895
897
894
890
887
886
889
895
905
917
930
942
950
954
950
936
912
876
829
770
700
622
536
445
351
257
164
74
-10
-90
-165
-234
-299
-359
-416
-470
-521
-569
-614
-655
-691
-721
-743
-757
-762
-757
-743
-720
-689
-649
-602
-548
-488
-423
-355
-284
-211
-139
-67
0
64
121
170
208
233
244
239
218
181
126
57
-25
-119
-220
-325
-429
-526
-614
-686
-738
-769
-774
-752
-705
-632
-536
-421
-291
-151
-6
137
275
403
518
615
693
750
786
800
794
769
725
664
587
496
392
278
155
25
-108
-243
-377
-504
-622
-727
-813
-878
-918
-930
-913
-866
-790
-688
-562
-417
-257
-88
85
257
424
580
724
851
960
1049
1119
1169
1200
1214
1211
1195
1168
1131
1088
1039
987
933
877
820
761
700
635
565
490
408
319
224
122
16
-92
-202
-311
-415
-512
-600
-678
-743
-795
-833
-858
-870
-871
-862
-845
-823
-798
-771
-745
-721
-700
-683
-669
-658
-648
-639
-627
-611
-586
-552
-505
-443
-367
-275
-170
-54
69
197
324
445
555
649
723
774
800
801
775
727
658
572
475
372
268
168
78
0
-61
-105
-131
-139
-131
-108
-75
-35
9
54
96
133
161
180
189
187
175
155
127
94
59
23
-11
-43
-70
-92
-108
-117
-121
-118
-110
-97
-79
-57
-31
-1
32
69
110
153
198
245
293
340
386
429
469
503
530
550
560
559
546
519
477
420
347
259
156
41
-84
-217
-353
-488
-620
-743
-854
-952
-1034
-1099
-1147
-1179
-1195
-1199
-1190
-1171
-1144
-1110
-1070
-1025
-975
-920
-860
-793
-719
-637
-546
-445
-335
-216
-88
46
186
329
472
610
741
859
961
1043
1103
1137
1144
1123
1075
1000
901
781
641
487
321
149
-25
-198
-365
-523
-667
-793
-900
-985
-1048
-1087
-1104
-1099
-1075
-1034
-978
-909
-831
-745
-653
-558
-459
-358
-256
-153
-50
51
152
252
348
441
529
611
686
751
806
850
880
895
896
879
847
798
734
657
570
476
381
288
202
129
71
32
13
15
38
78
134
202
277
354
429
497
555
598
625
634
626
602
565
517
463
406
352
304
264
235
216
209
210
218
230
243
253
257
252
237
210
171
120
58
-11
-88
-168
-247
-323
-391
-448
-493
-524
-540
-541
-529
-506
-474
-436
-396
-359
-326
-301
-286
-282
-289
-306
-331
-361
-392
-421
-442
-453
-451
-433
-399
-350
-288
-216
-139
-61
13
80
135
175
199
206
198
177
146
109
73
41
20
14
27
63
122
204
307
429
564
707
851
991
1120
1233
1325
1392
1432
1444
1430
1390
1327
1245
1146
1034
913
785
652
517
381
244
108
-27
-162
-296
-427
-554
-677
-793
-899
-994
-1074
-1138
-1184
-1211
-1219
-1209
-1184
-1148
-1104
-1057
-1013
-975
-947
-931
-928
-939
-961
-990
-1023
-1055
-1081
-1097
-1099
-1083
-1047
-991
-914
-817
-702
-571
-427
-273
-112
53
219
385
547
705
857
1000
1135
1259
1370
1467
1545
1605
1643
1659
1652
1625
1578
1517
1445
1367
1290
1217
1155
1107
1075
1062
1065
1082
1110
1142
1172
1192
1193
1168
1108
1008
863
670
428
140
-190
-557
-952
-1367
-1791
-2213
-2625
-3017
-3381
-3710
-3998
-4242
-4438
-4584
-4678
-4720
-4708
-4643
-4525
-4355
-4132
-3860
-3541
-3178
-2777
-2342
-1880
-1399
-907
-411
78
555
1010
1437
1830
2184
2496
2764
2987
3165
3301
3394
3449
3467
3452
3407
3334
3238
3122
2990
2844
2690
2530
2369
2209
2055
1909
1774
1651
1539
1438
1347
1262
1178
1092
999
894
772
631
470
286
82
-139
-375
-622
-874
-1125
-1370
-1604
-1823
-2023
-2202
-2359
-2492
-2603
-2690
-2755
-2798
-2818
-2814
-2787
-2734
-2653
-2543
-2402
-2230
-2025
-1788
-1522
-1229
-913
-578
-232
120
472
817
1150
1463
1752
2012
2240
2433
2588
2705
2784
2824
2826
2793
2724
2623
2490
2329
2141
1928
1695
1442
1175
897
612
324
40
-235
-498
-740
-958
-1146
-1300
-1417
-1496
-1536
-1540
-1511
-1453
-1372
-1274
-1166
-1055
-947
-846
-755
-677
-612
-559
-515
-479
-447
-416
-384
-348
-307
-263
-214
-161
-107
-52
3
60
116
175
235
300
370
446
529
618
712
808
904
995
1078
1148
1202
1236
1248
1238
1208
1159
1095
1022
944
866
795
733
685
651
633
628
635
649
667
684
695
694
678
643
587
511
414
300
174
39
-96
-227
-348
-454
-540
-604
-645
-664
-662
-643
-610
-568
-522
-475
-431
-394
-366
-350
-346
-355
-376
-408
-451
-502
-558
-618
-679
-739
-794
-844
-887
-920
-944
-956
-957
-948
-928
-900
-866
-827
-788
-752
-722
-702
-693
-698
-718
-754
-803
-865
-935
-1010
-1084
-1154
-1212
-1253
-1273
-1265
-1227
-1156
-1050
-909
-735
-532
-303
-55
203
466
725
972
1198
1399
1568
1702
1800
1860
1886
1879
1844
1786
1709
1619
1521
1417
1310
1203
1096
989
880
768
651
529
399
261
117
-33
-187
-341
-490
-631
-757
-865
-950
-1007
-1036
-1033
-1000
-938
-850
-739
-611
-471
-326
-180
-39
91
208
310
393
459
506
536
551
552
542
521
492
456
414
369
321
271
221
171
123
77
33
-8
-48
-88
-128
-169
-213
-260
-311
-367
-427
-490
-555
-620
-683
-741
-792
-833
-862
-876
-874
-857
-822
-772
-706
-627
-535
-433
-323
-207
-87
33
152
268
376
475
561
634
689
728
748
751
738
709
669
620
565
508
452
402
360
329
309
304
311
333
366
410
462
520
581
641
697
745
784
810
819
811
784
735
666
577
469
344
205
57
-95
-248
-395
-531
-651
-749
-823
-869
-886
-874
-834
-768
-680
-575
-457
-333
-206
-83
31
135
225
299
355
394
416
423
416
398
371
338
301
263
225
191
162
138
119
107
100
96
94
93
90
83
70
50
22
-14
-59
-111
-170
-234
-300
-365
-426
-479
-522
-550
-562
-554
-526
-478
-411
-328
-232
-129
-24
76
167
244
301
337
349
337
302
247
173
86
-10
-113
-217
-319
-416
-506
-586
-657
-718
-769
-811
-845
-870
-889
-901
-905
-903
-894
-878
-854
-823
-784
-738
-686
-628
-565
-497
-424
-348
-269
-186
-99
-10
81
174
268
362
453
541
622
694
757
806
842
863
868
858
833
795
746
689
625
559
494
431
373
323
281
248
224
209
202
201
205
212
220
226
230
229
223
210
189
162
130
92
53
13
-24
-57
-84
-102
-110
-109
-97
-77
-49
-16
17
51
79
101
112
110
93
61
14
-48
-124
-211
-306
-404
-502
-595
-678
-749
-803
-838
-853
-845
-817
-768
-701
-618
-522
-416
-303
-186
-68
47
160
267
368
459
541
612
671
717
750
768
774
766
747
717
679
634
585
532
479
427
377
330
286
247
213
182
155
132
111
92
74
57
40
23
7
-8
-23
-37
-48
-56
-61
-60
-55
-44
-27
-6
17
43
68
89
105
113
110
96
70
33
-14
-70
-132
-196
-258
-317
-368
-411
-442
-462
-471
-468
-456
-436
-410
-381
-349
-318
