147
183
206
216
212
194
164
123
72
14
-49
-116
-185
-254
-320
-381
-436
-481
-515
-536
-542
-530
-501
-452
-386
-302
-202
-90
31
158
285
408
523
625
711
779
826
853
858
843
809
757
690
609
518
418
312
201
88
-23
-133
-238
-335
-423
-500
-564
-614
-649
-668
-673
-664
-643
-613
-575
-532
-488
-443
-401
-362
-328
-298
-272
-249
-227
-205
-181
-153
-121
-84
-41
5
55
107
158
207
251
288
316
334
342
338
324
299
264
221
171
115
54
-7
-71
-134
-195
-251
-302
-347
-383
-409
-426
-430
-424
-404
-373
-329
-273
-206
-129
-42
51
151
255
361
466
567
663
749
822
882
924
947
951
935
901
849
783
706
623
538
455
378
312
257
217
193
183
187
203
228
258
290
320
345
362
368
362
344
314
273
223
166
106
43
-17
-77
-133
-185
-232
-275
-315
-351
-384
-415
-444
-471
-495
-515
-528
-534
-530
-513
-484
-439
-381
-310
-229
-143
-59
18
80
119
128
102
36
-70
-217
-401
-614
-847
-1090
-1330
-1553
-1747
-1898
-1997
-2034
-2005
-1907
-1740
-1510
-1223
-891
-525
-138
253
635
995
1318
1595
1815
1973
2065
2090
2052
1953
1801
1606
1376
1123
856
588
326
79
-145
-344
-513
-652
-761
-840
-891
-918
-924
-910
-880
-837
-780
-714
-637
-553
-461
-362
-259
-153
-45
61
166
267
360
446
522
587
642
686
721
747
766
778
787
791
793
791
786
776
759
735
701
657
600
530
447
353
246
131
7
-122
-256
-392
-527
-660
-788
-910
-1022
-1124
-1212
-1283
-1334
-1364
-1370
-1350
-1303
-1228
-1127
-1002
-855
-691
-516
-334
-154
19
179
320
437
526
585
612
608
573
512
426
320
199
69
-65
-199
-327
-445
-548
-635
-701
-744
-764
-760
-731
-678
-603
-507
-394
-267
-130
10
152
288
413
524
615
684
729
749
745
718
671
608
533
451
366
283
206
140
87
50
31
31
51
89
145
216
299
392
490
590
689
782
865
937
995
1036
1058
1062
1047
1013
960
891
806
710
604
493
379
267
160
61
-25
-98
-157
-200
-227
-240
-239
-228
-207
-179
-147
-114
-81
-52
-27
-8
3
6
2
-9
-29
-55
-87
-123
-162
-202
-240
-276
-306
-329
-344
-349
-344
-329
-305
-273
-234
-191
-146
-103
-63
-28
0
18
28
29
20
2
-23
-55
-93
-136
-181
-229
-277
-324
-370
-413
-452
-486
-514
-536
-548
-552
-545
-528
-499
-460
-410
-351
-284
-212
-137
-62
10
77
136
186
224
250
265
269
262
248
228
205
182
160
142
130
126
129
142
162
190
225
265
308
353
399
442
483
519
548
571
586
593
590
580
561
534
501
462
419
372
322
270
215
158
97
33
-35
-108
-185
-267
-351
-438
-525
-610
-691
-766
-833
-889
-933
-963
-978
-978
-962
-932
-888
-834
-771
-703
-631
-559
-489
-422
-360
-302
-248
-198
-149
-100
-51
-1
50
103
156
207
253
293
323
342
346
335
308
265
206
135
53
-34
-124
-212
-292
-360
-410
-440
-446
-427
-382
-312
-218
-104
24
164
310
454
590
713
816
895
944
962
948
902
825
722
598
459
311
161
17
-114
-230
-325
-397
-445
-470
-475
-465
-443
-416
-390
-372
-365
-374
-401
-446
-508
-585
-672
-763
-852
-933
-1002
-1051
-1077
-1078
-1051
-995
-911
-802
-669
-516
-347
-166
21
212
400
581
752
909
1049
1171
1272
1352
1411
1449
1466
1464
1443
1405
1351
1284
1204
1115
1017
913
805
695
584
474
366
262
164
70
-16
-96
-169
-236
-297
-352
-401
-444
-482
-514
-539
-556
-565
-564
-552
-529
-494
-447
-389
-320
-242
-157
-69
21
110
194
272
341
398
443
475
494
501
496
482
460
432
400
365
328
289
249
208
165
119
70
17
-38
-97
-158
-219
-278
-333
-381
-421
-450
-466
-468
-456
-428
-387
-334
-272
-203
-132
-63
0
54
96
123
133
126
102
64
12
-49
-118
-191
-265
-336
-403
-462
-513
-553
-581
-597
-599
-587
-561
-519
-462
-391
-304
-204
-91
32
164
302
442
581
714
838
948
1039
1108
1152
1168
1153
1107
1030
923
789
630
451
258
55
-150
-354
-548
-728
-888
-1025
-1135
-1216
-1268
-1290
-1284
-1253
-1201
-1130
-1047
-954
-858
-762
-669
-583
-505
-436
-375
-323
-278
-236
-197
-158
-116
-69
-18
38
101
169
239
311
381
448
510
563
607
640
661
670
668
655
633
603
567
528
485
441
396
352
307
263
218
173
127
81
34
-13
-60
-106
-151
-193
-233
-269
-300
-327
-350
-368
-380
-388
-392
-391
-386
-377
-365
-351
-334
-315
-295
-273
-249
-224
-198
-169
-139
-107
-74
-39
-4
29
63
94
122
146
166
181
191
197
199
199
198
197
198
204
215
232
258
291
331
378
430
485
540
593
642
682
712
729
732
720
692
649
593
526
450
370
288
208
134
67
11
-33
-65
-87
-98
-100
-96
-88
-78
-69
-63
-61
-64
-72
-85
-102
-122
-143
-164
-183
-200
-213
-222
-226
-227
-224
-218
-211
-204
-196
-189
-182
-177
-171
-165
-157
-147
-133
-116
-94
-69
-40
-10
21
52
80
103
121
131
133
126
111
88
58
23
-15
-54
-93
-129
-161
-188
-209
-224
-233
-239
-242
-245
-249
-255
-266
-283
-305
-333
-365
-401
-438
-474
-506
-533
-551
-559
-554
-536
-503
-455
-394
-319
-233
-137
-34
72
180
288
391
487
574
650
714
764
800
822
829
824
806
777
739
694
642
586
526
464
401
338
275
212
151
91
32
-24
-80
-134
-185
-234
-281
-325
-365
-401
-433
-461
-485
-503
-516
-524
-527
-524
-516
-501
-481
-454
-422
-384
-340
-291
-239
-182
-124
-64
-4
54
110
163
213
258
299
336
369
399
428
456
483
510
538
567
595
622
647
668
683
692
692
683
663
633
592
541
482
415
342
266
187
107
27
-49
-125
-199
-270
-340
-408
-476
-545
-613
-682
-751
-820
-888
-954
-1016
-1074
-1127
-1174
-1214
-1247
-1272
-1289
-1298
-1297
-1287
-1266
-1235
-1193
-1140
-1075
-999
-912
-816
-710
-598
-479
-357
-233
-107
17
142
264
384
501
616
728
838
944
1046
1144
1235
1319
1392
1453
1499
1528
1537
1526
1491
1433
1351
1247
1122
980
823
657
486
314
148
-9
-154
-283
-393
-483
-553
-603
-633
-645
-641
-622
-592
-551
-502
-448
-390
-331
-272
-214
-159
-109
-63
-23
10
39
62
78
90
96
97
94
88
78
67
54
42
31
22
16
14
17
23
34
48
63
80
96
109
118
120
116
103
80
47
6
-44
-102
-166
-234
-303
-372
-437
-496
-547
-586
-613
-624
-618
-594
-552
-490
-411
-314
-203
-79
52
190
330
467
599
721
831
924
999
1054
1086
1095
1081
1044
985
906
809
696
571
438
299
158
18
-117
-246
-367
-478
-577
-665
-740
-804
-855
-895
-923
-940
-947
-943
-929
-905
-871
-827
-774
-711
-640
-560
-474
-383
-287
-189
-92
3
95
180
258
327
386
434
473
502
522
536
544
547
546
542
534
522
504
481
450
411
363
307
244
174
100
25
-49
-121
-187
-245
-294
-332
-358
-370
-369
-354
-323
-279
-220
-147
-61
34
139
248
360
469
572
664
741
800
837
851
840
804
745
663
562
445
316
180
40
-99
-234
-360
-477
-581
-672
-749
-812
-863
-903
-931
-950
-960
-962
-955
-939
-915
-881
-837
-782
-718
-643
-559
-466
-367
-263
-156
-50
52
150
241
321
390
446
488
517
532
535
527
510
484
452
414
374
331
286
239
191
142
92
40
-12
-66
-118
-169
-215
-254
-284
-302
-306
-294
-265
-220
-158
-81
7
106
211
320
427
530
625
708
778
832
869
886
884
864
825
769
698
615
523
423
319
215
112
15
-75
-156
-226
-283
-325
-352
-363
-359
-339
-305
-258
-199
-131
-55
26
110
194
275
351
419
477
523
556
573
575
562
534
492
438
373
301
222
139
56
-25
-104
-176
-242
-298
-346
-384
-414
-435
-451
-462
-471
-478
-488
-500
-516
-537
-564
-596
-634
-677
-722
-768
-814
-855
-890
-916
-931
-931
-916
-883
-832
-763
-676
-572
-454
-325
-187
-45
98
239
374
500
617
721
814
894
962
1019
1064
1099
1122
1135
1135
1122
1096
1054
996
923
834
730
612
483
346
204
61
-78
-213
-339
-454
-557
-647
-723
-788
-842
-888
-927
-961
-991
-1017
-1038
-1054
-1061
-1058
-1042
-1010
-962
-896
-813
-715
-603
-482
-356
-230
-109
2
98
177
233
267
277
264
231
180
116
43
-31
-103
-168
-220
-257
-275
-275
-256
-219
-167
-103
-29
49
131
213
291
364
430
488
537
577
607
627
637
637
628
610
583
548
507
460
409
355
301
247
197
151
112
80
57
44
41
49
65
90
121
157
196
235
271
304
331
350
361
364
356
340
314
280
238
189
135
77
17
-42
-101
-158
-209
-254
-293
-323
-345
-359
-366
-365
-358
-345
-329
-309
-287
-264
-240
-216
-193
-170
-149
-128
-109
-92
-76
-62
-50
-40
-31
-25
-21
-18
-16
-15
-15
-14
-11
-8
-2
5
16
28
43
59
75
92
108
123
135
146
153
158
160
159
157
152
146
140
134
129
125
124
125
129
136
146
158
173
190
208
228
248
268
288
308
327
345
363
379
394
408
420
430
437
441
442
438
430
415
394
365
329
284
231
171
103
30
-46
-126
-205
-281
-351
-415
-470
-514
-547
-570
-583
-588
-587
-583
-579
-578
-582
-594
-616
-647
-687
-737
-793
-853
-913
-970
-1021
-1062
-1090
-1101
-1095
-1071
-1027
-965
-887
-794
-689
-576
-457
-337
-217
-101
9
112
206
290
365
431
487
535
576
611
640
664
685
703
719
734
748
761
775
788
801
813
824
834
841
846
847
844
836
822
801
774
740
698
648
591
525
452
371
283
188
87
-17
-125
-235
-346
-454
-559
-658
-750
-833
-904
-962
-1006
-1034
-1046
-1041
-1021
-985
-936
-876
-807
-731
-651
-569
-488
-408
-331
-258
-187
-119
-53
12
77
143
211
281
353
426
501
575
647
716
780
837
884
922
947
959
957
940
908
860
795
715
620
510
386
250
104
-47
-204
-361
-515
-660
-794
-912
-1011
-1089
-1144
-1175
-1182
-1166
-1128
-1072
-1000
-915
-820
-718
-613
-506
-401
-299
-202
-109
-21
61
140
216
288
358
425
490
550
606
656
697
728
746
751
740
713
671
613
543
462
374
282
190
102
21
-49
-107
-151
-180
-196
-199
-192
-177
-157
-137
-118
-103
-96
-95
-102
-116
-134
-154
-172
-184
-188
-181
-159
-122
-70
-5
70
154
242
328
409
481
539
581
605
612
602
577
539
491
437
380
324
272
226
187
157
135
120
112
110
110
112
114
114
112
106
96
82
65
44
20
-6
-34
-63
-93
-124
-154
-184
-214
-243
-271
-299
-327
