779
779
779
779
780
780
780
780
780
780
780
781
781
781
781
781
781
782
782
782
782
782
782
782
783
783
783
783
783
783
783
784
784
784
784
784
784
784
785
785
785
785
785
785
785
786
786
786
786
786
786
787
787
787
787
787
787
787
788
788
788
788
788
788
788
789
789
789
789
789
789
789
790
790
790
790
790
790
790
791
791
791
791
791
791
791
792
792
792
792
792
792
792
793
793
793
793
793
793
793
793
794
794
794
794
794
794
794
795
795
795
795
795
795
795
796
796
796
796
796
796
796
797
797
797
797
797
797
797
797
798
798
798
798
798
798
798
799
799
799
799
799
799
799
800
800
800
800
800
800
800
800
801
801
801
801
801
801
801
802
802
802
802
802
802
802
802
803
803
803
803
803
803
803
804
804
804
804
804
804
804
804
805
805
805
805
805
805
805
806
806
806
806
806
806
806
806
807
807
807
807
807
807
807
807
808
808
808
808
808
808
808
808
809
809
809
809
809
809
809
809
810
810
810
810
810
810
810
810
811
811
811
811
811
811
811
811
812
812
812
812
812
812
812
812
813
813
813
813
813
813
813
813
814
814
814
814
814
814
814
814
815
815
815
815
815
815
815
815
816
816
816
816
816
816
816
816
817
817
817
817
817
817
817
817
817
818
818
818
818
818
818
818
818
819
819
819
819
819
819
819
819
819
820
820
820
820
820
820
820
820
821
821
821
821
821
821
821
821
821
822
822
822
822
822
822
822
822
822
823
823
823
823
823
823
823
823
823
824
824
824
824
824
824
824
824
824
825
825
825
825
825
825
825
825
825
826
826
826
826
826
826
826
826
826
827
827
827
827
827
827
827
827
827
828
828
828
828
828
828
828
828
828
829
829
829
829
829
829
829
829
829
829
830
830
830
830
830
830
830
830
830
831
831
831
831
831
831
831
831
831
831
832
832
832
832
832
832
832
832
832
832
833
833
833
833
833
833
833
833
833
833
834
834
834
834
834
834
834
834
834
834
835
835
835
835
835
835
835
835
835
835
836
836
836
836
836
836
836
836
836
836
837
837
837
837
837
837
837
837
837
837
837
838
838
838
838
838
838
838
838
838
838
839
839
839
839
839
839
839
839
839
839
839
840
840
840
840
840
840
840
840
840
840
840
841
841
841
841
841
841
841
841
841
841
841
842
842
842
842
842
842
842
842
842
842
842
842
843
843
843
843
843
843
843
843
843
843
843
844
844
844
844
844
844
844
844
844
844
844
844
845
845
845
845
845
845
845
845
845
845
845
845
846
846
846
846
846
846
846
846
846
846
846
846
847
847
847
847
847
847
847
847
847
847
847
847
847
848
848
848
848
848
848
848
848
848
848
848
848
848
849
849
849
849
849
849
849
849
849
849
849
849
849
850
850
850
850
850
850
850
850
850
850
850
850
850
851
851
851
851
851
851
851
851
851
851
851
851
851
851
852
852
852
852
852
852
852
852
852
852
852
852
852
852
853
853
853
853
853
853
853
853
853
853
853
853
853
853
853
854
854
854
854
854
854
854
854
854
854
854
854
854
854
854
855
855
855
855
855
855
855
855
855
855
855
855
855
855
855
855
856
856
856
856
856
856
856
856
856
856
856
856
856
856
856
856
857
857
857
857
857
857
857
857
857
857
857
857
857
857
857
857
857
858
858
858
858
858
858
858
858
858
858
858
858
858
858
858
858
858
859
859
859
859
859
859
859
859
859
859
859
859
859
859
859
859
859
859
859
860
860
860
860
860
860
860
860
860
860
860
860
860
860
860
860
860
860
860
861
861
861
861
861
861
861
861
861
861
861
861
861
861
861
861
861
861
861
861
861
862
862
862
862
862
862
862
862
862
862
862
862
862
862
862
862
862
862
862
862
862
862
863
863
863
863
863
863
863
863
863
863
863
863
863
863
863
863
863
863
863
863
863
863
863
864
864
864
864
864
864
864
864
864
864
864
864
864
864
864
864
864
864
864
864
864
864
864
864
864
864
865
865
865
865
865
865
865
865
865
865
865
865
865
865
865
865
865
865
865
865
865
865
865
865
865
865
865
865
865
866
866
866
866
866
866
866
866
866
866
866
866
866
866
866
866
866
866
866
866
866
866
866
866
866
866
866
866
866
866
866
866
866
867
867
867
867
867
867
867
867
867
867
867
867
867
867
867
867
867
867
867
867
867
867
867
867
867
867
867
867
867
867
867
867
867
867
867
867
867
867
867
867
867
868
868
868
868
868
868
868
868
868
868
868
868
868
868
868
868
868
868
868
868
868
868
868
868
868
868
868
868
868
868
868
868
868
868
868
868
868
868
868
868
868
868
868
868
868
868
868
868
868
868
868
868
868
868
868
868
868
869
869
869
869
869
869
869
869
869
869
869
869
869
869
869
869
869
869
869
869
869
869
869
869
869
869
869
869
869
869
869
869
869
869
869
869
869
869
869
869
869
869
869
869
869
869
869
869
869
869
869
869
869
869
869
869
869
869
869
869
869
869
869
869
869
869
869
869
869
869
869
869
869
869
869
869
869
869
869
869
869
869
869
869
869
869
869
869
869
869
869
869
869
869
869
869
869
869
869
869
869
869
869
869
869
869
869
869
869
869
869
869
869
869
869
869
869
869
869
869
869
869
869
869
869
869
869
869
869
869
869
869
869
869
869
869
869
869
869
869
869
869
869
869
869
869
869
869
869
869
869
869
869
869
869
869
869
869
869
869
869
869
869
869
869
869
869
869
869
869
869
869
869
869
869
869
869
869
869
869
869
869
869
869
869
869
869
868
868
868
868
868
868
868
868
868
868
868
868
868
868
868
868
868
868
868
868
868
868
868
868
868
868
868
868
868
868
868
868
868
868
868
868
868
868
868
868
868
868
868
868
868
868
868
868
868
868
868
868
868
868
868
868
868
868
867
867
867
867
867
867
867
867
867
867
867
867
867
867
867
867
867
867
867
867
867
867
867
867
867
867
867
867
867
867
867
867
867
867
867
867
867
867
867
867
867
866
866
866
866
866
866
866
866
866
866
866
866
866
866
866
866
866
866
866
866
866
866
866
866
866
866
866
866
866
866
866
866
866
866
865
865
865
865
865
865
865
865
865
865
865
865
865
865
865
865
865
865
865
865
865
865
865
865
865
865
865
865
865
865
864
864
864
864
864
864
864
864
864
864
864
864
864
864
864
864
864
864
864
864
864
864
864
864
864
864
864
863
863
863
863
863
863
863
863
863
863
863
863
863
863
863
863
863
863
863
863
863
863
863
863
862
862
862
862
862
862
862
862
862
862
862
862
862
862
862
862
862
862
862
862
862
862
862
861
861
861
861
861
861
861
861
861
861
861
861
861
861
861
861
861
861
861
861
861
861
860
860
860
860
860
860
860
860
860
860
860
860
860
860
860
860
860
860
860
860
859
859
859
859
859
859
859
859
859
859
859
859
859
859
859
859
859
859
859
858
858
858
858
858
858
858
858
858
858
858
858
858
858
858
858
858
858
858
857
857
857
857
857
857
857
857
857
857
857
857
857
857
857
857
857
856
856
856
856
856
856
856
856
856
856
856
856
856
856
856
856
856
855
855
855
855
855
855
855
855
855
855
855
855
855
855
855
855
855
854
854
854
854
854
854
854
854
854
854
854
854
854
854
854
854
853
853
853
853
853
853
853
853
853
853
853
853
853
853
853
852
852
852
852
852
852
852
852
852
852
852
852
852
852
852
851
851
851
851
851
851
851
851
851
851
851
851
851
851
851
850
850
850
850
850
850
850
850
850
850
850
850
850
850
849
849
849
849
849
849
849
849
849
849
849
849
849
849
848
848
848
848
848
848
848
848
848
848
848
848
848
848
847
847
847
847
847
847
847
847
847
847
847
847
847
846
846
846
846
846
846
846
846
846
846
846
846
846
845
845
845
845
845
845
845
845
845
845
845
845
845
844
844
844
844
844
844
844
844
844
844
844
844
844
843
843
843
843
843
843
843
843
843
843
843
843
842
842
842
842
842
842
842
842
842
842
842
842
841
841
841
841
841
841
841
841
841
841
841
841
840
840
840
840
840
840
840
840
840
840
840
840
839
839
839
839
839
839
839
839
839
839
839
839
838
838
838
838
838
838
838
838
838
838
838
837
837
837
837
837
837
837
837
837
837
837
837
836
836
836
836
836
836
836
836
836
836
836
835
835
835
835
835
835
835
835
835
835
835
834
834
834
834
834
834
834
834
834
834
834
833
833
833
833
833
833
833
833
833
833
832
832
832
832
832
832
832
832
832
832
832
831
831
831
831
831
831
831
831
831
831
830
830
830
830
830
830
830
830
830
830
830
829
829
829
829
829
829
829
829
829
829
828
828
828
828
828
828
828
828
828
828
827
827
827
827
827
827
827
827
827
827
826
826
826
826
826
826
826
826
826
826
825
825
825
825
825
825
825
825
825
825
824
824
824
824
824
824
824
824
824
824
823
823
823
823
823
823
823
823
823
822
822
822
822
822
822
822
822
822
822
821
821
821
821
821
821
821
821
821
820
820
820
