929
929
929
930
930
930
930
930
930
930
930
930
930
930
930
930
930
931
931
931
931
931
931
931
931
931
931
931
931
931
931
931
932
932
932
932
932
932
932
932
932
932
932
932
932
932
932
932
933
933
933
933
933
933
933
933
933
933
933
933
933
933
933
933
934
934
934
934
934
934
934
934
934
934
934
934
934
934
934
934
934
934
935
935
935
935
935
935
935
935
935
935
935
935
935
935
935
935
935
935
935
936
936
936
936
936
936
936
936
936
936
936
936
936
936
936
936
936
936
936
936
937
937
937
937
937
937
937
937
937
937
937
937
937
937
937
937
937
937
937
937
937
937
937
938
938
938
938
938
938
938
938
938
938
938
938
938
938
938
938
938
938
938
938
938
938
938
938
938
938
939
939
939
939
939
939
939
939
939
939
939
939
939
939
939
939
939
939
939
939
939
939
939
939
939
939
939
939
939
939
939
940
940
940
940
940
940
940
940
940
940
940
940
940
940
940
940
940
940
940
940
940
940
940
940
940
940
940
940
940
940
940
940
940
940
940
940
940
940
940
940
941
941
941
941
941
941
941
941
941
941
941
941
941
941
941
941
941
941
941
941
941
941
941
941
941
941
941
941
941
941
941
941
941
941
941
941
941
941
941
941
941
941
941
941
941
941
941
941
941
941
941
941
941
941
941
941
941
941
941
941
941
941
941
941
941
941
941
941
941
941
941
941
941
941
941
941
941
941
941
941
941
941
941
941
941
941
941
941
941
941
941
941
941
941
941
941
941
941
941
941
941
941
941
941
941
941
941
941
941
941
941
941
941
941
941
941
941
941
941
941
941
941
941
941
941
941
941
941
941
941
941
941
941
941
941
941
941
941
941
941
941
941
941
941
941
941
941
941
941
941
941
941
941
941
941
941
941
941
941
941
941
941
941
941
941
941
941
941
941
941
941
941
941
941
941
941
941
941
941
941
941
941
941
941
941
941
941
941
941
941
941
941
941
941
940
940
940
940
940
940
940
940
940
940
940
940
940
940
940
940
940
940
940
940
940
940
940
940
940
940
940
940
940
940
940
940
940
940
940
940
940
940
940
940
940
939
939
939
939
939
939
939
939
939
939
939
939
939
939
939
939
939
939
939
939
939
939
939
939
939
939
939
939
939
939
939
938
938
938
938
938
938
938
938
938
938
938
938
938
938
938
938
938
938
938
938
938
938
938
938
938
938
938
937
937
937
937
937
937
937
937
937
937
937
937
937
937
937
937
937
937
937
937
937
937
937
937
936
936
936
936
936
936
936
936
936
936
936
936
936
936
936
936
936
936
936
936
936
935
935
935
935
935
935
935
935
935
935
935
935
935
935
935
935
935
935
935
934
934
934
934
934
934
934
934
934
934
934
934
934
934
934
934
934
934
934
933
933
933
933
933
933
933
933
933
933
933
933
933
933
933
933
933
932
932
932
932
932
932
932
932
932
932
932
932
932
932
932
932
932
931
931
931
931
931
931
931
931
931
931
931
931
931
931
931
930
930
930
930
930
930
930
930
930
930
930
930
930
930
930
929
929
929
929
929
929
929
929
929
929
929
929
929
929
928
928
928
928
928
928
928
928
928
928
928
928
928
928
927
927
927
927
927
927
927
927
927
927
927
927
927
927
926
926
926
926
926
926
926
926
926
926
926
926
926
925
925
925
925
925
925
925
925
925
925
925
925
924
924
924
924
924
924
924
924
924
924
924
924
924
923
923
923
923
923
923
923
923
923
923
923
923
922
922
922
922
922
922
922
922
922
922
922
921
921
921
921
921
921
921
921
921
921
921
921
920
920
920
920
920
920
920
920
920
920
920
919
919
919
919
919
919
919
919
919
919
919
918
918
918
918
918
918
918
918
918
918
918
917
917
917
917
917
917
917
917
917
917
916
916
916
916
916
916
916
916
916
916
916
915
915
915
915
915
915
915
915
915
915
914
914
914
914
914
914
914
914
914
914
913
913
913
913
913
913
913
913
913
913
912
912
912
912
912
912
912
912
912
911
911
911
911
911
911
911
911
911
911
910
910
910
910
910
910
910
910
910
909
909
909
909
909
909
909
909
909
909
908
908
908
908
908
908
908
908
908
907
907
907
907
907
907
907
907
907
906
906
906
906
906
906
906
906
906
905
905
905
905
905
905
905
905
905
904
904
904
904
904
904
904
904
904
903
903
903
903
903
903
903
903
902
902
902
902
902
902
902
902
902
901
901
901
901
901
901
901
901
900
900
900
900
900
900
900
900
900
899
899
899
899
899
899
899
899
898
898
898
898
898
898
898
898
897
897
897
897
897
897
897
897
897
896
896
896
896
896
896
896
896
895
895
895
895
895
895
895
895
894
894
894
894
894
894
894
894
893
893
893
893
893
893
893
893
892
892
892
892
892
892
892
891
891
891
891
891
891
891
891
890
890
890
890
890
890
890
890
889
889
889
889
889
889
889
889
888
888
888
888
888
888
888
887
887
887
887
887
887
887
887
886
886
886
886
886
886
886
885
885
885
885
885
885
885
885
884
884
884
884
884
884
884
883
883
883
883
883
883
883
882
882
882
882
882
882
882
882
881
881
881
881
881
881
881
880
880
880
880
880
880
880
879
879
879
879
879
879
879
878
878
878
878
878
878
878
877
877
877
877
877
877
877
876
876
876
876
876
876
876
876
875
875
875
875
875
875
875
874
874
874
874
874
874
873
873
873
873
873
873
873
872
872
872
872
872
872
872
871
871
871
871
871
871
871
870
870
870
870
870
870
870
869
869
869
869
869
869
869
868
868
868
868
868
868
868
867
867
867
867
867
867
866
866
866
866
866
866
866
865
865
865
865
865
865
865
864
864
864
864
864
864
863
863
863
863
863
863
863
862
862
862
862
862
862
861
861
861
861
861
861
861
860
860
860
860
860
860
860
859
859
859
859
859
859
858
858
858
858
858
858
858
857
857
857
857
857
857
856
856
856
856
856
856
855
855
855
855
855
855
855
854
854
854
854
854
854
853
853
853
853
853
853
853
852
852
852
852
852
852
851
851
851
851
851
851
850
850
850
850
850
850
850
849
849
849
849
849
849
848
848
848
848
848
848
847
847
847
847
847
847
846
846
846
846
846
846
846
845
845
845
845
845
845
844
844
844
844
844
844
843
843
843
843
843
843
842
842
842
842
842
842
841
841
841
841
841
841
840
840
840
840
840
840
839
839
839
839
839
839
839
838
838
838
838
838
838
837
837
837
837
837
837
836
836
836
836
836
836
835
835
835
835
835
835
834
834
834
834
834
834
833
833
833
833
833
833
832
832
832
832
832
832
831
831
831
831
831
831
830
830
830
830
830
830
829
829
829
829
829
829
828
828
828
828
828
828
827
827
827
827
827
827
826
826
826
826
826
825
825
825
825
825
825
824
824
824
824
824
824
823
823
823
823
823
823
822
822
822
822
822
822
821
821
821
821
821
821
820
820
820
820
820
820
819
819
819
819
819
819
818
818
818
818
818
817
817
817
817
817
817
816
816
816
816
816
816
815
815
815
815
815
815
814
814
814
814
814
814
813
813
813
813
813
812
812
812
812
812
812
811
811
811
811
811
811
810
810
810
810
810
810
809
809
809
809
809
808
808
808
808
808
808
807
807
807
807
807
807
806
806
806
806
806
805
805
805
805
805
805
804
804
804
804
804
804
803
803
803
803
803
803
802
802
802
802
802
801
801
801
801
801
801
800
800
800
800
800
800
799
799
799
799
799
798
798
798
798
798
798
797
797
797
797
797
797
796
796
796
796
796
795
795
795
795
795
795
794
794
794
794
794
793
793
793
793
793
793
792
792
792
792
792
792
791
791
791
791
791
790
790
790
790
790
790
789
789
789
789
789
789
788
788
788
788
788
787
787
787
787
787
787
786
786
786
786
786
785
785
785
785
785
785
784
784
784
784
784
784
783
783
783
783
783
782
782
782
782
782
782
781
781
781
781
781
780
780
780
780
780
780
779
779
779
779
779
778
778
778
778
778
778
777
777
777
777
777
777
776
776
776
776
776
775
775
775
775
775
775
774
774
774
774
774
773
773
773
773
773
773
772
772
772
772
772
771
771
771
771
771
771
770
770
770
770
770
769
769
769
769
769
769
768
768
768
768
768
767
767
767
767
767
767
766
766
766
766
766
765
765
765
765
765
765
764
764
764
764
764
764
763
763
763
763
763
762
762
762
762
762
762
761
761
761
761
761
760
760
760
760
760
760
759
759
759
759
759
758
758
758
758
758
758
757
757
757
757
757
756
756
756
756
756
756
755
755
755
755
755
754
754
754
754
754
754
753
753
753
753
753
752
752
752
752
752
752
751
751
751
751
751
750
750
750
750
750
750
749
749
749
749
749
748
748
748
748
748
748
747
747
747
747
747
746
746
746
746
746
746
745
745
745
745
745
744
744
744
744
744
744
743
743
743
743
743
742
742
742
742
742
742
741
741
741
741
741
740
740
740
740
740
740
739
739
739
739
739
738
738
738
738
738
738
737
737
737
737
737
737
736
736
